FireSTARR/test/constant/C2_S060_A090_WD180_WS020/arrival.asc
ncols         39
nrows         61
xllcorner     424703.990666
yllcorner     12744055.311160
cellsize      100.000000
NODATA_value  0.000000
[rows 0 to 38 of 61, columns 0 to 38 of 39]
0.000000 0.000000 0.000000 0.000000 0.000000 0.000000 0.000000 0.000000 0.000000 0.000000 0.000000 0.000000 0.000000 0.000000 0.000000 0.000000 0.000000 0.000000 123.415041 123.406143 123.410592 0.000000 0.000000 0.000000 0.000000 0.000000 0.000000 0.000000 0.000000 0.000000 0.000000 0.000000 0.000000 0.000000 0.000000 0.000000 0.000000 0.000000 0.000000
0.000000 0.000000 0.000000 0.000000 0.000000 0.000000 0.000000 0.000000 0.000000 0.000000 0.000000 0.000000 0.000000 0.000000 0.000000 0.000000 0.000000 123.401694 123.383898 123.373374 123.379449 123.397245 123.416667 0.000000 0.000000 0.000000 0.000000 0.000000 0.000000 0.000000 0.000000 0.000000 0.000000 0.000000 0.000000 0.000000 0.000000 0.000000 0.000000
0.000000 0.000000 0.000000 0.000000 0.000000 0.000000 0.000000 0.000000 0.000000 0.000000 0.000000 0.000000 0.000000 0.000000 0.000000 123.406143 123.388347 123.368925 123.351129 123.342231 123.346680 123.368925 123.383898 123.406143 0.000000 0.000000 0.000000 0.000000 0.000000 0.000000 0.000000 0.000000 0.000000 0.000000 0.000000 0.000000 0.000000 0.000000 0.000000
0.000000 0.000000 0.000000 0.000000 0.000000 0.000000 0.000000 0.000000 0.000000 0.000000 0.000000 0.000000 0.000000 123.415041 123.392796 123.373374 123.355578 123.337782 123.318361 123.309463 123.313912 123.333333 123.351129 123.373374 123.392796 123.410592 0.000000 0.000000 0.000000 0.000000 0.000000 0.000000 0.000000 0.000000 0.000000 0.000000 0.000000 0.000000 0.000000
0.000000 0.000000 0.000000 0.000000 0.000000 0.000000 0.000000 0.000000 0.000000 0.000000 0.000000 123.416667 123.397245 123.379449 123.360027 123.342231 123.322809 123.305014 123.285592 123.276694 123.281143 123.300565 123.322809 123.337782 123.360027 123.379449 123.397245 123.415041 0.000000 0.000000 0.000000 0.000000 0.000000 0.000000 0.000000 0.000000 0.000000 0.000000 0.000000
0.000000 0.000000 0.000000 0.000000 0.000000 0.000000 0.000000 0.000000 0.000000 0.000000 123.406143 123.383898 123.364476 123.346680 123.327258 123.309463 123.290041 123.272245 123.254449 123.243925 123.250000 123.267796 123.290041 123.309463 123.327258 123.346680 123.364476 123.383898 123.401694 0.000000 0.000000 0.000000 0.000000 0.000000 0.000000 0.000000 0.000000 0.000000 0.000000
0.000000 0.000000 0.000000 0.000000 0.000000 0.000000 0.000000 0.000000 123.410592 123.392796 123.373374 123.351129 123.333333 123.313912 123.296116 123.276694 123.258898 123.239476 123.221680 123.212782 123.217231 123.239476 123.254449 123.276694 123.296116 123.313912 123.331707 123.351129 123.368925 123.388347 123.406143 0.000000 0.000000 0.000000 0.000000 0.000000 0.000000 0.000000 0.000000
0.000000 0.000000 0.000000 0.000000 0.000000 0.000000 0.000000 123.415041 123.388347 123.360027 123.337782 123.322809 123.300565 123.285592 123.263347 123.243925 123.226129 123.206707 123.188912 123.180014 123.184463 123.206707 123.221680 123.243925 123.263347 123.281143 123.300565 123.318361 123.337782 123.355578 123.383898 123.410592 0.000000 0.000000 0.000000 0.000000 0.000000 0.000000 0.000000
0.000000 0.000000 0.000000 0.000000 0.000000 0.000000 0.000000 123.397245 123.368925 123.342231 123.313912 123.290041 123.267796 123.250000 123.230578 123.212782 123.193361 123.175565 123.156143 123.147245 123.151694 123.171116 123.193361 123.208333 123.230578 123.248374 123.267796 123.285592 123.313912 123.342231 123.368925 123.397245 0.000000 0.000000 0.000000 0.000000 0.000000 0.000000 0.000000
0.000000 0.000000 0.000000 0.000000 0.000000 0.000000 123.410592 123.379449 123.355578 123.327258 123.296116 123.272245 123.243925 123.217231 123.202258 123.180014 123.160592 123.142796 123.123374 123.114476 123.123374 123.138347 123.160592 123.180014 123.197809 123.217231 123.239476 123.267796 123.296116 123.322809 123.351129 123.379449 123.406143 0.000000 0.000000 0.000000 0.000000 0.000000 0.000000
0.000000 0.000000 0.000000 0.000000 0.000000 0.000000 123.392796 123.364476 123.337782 123.309463 123.281143 123.254449 123.226129 123.197809 123.171116 123.147245 123.129449 123.110027 123.092231 123.081707 123.087782 123.110027 123.125000 123.147245 123.166667 123.193361 123.221680 123.248374 123.276694 123.305014 123.331707 123.360027 123.388347 123.415041 0.000000 0.000000 0.000000 0.000000 0.000000
0.000000 0.000000 0.000000 0.000000 0.000000 123.401694 123.373374 123.346680 123.318361 123.290041 123.263347 123.235027 123.206707 123.180014 123.151694 123.125000 123.096680 123.077258 123.059463 123.050565 123.055014 123.077258 123.096680 123.123374 123.151694 123.180014 123.206707 123.235027 123.263347 123.290041 123.318361 123.342231 123.373374 123.401694 0.000000 0.000000 0.000000 0.000000 0.000000
0.000000 0.000000 0.000000 0.000000 123.415041 123.383898 123.355578 123.331707 123.300565 123.276694 123.248374 123.217231 123.193361 123.165041 123.138347 123.110027 123.081707 123.055014 123.026694 123.017796 123.026694 123.050565 123.077258 123.105578 123.133898 123.160592 123.188912 123.217231 123.243925 123.272245 123.300565 123.327258 123.355578 123.383898 123.410592 0.000000 0.000000 0.000000 0.000000
0.000000 0.000000 0.000000 0.000000 123.401694 123.373374 123.346680 123.318361 123.290041 123.263347 123.235027 123.206707 123.180014 123.151694 123.123374 123.096680 123.068361 123.040041 123.013347 123.000000 123.013347 123.040041 123.063912 123.092231 123.118925 123.147245 123.175565 123.202258 123.230578 123.258898 123.285592 123.313912 123.342231 123.368925 123.397245 0.000000 0.000000 0.000000 0.000000
0.000000 0.000000 0.000000 123.416667 123.392796 123.364476 123.333333 123.309463 123.281143 123.254449 123.226129 123.197809 123.171116 123.142796 123.114476 123.087782 123.059463 123.035592 123.013347 123.008898 123.013347 123.035592 123.055014 123.081707 123.110027 123.138347 123.165041 123.193361 123.221680 123.248374 123.276694 123.305014 123.331707 123.360027 123.388347 123.415041 0.000000 0.000000 0.000000
0.000000 0.000000 0.000000 123.410592 123.379449 123.355578 123.327258 123.300565 123.272245 123.243925 123.217231 123.188912 123.160592 123.133898 123.105578 123.081707 123.059463 123.040041 123.017796 123.017796 123.017796 123.035592 123.055014 123.077258 123.101129 123.129449 123.156143 123.184463 123.212782 123.239476 123.267796 123.296116 123.322809 123.351129 123.379449 123.406143 0.000000 0.000000 0.000000
0.000000 0.000000 0.000000 123.401694 123.373374 123.342231 123.318361 123.290041 123.263347 123.235027 123.206707 123.180014 123.151694 123.125000 123.105578 123.083333 123.063912 123.041667 123.026694 123.026694 123.026694 123.040041 123.059463 123.081707 123.101129 123.123374 123.147245 123.175565 123.202258 123.230578 123.258898 123.285592 123.313912 123.342231 123.368925 123.397245 0.000000 0.000000 0.000000
0.000000 0.000000 123.416667 123.388347 123.364476 123.333333 123.309463 123.281143 123.250000 123.226129 123.197809 123.171116 123.147245 123.129449 123.110027 123.087782 123.068361 123.046116 123.035592 123.035592 123.035592 123.041667 123.063912 123.083333 123.105578 123.123374 123.147245 123.166667 123.193361 123.221680 123.248374 123.276694 123.305014 123.331707 123.360027 123.388347 123.415041 0.000000 0.000000
0.000000 0.000000 123.410592 123.379449 123.355578 123.327258 123.296116 123.272245 123.243925 123.217231 123.193361 123.171116 123.151694 123.129449 123.110027 123.092231 123.068361 123.050565 123.046116 123.041667 123.046116 123.050565 123.068361 123.087782 123.110027 123.129449 123.151694 123.166667 123.188912 123.212782 123.239476 123.267796 123.296116 123.322809 123.351129 123.379449 123.406143 0.000000 0.000000
0.000000 0.000000 123.401694 123.373374 123.346680 123.318361 123.290041 123.263347 123.239476 123.217231 123.197809 123.175565 123.151694 123.133898 123.114476 123.092231 123.072809 123.059463 123.055014 123.050565 123.055014 123.059463 123.072809 123.092231 123.110027 123.129449 123.151694 123.175565 123.193361 123.212782 123.235027 123.258898 123.285592 123.313912 123.342231 123.368925 123.397245 0.000000 0.000000
0.000000 123.416667 123.388347 123.364476 123.333333 123.305014 123.281143 123.258898 123.239476 123.217231 123.197809 123.175565 123.156143 123.138347 123.114476 123.096680 123.077258 123.068361 123.063912 123.059463 123.063912 123.068361 123.072809 123.096680 123.114476 123.133898 123.156143 123.175565 123.197809 123.217231 123.239476 123.258898 123.281143 123.305014 123.331707 123.360027 123.388347 123.415041 0.000000
0.000000 123.410592 123.379449 123.355578 123.327258 123.305014 123.281143 123.263347 123.243925 123.221680 123.197809 123.180014 123.160592 123.138347 123.118925 123.101129 123.081707 123.077258 123.072809 123.068361 123.072809 123.077258 123.081707 123.101129 123.118925 123.138347 123.156143 123.180014 123.197809 123.221680 123.239476 123.258898 123.281143 123.300565 123.322809 123.351129 123.379449 123.406143 0.000000
0.000000 123.397245 123.373374 123.351129 123.327258 123.309463 123.285592 123.263347 123.243925 123.221680 123.202258 123.184463 123.160592 123.142796 123.123374 123.105578 123.092231 123.087782 123.081707 123.077258 123.081707 123.087782 123.092231 123.101129 123.123374 123.142796 123.160592 123.180014 123.202258 123.221680 123.243925 123.263347 123.285592 123.305014 123.322809 123.346680 123.368925 123.397245 0.000000
123.416667 123.392796 123.373374 123.351129 123.331707 123.309463 123.290041 123.267796 123.243925 123.226129 123.206707 123.184463 123.165041 123.147245 123.129449 123.105578 123.101129 123.096680 123.087782 123.087782 123.087782 123.096680 123.101129 123.105578 123.125000 123.147245 123.165041 123.184463 123.206707 123.226129 123.243925 123.267796 123.285592 123.309463 123.327258 123.351129 123.368925 123.392796 123.415041
123.415041 123.397245 123.373374 123.355578 123.331707 123.309463 123.290041 123.267796 123.248374 123.230578 123.206707 123.188912 123.171116 123.151694 123.133898 123.114476 123.110027 123.105578 123.096680 123.096680 123.096680 123.105578 123.110027 123.114476 123.129449 123.151694 123.171116 123.188912 123.206707 123.226129 123.248374 123.267796 123.290041 123.309463 123.331707 123.351129 123.373374 123.392796 123.415041
0.000000 123.397245 123.375000 123.355578 123.331707 123.309463 123.290041 123.272245 123.254449 123.230578 123.212782 123.193361 123.175565 123.156143 123.133898 123.123374 123.118925 123.114476 123.105578 123.105578 123.105578 123.114476 123.118925 123.123374 123.133898 123.151694 123.175565 123.193361 123.212782 123.230578 123.250000 123.272245 123.290041 123.309463 123.331707 123.351129 123.373374 123.397245 123.415041
0.000000 123.401694 123.379449 123.355578 123.333333 123.313912 123.296116 123.276694 123.254449 123.235027 123.217231 123.197809 123.180014 123.160592 123.138347 123.133898 123.129449 123.123374 123.114476 123.114476 123.114476 123.123374 123.125000 123.133898 123.138347 123.156143 123.175565 123.197809 123.217231 123.235027 123.254449 123.272245 123.296116 123.313912 123.333333 123.355578 123.373374 123.397245 123.416667
0.000000 123.401694 123.379449 123.360027 123.337782 123.318361 123.300565 123.276694 123.258898 123.239476 123.221680 123.202258 123.184463 123.160592 123.147245 123.142796 123.138347 123.129449 123.123374 123.123374 123.123374 123.129449 123.133898 123.142796 123.147245 123.160592 123.180014 123.197809 123.221680 123.239476 123.258898 123.276694 123.296116 123.318361 123.337782 123.360027 123.379449 123.397245 0.000000
0.000000 123.401694 123.383898 123.360027 123.342231 123.322809 123.300565 123.281143 123.263347 123.243925 123.226129 123.206707 123.184463 123.165041 123.156143 123.151694 123.147245 123.138347 123.133898 123.133898 123.133898 123.138347 123.142796 123.151694 123.156143 123.165041 123.184463 123.202258 123.221680 123.243925 123.263347 123.281143 123.300565 123.322809 123.342231 123.360027 123.379449 123.401694 0.000000
0.000000 123.406143 123.383898 123.364476 123.346680 123.322809 123.305014 123.285592 123.267796 123.248374 123.230578 123.206707 123.188912 123.171116 123.165041 123.160592 123.156143 123.147245 123.142796 123.142796 123.142796 123.147245 123.151694 123.160592 123.165041 123.171116 123.188912 123.206707 123.226129 123.243925 123.267796 123.285592 123.305014 123.327258 123.342231 123.364476 123.383898 123.406143 0.000000
0.000000 123.406143 123.388347 123.368925 123.346680 123.327258 123.309463 123.290041 123.272245 123.254449 123.230578 123.212782 123.193361 123.180014 123.175565 123.166667 123.165041 123.156143 123.151694 123.151694 123.151694 123.156143 123.160592 123.166667 123.171116 123.180014 123.188912 123.212782 123.230578 123.248374 123.267796 123.290041 123.309463 123.327258 123.346680 123.368925 123.388347 123.406143 0.000000
0.000000 123.410592 123.392796 123.368925 123.351129 123.331707 123.313912 123.296116 123.276694 123.254449 123.235027 123.217231 123.197809 123.188912 123.184463 123.175565 123.171116 123.165041 123.160592 123.160592 123.160592 123.165041 123.171116 123.175565 123.180014 123.188912 123.193361 123.217231 123.235027 123.254449 123.272245 123.291667 123.309463 123.331707 123.351129 123.368925 123.392796 123.410592 0.000000
0.000000 123.415041 123.392796 123.373374 123.355578 123.337782 123.322809 123.300565 123.276694 123.258898 123.239476 123.221680 123.202258 123.197809 123.193361 123.184463 123.180014 123.175565 123.171116 123.166667 123.166667 123.175565 123.180014 123.184463 123.188912 123.197809 123.202258 123.217231 123.239476 123.258898 123.276694 123.296116 123.313912 123.337782 123.355578 123.373374 123.392796 123.415041 0.000000
0.000000 123.415041 123.397245 123.379449 123.360027 123.342231 123.322809 123.300565 123.281143 123.263347 123.243925 123.221680 123.212782 123.206707 123.202258 123.193361 123.188912 123.184463 123.180014 123.175565 123.175565 123.184463 123.188912 123.193361 123.197809 123.206707 123.212782 123.221680 123.239476 123.263347 123.281143 123.300565 123.318361 123.337782 123.360027 123.379449 123.397245 123.415041 0.000000
0.000000 0.000000 123.401694 123.383898 123.364476 123.346680 123.327258 123.305014 123.285592 123.267796 123.248374 123.226129 123.221680 123.212782 123.208333 123.202258 123.197809 123.193361 123.188912 123.184463 123.184463 123.193361 123.197809 123.202258 123.206707 123.212782 123.221680 123.226129 123.243925 123.263347 123.285592 123.305014 123.322809 123.342231 123.360027 123.383898 123.401694 123.416667 0.000000
0.000000 0.000000 123.406143 123.388347 123.368925 123.346680 123.327258 123.309463 123.290041 123.272245 123.250000 123.235027 123.230578 123.221680 123.217231 123.212782 123.206707 123.202258 123.197809 123.193361 123.193361 123.202258 123.206707 123.212782 123.217231 123.221680 123.230578 123.235027 123.248374 123.267796 123.285592 123.309463 123.327258 123.346680 123.364476 123.383898 123.406143 0.000000 0.000000
0.000000 0.000000 123.410592 123.392796 123.373374 123.351129 123.331707 123.313912 123.296116 123.272245 123.254449 123.243925 123.239476 123.230578 123.226129 123.221680 123.217231 123.212782 123.206707 123.202258 123.202258 123.212782 123.217231 123.221680 123.226129 123.230578 123.239476 123.243925 123.250000 123.267796 123.290041 123.309463 123.331707 123.351129 123.368925 123.388347 123.406143 0.000000 0.000000
0.000000 0.000000 123.415041 123.397245 123.373374 123.355578 123.337782 123.318361 123.300565 123.276694 123.258898 123.254449 123.248374 123.239476 123.235027 123.230578 123.226129 123.221680 123.212782 123.212782 123.212782 123.221680 123.226129 123.230578 123.235027 123.239476 123.248374 123.250000 123.258898 123.276694 123.296116 123.313912 123.331707 123.355578 123.373374 123.392796 123.410592 0.000000 0.000000
0.000000 0.000000 123.416667 123.397245 123.379449 123.360027 123.342231 123.322809 123.300565 123.281143 123.267796 123.263347 123.254449 123.248374 123.243925 123.239476 123.235027 123.230578 123.221680 123.221680 123.221680 123.230578 123.235027 123.239476 123.243925 123.248374 123.254449 123.258898 123.267796 123.281143 123.300565 123.318361 123.337782 123.355578 123.379449 123.397245 123.415041 0.000000 0.000000
