FireSTARR/test/constant/O1a_S060_A270_WD135_WS020/arrival.asc
ncols         96
nrows         742
xllcorner     418303.990666
yllcorner     12748755.311160
cellsize      100.000000
NODATA_value  0.000000
[rows 324 to 350 of 742, columns 0 to 59 of 96]
0.000000 0.000000 0.000000 0.000000 0.000000 0.000000 0.000000 0.000000 0.000000 0.000000 0.000000 0.000000 0.000000 0.000000 0.000000 0.000000 0.000000 0.000000 0.000000 0.000000 0.000000 0.000000 0.000000 0.000000 0.000000 123.396483 123.377232 123.355932 123.337797 123.320961 123.303105 123.288780 123.277899 123.267019 123.256417 123.245161 123.234559 123.234559 123.245161 123.255301 123.266461 123.276783 123.287664 123.298921 123.308964 123.319287 123.330168 123.340587 123.350910 123.361791 123.372672 123.382533 123.394530 123.403457 123.414617 0.000000 0.000000 0.000000 0.000000 0.000000
0.000000 0.000000 0.000000 0.000000 0.000000 0.000000 0.000000 0.000000 0.000000 0.000000 0.000000 0.000000 0.000000 0.000000 0.000000 0.000000 0.000000 0.000000 0.000000 0.000000 0.000000 0.000000 0.000000 0.000000 0.000000 123.398715 123.378348 123.358443 123.340029 123.321798 123.304500 123.290175 123.278736 123.267856 123.256696 123.245998 123.235117 123.234001 123.243766 123.253906 123.264229 123.275109 123.285711 123.296968 123.307290 123.317613 123.327936 123.339192 123.349515 123.359559 123.370998 123.380859 123.392577 123.402062 123.413222 0.000000 0.000000 0.000000 0.000000 0.000000
0.000000 0.000000 0.000000 0.000000 0.000000 0.000000 0.000000 0.000000 0.000000 0.000000 0.000000 0.000000 0.000000 0.000000 0.000000 0.000000 0.000000 0.000000 0.000000 0.000000 0.000000 0.000000 0.000000 0.000000 0.000000 123.400109 123.380022 123.360117 123.340308 123.323193 123.306732 123.293062 123.279294 123.268135 123.257533 123.246556 123.235675 123.233443 123.242092 123.252511 123.262555 123.273436 123.284316 123.295015 123.305058 123.315939 123.326262 123.337518 123.347562 123.357885 123.368766 123.379464 123.390903 123.400109 123.410990 0.000000 0.000000 0.000000 0.000000 0.000000
0.000000 0.000000 0.000000 0.000000 0.000000 0.000000 0.000000 0.000000 0.000000 0.000000 0.000000 0.000000 0.000000 0.000000 0.000000 0.000000 0.000000 0.000000 0.000000 0.000000 0.000000 0.000000 0.000000 0.000000 0.000000 123.402341 123.380580 123.362628 123.342261 123.325146 123.308685 123.294178 123.280131 123.268972 123.258091 123.247114 123.236512 123.232885 123.239860 123.250000 123.261160 123.271204 123.282084 123.293341 123.303663 123.314544 123.324867 123.335565 123.345609 123.356490 123.367371 123.377232 123.389508 123.398157 123.409595 0.000000 0.000000 0.000000 0.000000 0.000000
0.000000 0.000000 0.000000 0.000000 0.000000 0.000000 0.000000 0.000000 0.000000 0.000000 0.000000 0.000000 0.000000 0.000000 0.000000 0.000000 0.000000 0.000000 0.000000 0.000000 0.000000 0.000000 0.000000 0.000000 0.000000 123.404015 123.383649 123.365139 123.343656 123.326262 123.310080 123.295015 123.280689 123.269809 123.258928 123.247672 123.237070 123.232327 123.238186 123.248787 123.259486 123.269809 123.280689 123.291570 123.302268 123.312033 123.322914 123.333612 123.343935 123.354537 123.365697 123.375558 123.387276 123.396762 123.407363 0.000000 0.000000 0.000000 0.000000 0.000000
0.000000 0.000000 0.000000 0.000000 0.000000 0.000000 0.000000 0.000000 0.000000 0.000000 0.000000 0.000000 0.000000 0.000000 0.000000 0.000000 0.000000 0.000000 0.000000 0.000000 0.000000 0.000000 0.000000 0.000000 0.000000 123.406526 123.385044 123.365697 123.344772 123.327936 123.311754 123.295852 123.281247 123.270367 123.259486 123.248230 123.237349 123.231769 123.236791 123.246835 123.257254 123.268414 123.278457 123.289896 123.300315 123.310638 123.320961 123.332400 123.342540 123.352584 123.363744 123.374066 123.385602 123.395088 123.405689 123.416012 0.000000 0.000000 0.000000 0.000000
0.000000 0.000000 0.000000 0.000000 0.000000 0.000000 0.000000 0.000000 0.000000 0.000000 0.000000 0.000000 0.000000 0.000000 0.000000 0.000000 0.000000 0.000000 0.000000 0.000000 0.000000 0.000000 0.000000 0.000000 0.000000 123.408479 123.387276 123.366255 123.347004 123.330168 123.313149 123.296410 123.281805 123.270925 123.259765 123.249345 123.238465 123.231211 123.234838 123.244882 123.255580 123.266461 123.276783 123.287664 123.298363 123.308964 123.319287 123.330168 123.340308 123.351189 123.361791 123.372393 123.383928 123.393135 123.404294 123.414338 0.000000 0.000000 0.000000 0.000000
0.000000 0.000000 0.000000 0.000000 0.000000 0.000000 0.000000 0.000000 0.000000 0.000000 0.000000 0.000000 0.000000 0.000000 0.000000 0.000000 0.000000 0.000000 0.000000 0.000000 0.000000 0.000000 0.000000 0.000000 0.000000 123.410990 123.389508 123.369603 123.348399 123.330168 123.315102 123.296968 123.282363 123.271483 123.260602 123.249903 123.239023 123.230653 123.232885 123.243487 123.254185 123.264508 123.275109 123.285990 123.296689 123.307290 123.317892 123.328494 123.338634 123.349515 123.360396 123.370161 123.382533 123.391740 123.402341 123.412106 0.000000 0.000000 0.000000 0.000000
0.000000 0.000000 0.000000 0.000000 0.000000 0.000000 0.000000 0.000000 0.000000 0.000000 0.000000 0.000000 0.000000 0.000000 0.000000 0.000000 0.000000 0.000000 0.000000 0.000000 0.000000 0.000000 0.000000 0.000000 0.000000 123.411827 123.390345 123.371277 123.350631 123.331005 123.315381 123.297805 123.283200 123.272320 123.261718 123.250558 123.239581 123.230095 123.231211 123.242092 123.252232 123.262834 123.273436 123.284595 123.295294 123.305058 123.315939 123.327099 123.336960 123.347283 123.358443 123.368766 123.380301 123.391182 123.400388 123.410711 0.000000 0.000000 0.000000 0.000000
0.000000 0.000000 0.000000 0.000000 0.000000 0.000000 0.000000 0.000000 0.000000 0.000000 0.000000 0.000000 0.000000 0.000000 0.000000 0.000000 0.000000 0.000000 0.000000 0.000000 0.000000 0.000000 0.000000 0.000000 0.000000 123.413780 123.392577 123.372672 123.352305 123.332958 123.315939 123.299200 123.284595 123.272878 123.261718 123.251116 123.240139 123.229537 123.229537 123.239581 123.250279 123.261439 123.271204 123.282921 123.293062 123.303663 123.313986 123.325146 123.335565 123.345609 123.356769 123.367092 123.378627 123.389508 123.398715 123.409037 0.000000 0.000000 0.000000 0.000000
0.000000 0.000000 0.000000 0.000000 0.000000 0.000000 0.000000 0.000000 0.000000 0.000000 0.000000 0.000000 0.000000 0.000000 0.000000 0.000000 0.000000 0.000000 0.000000 0.000000 0.000000 0.000000 0.000000 0.000000 0.000000 123.414059 123.394530 123.374345 123.353700 123.334728 123.317055 123.301152 123.286269 123.274272 123.262834 123.251953 123.240697 123.230095 123.228979 123.237907 123.249066 123.259207 123.269809 123.280689 123.291667 123.302268 123.312591 123.323193 123.333333 123.344214 123.354537 123.365418 123.377232 123.387276 123.396762 123.407084 0.000000 0.000000 0.000000 0.000000
0.000000 0.000000 0.000000 0.000000 0.000000 0.000000 0.000000 0.000000 0.000000 0.000000 0.000000 0.000000 0.000000 0.000000 0.000000 0.000000 0.000000 0.000000 0.000000 0.000000 0.000000 0.000000 0.000000 0.000000 0.000000 123.415175 123.396483 123.374903 123.356211 123.336681 123.319008 123.301989 123.287943 123.274272 123.263113 123.252790 123.241534 123.230653 123.228421 123.236512 123.246835 123.257533 123.268414 123.279294 123.289896 123.300036 123.310917 123.321798 123.332121 123.342540 123.353142 123.363186 123.375000 123.385881 123.395088 123.405131 123.416012 0.000000 0.000000 0.000000
0.000000 0.000000 0.000000 0.000000 0.000000 0.000000 0.000000 0.000000 0.000000 0.000000 0.000000 0.000000 0.000000 0.000000 0.000000 0.000000 0.000000 0.000000 0.000000 0.000000 0.000000 0.000000 0.000000 0.000000 0.000000 0.000000 123.398157 123.376953 123.359280 123.337239 123.320682 123.303663 123.289059 123.275109 123.264229 123.253348 123.242092 123.231211 123.227584 123.234838 123.245161 123.256138 123.266461 123.277620 123.287943 123.298363 123.308685 123.319566 123.329889 123.340308 123.351468 123.361791 123.373509 123.384207 123.392856 123.403736 123.415175 0.000000 0.000000 0.000000
0.000000 0.000000 0.000000 0.000000 0.000000 0.000000 0.000000 0.000000 0.000000 0.000000 0.000000 0.000000 0.000000 0.000000 0.000000 0.000000 0.000000 0.000000 0.000000 0.000000 0.000000 0.000000 0.000000 0.000000 0.000000 0.000000 123.401504 123.380301 123.359838 123.339750 123.320961 123.305337 123.289896 123.275667 123.264787 123.254185 123.242929 123.231769 123.227026 123.232606 123.243766 123.254464 123.264508 123.275667 123.286269 123.296689 123.307011 123.318171 123.328215 123.338913 123.349515 123.360396 123.372114 123.382254 123.391182 123.402341 123.413780 0.000000 0.000000 0.000000
0.000000 0.000000 0.000000 0.000000 0.000000 0.000000 0.000000 0.000000 0.000000 0.000000 0.000000 0.000000 0.000000 0.000000 0.000000 0.000000 0.000000 0.000000 0.000000 0.000000 0.000000 0.000000 0.000000 0.000000 0.000000 0.000000 123.402620 123.381417 123.361512 123.341424 123.323472 123.306732 123.290454 123.276225 123.265345 123.254464 123.243766 123.232606 123.226468 123.231211 123.241813 123.252232 123.262834 123.273715 123.284874 123.295294 123.305616 123.315939 123.326541 123.337239 123.347562 123.358164 123.369882 123.380301 123.389787 123.400109 123.412385 0.000000 0.000000 0.000000
0.000000 0.000000 0.000000 0.000000 0.000000 0.000000 0.000000 0.000000 0.000000 0.000000 0.000000 0.000000 0.000000 0.000000 0.000000 0.000000 0.000000 0.000000 0.000000 0.000000 0.000000 0.000000 0.000000 0.000000 0.000000 0.000000 123.404852 123.383091 123.363465 123.342819 123.325146 123.309243 123.291291 123.276783 123.265624 123.255022 123.244324 123.233443 123.225910 123.229537 123.239860 123.250558 123.261439 123.272320 123.282642 123.293062 123.303942 123.313986 123.325146 123.335286 123.346167 123.356490 123.368208 123.378906 123.388113 123.398436 123.410990 0.000000 0.000000 0.000000
0.000000 0.000000 0.000000 0.000000 0.000000 0.000000 0.000000 0.000000 0.000000 0.000000 0.000000 0.000000 0.000000 0.000000 0.000000 0.000000 0.000000 0.000000 0.000000 0.000000 0.000000 0.000000 0.000000 0.000000 0.000000 0.000000 123.405410 123.384765 123.366255 123.345051 123.325146 123.309522 123.291946 123.277620 123.266740 123.255580 123.244882 123.234001 123.225352 123.227584 123.238186 123.248787 123.259207 123.270925 123.280968 123.291570 123.301710 123.312591 123.322914 123.333333 123.344772 123.354816 123.366813 123.377511 123.386439 123.396762 123.409037 0.000000 0.000000 0.000000
0.000000 0.000000 0.000000 0.000000 0.000000 0.000000 0.000000 0.000000 0.000000 0.000000 0.000000 0.000000 0.000000 0.000000 0.000000 0.000000 0.000000 0.000000 0.000000 0.000000 0.000000 0.000000 0.000000 0.000000 0.000000 0.000000 123.406805 123.387555 123.368208 123.347004 123.327099 123.310359 123.293341 123.277899 123.267298 123.256696 123.245440 123.234559 123.224794 123.225631 123.236791 123.246835 123.257533 123.268414 123.279294 123.289617 123.300315 123.310917 123.321240 123.332121 123.342540 123.353421 123.364860 123.375279 123.384486 123.395088 123.407084 123.416012 0.000000 0.000000
0.000000 0.000000 0.000000 0.000000 0.000000 0.000000 0.000000 0.000000 0.000000 0.000000 0.000000 0.000000 0.000000 0.000000 0.000000 0.000000 0.000000 0.000000 0.000000 0.000000 0.000000 0.000000 0.000000 0.000000 0.000000 0.000000 123.407642 123.389508 123.368487 123.348678 123.328773 123.311196 123.293899 123.279573 123.268135 123.256696 123.245998 123.235117 123.224515 123.224236 123.234838 123.245440 123.256138 123.267019 123.277899 123.287664 123.298642 123.308685 123.319845 123.329889 123.340866 123.351189 123.362628 123.373230 123.382812 123.392856 123.405410 123.414617 0.000000 0.000000
0.000000 0.000000 0.000000 0.000000 0.000000 0.000000 0.000000 0.000000 0.000000 0.000000 0.000000 0.000000 0.000000 0.000000 0.000000 0.000000 0.000000 0.000000 0.000000 0.000000 0.000000 0.000000 0.000000 0.000000 0.000000 0.000000 123.409316 123.391740 123.370161 123.353421 123.331005 123.312870 123.297526 123.281526 123.268972 123.257812 123.246835 123.235675 123.224794 123.223678 123.232885 123.243766 123.254464 123.265345 123.275667 123.285990 123.296689 123.307011 123.317892 123.328215 123.339192 123.349515 123.361233 123.371835 123.381417 123.391461 123.404015 123.412385 0.000000 0.000000
0.000000 0.000000 0.000000 0.000000 0.000000 0.000000 0.000000 0.000000 0.000000 0.000000 0.000000 0.000000 0.000000 0.000000 0.000000 0.000000 0.000000 0.000000 0.000000 0.000000 0.000000 0.000000 0.000000 0.000000 0.000000 0.000000 123.411548 123.393414 123.371277 123.353700 123.332679 123.314823 123.298084 123.283479 123.269251 123.258370 123.247393 123.236512 123.225631 123.223120 123.231211 123.241813 123.252232 123.263671 123.273994 123.284595 123.294736 123.305616 123.315939 123.326820 123.337518 123.347841 123.359838 123.369603 123.379464 123.390066 123.401783 123.410711 0.000000 0.000000
0.000000 0.000000 0.000000 0.000000 0.000000 0.000000 0.000000 0.000000 0.000000 0.000000 0.000000 0.000000 0.000000 0.000000 0.000000 0.000000 0.000000 0.000000 0.000000 0.000000 0.000000 0.000000 0.000000 0.000000 0.000000 0.000000 123.413501 123.395367 123.373509 123.354258 123.335007 123.316497 123.299479 123.284037 123.269809 123.259207 123.247951 123.237070 123.226189 123.222562 123.229816 123.239860 123.250558 123.261439 123.272599 123.282642 123.293341 123.303942 123.314265 123.325146 123.335286 123.346167 123.357885 123.368208 123.377511 123.388113 123.400109 123.409874 0.000000 0.000000
0.000000 0.000000 0.000000 0.000000 0.000000 0.000000 0.000000 0.000000 0.000000 0.000000 0.000000 0.000000 0.000000 0.000000 0.000000 0.000000 0.000000 0.000000 0.000000 0.000000 0.000000 0.000000 0.000000 0.000000 0.000000 0.000000 123.415454 123.397599 123.375000 123.356490 123.336402 123.318171 123.301989 123.284874 123.270367 123.259486 123.248509 123.237907 123.227026 123.222004 123.227584 123.238465 123.248787 123.260044 123.270646 123.280689 123.291291 123.301710 123.312870 123.322914 123.333891 123.343935 123.355932 123.365976 123.375837 123.386160 123.398436 123.408200 0.000000 0.000000
0.000000 0.000000 0.000000 0.000000 0.000000 0.000000 0.000000 0.000000 0.000000 0.000000 0.000000 0.000000 0.000000 0.000000 0.000000 0.000000 0.000000 0.000000 0.000000 0.000000 0.000000 0.000000 0.000000 0.000000 0.000000 0.000000 0.000000 123.398715 123.377511 123.359001 123.336681 123.319287 123.302268 123.285711 123.270925 123.260044 123.249345 123.238744 123.227863 123.221446 123.225910 123.237070 123.247114 123.258649 123.268693 123.279294 123.289617 123.300315 123.310917 123.321519 123.332121 123.342540 123.354258 123.364302 123.374345 123.384486 123.397041 123.406526 123.416291 0.000000
0.000000 0.000000 0.000000 0.000000 0.000000 0.000000 0.000000 0.000000 0.000000 0.000000 0.000000 0.000000 0.000000 0.000000 0.000000 0.000000 0.000000 0.000000 0.000000 0.000000 0.000000 0.000000 0.000000 0.000000 0.000000 0.000000 0.000000 123.400667 123.380301 123.360675 123.340587 123.319566 123.304221 123.286269 123.272041 123.260881 123.249903 123.239302 123.228421 123.220888 123.224515 123.234559 123.245440 123.256417 123.267019 123.277620 123.287385 123.298642 123.308964 123.319845 123.330168 123.341145 123.352863 123.362907 123.372114 123.383091 123.394809 123.404852 123.414617 0.000000
0.000000 0.000000 0.000000 0.000000 0.000000 0.000000 0.000000 0.000000 0.000000 0.000000 0.000000 0.000000 0.000000 0.000000 0.000000 0.000000 0.000000 0.000000 0.000000 0.000000 0.000000 0.000000 0.000000 0.000000 0.000000 0.000000 0.000000 123.401225 123.381975 123.361791 123.342540 123.321798 123.304500 123.287385 123.272320 123.261718 123.250837 123.239581 123.228700 123.220330 123.222841 123.233164 123.244045 123.254743 123.265066 123.275388 123.285990 123.296689 123.307290 123.317892 123.328773 123.339192 123.350631 123.360954 123.370440 123.380859 123.393135 123.403457 123.412385 0.000000
0.000000 0.000000 0.000000 0.000000 0.000000 0.000000 0.000000 0.000000 0.000000 0.000000 0.000000 0.000000 0.000000 0.000000 0.000000 0.000000 0.000000 0.000000 0.000000 0.000000 0.000000 0.000000 0.000000 0.000000 0.000000 0.000000 0.000000 123.401783 123.384207 123.363465 123.345051 123.323193 123.305616 123.290733 123.274272 123.262276 123.251395 123.240697 123.229816 123.219772 123.220609 123.231490 123.241813 123.253069 123.263392 123.273715 123.284316 123.294736 123.305895 123.315939 123.327099 123.337239 123.348957 123.359001 123.369045 123.379185 123.391740 123.401225 123.410990 0.000000
