FireSTARR/test/constant/O1a_S060_A270_WD135_WS020/arrival.asc
ncols         96
nrows         742
xllcorner     418303.990666
yllcorner     12748755.311160
cellsize      100.000000
NODATA_value  0.000000
[rows 351 to 377 of 742, columns 0 to 59 of 96]
0.000000 0.000000 0.000000 0.000000 0.000000 0.000000 0.000000 0.000000 0.000000 0.000000 0.000000 0.000000 0.000000 0.000000 0.000000 0.000000 0.000000 0.000000 0.000000 0.000000 0.000000 0.000000 0.000000 0.000000 0.000000 0.000000 0.000000 123.404015 123.385881 123.363465 123.347283 123.324867 123.307569 123.291570 123.275946 123.263113 123.252232 123.241255 123.230095 123.219493 123.219214 123.229816 123.240139 123.251116 123.261439 123.272320 123.282642 123.293341 123.303663 123.314544 123.324867 123.335565 123.347562 123.357327 123.367371 123.377790 123.389787 123.399551 123.409316 0.000000
0.000000 0.000000 0.000000 0.000000 0.000000 0.000000 0.000000 0.000000 0.000000 0.000000 0.000000 0.000000 0.000000 0.000000 0.000000 0.000000 0.000000 0.000000 0.000000 0.000000 0.000000 0.000000 0.000000 0.000000 0.000000 0.000000 0.000000 123.405968 123.387834 123.365418 123.348120 123.327099 123.309243 123.292225 123.277620 123.263671 123.252790 123.241813 123.230932 123.219772 123.218656 123.227584 123.238744 123.249066 123.259486 123.270646 123.280410 123.291570 123.301989 123.312870 123.323472 123.333333 123.345888 123.355932 123.365139 123.376116 123.387834 123.398157 123.407642 0.000000
0.000000 0.000000 0.000000 0.000000 0.000000 0.000000 0.000000 0.000000 0.000000 0.000000 0.000000 0.000000 0.000000 0.000000 0.000000 0.000000 0.000000 0.000000 0.000000 0.000000 0.000000 0.000000 0.000000 0.000000 0.000000 0.000000 0.000000 123.409874 123.391740 123.367092 123.348678 123.329052 123.309801 123.292783 123.278457 123.264229 123.253627 123.242371 123.231490 123.220609 123.218098 123.226189 123.236791 123.247393 123.257812 123.268414 123.279015 123.289617 123.300594 123.310638 123.321798 123.331842 123.343656 123.353979 123.363744 123.374066 123.386160 123.396204 123.405410 123.416667
0.000000 0.000000 0.000000 0.000000 0.000000 0.000000 0.000000 0.000000 0.000000 0.000000 0.000000 0.000000 0.000000 0.000000 0.000000 0.000000 0.000000 0.000000 0.000000 0.000000 0.000000 0.000000 0.000000 0.000000 0.000000 0.000000 0.000000 123.411548 123.392298 123.369324 123.351747 123.330726 123.311475 123.294736 123.279294 123.264787 123.254185 123.242929 123.232048 123.221167 123.217540 123.224515 123.234838 123.245998 123.256417 123.267019 123.277620 123.287664 123.298921 123.308964 123.320124 123.329889 123.341982 123.352026 123.362070 123.372672 123.384207 123.394251 123.404015 123.415175
0.000000 0.000000 0.000000 0.000000 0.000000 0.000000 0.000000 0.000000 0.000000 0.000000 0.000000 0.000000 0.000000 0.000000 0.000000 0.000000 0.000000 0.000000 0.000000 0.000000 0.000000 0.000000 0.000000 0.000000 0.000000 0.000000 0.000000 123.414617 123.393135 123.370998 123.354258 123.332679 123.312870 123.296689 123.280131 123.265345 123.254464 123.243487 123.233164 123.222004 123.216982 123.222562 123.233164 123.243766 123.254185 123.265345 123.275388 123.285990 123.296689 123.307569 123.317892 123.328494 123.340587 123.350352 123.360117 123.370440 123.382812 123.392577 123.402620 123.413222
0.000000 0.000000 0.000000 0.000000 0.000000 0.000000 0.000000 0.000000 0.000000 0.000000 0.000000 0.000000 0.000000 0.000000 0.000000 0.000000 0.000000 0.000000 0.000000 0.000000 0.000000 0.000000 0.000000 0.000000 0.000000 0.000000 0.000000 123.415175 123.394809 123.374903 123.355095 123.335844 123.313707 123.297247 123.281247 123.266182 123.255301 123.244045 123.233722 123.222562 123.216424 123.220609 123.231769 123.241813 123.252511 123.263392 123.273715 123.284595 123.295015 123.305895 123.316497 123.326820 123.338355 123.348957 123.358164 123.368766 123.380580 123.390903 123.400388 123.411548
0.000000 0.000000 0.000000 0.000000 0.000000 0.000000 0.000000 0.000000 0.000000 0.000000 0.000000 0.000000 0.000000 0.000000 0.000000 0.000000 0.000000 0.000000 0.000000 0.000000 0.000000 0.000000 0.000000 0.000000 0.000000 0.000000 0.000000 0.000000 123.395367 123.377790 123.356211 123.337239 123.315381 123.298921 123.281805 123.267019 123.255859 123.245161 123.234001 123.223399 123.215866 123.219214 123.229816 123.240418 123.251116 123.261439 123.272041 123.282363 123.293620 123.303663 123.315102 123.324867 123.336402 123.346725 123.356769 123.367092 123.378627 123.389229 123.398715 123.410153
0.000000 0.000000 0.000000 0.000000 0.000000 0.000000 0.000000 0.000000 0.000000 0.000000 0.000000 0.000000 0.000000 0.000000 0.000000 0.000000 0.000000 0.000000 0.000000 0.000000 0.000000 0.000000 0.000000 0.000000 0.000000 0.000000 0.000000 0.000000 123.396204 123.378627 123.357327 123.339192 123.317334 123.299757 123.284037 123.267577 123.257254 123.245440 123.234838 123.223957 123.215308 123.217819 123.227863 123.238744 123.249066 123.260044 123.270646 123.280689 123.291570 123.302268 123.312870 123.322914 123.334170 123.345051 123.355374 123.365697 123.376953 123.386997 123.397041 123.408200
0.000000 0.000000 0.000000 0.000000 0.000000 0.000000 0.000000 0.000000 0.000000 0.000000 0.000000 0.000000 0.000000 0.000000 0.000000 0.000000 0.000000 0.000000 0.000000 0.000000 0.000000 0.000000 0.000000 0.000000 0.000000 0.000000 0.000000 0.000000 123.398715 123.381975 123.358164 123.340587 123.319566 123.301152 123.285711 123.269251 123.257254 123.246556 123.235675 123.224515 123.214750 123.215587 123.226468 123.236791 123.247393 123.258649 123.268135 123.279294 123.289896 123.300594 123.311196 123.321519 123.332400 123.343656 123.353142 123.363465 123.375000 123.385323 123.395646 123.406247
0.000000 0.000000 0.000000 0.000000 0.000000 0.000000 0.000000 0.000000 0.000000 0.000000 0.000000 0.000000 0.000000 0.000000 0.000000 0.000000 0.000000 0.000000 0.000000 0.000000 0.000000 0.000000 0.000000 0.000000 0.000000 0.000000 0.000000 0.000000 123.400109 123.383649 123.360396 123.342540 123.321519 123.303105 123.286548 123.271483 123.258091 123.247114 123.236233 123.225352 123.214471 123.214192 123.224794 123.234838 123.245998 123.256417 123.266740 123.277620 123.288501 123.298642 123.309522 123.319845 123.330726 123.341982 123.351468 123.361791 123.373230 123.383928 123.393414 123.404852
0.000000 0.000000 0.000000 0.000000 0.000000 0.000000 0.000000 0.000000 0.000000 0.000000 0.000000 0.000000 0.000000 0.000000 0.000000 0.000000 0.000000 0.000000 0.000000 0.000000 0.000000 0.000000 0.000000 0.000000 0.000000 0.000000 0.000000 0.000000 123.403736 123.385323 123.362070 123.342819 123.324309 123.304221 123.287385 123.272878 123.258928 123.247672 123.236512 123.225631 123.215029 123.213634 123.222562 123.233443 123.243766 123.254743 123.265345 123.275388 123.286269 123.296689 123.308127 123.317613 123.329331 123.339750 123.349794 123.360396 123.371556 123.381975 123.391740 123.403178
0.000000 0.000000 0.000000 0.000000 0.000000 0.000000 0.000000 0.000000 0.000000 0.000000 0.000000 0.000000 0.000000 0.000000 0.000000 0.000000 0.000000 0.000000 0.000000 0.000000 0.000000 0.000000 0.000000 0.000000 0.000000 0.000000 0.000000 0.000000 123.405410 123.386718 123.366534 123.346725 123.328215 123.305895 123.289059 123.273715 123.258928 123.248509 123.237349 123.226468 123.215587 123.213076 123.220888 123.231769 123.242092 123.253069 123.263392 123.273715 123.284595 123.295294 123.305895 123.315939 123.327099 123.338076 123.348120 123.358443 123.369882 123.380022 123.390345 123.400946
0.000000 0.000000 0.000000 0.000000 0.000000 0.000000 0.000000 0.000000 0.000000 0.000000 0.000000 0.000000 0.000000 0.000000 0.000000 0.000000 0.000000 0.000000 0.000000 0.000000 0.000000 0.000000 0.000000 0.000000 0.000000 0.000000 0.000000 0.000000 123.407921 123.387276 123.368208 123.348120 123.329331 123.307848 123.291291 123.274551 123.259765 123.248787 123.237907 123.227305 123.216424 123.212518 123.219493 123.229537 123.240418 123.251395 123.261439 123.272320 123.283200 123.293899 123.304221 123.314544 123.325425 123.336681 123.345888 123.356490 123.368487 123.378348 123.388392 123.399272
0.000000 0.000000 0.000000 0.000000 0.000000 0.000000 0.000000 0.000000 0.000000 0.000000 0.000000 0.000000 0.000000 0.000000 0.000000 0.000000 0.000000 0.000000 0.000000 0.000000 0.000000 0.000000 0.000000 0.000000 0.000000 0.000000 0.000000 0.000000 123.410432 123.389229 123.369324 123.348678 123.331005 123.309243 123.293062 123.275667 123.260602 123.249345 123.238744 123.228142 123.216982 123.211960 123.217819 123.228142 123.239023 123.249624 123.260323 123.270367 123.281247 123.291667 123.302547 123.312870 123.324030 123.334728 123.344493 123.354816 123.366255 123.376953 123.386439 123.397878
0.000000 0.000000 0.000000 0.000000 0.000000 0.000000 0.000000 0.000000 0.000000 0.000000 0.000000 0.000000 0.000000 0.000000 0.000000 0.000000 0.000000 0.000000 0.000000 0.000000 0.000000 0.000000 0.000000 0.000000 0.000000 0.000000 0.000000 0.000000 123.410990 123.389787 123.370719 123.350352 123.333237 123.310917 123.293341 123.276783 123.261160 123.250000 123.239581 123.228421 123.217819 123.211402 123.215587 123.226468 123.236512 123.247951 123.258649 123.268414 123.279294 123.290175 123.300873 123.310638 123.322077 123.332958 123.343098 123.353421 123.364581 123.374903 123.384765 123.396204
0.000000 0.000000 0.000000 0.000000 0.000000 0.000000 0.000000 0.000000 0.000000 0.000000 0.000000 0.000000 0.000000 0.000000 0.000000 0.000000 0.000000 0.000000 0.000000 0.000000 0.000000 0.000000 0.000000 0.000000 0.000000 0.000000 0.000000 0.000000 123.414059 123.390345 123.373230 123.351189 123.333891 123.313149 123.294178 123.278736 123.261718 123.250837 123.240418 123.229258 123.218377 123.210844 123.213913 123.224794 123.235117 123.245998 123.256975 123.267019 123.277620 123.288501 123.298642 123.309243 123.320124 123.331563 123.341145 123.351468 123.363186 123.372951 123.383370 123.393972
0.000000 0.000000 0.000000 0.000000 0.000000 0.000000 0.000000 0.000000 0.000000 0.000000 0.000000 0.000000 0.000000 0.000000 0.000000 0.000000 0.000000 0.000000 0.000000 0.000000 0.000000 0.000000 0.000000 0.000000 0.000000 0.000000 0.000000 0.000000 123.414896 123.392856 123.375558 123.352863 123.334728 123.316497 123.295573 123.280131 123.263392 123.251674 123.240976 123.230095 123.219214 123.210286 123.212518 123.222562 123.233722 123.244045 123.255580 123.265345 123.276225 123.286269 123.297247 123.307569 123.318450 123.329331 123.339192 123.349515 123.361233 123.371556 123.381417 123.392577
0.000000 0.000000 0.000000 0.000000 0.000000 0.000000 0.000000 0.000000 0.000000 0.000000 0.000000 0.000000 0.000000 0.000000 0.000000 0.000000 0.000000 0.000000 0.000000 0.000000 0.000000 0.000000 0.000000 0.000000 0.000000 0.000000 0.000000 0.000000 123.416570 123.395367 123.377511 123.356769 123.336960 123.319287 123.297247 123.280689 123.264787 123.252232 123.241255 123.230653 123.219772 123.209728 123.210565 123.221167 123.231769 123.242650 123.253627 123.263392 123.274272 123.284874 123.295852 123.305616 123.317055 123.327657 123.337518 123.348120 123.359280 123.370161 123.379464 123.390903
0.000000 0.000000 0.000000 0.000000 0.000000 0.000000 0.000000 0.000000 0.000000 0.000000 0.000000 0.000000 0.000000 0.000000 0.000000 0.000000 0.000000 0.000000 0.000000 0.000000 0.000000 0.000000 0.000000 0.000000 0.000000 0.000000 0.000000 0.000000 0.000000 123.397599 123.378348 123.358164 123.337239 123.321519 123.298921 123.281526 123.267019 123.253069 123.241813 123.230932 123.220051 123.209449 123.209170 123.219772 123.229816 123.241255 123.251674 123.261439 123.272320 123.283200 123.293899 123.303663 123.315102 123.326262 123.336123 123.346446 123.357606 123.367650 123.378069 123.388950
0.000000 0.000000 0.000000 0.000000 0.000000 0.000000 0.000000 0.000000 0.000000 0.000000 0.000000 0.000000 0.000000 0.000000 0.000000 0.000000 0.000000 0.000000 0.000000 0.000000 0.000000 0.000000 0.000000 0.000000 0.000000 0.000000 0.000000 0.000000 0.000000 123.400946 123.380580 123.360117 123.340029 123.323193 123.300594 123.284316 123.267856 123.253906 123.242929 123.231769 123.220888 123.210286 123.208612 123.217540 123.228142 123.238744 123.250279 123.260044 123.270925 123.281247 123.291946 123.302268 123.313149 123.324309 123.333891 123.344214 123.355653 123.366255 123.376395 123.386997
0.000000 0.000000 0.000000 0.000000 0.000000 0.000000 0.000000 0.000000 0.000000 0.000000 0.000000 0.000000 0.000000 0.000000 0.000000 0.000000 0.000000 0.000000 0.000000 0.000000 0.000000 0.000000 0.000000 0.000000 0.000000 0.000000 0.000000 0.000000 0.000000 123.402341 123.381975 123.362070 123.341424 123.323751 123.300594 123.285711 123.268693 123.254185 123.243208 123.232327 123.221446 123.210844 123.207958 123.215866 123.226747 123.237349 123.248230 123.258370 123.269251 123.279294 123.290454 123.300873 123.311475 123.322356 123.331842 123.342540 123.354258 123.364581 123.374345 123.385602
0.000000 0.000000 0.000000 0.000000 0.000000 0.000000 0.000000 0.000000 0.000000 0.000000 0.000000 0.000000 0.000000 0.000000 0.000000 0.000000 0.000000 0.000000 0.000000 0.000000 0.000000 0.000000 0.000000 0.000000 0.000000 0.000000 0.000000 0.000000 0.000000 123.404852 123.383649 123.364581 123.343377 123.325146 123.303942 123.287385 123.270088 123.254743 123.243766 123.232885 123.222283 123.211402 123.207400 123.214192 123.224794 123.235675 123.246556 123.256138 123.267019 123.277899 123.288222 123.298642 123.310080 123.320682 123.330447 123.341145 123.352026 123.362907 123.372951 123.383928
0.000000 0.000000 0.000000 0.000000 0.000000 0.000000 0.000000 0.000000 0.000000 0.000000 0.000000 0.000000 0.000000 0.000000 0.000000 0.000000 0.000000 0.000000 0.000000 0.000000 0.000000 0.000000 0.000000 0.000000 0.000000 0.000000 0.000000 0.000000 0.000000 123.406526 123.383928 123.365976 123.345051 123.327657 123.306174 123.287664 123.271204 123.255859 123.244324 123.234001 123.222841 123.211960 123.206842 123.212797 123.222841 123.234001 123.245161 123.254743 123.265345 123.276504 123.286827 123.296968 123.307848 123.319287 123.328773 123.339471 123.350352 123.360675 123.370998 123.381975
0.000000 0.000000 0.000000 0.000000 0.000000 0.000000 0.000000 0.000000 0.000000 0.000000 0.000000 0.000000 0.000000 0.000000 0.000000 0.000000 0.000000 0.000000 0.000000 0.000000 0.000000 0.000000 0.000000 0.000000 0.000000 0.000000 0.000000 0.000000 0.000000 123.407642 123.386160 123.367929 123.346725 123.328215 123.310080 123.288222 123.273157 123.256138 123.245440 123.234559 123.223399 123.213076 123.206284 123.210565 123.221446 123.231769 123.243208 123.253069 123.263950 123.273994 123.285153 123.295294 123.306174 123.317334 123.326820 123.337239 123.348957 123.359280 123.369045 123.380022
0.000000 0.000000 0.000000 0.000000 0.000000 0.000000 0.000000 0.000000 0.000000 0.000000 0.000000 0.000000 0.000000 0.000000 0.000000 0.000000 0.000000 0.000000 0.000000 0.000000 0.000000 0.000000 0.000000 0.000000 0.000000 0.000000 0.000000 0.000000 0.000000 123.408200 123.388113 123.369603 123.348399 123.329052 123.311754 123.289617 123.274551 123.257533 123.245719 123.235117 123.224236 123.213076 123.205726 123.208891 123.219772 123.230374 123.241255 123.251395 123.262276 123.272599 123.283479 123.293620 123.304779 123.315381 123.324867 123.335565 123.347004 123.357885 123.367371 123.378348
0.000000 0.000000 0.000000 0.000000 0.000000 0.000000 0.000000 0.000000 0.000000 0.000000 0.000000 0.000000 0.000000 0.000000 0.000000 0.000000 0.000000 0.000000 0.000000 0.000000 0.000000 0.000000 0.000000 0.000000 0.000000 0.000000 0.000000 0.000000 0.000000 123.410990 123.390066 123.372393 123.350352 123.329610 123.313707 123.290454 123.275109 123.259486 123.246556 123.235675 123.224794 123.213913 123.205168 123.207121 123.217540 123.228700 123.239581 123.249624 123.260044 123.270925 123.281247 123.291667 123.303105 123.313986 123.323472 123.334170 123.345051 123.355653 123.365976 123.376953
0.000000 0.000000 0.000000 0.000000 0.000000 0.000000 0.000000 0.000000 0.000000 0.000000 0.000000 0.000000 0.000000 0.000000 0.000000 0.000000 0.000000 0.000000 0.000000 0.000000 0.000000 0.000000 0.000000 0.000000 0.000000 0.000000 0.000000 0.000000 0.000000 123.412943 123.392577 123.374345 123.352584 123.332679 123.315939 123.291946 123.275946 123.260881 123.247393 123.236233 123.225352 123.214471 123.204610 123.205168 123.215866 123.226747 123.237907 123.247951 123.258649 123.269251 123.279852 123.290175 123.300873 123.312312 123.322077 123.332121 123.343377 123.353979 123.363744 123.374903
