FireSTARR/test/constant/O1a_S000_A000_WD270_WS020/arrival.asc
ncols         210
nrows         47
xllcorner     425203.990666
yllcorner     12746455.311160
cellsize      100.000000
NODATA_value  0.000000
[rows 0 to 25 of 47, columns 57 to 113 of 210]
0.000000 0.000000 0.000000 0.000000 0.000000 0.000000 0.000000 0.000000 0.000000 0.000000 0.000000 0.000000 0.000000 0.000000 0.000000 0.000000 0.000000 123.416667 123.411367 123.410298 123.411367 123.413507 123.412437 123.412437 123.413507 123.414576 123.415646 123.415646 0.000000 0.000000 0.000000 0.000000 0.000000 0.000000 0.000000 0.000000 0.000000 0.000000 0.000000 0.000000 0.000000 0.000000 0.000000 0.000000 0.000000 0.000000 0.000000 0.000000 0.000000 0.000000 0.000000 0.000000 0.000000 0.000000 0.000000 0.000000 0.000000
0.000000 0.000000 0.000000 0.000000 0.000000 0.000000 0.000000 0.000000 0.000000 0.000000 0.000000 0.000000 123.412437 123.406019 123.400671 123.394253 123.392114 123.393184 123.394253 123.394253 123.394253 123.394253 123.396393 123.396393 123.397462 123.399602 123.400671 123.402810 123.404950 123.407089 123.408159 123.410298 123.411367 123.412437 123.413507 123.415646 0.000000 0.000000 0.000000 0.000000 0.000000 0.000000 0.000000 0.000000 0.000000 0.000000 0.000000 0.000000 0.000000 0.000000 0.000000 0.000000 0.000000 0.000000 0.000000 0.000000 0.000000
0.000000 0.000000 0.000000 0.000000 0.000000 0.000000 123.413507 123.408159 123.401741 123.395323 123.389975 123.383557 123.378209 123.372910 123.373979 123.376070 123.376070 123.376070 123.376070 123.378209 123.378209 123.379279 123.381418 123.382487 123.384627 123.385696 123.387836 123.389975 123.391044 123.393184 123.394253 123.395323 123.397462 123.399602 123.401741 123.402810 123.404950 123.407089 123.408159 123.410298 123.411367 123.413507 123.414576 123.416667 0.000000 0.000000 0.000000 0.000000 0.000000 0.000000 0.000000 0.000000 0.000000 0.000000 0.000000 0.000000 0.000000
123.414576 123.409228 123.402810 123.397462 123.391044 123.384627 123.379279 123.372910 123.366492 123.361144 123.354726 123.354726 123.356865 123.357935 123.357935 123.357935 123.360074 123.360074 123.360074 123.362213 123.363283 123.365422 123.367562 123.369701 123.370770 123.372910 123.373979 123.376070 123.378209 123.379279 123.381418 123.383557 123.384627 123.386766 123.387836 123.389975 123.391044 123.393184 123.394253 123.396393 123.397462 123.399602 123.401741 123.403880 123.406019 123.408159 123.410298 123.412437 123.414576 123.415646 0.000000 0.000000 0.000000 0.000000 0.000000 0.000000 0.000000
123.380348 123.373979 123.368631 123.362213 123.355796 123.349378 123.344030 123.337612 123.336542 123.338681 123.339751 123.339751 123.339751 123.341890 123.341890 123.342960 123.345099 123.346169 123.348308 123.349378 123.351517 123.352587 123.354726 123.355796 123.357935 123.359004 123.361144 123.363283 123.364353 123.366492 123.368631 123.369701 123.370770 123.372910 123.375000 123.376070 123.378209 123.380348 123.382487 123.384627 123.386766 123.388905 123.391044 123.393184 123.394253 123.396393 123.398532 123.400671 123.402810 123.404950 123.407089 123.409228 123.411367 123.413507 123.415646 0.000000 0.000000
123.345099 123.339751 123.333333 123.326964 123.321616 123.318407 123.319477 123.320547 123.321616 123.321616 123.322686 123.323756 123.324825 123.326964 123.328034 123.330173 123.331243 123.333333 123.334403 123.336542 123.337612 123.339751 123.340821 123.342960 123.344030 123.346169 123.348308 123.350447 123.351517 123.353656 123.354726 123.356865 123.357935 123.360074 123.362213 123.364353 123.366492 123.368631 123.370770 123.372910 123.375000 123.377139 123.379279 123.381418 123.383557 123.385696 123.387836 123.389975 123.392114 123.394253 123.396393 123.397462 123.399602 123.401741 123.402810 123.404950 123.407089
123.310920 123.304502 123.300224 123.301293 123.303433 123.302363 123.303433 123.304502 123.305572 123.305572 123.307711 123.309850 123.311990 123.313059 123.315199 123.316268 123.318407 123.319477 123.321616 123.322686 123.324825 123.325895 123.328034 123.329104 123.331243 123.332313 123.334403 123.336542 123.337612 123.339751 123.341890 123.344030 123.346169 123.348308 123.350447 123.352587 123.354726 123.356865 123.359004 123.361144 123.363283 123.365422 123.367562 123.369701 123.371840 123.373979 123.376070 123.378209 123.380348 123.382487 123.384627 123.385696 123.387836 123.389975 123.392114 123.394253 123.396393
123.282089 123.284228 123.284228 123.285298 123.285298 123.287437 123.287437 123.289576 123.290646 123.292736 123.293806 123.295945 123.297015 123.299154 123.301293 123.302363 123.304502 123.306641 123.307711 123.309850 123.310920 123.313059 123.314129 123.316268 123.317338 123.319477 123.321616 123.323756 123.325895 123.328034 123.330173 123.332313 123.335473 123.337612 123.339751 123.341890 123.344030 123.346169 123.348308 123.350447 123.352587 123.354726 123.356865 123.359004 123.361144 123.363283 123.365422 123.365422 123.367562 123.369701 123.371840 123.373979 123.376070 123.378209 123.379279 123.381418 123.383557
123.267114 123.267114 123.269253 123.269253 123.271393 123.272462 123.274602 123.276741 123.277810 123.279950 123.282089 123.283159 123.285298 123.286367 123.288507 123.289576 123.291667 123.292736 123.294876 123.295945 123.298084 123.300224 123.302363 123.304502 123.306641 123.308781 123.310920 123.313059 123.315199 123.317338 123.319477 123.321616 123.323756 123.325895 123.328034 123.330173 123.332313 123.334403 123.336542 123.337612 123.339751 123.341890 123.344030 123.345099 123.347239 123.349378 123.351517 123.353656 123.355796 123.357935 123.360074 123.361144 123.363283 123.365422 123.367562 123.369701 123.371840
123.251070 123.253209 123.254279 123.256418 123.258557 123.260696 123.261766 123.263905 123.264975 123.267114 123.268184 123.269253 123.271393 123.272462 123.273532 123.275671 123.277810 123.279950 123.282089 123.284228 123.286367 123.288507 123.290646 123.292736 123.294876 123.297015 123.299154 123.301293 123.303433 123.305572 123.307711 123.309850 123.311990 123.314129 123.316268 123.317338 123.319477 123.321616 123.323756 123.325895 123.326964 123.329104 123.331243 123.333333 123.335473 123.337612 123.339751 123.341890 123.342960 123.345099 123.347239 123.349378 123.351517 123.353656 123.355796 123.357935 123.360074
123.238283 123.240422 123.241492 123.243631 123.244701 123.246840 123.247910 123.250000 123.252139 123.253209 123.254279 123.256418 123.258557 123.260696 123.262836 123.264975 123.267114 123.269253 123.271393 123.273532 123.275671 123.277810 123.279950 123.282089 123.284228 123.286367 123.288507 123.290646 123.292736 123.294876 123.295945 123.298084 123.300224 123.302363 123.304502 123.305572 123.307711 123.309850 123.311990 123.314129 123.315199 123.317338 123.319477 123.321616 123.323756 123.325895 123.328034 123.330173 123.332313 123.334403 123.336542 123.338681 123.340821 123.341890 123.344030 123.346169 123.348308
123.225447 123.226517 123.228656 123.229726 123.231865 123.232935 123.235074 123.236144 123.238283 123.240422 123.242562 123.244701 123.246840 123.248979 123.251070 123.253209 123.255348 123.257487 123.259627 123.261766 123.263905 123.266044 123.268184 123.270323 123.272462 123.274602 123.276741 123.278880 123.279950 123.282089 123.284228 123.286367 123.287437 123.289576 123.291667 123.293806 123.295945 123.298084 123.300224 123.302363 123.304502 123.306641 123.307711 123.309850 123.311990 123.314129 123.316268 123.318407 123.320547 123.322686 123.324825 123.326964 123.329104 123.331243 123.333333 123.335473 123.337612
123.211542 123.213681 123.214751 123.215821 123.217960 123.220099 123.222239 123.224378 123.226517 123.228656 123.230796 123.232935 123.235074 123.237213 123.239353 123.241492 123.243631 123.245770 123.247910 123.250000 123.252139 123.254279 123.256418 123.258557 123.260696 123.262836 123.264975 123.266044 123.268184 123.270323 123.272462 123.273532 123.275671 123.277810 123.279950 123.282089 123.284228 123.286367 123.288507 123.290646 123.292736 123.294876 123.295945 123.298084 123.300224 123.302363 123.304502 123.306641 123.308781 123.310920 123.313059 123.315199 123.317338 123.319477 123.321616 123.323756 123.325895
123.198756 123.200895 123.203034 123.205173 123.207313 123.209403 123.211542 123.213681 123.215821 123.217960 123.220099 123.222239 123.224378 123.226517 123.228656 123.230796 123.232935 123.235074 123.237213 123.238283 123.240422 123.242562 123.244701 123.245770 123.247910 123.250000 123.251070 123.253209 123.255348 123.257487 123.259627 123.261766 123.263905 123.266044 123.268184 123.270323 123.272462 123.274602 123.276741 123.278880 123.281019 123.283159 123.285298 123.287437 123.289576 123.291667 123.293806 123.295945 123.298084 123.300224 123.302363 123.304502 123.306641 123.308781 123.310920 123.313059 123.315199
123.186990 123.189129 123.191268 123.193407 123.195547 123.197686 123.199825 123.201964 123.204104 123.206243 123.208333 123.210473 123.212612 123.214751 123.216890 123.217960 123.220099 123.222239 123.223308 123.225447 123.227587 123.229726 123.231865 123.234004 123.236144 123.238283 123.240422 123.242562 123.244701 123.246840 123.248979 123.251070 123.253209 123.255348 123.257487 123.259627 123.261766 123.263905 123.266044 123.268184 123.270323 123.272462 123.274602 123.276741 123.278880 123.281019 123.283159 123.285298 123.287437 123.289576 123.291667 123.293806 123.295945 123.298084 123.300224 123.302363 123.304502
123.175224 123.177363 123.179502 123.181641 123.183781 123.185920 123.188059 123.190199 123.192338 123.194477 123.196616 123.198756 123.199825 123.201964 123.204104 123.206243 123.208333 123.209403 123.211542 123.213681 123.215821 123.217960 123.220099 123.222239 123.224378 123.226517 123.228656 123.230796 123.232935 123.235074 123.237213 123.239353 123.241492 123.243631 123.245770 123.247910 123.250000 123.252139 123.254279 123.256418 123.258557 123.260696 123.262836 123.264975 123.267114 123.269253 123.271393 123.273532 123.275671 123.277810 123.279950 123.282089 123.284228 123.286367 123.288507 123.290646 123.292736
123.164576 123.166667 123.168806 123.170945 123.173084 123.175224 123.177363 123.179502 123.180572 123.181641 123.183781 123.185920 123.188059 123.190199 123.192338 123.194477 123.196616 123.198756 123.200895 123.203034 123.205173 123.207313 123.209403 123.211542 123.213681 123.215821 123.217960 123.220099 123.222239 123.224378 123.226517 123.228656 123.230796 123.232935 123.235074 123.237213 123.239353 123.241492 123.243631 123.245770 123.247910 123.250000 123.251070 123.253209 123.255348 123.257487 123.259627 123.261766 123.263905 123.266044 123.268184 123.270323 123.272462 123.274602 123.276741 123.278880 123.281019
123.152810 123.154950 123.157089 123.159228 123.161367 123.162437 123.164576 123.166667 123.168806 123.170945 123.172015 123.174154 123.176293 123.178433 123.180572 123.182711 123.184850 123.186990 123.189129 123.191268 123.193407 123.195547 123.197686 123.199825 123.201964 123.204104 123.206243 123.208333 123.210473 123.212612 123.214751 123.216890 123.219030 123.221169 123.223308 123.225447 123.227587 123.229726 123.231865 123.234004 123.236144 123.238283 123.240422 123.242562 123.244701 123.246840 123.248979 123.251070 123.253209 123.255348 123.257487 123.259627 123.261766 123.263905 123.266044 123.268184 123.270323
123.141044 123.143184 123.144253 123.146393 123.148532 123.150671 123.152810 123.154950 123.157089 123.159228 123.161367 123.163507 123.165646 123.167736 123.169876 123.172015 123.174154 123.176293 123.178433 123.180572 123.182711 123.184850 123.186990 123.189129 123.191268 123.193407 123.195547 123.197686 123.199825 123.201964 123.204104 123.206243 123.208333 123.210473 123.212612 123.214751 123.216890 123.219030 123.221169 123.223308 123.225447 123.227587 123.229726 123.231865 123.234004 123.236144 123.238283 123.240422 123.242562 123.244701 123.246840 123.248979 123.251070 123.253209 123.254279 123.256418 123.258557
123.129279 123.131418 123.133557 123.134627 123.136766 123.138905 123.141044 123.143184 123.145323 123.147462 123.149602 123.151741 123.153880 123.156019 123.158159 123.160298 123.162437 123.164576 123.166667 123.168806 123.170945 123.173084 123.175224 123.177363 123.179502 123.181641 123.183781 123.185920 123.188059 123.190199 123.192338 123.194477 123.196616 123.198756 123.200895 123.203034 123.205173 123.207313 123.209403 123.211542 123.213681 123.215821 123.217960 123.220099 123.222239 123.224378 123.226517 123.228656 123.230796 123.232935 123.235074 123.237213 123.239353 123.241492 123.243631 123.245770 123.247910
123.117562 123.119701 123.121840 123.123979 123.126070 123.128209 123.130348 123.132487 123.134627 123.136766 123.138905 123.141044 123.143184 123.145323 123.147462 123.149602 123.151741 123.153880 123.156019 123.158159 123.160298 123.162437 123.164576 123.166667 123.168806 123.170945 123.173084 123.175224 123.177363 123.179502 123.181641 123.183781 123.185920 123.188059 123.190199 123.192338 123.194477 123.196616 123.198756 123.200895 123.203034 123.205173 123.207313 123.210473 123.212612 123.214751 123.216890 123.219030 123.221169 123.223308 123.225447 123.227587 123.229726 123.231865 123.234004 123.236144 123.238283
123.106865 123.109004 123.111144 123.113283 123.115422 123.117562 123.119701 123.121840 123.123979 123.126070 123.128209 123.130348 123.132487 123.134627 123.136766 123.138905 123.141044 123.143184 123.145323 123.147462 123.149602 123.151741 123.153880 123.156019 123.158159 123.160298 123.162437 123.164576 123.166667 123.168806 123.170945 123.173084 123.175224 123.177363 123.179502 123.181641 123.183781 123.185920 123.188059 123.190199 123.192338 123.194477 123.196616 123.198756 123.200895 123.203034 123.205173 123.207313 123.209403 123.211542 123.213681 123.215821 123.217960 123.220099 123.222239 123.224378 123.226517
123.096169 123.098308 123.100447 123.102587 123.104726 123.106865 123.109004 123.111144 123.113283 123.115422 123.117562 123.119701 123.121840 123.123979 123.126070 123.128209 123.130348 123.132487 123.134627 123.136766 123.138905 123.141044 123.143184 123.145323 123.147462 123.149602 123.151741 123.153880 123.156019 123.158159 123.160298 123.162437 123.164576 123.166667 123.168806 123.170945 123.173084 123.175224 123.177363 123.179502 123.181641 123.183781 123.185920 123.188059 123.190199 123.192338 123.194477 123.196616 123.198756 123.200895 123.203034 123.205173 123.207313 123.209403 123.211542 123.213681 123.215821
123.090821 123.092960 123.095099 123.097239 123.099378 123.101517 123.103656 123.105796 123.107935 123.110074 123.112213 123.114353 123.116492 123.118631 123.120770 123.122910 123.126070 123.128209 123.130348 123.132487 123.134627 123.136766 123.138905 123.141044 123.143184 123.145323 123.147462 123.149602 123.151741 123.153880 123.156019 123.158159 123.160298 123.162437 123.164576 123.166667 123.168806 123.170945 123.173084 123.175224 123.177363 123.179502 123.181641 123.183781 123.185920 123.188059 123.190199 123.192338 123.194477 123.196616 123.198756 123.200895 123.203034 123.205173 123.207313 123.209403 123.211542
123.097239 123.099378 123.101517 123.103656 123.105796 123.107935 123.110074 123.112213 123.114353 123.116492 123.118631 123.120770 123.122910 123.125000 123.127139 123.129279 123.131418 123.133557 123.135696 123.137836 123.139975 123.142114 123.144253 123.146393 123.148532 123.150671 123.152810 123.154950 123.157089 123.159228 123.161367 123.163507 123.165646 123.167736 123.169876 123.172015 123.174154 123.176293 123.178433 123.180572 123.182711 123.184850 123.186990 123.189129 123.191268 123.193407 123.195547 123.197686 123.199825 123.201964 123.204104 123.206243 123.208333 123.210473 123.212612 123.214751 123.216890
123.109004 123.111144 123.113283 123.115422 123.117562 123.119701 123.121840 123.123979 123.126070 123.128209 123.130348 123.132487 123.134627 123.136766 123.138905 123.141044 123.143184 123.145323 123.147462 123.149602 123.151741 123.153880 123.156019 123.158159 123.160298 123.162437 123.164576 123.166667 123.168806 123.170945 123.173084 123.175224 123.177363 123.179502 123.181641 123.183781 123.185920 123.188059 123.190199 123.192338 123.194477 123.196616 123.198756 123.200895 123.203034 123.205173 123.207313 123.209403 123.211542 123.213681 123.215821 123.217960 123.220099 123.222239 123.224378 123.226517 123.228656
