FireSTARR/test/constant/O1a_S000_A000_WD270_WS020/arrival.asc
ncols         210
nrows         47
xllcorner     425203.990666
yllcorner     12746455.311160
cellsize      100.000000
NODATA_value  0.000000
[rows 0 to 25 of 47, columns 0 to 56 of 210]
0.000000 0.000000 0.000000 0.000000 0.000000 0.000000 0.000000 0.000000 0.000000 0.000000 0.000000 0.000000 0.000000 0.000000 0.000000 0.000000 0.000000 0.000000 0.000000 0.000000 0.000000 0.000000 0.000000 0.000000 0.000000 0.000000 0.000000 0.000000 0.000000 0.000000 0.000000 0.000000 0.000000 0.000000 0.000000 0.000000 0.000000 0.000000 0.000000 0.000000 0.000000 0.000000 0.000000 0.000000 0.000000 0.000000 0.000000 0.000000 0.000000 0.000000 0.000000 0.000000 0.000000 0.000000 0.000000 0.000000 0.000000
0.000000 0.000000 0.000000 0.000000 0.000000 0.000000 0.000000 0.000000 0.000000 0.000000 0.000000 0.000000 0.000000 0.000000 0.000000 0.000000 0.000000 0.000000 0.000000 0.000000 0.000000 0.000000 0.000000 0.000000 0.000000 0.000000 0.000000 0.000000 0.000000 0.000000 0.000000 0.000000 0.000000 0.000000 0.000000 0.000000 0.000000 0.000000 0.000000 0.000000 0.000000 0.000000 0.000000 0.000000 0.000000 0.000000 0.000000 0.000000 0.000000 0.000000 0.000000 0.000000 0.000000 0.000000 0.000000 0.000000 0.000000
0.000000 0.000000 0.000000 0.000000 0.000000 0.000000 0.000000 0.000000 0.000000 0.000000 0.000000 0.000000 0.000000 0.000000 0.000000 0.000000 0.000000 0.000000 0.000000 0.000000 0.000000 0.000000 0.000000 0.000000 0.000000 0.000000 0.000000 0.000000 0.000000 0.000000 0.000000 0.000000 0.000000 0.000000 0.000000 0.000000 0.000000 0.000000 0.000000 0.000000 0.000000 0.000000 0.000000 0.000000 0.000000 0.000000 0.000000 0.000000 0.000000 0.000000 0.000000 0.000000 0.000000 0.000000 0.000000 0.000000 0.000000
0.000000 0.000000 0.000000 0.000000 0.000000 0.000000 0.000000 0.000000 0.000000 0.000000 0.000000 0.000000 0.000000 0.000000 0.000000 0.000000 0.000000 0.000000 0.000000 0.000000 0.000000 0.000000 0.000000 0.000000 0.000000 0.000000 0.000000 0.000000 0.000000 0.000000 0.000000 0.000000 0.000000 0.000000 0.000000 0.000000 0.000000 0.000000 0.000000 0.000000 0.000000 0.000000 0.000000 0.000000 0.000000 0.000000 0.000000 0.000000 0.000000 0.000000 0.000000 0.000000 0.000000 0.000000 0.000000 0.000000 0.000000
0.000000 0.000000 0.000000 0.000000 0.000000 0.000000 0.000000 0.000000 0.000000 0.000000 0.000000 0.000000 0.000000 0.000000 0.000000 0.000000 0.000000 0.000000 0.000000 0.000000 0.000000 0.000000 0.000000 0.000000 0.000000 0.000000 0.000000 0.000000 0.000000 0.000000 0.000000 0.000000 0.000000 0.000000 0.000000 0.000000 0.000000 0.000000 0.000000 0.000000 0.000000 0.000000 0.000000 0.000000 0.000000 0.000000 0.000000 0.000000 0.000000 0.000000 0.000000 123.416667 123.410298 123.404950 123.398532 123.392114 123.386766
0.000000 0.000000 0.000000 0.000000 0.000000 0.000000 0.000000 0.000000 0.000000 0.000000 0.000000 0.000000 0.000000 0.000000 0.000000 0.000000 0.000000 0.000000 0.000000 0.000000 0.000000 0.000000 0.000000 0.000000 0.000000 0.000000 0.000000 0.000000 0.000000 0.000000 0.000000 0.000000 0.000000 0.000000 0.000000 0.000000 0.000000 0.000000 0.000000 0.000000 0.000000 0.000000 0.000000 0.000000 0.000000 0.000000 123.412437 123.406019 123.399602 123.394253 123.387836 123.381418 123.375000 123.369701 123.363283 123.357935 123.351517
0.000000 0.000000 0.000000 0.000000 0.000000 0.000000 0.000000 0.000000 0.000000 0.000000 0.000000 0.000000 0.000000 0.000000 0.000000 0.000000 0.000000 0.000000 0.000000 0.000000 0.000000 0.000000 0.000000 0.000000 0.000000 0.000000 0.000000 0.000000 0.000000 0.000000 0.000000 0.000000 0.000000 0.000000 0.000000 0.000000 0.000000 0.000000 0.000000 0.000000 123.413507 123.407089 123.400671 123.395323 123.388905 123.383557 123.377139 123.370770 123.365422 123.359004 123.352587 123.347239 123.340821 123.335473 123.329104 123.322686 123.316268
0.000000 0.000000 0.000000 0.000000 0.000000 0.000000 0.000000 0.000000 0.000000 0.000000 0.000000 0.000000 0.000000 0.000000 0.000000 0.000000 0.000000 0.000000 0.000000 0.000000 0.000000 0.000000 0.000000 0.000000 0.000000 0.000000 0.000000 0.000000 0.000000 0.000000 0.000000 0.000000 0.000000 0.000000 123.414576 123.409228 123.402810 123.396393 123.389975 123.384627 123.378209 123.372910 123.366492 123.360074 123.354726 123.348308 123.341890 123.336542 123.330173 123.324825 123.318407 123.311990 123.305572 123.300224 123.293806 123.288507 123.282089
0.000000 0.000000 0.000000 0.000000 0.000000 0.000000 0.000000 0.000000 0.000000 0.000000 0.000000 0.000000 0.000000 0.000000 0.000000 0.000000 0.000000 0.000000 0.000000 0.000000 0.000000 0.000000 0.000000 0.000000 0.000000 0.000000 0.000000 0.000000 123.415646 123.410298 123.403880 123.397462 123.392114 123.385696 123.380348 123.373979 123.367562 123.362213 123.355796 123.350447 123.344030 123.337612 123.331243 123.325895 123.319477 123.313059 123.307711 123.301293 123.295945 123.289576 123.283159 123.277810 123.271393 123.264975 123.263905 123.266044 123.266044
0.000000 0.000000 0.000000 0.000000 0.000000 0.000000 0.000000 0.000000 0.000000 0.000000 0.000000 0.000000 0.000000 0.000000 0.000000 0.000000 0.000000 0.000000 0.000000 0.000000 0.000000 0.000000 0.000000 123.411367 123.404950 123.399602 123.393184 123.387836 123.381418 123.375000 123.369701 123.363283 123.356865 123.351517 123.345099 123.338681 123.333333 123.326964 123.320547 123.315199 123.308781 123.303433 123.297015 123.290646 123.285298 123.278880 123.272462 123.267114 123.260696 123.254279 123.247910 123.245770 123.246840 123.247910 123.248979 123.247910 123.248979
0.000000 0.000000 0.000000 0.000000 0.000000 0.000000 0.000000 0.000000 0.000000 0.000000 0.000000 0.000000 0.000000 0.000000 0.000000 0.000000 0.000000 123.412437 123.407089 123.400671 123.395323 123.388905 123.382487 123.377139 123.370770 123.364353 123.359004 123.352587 123.346169 123.339751 123.334403 123.328034 123.322686 123.316268 123.310920 123.304502 123.298084 123.292736 123.286367 123.279950 123.273532 123.268184 123.261766 123.255348 123.250000 123.243631 123.238283 123.231865 123.227587 123.227587 123.229726 123.230796 123.229726 123.230796 123.232935 123.234004 123.236144
0.000000 0.000000 0.000000 0.000000 0.000000 0.000000 0.000000 0.000000 0.000000 0.000000 0.000000 0.000000 0.000000 123.409228 123.396393 123.389975 123.384627 123.378209 123.371840 123.365422 123.360074 123.353656 123.347239 123.341890 123.335473 123.330173 123.323756 123.317338 123.311990 123.305572 123.299154 123.293806 123.287437 123.281019 123.275671 123.269253 123.262836 123.257487 123.251070 123.245770 123.239353 123.232935 123.227587 123.221169 123.215821 123.209403 123.209403 123.211542 123.211542 123.211542 123.211542 123.213681 123.215821 123.217960 123.219030 123.221169 123.223308
0.000000 0.000000 0.000000 0.000000 0.000000 0.000000 0.000000 0.000000 0.000000 0.000000 0.000000 123.412437 123.393184 123.375000 123.361144 123.354726 123.349378 123.342960 123.337612 123.331243 123.324825 123.319477 123.313059 123.306641 123.301293 123.294876 123.288507 123.283159 123.276741 123.270323 123.264975 123.258557 123.253209 123.246840 123.240422 123.235074 123.228656 123.222239 123.215821 123.210473 123.204104 123.198756 123.192338 123.191268 123.192338 123.193407 123.193407 123.194477 123.196616 123.197686 123.199825 123.200895 123.203034 123.204104 123.206243 123.207313 123.209403
0.000000 0.000000 0.000000 0.000000 0.000000 0.000000 0.000000 0.000000 0.000000 123.414576 123.396393 123.377139 123.359004 123.339751 123.325895 123.320547 123.314129 123.308781 123.302363 123.295945 123.290646 123.284228 123.277810 123.272462 123.266044 123.260696 123.254279 123.247910 123.241492 123.236144 123.229726 123.224378 123.217960 123.211542 123.206243 123.199825 123.193407 123.188059 123.181641 123.176293 123.173084 123.174154 123.175224 123.175224 123.176293 123.178433 123.179502 123.181641 123.182711 123.184850 123.185920 123.188059 123.189129 123.191268 123.193407 123.194477 123.196616
0.000000 0.000000 0.000000 0.000000 0.000000 0.000000 0.000000 0.000000 123.398532 123.380348 123.361144 123.342960 123.323756 123.305572 123.291667 123.285298 123.279950 123.273532 123.267114 123.261766 123.255348 123.250000 123.243631 123.237213 123.230796 123.225447 123.219030 123.213681 123.207313 123.200895 123.195547 123.189129 123.182711 123.177363 123.170945 123.164576 123.159228 123.154950 123.154950 123.157089 123.157089 123.157089 123.159228 123.161367 123.163507 123.164576 123.166667 123.167736 123.169876 123.172015 123.173084 123.175224 123.176293 123.178433 123.180572 123.182711 123.184850
0.000000 0.000000 0.000000 0.000000 0.000000 0.000000 123.401741 123.382487 123.364353 123.345099 123.326964 123.307711 123.288507 123.270323 123.256418 123.250000 123.244701 123.238283 123.232935 123.226517 123.221169 123.214751 123.208333 123.203034 123.196616 123.190199 123.184850 123.178433 123.172015 123.165646 123.160298 123.153880 123.148532 123.142114 123.136766 123.136766 123.138905 123.138905 123.139975 123.142114 123.143184 123.145323 123.146393 123.148532 123.149602 123.150671 123.152810 123.154950 123.157089 123.158159 123.160298 123.162437 123.164576 123.166667 123.168806 123.170945 123.173084
0.000000 0.000000 0.000000 0.000000 123.404950 123.385696 123.367562 123.348308 123.329104 123.310920 123.291667 123.273532 123.254279 123.235074 123.222239 123.215821 123.210473 123.204104 123.197686 123.191268 123.185920 123.179502 123.174154 123.167736 123.161367 123.156019 123.149602 123.144253 123.137836 123.131418 123.126070 123.119701 123.117562 123.119701 123.120770 123.121840 123.123979 123.125000 123.127139 123.128209 123.129279 123.131418 123.133557 123.134627 123.136766 123.138905 123.141044 123.143184 123.145323 123.147462 123.149602 123.151741 123.153880 123.156019 123.158159 123.160298 123.162437
0.000000 0.000000 0.000000 123.400671 123.370770 123.350447 123.332313 123.313059 123.294876 123.275671 123.256418 123.238283 123.219030 123.200895 123.186990 123.180572 123.175224 123.168806 123.163507 123.157089 123.151741 123.145323 123.138905 123.132487 123.127139 123.120770 123.114353 123.109004 123.102587 123.099378 123.100447 123.102587 123.103656 123.105796 123.106865 123.109004 123.110074 123.112213 123.113283 123.115422 123.117562 123.119701 123.120770 123.122910 123.125000 123.127139 123.129279 123.131418 123.133557 123.135696 123.137836 123.139975 123.142114 123.144253 123.146393 123.148532 123.150671
0.000000 0.000000 123.412437 123.383557 123.353656 123.324825 123.297015 123.278880 123.259627 123.240422 123.222239 123.203034 123.184850 123.165646 123.152810 123.146393 123.139975 123.134627 123.128209 123.121840 123.116492 123.110074 123.103656 123.098308 123.091890 123.086542 123.081243 123.082313 123.084403 123.085473 123.087612 123.088681 123.090821 123.091890 123.094030 123.095099 123.097239 123.099378 123.100447 123.102587 123.104726 123.106865 123.109004 123.111144 123.113283 123.115422 123.117562 123.119701 123.121840 123.123979 123.126070 123.128209 123.130348 123.132487 123.134627 123.136766 123.138905
0.000000 0.000000 123.395323 123.366492 123.336542 123.307711 123.278880 123.250000 123.225447 123.206243 123.186990 123.168806 123.149602 123.131418 123.117562 123.111144 123.105796 123.099378 123.092960 123.087612 123.081243 123.075895 123.069477 123.063059 123.063059 123.065199 123.066268 123.068407 123.069477 123.071616 123.073756 123.075895 123.076964 123.079104 123.081243 123.083333 123.085473 123.087612 123.089751 123.091890 123.094030 123.096169 123.098308 123.100447 123.102587 123.104726 123.106865 123.109004 123.111144 123.113283 123.115422 123.117562 123.119701 123.121840 123.123979 123.125000 123.127139
0.000000 123.407089 123.378209 123.349378 123.320547 123.290646 123.261766 123.232935 123.204104 123.175224 123.152810 123.133557 123.115422 123.096169 123.082313 123.075895 123.070547 123.065199 123.058781 123.052363 123.047015 123.044876 123.047015 123.047015 123.049154 123.051293 123.053433 123.054502 123.056641 123.058781 123.060920 123.063059 123.065199 123.067338 123.069477 123.071616 123.073756 123.075895 123.078034 123.080173 123.082313 123.084403 123.086542 123.088681 123.090821 123.092960 123.095099 123.097239 123.099378 123.101517 123.103656 123.104726 123.106865 123.109004 123.111144 123.113283 123.115422
0.000000 123.389975 123.361144 123.332313 123.303433 123.273532 123.244701 123.215821 123.186990 123.158159 123.128209 123.099378 123.080173 123.060920 123.048084 123.041667 123.036367 123.029950 123.026741 123.027810 123.028880 123.031019 123.033159 123.034228 123.036367 123.038507 123.040646 123.042736 123.044876 123.047015 123.049154 123.051293 123.053433 123.055572 123.057711 123.059850 123.061990 123.064129 123.066268 123.068407 123.070547 123.072686 123.074825 123.076964 123.079104 123.081243 123.083333 123.085473 123.087612 123.089751 123.091890 123.094030 123.096169 123.098308 123.100447 123.102587 123.104726
123.401741 123.372910 123.344030 123.315199 123.285298 123.256418 123.227587 123.198756 123.169876 123.139975 123.111144 123.082313 123.053433 123.026741 123.012836 123.008557 123.008557 123.010696 123.012836 123.014975 123.017114 123.019253 123.021393 123.023532 123.025671 123.027810 123.029950 123.032089 123.034228 123.036367 123.038507 123.040646 123.042736 123.044876 123.047015 123.049154 123.051293 123.053433 123.055572 123.057711 123.059850 123.061990 123.064129 123.066268 123.068407 123.070547 123.072686 123.074825 123.076964 123.079104 123.081243 123.083333 123.085473 123.087612 123.089751 123.091890 123.094030
123.394253 123.365422 123.336542 123.306641 123.277810 123.248979 123.220099 123.191268 123.162437 123.132487 123.103656 123.074825 123.045945 123.017114 123.000000 123.001070 123.003209 123.005348 123.007487 123.009627 123.011766 123.013905 123.016044 123.018184 123.020323 123.022462 123.024602 123.026741 123.028880 123.031019 123.033159 123.035298 123.037437 123.039576 123.041667 123.043806 123.045945 123.048084 123.050224 123.052363 123.054502 123.056641 123.058781 123.060920 123.063059 123.065199 123.067338 123.069477 123.071616 123.073756 123.075895 123.078034 123.080173 123.082313 123.084403 123.086542 123.088681
123.403880 123.375000 123.346169 123.316268 123.287437 123.258557 123.229726 123.200895 123.170945 123.142114 123.113283 123.084403 123.055572 123.029950 123.017114 123.010696 123.010696 123.012836 123.014975 123.017114 123.019253 123.021393 123.023532 123.025671 123.027810 123.029950 123.032089 123.034228 123.036367 123.038507 123.040646 123.042736 123.044876 123.047015 123.049154 123.051293 123.053433 123.055572 123.057711 123.059850 123.061990 123.064129 123.066268 123.068407 123.070547 123.072686 123.074825 123.076964 123.079104 123.081243 123.083333 123.085473 123.087612 123.089751 123.091890 123.094030 123.096169
0.000000 123.392114 123.363283 123.334403 123.304502 123.275671 123.246840 123.217960 123.189129 123.159228 123.130348 123.102587 123.084403 123.065199 123.051293 123.045945 123.039576 123.034228 123.028880 123.028880 123.031019 123.033159 123.034228 123.036367 123.038507 123.040646 123.042736 123.044876 123.047015 123.049154 123.051293 123.053433 123.055572 123.057711 123.059850 123.061990 123.064129 123.066268 123.068407 123.070547 123.072686 123.074825 123.076964 123.079104 123.081243 123.083333 123.085473 123.087612 123.089751 123.091890 123.094030 123.096169 123.098308 123.100447 123.102587 123.104726 123.106865
