FireSTARR/test/constant/O1a_S000_A000_WD270_WS020/arrival.asc
ncols         210
nrows         47
xllcorner     425203.990666
yllcorner     12746455.311160
cellsize      100.000000
NODATA_value  0.000000
[rows 0 to 25 of 47, columns 114 to 170 of 210]
0.000000 0.000000 0.000000 0.000000 0.000000 0.000000 0.000000 0.000000 0.000000 0.000000 0.000000 0.000000 0.000000 0.000000 0.000000 0.000000 0.000000 0.000000 0.000000 0.000000 0.000000 0.000000 0.000000 0.000000 0.000000 0.000000 0.000000 0.000000 0.000000 0.000000 0.000000 0.000000 0.000000 0.000000 0.000000 0.000000 0.000000 0.000000 0.000000 0.000000 0.000000 0.000000 0.000000 0.000000 0.000000 0.000000 0.000000 0.000000 0.000000 0.000000 0.000000 0.000000 0.000000 0.000000 0.000000 0.000000 0.000000
0.000000 0.000000 0.000000 0.000000 0.000000 0.000000 0.000000 0.000000 0.000000 0.000000 0.000000 0.000000 0.000000 0.000000 0.000000 0.000000 0.000000 0.000000 0.000000 0.000000 0.000000 0.000000 0.000000 0.000000 0.000000 0.000000 0.000000 0.000000 0.000000 0.000000 0.000000 0.000000 0.000000 0.000000 0.000000 0.000000 0.000000 0.000000 0.000000 0.000000 0.000000 0.000000 0.000000 0.000000 0.000000 0.000000 0.000000 0.000000 0.000000 0.000000 0.000000 0.000000 0.000000 0.000000 0.000000 0.000000 0.000000
0.000000 0.000000 0.000000 0.000000 0.000000 0.000000 0.000000 0.000000 0.000000 0.000000 0.000000 0.000000 0.000000 0.000000 0.000000 0.000000 0.000000 0.000000 0.000000 0.000000 0.000000 0.000000 0.000000 0.000000 0.000000 0.000000 0.000000 0.000000 0.000000 0.000000 0.000000 0.000000 0.000000 0.000000 0.000000 0.000000 0.000000 0.000000 0.000000 0.000000 0.000000 0.000000 0.000000 0.000000 0.000000 0.000000 0.000000 0.000000 0.000000 0.000000 0.000000 0.000000 0.000000 0.000000 0.000000 0.000000 0.000000
0.000000 0.000000 0.000000 0.000000 0.000000 0.000000 0.000000 0.000000 0.000000 0.000000 0.000000 0.000000 0.000000 0.000000 0.000000 0.000000 0.000000 0.000000 0.000000 0.000000 0.000000 0.000000 0.000000 0.000000 0.000000 0.000000 0.000000 0.000000 0.000000 0.000000 0.000000 0.000000 0.000000 0.000000 0.000000 0.000000 0.000000 0.000000 0.000000 0.000000 0.000000 0.000000 0.000000 0.000000 0.000000 0.000000 0.000000 0.000000 0.000000 0.000000 0.000000 0.000000 0.000000 0.000000 0.000000 0.000000 0.000000
0.000000 0.000000 0.000000 0.000000 0.000000 0.000000 0.000000 0.000000 0.000000 0.000000 0.000000 0.000000 0.000000 0.000000 0.000000 0.000000 0.000000 0.000000 0.000000 0.000000 0.000000 0.000000 0.000000 0.000000 0.000000 0.000000 0.000000 0.000000 0.000000 0.000000 0.000000 0.000000 0.000000 0.000000 0.000000 0.000000 0.000000 0.000000 0.000000 0.000000 0.000000 0.000000 0.000000 0.000000 0.000000 0.000000 0.000000 0.000000 0.000000 0.000000 0.000000 0.000000 0.000000 0.000000 0.000000 0.000000 0.000000
123.409228 123.411367 123.413507 123.415646 0.000000 0.000000 0.000000 0.000000 0.000000 0.000000 0.000000 0.000000 0.000000 0.000000 0.000000 0.000000 0.000000 0.000000 0.000000 0.000000 0.000000 0.000000 0.000000 0.000000 0.000000 0.000000 0.000000 0.000000 0.000000 0.000000 0.000000 0.000000 0.000000 0.000000 0.000000 0.000000 0.000000 0.000000 0.000000 0.000000 0.000000 0.000000 0.000000 0.000000 0.000000 0.000000 0.000000 0.000000 0.000000 0.000000 0.000000 0.000000 0.000000 0.000000 0.000000 0.000000 0.000000
123.397462 123.399602 123.401741 123.403880 123.404950 123.407089 123.409228 123.411367 123.413507 123.415646 0.000000 0.000000 0.000000 0.000000 0.000000 0.000000 0.000000 0.000000 0.000000 0.000000 0.000000 0.000000 0.000000 0.000000 0.000000 0.000000 0.000000 0.000000 0.000000 0.000000 0.000000 0.000000 0.000000 0.000000 0.000000 0.000000 0.000000 0.000000 0.000000 0.000000 0.000000 0.000000 0.000000 0.000000 0.000000 0.000000 0.000000 0.000000 0.000000 0.000000 0.000000 0.000000 0.000000 0.000000 0.000000 0.000000 0.000000
123.385696 123.387836 123.389975 123.392114 123.394253 123.396393 123.398532 123.400671 123.402810 123.404950 123.407089 123.409228 123.411367 123.413507 123.415646 0.000000 0.000000 0.000000 0.000000 0.000000 0.000000 0.000000 0.000000 0.000000 0.000000 0.000000 0.000000 0.000000 0.000000 0.000000 0.000000 0.000000 0.000000 0.000000 0.000000 0.000000 0.000000 0.000000 0.000000 0.000000 0.000000 0.000000 0.000000 0.000000 0.000000 0.000000 0.000000 0.000000 0.000000 0.000000 0.000000 0.000000 0.000000 0.000000 0.000000 0.000000 0.000000
123.373979 123.376070 123.378209 123.380348 123.382487 123.384627 123.386766 123.388905 123.391044 123.393184 123.395323 123.397462 123.399602 123.401741 123.403880 123.406019 123.408159 123.410298 123.411367 123.413507 123.415646 0.000000 0.000000 0.000000 0.000000 0.000000 0.000000 0.000000 0.000000 0.000000 0.000000 0.000000 0.000000 0.000000 0.000000 0.000000 0.000000 0.000000 0.000000 0.000000 0.000000 0.000000 0.000000 0.000000 0.000000 0.000000 0.000000 0.000000 0.000000 0.000000 0.000000 0.000000 0.000000 0.000000 0.000000 0.000000 0.000000
123.362213 123.364353 123.366492 123.368631 123.370770 123.372910 123.375000 123.377139 123.379279 123.381418 123.383557 123.385696 123.387836 123.388905 123.391044 123.393184 123.395323 123.397462 123.399602 123.401741 123.403880 123.406019 123.408159 123.410298 123.412437 123.414576 123.416667 0.000000 0.000000 0.000000 0.000000 0.000000 0.000000 0.000000 0.000000 0.000000 0.000000 0.000000 0.000000 0.000000 0.000000 0.000000 0.000000 0.000000 0.000000 0.000000 0.000000 0.000000 0.000000 0.000000 0.000000 0.000000 0.000000 0.000000 0.000000 0.000000 0.000000
123.350447 123.352587 123.354726 123.356865 123.359004 123.361144 123.363283 123.365422 123.367562 123.369701 123.371840 123.373979 123.376070 123.378209 123.380348 123.382487 123.384627 123.386766 123.388905 123.391044 123.393184 123.395323 123.397462 123.398532 123.400671 123.402810 123.404950 123.407089 123.409228 123.411367 123.413507 123.415646 0.000000 0.000000 0.000000 0.000000 0.000000 0.000000 0.000000 0.000000 0.000000 0.000000 0.000000 0.000000 0.000000 0.000000 0.000000 0.000000 0.000000 0.000000 0.000000 0.000000 0.000000 0.000000 0.000000 0.000000 0.000000
123.339751 123.341890 123.344030 123.346169 123.348308 123.350447 123.352587 123.354726 123.356865 123.359004 123.361144 123.363283 123.365422 123.367562 123.369701 123.371840 123.373979 123.376070 123.377139 123.379279 123.381418 123.383557 123.385696 123.387836 123.389975 123.392114 123.394253 123.396393 123.398532 123.400671 123.402810 123.404950 123.407089 123.409228 123.411367 123.413507 123.415646 0.000000 0.000000 0.000000 0.000000 0.000000 0.000000 0.000000 0.000000 0.000000 0.000000 0.000000 0.000000 0.000000 0.000000 0.000000 0.000000 0.000000 0.000000 0.000000 0.000000
123.328034 123.330173 123.332313 123.334403 123.336542 123.338681 123.340821 123.342960 123.345099 123.347239 123.349378 123.351517 123.353656 123.355796 123.357935 123.360074 123.362213 123.364353 123.366492 123.368631 123.370770 123.372910 123.375000 123.377139 123.379279 123.381418 123.383557 123.385696 123.387836 123.389975 123.392114 123.394253 123.396393 123.398532 123.400671 123.402810 123.404950 123.407089 123.409228 123.411367 123.413507 123.415646 0.000000 0.000000 0.000000 0.000000 0.000000 0.000000 0.000000 0.000000 0.000000 0.000000 0.000000 0.000000 0.000000 0.000000 0.000000
123.317338 123.319477 123.321616 123.323756 123.325895 123.328034 123.330173 123.332313 123.333333 123.335473 123.337612 123.339751 123.341890 123.344030 123.346169 123.348308 123.350447 123.352587 123.354726 123.356865 123.359004 123.361144 123.363283 123.365422 123.367562 123.369701 123.371840 123.373979 123.376070 123.378209 123.380348 123.382487 123.384627 123.386766 123.388905 123.391044 123.393184 123.395323 123.397462 123.399602 123.401741 123.403880 123.406019 123.408159 123.410298 123.412437 123.414576 0.000000 0.000000 0.000000 0.000000 0.000000 0.000000 0.000000 0.000000 0.000000 0.000000
123.306641 123.308781 123.310920 123.313059 123.314129 123.316268 123.318407 123.320547 123.322686 123.324825 123.326964 123.329104 123.331243 123.333333 123.335473 123.337612 123.339751 123.341890 123.344030 123.346169 123.348308 123.350447 123.352587 123.354726 123.356865 123.359004 123.361144 123.363283 123.365422 123.367562 123.369701 123.371840 123.373979 123.376070 123.378209 123.380348 123.382487 123.384627 123.386766 123.388905 123.391044 123.393184 123.395323 123.397462 123.399602 123.401741 123.403880 123.406019 123.408159 123.410298 123.412437 123.414576 123.416667 0.000000 0.000000 0.000000 0.000000
123.294876 123.295945 123.298084 123.300224 123.302363 123.304502 123.306641 123.308781 123.310920 123.313059 123.315199 123.317338 123.319477 123.321616 123.323756 123.325895 123.328034 123.330173 123.332313 123.334403 123.336542 123.338681 123.340821 123.342960 123.345099 123.347239 123.349378 123.351517 123.353656 123.355796 123.357935 123.360074 123.362213 123.364353 123.366492 123.368631 123.370770 123.372910 123.375000 123.377139 123.379279 123.381418 123.383557 123.385696 123.387836 123.389975 123.392114 123.394253 123.396393 123.398532 123.400671 123.402810 123.404950 123.407089 123.409228 123.411367 123.413507
123.283159 123.285298 123.287437 123.289576 123.291667 123.293806 123.295945 123.298084 123.300224 123.302363 123.304502 123.306641 123.308781 123.310920 123.313059 123.315199 123.317338 123.319477 123.321616 123.323756 123.325895 123.328034 123.330173 123.332313 123.334403 123.336542 123.338681 123.340821 123.342960 123.345099 123.347239 123.349378 123.351517 123.353656 123.355796 123.357935 123.360074 123.362213 123.364353 123.366492 123.368631 123.370770 123.372910 123.375000 123.377139 123.379279 123.381418 123.383557 123.385696 123.387836 123.389975 123.392114 123.394253 123.396393 123.398532 123.400671 123.402810
123.272462 123.274602 123.276741 123.278880 123.281019 123.283159 123.285298 123.287437 123.289576 123.291667 123.293806 123.295945 123.298084 123.300224 123.302363 123.304502 123.306641 123.308781 123.310920 123.313059 123.315199 123.317338 123.319477 123.321616 123.323756 123.325895 123.328034 123.330173 123.332313 123.334403 123.336542 123.337612 123.339751 123.341890 123.344030 123.346169 123.348308 123.350447 123.352587 123.354726 123.356865 123.359004 123.361144 123.363283 123.365422 123.367562 123.369701 123.371840 123.373979 123.376070 123.378209 123.380348 123.382487 123.384627 123.386766 123.388905 123.391044
123.260696 123.262836 123.264975 123.267114 123.269253 123.271393 123.273532 123.275671 123.277810 123.279950 123.282089 123.284228 123.286367 123.288507 123.290646 123.292736 123.294876 123.297015 123.299154 123.301293 123.303433 123.305572 123.307711 123.309850 123.311990 123.314129 123.316268 123.318407 123.320547 123.322686 123.324825 123.326964 123.329104 123.331243 123.333333 123.335473 123.337612 123.339751 123.341890 123.344030 123.346169 123.348308 123.350447 123.352587 123.354726 123.356865 123.359004 123.361144 123.363283 123.365422 123.367562 123.369701 123.371840 123.373979 123.377139 123.379279 123.381418
123.250000 123.252139 123.254279 123.256418 123.258557 123.260696 123.262836 123.264975 123.267114 123.269253 123.271393 123.273532 123.275671 123.277810 123.279950 123.282089 123.284228 123.286367 123.288507 123.290646 123.293806 123.295945 123.298084 123.300224 123.302363 123.304502 123.306641 123.308781 123.310920 123.313059 123.315199 123.317338 123.319477 123.321616 123.323756 123.325895 123.328034 123.330173 123.332313 123.334403 123.336542 123.338681 123.340821 123.342960 123.345099 123.347239 123.349378 123.351517 123.353656 123.355796 123.357935 123.360074 123.362213 123.364353 123.366492 123.368631 123.370770
123.240422 123.242562 123.244701 123.246840 123.248979 123.251070 123.253209 123.255348 123.257487 123.259627 123.261766 123.263905 123.266044 123.268184 123.270323 123.272462 123.274602 123.276741 123.278880 123.281019 123.283159 123.285298 123.287437 123.289576 123.291667 123.293806 123.295945 123.298084 123.300224 123.302363 123.304502 123.306641 123.308781 123.310920 123.313059 123.315199 123.317338 123.319477 123.321616 123.323756 123.325895 123.328034 123.330173 123.332313 123.334403 123.336542 123.338681 123.340821 123.342960 123.345099 123.347239 123.349378 123.351517 123.353656 123.355796 123.357935 123.360074
123.228656 123.230796 123.232935 123.235074 123.237213 123.239353 123.241492 123.243631 123.245770 123.247910 123.250000 123.252139 123.254279 123.256418 123.258557 123.260696 123.262836 123.264975 123.267114 123.269253 123.271393 123.273532 123.275671 123.277810 123.279950 123.282089 123.284228 123.286367 123.288507 123.290646 123.292736 123.294876 123.297015 123.299154 123.301293 123.303433 123.305572 123.307711 123.309850 123.311990 123.314129 123.316268 123.318407 123.320547 123.322686 123.324825 123.326964 123.329104 123.331243 123.333333 123.335473 123.337612 123.339751 123.341890 123.344030 123.346169 123.348308
123.217960 123.220099 123.222239 123.224378 123.226517 123.228656 123.230796 123.232935 123.235074 123.237213 123.239353 123.241492 123.243631 123.245770 123.247910 123.250000 123.252139 123.254279 123.256418 123.258557 123.260696 123.262836 123.264975 123.267114 123.269253 123.271393 123.273532 123.275671 123.277810 123.279950 123.282089 123.284228 123.286367 123.288507 123.290646 123.292736 123.294876 123.297015 123.299154 123.301293 123.303433 123.305572 123.307711 123.309850 123.311990 123.314129 123.316268 123.318407 123.320547 123.322686 123.324825 123.326964 123.329104 123.331243 123.333333 123.335473 123.337612
123.213681 123.215821 123.217960 123.220099 123.222239 123.224378 123.226517 123.228656 123.230796 123.232935 123.235074 123.237213 123.239353 123.241492 123.243631 123.245770 123.247910 123.250000 123.252139 123.254279 123.256418 123.258557 123.260696 123.262836 123.264975 123.267114 123.269253 123.271393 123.273532 123.275671 123.277810 123.279950 123.282089 123.284228 123.286367 123.288507 123.290646 123.292736 123.294876 123.297015 123.299154 123.301293 123.303433 123.305572 123.307711 123.309850 123.311990 123.314129 123.316268 123.318407 123.320547 123.322686 123.324825 123.326964 123.329104 123.331243 123.333333
123.219030 123.221169 123.223308 123.225447 123.227587 123.229726 123.231865 123.234004 123.236144 123.238283 123.240422 123.242562 123.244701 123.246840 123.248979 123.251070 123.253209 123.255348 123.257487 123.259627 123.261766 123.263905 123.266044 123.268184 123.270323 123.272462 123.274602 123.276741 123.278880 123.281019 123.283159 123.285298 123.287437 123.289576 123.291667 123.293806 123.295945 123.298084 123.300224 123.302363 123.304502 123.306641 123.308781 123.310920 123.313059 123.315199 123.317338 123.319477 123.321616 123.323756 123.325895 123.328034 123.330173 123.332313 123.335473 123.337612 123.339751
123.230796 123.232935 123.235074 123.237213 123.239353 123.241492 123.243631 123.245770 123.247910 123.250000 123.252139 123.254279 123.256418 123.258557 123.260696 123.262836 123.264975 123.267114 123.269253 123.271393 123.273532 123.275671 123.277810 123.279950 123.282089 123.284228 123.286367 123.288507 123.290646 123.292736 123.294876 123.295945 123.298084 123.300224 123.302363 123.304502 123.306641 123.308781 123.310920 123.313059 123.315199 123.317338 123.319477 123.321616 123.323756 123.325895 123.328034 123.330173 123.332313 123.334403 123.336542 123.338681 123.340821 123.342960 123.345099 123.347239 123.349378
