FireSTARR/test/constant/O1a_S060_A270_WD180_WS020/arrival.asc
ncols         59
nrows         748
xllcorner     423703.990666
yllcorner     12748755.311160
cellsize      100.000000
NODATA_value  0.000000
[rows 624 to 649 of 748, columns 0 to 57 of 59]
0.000000 0.000000 0.000000 0.000000 0.000000 0.000000 123.365416 123.309242 123.298083 123.286825 123.275666 123.264507 123.253348 123.242369 123.230931 123.219771 123.208612 123.197633 123.186474 123.175315 123.164057 123.152898 123.141739 123.130580 123.119322 123.108162 123.097003 123.085844 123.074865 123.068449 123.073470 123.084728 123.095887 123.107046 123.118206 123.129185 123.140344 123.151503 123.162662 123.173920 123.185079 123.196238 123.207397 123.218656 123.229815 123.240974 123.251953 123.263112 123.274550 123.285709 123.296688 123.307847 123.358720 0.000000 0.000000 0.000000 0.000000 0.000000
0.000000 0.000000 0.000000 0.000000 0.000000 0.000000 123.369600 123.308963 123.297525 123.286267 123.275108 123.263949 123.252790 123.241811 123.230373 123.219213 123.208234 123.197075 123.185916 123.174757 123.163499 123.152340 123.141181 123.130022 123.118764 123.107604 123.096445 123.085286 123.074307 123.067891 123.072912 123.084170 123.095329 123.106489 123.117648 123.128627 123.139786 123.150945 123.162104 123.173362 123.184521 123.195680 123.206840 123.218098 123.229257 123.240416 123.251395 123.262554 123.273992 123.285151 123.296130 123.307289 123.363742 0.000000 0.000000 0.000000 0.000000 0.000000
0.000000 0.000000 0.000000 0.000000 0.000000 0.000000 123.379185 123.318728 123.296967 123.285709 123.274550 123.263391 123.252232 123.241253 123.229815 123.218656 123.207676 123.196517 123.185358 123.174199 123.162941 123.151782 123.140623 123.129464 123.118206 123.107046 123.095887 123.084728 123.073749 123.067333 123.072354 123.083612 123.094771 123.105931 123.117090 123.128069 123.139228 123.150387 123.161546 123.172804 123.183963 123.195122 123.206282 123.217540 123.228699 123.239858 123.250837 123.261996 123.273434 123.284593 123.295572 123.310916 123.370716 0.000000 0.000000 0.000000 0.000000 0.000000
0.000000 0.000000 0.000000 0.000000 0.000000 0.000000 123.385322 123.323191 123.296409 123.285151 123.273992 123.262833 123.251674 123.240695 123.229257 123.218098 123.207119 123.195959 123.184800 123.173641 123.162383 123.151224 123.140065 123.128906 123.117648 123.106489 123.095329 123.084170 123.073191 123.066775 123.071796 123.082955 123.094213 123.105373 123.116532 123.127511 123.138670 123.149829 123.160988 123.172246 123.183405 123.194564 123.205724 123.216982 123.228141 123.239300 123.250279 123.261438 123.272876 123.284035 123.295014 123.320122 123.379185 0.000000 0.000000 0.000000 0.000000 0.000000
0.000000 0.000000 0.000000 0.000000 0.000000 0.000000 123.392297 123.335007 123.295851 123.284593 123.273434 123.262275 123.251116 123.240137 123.228699 123.217540 123.206561 123.195401 123.184242 123.173083 123.161825 123.150666 123.139507 123.128348 123.117090 123.105931 123.094771 123.083612 123.072633 123.066217 123.071238 123.082397 123.093656 123.104815 123.115974 123.126953 123.138112 123.149271 123.160430 123.171688 123.182847 123.194007 123.205166 123.216424 123.227583 123.238742 123.249901 123.260880 123.272318 123.283477 123.294456 123.330724 123.397318 0.000000 0.000000 0.000000 0.000000 0.000000
0.000000 0.000000 0.000000 0.000000 0.000000 0.000000 123.405130 123.345050 123.295293 123.284035 123.272876 123.261717 123.250558 123.239579 123.228141 123.216982 123.206003 123.194843 123.183684 123.172525 123.161267 123.150108 123.138949 123.127790 123.116532 123.105373 123.094213 123.082955 123.072075 123.065659 123.070680 123.081840 123.093098 123.104257 123.115416 123.126395 123.137554 123.148713 123.159872 123.171130 123.182289 123.193449 123.204608 123.215866 123.227025 123.238184 123.249343 123.260322 123.271760 123.282919 123.293898 123.335286 123.402340 0.000000 0.000000 0.000000 0.000000 0.000000
0.000000 0.000000 0.000000 0.000000 0.000000 0.000000 123.416010 123.352304 123.294735 123.283477 123.272318 123.261159 123.249901 123.239021 123.227583 123.216424 123.205445 123.194286 123.183126 123.171967 123.160709 123.149550 123.138391 123.127232 123.115974 123.104815 123.093656 123.082397 123.071517 123.065101 123.070122 123.081282 123.092540 123.103699 123.114858 123.125837 123.136996 123.148155 123.159314 123.170572 123.181731 123.192891 123.204050 123.215308 123.226467 123.237626 123.248785 123.259764 123.271202 123.282361 123.293341 123.346724 0.000000 0.000000 0.000000 0.000000 0.000000 0.000000
0.000000 0.000000 0.000000 0.000000 0.000000 0.000000 0.000000 123.362068 123.297525 123.282919 123.271760 123.260601 123.249343 123.238463 123.227025 123.215866 123.204887 123.193728 123.182568 123.171409 123.160151 123.148992 123.137833 123.126674 123.115416 123.104257 123.093098 123.081840 123.070959 123.064543 123.069564 123.080724 123.091982 123.103141 123.114300 123.125279 123.136438 123.147597 123.158756 123.170014 123.181174 123.192333 123.203492 123.214750 123.225909 123.237068 123.248227 123.259206 123.270644 123.281804 123.293062 123.351467 0.000000 0.000000 0.000000 0.000000 0.000000 0.000000
0.000000 0.000000 0.000000 0.000000 0.000000 0.000000 0.000000 123.364858 123.305337 123.282361 123.271202 123.260043 123.248785 123.237905 123.226467 123.215308 123.204329 123.193170 123.182010 123.170851 123.159593 123.148434 123.137275 123.126116 123.114858 123.103699 123.092540 123.081282 123.070401 123.063985 123.069007 123.080166 123.091424 123.102583 123.113742 123.124901 123.135880 123.147039 123.158198 123.169456 123.180616 123.191775 123.202934 123.214192 123.225351 123.236510 123.247669 123.258648 123.270086 123.281246 123.298083 123.359836 0.000000 0.000000 0.000000 0.000000 0.000000 0.000000
0.000000 0.000000 0.000000 0.000000 0.000000 0.000000 0.000000 123.375279 123.312869 123.281804 123.270644 123.259485 123.248227 123.237347 123.225909 123.214750 123.203771 123.192612 123.181453 123.170293 123.159035 123.147876 123.136717 123.125558 123.114300 123.103141 123.091982 123.080724 123.069843 123.063427 123.068449 123.079608 123.090866 123.102025 123.113184 123.124343 123.135322 123.146481 123.157640 123.168898 123.180058 123.191217 123.202376 123.213634 123.224793 123.235952 123.247111 123.258090 123.269528 123.280688 123.308963 123.373506 0.000000 0.000000 0.000000 0.000000 0.000000 0.000000
0.000000 0.000000 0.000000 0.000000 0.000000 0.000000 0.000000 123.383369 123.324586 123.281246 123.270086 123.258927 123.247669 123.236789 123.225351 123.214192 123.203213 123.192054 123.180895 123.169735 123.158477 123.147318 123.136159 123.124901 123.113742 123.102583 123.091424 123.080166 123.069286 123.062869 123.067891 123.079050 123.090308 123.101467 123.112626 123.123785 123.134764 123.145923 123.157082 123.168341 123.179500 123.190659 123.201818 123.213076 123.224235 123.235394 123.246553 123.257532 123.268971 123.280130 123.319564 123.383090 0.000000 0.000000 0.000000 0.000000 0.000000 0.000000
0.000000 0.000000 0.000000 0.000000 0.000000 0.000000 0.000000 123.395644 123.329887 123.280688 123.269528 123.258369 123.247111 123.236231 123.224793 123.213634 123.202655 123.191496 123.180337 123.169177 123.157919 123.146760 123.135601 123.124343 123.113184 123.102025 123.090866 123.079608 123.068728 123.062311 123.067333 123.078492 123.089750 123.100909 123.112068 123.123227 123.134206 123.145365 123.156525 123.167783 123.178942 123.190101 123.201260 123.212518 123.223677 123.234836 123.245995 123.256974 123.268413 123.279572 123.325702 123.395365 0.000000 0.000000 0.000000 0.000000 0.000000 0.000000
0.000000 0.000000 0.000000 0.000000 0.000000 0.000000 0.000000 123.400108 123.339471 123.280409 123.268971 123.257811 123.246553 123.235673 123.224235 123.213076 123.202097 123.190938 123.179779 123.168620 123.157361 123.146202 123.135043 123.123785 123.112626 123.101467 123.090308 123.079050 123.068170 123.061753 123.066775 123.077934 123.089192 123.100351 123.111510 123.122669 123.133648 123.144807 123.155967 123.167225 123.178384 123.189543 123.200702 123.211960 123.223119 123.234278 123.245437 123.256416 123.267855 123.279014 123.331282 123.407361 0.000000 0.000000 0.000000 0.000000 0.000000 0.000000
0.000000 0.000000 0.000000 0.000000 0.000000 0.000000 0.000000 123.416568 123.350630 123.283756 123.268413 123.257253 123.245995 123.235115 123.223677 123.212518 123.201539 123.190380 123.179221 123.168062 123.156804 123.145644 123.134485 123.123227 123.112068 123.100909 123.089750 123.078492 123.067612 123.061195 123.066217 123.077376 123.088634 123.099793 123.110952 123.122111 123.133090 123.144249 123.155409 123.166568 123.177826 123.188985 123.200144 123.211402 123.222561 123.233720 123.244879 123.255859 123.267297 123.278735 123.340029 123.414615 0.000000 0.000000 0.000000 0.000000 0.000000 0.000000
0.000000 0.000000 0.000000 0.000000 0.000000 0.000000 0.000000 0.000000 123.353420 123.294735 123.267855 123.256695 123.245437 123.234557 123.223119 123.211960 123.200981 123.189822 123.178663 123.167504 123.156246 123.145086 123.133927 123.122669 123.111510 123.100351 123.089192 123.077934 123.067054 123.060637 123.065659 123.076818 123.088076 123.099235 123.110394 123.121553 123.132532 123.143692 123.154851 123.166010 123.177268 123.188427 123.199586 123.210844 123.222003 123.233162 123.244322 123.255301 123.266739 123.288499 123.351746 0.000000 0.000000 0.000000 0.000000 0.000000 0.000000 0.000000
0.000000 0.000000 0.000000 0.000000 0.000000 0.000000 0.000000 0.000000 123.362068 123.306731 123.267297 123.256138 123.244879 123.233999 123.222561 123.211402 123.200423 123.189264 123.178105 123.166946 123.155688 123.144528 123.133369 123.122111 123.110952 123.099793 123.088634 123.077376 123.066496 123.060079 123.065101 123.076260 123.087518 123.098677 123.109836 123.120995 123.131974 123.143134 123.154293 123.165452 123.176710 123.187869 123.199028 123.210286 123.221445 123.232604 123.243764 123.254743 123.266181 123.300315 123.365695 0.000000 0.000000 0.000000 0.000000 0.000000 0.000000 0.000000
0.000000 0.000000 0.000000 0.000000 0.000000 0.000000 0.000000 0.000000 123.371832 123.310637 123.266739 123.255580 123.244322 123.233441 123.222003 123.210844 123.199865 123.188706 123.177547 123.166289 123.155130 123.143971 123.132811 123.121553 123.110394 123.099235 123.088076 123.076818 123.065938 123.059521 123.064543 123.075702 123.086960 123.098119 123.109278 123.120437 123.131416 123.142576 123.153735 123.164894 123.176152 123.187311 123.198470 123.209728 123.220887 123.232046 123.243206 123.254185 123.265623 123.306174 123.376395 0.000000 0.000000 0.000000 0.000000 0.000000 0.000000 0.000000
0.000000 0.000000 0.000000 0.000000 0.000000 0.000000 0.000000 0.000000 123.379185 123.321238 123.266181 123.255022 123.243764 123.232883 123.221445 123.210286 123.199307 123.188148 123.176989 123.165731 123.154572 123.143413 123.132253 123.120995 123.109836 123.098677 123.087518 123.076260 123.065380 123.058963 123.063985 123.075144 123.086402 123.097561 123.108720 123.119879 123.130859 123.142018 123.153177 123.164336 123.175594 123.186753 123.197912 123.209170 123.220329 123.231489 123.242648 123.253627 123.265065 123.311753 123.384206 0.000000 0.000000 0.000000 0.000000 0.000000 0.000000 0.000000
0.000000 0.000000 0.000000 0.000000 0.000000 0.000000 0.000000 0.000000 123.396760 123.333234 123.265902 123.254464 123.243206 123.232325 123.220887 123.209728 123.198749 123.187590 123.176431 123.165173 123.154014 123.142855 123.131695 123.120437 123.109278 123.098119 123.086960 123.075702 123.064822 123.058405 123.063427 123.074586 123.085844 123.097003 123.108162 123.119322 123.130301 123.141460 123.152619 123.163778 123.175036 123.186195 123.197354 123.208612 123.219771 123.230931 123.242090 123.253069 123.264507 123.318449 123.391460 0.000000 0.000000 0.000000 0.000000 0.000000 0.000000 0.000000
0.000000 0.000000 0.000000 0.000000 0.000000 0.000000 0.000000 0.000000 123.411825 123.336123 123.275945 123.253906 123.242648 123.231767 123.220329 123.209170 123.198191 123.187032 123.175873 123.164615 123.153456 123.142297 123.131138 123.119879 123.108720 123.097561 123.086402 123.075144 123.064264 123.057847 123.062869 123.074028 123.085286 123.096445 123.107604 123.118764 123.129743 123.140902 123.152061 123.163220 123.174478 123.185637 123.196796 123.208234 123.219213 123.230373 123.241532 123.252511 123.267855 123.331840 123.404293 0.000000 0.000000 0.000000 0.000000 0.000000 0.000000 0.000000
0.000000 0.000000 0.000000 0.000000 0.000000 0.000000 0.000000 0.000000 0.000000 123.343098 123.288220 123.253348 123.242090 123.231210 123.219771 123.208612 123.197633 123.186474 123.175315 123.164057 123.152898 123.141739 123.130580 123.119322 123.108162 123.097003 123.085844 123.074586 123.063706 123.057289 123.062311 123.073470 123.084728 123.095887 123.107046 123.118206 123.129185 123.140344 123.151503 123.162662 123.173920 123.185079 123.196238 123.207676 123.218656 123.229815 123.240974 123.251953 123.278177 123.346445 123.409035 0.000000 0.000000 0.000000 0.000000 0.000000 0.000000 0.000000
0.000000 0.000000 0.000000 0.000000 0.000000 0.000000 0.000000 0.000000 0.000000 123.350630 123.292504 123.252790 123.241532 123.230652 123.219213 123.208234 123.197075 123.185916 123.174757 123.163499 123.152340 123.141181 123.130022 123.118764 123.107604 123.096445 123.085286 123.074028 123.063148 123.056731 123.061753 123.072912 123.084170 123.095329 123.106489 123.117648 123.128627 123.139786 123.150945 123.162104 123.173362 123.184521 123.195680 123.207119 123.218098 123.229257 123.240416 123.251395 123.286546 123.354257 0.000000 0.000000 0.000000 0.000000 0.000000 0.000000 0.000000 0.000000
0.000000 0.000000 0.000000 0.000000 0.000000 0.000000 0.000000 0.000000 0.000000 123.358162 123.301989 123.252232 123.240974 123.230094 123.218656 123.207676 123.196517 123.185358 123.174199 123.162941 123.151782 123.140623 123.129464 123.118206 123.107046 123.095887 123.084728 123.073470 123.062590 123.056174 123.061195 123.072354 123.083612 123.094771 123.105931 123.117090 123.128069 123.139228 123.150387 123.161546 123.172804 123.183963 123.195122 123.206561 123.217540 123.228699 123.239858 123.250837 123.296967 123.360394 0.000000 0.000000 0.000000 0.000000 0.000000 0.000000 0.000000 0.000000
0.000000 0.000000 0.000000 0.000000 0.000000 0.000000 0.000000 0.000000 0.000000 123.371832 123.312032 123.251674 123.240416 123.229536 123.218098 123.207119 123.195959 123.184800 123.173641 123.162383 123.151224 123.140065 123.128906 123.117648 123.106489 123.095329 123.084170 123.072912 123.062032 123.055616 123.060637 123.071796 123.082955 123.094213 123.105373 123.116532 123.127511 123.138670 123.149829 123.160988 123.172246 123.183405 123.194564 123.206003 123.216982 123.228141 123.239300 123.250279 123.297525 123.372111 0.000000 0.000000 0.000000 0.000000 0.000000 0.000000 0.000000 0.000000
0.000000 0.000000 0.000000 0.000000 0.000000 0.000000 0.000000 0.000000 0.000000 123.391181 123.319843 123.255022 123.239858 123.228978 123.217540 123.206561 123.195401 123.184242 123.173083 123.161825 123.150666 123.139507 123.128348 123.117090 123.105931 123.094771 123.083612 123.072354 123.061474 123.055058 123.060079 123.071238 123.082397 123.093656 123.104815 123.115974 123.126953 123.138112 123.149271 123.160430 123.171688 123.182847 123.194007 123.205445 123.216424 123.227583 123.238742 123.250000 123.309521 123.383648 0.000000 0.000000 0.000000 0.000000 0.000000 0.000000 0.000000 0.000000
0.000000 0.000000 0.000000 0.000000 0.000000 0.000000 0.000000 0.000000 0.000000 123.399271 123.321238 123.265344 123.239300 123.228420 123.216982 123.206003 123.194843 123.183684 123.172525 123.161267 123.150108 123.138949 123.127790 123.116532 123.105373 123.094213 123.082955 123.071796 123.060916 123.054500 123.059521 123.070680 123.081840 123.093098 123.104257 123.115416 123.126395 123.137554 123.148713 123.159872 123.171130 123.182289 123.193449 123.204887 123.215866 123.227025 123.238184 123.255859 123.324586 123.389228 0.000000 0.000000 0.000000 0.000000 0.000000 0.000000 0.000000 0.000000
