FireSTARR/test/constant/C2_S060_A090_WD090_WS020/arrival.asc
ncols         131
nrows         187
xllcorner     414003.990666
yllcorner     12730355.311160
cellsize      100.000000
NODATA_value  0.000000
[rows 27 to 53 of 187, columns 61 to 121 of 131]
0.000000 0.000000 0.000000 0.000000 0.000000 0.000000 0.000000 0.000000 0.000000 0.000000 0.000000 0.000000 0.000000 0.000000 0.000000 0.000000 0.000000 0.000000 0.000000 0.000000 0.000000 0.000000 0.000000 0.000000 0.000000 0.000000 0.000000 0.000000 123.408579 123.390022 123.377651 123.351890 123.335984 123.309340 123.289765 123.271208 123.250000 123.235727 123.214519 123.195828 123.173736 123.159463 123.138255 123.123982 123.107192 123.088635 123.077897 123.058456 123.055805 123.057573 123.062875 123.065526 123.069944 123.075246 123.077897 123.096588 123.124866 123.153277 123.181689 123.210101 123.240145
0.000000 0.000000 0.000000 0.000000 0.000000 0.000000 0.000000 0.000000 0.000000 0.000000 0.000000 0.000000 0.000000 0.000000 0.000000 0.000000 0.000000 0.000000 0.000000 0.000000 0.000000 0.000000 0.000000 0.000000 0.000000 0.000000 0.000000 0.000000 123.400626 123.378535 123.360727 123.335984 123.321711 123.297852 123.279161 123.259720 123.243680 123.221588 123.204664 123.182573 123.167550 123.146208 123.132069 123.113378 123.096588 123.079664 123.066409 123.058456 123.058456 123.063758 123.068177 123.071711 123.076130 123.078781 123.083333 123.112494 123.140906 123.170201 123.197595 123.226007 123.256186
0.000000 0.000000 0.000000 0.000000 0.000000 0.000000 0.000000 0.000000 0.000000 0.000000 0.000000 0.000000 0.000000 0.000000 0.000000 0.000000 0.000000 0.000000 0.000000 0.000000 0.000000 0.000000 0.000000 0.000000 0.000000 0.000000 0.000000 123.405045 123.390022 123.367796 123.346588 123.324362 123.307573 123.287114 123.268557 123.248098 123.231309 123.214519 123.191409 123.176387 123.155928 123.140022 123.124866 123.104541 123.093054 123.069944 123.061991 123.060224 123.063758 123.068177 123.072595 123.076130 123.081432 123.083333 123.101007 123.128535 123.157696 123.186107 123.214519 123.242796 123.272092
0.000000 0.000000 0.000000 0.000000 0.000000 0.000000 0.000000 0.000000 0.000000 0.000000 0.000000 0.000000 0.000000 0.000000 0.000000 0.000000 0.000000 0.000000 0.000000 0.000000 0.000000 0.000000 0.000000 0.000000 0.000000 0.000000 123.412114 123.394441 123.373098 123.354541 123.331432 123.314642 123.296085 123.278277 123.261488 123.239262 123.218054 123.201130 123.185224 123.164765 123.143557 123.130302 123.110727 123.093937 123.077013 123.064642 123.062875 123.064642 123.069944 123.073479 123.077897 123.081432 123.085101 123.088635 123.116913 123.144441 123.172852 123.202897 123.230425 123.258837 123.288881
0.000000 0.000000 0.000000 0.000000 0.000000 0.000000 0.000000 0.000000 0.000000 0.000000 0.000000 0.000000 0.000000 0.000000 0.000000 0.000000 0.000000 0.000000 0.000000 0.000000 0.000000 0.000000 0.000000 0.000000 0.000000 0.000000 123.399743 123.385604 123.356309 123.336868 123.325246 123.304038 123.283579 123.263255 123.242796 123.226007 123.209217 123.193177 123.167550 123.147975 123.134720 123.116029 123.106309 123.086868 123.073479 123.065526 123.065526 123.069944 123.074362 123.078781 123.082315 123.085984 123.091286 123.104541 123.132953 123.160347 123.188758 123.218937 123.247215 123.274743 123.304922
0.000000 0.000000 0.000000 0.000000 0.000000 0.000000 0.000000 0.000000 0.000000 0.000000 0.000000 0.000000 0.000000 0.000000 0.000000 0.000000 0.000000 0.000000 0.000000 0.000000 0.000000 0.000000 0.000000 0.000000 0.000000 123.406812 123.386488 123.367796 123.343937 123.329664 123.313758 123.292550 123.271208 123.249866 123.234843 123.214519 123.198479 123.176387 123.156812 123.141790 123.124866 123.108076 123.090403 123.077013 123.068177 123.067293 123.070828 123.076130 123.079664 123.083199 123.087752 123.092170 123.094821 123.120447 123.148859 123.177271 123.205548 123.234843 123.263255 123.290649 123.321711
0.000000 0.000000 0.000000 0.000000 0.000000 0.000000 0.000000 0.000000 0.000000 0.000000 0.000000 0.000000 0.000000 0.000000 0.000000 0.000000 0.000000 0.000000 0.000000 0.000000 0.000000 0.000000 0.000000 0.000000 0.000000 123.399743 123.378535 123.352774 123.335984 123.317293 123.302271 123.280045 123.258837 123.243680 123.223356 123.202897 123.184340 123.165649 123.147092 123.132069 123.116029 123.094821 123.079664 123.071711 123.069944 123.071711 123.076130 123.080548 123.084217 123.087752 123.093054 123.097472 123.108960 123.136488 123.164765 123.193177 123.221588 123.250000 123.279161 123.306689 123.337752
0.000000 0.000000 0.000000 0.000000 0.000000 0.000000 0.000000 0.000000 0.000000 0.000000 0.000000 0.000000 0.000000 0.000000 0.000000 0.000000 0.000000 0.000000 0.000000 0.000000 0.000000 0.000000 0.000000 0.000000 123.398859 123.382953 123.361611 123.347472 123.328781 123.309340 123.291532 123.267673 123.251767 123.232192 123.212752 123.195828 123.174620 123.156812 123.139139 123.126767 123.102774 123.092170 123.079664 123.071711 123.073479 123.076130 123.081432 123.085984 123.088635 123.093937 123.097472 123.101007 123.124866 123.153277 123.181689 123.210101 123.238378 123.266790 123.295201 123.322595 123.354541
0.000000 0.000000 0.000000 0.000000 0.000000 0.000000 0.000000 0.000000 0.000000 0.000000 0.000000 0.000000 0.000000 0.000000 0.000000 0.000000 0.000000 0.000000 0.000000 0.000000 0.000000 0.000000 0.000000 123.405928 123.391790 123.371331 123.354541 123.330548 123.312875 123.294318 123.274743 123.255302 123.235727 123.223356 123.199362 123.184340 123.165649 123.147975 123.129418 123.111611 123.096588 123.083199 123.074362 123.074362 123.078781 123.083199 123.086868 123.090403 123.093937 123.098356 123.101890 123.111611 123.140906 123.169318 123.197595 123.226007 123.254418 123.283579 123.311107 123.339519 123.370447
0.000000 0.000000 0.000000 0.000000 0.000000 0.000000 0.000000 0.000000 0.000000 0.000000 0.000000 0.000000 0.000000 0.000000 0.000000 0.000000 0.000000 0.000000 0.000000 0.000000 0.000000 0.000000 123.413881 123.394441 123.377651 123.356309 123.338635 123.319944 123.304038 123.284463 123.263255 123.243680 123.224239 123.208333 123.187875 123.176387 123.156812 123.138255 123.118680 123.105425 123.086868 123.077897 123.076130 123.079664 123.083199 123.087752 123.091286 123.096588 123.100123 123.104541 123.107192 123.126767 123.156812 123.185224 123.214519 123.242796 123.271208 123.300503 123.327897 123.355425 123.385604
0.000000 0.000000 0.000000 0.000000 0.000000 0.000000 0.000000 0.000000 0.000000 0.000000 0.000000 0.000000 0.000000 0.000000 0.000000 0.000000 0.000000 0.000000 0.000000 0.000000 0.000000 0.000000 123.405928 123.388255 123.366029 123.351890 123.324362 123.311107 123.291532 123.271208 123.252651 123.233960 123.217170 123.195828 123.179922 123.164765 123.147092 123.129418 123.110727 123.097472 123.082315 123.078781 123.080548 123.083199 123.088635 123.093054 123.096588 123.100123 123.104541 123.108076 123.115145 123.143557 123.172852 123.201130 123.230425 123.257953 123.287114 123.316409 123.343937 123.372215 123.402394
0.000000 0.000000 0.000000 0.000000 0.000000 0.000000 0.000000 0.000000 0.000000 0.000000 0.000000 0.000000 0.000000 0.000000 0.000000 0.000000 0.000000 0.000000 0.000000 0.000000 0.000000 123.414765 123.392673 123.373982 123.351890 123.335984 123.319944 123.300503 123.280928 123.262371 123.242796 123.226890 123.203781 123.187875 123.167550 123.155045 123.138255 123.117796 123.101890 123.089519 123.081432 123.080548 123.085984 123.088635 123.093937 123.097472 123.100123 123.105425 123.109843 123.112494 123.132069 123.159463 123.188758 123.217170 123.247215 123.274743 123.303154 123.332315 123.359843 123.388255 0.000000
0.000000 0.000000 0.000000 0.000000 0.000000 0.000000 0.000000 0.000000 0.000000 0.000000 0.000000 0.000000 0.000000 0.000000 0.000000 0.000000 0.000000 0.000000 0.000000 0.000000 123.416532 123.402394 123.385604 123.362494 123.340403 123.327897 123.309340 123.289765 123.271208 123.251767 123.231309 123.213635 123.200246 123.172852 123.163881 123.146208 123.125884 123.108960 123.093054 123.085101 123.083199 123.085984 123.090403 123.094821 123.099239 123.103658 123.106309 123.110727 123.114262 123.119564 123.147975 123.175503 123.205548 123.233960 123.262371 123.290649 123.319060 123.348356 123.376767 123.405045 0.000000
0.000000 0.000000 0.000000 0.000000 0.000000 0.000000 0.000000 0.000000 0.000000 0.000000 0.000000 0.000000 0.000000 0.000000 0.000000 0.000000 0.000000 0.000000 0.000000 0.000000 123.406812 123.388255 123.372215 123.348356 123.331432 123.316409 123.299620 123.279161 123.260604 123.239262 123.222472 123.201130 123.186107 123.171969 123.150626 123.136488 123.117796 123.101890 123.088635 123.085101 123.087752 123.091286 123.094821 123.099239 123.103658 123.107192 123.111611 123.116029 123.118680 123.134720 123.163881 123.192293 123.221588 123.249866 123.279161 123.306689 123.335101 123.364262 123.392673 0.000000 0.000000
0.000000 0.000000 0.000000 0.000000 0.000000 0.000000 0.000000 0.000000 0.000000 0.000000 0.000000 0.000000 0.000000 0.000000 0.000000 0.000000 0.000000 0.000000 0.000000 123.412998 123.395324 123.373982 123.360727 123.337752 123.326130 123.308456 123.287998 123.267673 123.250884 123.231309 123.208199 123.191409 123.175503 123.158579 123.141790 123.122215 123.108960 123.096588 123.087752 123.087752 123.093054 123.095705 123.101007 123.105425 123.108076 123.111611 123.116913 123.119564 123.123982 123.150626 123.179922 123.208199 123.238378 123.266790 123.294318 123.323479 123.351007 123.381186 123.409463 0.000000 0.000000
0.000000 0.000000 0.000000 0.000000 0.000000 0.000000 0.000000 0.000000 0.000000 0.000000 0.000000 0.000000 0.000000 0.000000 0.000000 0.000000 0.000000 0.000000 0.000000 123.405045 123.382069 123.361611 123.349239 123.334217 123.312875 123.296969 123.277394 123.254418 123.239262 123.217170 123.200246 123.179922 123.166667 123.147092 123.127651 123.116913 123.099239 123.091286 123.090403 123.093054 123.098356 123.101890 123.105425 123.109843 123.113378 123.117796 123.122215 123.124866 123.139139 123.166532 123.195828 123.225123 123.254418 123.282696 123.311107 123.339519 123.367796 123.397092 0.000000 0.000000 0.000000
0.000000 0.000000 0.000000 0.000000 0.000000 0.000000 0.000000 0.000000 0.000000 0.000000 0.000000 0.000000 0.000000 0.000000 0.000000 0.000000 0.000000 0.000000 123.412998 123.390906 123.370447 123.352774 123.337752 123.323479 123.303154 123.281812 123.263255 123.242796 123.226890 123.208333 123.191409 123.174620 123.160347 123.140022 123.124866 123.105425 123.094821 123.092170 123.093937 123.099239 123.102774 123.107192 123.110727 123.114262 123.117796 123.123098 123.125884 123.129418 123.155928 123.183456 123.212752 123.241029 123.271208 123.299620 123.327013 123.355425 123.383837 123.413881 0.000000 0.000000 0.000000
0.000000 0.000000 0.000000 0.000000 0.000000 0.000000 0.000000 0.000000 0.000000 0.000000 0.000000 0.000000 0.000000 0.000000 0.000000 0.000000 0.000000 0.000000 123.400626 123.379418 123.359843 123.342170 123.327013 123.309340 123.290649 123.271208 123.251767 123.233960 123.217170 123.194060 123.181689 123.162114 123.142673 123.130302 123.114262 123.102774 123.094821 123.094821 123.099239 123.103658 123.108076 123.111611 123.116029 123.120447 123.123982 123.126767 123.132069 123.142673 123.171085 123.200246 123.229541 123.257069 123.287114 123.315526 123.343937 123.372215 123.399743 0.000000 0.000000 0.000000 0.000000
0.000000 0.000000 0.000000 0.000000 0.000000 0.000000 0.000000 0.000000 0.000000 0.000000 0.000000 0.000000 0.000000 0.000000 0.000000 0.000000 0.000000 123.409463 123.387371 123.368680 123.350123 123.334217 123.315526 123.297852 123.280045 123.259720 123.242796 123.226007 123.201130 123.185224 123.171085 123.155045 123.133837 123.119564 123.106309 123.097472 123.096588 123.099239 123.105425 123.108960 123.112494 123.116913 123.121331 123.124866 123.129418 123.132953 123.135604 123.158579 123.186991 123.216286 123.245447 123.272975 123.303154 123.331432 123.360727 123.388255 123.416532 0.000000 0.000000 0.000000 0.000000
0.000000 0.000000 0.000000 0.000000 0.000000 0.000000 0.000000 0.000000 0.000000 0.000000 0.000000 0.000000 0.000000 0.000000 0.000000 0.000000 0.000000 123.396208 123.377651 123.357192 123.346588 123.321711 123.304922 123.287998 123.267673 123.251767 123.233960 123.210984 123.190526 123.180805 123.158579 123.138255 123.127651 123.109843 123.101007 123.099239 123.101007 123.105425 123.109843 123.114262 123.117796 123.121331 123.125884 123.130302 123.133837 123.138255 123.147092 123.175503 123.203781 123.232192 123.261488 123.288881 123.319060 123.347472 123.375884 123.404161 0.000000 0.000000 0.000000 0.000000 0.000000
0.000000 0.000000 0.000000 0.000000 0.000000 0.000000 0.000000 0.000000 0.000000 0.000000 0.000000 0.000000 0.000000 0.000000 0.000000 0.000000 123.404161 123.385604 123.366029 123.346588 123.328781 123.312875 123.296085 123.277394 123.258837 123.241913 123.220705 123.199362 123.189642 123.165649 123.146208 123.137371 123.123098 123.109843 123.101007 123.101890 123.106309 123.110727 123.115145 123.118680 123.123098 123.126767 123.131186 123.134720 123.139139 123.141790 123.162998 123.191409 123.220705 123.248098 123.277394 123.304922 123.335101 123.363378 123.391790 0.000000 0.000000 0.000000 0.000000 0.000000 0.000000
0.000000 0.000000 0.000000 0.000000 0.000000 0.000000 0.000000 0.000000 0.000000 0.000000 0.000000 0.000000 0.000000 0.000000 0.000000 123.412998 123.393557 123.374866 123.356309 123.341286 123.317293 123.304922 123.285347 123.268557 123.250884 123.227774 123.207315 123.193177 123.176387 123.152394 123.140906 123.124866 123.113378 123.104541 123.103658 123.106309 123.111611 123.116029 123.119564 123.123982 123.127651 123.132069 123.135604 123.140022 123.142673 123.151510 123.179038 123.208199 123.236611 123.265022 123.293434 123.321711 123.351890 123.379418 123.408579 0.000000 0.000000 0.000000 0.000000 0.000000 0.000000
0.000000 0.000000 0.000000 0.000000 0.000000 0.000000 0.000000 0.000000 0.000000 0.000000 0.000000 0.000000 0.000000 0.000000 0.000000 123.402394 123.384720 123.364262 123.343937 123.325246 123.314642 123.293434 123.276510 123.259720 123.236611 123.215403 123.203781 123.178154 123.159463 123.144441 123.133837 123.116913 123.108076 123.106309 123.108076 123.112494 123.116913 123.121331 123.124866 123.129418 123.132953 123.137371 123.140906 123.145324 123.147975 123.167550 123.194944 123.223356 123.252651 123.280928 123.309340 123.337752 123.367796 123.396208 0.000000 0.000000 0.000000 0.000000 0.000000 0.000000 0.000000
0.000000 0.000000 0.000000 0.000000 0.000000 0.000000 0.000000 0.000000 0.000000 0.000000 0.000000 0.000000 0.000000 0.000000 123.410347 123.390022 123.368680 123.351007 123.333199 123.317293 123.302271 123.284463 123.267673 123.245447 123.222472 123.205548 123.187875 123.167550 123.154161 123.141790 123.126767 123.116029 123.108076 123.109843 123.113378 123.117796 123.122215 123.125884 123.130302 123.133837 123.138255 123.141790 123.146208 123.148859 123.155045 123.183456 123.211868 123.240145 123.269441 123.297852 123.326130 123.354541 123.383837 123.412114 0.000000 0.000000 0.000000 0.000000 0.000000 0.000000 0.000000
0.000000 0.000000 0.000000 0.000000 0.000000 0.000000 0.000000 0.000000 0.000000 0.000000 0.000000 0.000000 0.000000 0.000000 123.401510 123.380302 123.356309 123.342170 123.326130 123.310224 123.293434 123.276510 123.254418 123.232192 123.213635 123.196711 123.176387 123.159463 123.147975 123.136488 123.119564 123.110727 123.110727 123.114262 123.117796 123.123098 123.126767 123.131186 123.134720 123.139139 123.142673 123.147092 123.151510 123.154161 123.170201 123.199362 123.227774 123.256186 123.285347 123.313758 123.342170 123.370447 123.400626 0.000000 0.000000 0.000000 0.000000 0.000000 0.000000 0.000000 0.000000
0.000000 0.000000 0.000000 0.000000 0.000000 0.000000 0.000000 0.000000 0.000000 0.000000 0.000000 0.000000 0.000000 123.404161 123.383837 123.364262 123.354541 123.334217 123.319060 123.302271 123.284463 123.261488 123.241029 123.223356 123.202897 123.186107 123.166667 123.151510 123.143557 123.123098 123.114262 123.112494 123.116029 123.119564 123.123982 123.128535 123.132069 123.135604 123.140022 123.143557 123.147975 123.151510 123.155045 123.159463 123.186991 123.215403 123.243680 123.272092 123.301387 123.329664 123.358076 123.387371 123.416532 0.000000 0.000000 0.000000 0.000000 0.000000 0.000000 0.000000 0.000000
0.000000 0.000000 0.000000 0.000000 0.000000 0.000000 0.000000 0.000000 0.000000 0.000000 0.000000 0.000000 123.412998 123.392673 123.372215 123.356309 123.343937 123.327897 123.310224 123.292550 123.271208 123.250000 123.229541 123.213635 123.192293 123.173736 123.162114 123.147975 123.134720 123.118680 123.115145 123.116913 123.120447 123.124866 123.129418 123.132953 123.137371 123.140906 123.145324 123.148859 123.153277 123.155928 123.161230 123.175503 123.202897 123.232192 123.260604 123.288881 123.317293 123.345705 123.374866 123.403277 0.000000 0.000000 0.000000 0.000000 0.000000 0.000000 0.000000 0.000000 0.000000
