FireSTARR/test/constant/C2_S060_A090_WD090_WS020/arrival.asc
ncols         131
nrows         187
xllcorner     414003.990666
yllcorner     12730355.311160
cellsize      100.000000
NODATA_value  0.000000
[rows 54 to 80 of 187, columns 61 to 121 of 131]
0.000000 0.000000 0.000000 0.000000 0.000000 0.000000 0.000000 0.000000 0.000000 0.000000 0.000000 0.000000 123.399743 123.379418 123.365145 123.347472 123.335101 123.319060 123.302271 123.277394 123.254418 123.241913 123.214519 123.197595 123.178154 123.165649 123.154161 123.137371 123.125884 123.117796 123.116913 123.122215 123.125884 123.130302 123.133837 123.137371 123.141790 123.146208 123.149743 123.154161 123.156812 123.162114 123.164765 123.191409 123.218937 123.248098 123.276510 123.304922 123.333199 123.361611 123.390906 0.000000 0.000000 0.000000 0.000000 0.000000 0.000000 0.000000 0.000000 0.000000 0.000000
0.000000 0.000000 0.000000 0.000000 0.000000 0.000000 0.000000 0.000000 0.000000 0.000000 0.000000 123.409463 123.389139 123.377651 123.351890 123.340403 123.327013 123.305805 123.288881 123.262371 123.242796 123.224239 123.209217 123.188758 123.173736 123.157696 123.146208 123.129418 123.121331 123.119564 123.123098 123.126767 123.131186 123.134720 123.139139 123.142673 123.147092 123.151510 123.155045 123.159463 123.162998 123.167550 123.177271 123.207315 123.234843 123.265022 123.292550 123.320828 123.349239 123.377651 123.407696 0.000000 0.000000 0.000000 0.000000 0.000000 0.000000 0.000000 0.000000 0.000000 0.000000
0.000000 0.000000 0.000000 0.000000 0.000000 0.000000 0.000000 0.000000 0.000000 0.000000 0.000000 123.397092 123.380302 123.365145 123.346588 123.335101 123.315526 123.290649 123.270324 123.251767 123.231309 123.211868 123.193177 123.180805 123.162998 123.155928 123.135604 123.124866 123.121331 123.123982 123.128535 123.132069 123.136488 123.140022 123.143557 123.147975 123.152394 123.155928 123.160347 123.163881 123.167550 123.171085 123.194060 123.223356 123.251767 123.281812 123.309340 123.337752 123.365145 123.394441 0.000000 0.000000 0.000000 0.000000 0.000000 0.000000 0.000000 0.000000 0.000000 0.000000 0.000000
0.000000 0.000000 0.000000 0.000000 0.000000 0.000000 0.000000 0.000000 0.000000 0.000000 123.405928 123.389139 123.369564 123.354541 123.343937 123.317293 123.296969 123.277394 123.261488 123.240145 123.225123 123.198479 123.184340 123.174620 123.161230 123.143557 123.132953 123.123982 123.123982 123.129418 123.132953 123.137371 123.140906 123.145324 123.148859 123.153277 123.156812 123.161230 123.165649 123.169318 123.171969 123.182573 123.210101 123.239262 123.267673 123.296969 123.325246 123.353658 123.382069 123.410347 0.000000 0.000000 0.000000 0.000000 0.000000 0.000000 0.000000 0.000000 0.000000 0.000000 0.000000
0.000000 0.000000 0.000000 0.000000 0.000000 0.000000 0.000000 0.000000 0.000000 123.413881 123.393557 123.378535 123.358076 123.345705 123.328781 123.305805 123.284463 123.270324 123.253535 123.225123 123.210984 123.195828 123.177271 123.164765 123.147975 123.136488 123.127651 123.125884 123.130302 123.133837 123.138255 123.141790 123.146208 123.148859 123.154161 123.157696 123.162114 123.165649 123.170201 123.174620 123.177271 123.198479 123.226007 123.256186 123.284463 123.313758 123.341286 123.369564 123.398859 0.000000 0.000000 0.000000 0.000000 0.000000 0.000000 0.000000 0.000000 0.000000 0.000000 0.000000 0.000000
0.000000 0.000000 0.000000 0.000000 0.000000 0.000000 0.000000 0.000000 0.000000 123.398859 123.386488 123.366029 123.351007 123.335101 123.313758 123.293434 123.278277 123.252651 123.232192 123.213635 123.199362 123.185224 123.168434 123.155928 123.140906 123.132069 123.128535 123.131186 123.134720 123.139139 123.143557 123.147092 123.149743 123.155045 123.159463 123.162998 123.166667 123.171085 123.174620 123.178154 123.185224 123.214519 123.242796 123.272092 123.300503 123.329664 123.357192 123.385604 123.414765 0.000000 0.000000 0.000000 0.000000 0.000000 0.000000 0.000000 0.000000 0.000000 0.000000 0.000000 0.000000
0.000000 0.000000 0.000000 0.000000 0.000000 0.000000 0.000000 0.000000 123.409463 123.395324 123.374866 123.359843 123.337752 123.320828 123.305805 123.280045 123.260604 123.240145 123.221588 123.204664 123.191409 123.177271 123.165649 123.153277 123.139139 123.131186 123.131186 123.135604 123.140022 123.144441 123.147975 123.152394 123.155928 123.160347 123.163881 123.168434 123.171969 123.175503 123.179038 123.182573 123.201130 123.230425 123.258837 123.288881 123.317293 123.345705 123.373982 123.401510 0.000000 0.000000 0.000000 0.000000 0.000000 0.000000 0.000000 0.000000 0.000000 0.000000 0.000000 0.000000 0.000000
0.000000 0.000000 0.000000 0.000000 0.000000 0.000000 0.000000 123.414765 123.401510 123.382953 123.364262 123.346588 123.329664 123.307573 123.286230 123.271208 123.248098 123.233960 123.210101 123.196711 123.182573 123.171085 123.155045 123.142673 123.133837 123.132953 123.137371 123.140022 123.145324 123.148859 123.153277 123.156812 123.161230 123.164765 123.169318 123.172852 123.177271 123.181689 123.184340 123.189642 123.217170 123.247215 123.275626 123.304922 123.333199 123.361611 123.390022 0.000000 0.000000 0.000000 0.000000 0.000000 0.000000 0.000000 0.000000 0.000000 0.000000 0.000000 0.000000 0.000000 0.000000
0.000000 0.000000 0.000000 0.000000 0.000000 0.000000 0.000000 123.405045 123.395324 123.372215 123.355425 123.336868 123.315526 123.296969 123.273859 123.257953 123.237494 123.220705 123.209217 123.191409 123.174620 123.164765 123.146208 123.137371 123.135604 123.138255 123.140906 123.146208 123.150626 123.154161 123.158579 123.162114 123.165649 123.170201 123.173736 123.178154 123.181689 123.186991 123.188758 123.206432 123.233960 123.263255 123.291532 123.321711 123.348356 123.377651 123.405928 0.000000 0.000000 0.000000 0.000000 0.000000 0.000000 0.000000 0.000000 0.000000 0.000000 0.000000 0.000000 0.000000 0.000000
0.000000 0.000000 0.000000 0.000000 0.000000 0.000000 123.412998 123.397975 123.383837 123.359843 123.340403 123.326130 123.304038 123.283579 123.261488 123.245447 123.225123 123.210984 123.198479 123.184340 123.170201 123.156812 123.146208 123.137371 123.138255 123.143557 123.146208 123.151510 123.155045 123.159463 123.162998 123.167550 123.171085 123.174620 123.179038 123.182573 123.186991 123.190526 123.194060 123.221588 123.249866 123.280045 123.308456 123.336868 123.365145 123.394441 0.000000 0.000000 0.000000 0.000000 0.000000 0.000000 0.000000 0.000000 0.000000 0.000000 0.000000 0.000000 0.000000 0.000000 0.000000
0.000000 0.000000 0.000000 0.000000 0.000000 0.000000 123.405928 123.387371 123.368680 123.348356 123.328781 123.309340 123.286230 123.270324 123.252651 123.233076 123.218937 123.202013 123.190526 123.176387 123.160347 123.149743 123.140906 123.140022 123.143557 123.148859 123.152394 123.155928 123.160347 123.163881 123.168434 123.171969 123.177271 123.179922 123.184340 123.187875 123.191409 123.195828 123.209217 123.238378 123.266790 123.296085 123.324362 123.352774 123.381186 123.410347 0.000000 0.000000 0.000000 0.000000 0.000000 0.000000 0.000000 0.000000 0.000000 0.000000 0.000000 0.000000 0.000000 0.000000 0.000000
0.000000 0.000000 0.000000 0.000000 0.000000 123.412114 123.394441 123.378535 123.356309 123.338635 123.317293 123.295201 123.276510 123.259720 123.243680 123.222472 123.211868 123.197595 123.181689 123.165649 123.152394 123.144441 123.141790 123.145324 123.149743 123.152394 123.157696 123.161230 123.164765 123.169318 123.172852 123.177271 123.179922 123.185224 123.188758 123.193177 123.196711 123.200246 123.225123 123.254418 123.283579 123.311991 123.339519 123.369564 123.397092 0.000000 0.000000 0.000000 0.000000 0.000000 0.000000 0.000000 0.000000 0.000000 0.000000 0.000000 0.000000 0.000000 0.000000 0.000000 0.000000
0.000000 0.000000 0.000000 0.000000 123.415649 123.405928 123.382069 123.365145 123.344821 123.319944 123.303154 123.287998 123.269441 123.247215 123.227774 123.216286 123.204664 123.185224 123.176387 123.161230 123.149743 123.144441 123.146208 123.150626 123.155045 123.158579 123.162114 123.166532 123.170201 123.174620 123.178154 123.181689 123.186107 123.190526 123.194060 123.198479 123.202897 123.213635 123.241913 123.271208 123.298736 123.327897 123.356309 123.385604 123.413881 0.000000 0.000000 0.000000 0.000000 0.000000 0.000000 0.000000 0.000000 0.000000 0.000000 0.000000 0.000000 0.000000 0.000000 0.000000 0.000000
0.000000 0.000000 0.000000 0.000000 123.407696 123.390022 123.376767 123.349239 123.327897 123.312875 123.290649 123.272092 123.254418 123.235727 123.221588 123.208199 123.197595 123.180805 123.167550 123.155928 123.147092 123.146208 123.151510 123.155045 123.159463 123.162998 123.167550 123.171085 123.175503 123.179038 123.182573 123.186107 123.191409 123.194944 123.199362 123.202897 123.205548 123.229541 123.258837 123.287114 123.314642 123.343937 123.372215 123.402394 0.000000 0.000000 0.000000 0.000000 0.000000 0.000000 0.000000 0.000000 0.000000 0.000000 0.000000 0.000000 0.000000 0.000000 0.000000 0.000000 0.000000
0.000000 0.000000 0.000000 123.416532 123.398859 123.380302 123.354541 123.335101 123.314642 123.299620 123.283579 123.263255 123.248982 123.229541 123.214519 123.200246 123.188758 123.171969 123.159463 123.150626 123.148859 123.152394 123.155928 123.160347 123.163881 123.168434 123.171969 123.176387 123.179922 123.184340 123.187875 123.192293 123.195828 123.200246 123.203781 123.207315 123.218054 123.246331 123.274743 123.304038 123.331432 123.359843 123.389139 0.000000 0.000000 0.000000 0.000000 0.000000 0.000000 0.000000 0.000000 0.000000 0.000000 0.000000 0.000000 0.000000 0.000000 0.000000 0.000000 0.000000 0.000000
0.000000 0.000000 0.000000 123.406812 123.380302 123.366913 123.343937 123.324362 123.308456 123.292550 123.274743 123.250884 123.238378 123.223356 123.211868 123.192293 123.176387 123.165649 123.155928 123.151510 123.153277 123.156812 123.161230 123.165649 123.169318 123.172852 123.177271 123.181689 123.185224 123.188758 123.193177 123.196711 123.201130 123.205548 123.209217 123.211868 123.233960 123.262371 123.290649 123.319944 123.348356 123.376767 123.405045 0.000000 0.000000 0.000000 0.000000 0.000000 0.000000 0.000000 0.000000 0.000000 0.000000 0.000000 0.000000 0.000000 0.000000 0.000000 0.000000 0.000000 0.000000
0.000000 0.000000 123.408579 123.390022 123.368680 123.349239 123.333199 123.314642 123.296085 123.276510 123.259720 123.241913 123.230425 123.216286 123.196711 123.189642 123.174620 123.162998 123.154161 123.153277 123.158579 123.162114 123.165649 123.170201 123.174620 123.178154 123.182573 123.186107 123.190526 123.193177 123.198479 123.202013 123.206432 123.210101 123.213635 123.220705 123.249866 123.278277 123.306689 123.335984 123.364262 123.392673 0.000000 0.000000 0.000000 0.000000 0.000000 0.000000 0.000000 0.000000 0.000000 0.000000 0.000000 0.000000 0.000000 0.000000 0.000000 0.000000 0.000000 0.000000 0.000000
0.000000 0.000000 123.397975 123.378535 123.358076 123.340403 123.319944 123.305805 123.285347 123.268557 123.246331 123.238378 123.219821 123.207315 123.191409 123.179038 123.165649 123.156812 123.155928 123.159463 123.162998 123.167550 123.171085 123.175503 123.179038 123.183456 123.186991 123.191409 123.194944 123.199362 123.202897 123.207315 123.210101 123.215403 123.218054 123.237494 123.266790 123.294318 123.322595 123.351890 123.380302 123.409463 0.000000 0.000000 0.000000 0.000000 0.000000 0.000000 0.000000 0.000000 0.000000 0.000000 0.000000 0.000000 0.000000 0.000000 0.000000 0.000000 0.000000 0.000000 0.000000
0.000000 123.402394 123.386488 123.366913 123.348356 123.328781 123.314642 123.294318 123.276510 123.259720 123.245447 123.225123 123.215403 123.199362 123.182573 123.174620 123.162114 123.157696 123.160347 123.163881 123.168434 123.171969 123.176387 123.179922 123.184340 123.187875 123.192293 123.196711 123.200246 123.203781 123.208199 123.212752 123.216286 123.219821 123.226007 123.254418 123.283579 123.311107 123.339519 123.367796 123.396208 0.000000 0.000000 0.000000 0.000000 0.000000 0.000000 0.000000 0.000000 0.000000 0.000000 0.000000 0.000000 0.000000 0.000000 0.000000 0.000000 0.000000 0.000000 0.000000 0.000000
123.414765 123.390022 123.374866 123.353658 123.342170 123.319060 123.303154 123.286230 123.266790 123.248982 123.233960 123.218937 123.202897 123.190526 123.181689 123.169318 123.160347 123.160347 123.165649 123.169318 123.173736 123.177271 123.181689 123.185224 123.189642 123.193177 123.197595 123.201130 123.205548 123.209217 123.212752 123.217170 123.220705 123.224239 123.241913 123.270324 123.299620 123.327013 123.355425 123.383837 123.412114 0.000000 0.000000 0.000000 0.000000 0.000000 0.000000 0.000000 0.000000 0.000000 0.000000 0.000000 0.000000 0.000000 0.000000 0.000000 0.000000 0.000000 0.000000 0.000000 0.000000
123.397092 123.380302 123.360727 123.343054 123.327013 123.311991 123.289765 123.272092 123.252651 123.240145 123.228658 123.212752 123.200246 123.187875 123.172852 123.163881 123.162114 123.166532 123.170201 123.174620 123.178154 123.182573 123.186107 123.190526 123.194060 123.198479 123.202013 123.206432 123.210101 123.214519 123.218054 123.222472 123.225123 123.229541 123.257953 123.287114 123.315526 123.343937 123.372215 123.400626 0.000000 0.000000 0.000000 0.000000 0.000000 0.000000 0.000000 0.000000 0.000000 0.000000 0.000000 0.000000 0.000000 0.000000 0.000000 0.000000 0.000000 0.000000 0.000000 0.000000 0.000000
123.388255 123.369564 123.351890 123.335101 123.317293 123.296969 123.278277 123.260604 123.250884 123.233076 123.216286 123.205548 123.193177 123.176387 123.167550 123.164765 123.167550 123.171085 123.175503 123.179038 123.183456 123.186991 123.191409 123.194944 123.199362 123.202897 123.207315 123.210984 123.215403 123.218937 123.223356 123.226890 123.231309 123.246331 123.273859 123.302271 123.331432 123.359843 123.388255 123.416532 0.000000 0.000000 0.000000 0.000000 0.000000 0.000000 0.000000 0.000000 0.000000 0.000000 0.000000 0.000000 0.000000 0.000000 0.000000 0.000000 0.000000 0.000000 0.000000 0.000000 0.000000
123.379418 123.365145 123.341286 123.330548 123.304922 123.289765 123.272092 123.256186 123.236611 123.221588 123.209217 123.195828 123.187875 123.175503 123.166667 123.166667 123.171969 123.176387 123.180805 123.184340 123.187875 123.192293 123.196711 123.200246 123.204664 123.208199 123.211868 123.216286 123.219821 123.224239 123.227774 123.231309 123.234843 123.262371 123.289765 123.318177 123.348356 123.375000 123.404161 0.000000 0.000000 0.000000 0.000000 0.000000 0.000000 0.000000 0.000000 0.000000 0.000000 0.000000 0.000000 0.000000 0.000000 0.000000 0.000000 0.000000 0.000000 0.000000 0.000000 0.000000 0.000000
123.366029 123.347472 123.331432 123.317293 123.296085 123.273859 123.260604 123.241029 123.232192 123.216286 123.202897 123.192293 123.179038 123.170201 123.169318 123.173736 123.177271 123.181689 123.185224 123.189642 123.193177 123.197595 123.201130 123.205548 123.209217 123.213635 123.217170 123.221588 123.225123 123.229541 123.232192 123.237494 123.248098 123.279161 123.306689 123.335101 123.364262 123.391790 0.000000 0.000000 0.000000 0.000000 0.000000 0.000000 0.000000 0.000000 0.000000 0.000000 0.000000 0.000000 0.000000 0.000000 0.000000 0.000000 0.000000 0.000000 0.000000 0.000000 0.000000 0.000000 0.000000
123.359843 123.340403 123.319060 123.300503 123.286230 123.266790 123.249866 123.235727 123.223356 123.212752 123.200246 123.182573 123.173736 123.171969 123.174620 123.178154 123.182573 123.186107 123.190526 123.194060 123.198479 123.202013 123.206432 123.210101 123.214519 123.217170 123.222472 123.226007 123.230425 123.233960 123.238378 123.241029 123.265022 123.294318 123.323479 123.351007 123.381186 123.407696 0.000000 0.000000 0.000000 0.000000 0.000000 0.000000 0.000000 0.000000 0.000000 0.000000 0.000000 0.000000 0.000000 0.000000 0.000000 0.000000 0.000000 0.000000 0.000000 0.000000 0.000000 0.000000 0.000000
123.347472 123.327897 123.309340 123.287114 123.270324 123.256186 123.241913 123.227774 123.216286 123.202897 123.192293 123.182573 123.173736 123.174620 123.179922 123.183456 123.186991 123.191409 123.194060 123.199362 123.203781 123.207315 123.210984 123.215403 123.218937 123.223356 123.227774 123.231309 123.234843 123.239262 123.242796 123.252651 123.280928 123.311107 123.339519 123.367796 123.397092 0.000000 0.000000 0.000000 0.000000 0.000000 0.000000 0.000000 0.000000 0.000000 0.000000 0.000000 0.000000 0.000000 0.000000 0.000000 0.000000 0.000000 0.000000 0.000000 0.000000 0.000000 0.000000 0.000000 0.000000
123.334217 123.321711 123.300503 123.277394 123.261488 123.248982 123.235727 123.219821 123.207315 123.201130 123.186107 123.177271 123.176387 123.180805 123.184340 123.188758 123.192293 123.196711 123.200246 123.204664 123.208199 123.211868 123.216286 123.220705 123.224239 123.228658 123.231309 123.236611 123.240145 123.244564 123.247215 123.268557 123.296969 123.327013 123.355425 123.383837 123.412998 0.000000 0.000000 0.000000 0.000000 0.000000 0.000000 0.000000 0.000000 0.000000 0.000000 0.000000 0.000000 0.000000 0.000000 0.000000 0.000000 0.000000 0.000000 0.000000 0.000000 0.000000 0.000000 0.000000 0.000000
