FireSTARR/test/constant/O1a_S060_A000_WD180_WS020/arrival.asc
ncols         732
nrows         141
xllcorner     353503.990666
yllcorner     12747755.311160
cellsize      100.000000
NODATA_value  0.000000
[rows 81 to 107 of 141, columns 366 to 426 of 732]
123.354823 123.352590 123.350357 123.348125 123.345892 123.343659 123.341148 123.338915 123.336682 123.334450 123.332134 123.329901 123.327669 123.325436 123.323203 123.320691 123.318459 123.316226 123.313993 123.311482 123.309249 123.307016 123.304784 123.302551 123.300318 123.298086 123.295853 123.293620 123.291025 123.288793 123.286560 123.284607 123.282374 123.279862 123.277629 123.275397 123.273164 123.270652 123.268420 123.266187 123.263954 123.261722 123.259489 123.257256 123.255024 123.252791 123.250279 123.247963 123.245731 123.243498 123.241265 123.239033 123.236800 123.234567 123.232335 123.229823 123.227590 123.225357 123.223125 123.220613 123.218380
123.364591 123.362358 123.360125 123.357893 123.355660 123.353427 123.351195 123.348962 123.346729 123.344218 123.341985 123.339752 123.337520 123.335287 123.332971 123.330739 123.328506 123.326273 123.323761 123.321529 123.319296 123.317063 123.314552 123.312319 123.310086 123.307854 123.305900 123.303388 123.301156 123.298923 123.296690 123.294178 123.291946 123.289909 123.287676 123.285444 123.282932 123.280699 123.278467 123.276234 123.273722 123.271490 123.269257 123.267024 123.264791 123.262559 123.260326 123.258093 123.255861 123.253349 123.251116 123.248801 123.246568 123.244335 123.242103 123.239870 123.237637 123.235405 123.232893 123.230660 123.228427
123.374638 123.372405 123.370173 123.367940 123.365707 123.363474 123.361242 123.358730 123.356497 123.354265 123.352032 123.349520 123.347288 123.345055 123.342822 123.340590 123.338357 123.336124 123.333892 123.331576 123.329064 123.326831 123.324599 123.322366 123.320133 123.317901 123.315668 123.313435 123.311203 123.308691 123.306458 123.304225 123.301993 123.299481 123.297248 123.295016 123.292783 123.290746 123.288235 123.286002 123.283769 123.281537 123.279025 123.276792 123.274559 123.272327 123.270094 123.267861 123.265629 123.263396 123.261163 123.258652 123.256419 123.254186 123.251954 123.249638 123.247405 123.245173 123.242940 123.240707 123.238195
123.383931 123.381698 123.379465 123.377233 123.374638 123.372405 123.370173 123.367940 123.365707 123.363474 123.361242 123.359009 123.356776 123.354265 123.352032 123.349799 123.347567 123.345055 123.342822 123.340590 123.338357 123.336124 123.333892 123.331576 123.329343 123.327110 123.324878 123.322366 123.320133 123.317901 123.315668 123.313435 123.311203 123.308970 123.306737 123.304505 123.301993 123.299760 123.297527 123.295295 123.293062 123.290746 123.288514 123.286281 123.284048 123.281537 123.279304 123.277071 123.274839 123.272327 123.270094 123.267861 123.265629 123.263396 123.261163 123.258931 123.256698 123.254465 123.251954 123.249638 123.247405
123.393141 123.390908 123.388675 123.386163 123.383931 123.381698 123.379465 123.376954 123.374917 123.372684 123.370452 123.368219 123.365986 123.363754 123.361521 123.359288 123.357056 123.354823 123.352590 123.350357 123.348125 123.345892 123.343659 123.341427 123.339194 123.336961 123.334729 123.332413 123.330180 123.327948 123.325715 123.323203 123.320971 123.318738 123.316505 123.314273 123.312040 123.309807 123.307574 123.305342 123.302830 123.300597 123.298365 123.296132 123.293620 123.291584 123.289351 123.287118 123.284607 123.282374 123.280141 123.277908 123.275676 123.273164 123.270931 123.268699 123.266466 123.264233 123.262001 123.259768 123.257535
123.402908 123.400676 123.398443 123.396210 123.393978 123.391745 123.389233 123.387001 123.384768 123.382535 123.380024 123.377791 123.375558 123.373522 123.371289 123.368777 123.366544 123.364312 123.362079 123.359567 123.357335 123.355102 123.353148 123.350916 123.348404 123.346171 123.343939 123.341706 123.339194 123.336961 123.334729 123.332692 123.330180 123.327948 123.325715 123.323482 123.321250 123.318738 123.316505 123.314273 123.312040 123.309807 123.307574 123.305342 123.303109 123.300876 123.298365 123.296132 123.293899 123.291584 123.289351 123.287118 123.284886 123.282653 123.280141 123.277908 123.275676 123.273443 123.271210 123.268699 123.266466
123.412676 123.410444 123.408211 123.405978 123.403746 123.401513 123.399280 123.397048 123.394536 123.392303 123.390071 123.387838 123.385605 123.383373 123.381140 123.378907 123.376675 123.374080 123.371847 123.369614 123.367382 123.365149 123.362916 123.360684 123.358451 123.356218 123.353707 123.351474 123.349241 123.347008 123.344497 123.342264 123.340031 123.337799 123.335566 123.333333 123.331018 123.328785 123.326552 123.324320 123.321808 123.319575 123.317342 123.315110 123.312877 123.310644 123.308412 123.306179 123.303946 123.301435 123.299202 123.296969 123.294737 123.292225 123.290188 123.287956 123.285723 123.283490 123.280978 123.278746 123.276513
0.000000 0.000000 0.000000 123.415188 123.412956 123.410723 123.408490 123.405978 123.403746 123.401513 123.399280 123.397048 123.394815 123.392582 123.390350 123.388117 123.385605 123.383373 123.381140 123.378907 123.376395 123.374359 123.372126 123.369893 123.367661 123.365428 123.362916 123.360684 123.358451 123.356218 123.353707 123.351474 123.349241 123.347008 123.344776 123.342543 123.340310 123.338078 123.335845 123.333250 123.331018 123.328785 123.326552 123.324320 123.322087 123.319854 123.317622 123.315389 123.312877 123.310644 123.308412 123.306179 123.303667 123.301435 123.299202 123.296969 123.294737 123.292504 123.290188 123.287956 123.285723
0.000000 0.000000 0.000000 0.000000 0.000000 0.000000 0.000000 123.415746 123.413514 123.411281 123.409048 123.406816 123.404583 123.402350 123.400118 123.397885 123.395652 123.393420 123.391187 123.388954 123.386442 123.384210 123.381977 123.379744 123.377512 123.375000 123.372684 123.370452 123.368219 123.365986 123.363754 123.361521 123.359288 123.357056 123.354823 123.352311 123.350078 123.347846 123.345613 123.343101 123.340869 123.338636 123.336403 123.334450 123.331855 123.329622 123.327390 123.325157 123.322645 123.320412 123.318459 123.316226 123.313993 123.311482 123.309249 123.307016 123.304784 123.302272 123.300039 123.297807 123.295574
0.000000 0.000000 0.000000 0.000000 0.000000 0.000000 0.000000 0.000000 0.000000 0.000000 0.000000 123.416305 123.413793 123.411560 123.409327 123.407095 123.404583 123.402350 123.400118 123.398164 123.395652 123.393420 123.391187 123.388954 123.386722 123.384210 123.381977 123.379744 123.377512 123.375279 123.372963 123.370731 123.368498 123.366265 123.363754 123.361521 123.359288 123.357056 123.354823 123.352590 123.350357 123.348125 123.345613 123.343380 123.341148 123.338915 123.336682 123.334171 123.332134 123.329901 123.327669 123.325157 123.322924 123.320691 123.318459 123.316226 123.313714 123.311482 123.309249 123.307016 123.304784
0.000000 0.000000 0.000000 0.000000 0.000000 0.000000 0.000000 0.000000 0.000000 0.000000 0.000000 0.000000 0.000000 0.000000 0.000000 0.000000 123.414909 123.412397 123.410165 123.407932 123.405699 123.403188 123.400955 123.398722 123.396490 123.394257 123.392024 123.389791 123.387559 123.385326 123.382814 123.380582 123.378349 123.376116 123.373801 123.371568 123.369335 123.367103 123.364870 123.362358 123.360125 123.357893 123.355660 123.353148 123.350916 123.348683 123.346450 123.344218 123.341985 123.339752 123.337520 123.335287 123.332692 123.330459 123.328227 123.325994 123.323761 123.321529 123.319296 123.317063 123.314831
0.000000 0.000000 0.000000 0.000000 0.000000 0.000000 0.000000 0.000000 0.000000 0.000000 0.000000 0.000000 0.000000 0.000000 0.000000 0.000000 0.000000 0.000000 0.000000 0.000000 123.415467 123.413235 123.411002 123.408769 123.406257 123.404025 123.401792 123.399559 123.397327 123.395094 123.392861 123.390629 123.388396 123.385884 123.383652 123.381419 123.379186 123.376675 123.374638 123.372126 123.369893 123.367661 123.365428 123.363195 123.360963 123.358730 123.356497 123.354265 123.351753 123.349520 123.347288 123.345055 123.342822 123.340590 123.338357 123.336124 123.333612 123.331297 123.329064 123.326831 123.324599
0.000000 0.000000 0.000000 0.000000 0.000000 0.000000 0.000000 0.000000 0.000000 0.000000 0.000000 0.000000 0.000000 0.000000 0.000000 0.000000 0.000000 0.000000 0.000000 0.000000 0.000000 0.000000 0.000000 0.000000 123.415467 123.413235 123.411002 123.408769 123.406537 123.404304 123.402071 123.399839 123.397606 123.395094 123.392861 123.390629 123.388396 123.385884 123.383652 123.381419 123.379186 123.376954 123.374638 123.372405 123.370173 123.367940 123.365428 123.363195 123.360963 123.358730 123.356497 123.354265 123.352032 123.349799 123.347567 123.345055 123.342822 123.340590 123.338357 123.335845 123.333612
0.000000 0.000000 0.000000 0.000000 0.000000 0.000000 0.000000 0.000000 0.000000 0.000000 0.000000 0.000000 0.000000 0.000000 0.000000 0.000000 0.000000 0.000000 0.000000 0.000000 0.000000 0.000000 0.000000 0.000000 0.000000 0.000000 0.000000 0.000000 123.416305 123.414072 123.411839 123.409607 123.407374 123.405141 123.402908 123.400676 123.398164 123.395931 123.393699 123.391466 123.389233 123.386722 123.384489 123.382256 123.380024 123.377791 123.375558 123.373242 123.371010 123.368498 123.366265 123.364033 123.361800 123.359567 123.357335 123.355102 123.352869 123.350637 123.348125 123.345892 123.343659
0.000000 0.000000 0.000000 0.000000 0.000000 0.000000 0.000000 0.000000 0.000000 0.000000 0.000000 0.000000 0.000000 0.000000 0.000000 0.000000 0.000000 0.000000 0.000000 0.000000 0.000000 0.000000 0.000000 0.000000 0.000000 0.000000 0.000000 0.000000 0.000000 0.000000 0.000000 0.000000 123.416584 123.414351 123.411839 123.409607 123.407374 123.405141 123.402908 123.400676 123.398443 123.396210 123.393699 123.391466 123.389233 123.387001 123.384768 123.382256 123.380024 123.377791 123.375558 123.373242 123.371010 123.368777 123.366544 123.364312 123.361800 123.359567 123.357335 123.355102 123.352869
0.000000 0.000000 0.000000 0.000000 0.000000 0.000000 0.000000 0.000000 0.000000 0.000000 0.000000 0.000000 0.000000 0.000000 0.000000 0.000000 0.000000 0.000000 0.000000 0.000000 0.000000 0.000000 0.000000 0.000000 0.000000 0.000000 0.000000 0.000000 0.000000 0.000000 0.000000 0.000000 0.000000 0.000000 0.000000 0.000000 123.416025 123.413793 123.411560 123.409327 123.407095 123.404862 123.402629 123.400118 123.397885 123.395652 123.393420 123.391187 123.388675 123.386442 123.384210 123.381977 123.379744 123.377512 123.375279 123.372963 123.370452 123.368219 123.365986 123.363754 123.361521
0.000000 0.000000 0.000000 0.000000 0.000000 0.000000 0.000000 0.000000 0.000000 0.000000 0.000000 0.000000 0.000000 0.000000 0.000000 0.000000 0.000000 0.000000 0.000000 0.000000 0.000000 0.000000 0.000000 0.000000 0.000000 0.000000 0.000000 0.000000 0.000000 0.000000 0.000000 0.000000 0.000000 0.000000 0.000000 0.000000 0.000000 0.000000 0.000000 0.000000 0.000000 123.415188 123.412956 123.410723 123.408490 123.405978 123.403746 123.401513 123.399280 123.396769 123.394536 123.392303 123.390071 123.387838 123.385605 123.383373 123.381140 123.378907 123.376395 123.374080 123.371847
0.000000 0.000000 0.000000 0.000000 0.000000 0.000000 0.000000 0.000000 0.000000 0.000000 0.000000 0.000000 0.000000 0.000000 0.000000 0.000000 0.000000 0.000000 0.000000 0.000000 0.000000 0.000000 0.000000 0.000000 0.000000 0.000000 0.000000 0.000000 0.000000 0.000000 0.000000 0.000000 0.000000 0.000000 0.000000 0.000000 0.000000 0.000000 0.000000 0.000000 0.000000 0.000000 0.000000 0.000000 0.000000 123.416025 123.413793 123.411560 123.409327 123.406816 123.404583 123.402350 123.400118 123.397885 123.395373 123.393141 123.390908 123.388675 123.386442 123.384210 123.381977
0.000000 0.000000 0.000000 0.000000 0.000000 0.000000 0.000000 0.000000 0.000000 0.000000 0.000000 0.000000 0.000000 0.000000 0.000000 0.000000 0.000000 0.000000 0.000000 0.000000 0.000000 0.000000 0.000000 0.000000 0.000000 0.000000 0.000000 0.000000 0.000000 0.000000 0.000000 0.000000 0.000000 0.000000 0.000000 0.000000 0.000000 0.000000 0.000000 0.000000 0.000000 0.000000 0.000000 0.000000 0.000000 0.000000 0.000000 0.000000 0.000000 123.416025 123.413793 123.411560 123.409327 123.407095 123.404862 123.402350 123.400118 123.397885 123.395652 123.393420 123.390908
0.000000 0.000000 0.000000 0.000000 0.000000 0.000000 0.000000 0.000000 0.000000 0.000000 0.000000 0.000000 0.000000 0.000000 0.000000 0.000000 0.000000 0.000000 0.000000 0.000000 0.000000 0.000000 0.000000 0.000000 0.000000 0.000000 0.000000 0.000000 0.000000 0.000000 0.000000 0.000000 0.000000 0.000000 0.000000 0.000000 0.000000 0.000000 0.000000 0.000000 0.000000 0.000000 0.000000 0.000000 0.000000 0.000000 0.000000 0.000000 0.000000 0.000000 0.000000 0.000000 0.000000 123.416667 123.414630 123.412397 123.410165 123.407653 123.405420 123.403188 123.400955
0.000000 0.000000 0.000000 0.000000 0.000000 0.000000 0.000000 0.000000 0.000000 0.000000 0.000000 0.000000 0.000000 0.000000 0.000000 0.000000 0.000000 0.000000 0.000000 0.000000 0.000000 0.000000 0.000000 0.000000 0.000000 0.000000 0.000000 0.000000 0.000000 0.000000 0.000000 0.000000 0.000000 0.000000 0.000000 0.000000 0.000000 0.000000 0.000000 0.000000 0.000000 0.000000 0.000000 0.000000 0.000000 0.000000 0.000000 0.000000 0.000000 0.000000 0.000000 0.000000 0.000000 0.000000 0.000000 0.000000 0.000000 0.000000 123.414630 123.412397 123.410165
0.000000 0.000000 0.000000 0.000000 0.000000 0.000000 0.000000 0.000000 0.000000 0.000000 0.000000 0.000000 0.000000 0.000000 0.000000 0.000000 0.000000 0.000000 0.000000 0.000000 0.000000 0.000000 0.000000 0.000000 0.000000 0.000000 0.000000 0.000000 0.000000 0.000000 0.000000 0.000000 0.000000 0.000000 0.000000 0.000000 0.000000 0.000000 0.000000 0.000000 0.000000 0.000000 0.000000 0.000000 0.000000 0.000000 0.000000 0.000000 0.000000 0.000000 0.000000 0.000000 0.000000 0.000000 0.000000 0.000000 0.000000 0.000000 0.000000 0.000000 0.000000
0.000000 0.000000 0.000000 0.000000 0.000000 0.000000 0.000000 0.000000 0.000000 0.000000 0.000000 0.000000 0.000000 0.000000 0.000000 0.000000 0.000000 0.000000 0.000000 0.000000 0.000000 0.000000 0.000000 0.000000 0.000000 0.000000 0.000000 0.000000 0.000000 0.000000 0.000000 0.000000 0.000000 0.000000 0.000000 0.000000 0.000000 0.000000 0.000000 0.000000 0.000000 0.000000 0.000000 0.000000 0.000000 0.000000 0.000000 0.000000 0.000000 0.000000 0.000000 0.000000 0.000000 0.000000 0.000000 0.000000 0.000000 0.000000 0.000000 0.000000 0.000000
0.000000 0.000000 0.000000 0.000000 0.000000 0.000000 0.000000 0.000000 0.000000 0.000000 0.000000 0.000000 0.000000 0.000000 0.000000 0.000000 0.000000 0.000000 0.000000 0.000000 0.000000 0.000000 0.000000 0.000000 0.000000 0.000000 0.000000 0.000000 0.000000 0.000000 0.000000 0.000000 0.000000 0.000000 0.000000 0.000000 0.000000 0.000000 0.000000 0.000000 0.000000 0.000000 0.000000 0.000000 0.000000 0.000000 0.000000 0.000000 0.000000 0.000000 0.000000 0.000000 0.000000 0.000000 0.000000 0.000000 0.000000 0.000000 0.000000 0.000000 0.000000
0.000000 0.000000 0.000000 0.000000 0.000000 0.000000 0.000000 0.000000 0.000000 0.000000 0.000000 0.000000 0.000000 0.000000 0.000000 0.000000 0.000000 0.000000 0.000000 0.000000 0.000000 0.000000 0.000000 0.000000 0.000000 0.000000 0.000000 0.000000 0.000000 0.000000 0.000000 0.000000 0.000000 0.000000 0.000000 0.000000 0.000000 0.000000 0.000000 0.000000 0.000000 0.000000 0.000000 0.000000 0.000000 0.000000 0.000000 0.000000 0.000000 0.000000 0.000000 0.000000 0.000000 0.000000 0.000000 0.000000 0.000000 0.000000 0.000000 0.000000 0.000000
0.000000 0.000000 0.000000 0.000000 0.000000 0.000000 0.000000 0.000000 0.000000 0.000000 0.000000 0.000000 0.000000 0.000000 0.000000 0.000000 0.000000 0.000000 0.000000 0.000000 0.000000 0.000000 0.000000 0.000000 0.000000 0.000000 0.000000 0.000000 0.000000 0.000000 0.000000 0.000000 0.000000 0.000000 0.000000 0.000000 0.000000 0.000000 0.000000 0.000000 0.000000 0.000000 0.000000 0.000000 0.000000 0.000000 0.000000 0.000000 0.000000 0.000000 0.000000 0.000000 0.000000 0.000000 0.000000 0.000000 0.000000 0.000000 0.000000 0.000000 0.000000
0.000000 0.000000 0.000000 0.000000 0.000000 0.000000 0.000000 0.000000 0.000000 0.000000 0.000000 0.000000 0.000000 0.000000 0.000000 0.000000 0.000000 0.000000 0.000000 0.000000 0.000000 0.000000 0.000000 0.000000 0.000000 0.000000 0.000000 0.000000 0.000000 0.000000 0.000000 0.000000 0.000000 0.000000 0.000000 0.000000 0.000000 0.000000 0.000000 0.000000 0.000000 0.000000 0.000000 0.000000 0.000000 0.000000 0.000000 0.000000 0.000000 0.000000 0.000000 0.000000 0.000000 0.000000 0.000000 0.000000 0.000000 0.000000 0.000000 0.000000 0.000000
