FireSTARR/test/constant/O1a_S060_A000_WD180_WS020/arrival.asc
ncols         732
nrows         141
xllcorner     353503.990666
yllcorner     12747755.311160
cellsize      100.000000
NODATA_value  0.000000
[rows 54 to 80 of 141, columns 366 to 426 of 732]
123.388954 123.390908 123.399280 123.401513 123.405699 123.413793 123.414630 0.000000 0.000000 0.000000 0.000000 0.000000 0.000000 0.000000 0.000000 0.000000 0.000000 0.000000 0.000000 0.000000 0.000000 0.000000 0.000000 0.000000 0.000000 0.000000 0.000000 0.000000 0.000000 0.000000 0.000000 0.000000 0.000000 0.000000 0.000000 0.000000 0.000000 0.000000 0.000000 0.000000 0.000000 0.000000 0.000000 0.000000 0.000000 0.000000 0.000000 0.000000 0.000000 0.000000 0.000000 0.000000 0.000000 0.000000 0.000000 0.000000 0.000000 0.000000 0.000000 0.000000 0.000000
123.370452 123.372963 123.376675 123.377233 123.381140 123.383652 123.385884 123.390629 123.398164 123.402908 123.407374 123.410723 0.000000 0.000000 0.000000 0.000000 0.000000 0.000000 0.000000 0.000000 0.000000 0.000000 0.000000 0.000000 0.000000 0.000000 0.000000 0.000000 0.000000 0.000000 0.000000 0.000000 0.000000 0.000000 0.000000 0.000000 0.000000 0.000000 0.000000 0.000000 0.000000 0.000000 0.000000 0.000000 0.000000 0.000000 0.000000 0.000000 0.000000 0.000000 0.000000 0.000000 0.000000 0.000000 0.000000 0.000000 0.000000 0.000000 0.000000 0.000000 0.000000
123.336403 123.346729 123.351753 123.357335 123.362916 123.365707 123.367103 123.369614 123.373522 123.377512 123.381419 123.381419 123.386163 123.392582 123.399001 123.403188 123.406816 123.415467 0.000000 0.000000 0.000000 0.000000 0.000000 0.000000 0.000000 0.000000 0.000000 0.000000 0.000000 0.000000 0.000000 0.000000 0.000000 0.000000 0.000000 0.000000 0.000000 0.000000 0.000000 0.000000 0.000000 0.000000 0.000000 0.000000 0.000000 0.000000 0.000000 0.000000 0.000000 0.000000 0.000000 0.000000 0.000000 0.000000 0.000000 0.000000 0.000000 0.000000 0.000000 0.000000 0.000000
123.317063 123.321529 123.325994 123.327390 123.331018 123.337799 123.343380 123.343380 123.352869 123.355939 123.359567 123.362637 123.365986 123.371010 123.372126 123.374359 123.378070 123.382814 123.383093 123.397048 123.399001 123.402071 123.411002 123.416305 0.000000 0.000000 0.000000 0.000000 0.000000 0.000000 0.000000 0.000000 0.000000 0.000000 0.000000 0.000000 0.000000 0.000000 0.000000 0.000000 0.000000 0.000000 0.000000 0.000000 0.000000 0.000000 0.000000 0.000000 0.000000 0.000000 0.000000 0.000000 0.000000 0.000000 0.000000 0.000000 0.000000 0.000000 0.000000 0.000000 0.000000
123.299481 123.302272 123.304784 123.307854 123.308412 123.314831 123.318180 123.322087 123.323482 123.326273 123.334171 123.335287 123.339473 123.349241 123.350916 123.355660 123.358451 123.362079 123.366823 123.368498 123.371010 123.373801 123.375837 123.379744 123.388396 123.395373 123.397885 123.400676 123.411839 123.415467 0.000000 0.000000 0.000000 0.000000 0.000000 0.000000 0.000000 0.000000 0.000000 0.000000 0.000000 0.000000 0.000000 0.000000 0.000000 0.000000 0.000000 0.000000 0.000000 0.000000 0.000000 0.000000 0.000000 0.000000 0.000000 0.000000 0.000000 0.000000 0.000000 0.000000 0.000000
123.284048 123.284327 123.286560 123.288793 123.293620 123.296132 123.298644 123.299760 123.302830 123.304784 123.308133 123.313156 123.319017 123.319575 123.322366 123.326552 123.329901 123.334450 123.343659 123.349241 123.351474 123.355660 123.358451 123.359009 123.365149 123.365428 123.367661 123.370452 123.375279 123.381419 123.389512 123.393699 123.401234 123.409886 123.411281 123.415746 0.000000 0.000000 0.000000 0.000000 0.000000 0.000000 0.000000 0.000000 0.000000 0.000000 0.000000 0.000000 0.000000 0.000000 0.000000 0.000000 0.000000 0.000000 0.000000 0.000000 0.000000 0.000000 0.000000 0.000000 0.000000
123.265908 123.267582 123.270094 123.273164 123.275676 123.276234 123.280699 123.283490 123.287397 123.288793 123.290188 123.292783 123.295295 123.297807 123.301714 123.304505 123.309528 123.314831 123.315389 123.319854 123.321529 123.325994 123.330180 123.339752 123.343101 123.348404 123.348404 123.352590 123.354544 123.360684 123.361800 123.363754 123.369614 123.376116 123.377791 123.384210 123.390071 123.398443 123.406257 123.407653 123.414072 123.416584 0.000000 0.000000 0.000000 0.000000 0.000000 0.000000 0.000000 0.000000 0.000000 0.000000 0.000000 0.000000 0.000000 0.000000 0.000000 0.000000 0.000000 0.000000 0.000000
123.248801 123.250558 123.251395 123.259210 123.259489 123.262559 123.263954 123.264791 123.267024 123.269815 123.272606 123.277629 123.277629 123.280141 123.284886 123.286281 123.291305 123.292225 123.293062 123.296411 123.298365 123.306179 123.306458 123.311482 123.312877 123.316784 123.322366 123.325715 123.335287 123.341427 123.342264 123.345055 123.348962 123.350078 123.355381 123.357893 123.358730 123.365428 123.370452 123.373242 123.379465 123.388954 123.395652 123.397048 123.402071 123.410165 123.411002 123.416025 0.000000 0.000000 0.000000 0.000000 0.000000 0.000000 0.000000 0.000000 0.000000 0.000000 0.000000 0.000000 0.000000
123.235684 123.237358 123.239591 123.240986 123.244056 123.245452 123.247126 123.247405 123.255582 123.256140 123.256698 123.259210 123.260884 123.262838 123.266466 123.268978 123.271490 123.274280 123.277629 123.280978 123.282653 123.285165 123.287397 123.288793 123.293062 123.294178 123.300318 123.302830 123.307574 123.308691 123.312598 123.319296 123.319296 123.330739 123.336682 123.338078 123.340590 123.341706 123.345613 123.347567 123.352869 123.355102 123.358451 123.361521 123.367940 123.376675 123.385884 123.392582 123.393420 123.400118 123.403746 123.409048 123.415746 0.000000 0.000000 0.000000 0.000000 0.000000 0.000000 0.000000 0.000000
123.223962 123.225357 123.227590 123.229823 123.230102 123.232335 123.232335 123.234009 123.237358 123.238195 123.240149 123.242103 123.246010 123.250279 123.251675 123.252791 123.255861 123.257256 123.258931 123.261442 123.263117 123.266745 123.268699 123.272606 123.276513 123.279304 123.281816 123.283769 123.285444 123.286002 123.289909 123.297248 123.298644 123.303109 123.304505 123.310086 123.312877 123.315389 123.325157 123.333250 123.333612 123.336124 123.337799 123.341706 123.343659 123.349520 123.350916 123.353986 123.355102 123.363754 123.373522 123.378070 123.383652 123.388954 123.394257 123.400676 123.400676 123.412676 123.412676 0.000000 0.000000
123.213915 123.215590 123.216427 123.218380 123.218659 123.220613 123.221729 123.222288 123.225637 123.227032 123.227311 123.228986 123.230102 123.233172 123.234846 123.235963 123.238754 123.240707 123.247126 123.247405 123.248522 123.250558 123.252512 123.253628 123.256419 123.259210 123.261722 123.264512 123.266187 123.272327 123.275955 123.276234 123.278467 123.280420 123.282095 123.286002 123.292504 123.294458 123.299481 123.300876 123.305063 123.308412 123.315389 123.317622 123.323761 123.330180 123.332413 123.333250 123.337799 123.339473 123.341985 123.346171 123.348683 123.355660 123.364033 123.364591 123.374359 123.379744 123.386442 123.392024 123.394257
123.207971 123.207413 123.206855 123.206576 123.209729 123.210845 123.210845 123.212241 123.215590 123.215310 123.215590 123.217543 123.218939 123.219218 123.222288 123.223683 123.225916 123.226195 123.228986 123.231218 123.231497 123.234288 123.238474 123.239591 123.244056 123.244614 123.245452 123.248242 123.249638 123.252233 123.255582 123.258373 123.260605 123.262280 123.266466 123.272885 123.272606 123.275118 123.276513 123.278188 123.285723 123.287397 123.289630 123.291584 123.296411 123.300876 123.303388 123.305900 123.313993 123.319575 123.320971 123.326831 123.329343 123.333612 123.334729 123.338078 123.342822 123.344218 123.353427 123.354265 123.362358
123.211961 123.209729 123.207413 123.206297 123.205739 123.205180 123.204622 123.204064 123.203506 123.204622 123.206855 123.207692 123.208250 123.209450 123.210845 123.211961 123.214194 123.214473 123.215590 123.218101 123.220613 123.220613 123.222846 123.223125 123.226474 123.228148 123.228707 123.230660 123.235405 123.240707 123.240986 123.242103 123.244056 123.245173 123.247126 123.250837 123.252512 123.256977 123.258373 123.262838 123.263396 123.269257 123.269536 123.271769 123.274559 123.280420 123.282374 123.286839 123.287676 123.291667 123.296969 123.298644 123.301435 123.310365 123.315389 123.319017 123.322924 123.325994 123.326273 123.330739 123.334171
123.221171 123.218939 123.216706 123.214473 123.212241 123.210008 123.207971 123.205739 123.203506 123.202948 123.202390 123.201552 123.200994 123.200436 123.200157 123.201552 123.204343 123.204343 123.205739 123.206576 123.207692 123.208892 123.211124 123.212520 123.212520 123.214752 123.217264 123.219776 123.219497 123.222288 123.224799 123.225078 123.227032 123.232056 123.232893 123.237637 123.237916 123.239033 123.241823 123.243777 123.247405 123.250279 123.253070 123.253907 123.258093 123.260326 123.264512 123.266187 123.267861 123.270652 123.272048 123.278467 123.279583 123.283490 123.287956 123.293062 123.293620 123.297527 123.304505 123.310365 123.315110
123.231218 123.228707 123.226474 123.224241 123.222008 123.219776 123.217543 123.215310 123.213078 123.210845 123.208250 123.206018 123.203785 123.201552 123.199878 123.199320 123.198761 123.198203 123.197645 123.197087 123.197087 123.200157 123.200715 123.201552 123.202669 123.204064 123.205459 123.207413 123.208333 123.209171 123.209729 123.213636 123.213915 123.215310 123.216427 123.219776 123.221729 123.222008 123.223962 123.229265 123.233730 123.234288 123.235684 123.236242 123.238474 123.242661 123.244056 123.246847 123.250558 123.251116 123.255582 123.260605 123.262280 123.262838 123.266745 123.267303 123.275118 123.276234 123.279583 123.281816 123.284607
123.240428 123.238195 123.235963 123.233451 123.231218 123.228986 123.226753 123.224241 123.222008 123.219776 123.217543 123.215310 123.213078 123.210845 123.208612 123.206576 123.204343 123.202110 123.199878 123.197645 123.196529 123.195971 123.195412 123.194854 123.194296 123.193738 123.194854 123.196808 123.197924 123.199320 123.199878 123.200994 123.202110 123.204064 123.205180 123.206018 123.208612 123.210566 123.211961 123.213078 123.214473 123.216427 123.218380 123.220334 123.225916 123.226195 123.230660 123.231218 123.232614 123.235125 123.237079 123.240428 123.242940 123.244893 123.247405 123.255861 123.256419 123.258652 123.259210 123.261163 123.264791
123.250279 123.247963 123.245731 123.243498 123.240986 123.238754 123.236521 123.234288 123.232056 123.229823 123.227590 123.225357 123.223125 123.220613 123.218380 123.216148 123.213915 123.211682 123.209171 123.206855 123.204622 123.202390 123.200157 123.197924 123.195691 123.194017 123.193180 123.192622 123.192063 123.191505 123.190947 123.190668 123.192622 123.194017 123.194854 123.196250 123.197645 123.198761 123.200715 123.201831 123.202669 123.205459 123.205459 123.208892 123.208612 123.209729 123.213078 123.215310 123.215310 123.218659 123.222846 123.224241 123.227032 123.227590 123.229544 123.235125 123.235684 123.239312 123.240707 123.242382 123.246568
123.259489 123.257256 123.255024 123.252512 123.250279 123.247963 123.245731 123.243498 123.241265 123.239033 123.236800 123.234567 123.232056 123.229823 123.227590 123.225357 123.222846 123.220613 123.218380 123.216148 123.213915 123.211682 123.209450 123.207413 123.205180 123.202948 123.200715 123.198482 123.196250 123.194017 123.191784 123.190389 123.189831 123.189273 123.188435 123.187877 123.187319 123.187877 123.190668 123.191505 123.191784 123.193180 123.194296 123.197087 123.197366 123.198482 123.199320 123.202110 123.202948 123.205459 123.206297 123.209729 123.209729 123.211682 123.215310 123.217822 123.218659 123.222567 123.223683 123.226195 123.226753
123.269257 123.267024 123.264791 123.262559 123.260047 123.257814 123.255582 123.253349 123.251116 123.248801 123.246568 123.244335 123.242103 123.239870 123.237358 123.235125 123.232893 123.230660 123.228427 123.226195 123.223962 123.221729 123.219497 123.216985 123.214752 123.212520 123.210287 123.207971 123.205459 123.203227 123.200994 123.198761 123.196529 123.194296 123.192063 123.189831 123.187598 123.186761 123.186203 123.185644 123.185086 123.184528 123.184249 123.185086 123.187319 123.188156 123.189552 123.191226 123.191505 123.194017 123.195133 123.196250 123.196529 123.198761 123.200994 123.202390 123.204064 123.206018 123.208250 123.208250 123.211961
123.278467 123.276234 123.274001 123.271769 123.269257 123.267024 123.264791 123.262559 123.260326 123.258093 123.255861 123.253628 123.251395 123.248801 123.246568 123.244335 123.242103 123.239870 123.237637 123.235405 123.233172 123.230660 123.228427 123.226195 123.223962 123.221729 123.219218 123.216985 123.214752 123.212520 123.210287 123.208250 123.206018 123.203785 123.201552 123.199320 123.197087 123.194854 123.192622 123.190389 123.188156 123.185924 123.183970 123.183412 123.182854 123.182295 123.181737 123.181179 123.181179 123.184249 123.185086 123.185086 123.186482 123.187877 123.190389 123.190668 123.191784 123.192901 123.195133 123.196529 123.198482
123.288514 123.286281 123.284048 123.281537 123.279304 123.277071 123.274839 123.272327 123.270094 123.267861 123.265629 123.263396 123.261163 123.258931 123.256698 123.254465 123.251954 123.249638 123.247405 123.245173 123.242940 123.240707 123.238474 123.236242 123.234009 123.231497 123.229265 123.227032 123.224799 123.222288 123.220055 123.217822 123.215869 123.213357 123.211124 123.208892 123.206576 123.204343 123.201831 123.199878 123.197645 123.195412 123.192901 123.190668 123.188435 123.186203 123.183970 123.181458 123.180621 123.180063 123.179505 123.178946 123.178388 123.177830 123.178388 123.180900 123.181737 123.182854 123.184807 123.184807 123.187319
123.297527 123.295295 123.293062 123.290746 123.288514 123.286281 123.284048 123.281537 123.279304 123.277071 123.274839 123.272606 123.270373 123.268141 123.265908 123.263675 123.261163 123.258931 123.256698 123.254465 123.252233 123.249917 123.247405 123.245173 123.242940 123.240707 123.238474 123.236242 123.234009 123.231776 123.229544 123.227032 123.224799 123.222567 123.220334 123.217822 123.215869 123.213636 123.211403 123.209171 123.206855 123.204622 123.202390 123.200157 123.197924 123.195691 123.193459 123.191226 123.188993 123.186761 123.184528 123.182295 123.180063 123.177830 123.177272 123.176714 123.176156 123.175597 123.174760 123.174760 123.175597
123.307574 123.305342 123.302830 123.300597 123.298365 123.296132 123.293899 123.291584 123.289351 123.287118 123.284886 123.282653 123.280141 123.277908 123.275676 123.273443 123.270931 123.268699 123.266466 123.264233 123.262001 123.259768 123.257535 123.255303 123.253070 123.250558 123.248242 123.246010 123.243777 123.241544 123.239312 123.237079 123.234846 123.232614 123.230102 123.227869 123.225637 123.223404 123.221171 123.218939 123.216706 123.214473 123.212241 123.209729 123.207413 123.205180 123.202948 123.200715 123.198482 123.196250 123.194017 123.191784 123.189273 123.187040 123.184807 123.182574 123.180063 123.177830 123.175597 123.174202 123.173644
123.316505 123.314273 123.312040 123.309807 123.307574 123.305342 123.303109 123.300876 123.298644 123.296132 123.293899 123.291584 123.289351 123.287118 123.284886 123.282653 123.280420 123.278188 123.275676 123.273443 123.271210 123.268978 123.266466 123.264233 123.262001 123.259768 123.257535 123.255303 123.253070 123.250837 123.248522 123.246010 123.243777 123.241544 123.239312 123.237358 123.234846 123.232614 123.230381 123.228148 123.225637 123.223404 123.221171 123.218939 123.216706 123.214473 123.212241 123.210008 123.207692 123.205459 123.203227 123.200994 123.198761 123.196529 123.194296 123.192063 123.189831 123.187598 123.185365 123.183133 123.180900
123.326552 123.324320 123.322087 123.319854 123.317622 123.315389 123.313156 123.310644 123.308412 123.306179 123.303946 123.301435 123.299202 123.296969 123.294737 123.292504 123.290188 123.287956 123.285723 123.283490 123.280978 123.278746 123.276513 123.274280 123.272048 123.269815 123.267582 123.265350 123.263117 123.260605 123.258373 123.256140 123.253907 123.251395 123.249080 123.246847 123.244893 123.242661 123.240428 123.237916 123.235684 123.233451 123.231218 123.228707 123.226474 123.224241 123.222008 123.219776 123.217543 123.215310 123.213078 123.210845 123.208250 123.206018 123.203785 123.201552 123.199320 123.197087 123.194854 123.192622 123.190389
123.336403 123.334171 123.332134 123.329622 123.327390 123.325157 123.322924 123.320412 123.318180 123.315947 123.313714 123.311482 123.309249 123.307016 123.304784 123.302551 123.300039 123.297807 123.295574 123.293341 123.291025 123.288793 123.286560 123.284327 123.282095 123.279583 123.277350 123.275118 123.272885 123.270373 123.268420 123.266187 123.263954 123.261442 123.259210 123.256977 123.254744 123.252512 123.250000 123.247963 123.245731 123.243498 123.240986 123.238754 123.236521 123.234288 123.232056 123.229544 123.227311 123.225078 123.222846 123.220613 123.218380 123.216148 123.213915 123.211403 123.209171 123.206855 123.204622 123.202390 123.200157
123.345613 123.343380 123.341148 123.338915 123.336403 123.334171 123.332134 123.329901 123.327669 123.325157 123.322924 123.320691 123.318459 123.315947 123.313714 123.311482 123.309249 123.307016 123.304784 123.302551 123.300318 123.298086 123.295574 123.293341 123.291025 123.288793 123.286560 123.284327 123.282095 123.279862 123.277629 123.275118 123.272885 123.270652 123.268420 123.266187 123.263954 123.261722 123.259489 123.257256 123.254744 123.252512 123.250279 123.247963 123.245731 123.243498 123.241265 123.239033 123.236521 123.234288 123.232056 123.229823 123.227590 123.225078 123.222846 123.220613 123.218380 123.216148 123.213915 123.211682 123.209450
