FireSTARR/test/constant/O1a_S060_A090_WD045_WS020/arrival.asc
ncols         96
nrows         741
xllcorner     418303.990666
yllcorner     12674755.311160
cellsize      100.000000
NODATA_value  0.000000
[rows 351 to 377 of 741, columns 0 to 59 of 96]
0.000000 0.000000 0.000000 0.000000 0.000000 0.000000 0.000000 0.000000 0.000000 0.000000 0.000000 0.000000 0.000000 0.000000 0.000000 0.000000 0.000000 0.000000 0.000000 0.000000 0.000000 0.000000 0.000000 0.000000 0.000000 0.000000 0.000000 0.000000 0.000000 0.000000 0.000000 123.397599 123.377232 123.355374 123.336681 123.318171 123.300873 123.281526 123.264229 123.245998 123.233722 123.222841 123.212239 123.201262 123.197356 123.204331 123.214750 123.225352 123.235954 123.246556 123.257254 123.268135 123.278457 123.288780 123.300036 123.310080 123.320403 123.331284 123.341703 123.352584
0.000000 0.000000 0.000000 0.000000 0.000000 0.000000 0.000000 0.000000 0.000000 0.000000 0.000000 0.000000 0.000000 0.000000 0.000000 0.000000 0.000000 0.000000 0.000000 0.000000 0.000000 0.000000 0.000000 0.000000 0.000000 0.000000 0.000000 0.000000 0.000000 0.000000 123.414617 123.394530 123.376674 123.353979 123.333333 123.315660 123.299200 123.279852 123.261160 123.244324 123.233443 123.222283 123.211402 123.200704 123.197914 123.206005 123.216703 123.227026 123.237907 123.247951 123.258928 123.269809 123.279852 123.290454 123.301710 123.312312 123.322635 123.333333 123.343377 123.354537
0.000000 0.000000 0.000000 0.000000 0.000000 0.000000 0.000000 0.000000 0.000000 0.000000 0.000000 0.000000 0.000000 0.000000 0.000000 0.000000 0.000000 0.000000 0.000000 0.000000 0.000000 0.000000 0.000000 0.000000 0.000000 0.000000 0.000000 0.000000 0.000000 0.000000 123.412943 123.394251 123.372951 123.352584 123.332400 123.313707 123.296968 123.278736 123.260323 123.244045 123.232885 123.221725 123.210565 123.199588 123.198472 123.207400 123.218098 123.228979 123.239302 123.250000 123.260323 123.271483 123.281247 123.292504 123.303105 123.313986 123.324309 123.335007 123.344772 123.356490
0.000000 0.000000 0.000000 0.000000 0.000000 0.000000 0.000000 0.000000 0.000000 0.000000 0.000000 0.000000 0.000000 0.000000 0.000000 0.000000 0.000000 0.000000 0.000000 0.000000 0.000000 0.000000 0.000000 0.000000 0.000000 0.000000 0.000000 0.000000 0.000000 0.000000 123.410711 123.393414 123.369603 123.350910 123.330726 123.311754 123.294457 123.276504 123.258928 123.243208 123.232048 123.220888 123.210286 123.199309 123.199030 123.209449 123.219772 123.230932 123.240976 123.251953 123.261997 123.273715 123.283200 123.294457 123.305058 123.315381 123.325704 123.336402 123.347004 123.358164
0.000000 0.000000 0.000000 0.000000 0.000000 0.000000 0.000000 0.000000 0.000000 0.000000 0.000000 0.000000 0.000000 0.000000 0.000000 0.000000 0.000000 0.000000 0.000000 0.000000 0.000000 0.000000 0.000000 0.000000 0.000000 0.000000 0.000000 0.000000 0.000000 0.000000 123.409316 123.391461 123.367929 123.349236 123.328494 123.309243 123.294178 123.273715 123.256138 123.242650 123.231211 123.220051 123.209728 123.199588 123.200425 123.211123 123.222004 123.232327 123.243208 123.253348 123.264229 123.275109 123.285153 123.296131 123.307011 123.317055 123.327378 123.338355 123.348678 123.359559
0.000000 0.000000 0.000000 0.000000 0.000000 0.000000 0.000000 0.000000 0.000000 0.000000 0.000000 0.000000 0.000000 0.000000 0.000000 0.000000 0.000000 0.000000 0.000000 0.000000 0.000000 0.000000 0.000000 0.000000 0.000000 0.000000 0.000000 0.000000 0.000000 0.000000 123.406526 123.389229 123.366255 123.347283 123.327936 123.308406 123.291946 123.271483 123.254464 123.241534 123.230374 123.220051 123.208891 123.200146 123.202378 123.212518 123.223399 123.233722 123.244882 123.255022 123.265624 123.276504 123.286827 123.298084 123.308685 123.319287 123.329610 123.340587 123.350352 123.361791
0.000000 0.000000 0.000000 0.000000 0.000000 0.000000 0.000000 0.000000 0.000000 0.000000 0.000000 0.000000 0.000000 0.000000 0.000000 0.000000 0.000000 0.000000 0.000000 0.000000 0.000000 0.000000 0.000000 0.000000 0.000000 0.000000 0.000000 0.000000 0.000000 0.000000 123.406247 123.386439 123.365139 123.345330 123.325704 123.307848 123.291570 123.270925 123.252790 123.240976 123.230095 123.219214 123.208237 123.200704 123.204331 123.215029 123.225631 123.236233 123.246277 123.257254 123.267298 123.278457 123.288222 123.300036 123.310080 123.320961 123.331005 123.341982 123.351747 123.363465
0.000000 0.000000 0.000000 0.000000 0.000000 0.000000 0.000000 0.000000 0.000000 0.000000 0.000000 0.000000 0.000000 0.000000 0.000000 0.000000 0.000000 0.000000 0.000000 0.000000 0.000000 0.000000 0.000000 0.000000 0.000000 0.000000 0.000000 0.000000 0.000000 0.000000 123.404573 123.385044 123.363744 123.343656 123.324030 123.307290 123.289059 123.270088 123.252232 123.240139 123.229537 123.218656 123.207400 123.201262 123.205726 123.216424 123.227026 123.237628 123.247951 123.258649 123.269251 123.280410 123.290454 123.301431 123.312312 123.322356 123.332679 123.343377 123.354258 123.364860
0.000000 0.000000 0.000000 0.000000 0.000000 0.000000 0.000000 0.000000 0.000000 0.000000 0.000000 0.000000 0.000000 0.000000 0.000000 0.000000 0.000000 0.000000 0.000000 0.000000 0.000000 0.000000 0.000000 0.000000 0.000000 0.000000 0.000000 0.000000 0.000000 0.000000 123.402899 123.382254 123.362070 123.341982 123.323472 123.305895 123.287385 123.270088 123.251674 123.239581 123.228700 123.217819 123.206842 123.201820 123.207121 123.217819 123.228979 123.239302 123.250000 123.260323 123.271204 123.282084 123.291946 123.303105 123.313986 123.324309 123.334728 123.345330 123.355653 123.366534
0.000000 0.000000 0.000000 0.000000 0.000000 0.000000 0.000000 0.000000 0.000000 0.000000 0.000000 0.000000 0.000000 0.000000 0.000000 0.000000 0.000000 0.000000 0.000000 0.000000 0.000000 0.000000 0.000000 0.000000 0.000000 0.000000 0.000000 0.000000 0.000000 0.000000 123.400109 123.380580 123.360117 123.339750 123.322356 123.304221 123.285432 123.268135 123.249903 123.239023 123.227863 123.217261 123.206284 123.202378 123.209170 123.219772 123.230932 123.240976 123.251674 123.262276 123.272599 123.283479 123.293620 123.305337 123.315381 123.326262 123.336123 123.347283 123.357048 123.368766
0.000000 0.000000 0.000000 0.000000 0.000000 0.000000 0.000000 0.000000 0.000000 0.000000 0.000000 0.000000 0.000000 0.000000 0.000000 0.000000 0.000000 0.000000 0.000000 0.000000 0.000000 0.000000 0.000000 0.000000 0.000000 0.000000 0.000000 0.000000 0.000000 0.000000 123.399551 123.378906 123.358443 123.338355 123.319566 123.301710 123.282921 123.266182 123.249624 123.238465 123.227305 123.216424 123.205447 123.202936 123.210844 123.221725 123.232606 123.243208 123.253069 123.264229 123.274272 123.285711 123.295852 123.306732 123.317055 123.327657 123.337797 123.348957 123.359001 123.370440
0.000000 0.000000 0.000000 0.000000 0.000000 0.000000 0.000000 0.000000 0.000000 0.000000 0.000000 0.000000 0.000000 0.000000 0.000000 0.000000 0.000000 0.000000 0.000000 0.000000 0.000000 0.000000 0.000000 0.000000 0.000000 0.000000 0.000000 0.000000 0.000000 0.000000 123.398157 123.376116 123.356769 123.337797 123.317055 123.301152 123.280689 123.263950 123.249066 123.237349 123.226747 123.215866 123.204889 123.203494 123.212797 123.223399 123.234001 123.244603 123.255022 123.265624 123.276225 123.287385 123.297247 123.308685 123.319287 123.329331 123.340029 123.350352 123.360954 123.371835
0.000000 0.000000 0.000000 0.000000 0.000000 0.000000 0.000000 0.000000 0.000000 0.000000 0.000000 0.000000 0.000000 0.000000 0.000000 0.000000 0.000000 0.000000 0.000000 0.000000 0.000000 0.000000 0.000000 0.000000 0.000000 0.000000 0.000000 0.000000 0.000000 123.415733 123.396204 123.374345 123.354816 123.334170 123.314823 123.299200 123.277620 123.263113 123.248230 123.236791 123.225910 123.215308 123.204331 123.204052 123.214750 123.224794 123.236233 123.245998 123.256975 123.267298 123.278178 123.289338 123.298642 123.310359 123.320961 123.331284 123.341703 123.352584 123.362628 123.373787
0.000000 0.000000 0.000000 0.000000 0.000000 0.000000 0.000000 0.000000 0.000000 0.000000 0.000000 0.000000 0.000000 0.000000 0.000000 0.000000 0.000000 0.000000 0.000000 0.000000 0.000000 0.000000 0.000000 0.000000 0.000000 0.000000 0.000000 0.000000 0.000000 123.412943 123.394809 123.372672 123.352863 123.333612 123.313986 123.297526 123.277341 123.260881 123.247114 123.235954 123.225352 123.214750 123.204610 123.205447 123.216145 123.226747 123.237907 123.248230 123.258649 123.269251 123.279573 123.290733 123.300873 123.312312 123.322356 123.333237 123.343098 123.354258 123.364023 123.375558
0.000000 0.000000 0.000000 0.000000 0.000000 0.000000 0.000000 0.000000 0.000000 0.000000 0.000000 0.000000 0.000000 0.000000 0.000000 0.000000 0.000000 0.000000 0.000000 0.000000 0.000000 0.000000 0.000000 0.000000 0.000000 0.000000 0.000000 0.000000 0.000000 123.411548 123.391182 123.371835 123.352026 123.330726 123.313428 123.296689 123.276783 123.259486 123.246835 123.235675 123.225073 123.213913 123.205168 123.207400 123.217819 123.228700 123.239302 123.249903 123.260044 123.271204 123.281247 123.292783 123.302547 123.314265 123.324309 123.334728 123.344772 123.355653 123.365976 123.376953
0.000000 0.000000 0.000000 0.000000 0.000000 0.000000 0.000000 0.000000 0.000000 0.000000 0.000000 0.000000 0.000000 0.000000 0.000000 0.000000 0.000000 0.000000 0.000000 0.000000 0.000000 0.000000 0.000000 0.000000 0.000000 0.000000 0.000000 0.000000 0.000000 123.409316 123.389229 123.369882 123.349515 123.330447 123.312870 123.294457 123.275667 123.257812 123.245719 123.235117 123.224236 123.213076 123.205726 123.209170 123.219772 123.230095 123.240976 123.251953 123.262276 123.272599 123.283479 123.294457 123.304221 123.315660 123.326262 123.336960 123.347004 123.357327 123.367929 123.379185
0.000000 0.000000 0.000000 0.000000 0.000000 0.000000 0.000000 0.000000 0.000000 0.000000 0.000000 0.000000 0.000000 0.000000 0.000000 0.000000 0.000000 0.000000 0.000000 0.000000 0.000000 0.000000 0.000000 0.000000 0.000000 0.000000 0.000000 0.000000 0.000000 123.408758 123.387555 123.368208 123.347283 123.329052 123.310917 123.293062 123.275388 123.257254 123.245161 123.234280 123.223399 123.212518 123.206284 123.210565 123.221725 123.231769 123.243208 123.253348 123.263950 123.274272 123.284874 123.296131 123.305616 123.317334 123.327657 123.338355 123.348399 123.359559 123.369324 123.380859
0.000000 0.000000 0.000000 0.000000 0.000000 0.000000 0.000000 0.000000 0.000000 0.000000 0.000000 0.000000 0.000000 0.000000 0.000000 0.000000 0.000000 0.000000 0.000000 0.000000 0.000000 0.000000 0.000000 0.000000 0.000000 0.000000 0.000000 0.000000 0.000000 123.407363 123.386160 123.365976 123.346167 123.325704 123.308964 123.289617 123.273994 123.255859 123.244603 123.233443 123.222841 123.212239 123.206842 123.212797 123.223120 123.234001 123.244882 123.255301 123.265624 123.276504 123.286548 123.298363 123.307848 123.319566 123.329331 123.340587 123.350073 123.361233 123.370998 123.382254
0.000000 0.000000 0.000000 0.000000 0.000000 0.000000 0.000000 0.000000 0.000000 0.000000 0.000000 0.000000 0.000000 0.000000 0.000000 0.000000 0.000000 0.000000 0.000000 0.000000 0.000000 0.000000 0.000000 0.000000 0.000000 0.000000 0.000000 0.000000 0.000000 123.405689 123.384207 123.364302 123.344772 123.324030 123.307290 123.288501 123.271762 123.255022 123.244045 123.232885 123.222004 123.211402 123.207400 123.214471 123.224794 123.235675 123.246277 123.257254 123.267019 123.277899 123.288222 123.299757 123.309522 123.320961 123.331563 123.341982 123.352026 123.362628 123.373230 123.384207
0.000000 0.000000 0.000000 0.000000 0.000000 0.000000 0.000000 0.000000 0.000000 0.000000 0.000000 0.000000 0.000000 0.000000 0.000000 0.000000 0.000000 0.000000 0.000000 0.000000 0.000000 0.000000 0.000000 0.000000 0.000000 0.000000 0.000000 0.000000 0.000000 123.403457 123.382812 123.362349 123.342819 123.322077 123.307011 123.287106 123.270367 123.254464 123.243208 123.232606 123.221446 123.210565 123.207958 123.215866 123.227026 123.237070 123.248230 123.258649 123.269530 123.279573 123.290454 123.301152 123.311196 123.322635 123.333237 123.343935 123.353979 123.364581 123.374903 123.386160
0.000000 0.000000 0.000000 0.000000 0.000000 0.000000 0.000000 0.000000 0.000000 0.000000 0.000000 0.000000 0.000000 0.000000 0.000000 0.000000 0.000000 0.000000 0.000000 0.000000 0.000000 0.000000 0.000000 0.000000 0.000000 0.000000 0.000000 0.000000 0.000000 123.400946 123.381138 123.360117 123.340029 123.320682 123.304779 123.283200 123.268414 123.253906 123.242371 123.231490 123.220888 123.210007 123.208612 123.217540 123.228421 123.238744 123.250000 123.260323 123.270925 123.281247 123.291667 123.303105 123.312870 123.324309 123.334728 123.345888 123.355374 123.366534 123.376395 123.387834
0.000000 0.000000 0.000000 0.000000 0.000000 0.000000 0.000000 0.000000 0.000000 0.000000 0.000000 0.000000 0.000000 0.000000 0.000000 0.000000 0.000000 0.000000 0.000000 0.000000 0.000000 0.000000 0.000000 0.000000 0.000000 0.000000 0.000000 0.000000 0.000000 123.399551 123.378069 123.358722 123.339192 123.319845 123.302826 123.282921 123.267298 123.252790 123.241813 123.230932 123.220051 123.209449 123.209170 123.219772 123.230653 123.240976 123.251953 123.262276 123.272320 123.283479 123.293899 123.305058 123.315102 123.326541 123.336960 123.347562 123.357048 123.367929 123.378627 123.389229
0.000000 0.000000 0.000000 0.000000 0.000000 0.000000 0.000000 0.000000 0.000000 0.000000 0.000000 0.000000 0.000000 0.000000 0.000000 0.000000 0.000000 0.000000 0.000000 0.000000 0.000000 0.000000 0.000000 0.000000 0.000000 0.000000 0.000000 0.000000 0.000000 123.395646 123.377511 123.355932 123.336402 123.319008 123.301431 123.282363 123.265624 123.251953 123.241255 123.230374 123.219493 123.209728 123.210565 123.221446 123.232048 123.242371 123.253348 123.264229 123.274272 123.284874 123.295573 123.306732 123.316497 123.327936 123.338355 123.348957 123.359280 123.369603 123.380022 123.391182
0.000000 0.000000 0.000000 0.000000 0.000000 0.000000 0.000000 0.000000 0.000000 0.000000 0.000000 0.000000 0.000000 0.000000 0.000000 0.000000 0.000000 0.000000 0.000000 0.000000 0.000000 0.000000 0.000000 0.000000 0.000000 0.000000 0.000000 0.000000 123.414896 123.393693 123.376116 123.354537 123.334728 123.318729 123.300036 123.281526 123.263392 123.251953 123.240697 123.230095 123.219214 123.210286 123.212797 123.222841 123.234001 123.244045 123.255301 123.265624 123.276225 123.286269 123.296968 123.308127 123.317892 123.329331 123.340029 123.351189 123.360954 123.371556 123.381696 123.393135
0.000000 0.000000 0.000000 0.000000 0.000000 0.000000 0.000000 0.000000 0.000000 0.000000 0.000000 0.000000 0.000000 0.000000 0.000000 0.000000 0.000000 0.000000 0.000000 0.000000 0.000000 0.000000 0.000000 0.000000 0.000000 0.000000 0.000000 0.000000 123.414059 123.393414 123.372951 123.352863 123.334728 123.316497 123.298642 123.281247 123.263113 123.250837 123.240139 123.228979 123.218377 123.210844 123.214192 123.224794 123.235954 123.245998 123.257254 123.267298 123.277899 123.288501 123.298642 123.310359 123.319845 123.331563 123.341703 123.352863 123.362349 123.373509 123.383649 123.394530
0.000000 0.000000 0.000000 0.000000 0.000000 0.000000 0.000000 0.000000 0.000000 0.000000 0.000000 0.000000 0.000000 0.000000 0.000000 0.000000 0.000000 0.000000 0.000000 0.000000 0.000000 0.000000 0.000000 0.000000 0.000000 0.000000 0.000000 0.000000 123.412106 123.392577 123.371556 123.351747 123.332400 123.315381 123.294457 123.280410 123.261718 123.250279 123.239023 123.228421 123.217819 123.211402 123.215866 123.226747 123.237628 123.247951 123.258649 123.269530 123.279294 123.290175 123.300873 123.312033 123.321798 123.333237 123.343935 123.354258 123.364023 123.374903 123.385602 123.396204
0.000000 0.000000 0.000000 0.000000 0.000000 0.000000 0.000000 0.000000 0.000000 0.000000 0.000000 0.000000 0.000000 0.000000 0.000000 0.000000 0.000000 0.000000 0.000000 0.000000 0.000000 0.000000 0.000000 0.000000 0.000000 0.000000 0.000000 0.000000 123.410711 123.390903 123.369603 123.349794 123.330447 123.313707 123.292783 123.279015 123.260602 123.249624 123.238744 123.227584 123.216703 123.211960 123.217819 123.228421 123.239023 123.249345 123.260323 123.271204 123.281526 123.291667 123.302268 123.313986 123.323472 123.335286 123.345330 123.355932 123.366255 123.376953 123.386997 123.398436
