FireSTARR/test/constant/O1a_S060_A090_WD045_WS020/arrival.asc
ncols         96
nrows         741
xllcorner     418303.990666
yllcorner     12674755.311160
cellsize      100.000000
NODATA_value  0.000000
[rows 405 to 431 of 741, columns 0 to 59 of 96]
0.000000 0.000000 0.000000 0.000000 0.000000 0.000000 0.000000 0.000000 0.000000 0.000000 0.000000 0.000000 0.000000 0.000000 0.000000 0.000000 0.000000 0.000000 0.000000 0.000000 0.000000 0.000000 0.000000 0.000000 0.000000 0.000000 123.398715 123.379743 123.358443 123.341982 123.322914 123.304500 123.289338 123.274551 123.263950 123.253069 123.242371 123.231211 123.227863 123.234838 123.245440 123.256138 123.266461 123.277062 123.288222 123.298084 123.309243 123.319845 123.329889 123.340308 123.351468 123.363186 123.372393 123.384207 123.394251 123.405131 123.414896 0.000000 0.000000 0.000000
0.000000 0.000000 0.000000 0.000000 0.000000 0.000000 0.000000 0.000000 0.000000 0.000000 0.000000 0.000000 0.000000 0.000000 0.000000 0.000000 0.000000 0.000000 0.000000 0.000000 0.000000 0.000000 0.000000 0.000000 0.000000 0.000000 123.396762 123.377232 123.356769 123.341145 123.321240 123.303942 123.288780 123.274272 123.263113 123.252511 123.241534 123.230653 123.228421 123.236791 123.246835 123.257533 123.268693 123.278736 123.289896 123.300036 123.311196 123.321519 123.332121 123.342540 123.352863 123.364860 123.373787 123.385602 123.395925 123.406526 123.416570 0.000000 0.000000 0.000000
0.000000 0.000000 0.000000 0.000000 0.000000 0.000000 0.000000 0.000000 0.000000 0.000000 0.000000 0.000000 0.000000 0.000000 0.000000 0.000000 0.000000 0.000000 0.000000 0.000000 0.000000 0.000000 0.000000 0.000000 0.000000 123.415733 123.395088 123.375837 123.355653 123.339471 123.319566 123.303663 123.287106 123.273715 123.262555 123.251953 123.240697 123.229816 123.228979 123.238186 123.249066 123.259207 123.270367 123.280689 123.291946 123.301989 123.313149 123.322914 123.333333 123.344214 123.354537 123.366255 123.375837 123.387276 123.397599 123.408479 0.000000 0.000000 0.000000 0.000000
0.000000 0.000000 0.000000 0.000000 0.000000 0.000000 0.000000 0.000000 0.000000 0.000000 0.000000 0.000000 0.000000 0.000000 0.000000 0.000000 0.000000 0.000000 0.000000 0.000000 0.000000 0.000000 0.000000 0.000000 0.000000 123.414617 123.394809 123.373509 123.353142 123.336681 123.318171 123.301710 123.284037 123.272599 123.261997 123.251116 123.240139 123.229537 123.229816 123.239860 123.250558 123.261439 123.272041 123.282921 123.293341 123.303384 123.314544 123.325146 123.335565 123.345888 123.356769 123.368487 123.377232 123.389508 123.399272 123.410432 0.000000 0.000000 0.000000 0.000000
0.000000 0.000000 0.000000 0.000000 0.000000 0.000000 0.000000 0.000000 0.000000 0.000000 0.000000 0.000000 0.000000 0.000000 0.000000 0.000000 0.000000 0.000000 0.000000 0.000000 0.000000 0.000000 0.000000 0.000000 0.000000 123.412106 123.392856 123.370719 123.352584 123.336123 123.315381 123.301152 123.283479 123.272320 123.261160 123.250279 123.239581 123.230095 123.231211 123.242092 123.252232 123.263113 123.273436 123.284316 123.295294 123.305058 123.315939 123.326820 123.337239 123.347562 123.358443 123.370161 123.378906 123.390903 123.401504 123.411827 0.000000 0.000000 0.000000 0.000000
0.000000 0.000000 0.000000 0.000000 0.000000 0.000000 0.000000 0.000000 0.000000 0.000000 0.000000 0.000000 0.000000 0.000000 0.000000 0.000000 0.000000 0.000000 0.000000 0.000000 0.000000 0.000000 0.000000 0.000000 0.000000 123.410432 123.390624 123.368208 123.350631 123.333891 123.312312 123.299757 123.282642 123.271762 123.260602 123.249624 123.239023 123.230653 123.232606 123.243766 123.254464 123.264508 123.275667 123.285711 123.297526 123.307290 123.318171 123.328494 123.338634 123.349794 123.359838 123.371556 123.381138 123.392577 123.402899 123.413501 0.000000 0.000000 0.000000 0.000000
0.000000 0.000000 0.000000 0.000000 0.000000 0.000000 0.000000 0.000000 0.000000 0.000000 0.000000 0.000000 0.000000 0.000000 0.000000 0.000000 0.000000 0.000000 0.000000 0.000000 0.000000 0.000000 0.000000 0.000000 0.000000 123.407642 123.389508 123.366534 123.348957 123.332400 123.311754 123.298084 123.282084 123.270925 123.260044 123.249066 123.238186 123.231211 123.234838 123.245161 123.255859 123.266461 123.277341 123.287664 123.298921 123.308685 123.319845 123.330168 123.340308 123.351189 123.361512 123.373230 123.382812 123.394530 123.404294 123.415733 0.000000 0.000000 0.000000 0.000000
0.000000 0.000000 0.000000 0.000000 0.000000 0.000000 0.000000 0.000000 0.000000 0.000000 0.000000 0.000000 0.000000 0.000000 0.000000 0.000000 0.000000 0.000000 0.000000 0.000000 0.000000 0.000000 0.000000 0.000000 0.000000 123.406247 123.387276 123.365418 123.348399 123.330447 123.311196 123.296410 123.281247 123.270925 123.259207 123.248509 123.237349 123.231769 123.236512 123.246835 123.257533 123.268414 123.279015 123.289617 123.300594 123.310359 123.321519 123.332400 123.342540 123.352584 123.363744 123.375279 123.384207 123.396483 123.406247 0.000000 0.000000 0.000000 0.000000 0.000000
0.000000 0.000000 0.000000 0.000000 0.000000 0.000000 0.000000 0.000000 0.000000 0.000000 0.000000 0.000000 0.000000 0.000000 0.000000 0.000000 0.000000 0.000000 0.000000 0.000000 0.000000 0.000000 0.000000 0.000000 0.000000 123.404573 123.383649 123.364302 123.347562 123.328494 123.310359 123.294736 123.280410 123.269809 123.259207 123.247951 123.236791 123.232327 123.238186 123.249066 123.259486 123.269809 123.280689 123.291291 123.302268 123.312033 123.323193 123.333333 123.343935 123.354537 123.365139 123.376674 123.386160 123.397878 123.408200 0.000000 0.000000 0.000000 0.000000 0.000000
0.000000 0.000000 0.000000 0.000000 0.000000 0.000000 0.000000 0.000000 0.000000 0.000000 0.000000 0.000000 0.000000 0.000000 0.000000 0.000000 0.000000 0.000000 0.000000 0.000000 0.000000 0.000000 0.000000 0.000000 0.000000 123.402620 123.382254 123.362628 123.346725 123.327657 123.309801 123.294178 123.279852 123.268972 123.258091 123.247393 123.236512 123.232885 123.239860 123.250279 123.261439 123.271483 123.282921 123.293341 123.303105 123.314265 123.325425 123.335565 123.345609 123.356490 123.366813 123.378627 123.388113 123.399551 123.409874 0.000000 0.000000 0.000000 0.000000 0.000000
0.000000 0.000000 0.000000 0.000000 0.000000 0.000000 0.000000 0.000000 0.000000 0.000000 0.000000 0.000000 0.000000 0.000000 0.000000 0.000000 0.000000 0.000000 0.000000 0.000000 0.000000 0.000000 0.000000 0.000000 0.000000 123.400946 123.379743 123.361233 123.345051 123.325425 123.308964 123.293341 123.279015 123.268135 123.257533 123.246277 123.235675 123.233443 123.242092 123.252511 123.262834 123.273715 123.284316 123.294736 123.305058 123.315660 123.326820 123.337239 123.347562 123.358164 123.368766 123.380580 123.389508 123.401504 123.411269 0.000000 0.000000 0.000000 0.000000 0.000000
0.000000 0.000000 0.000000 0.000000 0.000000 0.000000 0.000000 0.000000 0.000000 0.000000 0.000000 0.000000 0.000000 0.000000 0.000000 0.000000 0.000000 0.000000 0.000000 0.000000 0.000000 0.000000 0.000000 0.000000 0.000000 123.400388 123.376674 123.358722 123.343656 123.324030 123.307290 123.289896 123.278457 123.267577 123.256975 123.245719 123.234838 123.234001 123.243487 123.254185 123.264229 123.275388 123.285711 123.296410 123.307011 123.317055 123.328494 123.338913 123.349515 123.359559 123.370719 123.382254 123.391182 123.403457 123.413501 0.000000 0.000000 0.000000 0.000000 0.000000
0.000000 0.000000 0.000000 0.000000 0.000000 0.000000 0.000000 0.000000 0.000000 0.000000 0.000000 0.000000 0.000000 0.000000 0.000000 0.000000 0.000000 0.000000 0.000000 0.000000 0.000000 0.000000 0.000000 0.000000 0.000000 123.399551 123.375279 123.358164 123.341145 123.320124 123.306732 123.289059 123.277899 123.266740 123.256138 123.245161 123.234559 123.234838 123.244882 123.255580 123.266461 123.276783 123.287664 123.298084 123.308685 123.319287 123.330168 123.340587 123.350910 123.361791 123.372114 123.383649 123.393135 123.404852 123.415175 0.000000 0.000000 0.000000 0.000000 0.000000
0.000000 0.000000 0.000000 0.000000 0.000000 0.000000 0.000000 0.000000 0.000000 0.000000 0.000000 0.000000 0.000000 0.000000 0.000000 0.000000 0.000000 0.000000 0.000000 0.000000 0.000000 0.000000 0.000000 0.000000 123.416012 123.395367 123.372672 123.356769 123.340029 123.317892 123.304500 123.288222 123.277341 123.266182 123.255301 123.244603 123.235117 123.236512 123.246835 123.257254 123.268135 123.278457 123.289617 123.300315 123.310080 123.320961 123.332400 123.342819 123.352584 123.363465 123.373509 123.385881 123.395088 123.406526 123.416667 0.000000 0.000000 0.000000 0.000000 0.000000
0.000000 0.000000 0.000000 0.000000 0.000000 0.000000 0.000000 0.000000 0.000000 0.000000 0.000000 0.000000 0.000000 0.000000 0.000000 0.000000 0.000000 0.000000 0.000000 0.000000 0.000000 0.000000 0.000000 0.000000 123.414338 123.392856 123.372114 123.355374 123.336681 123.317613 123.302547 123.287943 123.276783 123.265903 123.255022 123.244045 123.235675 123.237907 123.248787 123.259486 123.269809 123.280689 123.291291 123.301710 123.312312 123.322635 123.333612 123.344214 123.354537 123.364860 123.375837 123.387555 123.396483 123.408758 0.000000 0.000000 0.000000 0.000000 0.000000 0.000000
0.000000 0.000000 0.000000 0.000000 0.000000 0.000000 0.000000 0.000000 0.000000 0.000000 0.000000 0.000000 0.000000 0.000000 0.000000 0.000000 0.000000 0.000000 0.000000 0.000000 0.000000 0.000000 0.000000 0.000000 123.412385 123.391182 123.371556 123.353700 123.336123 123.317055 123.300873 123.287106 123.275667 123.265066 123.254464 123.242929 123.236233 123.239860 123.250279 123.261160 123.271483 123.282084 123.293341 123.303105 123.313986 123.324030 123.335844 123.345888 123.356490 123.366534 123.377790 123.388950 123.398157 123.410153 0.000000 0.000000 0.000000 0.000000 0.000000 0.000000
0.000000 0.000000 0.000000 0.000000 0.000000 0.000000 0.000000 0.000000 0.000000 0.000000 0.000000 0.000000 0.000000 0.000000 0.000000 0.000000 0.000000 0.000000 0.000000 0.000000 0.000000 0.000000 0.000000 0.000000 123.410432 123.389229 123.370161 123.353700 123.334170 123.316218 123.300315 123.285990 123.275388 123.264229 123.253627 123.242371 123.236791 123.241813 123.252511 123.262555 123.273715 123.283758 123.294736 123.305337 123.315939 123.326541 123.337518 123.347562 123.357885 123.368766 123.380022 123.390624 123.400388 123.412385 0.000000 0.000000 0.000000 0.000000 0.000000 0.000000
0.000000 0.000000 0.000000 0.000000 0.000000 0.000000 0.000000 0.000000 0.000000 0.000000 0.000000 0.000000 0.000000 0.000000 0.000000 0.000000 0.000000 0.000000 0.000000 0.000000 0.000000 0.000000 0.000000 0.000000 123.408200 123.386997 123.369324 123.352305 123.331563 123.315381 123.299757 123.285432 123.274272 123.263671 123.253069 123.241813 123.237349 123.243208 123.253906 123.264508 123.275109 123.285711 123.296410 123.307011 123.317334 123.327936 123.339192 123.349794 123.359559 123.370440 123.381696 123.392856 123.402062 123.413780 0.000000 0.000000 0.000000 0.000000 0.000000 0.000000
0.000000 0.000000 0.000000 0.000000 0.000000 0.000000 0.000000 0.000000 0.000000 0.000000 0.000000 0.000000 0.000000 0.000000 0.000000 0.000000 0.000000 0.000000 0.000000 0.000000 0.000000 0.000000 0.000000 0.000000 123.406526 123.384765 123.367092 123.350631 123.329610 123.314823 123.298084 123.284874 123.273994 123.263113 123.252232 123.241255 123.237907 123.244882 123.255580 123.266461 123.276504 123.287664 123.298084 123.308685 123.319287 123.329331 123.340587 123.351189 123.361791 123.371835 123.383091 123.394530 123.403457 123.415733 0.000000 0.000000 0.000000 0.000000 0.000000 0.000000
0.000000 0.000000 0.000000 0.000000 0.000000 0.000000 0.000000 0.000000 0.000000 0.000000 0.000000 0.000000 0.000000 0.000000 0.000000 0.000000 0.000000 0.000000 0.000000 0.000000 0.000000 0.000000 0.000000 0.000000 123.404573 123.382533 123.364581 123.350073 123.327099 123.313149 123.296410 123.284037 123.273436 123.262276 123.252232 123.240418 123.238465 123.247114 123.257254 123.268135 123.278457 123.289338 123.300315 123.310080 123.321240 123.331284 123.342819 123.352584 123.363186 123.373787 123.385323 123.395925 123.405131 0.000000 0.000000 0.000000 0.000000 0.000000 0.000000 0.000000
0.000000 0.000000 0.000000 0.000000 0.000000 0.000000 0.000000 0.000000 0.000000 0.000000 0.000000 0.000000 0.000000 0.000000 0.000000 0.000000 0.000000 0.000000 0.000000 0.000000 0.000000 0.000000 0.000000 0.000000 123.401504 123.380580 123.363744 123.346725 123.325146 123.312312 123.294736 123.283479 123.272320 123.261718 123.250837 123.239860 123.239023 123.248787 123.259486 123.269530 123.280410 123.290733 123.301710 123.312312 123.322635 123.333333 123.344493 123.354816 123.364860 123.375558 123.386997 123.397878 123.407363 0.000000 0.000000 0.000000 0.000000 0.000000 0.000000 0.000000
0.000000 0.000000 0.000000 0.000000 0.000000 0.000000 0.000000 0.000000 0.000000 0.000000 0.000000 0.000000 0.000000 0.000000 0.000000 0.000000 0.000000 0.000000 0.000000 0.000000 0.000000 0.000000 0.000000 0.000000 123.400388 123.378348 123.363465 123.345051 123.323472 123.310638 123.294178 123.282921 123.272041 123.260881 123.250279 123.239581 123.240139 123.250279 123.260881 123.271483 123.282084 123.292783 123.303105 123.313986 123.324309 123.335007 123.345888 123.356490 123.366534 123.376953 123.388950 123.399830 123.408758 0.000000 0.000000 0.000000 0.000000 0.000000 0.000000 0.000000
0.000000 0.000000 0.000000 0.000000 0.000000 0.000000 0.000000 0.000000 0.000000 0.000000 0.000000 0.000000 0.000000 0.000000 0.000000 0.000000 0.000000 0.000000 0.000000 0.000000 0.000000 0.000000 0.000000 0.000000 123.398994 123.377790 123.361512 123.342261 123.322914 123.308964 123.293620 123.282363 123.271483 123.260602 123.249624 123.240139 123.241534 123.252232 123.262276 123.273436 123.283479 123.294457 123.305337 123.315381 123.326541 123.336402 123.347841 123.358164 123.368766 123.379185 123.390345 123.401225 123.410432 0.000000 0.000000 0.000000 0.000000 0.000000 0.000000 0.000000
0.000000 0.000000 0.000000 0.000000 0.000000 0.000000 0.000000 0.000000 0.000000 0.000000 0.000000 0.000000 0.000000 0.000000 0.000000 0.000000 0.000000 0.000000 0.000000 0.000000 0.000000 0.000000 0.000000 0.000000 123.397599 123.376674 123.360396 123.341145 123.322635 123.306732 123.292225 123.281526 123.270925 123.260044 123.248787 123.240697 123.243208 123.253906 123.264508 123.274830 123.285711 123.295852 123.307011 123.317055 123.328215 123.338355 123.349794 123.359559 123.370161 123.380859 123.392298 123.402899 123.412385 0.000000 0.000000 0.000000 0.000000 0.000000 0.000000 0.000000
0.000000 0.000000 0.000000 0.000000 0.000000 0.000000 0.000000 0.000000 0.000000 0.000000 0.000000 0.000000 0.000000 0.000000 0.000000 0.000000 0.000000 0.000000 0.000000 0.000000 0.000000 0.000000 0.000000 123.415733 123.396204 123.376395 123.358722 123.338913 123.321519 123.305895 123.291667 123.280968 123.269809 123.259207 123.248230 123.241255 123.244882 123.255301 123.266182 123.276504 123.287385 123.298363 123.308964 123.319287 123.329610 123.340308 123.351468 123.361791 123.371556 123.382254 123.394251 123.404852 123.414338 0.000000 0.000000 0.000000 0.000000 0.000000 0.000000 0.000000
0.000000 0.000000 0.000000 0.000000 0.000000 0.000000 0.000000 0.000000 0.000000 0.000000 0.000000 0.000000 0.000000 0.000000 0.000000 0.000000 0.000000 0.000000 0.000000 0.000000 0.000000 0.000000 0.000000 123.415175 123.391740 123.374345 123.357327 123.335844 123.320961 123.305616 123.291012 123.280131 123.269530 123.258649 123.247672 123.241813 123.247114 123.257533 123.267856 123.278736 123.288780 123.299757 123.310359 123.320961 123.331284 123.341703 123.352863 123.363465 123.373787 123.383928 123.395646 123.406805 123.415733 0.000000 0.000000 0.000000 0.000000 0.000000 0.000000 0.000000
0.000000 0.000000 0.000000 0.000000 0.000000 0.000000 0.000000 0.000000 0.000000 0.000000 0.000000 0.000000 0.000000 0.000000 0.000000 0.000000 0.000000 0.000000 0.000000 0.000000 0.000000 0.000000 0.000000 123.411269 123.389787 123.372393 123.355932 123.334728 123.320403 123.305058 123.290454 123.279573 123.268972 123.258091 123.247114 123.242371 123.248509 123.259207 123.269251 123.280410 123.290454 123.301152 123.312312 123.322356 123.333333 123.343377 123.354816 123.364860 123.375279 123.386160 123.397320 123.408200 0.000000 0.000000 0.000000 0.000000 0.000000 0.000000 0.000000 0.000000
