FireSTARR/test/constant/O1a_S060_A090_WD045_WS020/arrival.asc
ncols         96
nrows         741
xllcorner     418303.990666
yllcorner     12674755.311160
cellsize      100.000000
NODATA_value  0.000000
[rows 378 to 404 of 741, columns 0 to 59 of 96]
0.000000 0.000000 0.000000 0.000000 0.000000 0.000000 0.000000 0.000000 0.000000 0.000000 0.000000 0.000000 0.000000 0.000000 0.000000 0.000000 0.000000 0.000000 0.000000 0.000000 0.000000 0.000000 0.000000 0.000000 0.000000 0.000000 0.000000 0.000000 123.408758 123.388950 123.368208 123.347283 123.328215 123.311754 123.290733 123.276783 123.260044 123.249066 123.237907 123.227026 123.216424 123.212518 123.219772 123.229816 123.241255 123.251395 123.262555 123.272599 123.283200 123.293899 123.303942 123.315381 123.324867 123.336681 123.346725 123.358164 123.367650 123.378627 123.388392 123.400109
0.000000 0.000000 0.000000 0.000000 0.000000 0.000000 0.000000 0.000000 0.000000 0.000000 0.000000 0.000000 0.000000 0.000000 0.000000 0.000000 0.000000 0.000000 0.000000 0.000000 0.000000 0.000000 0.000000 0.000000 0.000000 0.000000 0.000000 0.000000 123.405689 123.387555 123.365976 123.345609 123.326262 123.309522 123.289059 123.274830 123.259486 123.248230 123.237349 123.226468 123.215587 123.213076 123.221167 123.232048 123.242929 123.253069 123.264229 123.274272 123.284595 123.295294 123.305895 123.317334 123.327099 123.338634 123.348957 123.359838 123.369324 123.380022 123.390903 123.401504
0.000000 0.000000 0.000000 0.000000 0.000000 0.000000 0.000000 0.000000 0.000000 0.000000 0.000000 0.000000 0.000000 0.000000 0.000000 0.000000 0.000000 0.000000 0.000000 0.000000 0.000000 0.000000 0.000000 0.000000 0.000000 0.000000 0.000000 0.000000 123.404015 123.385323 123.365697 123.343098 123.325425 123.308127 123.288501 123.273157 123.258370 123.247393 123.236512 123.225910 123.214750 123.213634 123.222562 123.233722 123.244324 123.254464 123.265624 123.276504 123.286269 123.296968 123.307848 123.319287 123.328773 123.340587 123.350631 123.361233 123.371277 123.381975 123.392298 123.403178
0.000000 0.000000 0.000000 0.000000 0.000000 0.000000 0.000000 0.000000 0.000000 0.000000 0.000000 0.000000 0.000000 0.000000 0.000000 0.000000 0.000000 0.000000 0.000000 0.000000 0.000000 0.000000 0.000000 0.000000 0.000000 0.000000 0.000000 0.000000 123.402341 123.383370 123.362349 123.341424 123.324588 123.306174 123.287943 123.271483 123.257812 123.246835 123.235954 123.225352 123.214471 123.214192 123.224794 123.235117 123.245998 123.256417 123.267298 123.277899 123.288501 123.298921 123.309243 123.320961 123.330168 123.342261 123.352305 123.363186 123.373230 123.383928 123.393972 123.405410
0.000000 0.000000 0.000000 0.000000 0.000000 0.000000 0.000000 0.000000 0.000000 0.000000 0.000000 0.000000 0.000000 0.000000 0.000000 0.000000 0.000000 0.000000 0.000000 0.000000 0.000000 0.000000 0.000000 0.000000 0.000000 0.000000 0.000000 0.000000 123.399272 123.381417 123.360954 123.341145 123.324309 123.305058 123.287385 123.269809 123.257254 123.246277 123.235396 123.224515 123.214750 123.215587 123.226747 123.236791 123.248230 123.258370 123.269530 123.279573 123.290175 123.300873 123.310638 123.322356 123.331842 123.343656 123.353700 123.365139 123.374624 123.385323 123.395646 123.406805
0.000000 0.000000 0.000000 0.000000 0.000000 0.000000 0.000000 0.000000 0.000000 0.000000 0.000000 0.000000 0.000000 0.000000 0.000000 0.000000 0.000000 0.000000 0.000000 0.000000 0.000000 0.000000 0.000000 0.000000 0.000000 0.000000 0.000000 0.000000 123.398994 123.380301 123.359280 123.340029 123.322356 123.302268 123.286827 123.268135 123.256696 123.245440 123.234838 123.223957 123.215308 123.217819 123.228142 123.239023 123.249903 123.259765 123.271204 123.281526 123.291570 123.302268 123.312870 123.324588 123.333891 123.345888 123.356211 123.366534 123.376674 123.386997 123.397878 123.408479
0.000000 0.000000 0.000000 0.000000 0.000000 0.000000 0.000000 0.000000 0.000000 0.000000 0.000000 0.000000 0.000000 0.000000 0.000000 0.000000 0.000000 0.000000 0.000000 0.000000 0.000000 0.000000 0.000000 0.000000 0.000000 0.000000 0.000000 0.000000 123.398436 123.377790 123.357327 123.338355 123.321240 123.301152 123.285711 123.267298 123.255859 123.244882 123.234280 123.223399 123.215866 123.219493 123.229816 123.240697 123.251674 123.261439 123.272599 123.283479 123.293620 123.303663 123.314544 123.326262 123.335286 123.347562 123.357606 123.368208 123.378348 123.389229 123.399272 123.410432
0.000000 0.000000 0.000000 0.000000 0.000000 0.000000 0.000000 0.000000 0.000000 0.000000 0.000000 0.000000 0.000000 0.000000 0.000000 0.000000 0.000000 0.000000 0.000000 0.000000 0.000000 0.000000 0.000000 0.000000 0.000000 0.000000 0.000000 123.416667 123.397320 123.377232 123.355932 123.336960 123.319008 123.298642 123.283758 123.266182 123.255301 123.244324 123.233164 123.222562 123.216424 123.220888 123.232048 123.242092 123.253348 123.263392 123.274551 123.284874 123.295294 123.305895 123.316218 123.327657 123.337518 123.348957 123.359001 123.370161 123.379743 123.390903 123.400667 123.412385
0.000000 0.000000 0.000000 0.000000 0.000000 0.000000 0.000000 0.000000 0.000000 0.000000 0.000000 0.000000 0.000000 0.000000 0.000000 0.000000 0.000000 0.000000 0.000000 0.000000 0.000000 0.000000 0.000000 0.000000 0.000000 0.000000 0.000000 123.413780 123.394251 123.374903 123.354258 123.332400 123.318171 123.296689 123.282363 123.265624 123.254743 123.243766 123.232606 123.222004 123.216982 123.222562 123.233443 123.244045 123.255301 123.265345 123.276504 123.286269 123.296689 123.307569 123.317892 123.329331 123.339192 123.350631 123.360954 123.372114 123.381417 123.392298 123.402620 123.413780
0.000000 0.000000 0.000000 0.000000 0.000000 0.000000 0.000000 0.000000 0.000000 0.000000 0.000000 0.000000 0.000000 0.000000 0.000000 0.000000 0.000000 0.000000 0.000000 0.000000 0.000000 0.000000 0.000000 0.000000 0.000000 0.000000 0.000000 123.412106 123.392019 123.371556 123.352305 123.332121 123.316218 123.295015 123.280968 123.265066 123.254185 123.243208 123.232327 123.221167 123.217540 123.224794 123.235117 123.245998 123.256696 123.266740 123.277899 123.288501 123.298921 123.309243 123.320124 123.331563 123.340866 123.352863 123.362907 123.373509 123.383649 123.393972 123.404852 123.415175
0.000000 0.000000 0.000000 0.000000 0.000000 0.000000 0.000000 0.000000 0.000000 0.000000 0.000000 0.000000 0.000000 0.000000 0.000000 0.000000 0.000000 0.000000 0.000000 0.000000 0.000000 0.000000 0.000000 0.000000 0.000000 0.000000 0.000000 123.410432 123.390345 123.369882 123.348678 123.331284 123.313707 123.294178 123.280131 123.264229 123.253627 123.242092 123.231769 123.220609 123.218098 123.226468 123.236791 123.247393 123.258649 123.268414 123.279573 123.290175 123.300594 123.310917 123.321519 123.333237 123.342261 123.354537 123.364581 123.375000 123.385044 123.396204 123.406247 0.000000
0.000000 0.000000 0.000000 0.000000 0.000000 0.000000 0.000000 0.000000 0.000000 0.000000 0.000000 0.000000 0.000000 0.000000 0.000000 0.000000 0.000000 0.000000 0.000000 0.000000 0.000000 0.000000 0.000000 0.000000 0.000000 0.000000 0.000000 123.406805 123.389508 123.367929 123.348120 123.330168 123.310917 123.293620 123.277620 123.263392 123.252790 123.241534 123.230653 123.219772 123.218656 123.227863 123.239023 123.249066 123.260602 123.270646 123.281526 123.291667 123.301989 123.313149 123.322914 123.335007 123.344493 123.355932 123.365976 123.377511 123.386718 123.397599 123.407642 0.000000
0.000000 0.000000 0.000000 0.000000 0.000000 0.000000 0.000000 0.000000 0.000000 0.000000 0.000000 0.000000 0.000000 0.000000 0.000000 0.000000 0.000000 0.000000 0.000000 0.000000 0.000000 0.000000 0.000000 0.000000 0.000000 0.000000 0.000000 123.405131 123.387276 123.366813 123.347004 123.329610 123.310080 123.292783 123.275946 123.262834 123.252232 123.241255 123.230095 123.219493 123.219214 123.229816 123.240418 123.251116 123.262276 123.272320 123.283479 123.293899 123.303663 123.314544 123.324867 123.336681 123.346167 123.357885 123.368208 123.378906 123.388671 123.399272 123.409874 0.000000
0.000000 0.000000 0.000000 0.000000 0.000000 0.000000 0.000000 0.000000 0.000000 0.000000 0.000000 0.000000 0.000000 0.000000 0.000000 0.000000 0.000000 0.000000 0.000000 0.000000 0.000000 0.000000 0.000000 0.000000 0.000000 0.000000 0.000000 123.404573 123.385044 123.365976 123.343377 123.328494 123.308406 123.291946 123.274551 123.262276 123.251116 123.240418 123.229537 123.219772 123.220888 123.231769 123.241813 123.252511 123.263671 123.273715 123.284874 123.295294 123.305895 123.315939 123.326820 123.338634 123.347562 123.359838 123.369882 123.380301 123.390624 123.401225 123.411548 0.000000
0.000000 0.000000 0.000000 0.000000 0.000000 0.000000 0.000000 0.000000 0.000000 0.000000 0.000000 0.000000 0.000000 0.000000 0.000000 0.000000 0.000000 0.000000 0.000000 0.000000 0.000000 0.000000 0.000000 0.000000 0.000000 0.000000 0.000000 123.403457 123.382254 123.363744 123.341982 123.327099 123.306453 123.291667 123.273157 123.261439 123.250558 123.239860 123.228979 123.220330 123.222841 123.233443 123.244045 123.254185 123.265903 123.275388 123.286548 123.296968 123.307569 123.317892 123.328494 123.340029 123.349515 123.361233 123.371556 123.382254 123.392019 123.403178 123.413222 0.000000
0.000000 0.000000 0.000000 0.000000 0.000000 0.000000 0.000000 0.000000 0.000000 0.000000 0.000000 0.000000 0.000000 0.000000 0.000000 0.000000 0.000000 0.000000 0.000000 0.000000 0.000000 0.000000 0.000000 0.000000 0.000000 0.000000 0.000000 123.401504 123.381975 123.361233 123.340308 123.325425 123.304221 123.290175 123.272041 123.261160 123.249903 123.239023 123.228142 123.221167 123.224794 123.234838 123.245719 123.256417 123.267577 123.277620 123.288780 123.298921 123.308964 123.319845 123.329889 123.341982 123.351468 123.362907 123.372951 123.384207 123.393414 123.404573 123.414617 0.000000
0.000000 0.000000 0.000000 0.000000 0.000000 0.000000 0.000000 0.000000 0.000000 0.000000 0.000000 0.000000 0.000000 0.000000 0.000000 0.000000 0.000000 0.000000 0.000000 0.000000 0.000000 0.000000 0.000000 0.000000 0.000000 0.000000 0.000000 123.399551 123.380580 123.359280 123.339192 123.322914 123.302268 123.289059 123.271204 123.260323 123.249345 123.238465 123.227584 123.221725 123.226189 123.237070 123.247672 123.258091 123.268972 123.279015 123.290175 123.300873 123.310917 123.321519 123.332121 123.343935 123.353142 123.364860 123.375000 123.385881 123.395925 123.406247 123.416667 0.000000
0.000000 0.000000 0.000000 0.000000 0.000000 0.000000 0.000000 0.000000 0.000000 0.000000 0.000000 0.000000 0.000000 0.000000 0.000000 0.000000 0.000000 0.000000 0.000000 0.000000 0.000000 0.000000 0.000000 0.000000 0.000000 0.000000 123.416012 123.398157 123.378906 123.357327 123.337518 123.321240 123.300594 123.286827 123.270646 123.259486 123.248787 123.237907 123.226747 123.222283 123.227584 123.238744 123.249066 123.259486 123.270646 123.280689 123.291667 123.302268 123.312870 123.322914 123.333612 123.345609 123.354537 123.366813 123.376953 123.387276 123.397320 123.408200 0.000000 0.000000
0.000000 0.000000 0.000000 0.000000 0.000000 0.000000 0.000000 0.000000 0.000000 0.000000 0.000000 0.000000 0.000000 0.000000 0.000000 0.000000 0.000000 0.000000 0.000000 0.000000 0.000000 0.000000 0.000000 0.000000 0.000000 0.000000 123.413780 123.396483 123.377511 123.354537 123.337239 123.319008 123.299757 123.285153 123.269809 123.259486 123.247951 123.237349 123.226189 123.222841 123.229816 123.240139 123.251395 123.261439 123.272878 123.282642 123.293899 123.303942 123.314265 123.325146 123.335286 123.347004 123.356490 123.368208 123.378348 123.389508 123.398994 123.410153 0.000000 0.000000
0.000000 0.000000 0.000000 0.000000 0.000000 0.000000 0.000000 0.000000 0.000000 0.000000 0.000000 0.000000 0.000000 0.000000 0.000000 0.000000 0.000000 0.000000 0.000000 0.000000 0.000000 0.000000 0.000000 0.000000 0.000000 0.000000 123.412106 123.393972 123.373787 123.352305 123.336402 123.317055 123.298921 123.282921 123.268972 123.258370 123.247393 123.236512 123.225631 123.223399 123.231490 123.241813 123.252790 123.263392 123.274551 123.284595 123.295294 123.306174 123.315939 123.326820 123.337518 123.349236 123.358443 123.369882 123.380022 123.391182 123.400667 123.411548 0.000000 0.000000
0.000000 0.000000 0.000000 0.000000 0.000000 0.000000 0.000000 0.000000 0.000000 0.000000 0.000000 0.000000 0.000000 0.000000 0.000000 0.000000 0.000000 0.000000 0.000000 0.000000 0.000000 0.000000 0.000000 0.000000 0.000000 0.000000 123.411548 123.391461 123.371835 123.351189 123.335565 123.315939 123.298642 123.281247 123.268693 123.257533 123.246556 123.235954 123.225073 123.223957 123.233164 123.244045 123.254464 123.264787 123.275946 123.285990 123.296968 123.307569 123.317892 123.328494 123.338913 123.350910 123.359838 123.372114 123.382254 123.392856 123.402899 123.413222 0.000000 0.000000
0.000000 0.000000 0.000000 0.000000 0.000000 0.000000 0.000000 0.000000 0.000000 0.000000 0.000000 0.000000 0.000000 0.000000 0.000000 0.000000 0.000000 0.000000 0.000000 0.000000 0.000000 0.000000 0.000000 0.000000 0.000000 0.000000 123.409874 123.390345 123.370719 123.349236 123.335007 123.313707 123.297805 123.280689 123.267856 123.257254 123.246277 123.235117 123.224515 123.224515 123.234838 123.245719 123.256696 123.266461 123.277899 123.287385 123.299200 123.309243 123.319845 123.329889 123.340308 123.352305 123.361512 123.373509 123.383649 123.394251 123.404294 123.414896 0.000000 0.000000
0.000000 0.000000 0.000000 0.000000 0.000000 0.000000 0.000000 0.000000 0.000000 0.000000 0.000000 0.000000 0.000000 0.000000 0.000000 0.000000 0.000000 0.000000 0.000000 0.000000 0.000000 0.000000 0.000000 0.000000 0.000000 0.000000 123.409316 123.388113 123.368487 123.347562 123.332958 123.311475 123.296131 123.279015 123.267019 123.256138 123.245161 123.234559 123.225073 123.225910 123.237070 123.247114 123.258091 123.268693 123.279852 123.289896 123.300873 123.310917 123.321240 123.332121 123.342540 123.353979 123.363744 123.375000 123.385323 123.396483 123.405689 123.416667 0.000000 0.000000
0.000000 0.000000 0.000000 0.000000 0.000000 0.000000 0.000000 0.000000 0.000000 0.000000 0.000000 0.000000 0.000000 0.000000 0.000000 0.000000 0.000000 0.000000 0.000000 0.000000 0.000000 0.000000 0.000000 0.000000 0.000000 0.000000 123.407642 123.387555 123.367092 123.346725 123.330447 123.310080 123.295852 123.277620 123.266740 123.255580 123.244603 123.234001 123.225631 123.227863 123.238465 123.249066 123.259765 123.270367 123.281247 123.291291 123.302268 123.313149 123.322914 123.333333 123.344214 123.356211 123.365418 123.377232 123.387276 123.398157 123.407921 0.000000 0.000000 0.000000
0.000000 0.000000 0.000000 0.000000 0.000000 0.000000 0.000000 0.000000 0.000000 0.000000 0.000000 0.000000 0.000000 0.000000 0.000000 0.000000 0.000000 0.000000 0.000000 0.000000 0.000000 0.000000 0.000000 0.000000 0.000000 0.000000 123.404573 123.385323 123.364023 123.345051 123.328494 123.306732 123.295015 123.277062 123.266182 123.255022 123.244045 123.233164 123.226189 123.229816 123.240139 123.250558 123.261439 123.271762 123.282921 123.293062 123.303942 123.314544 123.325146 123.335565 123.345888 123.357885 123.366813 123.378627 123.389229 123.399551 123.409595 0.000000 0.000000 0.000000
0.000000 0.000000 0.000000 0.000000 0.000000 0.000000 0.000000 0.000000 0.000000 0.000000 0.000000 0.000000 0.000000 0.000000 0.000000 0.000000 0.000000 0.000000 0.000000 0.000000 0.000000 0.000000 0.000000 0.000000 0.000000 0.000000 123.403736 123.382812 123.360675 123.343098 123.326820 123.306174 123.292783 123.276504 123.265345 123.254185 123.243487 123.232606 123.226747 123.231490 123.241813 123.252232 123.263671 123.273436 123.284874 123.295015 123.306174 123.315939 123.326541 123.337239 123.347562 123.359280 123.368487 123.380301 123.390624 123.401225 123.411269 0.000000 0.000000 0.000000
0.000000 0.000000 0.000000 0.000000 0.000000 0.000000 0.000000 0.000000 0.000000 0.000000 0.000000 0.000000 0.000000 0.000000 0.000000 0.000000 0.000000 0.000000 0.000000 0.000000 0.000000 0.000000 0.000000 0.000000 0.000000 0.000000 123.400667 123.380580 123.360117 123.342819 123.324588 123.305616 123.291012 123.275388 123.265066 123.254185 123.242929 123.231769 123.227305 123.232885 123.244045 123.254464 123.265066 123.275667 123.286827 123.296410 123.307569 123.318171 123.328215 123.338913 123.349515 123.361233 123.370719 123.382533 123.392019 123.403457 123.412664 0.000000 0.000000 0.000000
