FireSTARR/test/constant/O1a_S000_A270_WD045_WS020/arrival.asc
ncols         151
nrows         151
xllcorner     412803.990666
yllcorner     12734955.311160
cellsize      100.000000
NODATA_value  0.000000
[rows 54 to 80 of 151, columns 60 to 119 of 151]
0.000000 0.000000 0.000000 0.000000 0.000000 0.000000 123.412437 123.400671 123.391044 123.382487 123.369701 123.361144 123.350447 123.338681 123.326964 123.321616 123.306641 123.297015 123.289576 123.275671 123.268184 123.258557 123.251070 123.241492 123.230796 123.224378 123.217960 123.205173 123.198756 123.189129 123.177363 123.168806 123.162437 123.150671 123.139975 123.130348 123.127139 123.126070 123.134627 123.138905 123.148532 123.152810 123.157089 123.164576 123.169876 123.174154 123.180572 123.189129 123.193407 123.200895 123.209403 123.219030 123.226517 123.232935 123.243631 123.251070 123.259627 123.266044 123.276741 123.285298
0.000000 0.000000 0.000000 0.000000 0.000000 123.414576 123.407089 123.393184 123.382487 123.375000 123.362213 123.351517 123.340821 123.331243 123.319477 123.308781 123.302363 123.289576 123.281019 123.270323 123.259627 123.254279 123.244701 123.235074 123.227587 123.219030 123.208333 123.198756 123.190199 123.180572 123.172015 123.161367 123.153880 123.144253 123.133557 123.129279 123.129279 123.135696 123.144253 123.149602 123.156019 123.159228 123.168806 123.172015 123.176293 123.182711 123.191268 123.197686 123.206243 123.213681 123.221169 123.228656 123.235074 123.242562 123.251070 123.259627 123.268184 123.275671 123.289576 123.300224
0.000000 0.000000 0.000000 0.000000 0.000000 123.406019 123.397462 123.387836 123.375000 123.367562 123.353656 123.344030 123.332313 123.322686 123.311990 123.302363 123.290646 123.283159 123.273532 123.263905 123.257487 123.245770 123.237213 123.230796 123.221169 123.210473 123.204104 123.194477 123.183781 123.174154 123.165646 123.154950 123.146393 123.136766 123.132487 123.132487 123.141044 123.146393 123.153880 123.159228 123.163507 123.168806 123.175224 123.179502 123.185920 123.196616 123.198756 123.206243 123.213681 123.222239 123.234004 123.239353 123.248979 123.256418 123.262836 123.271393 123.279950 123.289576 123.299154 123.318407
0.000000 0.000000 0.000000 0.000000 123.410298 123.398532 123.387836 123.380348 123.365422 123.356865 123.346169 123.335473 123.324825 123.314129 123.303433 123.293806 123.286367 123.277810 123.264975 123.259627 123.248979 123.239353 123.232935 123.224378 123.214751 123.205173 123.195547 123.186990 123.178433 123.166667 123.159228 123.151741 123.139975 123.135696 123.135696 123.142114 123.150671 123.153880 123.162437 123.165646 123.173084 123.179502 123.181641 123.190199 123.195547 123.203034 123.212612 123.215821 123.227587 123.234004 123.240422 123.248979 123.256418 123.264975 123.271393 123.282089 123.288507 123.302363 123.313059 123.336542
0.000000 0.000000 0.000000 123.410298 123.402810 123.393184 123.379279 123.369701 123.359004 123.350447 123.337612 123.330173 123.318407 123.305572 123.298084 123.287437 123.277810 123.269253 123.260696 123.252139 123.242562 123.236144 123.226517 123.220099 123.210473 123.200895 123.191268 123.179502 123.169876 123.161367 123.153880 123.143184 123.138905 123.138905 123.145323 123.152810 123.160298 123.165646 123.167736 123.174154 123.182711 123.185920 123.191268 123.201964 123.206243 123.212612 123.220099 123.225447 123.237213 123.243631 123.253209 123.261766 123.267114 123.276741 123.285298 123.292736 123.301293 123.313059 123.330173 123.354726
0.000000 0.000000 123.415646 123.403880 123.393184 123.381418 123.371840 123.362213 123.348308 123.339751 123.331243 123.320547 123.309850 123.301293 123.290646 123.282089 123.273532 123.264975 123.256418 123.246840 123.239353 123.231865 123.221169 123.210473 123.201964 123.192338 123.183781 123.174154 123.165646 123.154950 123.145323 123.142114 123.142114 123.149602 123.156019 123.161367 123.167736 123.170945 123.179502 123.184850 123.188059 123.197686 123.200895 123.208333 123.217960 123.222239 123.231865 123.239353 123.247910 123.253209 123.262836 123.268184 123.276741 123.285298 123.294876 123.304502 123.315199 123.324825 123.348308 123.372910
0.000000 123.416667 123.406019 123.394253 123.384627 123.377139 123.363283 123.354726 123.341890 123.333333 123.322686 123.310920 123.303433 123.295945 123.284228 123.276741 123.266044 123.258557 123.247910 123.242562 123.231865 123.224378 123.213681 123.206243 123.197686 123.184850 123.177363 123.168806 123.160298 123.148532 123.145323 123.144253 123.151741 123.159228 123.164576 123.170945 123.175224 123.181641 123.188059 123.190199 123.197686 123.206243 123.211542 123.219030 123.227587 123.230796 123.239353 123.250000 123.257487 123.266044 123.273532 123.282089 123.289576 123.298084 123.305572 123.315199 123.326964 123.342960 123.366492 123.391044
0.000000 123.408159 123.397462 123.389975 123.376070 123.367562 123.355796 123.346169 123.335473 123.324825 123.315199 123.307711 123.297015 123.287437 123.278880 123.271393 123.261766 123.251070 123.245770 123.238283 123.225447 123.217960 123.208333 123.197686 123.186990 123.179502 123.170945 123.162437 123.151741 123.147462 123.147462 123.156019 123.163507 123.169876 123.174154 123.176293 123.184850 123.189129 123.193407 123.203034 123.207313 123.214751 123.224378 123.227587 123.236144 123.244701 123.250000 123.258557 123.267114 123.273532 123.283159 123.289576 123.298084 123.307711 123.317338 123.328034 123.336542 123.361144 123.384627 123.409228
123.411367 123.401741 123.388905 123.380348 123.368631 123.360074 123.348308 123.337612 123.328034 123.319477 123.309850 123.301293 123.289576 123.282089 123.272462 123.263905 123.254279 123.248979 123.239353 123.230796 123.221169 123.211542 123.203034 123.191268 123.181641 123.175224 123.165646 123.154950 123.150671 123.150671 123.157089 123.163507 123.170945 123.177363 123.179502 123.188059 123.194477 123.196616 123.204104 123.210473 123.215821 123.224378 123.231865 123.237213 123.244701 123.253209 123.261766 123.271393 123.278880 123.283159 123.293806 123.302363 123.310920 123.316268 123.326964 123.338681 123.354726 123.379279 123.402810 0.000000
123.402810 123.394253 123.381418 123.372910 123.360074 123.350447 123.340821 123.330173 123.322686 123.313059 123.302363 123.292736 123.286367 123.276741 123.268184 123.256418 123.251070 123.244701 123.232935 123.224378 123.213681 123.201964 123.192338 123.185920 123.177363 123.167736 123.158159 123.153880 123.153880 123.162437 123.166667 123.176293 123.179502 123.182711 123.189129 123.195547 123.199825 123.205173 123.213681 123.220099 123.229726 123.232935 123.241492 123.250000 123.256418 123.263905 123.270323 123.279950 123.287437 123.295945 123.303433 123.311990 123.320547 123.329104 123.340821 123.349378 123.372910 123.396393 0.000000 0.000000
123.394253 123.385696 123.373979 123.364353 123.352587 123.342960 123.333333 123.323756 123.314129 123.304502 123.295945 123.289576 123.277810 123.270323 123.258557 123.255348 123.245770 123.236144 123.226517 123.214751 123.205173 123.198756 123.189129 123.179502 123.172015 123.161367 123.157089 123.157089 123.163507 123.169876 123.176293 123.183781 123.185920 123.194477 123.200895 123.203034 123.211542 123.216890 123.221169 123.229726 123.237213 123.243631 123.251070 123.258557 123.267114 123.274602 123.285298 123.291667 123.300224 123.307711 123.315199 123.322686 123.331243 123.340821 123.351517 123.367562 123.391044 123.414576 0.000000 0.000000
123.386766 123.377139 123.364353 123.355796 123.344030 123.336542 123.329104 123.317338 123.307711 123.299154 123.291667 123.284228 123.273532 123.261766 123.257487 123.250000 123.237213 123.229726 123.220099 123.208333 123.200895 123.192338 123.183781 123.174154 123.163507 123.160298 123.160298 123.168806 123.170945 123.182711 123.185920 123.190199 123.194477 123.201964 123.205173 123.212612 123.217960 123.227587 123.232935 123.241492 123.246840 123.255348 123.261766 123.268184 123.278880 123.284228 123.292736 123.300224 123.308781 123.316268 123.324825 123.333333 123.341890 123.353656 123.362213 123.385696 123.409228 0.000000 0.000000 0.000000
123.378209 123.367562 123.357935 123.349378 123.337612 123.330173 123.320547 123.311990 123.301293 123.293806 123.286367 123.275671 123.264975 123.261766 123.251070 123.242562 123.232935 123.223308 123.213681 123.205173 123.195547 123.185920 123.178433 123.166667 123.163507 123.162437 123.168806 123.175224 123.181641 123.189129 123.193407 123.200895 123.206243 123.208333 123.214751 123.224378 123.228656 123.235074 123.241492 123.247910 123.256418 123.263905 123.272462 123.278880 123.287437 123.294876 123.304502 123.311990 123.320547 123.328034 123.335473 123.345099 123.353656 123.366492 123.379279 123.402810 0.000000 0.000000 0.000000 0.000000
123.371840 123.360074 123.352587 123.342960 123.332313 123.324825 123.314129 123.303433 123.299154 123.288507 123.277810 123.268184 123.263905 123.255348 123.244701 123.232935 123.223308 123.214751 123.206243 123.197686 123.190199 123.180572 123.169876 123.165646 123.165646 123.172015 123.177363 123.186990 123.192338 123.194477 123.201964 123.208333 123.212612 123.220099 123.224378 123.232935 123.239353 123.246840 123.254279 123.258557 123.267114 123.273532 123.282089 123.289576 123.299154 123.305572 123.313059 123.321616 123.329104 123.337612 123.346169 123.354726 123.366492 123.375000 123.397462 0.000000 0.000000 0.000000 0.000000 0.000000
123.363283 123.354726 123.346169 123.337612 123.326964 123.317338 123.305572 123.301293 123.289576 123.282089 123.271393 123.267114 123.257487 123.247910 123.238283 123.228656 123.217960 123.210473 123.201964 123.193407 123.181641 123.173084 123.168806 123.168806 123.176293 123.181641 123.186990 123.195547 123.197686 123.204104 123.212612 123.215821 123.221169 123.230796 123.234004 123.240422 123.247910 123.256418 123.262836 123.271393 123.277810 123.284228 123.291667 123.300224 123.306641 123.317338 123.324825 123.334403 123.340821 123.350447 123.357935 123.366492 123.380348 123.391044 123.415646 0.000000 0.000000 0.000000 0.000000 0.000000
123.356865 123.348308 123.338681 123.331243 123.319477 123.308781 123.304502 123.295945 123.284228 123.274602 123.268184 123.260696 123.248979 123.239353 123.229726 123.221169 123.211542 123.205173 123.196616 123.186990 123.176293 123.172015 123.172015 123.178433 123.185920 123.192338 123.197686 123.200895 123.208333 123.213681 123.219030 123.223308 123.229726 123.238283 123.243631 123.250000 123.259627 123.263905 123.271393 123.279950 123.287437 123.295945 123.302363 123.311990 123.318407 123.325895 123.334403 123.341890 123.351517 123.359004 123.367562 123.378209 123.388905 123.409228 0.000000 0.000000 0.000000 0.000000 0.000000 0.000000
123.352587 123.340821 123.332313 123.322686 123.311990 123.306641 123.297015 123.286367 123.277810 123.273532 123.261766 123.253209 123.242562 123.234004 123.225447 123.214751 123.208333 123.196616 123.190199 123.179502 123.175224 123.175224 123.183781 123.188059 123.193407 123.200895 123.203034 123.210473 123.220099 123.222239 123.226517 123.235074 123.240422 123.246840 123.252139 123.259627 123.270323 123.276741 123.281019 123.287437 123.295945 123.307711 123.313059 123.323756 123.331243 123.338681 123.347239 123.354726 123.363283 123.370770 123.379279 123.394253 123.403880 0.000000 0.000000 0.000000 0.000000 0.000000 0.000000 0.000000
123.345099 123.335473 123.326964 123.315199 123.310920 123.302363 123.291667 123.281019 123.274602 123.264975 123.255348 123.243631 123.236144 123.226517 123.216890 123.210473 123.200895 123.192338 123.181641 123.178433 123.178433 123.185920 123.190199 123.195547 123.204104 123.206243 123.212612 123.220099 123.224378 123.231865 123.237213 123.244701 123.248979 123.256418 123.262836 123.272462 123.277810 123.286367 123.293806 123.301293 123.307711 123.316268 123.323756 123.331243 123.338681 123.346169 123.356865 123.364353 123.371840 123.380348 123.392114 123.401741 0.000000 0.000000 0.000000 0.000000 0.000000 0.000000 0.000000 0.000000
123.338681 123.329104 123.319477 123.310920 123.302363 123.292736 123.284228 123.278880 123.267114 123.257487 123.248979 123.240422 123.229726 123.219030 123.213681 123.205173 123.194477 123.184850 123.181641 123.180572 123.188059 123.193407 123.197686 123.206243 123.209403 123.217960 123.225447 123.227587 123.231865 123.238283 123.246840 123.253209 123.258557 123.267114 123.273532 123.283159 123.287437 123.295945 123.301293 123.308781 123.320547 123.326964 123.336542 123.342960 123.350447 123.357935 123.367562 123.376070 123.382487 123.392114 123.406019 123.415646 0.000000 0.000000 0.000000 0.000000 0.000000 0.000000 0.000000 0.000000
123.333333 123.323756 123.317338 123.307711 123.298084 123.287437 123.281019 123.270323 123.258557 123.251070 123.241492 123.232935 123.223308 123.214751 123.207313 123.199825 123.188059 123.183781 123.183781 123.190199 123.194477 123.204104 123.209403 123.212612 123.220099 123.225447 123.230796 123.235074 123.241492 123.250000 123.255348 123.260696 123.267114 123.277810 123.285298 123.291667 123.297015 123.303433 123.311990 123.320547 123.326964 123.336542 123.344030 123.351517 123.360074 123.367562 123.377139 123.386766 123.393184 123.404950 123.415646 0.000000 0.000000 0.000000 0.000000 0.000000 0.000000 0.000000 0.000000 0.000000
123.325895 123.319477 123.308781 123.298084 123.290646 123.284228 123.272462 123.264975 123.255348 123.246840 123.236144 123.227587 123.221169 123.209403 123.199825 123.191268 123.186990 123.186990 123.193407 123.199825 123.206243 123.212612 123.217960 123.222239 123.230796 123.234004 123.238283 123.245770 123.252139 123.259627 123.262836 123.272462 123.277810 123.285298 123.291667 123.301293 123.307711 123.313059 123.321616 123.333333 123.339751 123.349378 123.356865 123.364353 123.369701 123.381418 123.388905 123.395323 123.404950 0.000000 0.000000 0.000000 0.000000 0.000000 0.000000 0.000000 0.000000 0.000000 0.000000 0.000000
123.321616 123.313059 123.303433 123.293806 123.285298 123.274602 123.268184 123.257487 123.248979 123.238283 123.230796 123.223308 123.213681 123.204104 123.194477 123.190199 123.190199 123.197686 123.204104 123.210473 123.213681 123.221169 123.226517 123.231865 123.237213 123.242562 123.246840 123.255348 123.261766 123.267114 123.273532 123.283159 123.288507 123.298084 123.303433 123.309850 123.317338 123.323756 123.331243 123.340821 123.348308 123.355796 123.364353 123.372910 123.381418 123.389975 123.399602 123.406019 0.000000 0.000000 0.000000 0.000000 0.000000 0.000000 0.000000 0.000000 0.000000 0.000000 0.000000 0.000000
123.313059 123.304502 123.297015 123.290646 123.277810 123.269253 123.259627 123.253209 123.243631 123.234004 123.226517 123.214751 123.206243 123.197686 123.193407 123.193407 123.199825 123.206243 123.211542 123.216890 123.224378 123.228656 123.235074 123.240422 123.244701 123.252139 123.258557 123.263905 123.270323 123.278880 123.283159 123.292736 123.299154 123.306641 123.314129 123.319477 123.326964 123.335473 123.346169 123.352587 123.362213 123.366492 123.377139 123.385696 123.394253 123.400671 123.410298 0.000000 0.000000 0.000000 0.000000 0.000000 0.000000 0.000000 0.000000 0.000000 0.000000 0.000000 0.000000 0.000000
123.307711 123.300224 123.290646 123.283159 123.272462 123.264975 123.254279 123.243631 123.237213 123.228656 123.219030 123.211542 123.199825 123.196616 123.196616 123.205173 123.209403 123.212612 123.219030 123.226517 123.231865 123.237213 123.243631 123.248979 123.254279 123.260696 123.268184 123.273532 123.277810 123.286367 123.294876 123.302363 123.307711 123.316268 123.320547 123.330173 123.338681 123.346169 123.353656 123.362213 123.370770 123.377139 123.386766 123.394253 123.402810 123.412437 0.000000 0.000000 0.000000 0.000000 0.000000 0.000000 0.000000 0.000000 0.000000 0.000000 0.000000 0.000000 0.000000 0.000000
123.303433 123.294876 123.285298 123.275671 123.267114 123.255348 123.247910 123.240422 123.232935 123.221169 123.213681 123.203034 123.199825 123.198756 123.207313 123.212612 123.219030 123.223308 123.230796 123.232935 123.241492 123.245770 123.250000 123.257487 123.261766 123.269253 123.276741 123.282089 123.289576 123.295945 123.302363 123.311990 123.320547 123.326964 123.331243 123.342960 123.348308 123.359004 123.366492 123.372910 123.382487 123.389975 123.399602 123.407089 123.413507 0.000000 0.000000 0.000000 0.000000 0.000000 0.000000 0.000000 0.000000 0.000000 0.000000 0.000000 0.000000 0.000000 0.000000 0.000000
123.295945 123.288507 123.278880 123.269253 123.259627 123.250000 123.242562 123.234004 123.225447 123.217960 123.206243 123.201964 123.201964 123.209403 123.213681 123.221169 123.226517 123.231865 123.237213 123.242562 123.248979 123.254279 123.258557 123.268184 123.273532 123.279950 123.284228 123.290646 123.298084 123.306641 123.314129 123.320547 123.328034 123.334403 123.342960 123.349378 123.359004 123.366492 123.376070 123.382487 123.391044 123.399602 123.407089 0.000000 0.000000 0.000000 0.000000 0.000000 0.000000 0.000000 0.000000 0.000000 0.000000 0.000000 0.000000 0.000000 0.000000 0.000000 0.000000 0.000000
123.291667 123.282089 123.273532 123.262836 123.254279 123.245770 123.236144 123.227587 123.220099 123.209403 123.205173 123.205173 123.211542 123.216890 123.225447 123.229726 123.236144 123.238283 123.248979 123.252139 123.256418 123.263905 123.270323 123.275671 123.283159 123.286367 123.294876 123.301293 123.310920 123.317338 123.325895 123.333333 123.337612 123.346169 123.352587 123.361144 123.368631 123.379279 123.386766 123.395323 123.401741 123.412437 0.000000 0.000000 0.000000 0.000000 0.000000 0.000000 0.000000 0.000000 0.000000 0.000000 0.000000 0.000000 0.000000 0.000000 0.000000 0.000000 0.000000 0.000000
