FireSTARR/test/constant/O1a_S000_A270_WD045_WS020/arrival.asc
ncols         151
nrows         151
xllcorner     412803.990666
yllcorner     12734955.311160
cellsize      100.000000
NODATA_value  0.000000
[rows 27 to 53 of 151, columns 60 to 119 of 151]
0.000000 0.000000 0.000000 0.000000 0.000000 0.000000 0.000000 0.000000 0.000000 0.000000 0.000000 0.000000 0.000000 0.000000 0.000000 0.000000 0.000000 0.000000 0.000000 0.000000 0.000000 0.000000 0.000000 0.000000 0.000000 0.000000 0.000000 0.000000 0.000000 0.000000 0.000000 0.000000 0.000000 0.000000 123.414576 123.396393 123.378209 123.361144 123.342960 123.324825 123.306641 123.288507 123.270323 123.253209 123.235074 123.221169 123.214751 123.197686 123.188059 123.176293 123.165646 123.157089 123.145323 123.138905 123.127139 123.115422 123.104726 123.096169 123.089751 123.079104
0.000000 0.000000 0.000000 0.000000 0.000000 0.000000 0.000000 0.000000 0.000000 0.000000 0.000000 0.000000 0.000000 0.000000 0.000000 0.000000 0.000000 0.000000 0.000000 0.000000 0.000000 0.000000 0.000000 0.000000 0.000000 0.000000 0.000000 0.000000 0.000000 0.000000 0.000000 0.000000 0.000000 123.409228 123.391044 123.372910 123.354726 123.336542 123.319477 123.301293 123.283159 123.264975 123.246840 123.236144 123.226517 123.211542 123.201964 123.190199 123.182711 123.170945 123.159228 123.149602 123.139975 123.128209 123.117562 123.110074 123.099378 123.092960 123.083333 123.072686
0.000000 0.000000 0.000000 0.000000 0.000000 0.000000 0.000000 0.000000 0.000000 0.000000 0.000000 0.000000 0.000000 0.000000 0.000000 0.000000 0.000000 0.000000 0.000000 0.000000 0.000000 0.000000 0.000000 0.000000 0.000000 0.000000 0.000000 0.000000 0.000000 0.000000 0.000000 0.000000 123.402810 123.384627 123.367562 123.349378 123.331243 123.313059 123.294876 123.276741 123.258557 123.248979 123.238283 123.225447 123.214751 123.201964 123.193407 123.183781 123.172015 123.162437 123.150671 123.144253 123.130348 123.121840 123.111144 123.101517 123.095099 123.083333 123.075895 123.066268
0.000000 0.000000 0.000000 0.000000 0.000000 0.000000 0.000000 0.000000 0.000000 0.000000 0.000000 0.000000 0.000000 0.000000 0.000000 0.000000 0.000000 0.000000 0.000000 0.000000 0.000000 0.000000 0.000000 0.000000 0.000000 0.000000 0.000000 0.000000 0.000000 0.000000 123.415646 123.397462 123.379279 123.361144 123.342960 123.324825 123.306641 123.288507 123.272462 123.263905 123.251070 123.239353 123.227587 123.215821 123.205173 123.194477 123.184850 123.176293 123.163507 123.156019 123.142114 123.132487 123.123979 123.116492 123.107935 123.098308 123.089751 123.079104 123.069477 123.057711
0.000000 0.000000 0.000000 0.000000 0.000000 0.000000 0.000000 0.000000 0.000000 0.000000 0.000000 0.000000 0.000000 0.000000 0.000000 0.000000 0.000000 0.000000 0.000000 0.000000 0.000000 0.000000 0.000000 0.000000 0.000000 0.000000 0.000000 0.000000 0.000000 123.409228 123.391044 123.372910 123.355796 123.337612 123.319477 123.301293 123.285298 123.277810 123.263905 123.252139 123.240422 123.228656 123.217960 123.208333 123.199825 123.189129 123.177363 123.166667 123.156019 123.145323 123.135696 123.126070 123.117562 123.110074 123.098308 123.089751 123.082313 123.070547 123.060920 123.056641
0.000000 0.000000 0.000000 0.000000 0.000000 0.000000 0.000000 0.000000 0.000000 0.000000 0.000000 0.000000 0.000000 0.000000 0.000000 0.000000 0.000000 0.000000 0.000000 0.000000 0.000000 0.000000 0.000000 0.000000 0.000000 0.000000 0.000000 0.000000 123.403880 123.385696 123.367562 123.349378 123.331243 123.313059 123.298084 123.286367 123.275671 123.266044 123.252139 123.242562 123.230796 123.222239 123.212612 123.200895 123.190199 123.179502 123.168806 123.159228 123.149602 123.139975 123.131418 123.119701 123.112213 123.104726 123.096169 123.084403 123.075895 123.064129 123.059850 123.059850
0.000000 0.000000 0.000000 0.000000 0.000000 0.000000 0.000000 0.000000 0.000000 0.000000 0.000000 0.000000 0.000000 0.000000 0.000000 0.000000 0.000000 0.000000 0.000000 0.000000 0.000000 0.000000 0.000000 0.000000 0.000000 0.000000 123.415646 123.397462 123.379279 123.361144 123.344030 123.325895 123.311990 123.302363 123.288507 123.276741 123.266044 123.255348 123.245770 123.235074 123.223308 123.213681 123.204104 123.191268 123.182711 123.172015 123.162437 123.150671 123.142114 123.133557 123.121840 123.116492 123.106865 123.097239 123.087612 123.076964 123.067338 123.063059 123.063059 123.070547
0.000000 0.000000 0.000000 0.000000 0.000000 0.000000 0.000000 0.000000 0.000000 0.000000 0.000000 0.000000 0.000000 0.000000 0.000000 0.000000 0.000000 0.000000 0.000000 0.000000 0.000000 0.000000 0.000000 0.000000 0.000000 123.409228 123.391044 123.373979 123.355796 123.337612 123.325895 123.316268 123.301293 123.290646 123.277810 123.267114 123.258557 123.247910 123.237213 123.227587 123.215821 123.206243 123.195547 123.183781 123.175224 123.163507 123.156019 123.144253 123.135696 123.127139 123.118631 123.110074 123.101517 123.089751 123.082313 123.070547 123.066268 123.066268 123.072686 123.079104
0.000000 0.000000 0.000000 0.000000 0.000000 0.000000 0.000000 0.000000 0.000000 0.000000 0.000000 0.000000 0.000000 0.000000 0.000000 0.000000 0.000000 0.000000 0.000000 0.000000 0.000000 0.000000 0.000000 0.000000 123.403880 123.385696 123.367562 123.349378 123.338681 123.328034 123.315199 123.304502 123.290646 123.282089 123.271393 123.259627 123.248979 123.239353 123.229726 123.217960 123.209403 123.196616 123.188059 123.176293 123.167736 123.157089 123.149602 123.139975 123.130348 123.119701 123.113283 123.101517 123.094030 123.084403 123.072686 123.069477 123.069477 123.076964 123.081243 123.086542
0.000000 0.000000 0.000000 0.000000 0.000000 0.000000 0.000000 0.000000 0.000000 0.000000 0.000000 0.000000 0.000000 0.000000 0.000000 0.000000 0.000000 0.000000 0.000000 0.000000 0.000000 0.000000 123.415646 123.397462 123.380348 123.362213 123.352587 123.340821 123.326964 123.317338 123.303433 123.294876 123.283159 123.273532 123.261766 123.253209 123.241492 123.232935 123.222239 123.209403 123.200895 123.189129 123.180572 123.168806 123.161367 123.151741 123.142114 123.133557 123.125000 123.115422 123.107935 123.098308 123.087612 123.075895 123.072686 123.071616 123.079104 123.085473 123.090821 123.097239
0.000000 0.000000 0.000000 0.000000 0.000000 0.000000 0.000000 0.000000 0.000000 0.000000 0.000000 0.000000 0.000000 0.000000 0.000000 0.000000 0.000000 0.000000 0.000000 0.000000 0.000000 123.410298 123.392114 123.375000 123.366492 123.352587 123.340821 123.331243 123.316268 123.308781 123.295945 123.286367 123.275671 123.266044 123.255348 123.244701 123.234004 123.223308 123.214751 123.201964 123.193407 123.181641 123.172015 123.163507 123.156019 123.145323 123.136766 123.128209 123.116492 123.107935 123.099378 123.088681 123.079104 123.074825 123.074825 123.081243 123.089751 123.094030 123.099378 123.106865
0.000000 0.000000 0.000000 0.000000 0.000000 0.000000 0.000000 0.000000 0.000000 0.000000 0.000000 0.000000 0.000000 0.000000 0.000000 0.000000 0.000000 0.000000 0.000000 0.000000 123.404950 123.387836 123.379279 123.366492 123.353656 123.344030 123.330173 123.321616 123.309850 123.300224 123.287437 123.277810 123.268184 123.256418 123.246840 123.236144 123.227587 123.214751 123.206243 123.194477 123.185920 123.173084 123.165646 123.157089 123.147462 123.138905 123.130348 123.122910 123.113283 123.102587 123.094030 123.082313 123.078034 123.078034 123.086542 123.090821 123.099378 123.104726 123.111144 123.113283
0.000000 0.000000 0.000000 0.000000 0.000000 0.000000 0.000000 0.000000 0.000000 0.000000 0.000000 0.000000 0.000000 0.000000 0.000000 0.000000 0.000000 0.000000 123.416667 123.401741 123.392114 123.380348 123.366492 123.356865 123.344030 123.334403 123.321616 123.313059 123.301293 123.290646 123.283159 123.270323 123.260696 123.248979 123.240422 123.227587 123.219030 123.207313 123.198756 123.186990 123.177363 123.170945 123.159228 123.149602 123.142114 123.132487 123.126070 123.115422 123.105796 123.095099 123.085473 123.081243 123.081243 123.087612 123.095099 123.099378 123.106865 123.113283 123.116492 123.122910
0.000000 0.000000 0.000000 0.000000 0.000000 0.000000 0.000000 0.000000 0.000000 0.000000 0.000000 0.000000 0.000000 0.000000 0.000000 0.000000 0.000000 123.415646 123.403880 123.392114 123.378209 123.369701 123.357935 123.348308 123.335473 123.325895 123.313059 123.306641 123.295945 123.282089 123.271393 123.260696 123.251070 123.239353 123.232935 123.221169 123.212612 123.199825 123.191268 123.181641 123.172015 123.163507 123.154950 123.143184 123.137836 123.128209 123.119701 123.109004 123.100447 123.088681 123.084403 123.084403 123.090821 123.097239 123.105796 123.107935 123.116492 123.118631 123.127139 123.135696
0.000000 0.000000 0.000000 0.000000 0.000000 0.000000 0.000000 0.000000 0.000000 0.000000 0.000000 0.000000 0.000000 0.000000 0.000000 0.000000 123.416667 123.407089 123.391044 123.382487 123.370770 123.360074 123.348308 123.339751 123.326964 123.319477 123.307711 123.295945 123.285298 123.275671 123.262836 123.252139 123.245770 123.232935 123.225447 123.212612 123.203034 123.192338 123.184850 123.177363 123.164576 123.156019 123.149602 123.141044 123.131418 123.120770 123.111144 123.102587 123.090821 123.087612 123.087612 123.095099 123.101517 123.106865 123.113283 123.117562 123.121840 123.130348 123.136766 123.145323
0.000000 0.000000 0.000000 0.000000 0.000000 0.000000 0.000000 0.000000 0.000000 0.000000 0.000000 0.000000 0.000000 0.000000 0.000000 0.000000 123.404950 123.395323 123.383557 123.372910 123.362213 123.351517 123.339751 123.328034 123.319477 123.309850 123.301293 123.288507 123.278880 123.268184 123.257487 123.244701 123.238283 123.225447 123.214751 123.206243 123.197686 123.189129 123.178433 123.168806 123.160298 123.151741 123.143184 123.134627 123.123979 123.115422 123.105796 123.094030 123.090821 123.089751 123.097239 123.103656 123.111144 123.115422 123.123979 123.126070 123.131418 123.137836 123.146393 123.153880
0.000000 0.000000 0.000000 0.000000 0.000000 0.000000 0.000000 0.000000 0.000000 0.000000 0.000000 0.000000 0.000000 0.000000 0.000000 123.409228 123.397462 123.385696 123.375000 123.365422 123.352587 123.344030 123.334403 123.323756 123.311990 123.301293 123.290646 123.279950 123.268184 123.258557 123.251070 123.237213 123.230796 123.219030 123.208333 123.200895 123.191268 123.181641 123.173084 123.164576 123.153880 123.146393 123.136766 123.126070 123.118631 123.106865 123.097239 123.092960 123.092960 123.099378 123.109004 123.112213 123.120770 123.126070 123.131418 123.134627 123.143184 123.150671 123.158159 123.165646
0.000000 0.000000 0.000000 0.000000 0.000000 0.000000 0.000000 0.000000 0.000000 0.000000 0.000000 0.000000 0.000000 0.000000 123.409228 123.399602 123.387836 123.377139 123.365422 123.357935 123.345099 123.336542 123.324825 123.314129 123.303433 123.292736 123.284228 123.273532 123.263905 123.251070 123.243631 123.229726 123.220099 123.210473 123.201964 123.195547 123.183781 123.175224 123.166667 123.158159 123.149602 123.139975 123.131418 123.120770 123.112213 123.100447 123.096169 123.096169 123.104726 123.109004 123.117562 123.123979 123.129279 123.134627 123.139975 123.145323 123.153880 123.160298 123.167736 123.176293
0.000000 0.000000 0.000000 0.000000 0.000000 0.000000 0.000000 0.000000 0.000000 0.000000 0.000000 0.000000 0.000000 123.412437 123.400671 123.391044 123.379279 123.370770 123.357935 123.350447 123.337612 123.328034 123.316268 123.305572 123.295945 123.284228 123.273532 123.263905 123.256418 123.242562 123.236144 123.222239 123.215821 123.208333 123.195547 123.184850 123.180572 123.169876 123.161367 123.151741 123.141044 123.133557 123.123979 123.113283 123.103656 123.099378 123.099378 123.105796 123.113283 123.119701 123.126070 123.130348 123.135696 123.142114 123.148532 123.154950 123.163507 123.172015 123.178433 123.186990
0.000000 0.000000 0.000000 0.000000 0.000000 0.000000 0.000000 0.000000 0.000000 0.000000 0.000000 0.000000 123.413507 123.403880 123.391044 123.381418 123.369701 123.360074 123.350447 123.339751 123.330173 123.319477 123.307711 123.299154 123.287437 123.277810 123.269253 123.256418 123.248979 123.237213 123.224378 123.217960 123.209403 123.200895 123.189129 123.181641 123.174154 123.165646 123.154950 123.144253 123.137836 123.127139 123.118631 123.106865 123.102587 123.102587 123.109004 123.115422 123.121840 123.127139 123.134627 123.138905 123.143184 123.151741 123.157089 123.165646 123.173084 123.182711 123.190199 123.198756
0.000000 0.000000 0.000000 0.000000 0.000000 0.000000 0.000000 0.000000 0.000000 0.000000 0.000000 123.416667 123.403880 123.395323 123.384627 123.376070 123.363283 123.355796 123.342960 123.331243 123.320547 123.310920 123.300224 123.290646 123.279950 123.270323 123.261766 123.247910 123.238283 123.228656 123.222239 123.213681 123.201964 123.194477 123.184850 123.177363 123.167736 123.156019 123.146393 123.138905 123.129279 123.120770 123.109004 123.105796 123.105796 123.113283 123.119701 123.126070 123.130348 123.135696 123.143184 123.146393 123.154950 123.161367 123.167736 123.175224 123.181641 123.193407 123.199825 123.207313
0.000000 0.000000 0.000000 0.000000 0.000000 0.000000 0.000000 0.000000 0.000000 0.000000 0.000000 123.408159 123.397462 123.386766 123.375000 123.366492 123.354726 123.345099 123.336542 123.322686 123.314129 123.304502 123.292736 123.285298 123.272462 123.261766 123.252139 123.239353 123.229726 123.225447 123.214751 123.204104 123.196616 123.186990 123.180572 123.170945 123.161367 123.152810 123.142114 123.133557 123.123979 123.112213 123.109004 123.107935 123.115422 123.121840 123.128209 123.133557 123.141044 123.147462 123.150671 123.156019 123.163507 123.170945 123.180572 123.188059 123.193407 123.204104 123.211542 123.220099
0.000000 0.000000 0.000000 0.000000 0.000000 0.000000 0.000000 0.000000 0.000000 0.000000 123.410298 123.400671 123.389975 123.379279 123.367562 123.356865 123.346169 123.335473 123.326964 123.314129 123.306641 123.294876 123.285298 123.275671 123.264975 123.255348 123.244701 123.232935 123.228656 123.220099 123.207313 123.200895 123.189129 123.181641 123.173084 123.162437 123.154950 123.144253 123.135696 123.126070 123.115422 123.111144 123.111144 123.117562 123.127139 123.130348 123.135696 123.142114 123.149602 123.153880 123.161367 123.166667 123.172015 123.181641 123.190199 123.196616 123.205173 123.212612 123.221169 123.228656
0.000000 0.000000 0.000000 0.000000 0.000000 0.000000 0.000000 0.000000 0.000000 123.412437 123.402810 123.391044 123.382487 123.371840 123.359004 123.351517 123.337612 123.328034 123.320547 123.308781 123.298084 123.288507 123.277810 123.268184 123.254279 123.245770 123.236144 123.229726 123.219030 123.209403 123.201964 123.195547 123.186990 123.176293 123.166667 123.157089 123.148532 123.137836 123.129279 123.118631 123.114353 123.114353 123.122910 123.127139 123.134627 123.139975 123.145323 123.151741 123.158159 123.161367 123.169876 123.177363 123.182711 123.191268 123.200895 123.206243 123.213681 123.225447 123.234004 123.239353
0.000000 0.000000 0.000000 0.000000 0.000000 0.000000 0.000000 0.000000 0.000000 123.406019 123.394253 123.383557 123.373979 123.364353 123.350447 123.340821 123.330173 123.321616 123.309850 123.302363 123.290646 123.281019 123.268184 123.260696 123.248979 123.239353 123.234004 123.223308 123.214751 123.205173 123.197686 123.189129 123.177363 123.167736 123.158159 123.150671 123.143184 123.130348 123.120770 123.117562 123.117562 123.125000 123.131418 123.137836 123.143184 123.150671 123.154950 123.161367 123.165646 123.174154 123.178433 123.186990 123.196616 123.200895 123.211542 123.219030 123.224378 123.234004 123.241492 123.250000
0.000000 0.000000 0.000000 0.000000 0.000000 0.000000 0.000000 0.000000 123.408159 123.397462 123.388905 123.377139 123.364353 123.356865 123.345099 123.336542 123.323756 123.314129 123.303433 123.293806 123.281019 123.270323 123.261766 123.253209 123.244701 123.236144 123.224378 123.216890 123.210473 123.199825 123.191268 123.183781 123.170945 123.164576 123.156019 123.144253 123.136766 123.125000 123.120770 123.120770 123.130348 123.134627 123.142114 123.145323 123.150671 123.157089 123.163507 123.167736 123.174154 123.183781 123.188059 123.196616 123.205173 123.211542 123.221169 123.229726 123.238283 123.246840 123.254279 123.263905
0.000000 0.000000 0.000000 0.000000 0.000000 0.000000 0.000000 123.410298 123.400671 123.388905 123.377139 123.369701 123.355796 123.347239 123.335473 123.323756 123.316268 123.307711 123.293806 123.284228 123.273532 123.264975 123.255348 123.247910 123.239353 123.228656 123.221169 123.213681 123.204104 123.193407 123.183781 123.176293 123.166667 123.154950 123.145323 123.138905 123.127139 123.123979 123.123979 123.131418 123.138905 123.142114 123.149602 123.152810 123.162437 123.167736 123.170945 123.179502 123.185920 123.192338 123.200895 123.208333 123.216890 123.222239 123.230796 123.238283 123.246840 123.255348 123.262836 123.276741
