FireSTARR/test/constant/O1a_S060_A090_WD315_WS020/arrival.asc
ncols         96
nrows         741
xllcorner     425403.990666
yllcorner     12674755.311160
cellsize      100.000000
NODATA_value  0.000000
[rows 324 to 350 of 741, columns 0 to 60 of 96]
0.000000 0.000000 0.000000 0.000000 0.000000 0.000000 0.000000 0.000000 0.000000 0.000000 0.000000 0.000000 0.000000 0.000000 0.000000 0.000000 0.000000 0.000000 0.000000 0.000000 0.000000 0.000000 0.000000 0.000000 0.000000 0.000000 123.412664 123.401504 123.391182 123.381138 123.370719 123.361233 123.349515 123.338634 123.328215 123.317892 123.307011 123.295573 123.285711 123.274830 123.263950 123.253348 123.243208 123.232048 123.222283 123.210844 123.200704 123.189823 123.182290 123.184801 123.195961 123.206563 123.218935 123.232885 123.248787 123.267298 123.284595 123.306732 123.329331 123.347841 123.368766
0.000000 0.000000 0.000000 0.000000 0.000000 0.000000 0.000000 0.000000 0.000000 0.000000 0.000000 0.000000 0.000000 0.000000 0.000000 0.000000 0.000000 0.000000 0.000000 0.000000 0.000000 0.000000 0.000000 0.000000 0.000000 0.000000 123.414896 123.403178 123.393414 123.383370 123.372672 123.362628 123.350910 123.340587 123.329610 123.319287 123.308406 123.297805 123.287385 123.276225 123.266182 123.255301 123.244603 123.234001 123.223957 123.212797 123.202099 123.191776 123.182848 123.184243 123.195403 123.206284 123.218098 123.230932 123.247114 123.265345 123.281805 123.303384 123.327378 123.347283 123.366255
0.000000 0.000000 0.000000 0.000000 0.000000 0.000000 0.000000 0.000000 0.000000 0.000000 0.000000 0.000000 0.000000 0.000000 0.000000 0.000000 0.000000 0.000000 0.000000 0.000000 0.000000 0.000000 0.000000 0.000000 0.000000 0.000000 123.416570 123.405410 123.395088 123.385044 123.374066 123.364023 123.352305 123.341982 123.331563 123.320682 123.310080 123.299479 123.289059 123.278178 123.267577 123.257254 123.245998 123.235954 123.225352 123.214750 123.203773 123.193729 123.183406 123.183685 123.194845 123.205726 123.217261 123.229816 123.244882 123.263392 123.279852 123.302826 123.323193 123.345888 123.364860
0.000000 0.000000 0.000000 0.000000 0.000000 0.000000 0.000000 0.000000 0.000000 0.000000 0.000000 0.000000 0.000000 0.000000 0.000000 0.000000 0.000000 0.000000 0.000000 0.000000 0.000000 0.000000 0.000000 0.000000 0.000000 0.000000 0.000000 123.406805 123.396483 123.386718 123.376116 123.365976 123.354537 123.343656 123.333333 123.322914 123.312033 123.300873 123.291291 123.280131 123.269251 123.258928 123.248230 123.237349 123.227026 123.216145 123.206005 123.195124 123.184801 123.183964 123.194008 123.204889 123.216982 123.228700 123.243487 123.260881 123.277341 123.300873 123.321798 123.343935 123.362907
0.000000 0.000000 0.000000 0.000000 0.000000 0.000000 0.000000 0.000000 0.000000 0.000000 0.000000 0.000000 0.000000 0.000000 0.000000 0.000000 0.000000 0.000000 0.000000 0.000000 0.000000 0.000000 0.000000 0.000000 0.000000 0.000000 0.000000 123.408479 123.398436 123.388113 123.377790 123.367929 123.356211 123.345609 123.335007 123.324588 123.313986 123.302547 123.292783 123.281805 123.271204 123.260323 123.249903 123.239023 123.229258 123.217819 123.207679 123.196519 123.186475 123.184522 123.193171 123.204052 123.215308 123.228142 123.241534 123.259765 123.276783 123.298642 123.320124 123.342261 123.360675
0.000000 0.000000 0.000000 0.000000 0.000000 0.000000 0.000000 0.000000 0.000000 0.000000 0.000000 0.000000 0.000000 0.000000 0.000000 0.000000 0.000000 0.000000 0.000000 0.000000 0.000000 0.000000 0.000000 0.000000 0.000000 0.000000 0.000000 123.410432 123.400388 123.390624 123.379185 123.369603 123.357885 123.347562 123.336681 123.326262 123.315381 123.304779 123.294178 123.283200 123.273157 123.262555 123.251953 123.241255 123.230932 123.220051 123.209170 123.198751 123.188149 123.185080 123.192892 123.203773 123.214471 123.226468 123.240697 123.258370 123.276504 123.297247 123.318450 123.341145 123.359001
0.000000 0.000000 0.000000 0.000000 0.000000 0.000000 0.000000 0.000000 0.000000 0.000000 0.000000 0.000000 0.000000 0.000000 0.000000 0.000000 0.000000 0.000000 0.000000 0.000000 0.000000 0.000000 0.000000 0.000000 0.000000 0.000000 0.000000 123.412385 123.402062 123.392019 123.381138 123.370998 123.359280 123.348957 123.338634 123.327657 123.316776 123.306453 123.296131 123.285432 123.274551 123.264229 123.253348 123.242650 123.232327 123.221725 123.210844 123.200425 123.189544 123.185638 123.192055 123.203215 123.213634 123.225910 123.240139 123.256417 123.274830 123.294457 123.315939 123.339471 123.357048
0.000000 0.000000 0.000000 0.000000 0.000000 0.000000 0.000000 0.000000 0.000000 0.000000 0.000000 0.000000 0.000000 0.000000 0.000000 0.000000 0.000000 0.000000 0.000000 0.000000 0.000000 0.000000 0.000000 0.000000 0.000000 0.000000 0.000000 123.413780 123.403457 123.393693 123.383091 123.372951 123.361512 123.350631 123.340587 123.330168 123.319008 123.307848 123.298084 123.287106 123.275946 123.265624 123.255301 123.244324 123.234280 123.223120 123.213076 123.202099 123.191776 123.186196 123.191497 123.202378 123.213076 123.225073 123.239302 123.255859 123.273715 123.291570 123.313707 123.337518 123.355374
0.000000 0.000000 0.000000 0.000000 0.000000 0.000000 0.000000 0.000000 0.000000 0.000000 0.000000 0.000000 0.000000 0.000000 0.000000 0.000000 0.000000 0.000000 0.000000 0.000000 0.000000 0.000000 0.000000 0.000000 0.000000 0.000000 0.000000 123.415454 123.405410 123.395367 123.384486 123.375000 123.363186 123.352863 123.341982 123.331563 123.320682 123.309801 123.299757 123.288501 123.278178 123.267298 123.257254 123.245998 123.236233 123.224794 123.214471 123.203773 123.193450 123.186754 123.190381 123.201541 123.212518 123.224515 123.238186 123.255301 123.271204 123.289338 123.312033 123.333237 123.353421
0.000000 0.000000 0.000000 0.000000 0.000000 0.000000 0.000000 0.000000 0.000000 0.000000 0.000000 0.000000 0.000000 0.000000 0.000000 0.000000 0.000000 0.000000 0.000000 0.000000 0.000000 0.000000 0.000000 0.000000 0.000000 0.000000 0.000000 0.000000 123.407363 123.397599 123.386160 123.376953 123.364581 123.354537 123.343656 123.333237 123.322356 123.311754 123.301152 123.290175 123.279852 123.269530 123.258928 123.248230 123.237628 123.227026 123.216145 123.206005 123.194845 123.187312 123.189823 123.200983 123.211960 123.223678 123.236512 123.253627 123.269251 123.287664 123.308964 123.331284 123.352863
0.000000 0.000000 0.000000 0.000000 0.000000 0.000000 0.000000 0.000000 0.000000 0.000000 0.000000 0.000000 0.000000 0.000000 0.000000 0.000000 0.000000 0.000000 0.000000 0.000000 0.000000 0.000000 0.000000 0.000000 0.000000 0.000000 0.000000 0.000000 123.408758 123.398994 123.388392 123.378348 123.366534 123.355932 123.345888 123.335286 123.324030 123.313149 123.303384 123.292225 123.281526 123.271204 123.260323 123.249624 123.239302 123.228421 123.217819 123.207400 123.196519 123.187870 123.189544 123.200425 123.211123 123.223120 123.235396 123.251116 123.268972 123.285711 123.308406 123.329610 123.351189
0.000000 0.000000 0.000000 0.000000 0.000000 0.000000 0.000000 0.000000 0.000000 0.000000 0.000000 0.000000 0.000000 0.000000 0.000000 0.000000 0.000000 0.000000 0.000000 0.000000 0.000000 0.000000 0.000000 0.000000 0.000000 0.000000 0.000000 0.000000 123.410432 123.400388 123.390066 123.380301 123.368487 123.357606 123.347562 123.336681 123.326262 123.314823 123.305058 123.293620 123.283200 123.272599 123.262555 123.251674 123.241255 123.230095 123.220051 123.209170 123.198751 123.188428 123.188707 123.199867 123.210844 123.222004 123.234559 123.249066 123.266182 123.283200 123.304779 123.327936 123.349515
0.000000 0.000000 0.000000 0.000000 0.000000 0.000000 0.000000 0.000000 0.000000 0.000000 0.000000 0.000000 0.000000 0.000000 0.000000 0.000000 0.000000 0.000000 0.000000 0.000000 0.000000 0.000000 0.000000 0.000000 0.000000 0.000000 0.000000 0.000000 123.412664 123.402341 123.391461 123.382254 123.370161 123.359838 123.348957 123.338076 123.327657 123.317055 123.306453 123.295852 123.285432 123.274551 123.264229 123.253069 123.243208 123.232048 123.221446 123.211123 123.200425 123.189544 123.188986 123.198751 123.209728 123.220888 123.233722 123.247393 123.264787 123.282363 123.302268 123.326262 123.348120
0.000000 0.000000 0.000000 0.000000 0.000000 0.000000 0.000000 0.000000 0.000000 0.000000 0.000000 0.000000 0.000000 0.000000 0.000000 0.000000 0.000000 0.000000 0.000000 0.000000 0.000000 0.000000 0.000000 0.000000 0.000000 0.000000 0.000000 0.000000 123.414338 123.404294 123.393135 123.383649 123.371556 123.361233 123.350631 123.340308 123.329052 123.318729 123.308127 123.297526 123.286827 123.276504 123.265624 123.254743 123.244603 123.234001 123.222841 123.212518 123.201820 123.191776 123.189544 123.198472 123.209449 123.220051 123.232048 123.246556 123.264229 123.281805 123.300873 123.322914 123.347283
0.000000 0.000000 0.000000 0.000000 0.000000 0.000000 0.000000 0.000000 0.000000 0.000000 0.000000 0.000000 0.000000 0.000000 0.000000 0.000000 0.000000 0.000000 0.000000 0.000000 0.000000 0.000000 0.000000 0.000000 0.000000 0.000000 0.000000 0.000000 123.415733 123.405968 123.395367 123.385323 123.373509 123.362907 123.352863 123.341982 123.331005 123.320124 123.310359 123.299200 123.288501 123.277899 123.267298 123.256417 123.246277 123.235396 123.225073 123.214192 123.203773 123.193171 123.190102 123.197914 123.208612 123.219214 123.231490 123.245998 123.263392 123.280410 123.299757 123.320961 123.345051
0.000000 0.000000 0.000000 0.000000 0.000000 0.000000 0.000000 0.000000 0.000000 0.000000 0.000000 0.000000 0.000000 0.000000 0.000000 0.000000 0.000000 0.000000 0.000000 0.000000 0.000000 0.000000 0.000000 0.000000 0.000000 0.000000 0.000000 0.000000 0.000000 123.407363 123.396762 123.387276 123.375279 123.364860 123.354258 123.343656 123.332958 123.321798 123.312033 123.300594 123.290175 123.279573 123.269530 123.258649 123.248509 123.236791 123.226747 123.216424 123.205726 123.194845 123.190660 123.197356 123.207958 123.218656 123.230653 123.245161 123.261718 123.278178 123.296968 123.318450 123.342540
0.000000 0.000000 0.000000 0.000000 0.000000 0.000000 0.000000 0.000000 0.000000 0.000000 0.000000 0.000000 0.000000 0.000000 0.000000 0.000000 0.000000 0.000000 0.000000 0.000000 0.000000 0.000000 0.000000 0.000000 0.000000 0.000000 0.000000 0.000000 0.000000 123.409595 123.398436 123.389229 123.376674 123.366813 123.355932 123.345330 123.334449 123.324030 123.313428 123.302826 123.291946 123.281526 123.271204 123.260044 123.249903 123.239302 123.228421 123.217819 123.207121 123.196798 123.191218 123.196240 123.207400 123.218377 123.230095 123.244882 123.261160 123.276225 123.295573 123.316497 123.340587
0.000000 0.000000 0.000000 0.000000 0.000000 0.000000 0.000000 0.000000 0.000000 0.000000 0.000000 0.000000 0.000000 0.000000 0.000000 0.000000 0.000000 0.000000 0.000000 0.000000 0.000000 0.000000 0.000000 0.000000 0.000000 0.000000 0.000000 0.000000 0.000000 123.411269 123.400388 123.390624 123.379185 123.368208 123.357885 123.347562 123.336681 123.325425 123.315381 123.304500 123.293620 123.283479 123.272599 123.261718 123.251674 123.240697 123.229816 123.220051 123.209449 123.198751 123.191776 123.195403 123.206563 123.218098 123.229258 123.243208 123.259207 123.275109 123.293341 123.314544 123.337797
0.000000 0.000000 0.000000 0.000000 0.000000 0.000000 0.000000 0.000000 0.000000 0.000000 0.000000 0.000000 0.000000 0.000000 0.000000 0.000000 0.000000 0.000000 0.000000 0.000000 0.000000 0.000000 0.000000 0.000000 0.000000 0.000000 0.000000 0.000000 0.000000 123.412664 123.402341 123.392298 123.380580 123.369603 123.359838 123.348957 123.338076 123.327099 123.317334 123.305895 123.295852 123.284874 123.274551 123.263671 123.253627 123.242371 123.232048 123.221446 123.210844 123.200146 123.192334 123.195124 123.206005 123.216982 123.228700 123.241255 123.256417 123.274272 123.290733 123.313986 123.335286
0.000000 0.000000 0.000000 0.000000 0.000000 0.000000 0.000000 0.000000 0.000000 0.000000 0.000000 0.000000 0.000000 0.000000 0.000000 0.000000 0.000000 0.000000 0.000000 0.000000 0.000000 0.000000 0.000000 0.000000 0.000000 0.000000 0.000000 0.000000 0.000000 123.414338 123.403736 123.394530 123.381975 123.371835 123.361233 123.350631 123.339750 123.329052 123.318729 123.307569 123.297247 123.286548 123.276504 123.265624 123.255022 123.244045 123.233722 123.223399 123.212239 123.201541 123.192892 123.194566 123.205447 123.216145 123.227863 123.240139 123.255022 123.272599 123.288780 123.309522 123.332679
0.000000 0.000000 0.000000 0.000000 0.000000 0.000000 0.000000 0.000000 0.000000 0.000000 0.000000 0.000000 0.000000 0.000000 0.000000 0.000000 0.000000 0.000000 0.000000 0.000000 0.000000 0.000000 0.000000 0.000000 0.000000 0.000000 0.000000 0.000000 0.000000 123.416570 123.405410 123.396204 123.383928 123.373509 123.362628 123.352305 123.341424 123.331284 123.320403 123.309801 123.298921 123.288780 123.277899 123.267019 123.256696 123.246277 123.235117 123.225352 123.214192 123.203773 123.193450 123.193729 123.204610 123.215866 123.226747 123.239581 123.254464 123.271204 123.287943 123.307011 123.330168
0.000000 0.000000 0.000000 0.000000 0.000000 0.000000 0.000000 0.000000 0.000000 0.000000 0.000000 0.000000 0.000000 0.000000 0.000000 0.000000 0.000000 0.000000 0.000000 0.000000 0.000000 0.000000 0.000000 0.000000 0.000000 0.000000 0.000000 0.000000 0.000000 0.000000 123.407363 123.397599 123.385881 123.375000 123.364860 123.354537 123.343656 123.332679 123.322356 123.311475 123.300594 123.290175 123.279573 123.268414 123.258928 123.247672 123.237070 123.227026 123.216145 123.205447 123.194566 123.194008 123.203773 123.215029 123.225910 123.238744 123.252790 123.270088 123.287385 123.306453 123.327657
0.000000 0.000000 0.000000 0.000000 0.000000 0.000000 0.000000 0.000000 0.000000 0.000000 0.000000 0.000000 0.000000 0.000000 0.000000 0.000000 0.000000 0.000000 0.000000 0.000000 0.000000 0.000000 0.000000 0.000000 0.000000 0.000000 0.000000 0.000000 0.000000 0.000000 123.409316 123.399272 123.387555 123.377232 123.366534 123.355932 123.345051 123.334449 123.324309 123.312870 123.302826 123.291667 123.281526 123.270646 123.260602 123.249345 123.239023 123.228421 123.217819 123.207121 123.196798 123.194566 123.203494 123.214192 123.225073 123.237070 123.251674 123.269809 123.285432 123.304500 123.325704
0.000000 0.000000 0.000000 0.000000 0.000000 0.000000 0.000000 0.000000 0.000000 0.000000 0.000000 0.000000 0.000000 0.000000 0.000000 0.000000 0.000000 0.000000 0.000000 0.000000 0.000000 0.000000 0.000000 0.000000 0.000000 0.000000 0.000000 0.000000 0.000000 0.000000 123.410711 123.401504 123.388950 123.378627 123.368208 123.357327 123.346446 123.336123 123.325704 123.314823 123.304221 123.293899 123.283479 123.272320 123.261997 123.251395 123.240697 123.230653 123.219214 123.208612 123.198472 123.195124 123.202936 123.213634 123.224515 123.236233 123.250558 123.268135 123.284037 123.302268 123.323193
0.000000 0.000000 0.000000 0.000000 0.000000 0.000000 0.000000 0.000000 0.000000 0.000000 0.000000 0.000000 0.000000 0.000000 0.000000 0.000000 0.000000 0.000000 0.000000 0.000000 0.000000 0.000000 0.000000 0.000000 0.000000 0.000000 0.000000 0.000000 0.000000 0.000000 123.412385 123.402899 123.391182 123.380301 123.369882 123.359559 123.348678 123.337797 123.327378 123.316776 123.305895 123.295294 123.284874 123.273994 123.263671 123.252790 123.242092 123.232327 123.221167 123.210565 123.199867 123.195682 123.201820 123.213076 123.223957 123.235396 123.249903 123.266740 123.282084 123.300594 123.321519
0.000000 0.000000 0.000000 0.000000 0.000000 0.000000 0.000000 0.000000 0.000000 0.000000 0.000000 0.000000 0.000000 0.000000 0.000000 0.000000 0.000000 0.000000 0.000000 0.000000 0.000000 0.000000 0.000000 0.000000 0.000000 0.000000 0.000000 0.000000 0.000000 0.000000 123.414617 123.404573 123.392856 123.382254 123.372114 123.361233 123.350352 123.339192 123.329610 123.318171 123.307848 123.296968 123.286548 123.275667 123.265903 123.254464 123.244045 123.233722 123.223120 123.212239 123.201541 123.196240 123.201262 123.212239 123.223399 123.235117 123.249345 123.263950 123.280410 123.298363 123.319287
0.000000 0.000000 0.000000 0.000000 0.000000 0.000000 0.000000 0.000000 0.000000 0.000000 0.000000 0.000000 0.000000 0.000000 0.000000 0.000000 0.000000 0.000000 0.000000 0.000000 0.000000 0.000000 0.000000 0.000000 0.000000 0.000000 0.000000 0.000000 0.000000 0.000000 123.416012 123.406526 123.394530 123.384207 123.373509 123.362907 123.352305 123.341703 123.331284 123.319845 123.309801 123.299200 123.288780 123.277899 123.267298 123.256696 123.245998 123.235396 123.224515 123.214192 123.203773 123.196798 123.200704 123.211402 123.222562 123.234559 123.247951 123.262834 123.279852 123.296410 123.317334
