FireSTARR/test/constant/O1a_S060_A090_WD315_WS020/arrival.asc
ncols         96
nrows         741
xllcorner     425403.990666
yllcorner     12674755.311160
cellsize      100.000000
NODATA_value  0.000000
[rows 162 to 188 of 741, columns 0 to 60 of 96]
0.000000 0.000000 0.000000 0.000000 0.000000 0.000000 0.000000 123.398715 123.373509 123.348120 123.322635 123.297526 123.278178 123.268693 123.256417 123.246277 123.235675 123.225073 123.215029 123.203773 123.193450 123.183127 123.172526 123.160990 123.150946 123.140066 123.129464 123.119045 123.108722 123.097562 123.091145 123.094772 123.106490 123.120719 123.139787 123.159595 123.180337 123.201820 123.221446 123.246556 123.267577 123.289059 123.316776 123.341424 123.386439 0.000000 0.000000 0.000000 0.000000 0.000000 0.000000 0.000000 0.000000 0.000000 0.000000 0.000000 0.000000 0.000000 0.000000 0.000000 0.000000
0.000000 0.000000 0.000000 0.000000 0.000000 0.000000 0.000000 123.400109 123.375000 123.350352 123.324867 123.299479 123.279573 123.270646 123.258649 123.247951 123.237070 123.227305 123.216982 123.205447 123.195403 123.184801 123.174200 123.162943 123.152899 123.142019 123.130859 123.120440 123.110396 123.099236 123.091703 123.094214 123.105653 123.119324 123.139787 123.157084 123.178663 123.200704 123.220051 123.243766 123.266182 123.286269 123.312033 123.339471 123.381138 123.414338 0.000000 0.000000 0.000000 0.000000 0.000000 0.000000 0.000000 0.000000 0.000000 0.000000 0.000000 0.000000 0.000000 0.000000 0.000000
0.000000 0.000000 0.000000 0.000000 0.000000 0.000000 0.000000 123.401504 123.376953 123.352026 123.326541 123.301431 123.281247 123.272041 123.260323 123.249345 123.238465 123.228700 123.218935 123.206842 123.197077 123.187033 123.175594 123.164896 123.154573 123.143414 123.133091 123.122114 123.112070 123.101468 123.092261 123.093656 123.104258 123.117371 123.136997 123.155689 123.176989 123.198472 123.218377 123.240976 123.263950 123.284316 123.309243 123.338634 123.375279 123.409316 0.000000 0.000000 0.000000 0.000000 0.000000 0.000000 0.000000 0.000000 0.000000 0.000000 0.000000 0.000000 0.000000 0.000000 0.000000
0.000000 0.000000 0.000000 0.000000 0.000000 0.000000 0.000000 123.404015 123.379185 123.353421 123.327936 123.303105 123.283200 123.273715 123.261718 123.251395 123.240697 123.230374 123.220609 123.208612 123.198472 123.188428 123.177826 123.166570 123.155968 123.145088 123.134765 123.124345 123.113465 123.103142 123.092819 123.093098 123.103979 123.115697 123.134486 123.154852 123.176152 123.194845 123.216424 123.237349 123.259486 123.284037 123.307290 123.336402 123.369045 123.405968 0.000000 0.000000 0.000000 0.000000 0.000000 0.000000 0.000000 0.000000 0.000000 0.000000 0.000000 0.000000 0.000000 0.000000 0.000000
0.000000 0.000000 0.000000 0.000000 0.000000 0.000000 0.000000 123.405410 123.380580 123.355374 123.329889 123.304500 123.285153 123.275946 123.263671 123.252790 123.242371 123.232048 123.222004 123.210844 123.200704 123.189823 123.179500 123.168620 123.158200 123.147320 123.136160 123.125837 123.115697 123.104537 123.094493 123.093377 123.103142 123.114860 123.133370 123.154573 123.172805 123.193450 123.215587 123.235954 123.257254 123.281805 123.304221 123.330726 123.365139 123.400109 0.000000 0.000000 0.000000 0.000000 0.000000 0.000000 0.000000 0.000000 0.000000 0.000000 0.000000 0.000000 0.000000 0.000000 0.000000
0.000000 0.000000 0.000000 0.000000 0.000000 0.000000 0.000000 123.407084 123.381975 123.357327 123.331842 123.306732 123.286548 123.277620 123.265624 123.254464 123.244045 123.234280 123.224236 123.212239 123.202378 123.192055 123.180895 123.170015 123.159874 123.148715 123.138113 123.127511 123.117371 123.106490 123.095888 123.093935 123.102584 123.114302 123.130022 123.152899 123.170852 123.191497 123.211123 123.234280 123.255580 123.278736 123.300873 123.327657 123.359001 123.398157 0.000000 0.000000 0.000000 0.000000 0.000000 0.000000 0.000000 0.000000 0.000000 0.000000 0.000000 0.000000 0.000000 0.000000 0.000000
0.000000 0.000000 0.000000 0.000000 0.000000 0.000000 0.000000 123.408758 123.383928 123.359001 123.333333 123.308406 123.288222 123.279015 123.267019 123.256696 123.245719 123.235675 123.225910 123.213913 123.204331 123.193729 123.182569 123.172247 123.161269 123.150388 123.140066 123.129185 123.118766 123.108443 123.097283 123.094493 123.102026 123.114023 123.128069 123.149830 123.169178 123.189265 123.210844 123.232885 123.255022 123.276225 123.300594 123.323751 123.350631 123.394251 0.000000 0.000000 0.000000 0.000000 0.000000 0.000000 0.000000 0.000000 0.000000 0.000000 0.000000 0.000000 0.000000 0.000000 0.000000
0.000000 0.000000 0.000000 0.000000 0.000000 0.000000 0.000000 123.410990 123.385881 123.360396 123.335286 123.309801 123.290454 123.280689 123.268693 123.258370 123.247951 123.237070 123.227863 123.215866 123.205726 123.195403 123.184801 123.173642 123.162943 123.152062 123.141740 123.131417 123.120719 123.109838 123.099515 123.095051 123.101468 123.113465 123.127790 123.147599 123.166946 123.187591 123.210007 123.230653 123.251674 123.273994 123.296968 123.321240 123.348399 123.389787 0.000000 0.000000 0.000000 0.000000 0.000000 0.000000 0.000000 0.000000 0.000000 0.000000 0.000000 0.000000 0.000000 0.000000 0.000000
0.000000 0.000000 0.000000 0.000000 0.000000 0.000000 0.000000 123.412385 123.387555 123.362349 123.336960 123.311475 123.291667 123.282921 123.270646 123.259765 123.249345 123.239302 123.229258 123.217819 123.207679 123.196798 123.186475 123.175594 123.165175 123.154294 123.143135 123.132812 123.122672 123.111512 123.101189 123.095609 123.100631 123.112070 123.126395 123.145367 123.165175 123.187033 123.206005 123.228142 123.249624 123.270646 123.293062 123.318450 123.347283 123.380022 123.416667 0.000000 0.000000 0.000000 0.000000 0.000000 0.000000 0.000000 0.000000 0.000000 0.000000 0.000000 0.000000 0.000000 0.000000
0.000000 0.000000 0.000000 0.000000 0.000000 0.000000 0.000000 123.413780 123.388950 123.364302 123.338634 123.313707 123.293620 123.284595 123.272599 123.261439 123.251116 123.240976 123.231211 123.219214 123.209728 123.199030 123.187870 123.177547 123.166667 123.155689 123.145088 123.134207 123.124345 123.113465 123.102863 123.096167 123.100073 123.111233 123.125837 123.143135 123.162943 123.185080 123.204331 123.226468 123.247114 123.268693 123.291291 123.315381 123.343377 123.375279 123.414617 0.000000 0.000000 0.000000 0.000000 0.000000 0.000000 0.000000 0.000000 0.000000 0.000000 0.000000 0.000000 0.000000 0.000000
0.000000 0.000000 0.000000 0.000000 0.000000 0.000000 0.000000 123.416012 123.391182 123.365697 123.340308 123.315381 123.295573 123.285990 123.273994 123.263671 123.253069 123.242929 123.233164 123.220609 123.211123 123.200704 123.189823 123.178942 123.168620 123.157084 123.147041 123.136439 123.126116 123.115418 123.104258 123.096725 123.099236 123.110117 123.122672 123.141182 123.161269 123.182011 123.202657 123.224794 123.244882 123.267019 123.290454 123.313149 123.337797 123.368487 123.410153 0.000000 0.000000 0.000000 0.000000 0.000000 0.000000 0.000000 0.000000 0.000000 0.000000 0.000000 0.000000 0.000000 0.000000
0.000000 0.000000 0.000000 0.000000 0.000000 0.000000 0.000000 0.000000 123.392856 123.367371 123.342540 123.316776 123.296968 123.287943 123.275667 123.265345 123.254464 123.244324 123.234838 123.222841 123.212797 123.202378 123.191776 123.180616 123.170294 123.159316 123.148715 123.138113 123.127790 123.116813 123.106490 123.097283 123.098678 123.109559 123.120998 123.138392 123.160711 123.179779 123.200425 123.221725 123.244324 123.265066 123.288780 123.310917 123.335844 123.366534 123.407363 0.000000 0.000000 0.000000 0.000000 0.000000 0.000000 0.000000 0.000000 0.000000 0.000000 0.000000 0.000000 0.000000 0.000000
0.000000 0.000000 0.000000 0.000000 0.000000 0.000000 0.000000 0.000000 123.394809 123.369603 123.343935 123.318729 123.298642 123.289896 123.277899 123.266740 123.256138 123.246277 123.236233 123.224515 123.215029 123.204052 123.193171 123.182848 123.171968 123.160990 123.150109 123.140066 123.129464 123.118487 123.108164 123.097841 123.098120 123.108722 123.120440 123.136997 123.160153 123.178384 123.198472 123.219493 123.242092 123.261997 123.286548 123.307290 123.333891 123.359838 123.401504 0.000000 0.000000 0.000000 0.000000 0.000000 0.000000 0.000000 0.000000 0.000000 0.000000 0.000000 0.000000 0.000000 0.000000
0.000000 0.000000 0.000000 0.000000 0.000000 0.000000 0.000000 0.000000 123.396204 123.371277 123.345330 123.320682 123.300873 123.291291 123.279294 123.268693 123.258370 123.248230 123.238465 123.226189 123.216703 123.206284 123.194845 123.184522 123.173363 123.162664 123.152341 123.141740 123.131138 123.120719 123.109838 123.099515 123.098399 123.108443 123.119882 123.135323 123.156805 123.175873 123.196240 123.217819 123.239581 123.259207 123.283758 123.304779 123.330168 123.357606 123.395925 0.000000 0.000000 0.000000 0.000000 0.000000 0.000000 0.000000 0.000000 0.000000 0.000000 0.000000 0.000000 0.000000 0.000000
0.000000 0.000000 0.000000 0.000000 0.000000 0.000000 0.000000 0.000000 123.398157 123.373230 123.347283 123.322356 123.302547 123.293341 123.280968 123.270646 123.259765 123.249903 123.240139 123.227863 123.218098 123.207679 123.196798 123.185917 123.175594 123.164059 123.154015 123.143414 123.133370 123.122114 123.111512 123.101189 123.098957 123.107885 123.119603 123.133649 123.154294 123.174479 123.195403 123.216145 123.237628 123.258370 123.282084 123.303384 123.327378 123.357048 123.389229 0.000000 0.000000 0.000000 0.000000 0.000000 0.000000 0.000000 0.000000 0.000000 0.000000 0.000000 0.000000 0.000000 0.000000
0.000000 0.000000 0.000000 0.000000 0.000000 0.000000 0.000000 0.000000 123.400109 123.374624 123.349236 123.323751 123.303942 123.295015 123.282642 123.272041 123.261439 123.251953 123.241534 123.230095 123.219772 123.209449 123.198751 123.187591 123.177268 123.166570 123.155410 123.145646 123.134765 123.123787 123.113744 123.102584 123.099515 123.107048 123.119045 123.133370 123.152341 123.173084 123.193729 123.214192 123.235117 123.256417 123.277620 123.301431 123.324867 123.354816 123.381696 0.000000 0.000000 0.000000 0.000000 0.000000 0.000000 0.000000 0.000000 0.000000 0.000000 0.000000 0.000000 0.000000 0.000000
0.000000 0.000000 0.000000 0.000000 0.000000 0.000000 0.000000 0.000000 123.401783 123.376674 123.350910 123.325704 123.305616 123.296410 123.284874 123.273715 123.263113 123.253348 123.243208 123.231490 123.222004 123.211123 123.200146 123.189823 123.178663 123.168062 123.157084 123.147041 123.136160 123.125558 123.115139 123.104258 123.100073 123.106211 123.117650 123.132254 123.150388 123.171410 123.191776 123.212518 123.233443 123.255301 123.275946 123.298921 123.322914 123.348399 123.378348 0.000000 0.000000 0.000000 0.000000 0.000000 0.000000 0.000000 0.000000 0.000000 0.000000 0.000000 0.000000 0.000000 0.000000
0.000000 0.000000 0.000000 0.000000 0.000000 0.000000 0.000000 0.000000 123.403178 123.378627 123.352305 123.327657 123.307848 123.298363 123.286269 123.275667 123.265345 123.255022 123.245440 123.233164 123.223399 123.212797 123.201820 123.191497 123.180616 123.169457 123.159316 123.148436 123.138113 123.127790 123.116534 123.106490 123.100631 123.105374 123.117092 123.130580 123.148994 123.169457 123.189265 123.209728 123.232048 123.252790 123.275109 123.297247 123.320682 123.346725 123.373787 123.412385 0.000000 0.000000 0.000000 0.000000 0.000000 0.000000 0.000000 0.000000 0.000000 0.000000 0.000000 0.000000 0.000000
0.000000 0.000000 0.000000 0.000000 0.000000 0.000000 0.000000 0.000000 123.405410 123.380022 123.354537 123.329052 123.309243 123.300315 123.287664 123.277620 123.266740 123.256696 123.247114 123.234838 123.225073 123.214471 123.204052 123.192892 123.182569 123.171131 123.160990 123.150667 123.140066 123.129743 123.118487 123.107885 123.101189 123.104816 123.115976 123.128348 123.145367 123.166946 123.187870 123.208333 123.228979 123.251674 123.271483 123.295573 123.318729 123.343656 123.369324 123.410432 0.000000 0.000000 0.000000 0.000000 0.000000 0.000000 0.000000 0.000000 0.000000 0.000000 0.000000 0.000000 0.000000
0.000000 0.000000 0.000000 0.000000 0.000000 0.000000 0.000000 0.000000 123.407084 123.381975 123.356211 123.330726 123.310917 123.301710 123.289896 123.279015 123.268135 123.258928 123.248509 123.237070 123.226747 123.216703 123.205447 123.194845 123.184243 123.173363 123.162385 123.152341 123.141740 123.131417 123.120440 123.109559 123.101747 123.104537 123.115418 123.126674 123.144251 123.166291 123.186196 123.205726 123.226189 123.249624 123.268972 123.293899 123.313986 123.341424 123.367371 123.399551 0.000000 0.000000 0.000000 0.000000 0.000000 0.000000 0.000000 0.000000 0.000000 0.000000 0.000000 0.000000 0.000000
0.000000 0.000000 0.000000 0.000000 0.000000 0.000000 0.000000 0.000000 123.408479 123.383370 123.357885 123.332958 123.312870 123.303384 123.291570 123.280689 123.270367 123.260323 123.250558 123.238465 123.228979 123.218098 123.207121 123.196798 123.185638 123.174757 123.164338 123.154015 123.143135 123.133370 123.122114 123.111512 123.102305 123.103421 123.114302 123.126116 123.142856 123.163780 123.185080 123.204331 123.224236 123.246835 123.267577 123.291946 123.312312 123.336402 123.366534 123.395367 0.000000 0.000000 0.000000 0.000000 0.000000 0.000000 0.000000 0.000000 0.000000 0.000000 0.000000 0.000000 0.000000
0.000000 0.000000 0.000000 0.000000 0.000000 0.000000 0.000000 0.000000 123.410153 123.384765 123.359280 123.334449 123.314823 123.305337 123.293341 123.282921 123.272041 123.261718 123.252232 123.239860 123.230374 123.219772 123.208891 123.198193 123.187591 123.176431 123.166291 123.155410 123.145367 123.135323 123.123509 123.113465 123.102863 123.103142 123.114023 123.125558 123.141182 123.160711 123.182569 123.203773 123.223120 123.244882 123.265624 123.287664 123.310638 123.333891 123.360396 123.389229 0.000000 0.000000 0.000000 0.000000 0.000000 0.000000 0.000000 0.000000 0.000000 0.000000 0.000000 0.000000 0.000000
0.000000 0.000000 0.000000 0.000000 0.000000 0.000000 0.000000 0.000000 123.412385 123.386997 123.361512 123.336681 123.316218 123.307290 123.295015 123.284316 123.273715 123.263950 123.253906 123.242092 123.231769 123.221446 123.210844 123.199867 123.189544 123.178384 123.167783 123.157921 123.147041 123.136718 123.125558 123.114860 123.104537 123.103421 123.113465 123.125279 123.139508 123.160153 123.179221 123.200704 123.221725 123.242929 123.263392 123.285432 123.308964 123.332121 123.357885 123.385602 0.000000 0.000000 0.000000 0.000000 0.000000 0.000000 0.000000 0.000000 0.000000 0.000000 0.000000 0.000000 0.000000
0.000000 0.000000 0.000000 0.000000 0.000000 0.000000 0.000000 0.000000 123.414059 123.388671 123.363186 123.338076 123.317892 123.308685 123.296968 123.286548 123.275109 123.265624 123.255859 123.243766 123.234001 123.223678 123.212518 123.201820 123.190939 123.180337 123.169178 123.159316 123.148715 123.138392 123.127790 123.116534 123.106211 123.103979 123.112628 123.124624 123.138113 123.157921 123.178663 123.199588 123.220051 123.241255 123.261718 123.284037 123.306732 123.329889 123.356211 123.383370 123.416570 0.000000 0.000000 0.000000 0.000000 0.000000 0.000000 0.000000 0.000000 0.000000 0.000000 0.000000 0.000000
0.000000 0.000000 0.000000 0.000000 0.000000 0.000000 0.000000 0.000000 123.415454 123.390345 123.364581 123.340029 123.319845 123.310359 123.298921 123.287943 123.277341 123.267577 123.257812 123.245440 123.235675 123.225073 123.213913 123.203773 123.192613 123.181732 123.171410 123.160711 123.150109 123.140624 123.129185 123.118766 123.107885 123.104537 123.112070 123.123509 123.137555 123.155968 123.176989 123.197356 123.218098 123.239302 123.260602 123.281526 123.303384 123.328215 123.352026 123.381975 123.409595 0.000000 0.000000 0.000000 0.000000 0.000000 0.000000 0.000000 0.000000 0.000000 0.000000 0.000000 0.000000
0.000000 0.000000 0.000000 0.000000 0.000000 0.000000 0.000000 0.000000 0.000000 123.392019 123.366534 123.341982 123.321798 123.312591 123.300315 123.289896 123.279015 123.269251 123.259207 123.246835 123.237349 123.226468 123.216145 123.205168 123.194845 123.183406 123.173084 123.162664 123.152341 123.142019 123.131138 123.120440 123.109280 123.105095 123.110954 123.122114 123.135602 123.154294 123.175036 123.196519 123.216145 123.237349 123.258649 123.278736 123.301152 123.325983 123.348399 123.377232 123.407921 0.000000 0.000000 0.000000 0.000000 0.000000 0.000000 0.000000 0.000000 0.000000 0.000000 0.000000 0.000000
0.000000 0.000000 0.000000 0.000000 0.000000 0.000000 0.000000 0.000000 0.000000 123.394251 123.368487 123.343377 123.323193 123.314265 123.301989 123.291667 123.280410 123.270925 123.260881 123.249066 123.238744 123.228700 123.217819 123.206842 123.196519 123.185638 123.174757 123.164617 123.154015 123.143693 123.133091 123.121835 123.111512 123.105653 123.110396 123.121835 123.134207 123.152620 123.172805 123.194845 123.213355 123.233722 123.257254 123.277341 123.300315 123.322356 123.345330 123.375837 123.400946 0.000000 0.000000 0.000000 0.000000 0.000000 0.000000 0.000000 0.000000 0.000000 0.000000 0.000000 0.000000
