FireSTARR/test/constant/O1a_S060_A090_WD315_WS020/arrival.asc
ncols         96
nrows         741
xllcorner     425403.990666
yllcorner     12674755.311160
cellsize      100.000000
NODATA_value  0.000000
[rows 108 to 134 of 741, columns 0 to 60 of 96]
0.000000 0.000000 0.000000 123.408200 123.381417 123.355932 123.330447 123.305058 123.279294 123.253627 123.228700 123.202936 123.183406 123.174200 123.162385 123.151225 123.141182 123.130580 123.120998 123.109001 123.098678 123.087797 123.078215 123.066776 123.060638 123.064823 123.080447 123.097004 123.118766 123.137834 123.160432 123.181453 123.208891 123.237070 123.272599 123.311754 123.362628 123.412943 0.000000 0.000000 0.000000 0.000000 0.000000 0.000000 0.000000 0.000000 0.000000 0.000000 0.000000 0.000000 0.000000 0.000000 0.000000 0.000000 0.000000 0.000000 0.000000 0.000000 0.000000 0.000000 0.000000
0.000000 0.000000 0.000000 123.409595 123.383091 123.358164 123.332121 123.306453 123.281247 123.255580 123.230095 123.204610 123.185080 123.175873 123.164059 123.153178 123.142856 123.131975 123.122393 123.111233 123.100631 123.090308 123.080168 123.069008 123.061196 123.064544 123.077657 123.095888 123.115139 123.136439 123.158479 123.179221 123.204610 123.235675 123.270646 123.303384 123.350352 123.399830 0.000000 0.000000 0.000000 0.000000 0.000000 0.000000 0.000000 0.000000 0.000000 0.000000 0.000000 0.000000 0.000000 0.000000 0.000000 0.000000 0.000000 0.000000 0.000000 0.000000 0.000000 0.000000 0.000000
0.000000 0.000000 0.000000 123.411269 123.384486 123.359559 123.333612 123.308406 123.283200 123.256975 123.231490 123.206563 123.187033 123.177547 123.166291 123.155131 123.144251 123.133649 123.124066 123.112907 123.102305 123.091703 123.081563 123.070682 123.061754 123.063707 123.075425 123.092819 123.114302 123.134207 123.156805 123.176989 123.202378 123.232885 123.267577 123.295294 123.341703 123.393693 0.000000 0.000000 0.000000 0.000000 0.000000 0.000000 0.000000 0.000000 0.000000 0.000000 0.000000 0.000000 0.000000 0.000000 0.000000 0.000000 0.000000 0.000000 0.000000 0.000000 0.000000 0.000000 0.000000
0.000000 0.000000 0.000000 123.412943 123.386160 123.360954 123.335844 123.310359 123.284595 123.258928 123.233443 123.208333 123.188986 123.178942 123.167783 123.156805 123.146204 123.135881 123.126116 123.114302 123.104258 123.093098 123.083237 123.072077 123.062312 123.062870 123.074588 123.091424 123.111233 123.133091 123.154573 123.175036 123.198751 123.226747 123.265624 123.294457 123.336402 123.386160 0.000000 0.000000 0.000000 0.000000 0.000000 0.000000 0.000000 0.000000 0.000000 0.000000 0.000000 0.000000 0.000000 0.000000 0.000000 0.000000 0.000000 0.000000 0.000000 0.000000 0.000000 0.000000 0.000000
0.000000 0.000000 0.000000 123.415175 123.388392 123.363186 123.337239 123.311754 123.286548 123.260881 123.235396 123.209728 123.190381 123.181174 123.169457 123.158200 123.148157 123.137555 123.127511 123.116255 123.106211 123.095051 123.085565 123.073751 123.063428 123.062870 123.073751 123.089750 123.109559 123.131417 123.152341 123.174200 123.195124 123.223120 123.258649 123.288222 123.329052 123.382533 0.000000 0.000000 0.000000 0.000000 0.000000 0.000000 0.000000 0.000000 0.000000 0.000000 0.000000 0.000000 0.000000 0.000000 0.000000 0.000000 0.000000 0.000000 0.000000 0.000000 0.000000 0.000000 0.000000
0.000000 0.000000 0.000000 123.416570 123.390066 123.364860 123.338913 123.313428 123.288222 123.262276 123.237070 123.211960 123.192055 123.182848 123.171131 123.160432 123.149830 123.138950 123.129464 123.118208 123.107606 123.097004 123.086960 123.075983 123.065660 123.063428 123.072356 123.088076 123.108164 123.129743 123.149830 123.171968 123.192892 123.220609 123.253348 123.285990 123.325983 123.378906 0.000000 0.000000 0.000000 0.000000 0.000000 0.000000 0.000000 0.000000 0.000000 0.000000 0.000000 0.000000 0.000000 0.000000 0.000000 0.000000 0.000000 0.000000 0.000000 0.000000 0.000000 0.000000 0.000000
0.000000 0.000000 0.000000 0.000000 123.391461 123.366534 123.340866 123.315381 123.289617 123.263950 123.238465 123.213634 123.194008 123.184522 123.173363 123.162106 123.151225 123.140624 123.131417 123.119603 123.109280 123.098678 123.088634 123.077378 123.067055 123.063986 123.072077 123.087239 123.106490 123.127511 123.147599 123.170852 123.191218 123.217540 123.246556 123.284037 123.317334 123.360675 123.409874 0.000000 0.000000 0.000000 0.000000 0.000000 0.000000 0.000000 0.000000 0.000000 0.000000 0.000000 0.000000 0.000000 0.000000 0.000000 0.000000 0.000000 0.000000 0.000000 0.000000 0.000000 0.000000
0.000000 0.000000 0.000000 0.000000 123.393414 123.367929 123.342819 123.317334 123.291570 123.266182 123.240697 123.215029 123.195961 123.186196 123.174757 123.163780 123.153178 123.142856 123.132812 123.121277 123.111512 123.100073 123.090308 123.079052 123.069008 123.064544 123.070961 123.086681 123.104258 123.124345 123.145088 123.167783 123.188707 123.215029 123.245161 123.280410 123.311754 123.357606 123.405131 0.000000 0.000000 0.000000 0.000000 0.000000 0.000000 0.000000 0.000000 0.000000 0.000000 0.000000 0.000000 0.000000 0.000000 0.000000 0.000000 0.000000 0.000000 0.000000 0.000000 0.000000 0.000000
0.000000 0.000000 0.000000 0.000000 123.395367 123.370161 123.344214 123.318729 123.293620 123.267856 123.242371 123.216982 123.197356 123.188428 123.176152 123.165175 123.155131 123.144251 123.134486 123.123509 123.112907 123.102305 123.092540 123.081005 123.070961 123.065102 123.070682 123.084728 123.102584 123.122393 123.144251 123.166012 123.187312 123.210844 123.235396 123.278457 123.305058 123.344493 123.399551 0.000000 0.000000 0.000000 0.000000 0.000000 0.000000 0.000000 0.000000 0.000000 0.000000 0.000000 0.000000 0.000000 0.000000 0.000000 0.000000 0.000000 0.000000 0.000000 0.000000 0.000000 0.000000
0.000000 0.000000 0.000000 0.000000 123.396762 123.371835 123.345888 123.320403 123.295015 123.269251 123.243766 123.218935 123.199030 123.189823 123.178384 123.167225 123.156526 123.145925 123.136718 123.125000 123.114581 123.104537 123.093935 123.082958 123.072635 123.065660 123.069845 123.081563 123.100631 123.121277 123.141740 123.163501 123.185917 123.207679 123.233443 123.270646 123.302826 123.340587 123.392577 0.000000 0.000000 0.000000 0.000000 0.000000 0.000000 0.000000 0.000000 0.000000 0.000000 0.000000 0.000000 0.000000 0.000000 0.000000 0.000000 0.000000 0.000000 0.000000 0.000000 0.000000 0.000000
0.000000 0.000000 0.000000 0.000000 123.398436 123.373230 123.348120 123.322635 123.296410 123.270925 123.245440 123.220330 123.201262 123.191218 123.180058 123.169457 123.158200 123.147878 123.138392 123.126674 123.116255 123.105932 123.095609 123.084728 123.074030 123.066218 123.069287 123.081005 123.098957 123.119882 123.140066 123.161827 123.183685 123.204052 123.232327 123.265066 123.300315 123.330168 123.385044 0.000000 0.000000 0.000000 0.000000 0.000000 0.000000 0.000000 0.000000 0.000000 0.000000 0.000000 0.000000 0.000000 0.000000 0.000000 0.000000 0.000000 0.000000 0.000000 0.000000 0.000000 0.000000
0.000000 0.000000 0.000000 0.000000 123.400667 123.375000 123.349794 123.324030 123.298642 123.273157 123.247672 123.222004 123.202657 123.193171 123.181732 123.171131 123.160432 123.149830 123.139787 123.128906 123.118487 123.107327 123.097283 123.086123 123.076262 123.066776 123.069008 123.080447 123.097283 123.118208 123.138950 123.157921 123.181732 123.202378 123.230095 123.259207 123.296410 123.328494 123.373787 0.000000 0.000000 0.000000 0.000000 0.000000 0.000000 0.000000 0.000000 0.000000 0.000000 0.000000 0.000000 0.000000 0.000000 0.000000 0.000000 0.000000 0.000000 0.000000 0.000000 0.000000 0.000000
0.000000 0.000000 0.000000 0.000000 123.402341 123.377232 123.351189 123.325704 123.300315 123.274551 123.249345 123.223957 123.204331 123.195124 123.183127 123.172526 123.162106 123.151225 123.141461 123.130301 123.119882 123.109280 123.099515 123.088076 123.077936 123.067334 123.067892 123.079331 123.096446 123.115139 123.136997 123.157084 123.178663 123.199588 123.227026 123.256975 123.293620 123.326541 123.366534 0.000000 0.000000 0.000000 0.000000 0.000000 0.000000 0.000000 0.000000 0.000000 0.000000 0.000000 0.000000 0.000000 0.000000 0.000000 0.000000 0.000000 0.000000 0.000000 0.000000 0.000000 0.000000
0.000000 0.000000 0.000000 0.000000 123.403736 123.378906 123.352863 123.327378 123.301989 123.276225 123.251116 123.225910 123.206005 123.196798 123.185638 123.174479 123.163501 123.152899 123.143693 123.131975 123.121277 123.111233 123.100910 123.090029 123.079331 123.068729 123.067892 123.079052 123.093656 123.113744 123.134486 123.154294 123.178105 123.197914 123.223120 123.248509 123.290175 123.318171 123.363186 123.411269 0.000000 0.000000 0.000000 0.000000 0.000000 0.000000 0.000000 0.000000 0.000000 0.000000 0.000000 0.000000 0.000000 0.000000 0.000000 0.000000 0.000000 0.000000 0.000000 0.000000 0.000000
0.000000 0.000000 0.000000 0.000000 123.405410 123.380301 123.355095 123.329610 123.303663 123.278178 123.252790 123.227305 123.208237 123.198193 123.187033 123.176431 123.165175 123.155131 123.145367 123.133649 123.123509 123.112907 123.102305 123.091424 123.081005 123.070124 123.068450 123.077378 123.092819 123.112628 123.132533 123.153178 123.175594 123.195124 123.221167 123.246556 123.282363 123.315381 123.354537 123.402620 0.000000 0.000000 0.000000 0.000000 0.000000 0.000000 0.000000 0.000000 0.000000 0.000000 0.000000 0.000000 0.000000 0.000000 0.000000 0.000000 0.000000 0.000000 0.000000 0.000000 0.000000
0.000000 0.000000 0.000000 0.000000 123.407642 123.382254 123.356490 123.331005 123.305895 123.280131 123.254743 123.228979 123.210007 123.200425 123.188428 123.177826 123.166946 123.156805 123.146762 123.135881 123.125000 123.114302 123.104537 123.093098 123.083237 123.071798 123.069008 123.076820 123.091703 123.109838 123.131138 123.150946 123.172526 123.194845 123.214471 123.243208 123.279294 123.311754 123.347004 123.392856 0.000000 0.000000 0.000000 0.000000 0.000000 0.000000 0.000000 0.000000 0.000000 0.000000 0.000000 0.000000 0.000000 0.000000 0.000000 0.000000 0.000000 0.000000 0.000000 0.000000 0.000000
0.000000 0.000000 0.000000 0.000000 123.409037 123.384207 123.358164 123.332400 123.307290 123.281526 123.256138 123.231211 123.211402 123.202099 123.190381 123.179500 123.168620 123.158200 123.148715 123.137276 123.127232 123.116534 123.106211 123.095330 123.085007 123.074030 123.069566 123.076262 123.090029 123.108443 123.129185 123.148994 123.170573 123.193450 123.213076 123.239581 123.270646 123.309243 123.340587 123.386439 0.000000 0.000000 0.000000 0.000000 0.000000 0.000000 0.000000 0.000000 0.000000 0.000000 0.000000 0.000000 0.000000 0.000000 0.000000 0.000000 0.000000 0.000000 0.000000 0.000000 0.000000
0.000000 0.000000 0.000000 0.000000 123.410711 123.385602 123.360117 123.334728 123.308685 123.283200 123.258091 123.232885 123.213355 123.204052 123.192334 123.181732 123.170852 123.159874 123.150667 123.138671 123.128627 123.118208 123.107885 123.097004 123.086402 123.075704 123.070124 123.075704 123.088355 123.106490 123.127511 123.147599 123.167504 123.190939 123.212797 123.238186 123.266740 123.306732 123.337518 123.384486 0.000000 0.000000 0.000000 0.000000 0.000000 0.000000 0.000000 0.000000 0.000000 0.000000 0.000000 0.000000 0.000000 0.000000 0.000000 0.000000 0.000000 0.000000 0.000000 0.000000 0.000000
0.000000 0.000000 0.000000 0.000000 123.412385 123.387276 123.362070 123.336123 123.310638 123.285153 123.260044 123.234280 123.215308 123.205447 123.194008 123.183406 123.172526 123.162106 123.152062 123.140903 123.130580 123.119603 123.109280 123.098399 123.088076 123.077099 123.070682 123.075146 123.086681 123.105374 123.124903 123.145646 123.165733 123.188428 123.209449 123.235396 123.264787 123.303663 123.334170 123.373230 0.000000 0.000000 0.000000 0.000000 0.000000 0.000000 0.000000 0.000000 0.000000 0.000000 0.000000 0.000000 0.000000 0.000000 0.000000 0.000000 0.000000 0.000000 0.000000 0.000000 0.000000
0.000000 0.000000 0.000000 0.000000 123.414617 123.389229 123.363465 123.337797 123.312591 123.287106 123.261718 123.235954 123.216703 123.207400 123.195403 123.184801 123.173921 123.163501 123.153736 123.142577 123.132533 123.121277 123.111791 123.100073 123.090308 123.078773 123.071240 123.074030 123.086123 123.102863 123.122393 123.143972 123.163501 123.186754 123.207400 123.233164 123.260323 123.297247 123.325704 123.365697 123.414896 0.000000 0.000000 0.000000 0.000000 0.000000 0.000000 0.000000 0.000000 0.000000 0.000000 0.000000 0.000000 0.000000 0.000000 0.000000 0.000000 0.000000 0.000000 0.000000 0.000000
0.000000 0.000000 0.000000 0.000000 123.416012 123.391182 123.364860 123.340029 123.314265 123.288501 123.263113 123.238186 123.218377 123.209170 123.197635 123.186475 123.175594 123.165175 123.155689 123.144251 123.134207 123.123509 123.113186 123.102305 123.091703 123.081005 123.071798 123.073472 123.085565 123.101189 123.120998 123.141740 123.160432 123.184243 123.206005 123.227863 123.256138 123.291946 123.324588 123.358722 123.402062 0.000000 0.000000 0.000000 0.000000 0.000000 0.000000 0.000000 0.000000 0.000000 0.000000 0.000000 0.000000 0.000000 0.000000 0.000000 0.000000 0.000000 0.000000 0.000000 0.000000
0.000000 0.000000 0.000000 0.000000 0.000000 123.392577 123.367092 123.341424 123.315660 123.290175 123.265345 123.239581 123.220330 123.210844 123.199309 123.188707 123.177826 123.166946 123.157642 123.145646 123.135602 123.125000 123.114581 123.103700 123.093377 123.082400 123.072356 123.072914 123.084728 123.099515 123.119603 123.139508 123.160153 123.182011 123.203494 123.225910 123.250279 123.282642 123.321798 123.352305 123.398436 0.000000 0.000000 0.000000 0.000000 0.000000 0.000000 0.000000 0.000000 0.000000 0.000000 0.000000 0.000000 0.000000 0.000000 0.000000 0.000000 0.000000 0.000000 0.000000 0.000000
0.000000 0.000000 0.000000 0.000000 0.000000 123.394251 123.368766 123.343098 123.317892 123.291946 123.267019 123.241255 123.222283 123.213076 123.200704 123.190102 123.179500 123.169178 123.159037 123.148157 123.137834 123.126953 123.116534 123.105374 123.095330 123.084449 123.074030 123.072914 123.082958 123.098120 123.117650 123.138113 123.158758 123.178384 123.200983 123.223399 123.248787 123.279573 123.318450 123.349794 123.394251 0.000000 0.000000 0.000000 0.000000 0.000000 0.000000 0.000000 0.000000 0.000000 0.000000 0.000000 0.000000 0.000000 0.000000 0.000000 0.000000 0.000000 0.000000 0.000000 0.000000
0.000000 0.000000 0.000000 0.000000 0.000000 123.396483 123.370440 123.345051 123.319566 123.293620 123.268693 123.243208 123.223678 123.214471 123.202378 123.191776 123.180895 123.171131 123.160711 123.149551 123.139508 123.129185 123.118487 123.107327 123.097283 123.086123 123.075425 123.073472 123.082679 123.097283 123.115418 123.136997 123.156526 123.177547 123.200146 123.221725 123.246835 123.277062 123.316497 123.347562 123.385602 0.000000 0.000000 0.000000 0.000000 0.000000 0.000000 0.000000 0.000000 0.000000 0.000000 0.000000 0.000000 0.000000 0.000000 0.000000 0.000000 0.000000 0.000000 0.000000 0.000000
0.000000 0.000000 0.000000 0.000000 0.000000 123.397878 123.372114 123.347004 123.321519 123.295573 123.270088 123.245161 123.225352 123.215866 123.204610 123.193729 123.182848 123.172526 123.162943 123.150946 123.140903 123.130580 123.120161 123.109280 123.098678 123.087518 123.076820 123.074030 123.081842 123.096446 123.114302 123.134765 123.155410 123.175036 123.198472 123.218656 123.244882 123.274551 123.309522 123.339471 123.375000 0.000000 0.000000 0.000000 0.000000 0.000000 0.000000 0.000000 0.000000 0.000000 0.000000 0.000000 0.000000 0.000000 0.000000 0.000000 0.000000 0.000000 0.000000 0.000000 0.000000
0.000000 0.000000 0.000000 0.000000 0.000000 123.399551 123.374345 123.348399 123.322635 123.297526 123.272599 123.246556 123.227584 123.217819 123.206284 123.195682 123.184801 123.174757 123.164338 123.152899 123.142577 123.131975 123.121556 123.110675 123.100073 123.089192 123.079052 123.074867 123.081284 123.092819 123.112070 123.131138 123.153178 123.173642 123.195682 123.217261 123.242371 123.270088 123.302547 123.337518 123.372951 123.411548 0.000000 0.000000 0.000000 0.000000 0.000000 0.000000 0.000000 0.000000 0.000000 0.000000 0.000000 0.000000 0.000000 0.000000 0.000000 0.000000 0.000000 0.000000 0.000000
0.000000 0.000000 0.000000 0.000000 0.000000 123.401225 123.375837 123.349794 123.324309 123.298921 123.273994 123.247951 123.228979 123.219772 123.207679 123.197077 123.186196 123.176431 123.166012 123.154852 123.144809 123.133928 123.123787 123.112070 123.102584 123.091424 123.080726 123.075425 123.080726 123.092540 123.110396 123.128906 123.150667 123.170573 123.193171 123.215308 123.237628 123.264229 123.298363 123.331842 123.364023 123.409874 0.000000 0.000000 0.000000 0.000000 0.000000 0.000000 0.000000 0.000000 0.000000 0.000000 0.000000 0.000000 0.000000 0.000000 0.000000 0.000000 0.000000 0.000000 0.000000
