FireSTARR/test/constant/O1a_S060_A090_WD315_WS020/arrival.asc
ncols         96
nrows         741
xllcorner     425403.990666
yllcorner     12674755.311160
cellsize      100.000000
NODATA_value  0.000000
[rows 270 to 296 of 741, columns 0 to 60 of 96]
0.000000 0.000000 0.000000 0.000000 0.000000 0.000000 0.000000 0.000000 0.000000 0.000000 0.000000 0.000000 0.000000 0.000000 0.000000 0.000000 0.000000 123.414059 123.404015 123.391740 123.382254 123.371277 123.360954 123.350631 123.339750 123.328215 123.318450 123.307569 123.297247 123.287106 123.276225 123.266461 123.255022 123.244045 123.234001 123.222562 123.212518 123.201541 123.190660 123.180616 123.169457 123.159037 123.151783 123.155131 123.165733 123.176989 123.189265 123.202936 123.223957 123.242929 123.265624 123.286827 123.306453 123.325146 123.346167 123.369045 123.388671 123.411548 0.000000 0.000000 0.000000
0.000000 0.000000 0.000000 0.000000 0.000000 0.000000 0.000000 0.000000 0.000000 0.000000 0.000000 0.000000 0.000000 0.000000 0.000000 0.000000 0.000000 123.416012 123.405689 123.393414 123.383928 123.373509 123.362349 123.352863 123.341424 123.330447 123.320124 123.309243 123.299200 123.288501 123.278457 123.268135 123.256975 123.245998 123.235675 123.224236 123.214192 123.203215 123.192892 123.182290 123.171689 123.161269 123.152341 123.154294 123.165175 123.176152 123.188428 123.202378 123.221725 123.241255 123.263950 123.285153 123.304779 123.323193 123.342261 123.367371 123.386997 123.409037 0.000000 0.000000 0.000000
0.000000 0.000000 0.000000 0.000000 0.000000 0.000000 0.000000 0.000000 0.000000 0.000000 0.000000 0.000000 0.000000 0.000000 0.000000 0.000000 0.000000 0.000000 123.407921 123.395646 123.385323 123.374903 123.364023 123.354537 123.342819 123.331842 123.322356 123.310917 123.300594 123.290175 123.279852 123.269809 123.258649 123.247393 123.237628 123.226468 123.215587 123.204889 123.194566 123.183685 123.173363 123.162664 123.152899 123.153736 123.164617 123.175873 123.187870 123.201820 123.220051 123.241255 123.262276 123.281247 123.303942 123.321519 123.340587 123.366255 123.385602 123.406805 0.000000 0.000000 0.000000
0.000000 0.000000 0.000000 0.000000 0.000000 0.000000 0.000000 0.000000 0.000000 0.000000 0.000000 0.000000 0.000000 0.000000 0.000000 0.000000 0.000000 0.000000 123.409316 123.397320 123.386997 123.376674 123.365697 123.355932 123.344493 123.333333 123.324030 123.313149 123.302268 123.292225 123.281247 123.272041 123.260044 123.249345 123.239581 123.227863 123.217261 123.207121 123.196240 123.185917 123.175315 123.164338 123.154015 123.153457 123.164059 123.174757 123.187312 123.201262 123.218377 123.237628 123.258649 123.279015 123.301710 123.319287 123.338913 123.363744 123.385044 123.404015 0.000000 0.000000 0.000000
0.000000 0.000000 0.000000 0.000000 0.000000 0.000000 0.000000 0.000000 0.000000 0.000000 0.000000 0.000000 0.000000 0.000000 0.000000 0.000000 0.000000 0.000000 123.410990 123.398715 123.389229 123.378627 123.367929 123.357885 123.346725 123.335565 123.325425 123.314544 123.304500 123.293620 123.283200 123.273436 123.261997 123.251395 123.240976 123.229537 123.219493 123.208333 123.197635 123.187591 123.176710 123.166291 123.155689 123.154015 123.162943 123.175036 123.185917 123.200146 123.216703 123.235675 123.257254 123.277341 123.299479 123.318729 123.336402 123.362070 123.382254 123.402620 0.000000 0.000000 0.000000
0.000000 0.000000 0.000000 0.000000 0.000000 0.000000 0.000000 0.000000 0.000000 0.000000 0.000000 0.000000 0.000000 0.000000 0.000000 0.000000 0.000000 0.000000 123.412943 123.400667 123.390903 123.380022 123.369324 123.359838 123.348399 123.336960 123.327378 123.315939 123.306174 123.295852 123.285153 123.274830 123.263950 123.252790 123.242371 123.231490 123.221167 123.210286 123.199867 123.188986 123.178663 123.168062 123.157363 123.154573 123.162664 123.173363 123.185359 123.197635 123.215029 123.233164 123.255022 123.275667 123.296410 123.316218 123.335844 123.358164 123.380580 123.400388 0.000000 0.000000 0.000000
0.000000 0.000000 0.000000 0.000000 0.000000 0.000000 0.000000 0.000000 0.000000 0.000000 0.000000 0.000000 0.000000 0.000000 0.000000 0.000000 0.000000 0.000000 123.414896 123.402620 123.392298 123.381696 123.370719 123.361233 123.349794 123.338634 123.329610 123.317892 123.307569 123.297526 123.286827 123.276783 123.265345 123.254464 123.244603 123.233443 123.222562 123.211960 123.201541 123.190660 123.180616 123.169736 123.159037 123.155131 123.161827 123.172526 123.184801 123.197356 123.212518 123.230932 123.252232 123.273994 123.295294 123.313428 123.333333 123.356211 123.378627 123.397878 0.000000 0.000000 0.000000
0.000000 0.000000 0.000000 0.000000 0.000000 0.000000 0.000000 0.000000 0.000000 0.000000 0.000000 0.000000 0.000000 0.000000 0.000000 0.000000 0.000000 0.000000 123.416291 123.404294 123.394251 123.383928 123.372951 123.362907 123.351747 123.340866 123.331005 123.319845 123.309243 123.299479 123.288222 123.278736 123.267019 123.256696 123.246277 123.234838 123.224515 123.213634 123.203215 123.192892 123.182290 123.171131 123.161269 123.155689 123.161548 123.172247 123.183964 123.195682 123.210286 123.230095 123.250279 123.271762 123.293062 123.313149 123.331284 123.352305 123.376674 123.395925 0.000000 0.000000 0.000000
0.000000 0.000000 0.000000 0.000000 0.000000 0.000000 0.000000 0.000000 0.000000 0.000000 0.000000 0.000000 0.000000 0.000000 0.000000 0.000000 0.000000 0.000000 0.000000 123.405689 123.396204 123.385602 123.374624 123.364860 123.353700 123.342540 123.332679 123.321519 123.311475 123.300873 123.290454 123.280410 123.269251 123.258370 123.247951 123.236512 123.226468 123.215029 123.204889 123.194566 123.183685 123.173363 123.162664 123.156247 123.160432 123.171410 123.183127 123.195124 123.208612 123.229537 123.248787 123.269809 123.291291 123.312312 123.330447 123.349515 123.375279 123.394530 123.415454 0.000000 0.000000
0.000000 0.000000 0.000000 0.000000 0.000000 0.000000 0.000000 0.000000 0.000000 0.000000 0.000000 0.000000 0.000000 0.000000 0.000000 0.000000 0.000000 0.000000 0.000000 123.407642 123.397599 123.386997 123.376674 123.366813 123.355095 123.343935 123.334728 123.322914 123.312870 123.302826 123.291946 123.281805 123.270925 123.259765 123.249624 123.238744 123.227863 123.217540 123.207121 123.195961 123.185917 123.175036 123.164338 123.156805 123.159874 123.170852 123.182011 123.194008 123.208237 123.228142 123.247672 123.267856 123.289617 123.310359 123.329889 123.348678 123.372951 123.392577 123.412106 0.000000 0.000000
0.000000 0.000000 0.000000 0.000000 0.000000 0.000000 0.000000 0.000000 0.000000 0.000000 0.000000 0.000000 0.000000 0.000000 0.000000 0.000000 0.000000 0.000000 0.000000 123.409595 123.399272 123.388671 123.378069 123.368208 123.356769 123.345609 123.336123 123.325146 123.314544 123.304779 123.293620 123.284037 123.272320 123.261439 123.251674 123.240418 123.229537 123.218935 123.208333 123.197914 123.187591 123.176431 123.166291 123.157363 123.159316 123.170573 123.181174 123.193450 123.207400 123.225631 123.246277 123.265903 123.287106 123.308406 123.327936 123.347004 123.372393 123.391461 123.411269 0.000000 0.000000
0.000000 0.000000 0.000000 0.000000 0.000000 0.000000 0.000000 0.000000 0.000000 0.000000 0.000000 0.000000 0.000000 0.000000 0.000000 0.000000 0.000000 0.000000 0.000000 123.410990 123.401225 123.390903 123.380022 123.369603 123.358722 123.347841 123.337518 123.326820 123.316497 123.306453 123.295852 123.285711 123.273994 123.263671 123.253348 123.241813 123.231490 123.220609 123.210286 123.199867 123.188986 123.178105 123.168062 123.157921 123.158758 123.169457 123.180616 123.192334 123.206842 123.223399 123.243487 123.264508 123.285153 123.306453 123.325704 123.345330 123.368487 123.390345 123.409595 0.000000 0.000000
0.000000 0.000000 0.000000 0.000000 0.000000 0.000000 0.000000 0.000000 0.000000 0.000000 0.000000 0.000000 0.000000 0.000000 0.000000 0.000000 0.000000 0.000000 0.000000 123.412664 123.403178 123.392298 123.381975 123.372114 123.360675 123.349236 123.340029 123.328494 123.318450 123.307848 123.297247 123.287106 123.276225 123.265066 123.254743 123.243487 123.233443 123.222283 123.211960 123.201541 123.190660 123.180337 123.169736 123.159316 123.158479 123.168899 123.180058 123.191497 123.205726 123.222562 123.241813 123.262555 123.283200 123.303105 123.323472 123.341982 123.364302 123.388671 123.407642 0.000000 0.000000
0.000000 0.000000 0.000000 0.000000 0.000000 0.000000 0.000000 0.000000 0.000000 0.000000 0.000000 0.000000 0.000000 0.000000 0.000000 0.000000 0.000000 0.000000 0.000000 123.414896 123.404573 123.393972 123.383649 123.373509 123.362070 123.350910 123.341424 123.329889 123.319845 123.310080 123.298642 123.288780 123.277620 123.266740 123.256696 123.245719 123.234838 123.224515 123.213634 123.202936 123.192892 123.182011 123.171131 123.160711 123.159037 123.168341 123.179221 123.190939 123.203773 123.220888 123.239581 123.259486 123.281526 123.301989 123.320961 123.341703 123.360954 123.386718 123.405131 0.000000 0.000000
0.000000 0.000000 0.000000 0.000000 0.000000 0.000000 0.000000 0.000000 0.000000 0.000000 0.000000 0.000000 0.000000 0.000000 0.000000 0.000000 0.000000 0.000000 0.000000 123.416570 123.406247 123.395925 123.385044 123.375000 123.363744 123.352863 123.343098 123.332121 123.321240 123.311754 123.300873 123.291012 123.279294 123.268414 123.258649 123.247114 123.236512 123.225910 123.215308 123.204889 123.194566 123.183406 123.173363 123.162385 123.159595 123.167504 123.178384 123.190381 123.202657 123.217819 123.236512 123.256696 123.279573 123.300036 123.320124 123.340587 123.358722 123.385044 123.403736 0.000000 0.000000
0.000000 0.000000 0.000000 0.000000 0.000000 0.000000 0.000000 0.000000 0.000000 0.000000 0.000000 0.000000 0.000000 0.000000 0.000000 0.000000 0.000000 0.000000 0.000000 0.000000 123.408479 123.397878 123.387276 123.377232 123.365976 123.354816 123.344772 123.333333 123.323472 123.313428 123.302547 123.292504 123.281247 123.270646 123.260044 123.248787 123.238744 123.227305 123.217540 123.206842 123.195961 123.185359 123.175036 123.164059 123.160153 123.167225 123.178105 123.189544 123.201262 123.216145 123.235675 123.256417 123.277062 123.298642 123.318729 123.338076 123.356769 123.384486 123.401783 0.000000 0.000000
0.000000 0.000000 0.000000 0.000000 0.000000 0.000000 0.000000 0.000000 0.000000 0.000000 0.000000 0.000000 0.000000 0.000000 0.000000 0.000000 0.000000 0.000000 0.000000 0.000000 123.410153 123.399272 123.388950 123.378627 123.367371 123.356211 123.347004 123.335565 123.325146 123.314823 123.304221 123.294457 123.283200 123.272041 123.261718 123.250558 123.240418 123.229537 123.218935 123.208237 123.197914 123.187312 123.176431 123.166291 123.160711 123.166012 123.176989 123.188986 123.200425 123.214471 123.234838 123.254185 123.275109 123.297247 123.318171 123.336123 123.355374 123.381975 123.400109 0.000000 0.000000
0.000000 0.000000 0.000000 0.000000 0.000000 0.000000 0.000000 0.000000 0.000000 0.000000 0.000000 0.000000 0.000000 0.000000 0.000000 0.000000 0.000000 0.000000 0.000000 0.000000 123.411548 123.400667 123.390345 123.380301 123.369045 123.357606 123.348399 123.337239 123.326820 123.317334 123.305616 123.296131 123.284595 123.273436 123.263671 123.252790 123.241813 123.231211 123.220609 123.210286 123.199867 123.188707 123.178384 123.167783 123.161269 123.165454 123.176431 123.188428 123.199867 123.213913 123.232885 123.253348 123.273436 123.294736 123.316776 123.335565 123.353421 123.375837 123.398436 0.000000 0.000000
0.000000 0.000000 0.000000 0.000000 0.000000 0.000000 0.000000 0.000000 0.000000 0.000000 0.000000 0.000000 0.000000 0.000000 0.000000 0.000000 0.000000 0.000000 0.000000 0.000000 123.413222 123.402899 123.392019 123.382533 123.370719 123.359838 123.349794 123.338913 123.328494 123.318729 123.307848 123.298084 123.285990 123.275667 123.265624 123.254743 123.243487 123.232885 123.222283 123.211960 123.201541 123.190381 123.180337 123.169178 123.161827 123.165175 123.175594 123.187033 123.199309 123.213355 123.230932 123.253348 123.271483 123.292783 123.312591 123.333891 123.350910 123.373230 123.397041 0.000000 0.000000
0.000000 0.000000 0.000000 0.000000 0.000000 0.000000 0.000000 0.000000 0.000000 0.000000 0.000000 0.000000 0.000000 0.000000 0.000000 0.000000 0.000000 0.000000 0.000000 0.000000 123.415454 123.404573 123.394251 123.384207 123.372951 123.361512 123.352026 123.340308 123.330726 123.320124 123.309522 123.300036 123.288222 123.277341 123.267019 123.256138 123.245719 123.234280 123.224515 123.213355 123.202936 123.192334 123.182011 123.171131 123.162385 123.164617 123.175036 123.186196 123.198193 123.212518 123.229258 123.248787 123.270925 123.291291 123.310917 123.331842 123.349236 123.370440 123.395925 123.416012 0.000000
0.000000 0.000000 0.000000 0.000000 0.000000 0.000000 0.000000 0.000000 0.000000 0.000000 0.000000 0.000000 0.000000 0.000000 0.000000 0.000000 0.000000 0.000000 0.000000 0.000000 123.416667 123.406247 123.395925 123.385602 123.374345 123.363186 123.353979 123.342540 123.332121 123.322077 123.310917 123.301431 123.289896 123.279015 123.268693 123.258370 123.247114 123.236512 123.225910 123.215308 123.204889 123.194287 123.183406 123.173084 123.162943 123.163780 123.174479 123.186196 123.197077 123.211960 123.227863 123.246835 123.266740 123.289617 123.309522 123.329889 123.348957 123.367929 123.394530 123.414338 0.000000
0.000000 0.000000 0.000000 0.000000 0.000000 0.000000 0.000000 0.000000 0.000000 0.000000 0.000000 0.000000 0.000000 0.000000 0.000000 0.000000 0.000000 0.000000 0.000000 0.000000 0.000000 123.407921 123.397320 123.387276 123.376395 123.364860 123.355374 123.344214 123.333612 123.324030 123.312591 123.303105 123.291570 123.280410 123.270925 123.260044 123.248787 123.238186 123.227305 123.217261 123.206842 123.195682 123.185359 123.174757 123.164338 123.163501 123.173921 123.185080 123.196798 123.209170 123.225910 123.244882 123.265066 123.287106 123.307569 123.327378 123.347562 123.365697 123.393693 123.412385 0.000000
0.000000 0.000000 0.000000 0.000000 0.000000 0.000000 0.000000 0.000000 0.000000 0.000000 0.000000 0.000000 0.000000 0.000000 0.000000 0.000000 0.000000 0.000000 0.000000 0.000000 0.000000 123.410153 123.399272 123.389508 123.378069 123.367092 123.356769 123.345888 123.335844 123.325704 123.314823 123.305337 123.293620 123.282921 123.272320 123.261718 123.250837 123.239581 123.229537 123.218656 123.208237 123.197356 123.187312 123.176152 123.166012 123.164338 123.173363 123.184243 123.195961 123.208237 123.224236 123.242371 123.263113 123.285432 123.305895 123.325983 123.345609 123.363744 123.390066 123.410153 0.000000
0.000000 0.000000 0.000000 0.000000 0.000000 0.000000 0.000000 0.000000 0.000000 0.000000 0.000000 0.000000 0.000000 0.000000 0.000000 0.000000 0.000000 0.000000 0.000000 0.000000 0.000000 123.411548 123.401225 123.390903 123.379464 123.368487 123.359001 123.347562 123.337518 123.327099 123.316497 123.306732 123.295015 123.284316 123.273994 123.263392 123.252790 123.241255 123.231211 123.220330 123.210286 123.199588 123.188707 123.178384 123.167504 123.164896 123.172526 123.183685 123.195124 123.207400 123.222562 123.241534 123.261718 123.283479 123.304221 123.324588 123.343656 123.362070 123.384486 123.408758 0.000000
0.000000 0.000000 0.000000 0.000000 0.000000 0.000000 0.000000 0.000000 0.000000 0.000000 0.000000 0.000000 0.000000 0.000000 0.000000 0.000000 0.000000 0.000000 0.000000 0.000000 0.000000 123.413222 123.402620 123.392577 123.381138 123.370161 123.360675 123.349794 123.338913 123.329331 123.317892 123.308406 123.296689 123.285711 123.275667 123.265624 123.254185 123.243487 123.233164 123.222562 123.211960 123.201262 123.190381 123.180058 123.169736 123.165454 123.172247 123.182848 123.194566 123.206284 123.220888 123.240697 123.260602 123.280968 123.301710 123.323751 123.341982 123.361791 123.381696 123.407084 0.000000
0.000000 0.000000 0.000000 0.000000 0.000000 0.000000 0.000000 0.000000 0.000000 0.000000 0.000000 0.000000 0.000000 0.000000 0.000000 0.000000 0.000000 0.000000 0.000000 0.000000 0.000000 123.414896 123.404294 123.394530 123.383370 123.371835 123.362349 123.351189 123.341145 123.331005 123.319845 123.310080 123.298642 123.287664 123.277899 123.267019 123.256138 123.245161 123.234559 123.224236 123.213355 123.202657 123.192613 123.181453 123.171131 123.166012 123.171131 123.182290 123.194287 123.205447 123.220330 123.238465 123.258091 123.279015 123.300315 123.322077 123.340866 123.359838 123.380580 123.404852 0.000000
0.000000 0.000000 0.000000 0.000000 0.000000 0.000000 0.000000 0.000000 0.000000 0.000000 0.000000 0.000000 0.000000 0.000000 0.000000 0.000000 0.000000 0.000000 0.000000 0.000000 0.000000 123.416667 123.406247 123.396483 123.384765 123.374066 123.364023 123.352584 123.342819 123.332400 123.321798 123.312312 123.300594 123.289617 123.279294 123.268414 123.258091 123.246556 123.236512 123.225631 123.215308 123.204331 123.194287 123.183127 123.172526 123.166570 123.170852 123.181453 123.192892 123.204889 123.218935 123.236791 123.255859 123.277341 123.298642 123.319008 123.339471 123.356769 123.378348 123.402341 0.000000
