FireSTARR/test/output/APK/APK005/2018-07-02_0935/intensity_L_189_2018-07-08.asc
ncols         72
nrows         49
xllcorner     447743.378600
yllcorner     5062002.364000
cellsize      100.000000
NODATA_value  0.000000
[rows 0 to 27 of 49, columns 0 to 62 of 72]
0.000000 0.000000 0.000000 0.000000 0.000000 0.000000 0.000000 0.000000 0.000000 0.000000 0.000000 0.000000 0.000000 0.000000 0.000000 0.000000 0.000000 0.000000 0.000000 0.000000 0.000000 0.000000 0.000000 0.000000 0.000000 0.000000 0.000000 0.000000 0.000000 0.000000 0.000000 0.000000 0.000000 0.000000 0.000000 0.000000 0.000000 0.000000 0.000000 0.000000 0.000011 0.000011 0.000000 0.000000 0.000000 0.000000 0.000000 0.000000 0.000000 0.000000 0.000000 0.000000 0.000000 0.000000 0.000000 0.000000 0.000000 0.000000 0.000000 0.000000 0.000000 0.000000 0.000000
0.000000 0.000000 0.000000 0.000000 0.000000 0.000000 0.000000 0.000000 0.000000 0.000000 0.000000 0.000000 0.000000 0.000000 0.000000 0.000000 0.000000 0.000000 0.000000 0.000000 0.000000 0.000000 0.000000 0.000000 0.000000 0.000000 0.000000 0.000000 0.000000 0.000000 0.000000 0.000000 0.000000 0.000000 0.000000 0.000000 0.000000 0.000000 0.000011 0.000000 0.000000 0.000011 0.000000 0.000000 0.000000 0.000000 0.000000 0.000000 0.000000 0.000000 0.000000 0.000000 0.000000 0.000000 0.000000 0.000000 0.000000 0.000000 0.000000 0.000000 0.000000 0.000000 0.000000
0.000000 0.000000 0.000000 0.000000 0.000000 0.000000 0.000000 0.000000 0.000000 0.000000 0.000000 0.000000 0.000000 0.000000 0.000000 0.000000 0.000000 0.000000 0.000000 0.000000 0.000000 0.000000 0.000000 0.000000 0.000000 0.000000 0.000000 0.000000 0.000000 0.000000 0.000000 0.000000 0.000000 0.000000 0.000000 0.000000 0.000000 0.000000 0.000011 0.000011 0.000011 0.000079 0.000056 0.000056 0.000000 0.000000 0.000000 0.000000 0.000000 0.000000 0.000000 0.000000 0.000000 0.000000 0.000000 0.000000 0.000000 0.000000 0.000000 0.000000 0.000000 0.000000 0.000000
0.000000 0.000000 0.000000 0.000000 0.000000 0.000000 0.000000 0.000000 0.000000 0.000000 0.000000 0.000000 0.000000 0.000000 0.000000 0.000000 0.000000 0.000000 0.000000 0.000011 0.000000 0.000000 0.000000 0.000000 0.000000 0.000000 0.000000 0.000000 0.000000 0.000000 0.000000 0.000000 0.000000 0.000000 0.000000 0.000000 0.000000 0.000011 0.000011 0.000011 0.000011 0.000079 0.000067 0.000000 0.000000 0.000000 0.000000 0.000000 0.000000 0.000000 0.000000 0.000000 0.000000 0.000000 0.000000 0.000000 0.000000 0.000000 0.000000 0.000000 0.000000 0.000000 0.000000
0.000000 0.000000 0.000000 0.000000 0.000000 0.000000 0.000000 0.000000 0.000000 0.000000 0.000000 0.000000 0.000000 0.000000 0.000000 0.000000 0.000011 0.000022 0.000022 0.000022 0.000000 0.000000 0.000000 0.000000 0.000000 0.000000 0.000000 0.000000 0.000000 0.000000 0.000000 0.000000 0.000000 0.000000 0.000000 0.000000 0.000000 0.000000 0.000000 0.000000 0.000011 0.000067 0.000079 0.000000 0.000000 0.000000 0.000000 0.000000 0.000000 0.000000 0.000000 0.000000 0.000000 0.000000 0.000000 0.000000 0.000000 0.000000 0.000000 0.000000 0.000000 0.000000 0.000000
0.000000 0.000000 0.000000 0.000000 0.000000 0.000000 0.000000 0.000000 0.000000 0.000000 0.000000 0.000000 0.000000 0.000000 0.000000 0.000022 0.000022 0.000034 0.000022 0.000079 0.000000 0.000000 0.000000 0.000000 0.000000 0.000000 0.000000 0.000000 0.000000 0.000000 0.000000 0.000000 0.000000 0.000034 0.000056 0.000000 0.000000 0.000000 0.000000 0.000000 0.000079 0.000090 0.000022 0.000000 0.000000 0.000000 0.000000 0.000000 0.000000 0.000000 0.000000 0.000000 0.000000 0.000000 0.000000 0.000000 0.000000 0.000000 0.000000 0.000000 0.000000 0.000000 0.000000
0.000000 0.000000 0.000000 0.000000 0.000000 0.000000 0.000000 0.000000 0.000000 0.000000 0.000000 0.000000 0.000000 0.000000 0.000000 0.000000 0.000112 0.000112 0.000090 0.000112 0.000000 0.000000 0.000000 0.000000 0.000000 0.000000 0.000000 0.000000 0.000000 0.000000 0.000000 0.000000 0.000045 0.000067 0.000090 0.000022 0.000000 0.000000 0.000000 0.000079 0.000101 0.000000 0.000000 0.000000 0.000000 0.000000 0.000000 0.000000 0.000000 0.000000 0.000000 0.000000 0.000000 0.000000 0.000000 0.000000 0.000000 0.000000 0.000000 0.000000 0.000000 0.000000 0.000000
0.000000 0.000000 0.000000 0.000000 0.000000 0.000000 0.000000 0.000000 0.000000 0.000000 0.000000 0.000000 0.000000 0.000000 0.000022 0.000000 0.000000 0.000202 0.000258 0.000303 0.000225 0.000000 0.000000 0.000000 0.000000 0.000000 0.000000 0.000000 0.000000 0.000000 0.000079 0.000056 0.000067 0.000067 0.000079 0.000045 0.000112 0.000000 0.000000 0.000079 0.000011 0.000000 0.000000 0.000000 0.000000 0.000000 0.000000 0.000000 0.000000 0.000000 0.000000 0.000000 0.000000 0.000000 0.000000 0.000000 0.000000 0.000000 0.000000 0.000011 0.000011 0.000000 0.000000
0.000000 0.000000 0.000000 0.000000 0.000000 0.000000 0.000000 0.000000 0.000000 0.000000 0.000000 0.000000 0.000000 0.000000 0.000022 0.000000 0.000000 0.000247 0.000270 0.000191 0.000168 0.000000 0.000000 0.000000 0.000000 0.000000 0.000000 0.000000 0.000000 0.000056 0.000079 0.000067 0.000067 0.000056 0.000079 0.000056 0.000101 0.000112 0.000112 0.000000 0.000022 0.000157 0.000000 0.000000 0.000000 0.000000 0.000000 0.000000 0.000000 0.000000 0.000000 0.000000 0.000000 0.000000 0.000000 0.000000 0.000022 0.000011 0.000011 0.000011 0.000011 0.000000 0.000000
0.000000 0.000000 0.000000 0.000000 0.000000 0.000000 0.000000 0.000000 0.000000 0.000000 0.000000 0.000000 0.000000 0.000000 0.000022 0.000202 0.000270 0.000011 0.000000 0.000281 0.000281 0.000303 0.000000 0.000000 0.000000 0.000000 0.000000 0.000550 0.000079 0.000067 0.000056 0.000056 0.000034 0.000056 0.000045 0.000022 0.000135 0.000124 0.000011 0.000180 0.000247 0.000000 0.000000 0.000000 0.000000 0.000000 0.000000 0.000000 0.000000 0.000000 0.000000 0.000000 0.000000 0.000000 0.000000 0.000022 0.000022 0.000000 0.000011 0.000011 0.000011 0.000000 0.000000
0.000000 0.000000 0.000000 0.000000 0.000000 0.000000 0.000000 0.000000 0.000000 0.000000 0.000000 0.000000 0.000000 0.000022 0.000079 0.000191 0.000000 0.000258 0.000573 0.000000 0.000371 0.000393 0.000663 0.000505 0.000730 0.000865 0.000898 0.000752 0.000393 0.000056 0.000011 0.000045 0.000056 0.000045 0.000011 0.000112 0.000135 0.000011 0.000000 0.000045 0.000034 0.000022 0.000000 0.000000 0.000000 0.000000 0.000000 0.000000 0.000034 0.000034 0.000000 0.000000 0.000000 0.000000 0.000022 0.000034 0.000022 0.000011 0.000011 0.000011 0.000000 0.000000 0.000000
0.000000 0.000000 0.000000 0.000000 0.000000 0.000000 0.000000 0.000000 0.000000 0.000000 0.000000 0.000000 0.000000 0.000056 0.000135 0.000213 0.000314 0.000382 0.000393 0.000730 0.000101 0.000090 0.000977 0.001134 0.001404 0.001494 0.001460 0.000887 0.000404 0.000292 0.000247 0.000011 0.000011 0.000000 0.000202 0.000000 0.000000 0.000000 0.000000 0.000011 0.000034 0.000056 0.000000 0.000000 0.000056 0.000079 0.000056 0.000034 0.000056 0.000056 0.000045 0.000000 0.000000 0.000022 0.000022 0.000034 0.000022 0.000011 0.000011 0.000011 0.000011 0.000011 0.000000
0.000000 0.000000 0.000000 0.000000 0.000000 0.000000 0.000000 0.000000 0.000000 0.000000 0.000011 0.000022 0.000022 0.000079 0.000056 0.000124 0.000202 0.000101 0.000157 0.000168 0.000809 0.000898 0.000225 0.000168 0.000124 0.000157 0.001482 0.000876 0.000618 0.000416 0.000416 0.000393 0.000371 0.000371 0.000292 0.000270 0.000022 0.000011 0.000000 0.000213 0.000225 0.000045 0.000022 0.000034 0.000022 0.000056 0.000034 0.000022 0.000034 0.000034 0.000000 0.000000 0.000067 0.000067 0.000045 0.000045 0.000022 0.000022 0.000011 0.000011 0.000011 0.000011 0.000011
0.000000 0.000000 0.000000 0.000000 0.000000 0.000000 0.000000 0.000000 0.000000 0.000000 0.000011 0.000022 0.000022 0.000079 0.000067 0.000090 0.000079 0.000112 0.000124 0.000146 0.001202 0.001651 0.001651 0.000562 0.000124 0.000438 0.001449 0.001179 0.000898 0.000854 0.000786 0.000797 0.000764 0.000629 0.000685 0.000663 0.000663 0.000382 0.000022 0.000011 0.000281 0.000303 0.000112 0.000079 0.000034 0.000022 0.000022 0.000011 0.000022 0.000000 0.000135 0.000112 0.000090 0.000067 0.000034 0.000045 0.000022 0.000022 0.000000 0.000011 0.000011 0.000011 0.000011
0.000000 0.000000 0.000000 0.000000 0.000000 0.000000 0.000000 0.000000 0.000000 0.000000 0.000011 0.000000 0.000034 0.000079 0.000079 0.000584 0.000056 0.000112 0.000079 0.000180 0.000146 0.000112 0.001965 0.000584 0.000562 0.000438 0.000168 0.001247 0.000124 0.000079 0.000921 0.000011 0.000910 0.000910 0.000056 0.000045 0.000708 0.000438 0.000213 0.000056 0.000090 0.000292 0.000236 0.000247 0.000056 0.000056 0.000045 0.000000 0.000000 0.000124 0.000135 0.000112 0.000090 0.000056 0.000045 0.000000 0.000011 0.000011 0.000000 0.000011 0.000000 0.000011 0.000011
0.000000 0.000000 0.000000 0.000000 0.000000 0.000000 0.000000 0.000000 0.000000 0.000011 0.000034 0.000000 0.000034 0.000079 0.000314 0.000146 0.001112 0.000146 0.001381 0.001763 0.001988 0.000124 0.000595 0.000663 0.000505 0.000460 0.000157 0.000135 0.000112 0.000090 0.000000 0.000011 0.000067 0.001123 0.000045 0.000898 0.000752 0.000629 0.000573 0.000573 0.000079 0.000056 0.000225 0.000236 0.000045 0.000067 0.000022 0.000000 0.000000 0.000090 0.000135 0.000101 0.000079 0.000090 0.000056 0.000000 0.000000 0.000000 0.000000 0.000000 0.000000 0.000000 0.000011
0.000000 0.000000 0.000000 0.000000 0.000000 0.000000 0.000000 0.000000 0.000000 0.000022 0.000112 0.000124 0.000034 0.000045 0.000887 0.001471 0.001572 0.001718 0.001842 0.000146 0.000168 0.000000 0.002370 0.000606 0.001673 0.001247 0.000124 0.000079 0.000067 0.001168 0.001112 0.001078 0.000011 0.000022 0.000382 0.000359 0.000303 0.000270 0.000146 0.000135 0.000124 0.000045 0.000247 0.000236 0.000079 0.000045 0.000034 0.000000 0.000000 0.000000 0.000124 0.000090 0.000079 0.000000 0.000067 0.000000 0.000000 0.000000 0.000000 0.000000 0.000000 0.000000 0.000011
0.000000 0.000000 0.000000 0.000000 0.000000 0.000000 0.000000 0.000000 0.000000 0.000101 0.000371 0.000000 0.000000 0.000056 0.001235 0.000112 0.000146 0.000202 0.000236 0.000157 0.000225 0.000000 0.002572 0.002212 0.002044 0.002010 0.001651 0.001325 0.000168 0.000202 0.000034 0.000011 0.000022 0.000000 0.000348 0.000303 0.000258 0.000112 0.000112 0.000135 0.000090 0.000213 0.000022 0.000045 0.000056 0.000056 0.000034 0.000000 0.000000 0.000000 0.000124 0.000090 0.000067 0.000045 0.000000 0.000000 0.000000 0.000000 0.000000 0.000000 0.000000 0.000000 0.000000
0.000000 0.000000 0.000000 0.000000 0.000000 0.000034 0.000034 0.000000 0.000000 0.000337 0.001190 0.001954 0.000000 0.000000 0.001763 0.000157 0.000112 0.000157 0.000168 0.000247 0.000270 0.003100 0.002976 0.003021 0.003055 0.002415 0.001696 0.001303 0.000416 0.000427 0.000438 0.001123 0.000022 0.000011 0.000000 0.000022 0.000270 0.000326 0.000124 0.000090 0.000539 0.000034 0.000022 0.000011 0.000067 0.000067 0.000157 0.000000 0.000000 0.000135 0.000101 0.000045 0.000022 0.000011 0.000011 0.000022 0.000000 0.000000 0.000000 0.000000 0.000000 0.000000 0.000011
0.000011 0.000011 0.000000 0.000000 0.000000 0.000034 0.000034 0.000000 0.000000 0.000842 0.001819 0.000820 0.003628 0.000000 0.002606 0.001898 0.002538 0.003077 0.003279 0.003515 0.003661 0.000213 0.003493 0.000247 0.003145 0.002246 0.001707 0.000427 0.000416 0.000404 0.000022 0.000011 0.000955 0.000876 0.000011 0.000112 0.000326 0.000303 0.000258 0.000101 0.000348 0.000112 0.000000 0.000045 0.000045 0.000067 0.000168 0.000112 0.000000 0.000067 0.000034 0.000011 0.000000 0.000000 0.000011 0.000022 0.000011 0.000011 0.000000 0.000000 0.000000 0.000011 0.000011
0.000000 0.000011 0.000000 0.000000 0.000034 0.000034 0.000056 0.000000 0.000314 0.000606 0.002987 0.003628 0.000955 0.004942 0.000000 0.002729 0.003807 0.000045 0.000034 0.000034 0.003684 0.000202 0.000135 0.000168 0.002976 0.002212 0.000539 0.000460 0.000146 0.001247 0.001078 0.000898 0.000820 0.000584 0.000157 0.000191 0.000314 0.000258 0.000258 0.000045 0.000146 0.000067 0.000079 0.000090 0.000090 0.000124 0.000000 0.000000 0.000056 0.000056 0.000000 0.000034 0.000022 0.000022 0.000022 0.000011 0.000000 0.000000 0.000000 0.000011 0.000011 0.000000 0.000000
0.000000 0.000011 0.000000 0.000000 0.000000 0.000045 0.000045 0.000067 0.000460 0.000730 0.000629 0.005088 0.000966 0.000708 0.000000 0.005323 0.005121 0.004571 0.000079 0.000045 0.000247 0.000213 0.000202 0.000213 0.002650 0.000202 0.000236 0.001449 0.000124 0.000146 0.000124 0.000764 0.000584 0.000022 0.000416 0.000359 0.000303 0.000236 0.000157 0.000034 0.000101 0.000034 0.000011 0.000011 0.000056 0.000067 0.000056 0.000000 0.000034 0.000034 0.000011 0.000034 0.000011 0.000011 0.000000 0.000000 0.000000 0.000000 0.000000 0.000000 0.000000 0.000000 0.000000
0.000000 0.000000 0.000000 0.000000 0.000011 0.000090 0.000157 0.000180 0.000472 0.000573 0.000708 0.000730 0.006424 0.000741 0.006435 0.000157 0.005829 0.005110 0.000067 0.004200 0.000258 0.000359 0.000000 0.000022 0.002055 0.000213 0.000202 0.001269 0.000898 0.000764 0.000663 0.000079 0.000056 0.000022 0.000427 0.000303 0.000213 0.000146 0.000090 0.000011 0.000090 0.000011 0.000000 0.000000 0.000056 0.000000 0.000000 0.000022 0.000056 0.000045 0.000000 0.000034 0.000022 0.000011 0.000000 0.000000 0.000000 0.000000 0.000000 0.000000 0.000011 0.000011 0.000000
0.000000 0.000000 0.000000 0.000000 0.000000 0.000101 0.000270 0.000438 0.000550 0.003931 0.005312 0.007188 0.000696 0.007491 0.006536 0.000180 0.006110 0.005694 0.004975 0.000079 0.000067 0.000034 0.002864 0.001920 0.000067 0.000157 0.001157 0.000168 0.000135 0.000752 0.000517 0.000011 0.000034 0.000090 0.000056 0.000337 0.000270 0.000191 0.000146 0.000011 0.000101 0.000090 0.000011 0.000022 0.000056 0.000011 0.000000 0.000022 0.000045 0.000034 0.000000 0.000034 0.000022 0.000011 0.000000 0.000000 0.000000 0.000000 0.000000 0.000000 0.000000 0.000034 0.000034
0.000000 0.000000 0.000000 0.000000 0.000000 0.000000 0.000404 0.000000 0.000000 0.000606 0.006447 0.007491 0.008468 0.008243 0.007221 0.000258 0.000056 0.005660 0.004661 0.003088 0.000034 0.000045 0.002370 0.001539 0.001258 0.000157 0.000719 0.000056 0.000562 0.000517 0.000359 0.000337 0.000348 0.000337 0.000011 0.000314 0.000067 0.000112 0.000079 0.000011 0.000090 0.000101 0.000022 0.000022 0.000000 0.000000 0.000034 0.000022 0.000045 0.000034 0.000034 0.000034 0.000034 0.000022 0.000000 0.000011 0.000034 0.000034 0.000034 0.000034 0.000000 0.000000 0.000034
0.000000 0.000000 0.000000 0.000000 0.000000 0.000000 0.002471 0.004549 0.000000 0.000034 0.000045 0.000011 0.000236 0.008109 0.000090 0.000045 0.005615 0.005020 0.002954 0.001842 0.001651 0.000067 0.001584 0.001123 0.000730 0.000685 0.000651 0.000573 0.000090 0.000045 0.000022 0.000022 0.000011 0.000034 0.000303 0.000281 0.000034 0.000045 0.000168 0.000157 0.000067 0.000079 0.000034 0.000022 0.000000 0.000000 0.000056 0.000101 0.000045 0.000034 0.000011 0.000034 0.000034 0.000034 0.000011 0.000011 0.000011 0.000011 0.000011 0.000000 0.000011 0.000000 0.000011
0.000000 0.000000 0.000000 0.000000 0.000000 0.000000 0.006660 0.009243 0.011691 0.010973 0.008670 0.000056 0.006682 0.000404 0.000326 0.005031 0.004403 0.002662 0.001572 0.001157 0.001067 0.000045 0.001134 0.000865 0.000685 0.000573 0.000090 0.000505 0.000528 0.000494 0.000045 0.000056 0.000292 0.000247 0.000022 0.000079 0.000045 0.000056 0.000146 0.000090 0.000067 0.000067 0.000056 0.000000 0.000079 0.000000 0.000045 0.000101 0.000056 0.000034 0.000000 0.000000 0.000034 0.000034 0.000034 0.000000 0.000000 0.000000 0.000034 0.000034 0.000011 0.000011 0.000034
0.000000 0.000000 0.000000 0.000000 0.000000 0.000000 0.026662 0.032603 0.012062 0.008726 0.006053 0.004852 0.000067 0.000281 0.000314 0.003762 0.002358 0.001572 0.001123 0.000011 0.000000 0.000045 0.000000 0.000146 0.000124 0.000090 0.000011 0.000022 0.000022 0.000472 0.000314 0.000011 0.000270 0.000135 0.000112 0.000112 0.000124 0.000000 0.000000 0.000090 0.000090 0.000079 0.000067 0.000067 0.000000 0.000000 0.000000 0.000101 0.000079 0.000034 0.000000 0.000000 0.000034 0.000034 0.000034 0.000000 0.000000 0.000000 0.000034 0.000000 0.000034 0.000034 0.000034
