FireSTARR/test/output/APK/APK005/2018-07-02_0935/intensity_L_196_2018-07-15.asc
ncols         172
nrows         148
xllcorner     447543.378600
yllcorner     5059302.364000
cellsize      100.000000
NODATA_value  0.000000
[rows 84 to 111 of 148, columns 0 to 62 of 172]
0.000000 0.000000 0.000000 0.000011 0.000011 0.000000 0.000000 0.000000 0.000022 0.000101 0.000124 0.000191 0.000404 0.000202 0.000157 0.001224 0.000483 0.000797 0.000752 0.000663 0.000797 0.000865 0.003751 0.004066 0.001011 0.000809 0.000629 0.000719 0.005739 0.004818 0.004403 0.004088 0.004167 0.004077 0.004054 0.004133 0.003908 0.003931 0.000359 0.000359 0.000314 0.004021 0.003965 0.000752 0.000606 0.000449 0.000404 0.000472 0.000427 0.000382 0.000460 0.000460 0.000000 0.000000 0.001516 0.001527 0.001471 0.000359 0.000303 0.000393 0.000326 0.000258 0.000236
0.000000 0.000000 0.000000 0.000011 0.000011 0.000011 0.000000 0.000000 0.000000 0.000056 0.000124 0.000292 0.000404 0.000146 0.000101 0.001224 0.000483 0.000606 0.000573 0.000584 0.000786 0.001011 0.005009 0.005728 0.005975 0.002291 0.000764 0.002010 0.005840 0.005615 0.005380 0.005312 0.005346 0.005323 0.005357 0.005368 0.005380 0.005323 0.005267 0.004537 0.000438 0.000292 0.004369 0.002111 0.000663 0.000629 0.000449 0.000438 0.000472 0.000281 0.000472 0.000000 0.001707 0.001662 0.001539 0.001550 0.000382 0.000416 0.000393 0.000416 0.000337 0.000988 0.000314
0.000000 0.000000 0.000011 0.000000 0.000000 0.000000 0.000000 0.000000 0.000000 0.000011 0.000101 0.000292 0.000112 0.000090 0.000550 0.001168 0.000494 0.002403 0.000494 0.000618 0.000730 0.000977 0.000988 0.000865 0.006593 0.002033 0.002033 0.002044 0.000775 0.005806 0.000708 0.000663 0.005537 0.000382 0.005683 0.005784 0.000528 0.000494 0.005391 0.004661 0.004257 0.000674 0.000741 0.001943 0.001763 0.001482 0.000494 0.000517 0.000494 0.000101 0.000000 0.001696 0.001763 0.001730 0.001505 0.001224 0.000416 0.000191 0.000393 0.000438 0.000314 0.001033 0.000359
0.000000 0.000000 0.000011 0.000000 0.000000 0.000000 0.000000 0.000011 0.000011 0.000022 0.000090 0.000326 0.000404 0.000135 0.000550 0.001157 0.001898 0.000584 0.003605 0.000775 0.004987 0.005705 0.006323 0.000629 0.002246 0.002156 0.002033 0.001909 0.000674 0.000741 0.000696 0.000708 0.000314 0.000348 0.000348 0.006031 0.000348 0.005694 0.005571 0.005076 0.004998 0.005076 0.000606 0.000562 0.001730 0.001628 0.000438 0.000460 0.000449 0.000000 0.000079 0.001595 0.001628 0.001628 0.001280 0.001112 0.003482 0.000191 0.000157 0.000314 0.000292 0.000281 0.000371
0.000000 0.000011 0.000011 0.000011 0.000011 0.000011 0.000022 0.000034 0.000034 0.000034 0.000101 0.000416 0.000730 0.000708 0.000562 0.000797 0.002999 0.004234 0.004728 0.005155 0.005784 0.000764 0.000730 0.000168 0.007132 0.002134 0.006424 0.005997 0.000797 0.000786 0.000741 0.006076 0.005997 0.005952 0.000337 0.000314 0.002078 0.001954 0.001584 0.001606 0.000606 0.000640 0.000562 0.000517 0.001673 0.001673 0.000562 0.000483 0.000371 0.000000 0.000067 0.000045 0.001606 0.001426 0.001292 0.000213 0.003571 0.000157 0.000112 0.000124 0.000213 0.000314 0.000348
0.000011 0.000022 0.000022 0.000022 0.000022 0.000034 0.000079 0.000079 0.000000 0.000000 0.000191 0.000764 0.001628 0.000000 0.000000 0.000764 0.003583 0.000685 0.000775 0.000898 0.000921 0.000842 0.000910 0.000168 0.007255 0.006896 0.006851 0.006750 0.006368 0.006121 0.000921 0.000696 0.000359 0.000281 0.000270 0.000213 0.001920 0.001819 0.001752 0.000685 0.000618 0.000629 0.000584 0.001628 0.000314 0.000573 0.000562 0.000449 0.000438 0.000000 0.000079 0.000090 0.001572 0.001359 0.001224 0.001134 0.000146 0.000124 0.000146 0.000079 0.000067 0.000359 0.000416
0.000000 0.000022 0.000011 0.000034 0.000022 0.000067 0.000079 0.000079 0.000090 0.000000 0.000000 0.001404 0.003145 0.004380 0.000000 0.000000 0.004638 0.000573 0.000674 0.000685 0.000809 0.000977 0.001033 0.008277 0.008255 0.008232 0.008277 0.007210 0.006649 0.006177 0.001786 0.001842 0.001932 0.006233 0.000348 0.000247 0.000213 0.000303 0.001965 0.001965 0.000752 0.000663 0.004942 0.000427 0.000326 0.000348 0.000651 0.000494 0.001741 0.000067 0.000067 0.001673 0.001584 0.001280 0.001067 0.001134 0.001011 0.003268 0.000067 0.000056 0.000101 0.000135 0.000157
0.000011 0.000022 0.000011 0.000011 0.000034 0.000079 0.000045 0.000090 0.000101 0.000000 0.000000 0.002504 0.004223 0.002606 0.007278 0.000000 0.006110 0.005279 0.006929 0.008053 0.008401 0.008929 0.009052 0.000898 0.008794 0.000820 0.008378 0.007356 0.006716 0.001988 0.002055 0.002010 0.000292 0.000314 0.006065 0.005874 0.000371 0.000865 0.002358 0.002190 0.001718 0.000595 0.004683 0.001741 0.000258 0.000449 0.000517 0.000494 0.001808 0.001741 0.000124 0.001662 0.001336 0.001112 0.001011 0.001000 0.001067 0.003100 0.002875 0.002875 0.000180 0.000157 0.000191
0.000000 0.000000 0.000000 0.000034 0.000000 0.000090 0.000079 0.000090 0.000101 0.000000 0.001628 0.001954 0.006098 0.007401 0.002763 0.009917 0.000000 0.006503 0.008940 0.000371 0.000225 0.000236 0.009097 0.000752 0.000764 0.000730 0.008468 0.007480 0.002302 0.002212 0.000674 0.006593 0.006435 0.006199 0.005885 0.005582 0.000921 0.001011 0.002426 0.001954 0.004560 0.000573 0.004324 0.002920 0.001280 0.001247 0.001269 0.001460 0.000168 0.000090 0.001831 0.001718 0.001280 0.003448 0.001157 0.003021 0.002853 0.002549 0.002022 0.002314 0.000202 0.002426 0.002493
0.000000 0.000000 0.000000 0.000034 0.000000 0.000090 0.000112 0.000067 0.000112 0.000741 0.001696 0.002022 0.002044 0.009771 0.002942 0.002504 0.000000 0.011310 0.011354 0.010400 0.000416 0.000359 0.000797 0.000775 0.000842 0.000854 0.007862 0.001112 0.001000 0.006952 0.000977 0.001011 0.000887 0.005919 0.005649 0.000629 0.005121 0.004863 0.004717 0.004257 0.004066 0.000528 0.003942 0.003459 0.002089 0.002145 0.003369 0.003740 0.001696 0.000067 0.002089 0.003571 0.001168 0.003088 0.002617 0.002392 0.000359 0.000258 0.000225 0.002022 0.000168 0.000146 0.002078
0.000000 0.000000 0.000000 0.000000 0.000000 0.000011 0.000034 0.000258 0.000404 0.000932 0.001381 0.001808 0.002089 0.002257 0.012455 0.002594 0.012814 0.001224 0.012410 0.011478 0.000427 0.010097 0.001101 0.001123 0.000000 0.000528 0.007648 0.001134 0.000943 0.006727 0.006402 0.006020 0.005672 0.000663 0.000562 0.000517 0.005054 0.004650 0.004245 0.003819 0.003774 0.000359 0.002527 0.001920 0.001539 0.002347 0.003246 0.000135 0.000101 0.001977 0.003527 0.003122 0.000921 0.002594 0.002235 0.001898 0.001763 0.000225 0.000236 0.000124 0.000101 0.000146 0.001909
0.000000 0.000000 0.000000 0.000000 0.000000 0.000000 0.000000 0.000292 0.000505 0.000898 0.001561 0.008097 0.010591 0.013668 0.002471 0.014140 0.013095 0.001067 0.012747 0.012466 0.011512 0.000438 0.000562 0.000505 0.008861 0.007783 0.000663 0.001056 0.006593 0.000977 0.000921 0.005795 0.005335 0.000550 0.000573 0.000539 0.000382 0.004560 0.004155 0.003807 0.003717 0.000326 0.002381 0.002033 0.001336 0.002729 0.003257 0.000157 0.000079 0.001628 0.003167 0.002707 0.000977 0.002314 0.001819 0.001584 0.001572 0.001617 0.001707 0.001819 0.001718 0.000124 0.000101
0.000000 0.000000 0.000000 0.000000 0.000000 0.000000 0.000000 0.000000 0.000640 0.000000 0.000000 0.002426 0.012320 0.013960 0.015959 0.015532 0.014443 0.001112 0.000505 0.012567 0.011287 0.009198 0.000595 0.000528 0.008771 0.007345 0.006997 0.000887 0.005683 0.000887 0.005514 0.005256 0.004930 0.004728 0.004605 0.004492 0.000314 0.004481 0.001044 0.001033 0.001022 0.000449 0.000966 0.002156 0.001617 0.001876 0.000112 0.000359 0.001336 0.001404 0.003032 0.002493 0.002224 0.002078 0.001707 0.001426 0.001303 0.001415 0.001471 0.001550 0.001932 0.001954 0.000112
0.000000 0.000000 0.000000 0.000000 0.000000 0.000000 0.000000 0.000000 0.003695 0.007637 0.000000 0.000595 0.000460 0.000326 0.001078 0.015577 0.000842 0.000595 0.012702 0.012028 0.009254 0.007671 0.007435 0.000517 0.007570 0.006435 0.005829 0.005818 0.005907 0.005638 0.000730 0.000573 0.000438 0.000449 0.000416 0.000303 0.004335 0.004313 0.001089 0.001101 0.003639 0.003527 0.001078 0.002212 0.000831 0.002055 0.000090 0.000112 0.001202 0.003156 0.002740 0.002336 0.000708 0.001943 0.001741 0.001404 0.001370 0.000595 0.000292 0.000292 0.000303 0.000281 0.000618
0.000000 0.000000 0.000000 0.000000 0.000000 0.000000 0.000000 0.000000 0.008760 0.018598 0.023810 0.020867 0.017082 0.000674 0.013825 0.001696 0.001584 0.012174 0.011478 0.009007 0.007772 0.006851 0.006716 0.000517 0.006885 0.006368 0.006009 0.005694 0.000921 0.005368 0.005357 0.005245 0.000595 0.000494 0.003077 0.003044 0.000371 0.001123 0.001056 0.001022 0.003571 0.000876 0.000966 0.000921 0.000854 0.000124 0.003055 0.000090 0.001022 0.002898 0.002471 0.002134 0.000865 0.000921 0.001909 0.001539 0.001628 0.000640 0.000708 0.000719 0.001718 0.001718 0.000314
0.000000 0.000000 0.000000 0.000000 0.000000 0.000000 0.000000 0.000000 0.030537 0.037668 0.024371 0.017700 0.013073 0.011354 0.000775 0.001561 0.001685 0.010557 0.008479 0.007570 0.006772 0.000270 0.000236 0.000629 0.000000 0.001179 0.001044 0.001000 0.000449 0.000382 0.000359 0.004863 0.004245 0.000180 0.002987 0.002516 0.003549 0.003515 0.003437 0.000000 0.000000 0.000842 0.000831 0.000887 0.000943 0.000921 0.000180 0.000045 0.000281 0.002684 0.002358 0.002246 0.000393 0.000809 0.002089 0.001920 0.001864 0.000663 0.000651 0.000629 0.001718 0.000045 0.001673
0.000000 0.000000 0.000000 0.000000 0.000000 0.000000 0.000000 0.000000 0.126381 0.000000 0.010175 0.007300 0.006682 0.006345 0.000752 0.001595 0.008378 0.008255 0.007075 0.006278 0.000326 0.000213 0.000258 0.000247 0.001359 0.003381 0.000898 0.000887 0.005088 0.004863 0.000000 0.000000 0.000348 0.003852 0.003729 0.003246 0.001909 0.002089 0.002033 0.000000 0.000000 0.000090 0.000079 0.000101 0.001011 0.001022 0.000090 0.000056 0.000292 0.002639 0.002460 0.002482 0.000292 0.000326 0.000685 0.000685 0.000685 0.000629 0.000629 0.001842 0.001662 0.000079 0.000045
0.000000 0.000000 0.000000 0.000000 0.000000 0.000000 0.000000 0.000000 1.000000 0.000000 0.000000 0.002358 0.003942 0.005166 0.000314 0.003796 0.000449 0.003729 0.000371 0.000348 0.000292 0.000236 0.003369 0.003156 0.002875 0.002628 0.000898 0.000752 0.004852 0.003987 0.003482 0.003549 0.003527 0.003527 0.003066 0.002785 0.002841 0.002650 0.000079 0.000146 0.000101 0.000079 0.000079 0.000090 0.000056 0.000045 0.001078 0.000281 0.000236 0.000236 0.000371 0.000326 0.000831 0.000708 0.000741 0.000067 0.000034 0.000640 0.000674 0.001819 0.000079 0.000079 0.000045
0.000000 0.000000 0.000000 0.000000 0.000000 0.000000 0.000000 0.000000 0.000000 0.000000 0.000000 0.000000 0.003527 0.000404 0.000371 0.000337 0.000337 0.000314 0.000337 0.000359 0.000326 0.000258 0.003313 0.002538 0.002134 0.000752 0.000663 0.004706 0.004257 0.003706 0.003302 0.003066 0.002841 0.002853 0.002909 0.002898 0.000034 0.000067 0.000045 0.000045 0.000045 0.000000 0.000000 0.000034 0.000090 0.000022 0.000045 0.000326 0.000393 0.000371 0.000359 0.000865 0.000809 0.000067 0.000225 0.000067 0.000045 0.000708 0.000719 0.000663 0.000202 0.001718 0.000067
0.000000 0.000000 0.000000 0.000000 0.000000 0.000000 0.000000 0.000000 0.000000 0.000000 0.000000 0.000000 0.000000 0.000326 0.004661 0.004852 0.004874 0.000258 0.000303 0.001314 0.003448 0.003077 0.002662 0.000213 0.000135 0.000618 0.000640 0.000494 0.004032 0.003762 0.003661 0.003504 0.003381 0.003190 0.001044 0.003145 0.002999 0.000045 0.000034 0.000045 0.000034 0.000022 0.000034 0.000045 0.001000 0.001033 0.000056 0.000112 0.000438 0.000382 0.002516 0.000876 0.000809 0.000629 0.000236 0.000180 0.000247 0.000247 0.000741 0.000270 0.000168 0.000202 0.000090
0.000000 0.000000 0.000000 0.000000 0.000000 0.000000 0.000000 0.000000 0.000000 0.000000 0.000000 0.000000 0.000000 0.000180 0.003369 0.003931 0.000326 0.000270 0.001168 0.001146 0.000932 0.002403 0.002033 0.004391 0.004346 0.000708 0.000584 0.000505 0.000494 0.000449 0.001179 0.000449 0.000416 0.000382 0.001078 0.000921 0.002920 0.002729 0.000034 0.000022 0.000022 0.000034 0.000034 0.000045 0.000056 0.000337 0.000124 0.000146 0.000393 0.000326 0.002347 0.001202 0.001067 0.001089 0.001033 0.000180 0.000213 0.000247 0.000258 0.001651 0.000202 0.000258 0.000045
0.000000 0.000000 0.000000 0.000000 0.000000 0.000000 0.000000 0.000000 0.000000 0.000000 0.000000 0.000000 0.000000 0.001808 0.002740 0.003493 0.003875 0.001112 0.001033 0.000943 0.000831 0.000685 0.000696 0.000685 0.000000 0.000180 0.000562 0.001482 0.000562 0.001336 0.001202 0.000483 0.000449 0.000898 0.000797 0.000764 0.002898 0.002707 0.002504 0.000011 0.000022 0.000056 0.000000 0.002752 0.002673 0.000022 0.000382 0.000449 0.000348 0.002235 0.002123 0.001078 0.000921 0.000775 0.000146 0.000550 0.000180 0.000213 0.001640 0.000180 0.000135 0.001460 0.000213
0.000000 0.000000 0.000000 0.000000 0.000000 0.000000 0.000000 0.000000 0.000000 0.000000 0.000000 0.000000 0.000000 0.001381 0.001235 0.002022 0.003055 0.003515 0.000752 0.000651 0.000719 0.000708 0.000708 0.000640 0.000898 0.000000 0.000618 0.001314 0.001314 0.000562 0.000550 0.001123 0.003100 0.000314 0.000831 0.000292 0.002718 0.002606 0.000045 0.000034 0.000022 0.000067 0.002662 0.002482 0.000112 0.000460 0.000382 0.000416 0.000393 0.002111 0.000213 0.000180 0.001640 0.000854 0.000157 0.000438 0.000157 0.000168 0.001482 0.000236 0.000202 0.000157 0.000191
0.000000 0.000000 0.000000 0.000000 0.000000 0.000000 0.000000 0.000000 0.000000 0.000000 0.000000 0.000000 0.000730 0.001112 0.001336 0.001415 0.001584 0.002752 0.003066 0.003145 0.000573 0.000550 0.000550 0.000562 0.000000 0.000000 0.000101 0.001235 0.000460 0.000517 0.000483 0.001157 0.000314 0.000281 0.000303 0.000303 0.002572 0.002549 0.000034 0.000056 0.000034 0.000045 0.002606 0.000056 0.000045 0.000022 0.000258 0.000303 0.001999 0.001920 0.001763 0.000247 0.001056 0.000820 0.000382 0.000416 0.000157 0.000494 0.000213 0.000213 0.000202 0.000191 0.000449
0.000000 0.000000 0.000000 0.000000 0.000000 0.000000 0.000000 0.000000 0.000000 0.000000 0.000000 0.000000 0.000460 0.000348 0.000708 0.000820 0.000943 0.001258 0.001572 0.002504 0.002920 0.003066 0.000225 0.000112 0.000146 0.000000 0.000000 0.000079 0.000416 0.000427 0.000404 0.001168 0.001067 0.001056 0.001101 0.000371 0.002785 0.002538 0.002437 0.002527 0.000067 0.000067 0.000045 0.000034 0.000067 0.002336 0.000034 0.000225 0.000202 0.001786 0.000191 0.000213 0.001056 0.000752 0.000359 0.000427 0.000449 0.000135 0.000427 0.000460 0.000539 0.000517 0.000528
0.000000 0.000000 0.000000 0.000000 0.000000 0.000000 0.000000 0.000000 0.000000 0.000000 0.000000 0.000348 0.000326 0.000292 0.000550 0.000528 0.000584 0.000764 0.000898 0.001213 0.002100 0.002628 0.000236 0.002898 0.000000 0.000000 0.000000 0.000000 0.002336 0.002516 0.002572 0.000303 0.000348 0.000393 0.002471 0.000292 0.000326 0.000292 0.000337 0.002415 0.002325 0.002347 0.000022 0.000056 0.000056 0.002325 0.000022 0.000281 0.000258 0.000191 0.000247 0.001168 0.001000 0.000146 0.000191 0.000213 0.000168 0.000157 0.000135 0.000090 0.000101 0.000090 0.000416
0.000000 0.000000 0.000000 0.000000 0.000000 0.000000 0.000000 0.000000 0.000000 0.000000 0.000011 0.000314 0.000359 0.000427 0.000438 0.000314 0.000393 0.000449 0.000573 0.000775 0.001965 0.000191 0.002718 0.002707 0.000000 0.000000 0.000000 0.000000 0.000000 0.001730 0.000629 0.002325 0.002358 0.002302 0.002269 0.000314 0.000371 0.000303 0.000371 0.002224 0.000225 0.000449 0.000416 0.000427 0.002212 0.000281 0.000056 0.000056 0.000079 0.000011 0.001864 0.001089 0.000056 0.000034 0.000213 0.000225 0.000157 0.000124 0.000157 0.001179 0.001179 0.001157 0.000112
0.000000 0.000000 0.000000 0.000000 0.000000 0.000000 0.000000 0.000000 0.000022 0.000045 0.000090 0.000168 0.000213 0.000236 0.000247 0.000213 0.000292 0.000359 0.000438 0.000629 0.001876 0.002179 0.002224 0.001898 0.000000 0.000000 0.000000 0.000000 0.000000 0.000359 0.000438 0.000416 0.001718 0.001696 0.001932 0.001954 0.002078 0.002078 0.002123 0.000225 0.000202 0.000168 0.000416 0.000382 0.000359 0.000247 0.000079 0.000067 0.000056 0.000022 0.001831 0.000067 0.000067 0.001527 0.000258 0.000191 0.000135 0.000124 0.000157 0.000124 0.001089 0.001011 0.000943
