FireSTARR/test/output/APK/APK005/2018-07-02_0935/wxshield_196_2018-07-15.asc
ncols         172
nrows         148
xllcorner     447543.378600
yllcorner     5059302.364000
cellsize      100.000000
NODATA_value  0.000000
[rows 112 to 139 of 148, columns 0 to 62 of 172]
0.000000 0.000000 0.000000 0.000000 0.000000 0.000000 0.000000 0.000011 0.000011 0.000022 0.000034 0.000067 0.000112 0.000135 0.000157 0.000191 0.000180 0.000247 0.000337 0.000550 0.000955 0.001157 0.001370 0.001325 0.000000 0.000000 0.000000 0.000000 0.000910 0.001325 0.001640 0.001561 0.001516 0.001235 0.001224 0.001247 0.001415 0.001471 0.001887 0.001999 0.002010 0.002033 0.002066 0.001988 0.001943 0.002415 0.002482 0.002504 0.002482 0.002471 0.001909 0.001617 0.001561 0.001449 0.001348 0.001359 0.001348 0.001101 0.001101 0.001011 0.000977 0.000854 0.000730
0.000000 0.000000 0.000000 0.000000 0.000000 0.000000 0.000000 0.000000 0.000000 0.000000 0.000011 0.000034 0.000079 0.000112 0.000157 0.000157 0.000225 0.000292 0.000348 0.000416 0.000595 0.000775 0.000921 0.000921 0.000000 0.000000 0.000000 0.000000 0.000955 0.001157 0.001146 0.001247 0.001078 0.001078 0.001112 0.001146 0.001078 0.001123 0.001258 0.001449 0.001438 0.001415 0.001415 0.001460 0.001819 0.002168 0.002347 0.002403 0.002381 0.002415 0.001853 0.001505 0.001112 0.001033 0.001168 0.001224 0.001269 0.001224 0.000966 0.001112 0.000876 0.000910 0.000809
0.000000 0.000000 0.000000 0.000000 0.000000 0.000000 0.000000 0.000000 0.000000 0.000000 0.000000 0.000000 0.000011 0.000079 0.000146 0.000168 0.000180 0.000258 0.000416 0.000460 0.000472 0.000562 0.000663 0.000764 0.000000 0.000000 0.000000 0.000000 0.000797 0.000876 0.000910 0.000854 0.000910 0.001033 0.001078 0.001146 0.001190 0.001224 0.001348 0.001426 0.001303 0.001168 0.001179 0.001269 0.001831 0.001988 0.002168 0.002246 0.002314 0.001797 0.001763 0.001325 0.001044 0.001011 0.001044 0.000966 0.000966 0.001123 0.001134 0.001112 0.001089 0.000887 0.000831
0.000000 0.000000 0.000000 0.000000 0.000000 0.000000 0.000000 0.000000 0.000000 0.000000 0.000000 0.000000 0.000011 0.000056 0.000124 0.000157 0.000157 0.000225 0.000416 0.000460 0.000472 0.000505 0.000517 0.000505 0.000000 0.000000 0.000000 0.000000 0.000000 0.000528 0.000618 0.000719 0.000809 0.000887 0.001011 0.001067 0.001123 0.001179 0.001292 0.001348 0.001370 0.001370 0.001449 0.001572 0.001662 0.001887 0.002022 0.002123 0.001628 0.001584 0.001292 0.001056 0.000943 0.000865 0.000887 0.000876 0.000876 0.000854 0.001056 0.001089 0.001078 0.000887 0.000786
0.000000 0.000000 0.000000 0.000000 0.000000 0.000000 0.000000 0.000000 0.000000 0.000000 0.000000 0.000000 0.000000 0.000045 0.000056 0.000090 0.000112 0.000213 0.000404 0.000427 0.000449 0.000517 0.000472 0.000416 0.000000 0.000000 0.000000 0.000000 0.000225 0.000303 0.000348 0.000651 0.000719 0.000786 0.000898 0.000966 0.001056 0.001067 0.000988 0.001067 0.001089 0.001381 0.001471 0.001550 0.001662 0.001730 0.001808 0.001404 0.001336 0.001157 0.001000 0.000887 0.000741 0.000663 0.000629 0.000663 0.000764 0.000809 0.000797 0.000966 0.000809 0.000809 0.000775
0.000000 0.000000 0.000000 0.000000 0.000000 0.000000 0.000000 0.000000 0.000000 0.000000 0.000000 0.000000 0.000000 0.000034 0.000045 0.000067 0.000090 0.000247 0.000281 0.000382 0.000416 0.000416 0.000460 0.000438 0.000416 0.000000 0.000000 0.000146 0.000213 0.000281 0.000337 0.000427 0.000449 0.000505 0.000775 0.000876 0.000977 0.001022 0.000842 0.000809 0.000977 0.001044 0.001089 0.001202 0.001247 0.001269 0.001718 0.001213 0.001134 0.001067 0.000842 0.000719 0.000618 0.000550 0.000483 0.000573 0.000663 0.000730 0.000685 0.000752 0.000854 0.000820 0.000685
0.000000 0.000000 0.000000 0.000000 0.000000 0.000000 0.000000 0.000000 0.000000 0.000000 0.000000 0.000000 0.000000 0.000011 0.000034 0.000079 0.000146 0.000168 0.000258 0.000337 0.000371 0.000382 0.000427 0.000371 0.000348 0.000000 0.000000 0.000202 0.000213 0.000191 0.000326 0.000382 0.000416 0.000460 0.000539 0.000741 0.000797 0.000865 0.000865 0.000730 0.000674 0.000685 0.000752 0.000797 0.000910 0.001258 0.001617 0.001482 0.001179 0.001033 0.000752 0.000663 0.000606 0.000505 0.000460 0.000494 0.000562 0.000618 0.000685 0.000629 0.000685 0.000696 0.000651
0.000000 0.000000 0.000000 0.000000 0.000000 0.000000 0.000000 0.000000 0.000000 0.000000 0.000000 0.000000 0.000000 0.000000 0.000000 0.000079 0.000168 0.000191 0.000225 0.000270 0.000281 0.000314 0.000359 0.000337 0.000270 0.000236 0.000225 0.000202 0.000213 0.000202 0.000292 0.000337 0.000382 0.000359 0.000460 0.000539 0.000685 0.000674 0.000775 0.000764 0.000606 0.000550 0.000573 0.000618 0.000651 0.001179 0.001190 0.001561 0.001190 0.001101 0.000854 0.000764 0.000674 0.000629 0.000539 0.000393 0.000382 0.000505 0.000573 0.000573 0.000460 0.000483 0.000517
0.000000 0.000000 0.000000 0.000000 0.000000 0.000000 0.000000 0.000000 0.000000 0.000000 0.000000 0.000000 0.000000 0.000000 0.000000 0.000067 0.000146 0.000168 0.000180 0.000180 0.000168 0.000202 0.000258 0.000247 0.000225 0.000180 0.000202 0.000168 0.000191 0.000191 0.000180 0.000314 0.000348 0.000337 0.000460 0.000584 0.000629 0.000651 0.000651 0.000651 0.000573 0.000550 0.000528 0.000550 0.000550 0.000741 0.001112 0.001112 0.001336 0.001000 0.000854 0.000854 0.000831 0.000651 0.000573 0.000449 0.000404 0.000382 0.000359 0.000382 0.000000 0.000000 0.000000
0.000000 0.000000 0.000000 0.000000 0.000000 0.000000 0.000000 0.000000 0.000000 0.000000 0.000000 0.000000 0.000000 0.000000 0.000000 0.000056 0.000079 0.000112 0.000135 0.000135 0.000135 0.000146 0.000157 0.000168 0.000168 0.000124 0.000168 0.000157 0.000168 0.000157 0.000168 0.000168 0.000157 0.000270 0.000449 0.000573 0.000449 0.000584 0.000562 0.000562 0.000539 0.000517 0.000505 0.000539 0.000494 0.000550 0.000674 0.000932 0.001157 0.001000 0.000000 0.000809 0.000809 0.000640 0.000573 0.000449 0.000371 0.000326 0.000000 0.000000 0.000000 0.000000 0.000000
0.000000 0.000000 0.000000 0.000000 0.000000 0.000000 0.000000 0.000000 0.000000 0.000000 0.000000 0.000000 0.000000 0.000000 0.000000 0.000011 0.000056 0.000067 0.000112 0.000124 0.000135 0.000124 0.000112 0.000124 0.000112 0.000124 0.000124 0.000124 0.000124 0.000157 0.000124 0.000135 0.000168 0.000258 0.000427 0.000528 0.000517 0.000528 0.000517 0.000505 0.000494 0.000438 0.000460 0.000483 0.000460 0.000449 0.000595 0.000775 0.000842 0.000854 0.000663 0.000000 0.000741 0.000584 0.000517 0.000000 0.000000 0.000000 0.000000 0.000000 0.000000 0.000000 0.000000
0.000000 0.000000 0.000000 0.000000 0.000000 0.000000 0.000000 0.000000 0.000000 0.000000 0.000000 0.000000 0.000000 0.000000 0.000000 0.000000 0.000045 0.000056 0.000067 0.000101 0.000124 0.000112 0.000112 0.000112 0.000124 0.000135 0.000135 0.000135 0.000157 0.000157 0.000112 0.000112 0.000202 0.000281 0.000438 0.000449 0.000494 0.000460 0.000449 0.000483 0.000416 0.000393 0.000359 0.000359 0.000359 0.000416 0.000528 0.000606 0.000629 0.000584 0.000539 0.000539 0.000550 0.000517 0.000517 0.000404 0.000303 0.000247 0.000202 0.000202 0.000000 0.000000 0.000000
0.000000 0.000000 0.000000 0.000000 0.000000 0.000000 0.000000 0.000000 0.000000 0.000000 0.000000 0.000000 0.000000 0.000000 0.000000 0.000000 0.000034 0.000045 0.000045 0.000067 0.000090 0.000124 0.000112 0.000124 0.000112 0.000124 0.000135 0.000135 0.000157 0.000157 0.000168 0.000157 0.000202 0.000292 0.000326 0.000416 0.000438 0.000404 0.000416 0.000449 0.000348 0.000314 0.000258 0.000270 0.000281 0.000337 0.000393 0.000460 0.000438 0.000449 0.000472 0.000494 0.000449 0.000348 0.000438 0.000427 0.000337 0.000292 0.000281 0.000225 0.000000 0.000000 0.000000
0.000000 0.000000 0.000000 0.000000 0.000000 0.000000 0.000000 0.000000 0.000000 0.000000 0.000000 0.000000 0.000000 0.000000 0.000000 0.000000 0.000034 0.000045 0.000045 0.000045 0.000079 0.000090 0.000112 0.000124 0.000112 0.000124 0.000135 0.000135 0.000135 0.000124 0.000146 0.000202 0.000225 0.000236 0.000247 0.000337 0.000371 0.000382 0.000382 0.000314 0.000314 0.000281 0.000247 0.000236 0.000225 0.000281 0.000337 0.000337 0.000359 0.000314 0.000371 0.000416 0.000393 0.000000 0.000000 0.000382 0.000326 0.000314 0.000000 0.000225 0.000000 0.000000 0.000000
0.000000 0.000000 0.000000 0.000000 0.000000 0.000000 0.000000 0.000000 0.000000 0.000000 0.000000 0.000000 0.000000 0.000000 0.000000 0.000000 0.000034 0.000034 0.000045 0.000034 0.000090 0.000067 0.000090 0.000101 0.000090 0.000124 0.000135 0.000135 0.000112 0.000135 0.000146 0.000213 0.000225 0.000213 0.000236 0.000247 0.000314 0.000314 0.000337 0.000326 0.000314 0.000270 0.000247 0.000236 0.000191 0.000180 0.000191 0.000202 0.000281 0.000292 0.000314 0.000326 0.000000 0.000000 0.000000 0.000000 0.000000 0.000000 0.000000 0.000000 0.000000 0.000000 0.000000
0.000000 0.000000 0.000000 0.000000 0.000000 0.000000 0.000000 0.000000 0.000000 0.000000 0.000000 0.000000 0.000000 0.000000 0.000000 0.000000 0.000011 0.000022 0.000022 0.000022 0.000034 0.000045 0.000045 0.000056 0.000067 0.000090 0.000124 0.000124 0.000112 0.000135 0.000180 0.000191 0.000202 0.000157 0.000157 0.000213 0.000270 0.000270 0.000292 0.000314 0.000314 0.000303 0.000258 0.000236 0.000213 0.000135 0.000168 0.000191 0.000270 0.000281 0.000292 0.000303 0.000000 0.000000 0.000000 0.000000 0.000000 0.000000 0.000000 0.000000 0.000000 0.000000 0.000000
0.000000 0.000000 0.000000 0.000000 0.000000 0.000000 0.000000 0.000000 0.000000 0.000000 0.000000 0.000000 0.000000 0.000000 0.000000 0.000000 0.000000 0.000000 0.000000 0.000000 0.000011 0.000022 0.000022 0.000022 0.000045 0.000079 0.000124 0.000124 0.000101 0.000124 0.000124 0.000146 0.000191 0.000146 0.000135 0.000213 0.000225 0.000236 0.000247 0.000247 0.000258 0.000247 0.000247 0.000236 0.000202 0.000146 0.000180 0.000191 0.000191 0.000247 0.000258 0.000258 0.000000 0.000000 0.000000 0.000000 0.000000 0.000000 0.000000 0.000000 0.000000 0.000000 0.000000
0.000000 0.000000 0.000000 0.000000 0.000000 0.000000 0.000000 0.000000 0.000000 0.000000 0.000000 0.000000 0.000000 0.000000 0.000000 0.000000 0.000000 0.000000 0.000000 0.000000 0.000000 0.000011 0.000000 0.000000 0.000045 0.000079 0.000101 0.000112 0.000079 0.000090 0.000112 0.000124 0.000135 0.000146 0.000135 0.000213 0.000213 0.000000 0.000213 0.000191 0.000225 0.000225 0.000225 0.000213 0.000180 0.000146 0.000180 0.000180 0.000157 0.000168 0.000180 0.000000 0.000000 0.000000 0.000000 0.000000 0.000000 0.000000 0.000000 0.000000 0.000000 0.000000 0.000000
0.000000 0.000000 0.000000 0.000000 0.000000 0.000000 0.000000 0.000000 0.000000 0.000000 0.000000 0.000000 0.000000 0.000000 0.000000 0.000000 0.000000 0.000000 0.000000 0.000000 0.000000 0.000000 0.000000 0.000000 0.000022 0.000056 0.000079 0.000101 0.000090 0.000067 0.000079 0.000090 0.000124 0.000112 0.000157 0.000202 0.000191 0.000213 0.000213 0.000191 0.000180 0.000202 0.000202 0.000202 0.000157 0.000135 0.000146 0.000168 0.000146 0.000124 0.000000 0.000000 0.000000 0.000000 0.000000 0.000000 0.000000 0.000000 0.000000 0.000000 0.000000 0.000000 0.000000
0.000000 0.000000 0.000000 0.000000 0.000000 0.000000 0.000000 0.000000 0.000000 0.000000 0.000000 0.000000 0.000000 0.000000 0.000000 0.000000 0.000000 0.000000 0.000000 0.000000 0.000000 0.000000 0.000000 0.000000 0.000000 0.000045 0.000056 0.000056 0.000056 0.000056 0.000045 0.000090 0.000090 0.000101 0.000112 0.000135 0.000180 0.000191 0.000191 0.000202 0.000146 0.000112 0.000124 0.000124 0.000101 0.000090 0.000124 0.000157 0.000146 0.000124 0.000000 0.000000 0.000000 0.000000 0.000000 0.000000 0.000000 0.000000 0.000000 0.000000 0.000000 0.000000 0.000000
0.000000 0.000000 0.000000 0.000000 0.000000 0.000000 0.000000 0.000000 0.000000 0.000000 0.000000 0.000000 0.000000 0.000000 0.000000 0.000000 0.000000 0.000000 0.000000 0.000000 0.000000 0.000000 0.000000 0.000000 0.000000 0.000000 0.000034 0.000034 0.000034 0.000034 0.000022 0.000034 0.000056 0.000067 0.000067 0.000067 0.000079 0.000101 0.000112 0.000124 0.000112 0.000101 0.000090 0.000090 0.000079 0.000079 0.000124 0.000135 0.000124 0.000124 0.000000 0.000000 0.000000 0.000000 0.000000 0.000000 0.000000 0.000000 0.000000 0.000000 0.000000 0.000000 0.000000
0.000000 0.000000 0.000000 0.000000 0.000000 0.000000 0.000000 0.000000 0.000000 0.000000 0.000000 0.000000 0.000000 0.000000 0.000000 0.000000 0.000000 0.000000 0.000000 0.000000 0.000000 0.000000 0.000000 0.000000 0.000000 0.000000 0.000022 0.000022 0.000022 0.000022 0.000022 0.000022 0.000022 0.000045 0.000045 0.000056 0.000067 0.000067 0.000079 0.000079 0.000079 0.000079 0.000079 0.000079 0.000079 0.000079 0.000101 0.000124 0.000101 0.000079 0.000000 0.000000 0.000000 0.000000 0.000000 0.000000 0.000000 0.000000 0.000000 0.000000 0.000000 0.000000 0.000000
0.000000 0.000000 0.000000 0.000000 0.000000 0.000000 0.000000 0.000000 0.000000 0.000000 0.000000 0.000000 0.000000 0.000000 0.000000 0.000000 0.000000 0.000000 0.000000 0.000000 0.000000 0.000000 0.000000 0.000000 0.000000 0.000000 0.000000 0.000000 0.000000 0.000000 0.000000 0.000000 0.000011 0.000011 0.000022 0.000034 0.000045 0.000056 0.000067 0.000067 0.000056 0.000045 0.000067 0.000067 0.000079 0.000079 0.000090 0.000112 0.000090 0.000067 0.000000 0.000000 0.000000 0.000000 0.000000 0.000000 0.000000 0.000000 0.000000 0.000000 0.000000 0.000000 0.000000
0.000000 0.000000 0.000000 0.000000 0.000000 0.000000 0.000000 0.000000 0.000000 0.000000 0.000000 0.000000 0.000000 0.000000 0.000000 0.000000 0.000000 0.000000 0.000000 0.000000 0.000000 0.000000 0.000000 0.000000 0.000000 0.000000 0.000000 0.000000 0.000000 0.000000 0.000000 0.000000 0.000000 0.000000 0.000011 0.000022 0.000022 0.000056 0.000056 0.000067 0.000045 0.000022 0.000067 0.000079 0.000079 0.000079 0.000079 0.000090 0.000090 0.000000 0.000000 0.000000 0.000000 0.000000 0.000000 0.000000 0.000000 0.000000 0.000000 0.000000 0.000000 0.000000 0.000000
0.000000 0.000000 0.000000 0.000000 0.000000 0.000000 0.000000 0.000000 0.000000 0.000000 0.000000 0.000000 0.000000 0.000000 0.000000 0.000000 0.000000 0.000000 0.000000 0.000000 0.000000 0.000000 0.000000 0.000000 0.000000 0.000000 0.000000 0.000000 0.000000 0.000000 0.000000 0.000000 0.000000 0.000000 0.000011 0.000022 0.000022 0.000022 0.000045 0.000067 0.000034 0.000022 0.000067 0.000067 0.000079 0.000079 0.000079 0.000067 0.000067 0.000000 0.000000 0.000000 0.000000 0.000000 0.000000 0.000000 0.000000 0.000000 0.000000 0.000000 0.000000 0.000000 0.000000
0.000000 0.000000 0.000000 0.000000 0.000000 0.000000 0.000000 0.000000 0.000000 0.000000 0.000000 0.000000 0.000000 0.000000 0.000000 0.000000 0.000000 0.000000 0.000000 0.000000 0.000000 0.000000 0.000000 0.000000 0.000000 0.000000 0.000000 0.000000 0.000000 0.000000 0.000000 0.000000 0.000000 0.000000 0.000011 0.000022 0.000022 0.000022 0.000022 0.000022 0.000022 0.000034 0.000067 0.000067 0.000079 0.000067 0.000067 0.000067 0.000056 0.000056 0.000022 0.000000 0.000000 0.000000 0.000000 0.000000 0.000000 0.000000 0.000000 0.000000 0.000000 0.000000 0.000000
0.000000 0.000000 0.000000 0.000000 0.000000 0.000000 0.000000 0.000000 0.000000 0.000000 0.000000 0.000000 0.000000 0.000000 0.000000 0.000000 0.000000 0.000000 0.000000 0.000000 0.000000 0.000000 0.000000 0.000000 0.000000 0.000000 0.000000 0.000000 0.000000 0.000000 0.000000 0.000000 0.000000 0.000000 0.000000 0.000000 0.000000 0.000000 0.000022 0.000022 0.000022 0.000022 0.000067 0.000067 0.000067 0.000056 0.000056 0.000056 0.000056 0.000034 0.000022 0.000000 0.000000 0.000000 0.000000 0.000000 0.000000 0.000000 0.000000 0.000000 0.000000 0.000000 0.000000
0.000000 0.000000 0.000000 0.000000 0.000000 0.000000 0.000000 0.000000 0.000000 0.000000 0.000000 0.000000 0.000000 0.000000 0.000000 0.000000 0.000000 0.000000 0.000000 0.000000 0.000000 0.000000 0.000000 0.000000 0.000000 0.000000 0.000000 0.000000 0.000000 0.000000 0.000000 0.000000 0.000000 0.000000 0.000000 0.000000 0.000000 0.000000 0.000000 0.000022 0.000022 0.000022 0.000067 0.000067 0.000067 0.000056 0.000022 0.000022 0.000022 0.000022 0.000022 0.000011 0.000000 0.000000 0.000000 0.000000 0.000000 0.000000 0.000000 0.000000 0.000000 0.000000 0.000000
