FireSTARR/test/output/APK/APK005/2018-07-02_0935/wxshield_189_2018-07-08.asc
ncols         80
nrows         49
xllcorner     447743.378600
yllcorner     5062002.364000
cellsize      100.000000
NODATA_value  0.000000
[rows 0 to 27 of 49, columns 0 to 62 of 80]
0.000000 0.000000 0.000000 0.000000 0.000000 0.000000 0.000000 0.000000 0.000000 0.000000 0.000000 0.000000 0.000000 0.000000 0.000000 0.000000 0.000000 0.000000 0.000000 0.000000 0.000000 0.000000 0.000000 0.000000 0.000000 0.000000 0.000000 0.000000 0.000000 0.000000 0.000000 0.000000 0.000000 0.000000 0.000000 0.000000 0.000000 0.000000 0.000000 0.000000 0.000124 0.000124 0.000112 0.000000 0.000000 0.000000 0.000000 0.000000 0.000000 0.000000 0.000000 0.000000 0.000000 0.000000 0.000000 0.000000 0.000000 0.000000 0.000000 0.000000 0.000000 0.000000 0.000000
0.000000 0.000000 0.000000 0.000000 0.000000 0.000000 0.000000 0.000000 0.000000 0.000000 0.000000 0.000000 0.000000 0.000000 0.000000 0.000000 0.000000 0.000000 0.000000 0.000000 0.000000 0.000000 0.000000 0.000000 0.000000 0.000000 0.000000 0.000000 0.000000 0.000000 0.000000 0.000000 0.000000 0.000000 0.000000 0.000000 0.000000 0.000000 0.000112 0.000000 0.000124 0.000124 0.000112 0.000112 0.000000 0.000000 0.000000 0.000000 0.000000 0.000000 0.000000 0.000000 0.000000 0.000000 0.000000 0.000000 0.000000 0.000000 0.000000 0.000000 0.000000 0.000000 0.000000
0.000000 0.000000 0.000000 0.000000 0.000000 0.000000 0.000000 0.000000 0.000000 0.000000 0.000000 0.000000 0.000000 0.000000 0.000000 0.000000 0.000000 0.000000 0.000000 0.000000 0.000000 0.000000 0.000000 0.000000 0.000000 0.000000 0.000000 0.000000 0.000000 0.000000 0.000000 0.000000 0.000000 0.000000 0.000000 0.000000 0.000000 0.000112 0.000135 0.000135 0.000135 0.000124 0.000090 0.000090 0.000000 0.000000 0.000000 0.000000 0.000000 0.000000 0.000000 0.000000 0.000000 0.000000 0.000000 0.000000 0.000000 0.000000 0.000000 0.000000 0.000000 0.000000 0.000000
0.000000 0.000000 0.000000 0.000000 0.000000 0.000000 0.000000 0.000000 0.000000 0.000000 0.000000 0.000000 0.000000 0.000000 0.000000 0.000000 0.000000 0.000000 0.000000 0.000011 0.000011 0.000000 0.000000 0.000000 0.000000 0.000000 0.000000 0.000000 0.000000 0.000000 0.000000 0.000000 0.000000 0.000000 0.000000 0.000000 0.000000 0.000135 0.000135 0.000135 0.000135 0.000124 0.000101 0.000000 0.000000 0.000000 0.000000 0.000000 0.000000 0.000000 0.000000 0.000000 0.000000 0.000000 0.000000 0.000000 0.000000 0.000000 0.000000 0.000000 0.000000 0.000000 0.000000
0.000000 0.000000 0.000000 0.000000 0.000000 0.000000 0.000000 0.000000 0.000000 0.000000 0.000000 0.000000 0.000000 0.000000 0.000000 0.000000 0.000011 0.000022 0.000022 0.000022 0.000000 0.000000 0.000000 0.000000 0.000000 0.000000 0.000000 0.000000 0.000000 0.000000 0.000000 0.000000 0.000000 0.000000 0.000000 0.000000 0.000000 0.000146 0.000157 0.000135 0.000135 0.000112 0.000112 0.000000 0.000000 0.000000 0.000000 0.000000 0.000000 0.000000 0.000000 0.000000 0.000000 0.000000 0.000000 0.000000 0.000000 0.000000 0.000000 0.000000 0.000000 0.000000 0.000000
0.000000 0.000000 0.000000 0.000000 0.000000 0.000000 0.000000 0.000000 0.000000 0.000000 0.000000 0.000000 0.000000 0.000000 0.000000 0.000022 0.000022 0.000034 0.000022 0.000090 0.000000 0.000000 0.000000 0.000000 0.000000 0.000000 0.000000 0.000000 0.000000 0.000000 0.000000 0.000000 0.000000 0.000236 0.000213 0.000000 0.000168 0.000157 0.000168 0.000135 0.000135 0.000124 0.000135 0.000000 0.000000 0.000000 0.000000 0.000000 0.000000 0.000000 0.000000 0.000000 0.000000 0.000000 0.000000 0.000000 0.000000 0.000000 0.000000 0.000000 0.000000 0.000000 0.000000
0.000000 0.000000 0.000000 0.000000 0.000000 0.000000 0.000000 0.000000 0.000000 0.000000 0.000000 0.000000 0.000000 0.000000 0.000022 0.000034 0.000112 0.000112 0.000090 0.000135 0.000000 0.000000 0.000000 0.000000 0.000000 0.000000 0.000000 0.000000 0.000000 0.000000 0.000000 0.000000 0.000303 0.000270 0.000236 0.000225 0.000180 0.000000 0.000124 0.000124 0.000146 0.000157 0.000157 0.000000 0.000000 0.000000 0.000000 0.000000 0.000000 0.000000 0.000000 0.000000 0.000000 0.000000 0.000000 0.000000 0.000000 0.000000 0.000000 0.000000 0.000000 0.000000 0.000000
0.000000 0.000000 0.000000 0.000000 0.000000 0.000000 0.000000 0.000000 0.000000 0.000000 0.000000 0.000000 0.000000 0.000000 0.000022 0.000045 0.000168 0.000202 0.000258 0.000303 0.000438 0.000000 0.000000 0.000000 0.000000 0.000000 0.000000 0.000000 0.000000 0.000000 0.000348 0.000314 0.000303 0.000247 0.000236 0.000202 0.000112 0.000000 0.000157 0.000157 0.000191 0.000180 0.000168 0.000000 0.000000 0.000000 0.000000 0.000000 0.000000 0.000000 0.000000 0.000000 0.000000 0.000000 0.000000 0.000000 0.000000 0.000000 0.000000 0.000011 0.000011 0.000000 0.000000
0.000000 0.000000 0.000000 0.000000 0.000000 0.000000 0.000000 0.000000 0.000000 0.000000 0.000000 0.000000 0.000000 0.000000 0.000022 0.000079 0.000202 0.000337 0.000483 0.000483 0.000505 0.000000 0.000000 0.000000 0.000000 0.000000 0.000000 0.000000 0.000000 0.000393 0.000348 0.000314 0.000303 0.000258 0.000258 0.000213 0.000168 0.000180 0.000213 0.000225 0.000225 0.000157 0.000000 0.000000 0.000000 0.000000 0.000000 0.000000 0.000000 0.000000 0.000000 0.000000 0.000000 0.000000 0.000000 0.000000 0.000022 0.000011 0.000011 0.000011 0.000011 0.000000 0.000000
0.000000 0.000000 0.000000 0.000000 0.000000 0.000000 0.000000 0.000000 0.000000 0.000000 0.000000 0.000000 0.000000 0.000000 0.000022 0.000202 0.000270 0.000449 0.000550 0.000640 0.000663 0.000708 0.000000 0.000000 0.000000 0.000000 0.000000 0.000550 0.000460 0.000416 0.000337 0.000303 0.000270 0.000281 0.000270 0.000213 0.000213 0.000236 0.000281 0.000247 0.000247 0.000000 0.000000 0.000000 0.000000 0.000000 0.000000 0.000000 0.000000 0.000000 0.000000 0.000000 0.000000 0.000000 0.000000 0.000034 0.000034 0.000011 0.000011 0.000011 0.000011 0.000000 0.000000
0.000000 0.000000 0.000000 0.000000 0.000000 0.000000 0.000000 0.000000 0.000000 0.000000 0.000000 0.000000 0.000000 0.000022 0.000079 0.000191 0.000382 0.000494 0.000573 0.000708 0.000820 0.000820 0.000663 0.000505 0.000730 0.000865 0.000898 0.000752 0.000393 0.000292 0.000270 0.000337 0.000303 0.000270 0.000236 0.000225 0.000247 0.000292 0.000281 0.000281 0.000270 0.000258 0.000000 0.000000 0.000000 0.000000 0.000000 0.000000 0.000270 0.000258 0.000000 0.000000 0.000000 0.000000 0.000045 0.000045 0.000034 0.000011 0.000011 0.000011 0.000000 0.000000 0.000000
0.000000 0.000000 0.000000 0.000000 0.000000 0.000000 0.000000 0.000000 0.000000 0.000000 0.000000 0.000000 0.000000 0.000056 0.000135 0.000281 0.000460 0.000663 0.000854 0.000730 0.000921 0.000988 0.000977 0.001134 0.001404 0.001494 0.001460 0.000887 0.000404 0.000292 0.000247 0.000281 0.000270 0.000247 0.000202 0.000236 0.000314 0.000303 0.000303 0.000292 0.000270 0.000270 0.000000 0.000000 0.000348 0.000337 0.000303 0.000292 0.000303 0.000303 0.000292 0.000000 0.000000 0.000056 0.000045 0.000045 0.000034 0.000022 0.000022 0.000022 0.000022 0.000022 0.000011
0.000000 0.000000 0.000000 0.000000 0.000000 0.000000 0.000000 0.000000 0.000000 0.000000 0.000011 0.000034 0.000034 0.000079 0.000157 0.000326 0.000674 0.000764 0.000932 0.001056 0.000809 0.000898 0.001247 0.001628 0.002010 0.001977 0.001482 0.000876 0.000618 0.000416 0.000416 0.000393 0.000371 0.000371 0.000292 0.000270 0.000326 0.000326 0.000314 0.000213 0.000225 0.000258 0.000337 0.000382 0.000382 0.000382 0.000359 0.000326 0.000314 0.000303 0.000000 0.000000 0.000112 0.000079 0.000056 0.000056 0.000034 0.000034 0.000022 0.000022 0.000022 0.000022 0.000022
0.000000 0.000000 0.000000 0.000000 0.000000 0.000000 0.000000 0.000000 0.000000 0.000000 0.000011 0.000034 0.000034 0.000079 0.000191 0.000427 0.000696 0.000943 0.001078 0.001168 0.001202 0.001651 0.001651 0.002123 0.002134 0.001965 0.001449 0.001179 0.000898 0.000854 0.000786 0.000797 0.000764 0.000629 0.000685 0.000663 0.000663 0.000382 0.000247 0.000236 0.000281 0.000460 0.000494 0.000472 0.000427 0.000416 0.000371 0.000359 0.000337 0.000000 0.000213 0.000168 0.000146 0.000079 0.000056 0.000056 0.000034 0.000034 0.000022 0.000011 0.000022 0.000022 0.000022
0.000000 0.000000 0.000000 0.000000 0.000000 0.000000 0.000000 0.000000 0.000000 0.000000 0.000011 0.000034 0.000034 0.000079 0.000292 0.000584 0.000820 0.001123 0.001157 0.001325 0.001741 0.002448 0.001965 0.002426 0.002201 0.001819 0.001662 0.001247 0.001224 0.001157 0.000921 0.001056 0.000910 0.000910 0.001089 0.001101 0.000708 0.000438 0.000213 0.000337 0.000595 0.000618 0.000595 0.000550 0.000449 0.000449 0.000416 0.000371 0.000000 0.000247 0.000202 0.000157 0.000112 0.000067 0.000056 0.000045 0.000022 0.000022 0.000022 0.000022 0.000022 0.000022 0.000011
0.000000 0.000000 0.000000 0.000000 0.000000 0.000000 0.000000 0.000000 0.000000 0.000011 0.000034 0.000034 0.000034 0.000079 0.000314 0.000921 0.001112 0.001247 0.001381 0.001763 0.001988 0.002729 0.002617 0.002538 0.002022 0.001617 0.001471 0.001381 0.001292 0.001190 0.001112 0.001157 0.001314 0.001123 0.001202 0.000898 0.000752 0.000629 0.000573 0.000573 0.000730 0.000708 0.000629 0.000550 0.000460 0.000438 0.000371 0.000000 0.000258 0.000213 0.000202 0.000135 0.000101 0.000101 0.000056 0.000034 0.000034 0.000022 0.000022 0.000022 0.000022 0.000022 0.000022
0.000000 0.000000 0.000000 0.000000 0.000000 0.000000 0.000000 0.000000 0.000000 0.000022 0.000112 0.000124 0.000034 0.000045 0.000887 0.001471 0.001572 0.001718 0.001842 0.002493 0.002718 0.002875 0.002370 0.002100 0.001673 0.001247 0.001280 0.001292 0.001292 0.001168 0.001112 0.001078 0.001336 0.001280 0.001112 0.001044 0.000932 0.000854 0.000898 0.000865 0.000831 0.000741 0.000651 0.000528 0.000494 0.000416 0.000371 0.000000 0.000225 0.000225 0.000168 0.000135 0.000101 0.000101 0.000067 0.000034 0.000034 0.000034 0.000022 0.000022 0.000022 0.000022 0.000022
0.000000 0.000000 0.000000 0.000000 0.000000 0.000000 0.000000 0.000000 0.000000 0.000101 0.000371 0.000000 0.000000 0.000056 0.001235 0.001932 0.002022 0.002212 0.002471 0.002740 0.002987 0.003010 0.002572 0.002257 0.002044 0.002010 0.001651 0.001325 0.001235 0.001449 0.001404 0.001336 0.001303 0.001247 0.001123 0.001056 0.000955 0.000932 0.000898 0.000865 0.000797 0.000640 0.000562 0.000517 0.000472 0.000404 0.000348 0.000000 0.000236 0.000225 0.000168 0.000135 0.000101 0.000067 0.000056 0.000034 0.000034 0.000034 0.000022 0.000022 0.000022 0.000022 0.000022
0.000000 0.000000 0.000000 0.000000 0.000000 0.000045 0.000045 0.000000 0.000000 0.000337 0.001190 0.001954 0.000000 0.000000 0.001842 0.002089 0.002089 0.002392 0.002763 0.002999 0.003369 0.003246 0.003145 0.003088 0.003055 0.002415 0.001718 0.001381 0.001516 0.001471 0.001393 0.001123 0.001213 0.001157 0.001101 0.001089 0.000966 0.000921 0.000786 0.000719 0.000539 0.000472 0.000427 0.000371 0.000348 0.000326 0.000247 0.000258 0.000225 0.000180 0.000135 0.000079 0.000056 0.000034 0.000034 0.000022 0.000034 0.000022 0.000022 0.000022 0.000022 0.000022 0.000022
0.000011 0.000011 0.000000 0.000000 0.000011 0.000045 0.000045 0.000000 0.000000 0.000842 0.001819 0.002796 0.003628 0.000000 0.002752 0.001999 0.002684 0.003437 0.003695 0.003819 0.003830 0.004223 0.003493 0.004245 0.003201 0.002392 0.001808 0.001730 0.001628 0.001516 0.001348 0.001235 0.000955 0.000876 0.000955 0.000932 0.000865 0.000685 0.000539 0.000483 0.000348 0.000213 0.000225 0.000213 0.000213 0.000225 0.000202 0.000157 0.000124 0.000101 0.000067 0.000045 0.000034 0.000034 0.000034 0.000022 0.000011 0.000011 0.000022 0.000022 0.000022 0.000011 0.000011
0.000000 0.000011 0.000011 0.000000 0.000045 0.000056 0.000067 0.000000 0.000314 0.001584 0.002987 0.003628 0.005368 0.004942 0.000000 0.002729 0.003807 0.004111 0.004560 0.004784 0.004167 0.004549 0.004425 0.004335 0.003190 0.002381 0.001954 0.001774 0.001595 0.001247 0.001078 0.000898 0.000820 0.000584 0.000618 0.000606 0.000483 0.000404 0.000258 0.000213 0.000146 0.000079 0.000101 0.000112 0.000112 0.000146 0.000124 0.000124 0.000090 0.000090 0.000034 0.000034 0.000034 0.000022 0.000022 0.000011 0.000000 0.000000 0.000000 0.000011 0.000011 0.000000 0.000000
0.000000 0.000011 0.000011 0.000000 0.000000 0.000056 0.000090 0.000067 0.000460 0.002156 0.004650 0.005088 0.006233 0.006660 0.000000 0.005323 0.005121 0.004571 0.004818 0.004818 0.004751 0.004672 0.004380 0.004032 0.002976 0.002314 0.002022 0.001449 0.001269 0.001134 0.000988 0.000764 0.000584 0.000494 0.000416 0.000359 0.000303 0.000236 0.000157 0.000112 0.000101 0.000034 0.000022 0.000022 0.000056 0.000067 0.000090 0.000090 0.000067 0.000034 0.000034 0.000034 0.000011 0.000011 0.000000 0.000000 0.000000 0.000000 0.000000 0.000000 0.000000 0.000000 0.000000
0.000000 0.000000 0.000000 0.000011 0.000045 0.000090 0.000180 0.000180 0.001056 0.003055 0.005851 0.006929 0.006424 0.007457 0.006435 0.006469 0.005829 0.005110 0.004874 0.004481 0.004481 0.004290 0.000000 0.002729 0.002201 0.001864 0.001696 0.001280 0.000898 0.000764 0.000663 0.000640 0.000573 0.000494 0.000427 0.000303 0.000213 0.000146 0.000090 0.000101 0.000112 0.000034 0.000011 0.000000 0.000056 0.000056 0.000056 0.000056 0.000056 0.000045 0.000034 0.000034 0.000022 0.000011 0.000000 0.000000 0.000000 0.000000 0.000000 0.000000 0.000011 0.000011 0.000000
0.000000 0.000000 0.000000 0.000000 0.000000 0.000112 0.000382 0.000584 0.001348 0.005447 0.007727 0.007918 0.008468 0.007536 0.007008 0.007210 0.006525 0.005952 0.005144 0.004638 0.004346 0.004066 0.002864 0.001920 0.001864 0.001685 0.001269 0.001067 0.000898 0.000752 0.000517 0.000393 0.000393 0.000416 0.000382 0.000337 0.000270 0.000191 0.000146 0.000135 0.000124 0.000112 0.000022 0.000022 0.000056 0.000067 0.000067 0.000056 0.000045 0.000034 0.000034 0.000034 0.000022 0.000011 0.000000 0.000000 0.000000 0.000000 0.000000 0.000022 0.000034 0.000034 0.000034
0.000000 0.000000 0.000000 0.000000 0.000000 0.000000 0.000663 0.000000 0.000000 0.009591 0.009805 0.009692 0.009198 0.008491 0.007592 0.007446 0.007289 0.005840 0.004739 0.003223 0.003235 0.003032 0.002370 0.001539 0.001258 0.001123 0.000831 0.000674 0.000584 0.000528 0.000371 0.000348 0.000359 0.000348 0.000337 0.000314 0.000225 0.000225 0.000180 0.000157 0.000135 0.000124 0.000034 0.000045 0.000079 0.000079 0.000079 0.000056 0.000045 0.000034 0.000034 0.000034 0.000034 0.000022 0.000000 0.000011 0.000034 0.000034 0.000034 0.000034 0.000034 0.000034 0.000034
0.000000 0.000000 0.000000 0.000000 0.000000 0.000000 0.002920 0.006918 0.000000 0.010568 0.010872 0.010984 0.010669 0.008210 0.007401 0.007087 0.005705 0.005020 0.002954 0.001898 0.001786 0.002168 0.001606 0.001123 0.000730 0.000696 0.000674 0.000595 0.000517 0.000438 0.000404 0.000393 0.000359 0.000326 0.000303 0.000281 0.000236 0.000213 0.000168 0.000157 0.000112 0.000090 0.000056 0.000056 0.000090 0.000101 0.000101 0.000101 0.000045 0.000034 0.000034 0.000034 0.000034 0.000034 0.000011 0.000022 0.000034 0.000034 0.000034 0.000034 0.000034 0.000034 0.000034
0.000000 0.000000 0.000000 0.000000 0.000000 0.000000 0.007648 0.009243 0.011691 0.011040 0.009243 0.008322 0.006885 0.006716 0.006458 0.005031 0.004403 0.002662 0.001572 0.001179 0.001146 0.001662 0.001168 0.000865 0.000685 0.000573 0.000752 0.000505 0.000528 0.000494 0.000359 0.000348 0.000326 0.000270 0.000258 0.000247 0.000213 0.000191 0.000146 0.000135 0.000101 0.000101 0.000079 0.000067 0.000079 0.000124 0.000112 0.000101 0.000056 0.000034 0.000034 0.000034 0.000034 0.000034 0.000034 0.000034 0.000034 0.000034 0.000034 0.000034 0.000034 0.000034 0.000034
0.000000 0.000000 0.000000 0.000000 0.000000 0.000000 0.029627 0.038612 0.012376 0.008771 0.006211 0.005189 0.005200 0.004964 0.004796 0.003762 0.002358 0.001572 0.001123 0.001550 0.001550 0.001494 0.000000 0.001067 0.000977 0.000842 0.000752 0.000730 0.000719 0.000472 0.000314 0.000337 0.000281 0.000146 0.000112 0.000112 0.000124 0.000000 0.000000 0.000101 0.000124 0.000112 0.000101 0.000101 0.000112 0.000124 0.000112 0.000101 0.000079 0.000034 0.000045 0.000034 0.000034 0.000034 0.000034 0.000034 0.000034 0.000034 0.000034 0.000034 0.000034 0.000034 0.000034
