FireSTARR/test/output/APK/APK005/2018-07-02_0935/wxshield_196_2018-07-15.asc
ncols         172
nrows         148
xllcorner     447543.378600
yllcorner     5059302.364000
cellsize      100.000000
NODATA_value  0.000000
[rows 112 to 139 of 148, columns 63 to 125 of 172]
0.000752 0.000741 0.000674 0.000606 0.000584 0.000584 0.000618 0.000606 0.000606 0.000595 0.000595 0.000000 0.000000 0.000000 0.000000 0.000000 0.000449 0.000000 0.000000 0.000404 0.000337 0.000314 0.000292 0.000303 0.000326 0.000326 0.000303 0.000292 0.000270 0.000225 0.000225 0.000213 0.000213 0.000202 0.000180 0.000168 0.000168 0.000168 0.000157 0.000168 0.000180 0.000180 0.000180 0.000168 0.000180 0.000180 0.000180 0.000191 0.000168 0.000168 0.000146 0.000135 0.000135 0.000135 0.000135 0.000135 0.000135 0.000146 0.000146 0.000146 0.000146 0.000146 0.000135
0.000674 0.000562 0.000494 0.000449 0.000438 0.000494 0.000505 0.000517 0.000494 0.000573 0.000000 0.000000 0.000202 0.000202 0.000000 0.000000 0.000000 0.000000 0.000000 0.000000 0.000303 0.000281 0.000303 0.000326 0.000314 0.000292 0.000281 0.000258 0.000225 0.000225 0.000180 0.000202 0.000202 0.000202 0.000180 0.000191 0.000168 0.000168 0.000168 0.000168 0.000168 0.000180 0.000180 0.000168 0.000168 0.000168 0.000168 0.000168 0.000168 0.000168 0.000135 0.000135 0.000135 0.000135 0.000135 0.000135 0.000135 0.000146 0.000135 0.000146 0.000146 0.000146 0.000135
0.000775 0.000708 0.000494 0.000438 0.000438 0.000404 0.000427 0.000427 0.000427 0.000505 0.000000 0.000225 0.000213 0.000202 0.000157 0.000000 0.000000 0.000000 0.000000 0.000000 0.000000 0.000000 0.000281 0.000314 0.000270 0.000270 0.000258 0.000236 0.000225 0.000168 0.000168 0.000180 0.000180 0.000191 0.000191 0.000191 0.000191 0.000168 0.000168 0.000180 0.000168 0.000157 0.000157 0.000157 0.000157 0.000157 0.000157 0.000157 0.000157 0.000146 0.000135 0.000124 0.000124 0.000124 0.000135 0.000135 0.000135 0.000135 0.000135 0.000146 0.000146 0.000124 0.000124
0.000719 0.000629 0.000528 0.000472 0.000427 0.000348 0.000393 0.000348 0.000416 0.000449 0.000000 0.000225 0.000225 0.000202 0.000157 0.000135 0.000112 0.000101 0.000101 0.000101 0.000000 0.000000 0.000292 0.000258 0.000247 0.000202 0.000191 0.000157 0.000157 0.000157 0.000168 0.000180 0.000180 0.000168 0.000180 0.000180 0.000191 0.000168 0.000180 0.000180 0.000168 0.000146 0.000135 0.000157 0.000157 0.000157 0.000135 0.000135 0.000135 0.000135 0.000135 0.000124 0.000101 0.000124 0.000135 0.000135 0.000135 0.000135 0.000135 0.000135 0.000135 0.000135 0.000135
0.000674 0.000595 0.000517 0.000460 0.000416 0.000371 0.000326 0.000371 0.000359 0.000000 0.000314 0.000247 0.000247 0.000225 0.000180 0.000135 0.000101 0.000101 0.000101 0.000146 0.000000 0.000213 0.000225 0.000225 0.000168 0.000146 0.000124 0.000124 0.000112 0.000124 0.000124 0.000168 0.000168 0.000180 0.000168 0.000180 0.000180 0.000180 0.000180 0.000168 0.000168 0.000135 0.000124 0.000124 0.000135 0.000135 0.000135 0.000135 0.000135 0.000135 0.000124 0.000124 0.000101 0.000112 0.000135 0.000135 0.000135 0.000135 0.000135 0.000135 0.000135 0.000135 0.000124
0.000606 0.000528 0.000449 0.000404 0.000382 0.000337 0.000314 0.000337 0.000314 0.000000 0.000191 0.000202 0.000202 0.000202 0.000168 0.000124 0.000101 0.000090 0.000124 0.000146 0.000157 0.000191 0.000191 0.000146 0.000146 0.000135 0.000124 0.000124 0.000112 0.000112 0.000112 0.000146 0.000157 0.000157 0.000157 0.000157 0.000180 0.000168 0.000168 0.000157 0.000135 0.000135 0.000124 0.000124 0.000112 0.000112 0.000124 0.000124 0.000124 0.000112 0.000090 0.000090 0.000112 0.000124 0.000135 0.000135 0.000135 0.000135 0.000135 0.000135 0.000135 0.000135 0.000135
0.000550 0.000528 0.000416 0.000337 0.000326 0.000314 0.000270 0.000000 0.000000 0.000000 0.000000 0.000101 0.000124 0.000157 0.000157 0.000112 0.000090 0.000090 0.000135 0.000146 0.000146 0.000157 0.000157 0.000135 0.000135 0.000124 0.000124 0.000112 0.000112 0.000101 0.000101 0.000112 0.000124 0.000146 0.000135 0.000157 0.000168 0.000157 0.000157 0.000157 0.000135 0.000135 0.000135 0.000135 0.000135 0.000112 0.000112 0.000101 0.000090 0.000090 0.000090 0.000090 0.000101 0.000112 0.000124 0.000135 0.000135 0.000135 0.000135 0.000135 0.000135 0.000135 0.000135
0.000517 0.000505 0.000404 0.000303 0.000000 0.000000 0.000000 0.000000 0.000000 0.000000 0.000000 0.000045 0.000067 0.000090 0.000090 0.000090 0.000090 0.000090 0.000135 0.000146 0.000146 0.000146 0.000135 0.000135 0.000124 0.000112 0.000112 0.000112 0.000101 0.000067 0.000090 0.000112 0.000112 0.000112 0.000112 0.000157 0.000157 0.000157 0.000124 0.000135 0.000135 0.000135 0.000135 0.000135 0.000124 0.000112 0.000112 0.000112 0.000090 0.000079 0.000079 0.000079 0.000101 0.000112 0.000112 0.000112 0.000135 0.000135 0.000135 0.000135 0.000135 0.000135 0.000135
0.000371 0.000382 0.000382 0.000292 0.000000 0.000000 0.000000 0.000000 0.000000 0.000000 0.000000 0.000000 0.000000 0.000000 0.000090 0.000090 0.000090 0.000090 0.000135 0.000146 0.000135 0.000112 0.000101 0.000101 0.000101 0.000079 0.000079 0.000067 0.000067 0.000056 0.000067 0.000079 0.000090 0.000101 0.000101 0.000112 0.000112 0.000112 0.000112 0.000135 0.000135 0.000135 0.000135 0.000135 0.000124 0.000124 0.000124 0.000101 0.000090 0.000067 0.000056 0.000067 0.000090 0.000101 0.000112 0.000112 0.000124 0.000124 0.000124 0.000135 0.000135 0.000135 0.000135
0.000000 0.000000 0.000270 0.000247 0.000213 0.000000 0.000000 0.000000 0.000000 0.000000 0.000000 0.000000 0.000000 0.000000 0.000000 0.000090 0.000090 0.000090 0.000124 0.000135 0.000124 0.000101 0.000079 0.000079 0.000079 0.000079 0.000067 0.000045 0.000056 0.000056 0.000056 0.000056 0.000067 0.000067 0.000079 0.000090 0.000101 0.000101 0.000112 0.000112 0.000112 0.000112 0.000124 0.000124 0.000124 0.000124 0.000112 0.000101 0.000090 0.000067 0.000056 0.000056 0.000079 0.000056 0.000056 0.000112 0.000112 0.000124 0.000124 0.000124 0.000124 0.000124 0.000124
0.000000 0.000000 0.000135 0.000000 0.000000 0.000000 0.000000 0.000000 0.000000 0.000000 0.000000 0.000000 0.000000 0.000000 0.000000 0.000000 0.000000 0.000090 0.000112 0.000112 0.000112 0.000090 0.000079 0.000067 0.000067 0.000079 0.000067 0.000067 0.000045 0.000045 0.000045 0.000045 0.000045 0.000045 0.000056 0.000079 0.000067 0.000079 0.000090 0.000101 0.000101 0.000112 0.000112 0.000112 0.000124 0.000124 0.000112 0.000101 0.000079 0.000056 0.000067 0.000056 0.000067 0.000056 0.000056 0.000112 0.000112 0.000112 0.000124 0.000124 0.000124 0.000124 0.000124
0.000000 0.000000 0.000000 0.000000 0.000000 0.000000 0.000000 0.000000 0.000000 0.000000 0.000000 0.000000 0.000000 0.000000 0.000000 0.000000 0.000000 0.000000 0.000112 0.000112 0.000112 0.000090 0.000090 0.000079 0.000067 0.000079 0.000067 0.000056 0.000034 0.000045 0.000045 0.000034 0.000034 0.000045 0.000045 0.000045 0.000045 0.000045 0.000079 0.000090 0.000090 0.000079 0.000090 0.000101 0.000124 0.000112 0.000112 0.000101 0.000090 0.000090 0.000056 0.000045 0.000056 0.000045 0.000056 0.000112 0.000112 0.000112 0.000124 0.000124 0.000124 0.000124 0.000124
0.000000 0.000000 0.000000 0.000000 0.000000 0.000000 0.000000 0.000000 0.000000 0.000000 0.000000 0.000000 0.000000 0.000000 0.000000 0.000000 0.000000 0.000022 0.000056 0.000067 0.000090 0.000090 0.000090 0.000090 0.000079 0.000067 0.000067 0.000056 0.000034 0.000034 0.000034 0.000022 0.000034 0.000034 0.000034 0.000034 0.000034 0.000034 0.000056 0.000079 0.000079 0.000079 0.000079 0.000101 0.000112 0.000112 0.000090 0.000090 0.000090 0.000090 0.000056 0.000045 0.000045 0.000034 0.000056 0.000079 0.000112 0.000112 0.000124 0.000124 0.000124 0.000124 0.000124
0.000000 0.000000 0.000000 0.000000 0.000000 0.000000 0.000000 0.000000 0.000000 0.000000 0.000000 0.000000 0.000000 0.000000 0.000000 0.000000 0.000011 0.000022 0.000022 0.000045 0.000045 0.000056 0.000056 0.000079 0.000079 0.000056 0.000056 0.000056 0.000045 0.000034 0.000022 0.000022 0.000022 0.000022 0.000034 0.000034 0.000034 0.000034 0.000056 0.000056 0.000034 0.000067 0.000090 0.000101 0.000090 0.000079 0.000090 0.000079 0.000067 0.000056 0.000045 0.000045 0.000045 0.000034 0.000022 0.000067 0.000000 0.000000 0.000000 0.000124 0.000124 0.000124 0.000124
0.000000 0.000000 0.000000 0.000000 0.000000 0.000000 0.000000 0.000000 0.000000 0.000000 0.000000 0.000000 0.000000 0.000000 0.000000 0.000000 0.000011 0.000022 0.000034 0.000034 0.000034 0.000034 0.000056 0.000079 0.000056 0.000056 0.000056 0.000045 0.000045 0.000034 0.000000 0.000000 0.000000 0.000022 0.000022 0.000022 0.000022 0.000034 0.000045 0.000056 0.000045 0.000067 0.000090 0.000090 0.000090 0.000079 0.000056 0.000056 0.000045 0.000045 0.000045 0.000045 0.000045 0.000034 0.000034 0.000067 0.000067 0.000000 0.000112 0.000124 0.000124 0.000124 0.000124
0.000000 0.000000 0.000000 0.000000 0.000000 0.000000 0.000000 0.000000 0.000000 0.000000 0.000000 0.000000 0.000000 0.000000 0.000000 0.000011 0.000011 0.000022 0.000034 0.000034 0.000034 0.000022 0.000056 0.000079 0.000079 0.000067 0.000067 0.000067 0.000045 0.000000 0.000000 0.000000 0.000000 0.000022 0.000022 0.000022 0.000022 0.000034 0.000034 0.000045 0.000045 0.000056 0.000090 0.000067 0.000067 0.000045 0.000034 0.000045 0.000045 0.000034 0.000045 0.000045 0.000045 0.000034 0.000011 0.000056 0.000079 0.000079 0.000112 0.000124 0.000124 0.000124 0.000124
0.000000 0.000000 0.000000 0.000000 0.000000 0.000000 0.000000 0.000000 0.000000 0.000000 0.000000 0.000000 0.000000 0.000000 0.000000 0.000011 0.000011 0.000022 0.000022 0.000034 0.000022 0.000022 0.000034 0.000056 0.000067 0.000067 0.000067 0.000067 0.000067 0.000000 0.000000 0.000000 0.000000 0.000022 0.000022 0.000022 0.000022 0.000034 0.000034 0.000045 0.000045 0.000045 0.000056 0.000045 0.000034 0.000034 0.000034 0.000034 0.000034 0.000034 0.000022 0.000034 0.000045 0.000045 0.000022 0.000045 0.000079 0.000090 0.000090 0.000112 0.000124 0.000124 0.000124
0.000000 0.000000 0.000000 0.000000 0.000000 0.000000 0.000000 0.000000 0.000000 0.000000 0.000000 0.000000 0.000000 0.000000 0.000000 0.000011 0.000022 0.000022 0.000022 0.000022 0.000022 0.000022 0.000022 0.000045 0.000056 0.000056 0.000056 0.000067 0.000056 0.000000 0.000000 0.000000 0.000022 0.000022 0.000022 0.000022 0.000022 0.000034 0.000034 0.000045 0.000045 0.000034 0.000034 0.000034 0.000034 0.000034 0.000034 0.000034 0.000034 0.000022 0.000000 0.000011 0.000022 0.000034 0.000067 0.000056 0.000079 0.000090 0.000090 0.000090 0.000090 0.000090 0.000090
0.000000 0.000000 0.000000 0.000000 0.000000 0.000000 0.000000 0.000000 0.000000 0.000000 0.000000 0.000000 0.000000 0.000000 0.000000 0.000011 0.000022 0.000022 0.000022 0.000022 0.000022 0.000022 0.000022 0.000022 0.000022 0.000034 0.000045 0.000056 0.000067 0.000067 0.000000 0.000000 0.000022 0.000022 0.000022 0.000011 0.000022 0.000034 0.000034 0.000034 0.000034 0.000034 0.000034 0.000034 0.000022 0.000011 0.000011 0.000022 0.000011 0.000011 0.000000 0.000011 0.000011 0.000034 0.000067 0.000067 0.000090 0.000090 0.000090 0.000090 0.000090 0.000079 0.000079
0.000000 0.000000 0.000000 0.000000 0.000000 0.000000 0.000000 0.000000 0.000000 0.000000 0.000000 0.000000 0.000000 0.000000 0.000000 0.000011 0.000022 0.000022 0.000022 0.000022 0.000022 0.000022 0.000022 0.000022 0.000022 0.000022 0.000022 0.000045 0.000056 0.000045 0.000000 0.000000 0.000022 0.000022 0.000000 0.000011 0.000022 0.000034 0.000034 0.000034 0.000034 0.000034 0.000034 0.000034 0.000000 0.000000 0.000000 0.000011 0.000011 0.000000 0.000000 0.000000 0.000011 0.000022 0.000034 0.000067 0.000067 0.000079 0.000079 0.000090 0.000090 0.000090 0.000090
0.000000 0.000000 0.000000 0.000000 0.000000 0.000000 0.000000 0.000000 0.000000 0.000000 0.000000 0.000000 0.000000 0.000000 0.000000 0.000000 0.000011 0.000011 0.000000 0.000022 0.000022 0.000022 0.000022 0.000022 0.000022 0.000022 0.000022 0.000034 0.000034 0.000034 0.000022 0.000022 0.000022 0.000022 0.000011 0.000011 0.000011 0.000034 0.000034 0.000034 0.000034 0.000022 0.000022 0.000022 0.000000 0.000000 0.000000 0.000000 0.000000 0.000000 0.000000 0.000000 0.000000 0.000011 0.000011 0.000011 0.000056 0.000067 0.000067 0.000079 0.000090 0.000079 0.000090
0.000000 0.000000 0.000000 0.000000 0.000000 0.000000 0.000000 0.000000 0.000000 0.000000 0.000000 0.000000 0.000000 0.000000 0.000000 0.000000 0.000000 0.000000 0.000000 0.000011 0.000022 0.000022 0.000022 0.000022 0.000022 0.000022 0.000022 0.000022 0.000022 0.000022 0.000022 0.000022 0.000022 0.000022 0.000011 0.000011 0.000011 0.000011 0.000011 0.000022 0.000022 0.000022 0.000022 0.000022 0.000000 0.000000 0.000000 0.000000 0.000000 0.000000 0.000000 0.000000 0.000000 0.000000 0.000000 0.000000 0.000022 0.000022 0.000022 0.000045 0.000056 0.000067 0.000079
0.000000 0.000000 0.000000 0.000000 0.000000 0.000000 0.000000 0.000000 0.000000 0.000000 0.000000 0.000000 0.000000 0.000000 0.000000 0.000000 0.000000 0.000000 0.000000 0.000000 0.000022 0.000022 0.000022 0.000022 0.000022 0.000022 0.000022 0.000022 0.000022 0.000022 0.000022 0.000022 0.000022 0.000022 0.000011 0.000000 0.000011 0.000011 0.000011 0.000011 0.000011 0.000011 0.000011 0.000011 0.000000 0.000000 0.000000 0.000000 0.000000 0.000000 0.000000 0.000000 0.000000 0.000000 0.000000 0.000011 0.000022 0.000022 0.000034 0.000034 0.000034 0.000056 0.000067
0.000000 0.000000 0.000000 0.000000 0.000000 0.000000 0.000000 0.000000 0.000000 0.000000 0.000000 0.000000 0.000000 0.000000 0.000000 0.000000 0.000000 0.000000 0.000000 0.000000 0.000011 0.000022 0.000022 0.000022 0.000022 0.000022 0.000011 0.000022 0.000000 0.000000 0.000000 0.000022 0.000022 0.000022 0.000011 0.000000 0.000011 0.000011 0.000011 0.000011 0.000011 0.000011 0.000011 0.000011 0.000011 0.000000 0.000000 0.000000 0.000000 0.000000 0.000000 0.000000 0.000000 0.000000 0.000011 0.000011 0.000022 0.000022 0.000034 0.000034 0.000034 0.000034 0.000056
0.000000 0.000000 0.000000 0.000000 0.000000 0.000000 0.000000 0.000000 0.000000 0.000000 0.000000 0.000000 0.000000 0.000000 0.000000 0.000000 0.000000 0.000000 0.000000 0.000000 0.000000 0.000022 0.000022 0.000022 0.000022 0.000011 0.000011 0.000000 0.000000 0.000000 0.000000 0.000000 0.000011 0.000011 0.000011 0.000000 0.000000 0.000011 0.000011 0.000011 0.000011 0.000011 0.000011 0.000011 0.000011 0.000011 0.000000 0.000000 0.000000 0.000000 0.000000 0.000000 0.000000 0.000011 0.000011 0.000022 0.000022 0.000022 0.000034 0.000034 0.000034 0.000045 0.000045
0.000000 0.000000 0.000000 0.000000 0.000000 0.000000 0.000000 0.000000 0.000000 0.000000 0.000000 0.000000 0.000000 0.000000 0.000000 0.000000 0.000000 0.000000 0.000000 0.000000 0.000000 0.000000 0.000000 0.000000 0.000011 0.000000 0.000000 0.000000 0.000000 0.000000 0.000000 0.000011 0.000011 0.000011 0.000011 0.000000 0.000000 0.000011 0.000011 0.000011 0.000011 0.000011 0.000011 0.000011 0.000011 0.000000 0.000000 0.000000 0.000000 0.000000 0.000000 0.000000 0.000000 0.000000 0.000022 0.000022 0.000022 0.000022 0.000034 0.000034 0.000034 0.000034 0.000045
0.000000 0.000000 0.000000 0.000000 0.000000 0.000000 0.000000 0.000000 0.000000 0.000000 0.000000 0.000000 0.000000 0.000000 0.000000 0.000000 0.000000 0.000000 0.000000 0.000000 0.000000 0.000000 0.000000 0.000000 0.000000 0.000000 0.000000 0.000000 0.000011 0.000011 0.000011 0.000011 0.000011 0.000011 0.000011 0.000011 0.000000 0.000000 0.000011 0.000011 0.000011 0.000011 0.000000 0.000000 0.000000 0.000000 0.000000 0.000000 0.000000 0.000000 0.000000 0.000000 0.000000 0.000000 0.000022 0.000022 0.000022 0.000034 0.000034 0.000034 0.000034 0.000034 0.000045
0.000000 0.000000 0.000000 0.000000 0.000000 0.000000 0.000000 0.000000 0.000000 0.000000 0.000000 0.000000 0.000000 0.000000 0.000000 0.000000 0.000000 0.000000 0.000000 0.000000 0.000000 0.000000 0.000000 0.000000 0.000000 0.000000 0.000000 0.000011 0.000011 0.000011 0.000000 0.000011 0.000011 0.000011 0.000011 0.000011 0.000011 0.000000 0.000011 0.000011 0.000011 0.000000 0.000000 0.000000 0.000000 0.000000 0.000000 0.000000 0.000000 0.000000 0.000000 0.000000 0.000000 0.000011 0.000011 0.000022 0.000022 0.000022 0.000034 0.000034 0.000034 0.000034 0.000045
