FireSTARR/test/output/APK/APK005/2018-07-02_0935/wxshield_196_2018-07-15.asc
ncols         172
nrows         148
xllcorner     447543.378600
yllcorner     5059302.364000
cellsize      100.000000
NODATA_value  0.000000
[rows 84 to 111 of 148, columns 0 to 62 of 172]
0.000000 0.000000 0.000000 0.000011 0.000011 0.000000 0.000000 0.000000 0.000022 0.000101 0.000124 0.000191 0.000404 0.000528 0.000573 0.001224 0.001685 0.002381 0.002886 0.003201 0.003695 0.004234 0.003785 0.004144 0.005301 0.006199 0.007120 0.007266 0.005930 0.004998 0.004526 0.004189 0.004257 0.004167 0.004054 0.004144 0.004032 0.004088 0.004470 0.004582 0.004638 0.004155 0.004122 0.004852 0.005335 0.005346 0.005391 0.005380 0.005503 0.005548 0.005526 0.005514 0.000000 0.000000 0.004043 0.004043 0.003965 0.004077 0.003965 0.003976 0.003931 0.003774 0.003751
0.000000 0.000000 0.000011 0.000011 0.000011 0.000011 0.000000 0.000000 0.000000 0.000056 0.000124 0.000292 0.000404 0.000505 0.000562 0.001224 0.001752 0.002415 0.002920 0.003470 0.004155 0.004762 0.005065 0.005840 0.006121 0.007300 0.007547 0.007424 0.006042 0.005874 0.005660 0.005559 0.005571 0.005514 0.005481 0.005413 0.005380 0.005323 0.005267 0.004582 0.004571 0.004829 0.004470 0.005526 0.005571 0.005593 0.005604 0.005593 0.005649 0.005672 0.005615 0.000000 0.004436 0.004436 0.004403 0.004212 0.004133 0.004178 0.004133 0.004032 0.003953 0.003684 0.003684
0.000000 0.000000 0.000011 0.000000 0.000000 0.000000 0.000000 0.000000 0.000000 0.000011 0.000101 0.000292 0.000416 0.000528 0.000550 0.001168 0.001864 0.002415 0.003100 0.003830 0.004279 0.005043 0.006143 0.007682 0.006817 0.007918 0.007772 0.007367 0.007244 0.006087 0.006727 0.006828 0.005896 0.006851 0.005941 0.005986 0.007177 0.007199 0.005469 0.004863 0.004515 0.005020 0.005851 0.005952 0.005885 0.005806 0.005694 0.005705 0.005705 0.005784 0.000000 0.004605 0.004605 0.004627 0.004549 0.004369 0.004257 0.004268 0.004212 0.004054 0.003897 0.003695 0.003819
0.000000 0.000011 0.000011 0.000000 0.000000 0.000000 0.000000 0.000011 0.000011 0.000022 0.000090 0.000326 0.000404 0.000528 0.000562 0.001157 0.001898 0.002931 0.003616 0.004144 0.005054 0.005829 0.006536 0.008524 0.008378 0.008243 0.007581 0.007075 0.007042 0.007019 0.006929 0.006974 0.006907 0.007008 0.007615 0.006334 0.007547 0.005986 0.005885 0.005447 0.005380 0.005368 0.006447 0.006413 0.006121 0.005964 0.005728 0.005660 0.005705 0.000000 0.005088 0.004998 0.004953 0.004829 0.004537 0.004447 0.003628 0.004189 0.004200 0.004066 0.004032 0.003931 0.003863
0.000011 0.000011 0.000011 0.000011 0.000011 0.000011 0.000022 0.000034 0.000034 0.000034 0.000101 0.000416 0.000741 0.000730 0.000606 0.000797 0.002999 0.004257 0.004784 0.005222 0.005885 0.007480 0.008322 0.009018 0.007480 0.007592 0.006783 0.006413 0.006694 0.006862 0.007132 0.006491 0.006424 0.006424 0.007761 0.007794 0.007446 0.007120 0.006896 0.006750 0.006716 0.006716 0.006615 0.006503 0.006155 0.005941 0.005851 0.005761 0.005649 0.000000 0.005267 0.005458 0.005133 0.004964 0.004638 0.004571 0.003717 0.004268 0.004223 0.004178 0.004043 0.004009 0.003920
0.000011 0.000022 0.000022 0.000022 0.000022 0.000034 0.000079 0.000079 0.000000 0.000000 0.000191 0.000764 0.001628 0.000000 0.000000 0.000775 0.003605 0.005301 0.005818 0.006413 0.007367 0.008165 0.009018 0.009176 0.007850 0.007626 0.007435 0.007390 0.006941 0.006593 0.007177 0.007412 0.007671 0.007738 0.007749 0.007704 0.007356 0.007244 0.007075 0.006963 0.006885 0.006772 0.006503 0.006256 0.006143 0.006031 0.005975 0.005761 0.005773 0.000000 0.005548 0.005559 0.005245 0.004975 0.004616 0.004447 0.004313 0.004245 0.004189 0.004133 0.004066 0.003953 0.003819
0.000000 0.000022 0.000022 0.000034 0.000022 0.000067 0.000079 0.000191 0.000225 0.000000 0.000000 0.001404 0.003145 0.004403 0.000000 0.000000 0.004807 0.005559 0.006065 0.006896 0.008019 0.008872 0.009625 0.009153 0.009209 0.009142 0.008940 0.007985 0.007469 0.007008 0.007704 0.007828 0.007727 0.006649 0.007603 0.007547 0.007513 0.007457 0.007087 0.006828 0.006626 0.006435 0.005166 0.005795 0.005761 0.005694 0.005683 0.005627 0.005402 0.005571 0.005593 0.005245 0.005065 0.004683 0.004403 0.004234 0.003908 0.003358 0.003841 0.003863 0.003830 0.003751 0.003706
0.000011 0.000022 0.000034 0.000034 0.000034 0.000079 0.000135 0.000202 0.000225 0.000000 0.000000 0.002516 0.004234 0.005986 0.007311 0.000000 0.006458 0.005627 0.007356 0.009153 0.009805 0.010119 0.010029 0.011321 0.009704 0.011579 0.009378 0.008412 0.007704 0.008142 0.008210 0.007963 0.007761 0.007626 0.006469 0.006323 0.007300 0.007188 0.006660 0.006289 0.005919 0.005829 0.004897 0.004897 0.005177 0.005099 0.005222 0.005312 0.005256 0.005133 0.005413 0.004987 0.004695 0.004346 0.004167 0.003830 0.003616 0.003133 0.002909 0.002909 0.003369 0.003425 0.003437
0.000000 0.000000 0.000000 0.000056 0.000067 0.000090 0.000180 0.000258 0.000326 0.000000 0.001628 0.003976 0.006132 0.007424 0.010512 0.010175 0.000000 0.006649 0.009423 0.010490 0.011422 0.011950 0.010714 0.011871 0.011882 0.011837 0.009659 0.008558 0.008592 0.008401 0.008075 0.006885 0.006739 0.006424 0.006042 0.005750 0.006211 0.006323 0.005930 0.005503 0.004717 0.005200 0.004459 0.003908 0.004391 0.004436 0.004560 0.004841 0.005133 0.005245 0.004762 0.004627 0.004380 0.003515 0.003605 0.003055 0.002886 0.002583 0.002055 0.002347 0.002752 0.002448 0.002516
0.000000 0.000000 0.000000 0.000056 0.000067 0.000090 0.000112 0.000258 0.000416 0.000752 0.001707 0.004863 0.008715 0.009861 0.012073 0.013421 0.000000 0.011927 0.011938 0.011186 0.011860 0.011995 0.012084 0.012118 0.011905 0.011557 0.009389 0.008929 0.008827 0.007345 0.007480 0.007424 0.007143 0.006098 0.005784 0.005975 0.005256 0.004942 0.004829 0.004447 0.004268 0.004582 0.004088 0.003594 0.003235 0.003246 0.003594 0.003841 0.004526 0.004874 0.004414 0.003571 0.003740 0.003133 0.002650 0.002426 0.002089 0.002033 0.002044 0.002055 0.002448 0.002437 0.002100
0.000000 0.000000 0.000000 0.000000 0.000000 0.000124 0.000191 0.000337 0.000606 0.000966 0.002606 0.006132 0.010860 0.013039 0.012949 0.014960 0.013646 0.014443 0.013140 0.012287 0.012141 0.011321 0.011938 0.011882 0.000000 0.009872 0.008468 0.008502 0.008345 0.007188 0.006772 0.006211 0.005840 0.006222 0.006155 0.005964 0.005211 0.004919 0.004549 0.004111 0.003976 0.004290 0.003762 0.003268 0.002819 0.002504 0.003369 0.004155 0.004391 0.004268 0.003527 0.003122 0.002976 0.002639 0.002280 0.001932 0.001797 0.001932 0.001988 0.002055 0.002100 0.002201 0.001943
0.000000 0.000000 0.000000 0.000000 0.000000 0.000000 0.000000 0.000393 0.000820 0.001404 0.003414 0.010366 0.014712 0.015544 0.016509 0.015038 0.014825 0.015779 0.014319 0.013646 0.012545 0.012017 0.011905 0.011669 0.009445 0.008064 0.008479 0.008243 0.007087 0.007289 0.007031 0.006143 0.005526 0.005481 0.005604 0.005582 0.005593 0.004964 0.004537 0.004099 0.003965 0.004358 0.003560 0.003268 0.002639 0.002954 0.003313 0.004032 0.004234 0.003942 0.003167 0.002707 0.002527 0.002336 0.001853 0.001606 0.001606 0.001651 0.001741 0.001853 0.001831 0.002145 0.002235
0.000000 0.000000 0.000000 0.000000 0.000000 0.000000 0.000000 0.000000 0.001213 0.000000 0.000000 0.018014 0.018396 0.018553 0.018003 0.016835 0.015993 0.016262 0.016128 0.013657 0.012174 0.009973 0.010602 0.010546 0.009052 0.007536 0.007210 0.007132 0.006256 0.006390 0.005907 0.005627 0.005222 0.005076 0.004953 0.004908 0.005413 0.004818 0.004526 0.004425 0.004403 0.004358 0.004155 0.003279 0.002718 0.002886 0.003695 0.003931 0.003886 0.003807 0.003032 0.002493 0.002224 0.002100 0.001718 0.001449 0.001325 0.001438 0.001494 0.001584 0.001965 0.001988 0.002190
0.000000 0.000000 0.000000 0.000000 0.000000 0.000000 0.000000 0.000000 0.004346 0.011276 0.000000 0.020081 0.020901 0.021047 0.020586 0.016566 0.016307 0.015937 0.013668 0.012579 0.009704 0.008210 0.007974 0.009423 0.007895 0.006716 0.006065 0.005986 0.006087 0.005795 0.005750 0.005559 0.005469 0.005402 0.005222 0.005200 0.004717 0.004638 0.004447 0.004425 0.003830 0.003628 0.003931 0.003111 0.003122 0.002931 0.003650 0.003807 0.003661 0.003190 0.002808 0.002347 0.002089 0.001954 0.001752 0.001415 0.001393 0.001595 0.001696 0.001831 0.001898 0.002078 0.002066
0.000000 0.000000 0.000000 0.000000 0.000000 0.000000 0.000000 0.000000 0.010288 0.018857 0.024169 0.021440 0.018430 0.017239 0.014780 0.015240 0.015004 0.012601 0.011792 0.009221 0.007918 0.007098 0.006986 0.008547 0.007053 0.006447 0.006053 0.005705 0.006570 0.005402 0.005391 0.005335 0.005189 0.005065 0.004459 0.004369 0.004728 0.004515 0.004403 0.004279 0.003650 0.003482 0.003515 0.003291 0.003279 0.003538 0.003167 0.003774 0.003504 0.002987 0.002561 0.002168 0.002325 0.002358 0.001943 0.001572 0.001673 0.001786 0.001943 0.001977 0.001718 0.001718 0.002010
0.000000 0.000000 0.000000 0.000000 0.000000 0.000000 0.000000 0.000000 0.035231 0.047642 0.025202 0.018138 0.013612 0.012163 0.012814 0.012758 0.012781 0.010804 0.008614 0.007682 0.006896 0.008199 0.008367 0.008142 0.000000 0.007300 0.007165 0.006929 0.006559 0.006368 0.006166 0.004874 0.004290 0.004605 0.003987 0.003571 0.003673 0.003673 0.003583 0.000000 0.000000 0.003167 0.003358 0.003324 0.003369 0.003381 0.003594 0.003605 0.003482 0.002875 0.002504 0.002358 0.002606 0.002639 0.002201 0.002044 0.001898 0.002179 0.002201 0.002145 0.001730 0.001864 0.001673
0.000000 0.000000 0.000000 0.000000 0.000000 0.000000 0.000000 0.000000 0.142419 0.000000 0.012253 0.009760 0.006783 0.008614 0.009872 0.010332 0.008423 0.008300 0.007154 0.006334 0.008041 0.008187 0.008243 0.008165 0.007626 0.007098 0.006750 0.006514 0.005110 0.004874 0.000000 0.000000 0.004122 0.003863 0.003740 0.003257 0.002763 0.002819 0.002808 0.000000 0.000000 0.003111 0.003212 0.003246 0.003324 0.003257 0.003482 0.003515 0.003403 0.002853 0.002617 0.002594 0.002909 0.002875 0.002639 0.002527 0.002493 0.002415 0.002269 0.001876 0.001696 0.001999 0.001988
0.000000 0.000000 0.000000 0.000000 0.000000 0.000000 0.000000 0.000000 1.000000 0.000000 0.000000 0.002853 0.005020 0.006368 0.007850 0.007794 0.008401 0.007693 0.007974 0.008019 0.008075 0.008064 0.007289 0.007132 0.006896 0.006548 0.006222 0.006053 0.004852 0.003998 0.003482 0.003560 0.003538 0.003538 0.003077 0.002830 0.002841 0.002650 0.002920 0.002931 0.003032 0.003077 0.003145 0.003212 0.003324 0.003347 0.003212 0.003358 0.003313 0.003257 0.003156 0.003133 0.002909 0.002774 0.002628 0.002606 0.002583 0.002426 0.002302 0.001842 0.002055 0.002055 0.002022
0.000000 0.000000 0.000000 0.000000 0.000000 0.000000 0.000000 0.000000 0.000000 0.000000 0.000000 0.000000 0.004346 0.006390 0.006851 0.007132 0.007570 0.007693 0.007716 0.007637 0.007626 0.007615 0.006828 0.006469 0.006121 0.005997 0.005896 0.004807 0.004504 0.003965 0.003571 0.003268 0.003088 0.003021 0.003032 0.002987 0.002920 0.002976 0.002999 0.003066 0.003100 0.000000 0.000000 0.003279 0.003347 0.003358 0.003358 0.003313 0.003313 0.003246 0.003156 0.002875 0.002763 0.002695 0.002594 0.002561 0.002527 0.002381 0.002257 0.002190 0.002190 0.001752 0.002033
0.000000 0.000000 0.000000 0.000000 0.000000 0.000000 0.000000 0.000000 0.000000 0.000000 0.000000 0.000000 0.000000 0.005514 0.004672 0.004852 0.004874 0.006817 0.006929 0.006637 0.006379 0.006368 0.006267 0.005874 0.005851 0.005694 0.005615 0.005481 0.004425 0.004223 0.004066 0.003819 0.003751 0.003549 0.003987 0.003313 0.003156 0.002999 0.003066 0.003133 0.003145 0.003190 0.003257 0.003313 0.003235 0.003190 0.003347 0.003358 0.003246 0.003100 0.002538 0.002695 0.002561 0.002426 0.002448 0.002403 0.002381 0.002347 0.002201 0.002201 0.002134 0.002066 0.002022
0.000000 0.000000 0.000000 0.000000 0.000000 0.000000 0.000000 0.000000 0.000000 0.000000 0.000000 0.000000 0.000000 0.004257 0.003381 0.003931 0.005548 0.006053 0.005952 0.005964 0.005660 0.005413 0.005121 0.004414 0.004403 0.005335 0.005144 0.005020 0.004919 0.004829 0.004537 0.004436 0.004414 0.004279 0.004077 0.003863 0.003212 0.002976 0.003077 0.003133 0.003190 0.003223 0.003246 0.003257 0.003257 0.003201 0.003279 0.003268 0.003156 0.003010 0.002426 0.001819 0.001774 0.001730 0.001651 0.002111 0.002100 0.002100 0.002100 0.001673 0.001977 0.001954 0.001932
0.000000 0.000000 0.000000 0.000000 0.000000 0.000000 0.000000 0.000000 0.000000 0.000000 0.000000 0.000000 0.000000 0.003279 0.002740 0.003493 0.003875 0.005020 0.005189 0.005065 0.005020 0.004908 0.004818 0.004717 0.000000 0.004526 0.004515 0.004380 0.004447 0.004290 0.004257 0.004279 0.004279 0.004054 0.003987 0.003863 0.003246 0.003066 0.002785 0.003111 0.003167 0.003246 0.000000 0.002785 0.002707 0.003257 0.003156 0.003077 0.002976 0.002325 0.002269 0.001718 0.001550 0.001415 0.001595 0.001797 0.001876 0.001977 0.001673 0.001887 0.001898 0.001471 0.001898
0.000000 0.000000 0.000000 0.000000 0.000000 0.000000 0.000000 0.000000 0.000000 0.000000 0.000000 0.000000 0.000000 0.001988 0.002100 0.002022 0.003066 0.003515 0.004335 0.004470 0.004504 0.004470 0.004504 0.004537 0.004369 0.000000 0.003920 0.003886 0.003886 0.003987 0.003931 0.003830 0.003279 0.003796 0.003717 0.003673 0.003111 0.002976 0.003010 0.003088 0.003156 0.003201 0.002684 0.002516 0.003032 0.002999 0.002999 0.002875 0.002830 0.002302 0.001932 0.001932 0.001786 0.001449 0.001471 0.001584 0.001797 0.001842 0.001595 0.001819 0.001853 0.001786 0.001763
0.000000 0.000000 0.000000 0.000000 0.000000 0.000000 0.000000 0.000000 0.000000 0.000000 0.000000 0.000000 0.000988 0.001112 0.001336 0.001415 0.001584 0.002763 0.003066 0.003145 0.003987 0.004054 0.004054 0.004099 0.000000 0.000000 0.002987 0.003178 0.003369 0.003538 0.003673 0.003527 0.003504 0.003459 0.003493 0.003470 0.002920 0.002898 0.002920 0.002999 0.003100 0.003122 0.002617 0.002999 0.003044 0.003055 0.002954 0.002853 0.002246 0.002168 0.001965 0.002100 0.001651 0.001381 0.001348 0.001505 0.001640 0.001707 0.001741 0.001741 0.001730 0.001730 0.001606
0.000000 0.000000 0.000000 0.000000 0.000000 0.000000 0.000000 0.000000 0.000000 0.000000 0.000000 0.000000 0.000685 0.000708 0.000708 0.000820 0.000955 0.001280 0.001595 0.002516 0.002920 0.003066 0.003785 0.003841 0.003785 0.000000 0.000000 0.002808 0.002931 0.003145 0.003235 0.003223 0.003212 0.003201 0.003223 0.003291 0.002785 0.002673 0.002617 0.002549 0.002909 0.002976 0.002987 0.002976 0.003010 0.002392 0.002898 0.002752 0.002673 0.002111 0.002325 0.002314 0.001752 0.001460 0.001550 0.001628 0.001662 0.001685 0.001640 0.001606 0.001584 0.001516 0.001539
0.000000 0.000000 0.000000 0.000000 0.000000 0.000000 0.000000 0.000000 0.000000 0.000000 0.000000 0.000348 0.000550 0.000595 0.000550 0.000539 0.000606 0.000775 0.000898 0.001213 0.002111 0.002650 0.003493 0.002965 0.000000 0.000000 0.000000 0.000000 0.002403 0.002527 0.002572 0.002920 0.002931 0.002920 0.002471 0.002920 0.002909 0.002841 0.002763 0.002448 0.002358 0.002381 0.002909 0.002954 0.002965 0.002370 0.002718 0.002650 0.002628 0.002538 0.002482 0.001876 0.001741 0.001696 0.001707 0.001707 0.001707 0.001673 0.001640 0.001606 0.001550 0.001482 0.001393
0.000000 0.000000 0.000000 0.000000 0.000000 0.000000 0.000000 0.000000 0.000000 0.000000 0.000101 0.000314 0.000359 0.000427 0.000438 0.000326 0.000404 0.000449 0.000573 0.000775 0.001965 0.002729 0.002718 0.002707 0.000000 0.000000 0.000000 0.000000 0.000000 0.001730 0.002381 0.002325 0.002358 0.002302 0.002269 0.002504 0.002718 0.002718 0.002673 0.002257 0.002415 0.002662 0.002763 0.002752 0.002224 0.002718 0.002729 0.002695 0.002639 0.002628 0.002044 0.001763 0.001797 0.001763 0.001696 0.001640 0.001606 0.001606 0.001561 0.001190 0.001190 0.001157 0.001303
0.000000 0.000000 0.000000 0.000000 0.000000 0.000000 0.000000 0.000000 0.000034 0.000045 0.000090 0.000168 0.000213 0.000236 0.000247 0.000213 0.000292 0.000359 0.000438 0.000629 0.001876 0.002179 0.002224 0.001988 0.000000 0.000000 0.000000 0.000000 0.000000 0.001539 0.001988 0.002055 0.001718 0.001696 0.001932 0.001954 0.002078 0.002078 0.002123 0.002549 0.002583 0.002650 0.002662 0.002673 0.002617 0.002527 0.002583 0.002572 0.002538 0.002549 0.001988 0.001797 0.001774 0.001539 0.001640 0.001539 0.001494 0.001449 0.001438 0.001426 0.001089 0.001011 0.000943
