FireSTARR/test/constant/M1M225PC_S060_A270_WD000_WS020/arrival.asc
ncols         13
nrows         17
xllcorner     426003.990666
yllcorner     12748355.311160
cellsize      100.000000
NODATA_value  0.000000
0.000000 0.000000 0.000000 0.000000 0.000000 0.000000 123.416667 0.000000 0.000000 0.000000 0.000000 0.000000 0.000000 
0.000000 0.000000 0.000000 0.000000 123.411229 123.393115 123.393115 123.393115 123.411229 0.000000 0.000000 0.000000 0.000000 
0.000000 0.000000 123.411229 123.393115 123.369563 123.351448 123.351448 123.351448 123.369563 123.393115 123.411229 0.000000 0.000000 
0.000000 0.000000 123.393115 123.351448 123.333333 123.327896 123.309781 123.327896 123.333333 123.351448 123.393115 0.000000 0.000000 
0.000000 0.000000 123.375000 123.327896 123.309781 123.286229 123.286229 123.286229 123.309781 123.327896 123.369563 0.000000 0.000000 
0.000000 123.416667 123.369563 123.291667 123.268115 123.244563 123.244563 123.244563 123.268115 123.286229 123.351448 123.416667 0.000000 
0.000000 123.411229 123.351448 123.286229 123.226448 123.208333 123.202896 123.208333 123.226448 123.268115 123.327896 123.411229 0.000000 
0.000000 123.393115 123.327896 123.268115 123.202896 123.184781 123.161229 123.184781 123.202896 123.244563 123.327896 123.375000 0.000000 
123.416667 123.369563 123.309781 123.244563 123.184781 123.143115 123.125000 123.143115 123.161229 123.226448 123.309781 123.351448 123.411229 
123.416667 123.351448 123.286229 123.226448 123.161229 123.101448 123.101448 123.101448 123.161229 123.226448 123.268115 123.333333 123.411229 
0.000000 123.351448 123.268115 123.202896 123.143115 123.077896 123.059781 123.077896 123.143115 123.184781 123.268115 123.333333 0.000000 
0.000000 123.369563 123.286229 123.202896 123.119563 123.059781 123.018115 123.036229 123.119563 123.184781 123.268115 123.369563 0.000000 
0.000000 123.393115 123.309781 123.226448 123.143115 123.041667 123.000000 123.036229 123.119563 123.208333 123.291667 123.393115 0.000000 
0.000000 0.000000 123.351448 123.250000 123.166667 123.101448 123.059781 123.083333 123.161229 123.244563 123.327896 123.416667 0.000000 
0.000000 0.000000 123.393115 123.309781 123.244563 123.202896 123.161229 123.184781 123.244563 123.309781 123.375000 0.000000 0.000000 
0.000000 0.000000 0.000000 123.411229 123.351448 123.286229 123.268115 123.286229 123.351448 123.393115 0.000000 0.000000 0.000000 
0.000000 0.000000 0.000000 0.000000 0.000000 123.393115 123.351448 123.375000 0.000000 0.000000 0.000000 0.000000 0.000000 
