FireSTARR/test/output/NOR/NOR072/2018-07-20_0000/intensity_L_202_2018-07-21.asc
ncols         359
nrows         310
xllcorner     529943.378600
yllcorner     5243502.364000
cellsize      100.000000
NODATA_value  0.000000
[rows 84 to 111 of 310, columns 189 to 251 of 359]
0.000000 0.000000 0.002381 0.002381 0.000000 0.000000 0.000000 0.001190 0.000000 0.000000 0.000000 0.000000 0.000000 0.000000 0.000000 0.002381 0.002381 0.000000 0.000000 0.000000 0.001190 0.023810 0.029762 0.033333 0.038095 0.001190 0.000000 0.000000 0.000000 0.011905 0.010714 0.010714 0.011905 0.008333 0.003571 0.000000 0.001190 0.002381 0.000000 0.001190 0.008333 0.000000 0.000000 0.000000 0.000000 0.000000 0.000000 0.077381 0.000000 0.000000 0.001190 0.001190 0.003571 0.001190 0.001190 0.000000 0.002381 0.002381 0.001190 0.096429 0.001190 0.001190 0.002381
0.000000 0.000000 0.000000 0.003571 0.000000 0.000000 0.000000 0.000000 0.000000 0.000000 0.000000 0.000000 0.000000 0.000000 0.000000 0.000000 0.002381 0.000000 0.000000 0.000000 0.016667 0.016667 0.000000 0.000000 0.036905 0.000000 0.001190 0.000000 0.000000 0.013095 0.008333 0.013095 0.000000 0.000000 0.000000 0.000000 0.000000 0.000000 0.000000 0.007143 0.007143 0.001190 0.000000 0.000000 0.000000 0.000000 0.000000 0.000000 0.000000 0.002381 0.001190 0.001190 0.001190 0.002381 0.002381 0.002381 0.002381 0.002381 0.005952 0.098810 0.001190 0.002381 0.001190
0.000000 0.000000 0.000000 0.000000 0.000000 0.001190 0.000000 0.000000 0.000000 0.000000 0.000000 0.000000 0.001190 0.000000 0.000000 0.000000 0.011905 0.013095 0.014286 0.013095 0.013095 0.000000 0.000000 0.000000 0.000000 0.000000 0.002381 0.001190 0.014286 0.016667 0.011905 0.000000 0.000000 0.001190 0.000000 0.000000 0.000000 0.000000 0.000000 0.007143 0.005952 0.007143 0.000000 0.000000 0.000000 0.000000 0.001190 0.001190 0.000000 0.000000 0.001190 0.001190 0.001190 0.000000 0.002381 0.001190 0.098810 0.100000 0.002381 0.107143 0.002381 0.002381 0.002381
0.001190 0.001190 0.001190 0.000000 0.000000 0.000000 0.000000 0.000000 0.000000 0.000000 0.000000 0.001190 0.001190 0.001190 0.002381 0.001190 0.011905 0.000000 0.000000 0.000000 0.000000 0.000000 0.000000 0.000000 0.000000 0.000000 0.000000 0.002381 0.001190 0.001190 0.000000 0.000000 0.000000 0.002381 0.004762 0.000000 0.000000 0.000000 0.000000 0.005952 0.008333 0.009524 0.001190 0.000000 0.001190 0.000000 0.000000 0.001190 0.000000 0.000000 0.000000 0.000000 0.001190 0.001190 0.003571 0.001190 0.003571 0.004762 0.002381 0.001190 0.002381 0.002381 0.000000
0.000000 0.001190 0.001190 0.001190 0.001190 0.001190 0.000000 0.000000 0.002381 0.001190 0.000000 0.000000 0.000000 0.000000 0.002381 0.001190 0.000000 0.000000 0.000000 0.000000 0.000000 0.000000 0.000000 0.000000 0.000000 0.000000 0.000000 0.000000 0.000000 0.000000 0.002381 0.002381 0.002381 0.004762 0.004762 0.003571 0.000000 0.000000 0.000000 0.000000 0.009524 0.009524 0.027381 0.000000 0.000000 0.000000 0.001190 0.000000 0.000000 0.000000 0.001190 0.001190 0.000000 0.001190 0.001190 0.101190 0.003571 0.002381 0.002381 0.002381 0.002381 0.001190 0.001190
0.001190 0.000000 0.001190 0.001190 0.001190 0.001190 0.001190 0.001190 0.000000 0.000000 0.000000 0.001190 0.001190 0.036905 0.001190 0.027381 0.000000 0.000000 0.000000 0.000000 0.000000 0.000000 0.000000 0.000000 0.000000 0.000000 0.000000 0.005952 0.003571 0.002381 0.003571 0.005952 0.001190 0.003571 0.004762 0.005952 0.000000 0.000000 0.000000 0.000000 0.021429 0.025000 0.027381 0.000000 0.000000 0.001190 0.000000 0.000000 0.000000 0.000000 0.001190 0.001190 0.002381 0.000000 0.001190 0.003571 0.005952 0.003571 0.002381 0.002381 0.002381 0.001190 0.001190
0.000000 0.001190 0.000000 0.000000 0.001190 0.001190 0.000000 0.001190 0.002381 0.001190 0.000000 0.002381 0.001190 0.000000 0.002381 0.027381 0.000000 0.000000 0.000000 0.000000 0.000000 0.000000 0.000000 0.000000 0.042857 0.000000 0.000000 0.000000 0.003571 0.005952 0.003571 0.003571 0.004762 0.004762 0.007143 0.005952 0.000000 0.000000 0.000000 0.017857 0.017857 0.027381 0.035714 0.000000 0.001190 0.000000 0.000000 0.000000 0.000000 0.000000 0.001190 0.000000 0.000000 0.001190 0.092857 0.003571 0.015476 0.003571 0.002381 0.002381 0.001190 0.001190 0.003571
0.000000 0.000000 0.000000 0.000000 0.000000 0.000000 0.000000 0.001190 0.002381 0.027381 0.028571 0.019048 0.023810 0.002381 0.002381 0.030952 0.000000 0.000000 0.000000 0.000000 0.000000 0.000000 0.000000 0.002381 0.000000 0.001190 0.002381 0.003571 0.001190 0.002381 0.011905 0.010714 0.003571 0.002381 0.002381 0.002381 0.000000 0.000000 0.000000 0.020238 0.022619 0.030952 0.034524 0.000000 0.001190 0.000000 0.000000 0.000000 0.000000 0.000000 0.000000 0.000000 0.000000 0.000000 0.000000 0.001190 0.011905 0.003571 0.001190 0.002381 0.002381 0.000000 0.001190
0.000000 0.000000 0.000000 0.000000 0.000000 0.000000 0.001190 0.000000 0.000000 0.000000 0.023810 0.025000 0.029762 0.001190 0.001190 0.038095 0.013095 0.000000 0.000000 0.000000 0.000000 0.000000 0.000000 0.001190 0.007143 0.004762 0.000000 0.002381 0.003571 0.001190 0.014286 0.011905 0.014286 0.004762 0.005952 0.002381 0.000000 0.000000 0.000000 0.019048 0.021429 0.025000 0.027381 0.000000 0.001190 0.000000 0.001190 0.000000 0.000000 0.000000 0.000000 0.000000 0.000000 0.001190 0.001190 0.005952 0.010714 0.011905 0.001190 0.002381 0.001190 0.001190 0.146429
0.000000 0.000000 0.000000 0.000000 0.000000 0.000000 0.001190 0.000000 0.001190 0.000000 0.000000 0.000000 0.001190 0.001190 0.001190 0.047619 0.034524 0.001190 0.000000 0.000000 0.000000 0.000000 0.000000 0.003571 0.002381 0.008333 0.007143 0.003571 0.004762 0.004762 0.016667 0.013095 0.013095 0.002381 0.002381 0.004762 0.007143 0.000000 0.000000 0.014286 0.023810 0.023810 0.026190 0.000000 0.000000 0.000000 0.000000 0.002381 0.001190 0.000000 0.000000 0.000000 0.000000 0.000000 0.000000 0.001190 0.005952 0.011905 0.002381 0.120238 0.000000 0.001190 0.001190
0.069048 0.000000 0.000000 0.000000 0.000000 0.000000 0.001190 0.000000 0.000000 0.000000 0.000000 0.000000 0.001190 0.000000 0.000000 0.000000 0.035714 0.003571 0.000000 0.000000 0.000000 0.000000 0.064286 0.002381 0.002381 0.003571 0.010714 0.007143 0.003571 0.004762 0.019048 0.013095 0.003571 0.003571 0.003571 0.004762 0.005952 0.007143 0.000000 0.029762 0.033333 0.022619 0.000000 0.020238 0.034524 0.033333 0.000000 0.001190 0.001190 0.001190 0.000000 0.000000 0.000000 0.000000 0.000000 0.000000 0.000000 0.003571 0.003571 0.107143 0.000000 0.000000 0.001190
0.016667 0.071429 0.000000 0.000000 0.000000 0.000000 0.000000 0.000000 0.000000 0.000000 0.001190 0.001190 0.001190 0.001190 0.001190 0.001190 0.044048 0.005952 0.000000 0.000000 0.000000 0.051190 0.000000 0.002381 0.001190 0.002381 0.008333 0.010714 0.009524 0.004762 0.021429 0.015476 0.005952 0.004762 0.002381 0.001190 0.002381 0.003571 0.004762 0.002381 0.000000 0.032143 0.000000 0.023810 0.011905 0.000000 0.000000 0.000000 0.000000 0.000000 0.000000 0.000000 0.000000 0.000000 0.000000 0.000000 0.000000 0.000000 0.001190 0.086905 0.114286 0.000000 0.001190
0.014286 0.015476 0.000000 0.000000 0.000000 0.000000 0.000000 0.000000 0.000000 0.000000 0.002381 0.000000 0.001190 0.002381 0.001190 0.075000 0.067857 0.000000 0.000000 0.000000 0.080952 0.080952 0.082143 0.004762 0.002381 0.002381 0.001190 0.002381 0.001190 0.000000 0.028571 0.008333 0.008333 0.002381 0.002381 0.001190 0.001190 0.002381 0.002381 0.004762 0.000000 0.032143 0.000000 0.023810 0.000000 0.000000 0.000000 0.000000 0.000000 0.000000 0.000000 0.000000 0.000000 0.000000 0.000000 0.000000 0.000000 0.001190 0.001190 0.003571 0.000000 0.000000 0.150000
0.000000 0.014286 0.000000 0.000000 0.000000 0.000000 0.000000 0.000000 0.000000 0.000000 0.000000 0.001190 0.002381 0.001190 0.001190 0.001190 0.000000 0.072619 0.000000 0.059524 0.082143 0.008333 0.007143 0.082143 0.008333 0.005952 0.004762 0.001190 0.002381 0.001190 0.016667 0.007143 0.003571 0.003571 0.003571 0.003571 0.002381 0.001190 0.001190 0.003571 0.000000 0.027381 0.027381 0.000000 0.000000 0.000000 0.000000 0.000000 0.000000 0.000000 0.000000 0.000000 0.000000 0.000000 0.000000 0.000000 0.001190 0.003571 0.004762 0.130952 0.135714 0.142857 0.153571
0.000000 0.015476 0.015476 0.000000 0.000000 0.000000 0.000000 0.000000 0.000000 0.000000 0.000000 0.001190 0.002381 0.001190 0.001190 0.002381 0.001190 0.079762 0.052381 0.063095 0.085714 0.004762 0.005952 0.085714 0.003571 0.007143 0.008333 0.004762 0.000000 0.001190 0.000000 0.001190 0.005952 0.007143 0.001190 0.003571 0.004762 0.003571 0.002381 0.003571 0.000000 0.000000 0.000000 0.000000 0.000000 0.000000 0.000000 0.000000 0.000000 0.000000 0.000000 0.000000 0.000000 0.000000 0.000000 0.000000 0.002381 0.001190 0.003571 0.132143 0.002381 0.000000 0.000000
0.000000 0.001190 0.015476 0.000000 0.000000 0.000000 0.000000 0.000000 0.000000 0.000000 0.000000 0.001190 0.002381 0.000000 0.001190 0.002381 0.002381 0.083333 0.066667 0.088095 0.089286 0.091667 0.003571 0.003571 0.003571 0.002381 0.004762 0.005952 0.005952 0.001190 0.002381 0.001190 0.000000 0.007143 0.004762 0.000000 0.000000 0.002381 0.002381 0.001190 0.001190 0.000000 0.000000 0.000000 0.000000 0.000000 0.000000 0.000000 0.000000 0.000000 0.000000 0.000000 0.000000 0.000000 0.000000 0.000000 0.013095 0.002381 0.020238 0.128571 0.141667 0.013095 0.007143
0.001190 0.011905 0.014286 0.014286 0.020238 0.021429 0.000000 0.000000 0.000000 0.000000 0.001190 0.000000 0.000000 0.000000 0.001190 0.001190 0.007143 0.090476 0.092857 0.092857 0.004762 0.004762 0.004762 0.004762 0.002381 0.001190 0.004762 0.004762 0.007143 0.000000 0.001190 0.000000 0.002381 0.004762 0.004762 0.002381 0.000000 0.000000 0.000000 0.002381 0.001190 0.000000 0.000000 0.000000 0.000000 0.000000 0.000000 0.000000 0.000000 0.000000 0.000000 0.000000 0.000000 0.000000 0.000000 0.004762 0.011905 0.014286 0.019048 0.021429 0.000000 0.013095 0.011905
0.008333 0.014286 0.014286 0.019048 0.019048 0.022619 0.000000 0.000000 0.000000 0.000000 0.001190 0.000000 0.001190 0.019048 0.027381 0.035714 0.005952 0.005952 0.102381 0.004762 0.003571 0.002381 0.002381 0.001190 0.001190 0.002381 0.003571 0.004762 0.005952 0.005952 0.000000 0.000000 0.004762 0.003571 0.009524 0.005952 0.000000 0.000000 0.002381 0.002381 0.001190 0.000000 0.000000 0.001190 0.000000 0.000000 0.000000 0.000000 0.000000 0.000000 0.000000 0.000000 0.000000 0.001190 0.000000 0.004762 0.010714 0.015476 0.020238 0.021429 0.126190 0.008333 0.026190
0.004762 0.004762 0.005952 0.007143 0.010714 0.009524 0.009524 0.000000 0.001190 0.000000 0.000000 0.001190 0.016667 0.029762 0.035714 0.040476 0.004762 0.004762 0.003571 0.002381 0.107143 0.001190 0.001190 0.000000 0.000000 0.000000 0.002381 0.002381 0.007143 0.005952 0.003571 0.000000 0.000000 0.003571 0.002381 0.001190 0.000000 0.000000 0.002381 0.001190 0.000000 0.000000 0.000000 0.000000 0.000000 0.000000 0.000000 0.000000 0.000000 0.000000 0.000000 0.000000 0.000000 0.001190 0.000000 0.000000 0.011905 0.016667 0.030952 0.022619 0.019048 0.014286 0.026190
0.007143 0.009524 0.007143 0.008333 0.005952 0.005952 0.008333 0.000000 0.000000 0.001190 0.005952 0.002381 0.013095 0.032143 0.007143 0.008333 0.005952 0.004762 0.003571 0.002381 0.113095 0.001190 0.003571 0.003571 0.002381 0.001190 0.003571 0.002381 0.005952 0.007143 0.008333 0.001190 0.000000 0.001190 0.001190 0.001190 0.000000 0.001190 0.001190 0.001190 0.000000 0.000000 0.000000 0.000000 0.000000 0.000000 0.000000 0.000000 0.000000 0.000000 0.000000 0.001190 0.001190 0.003571 0.005952 0.009524 0.017857 0.017857 0.027381 0.023810 0.019048 0.009524 0.005952
0.008333 0.009524 0.008333 0.005952 0.003571 0.003571 0.003571 0.001190 0.001190 0.002381 0.002381 0.002381 0.010714 0.027381 0.007143 0.007143 0.004762 0.002381 0.001190 0.114286 0.003571 0.004762 0.003571 0.004762 0.005952 0.002381 0.003571 0.002381 0.002381 0.003571 0.008333 0.002381 0.000000 0.000000 0.001190 0.000000 0.000000 0.000000 0.001190 0.000000 0.000000 0.000000 0.000000 0.000000 0.000000 0.000000 0.000000 0.000000 0.000000 0.001190 0.000000 0.002381 0.007143 0.010714 0.008333 0.013095 0.011905 0.016667 0.021429 0.023810 0.016667 0.022619 0.007143
0.007143 0.007143 0.007143 0.004762 0.004762 0.005952 0.003571 0.001190 0.001190 0.001190 0.001190 0.011905 0.020238 0.029762 0.004762 0.005952 0.004762 0.002381 0.001190 0.004762 0.004762 0.003571 0.004762 0.003571 0.003571 0.002381 0.003571 0.003571 0.002381 0.001190 0.008333 0.000000 0.002381 0.001190 0.000000 0.000000 0.000000 0.000000 0.000000 0.001190 0.000000 0.000000 0.000000 0.000000 0.001190 0.000000 0.000000 0.001190 0.001190 0.001190 0.000000 0.002381 0.005952 0.008333 0.008333 0.013095 0.016667 0.015476 0.019048 0.019048 0.016667 0.022619 0.007143
0.005952 0.005952 0.005952 0.007143 0.004762 0.002381 0.002381 0.005952 0.004762 0.004762 0.009524 0.014286 0.027381 0.030952 0.004762 0.008333 0.003571 0.001190 0.001190 0.003571 0.004762 0.004762 0.004762 0.004762 0.003571 0.003571 0.002381 0.004762 0.003571 0.004762 0.007143 0.000000 0.000000 0.026190 0.022619 0.000000 0.000000 0.000000 0.000000 0.000000 0.000000 0.000000 0.000000 0.002381 0.001190 0.002381 0.003571 0.002381 0.002381 0.002381 0.001190 0.002381 0.003571 0.005952 0.008333 0.010714 0.010714 0.008333 0.021429 0.014286 0.013095 0.016667 0.003571
0.004762 0.004762 0.005952 0.034524 0.036905 0.046429 0.000000 0.001190 0.002381 0.008333 0.015476 0.029762 0.039286 0.000000 0.021429 0.017857 0.008333 0.001190 0.002381 0.002381 0.004762 0.003571 0.001190 0.001190 0.002381 0.003571 0.002381 0.004762 0.003571 0.004762 0.054762 0.001190 0.036905 0.028571 0.000000 0.000000 0.000000 0.000000 0.000000 0.000000 0.000000 0.000000 0.004762 0.004762 0.004762 0.005952 0.009524 0.013095 0.003571 0.002381 0.004762 0.001190 0.003571 0.007143 0.008333 0.008333 0.007143 0.007143 0.011905 0.010714 0.009524 0.007143 0.011905
0.000000 0.004762 0.004762 0.032143 0.038095 0.046429 0.003571 0.004762 0.000000 0.009524 0.014286 0.028571 0.040476 0.001190 0.009524 0.009524 0.019048 0.004762 0.004762 0.002381 0.005952 0.000000 0.001190 0.002381 0.001190 0.002381 0.001190 0.001190 0.089286 0.001190 0.002381 0.000000 0.000000 0.000000 0.000000 0.001190 0.000000 0.000000 0.000000 0.000000 0.000000 0.000000 0.001190 0.001190 0.003571 0.007143 0.013095 0.016667 0.013095 0.016667 0.005952 0.003571 0.003571 0.008333 0.039286 0.039286 0.000000 0.000000 0.001190 0.011905 0.004762 0.010714 0.008333
0.000000 0.004762 0.001190 0.032143 0.041667 0.045238 0.002381 0.005952 0.009524 0.010714 0.030952 0.040476 0.045238 0.000000 0.000000 0.007143 0.010714 0.005952 0.003571 0.005952 0.002381 0.001190 0.000000 0.000000 0.001190 0.001190 0.001190 0.000000 0.000000 0.001190 0.001190 0.000000 0.000000 0.000000 0.005952 0.002381 0.001190 0.001190 0.001190 0.000000 0.002381 0.000000 0.001190 0.000000 0.000000 0.002381 0.005952 0.008333 0.015476 0.005952 0.007143 0.004762 0.003571 0.003571 0.033333 0.039286 0.000000 0.001190 0.000000 0.000000 0.039286 0.000000 0.000000
0.000000 0.000000 0.022619 0.029762 0.033333 0.001190 0.030952 0.003571 0.011905 0.016667 0.040476 0.042857 0.044048 0.002381 0.001190 0.008333 0.009524 0.013095 0.096429 0.002381 0.008333 0.117857 0.134524 0.002381 0.136905 0.136905 0.002381 0.002381 0.001190 0.001190 0.015476 0.019048 0.008333 0.008333 0.014286 0.008333 0.001190 0.005952 0.005952 0.003571 0.002381 0.002381 0.000000 0.000000 0.000000 0.001190 0.004762 0.004762 0.013095 0.008333 0.005952 0.007143 0.008333 0.007143 0.023810 0.028571 0.029762 0.025000 0.000000 0.000000 0.000000 0.000000 0.000000
0.000000 0.064286 0.005952 0.025000 0.022619 0.003571 0.029762 0.034524 0.065476 0.013095 0.041667 0.045238 0.004762 0.004762 0.004762 0.003571 0.004762 0.007143 0.001190 0.001190 0.100000 0.133333 0.133333 0.003571 0.142857 0.000000 0.001190 0.001190 0.010714 0.007143 0.010714 0.021429 0.021429 0.022619 0.027381 0.030952 0.013095 0.007143 0.004762 0.003571 0.001190 0.000000 0.000000 0.000000 0.001190 0.003571 0.003571 0.005952 0.010714 0.002381 0.005952 0.001190 0.001190 0.001190 0.002381 0.023810 0.025000 0.000000 0.000000 0.000000 0.000000 0.000000 0.000000
