FireSTARR/test/output/NOR/NOR072/2018-07-20_0000/intensity_M_202_2018-07-21.asc
ncols         360
nrows         311
xllcorner     529943.378600
yllcorner     5243502.364000
cellsize      100.000000
NODATA_value  0.000000
[rows 84 to 111 of 311, columns 189 to 251 of 360]
0.000000 0.014286 0.016667 0.014286 0.000000 0.000000 0.002381 0.001190 0.001190 0.000000 0.002381 0.001190 0.000000 0.001190 0.002381 0.002381 0.001190 0.000000 0.010714 0.002381 0.011905 0.003571 0.001190 0.003571 0.004762 0.003571 0.001190 0.001190 0.001190 0.000000 0.020238 0.016667 0.025000 0.028571 0.000000 0.000000 0.003571 0.004762 0.015476 0.014286 0.001190 0.002381 0.001190 0.002381 0.003571 0.001190 0.001190 0.000000 0.000000 0.007143 0.008333 0.005952 0.007143 0.013095 0.014286 0.013095 0.017857 0.016667 0.011905 0.011905 0.014286 0.013095 0.007143
0.002381 0.002381 0.016667 0.015476 0.000000 0.001190 0.001190 0.001190 0.000000 0.000000 0.002381 0.002381 0.001190 0.004762 0.002381 0.004762 0.008333 0.000000 0.000000 0.002381 0.002381 0.000000 0.000000 0.000000 0.001190 0.002381 0.001190 0.001190 0.002381 0.017857 0.020238 0.023810 0.023810 0.028571 0.005952 0.003571 0.002381 0.010714 0.017857 0.021429 0.019048 0.002381 0.001190 0.002381 0.002381 0.002381 0.003571 0.000000 0.005952 0.007143 0.007143 0.004762 0.007143 0.015476 0.013095 0.015476 0.019048 0.013095 0.011905 0.000000 0.015476 0.016667 0.007143
0.002381 0.001190 0.003571 0.015476 0.003571 0.001190 0.002381 0.001190 0.000000 0.000000 0.001190 0.003571 0.001190 0.004762 0.005952 0.001190 0.005952 0.002381 0.001190 0.001190 0.000000 0.000000 0.000000 0.000000 0.002381 0.003571 0.002381 0.002381 0.000000 0.016667 0.023810 0.025000 0.004762 0.005952 0.000000 0.000000 0.000000 0.000000 0.003571 0.016667 0.020238 0.001190 0.002381 0.003571 0.002381 0.003571 0.003571 0.004762 0.005952 0.003571 0.007143 0.005952 0.010714 0.011905 0.009524 0.017857 0.021429 0.013095 0.011905 0.000000 0.016667 0.010714 0.005952
0.002381 0.002381 0.002381 0.003571 0.003571 0.002381 0.004762 0.000000 0.001190 0.000000 0.002381 0.003571 0.003571 0.002381 0.001190 0.004762 0.000000 0.000000 0.000000 0.000000 0.000000 0.000000 0.000000 0.000000 0.004762 0.002381 0.003571 0.001190 0.015476 0.014286 0.022619 0.001190 0.002381 0.002381 0.003571 0.003571 0.000000 0.001190 0.001190 0.014286 0.017857 0.020238 0.002381 0.001190 0.002381 0.004762 0.002381 0.003571 0.004762 0.002381 0.008333 0.008333 0.005952 0.011905 0.015476 0.017857 0.000000 0.000000 0.017857 0.000000 0.010714 0.008333 0.005952
0.002381 0.001190 0.003571 0.004762 0.003571 0.001190 0.002381 0.002381 0.003571 0.001190 0.002381 0.002381 0.002381 0.002381 0.004762 0.003571 0.000000 0.000000 0.000000 0.000000 0.000000 0.000000 0.000000 0.000000 0.002381 0.003571 0.004762 0.004762 0.001190 0.003571 0.005952 0.003571 0.001190 0.009524 0.008333 0.003571 0.000000 0.000000 0.000000 0.015476 0.019048 0.015476 0.000000 0.002381 0.003571 0.005952 0.004762 0.002381 0.004762 0.004762 0.005952 0.005952 0.009524 0.008333 0.014286 0.013095 0.009524 0.013095 0.013095 0.005952 0.009524 0.004762 0.003571
0.002381 0.000000 0.000000 0.005952 0.004762 0.002381 0.002381 0.002381 0.003571 0.002381 0.002381 0.002381 0.002381 0.002381 0.001190 0.002381 0.000000 0.000000 0.000000 0.000000 0.000000 0.000000 0.000000 0.000000 0.002381 0.002381 0.003571 0.002381 0.002381 0.005952 0.013095 0.010714 0.010714 0.010714 0.015476 0.016667 0.000000 0.000000 0.000000 0.001190 0.013095 0.016667 0.040476 0.001190 0.003571 0.003571 0.004762 0.004762 0.003571 0.003571 0.005952 0.002381 0.007143 0.005952 0.011905 0.000000 0.014286 0.016667 0.010714 0.001190 0.008333 0.007143 0.007143
0.001190 0.002381 0.002381 0.002381 0.005952 0.003571 0.002381 0.003571 0.003571 0.002381 0.003571 0.002381 0.002381 0.000000 0.005952 0.000000 0.000000 0.000000 0.000000 0.000000 0.000000 0.000000 0.000000 0.000000 0.002381 0.003571 0.003571 0.010714 0.010714 0.008333 0.003571 0.007143 0.019048 0.019048 0.014286 0.013095 0.000000 0.000000 0.000000 0.000000 0.030952 0.035714 0.041667 0.002381 0.002381 0.003571 0.005952 0.004762 0.003571 0.004762 0.004762 0.002381 0.003571 0.004762 0.009524 0.011905 0.010714 0.014286 0.007143 0.009524 0.008333 0.003571 0.005952
0.001190 0.000000 0.002381 0.002381 0.004762 0.004762 0.005952 0.002381 0.000000 0.003571 0.002381 0.003571 0.002381 0.000000 0.007143 0.000000 0.000000 0.000000 0.000000 0.000000 0.000000 0.000000 0.000000 0.005952 0.002381 0.002381 0.003571 0.007143 0.002381 0.007143 0.007143 0.013095 0.011905 0.016667 0.019048 0.017857 0.001190 0.001190 0.002381 0.019048 0.025000 0.023810 0.025000 0.001190 0.002381 0.004762 0.005952 0.003571 0.003571 0.002381 0.002381 0.004762 0.002381 0.001190 0.000000 0.009524 0.028571 0.014286 0.008333 0.009524 0.013095 0.007143 0.003571
0.003571 0.004762 0.003571 0.003571 0.003571 0.004762 0.003571 0.003571 0.001190 0.021429 0.020238 0.021429 0.017857 0.005952 0.007143 0.000000 0.000000 0.000000 0.000000 0.000000 0.000000 0.000000 0.000000 0.014286 0.010714 0.008333 0.010714 0.007143 0.005952 0.004762 0.003571 0.004762 0.011905 0.014286 0.017857 0.013095 0.003571 0.003571 0.004762 0.010714 0.013095 0.020238 0.023810 0.001190 0.001190 0.003571 0.004762 0.004762 0.003571 0.002381 0.002381 0.002381 0.002381 0.003571 0.005952 0.005952 0.030952 0.011905 0.014286 0.011905 0.010714 0.008333 0.004762
0.002381 0.004762 0.003571 0.001190 0.001190 0.002381 0.000000 0.003571 0.004762 0.004762 0.032143 0.027381 0.021429 0.009524 0.005952 0.000000 0.000000 0.000000 0.000000 0.000000 0.000000 0.000000 0.000000 0.008333 0.014286 0.014286 0.016667 0.011905 0.009524 0.011905 0.003571 0.003571 0.002381 0.011905 0.010714 0.015476 0.000000 0.001190 0.000000 0.008333 0.009524 0.021429 0.022619 0.001190 0.001190 0.001190 0.004762 0.004762 0.004762 0.001190 0.001190 0.001190 0.000000 0.001190 0.004762 0.009524 0.013095 0.038095 0.009524 0.011905 0.008333 0.004762 0.003571
0.004762 0.003571 0.003571 0.002381 0.003571 0.003571 0.002381 0.003571 0.003571 0.003571 0.003571 0.004762 0.002381 0.001190 0.007143 0.000000 0.000000 0.000000 0.000000 0.000000 0.000000 0.000000 0.000000 0.020238 0.019048 0.017857 0.016667 0.009524 0.010714 0.007143 0.004762 0.002381 0.004762 0.011905 0.013095 0.011905 0.011905 0.002381 0.002381 0.008333 0.009524 0.014286 0.019048 0.000000 0.000000 0.002381 0.004762 0.003571 0.004762 0.004762 0.000000 0.000000 0.000000 0.001190 0.003571 0.002381 0.013095 0.023810 0.019048 0.000000 0.004762 0.003571 0.001190
0.000000 0.003571 0.004762 0.003571 0.003571 0.004762 0.001190 0.002381 0.002381 0.004762 0.008333 0.007143 0.007143 0.008333 0.009524 0.004762 0.000000 0.000000 0.000000 0.000000 0.000000 0.000000 0.000000 0.021429 0.019048 0.019048 0.017857 0.011905 0.008333 0.011905 0.004762 0.005952 0.009524 0.008333 0.010714 0.011905 0.011905 0.014286 0.004762 0.000000 0.000000 0.013095 0.000000 0.015476 0.000000 0.000000 0.002381 0.000000 0.001190 0.001190 0.000000 0.000000 0.000000 0.000000 0.005952 0.007143 0.009524 0.015476 0.017857 0.000000 0.000000 0.001190 0.003571
0.044048 0.000000 0.002381 0.001190 0.001190 0.001190 0.002381 0.002381 0.002381 0.005952 0.004762 0.003571 0.005952 0.009524 0.009524 0.008333 0.000000 0.000000 0.000000 0.000000 0.000000 0.000000 0.000000 0.011905 0.017857 0.015476 0.020238 0.014286 0.015476 0.014286 0.005952 0.007143 0.007143 0.005952 0.008333 0.009524 0.009524 0.008333 0.011905 0.019048 0.000000 0.000000 0.002381 0.007143 0.000000 0.000000 0.000000 0.000000 0.000000 0.000000 0.000000 0.000000 0.000000 0.000000 0.004762 0.008333 0.014286 0.011905 0.013095 0.000000 0.000000 0.004762 0.004762
0.047619 0.052381 0.002381 0.001190 0.001190 0.003571 0.004762 0.002381 0.002381 0.003571 0.003571 0.005952 0.009524 0.007143 0.011905 0.000000 0.000000 0.000000 0.000000 0.000000 0.000000 0.000000 0.000000 0.014286 0.013095 0.015476 0.019048 0.022619 0.020238 0.010714 0.007143 0.011905 0.008333 0.009524 0.008333 0.009524 0.009524 0.005952 0.010714 0.014286 0.003571 0.000000 0.002381 0.008333 0.000000 0.000000 0.000000 0.000000 0.000000 0.000000 0.000000 0.000000 0.000000 0.004762 0.009524 0.009524 0.011905 0.011905 0.014286 0.011905 0.000000 0.000000 0.001190
0.001190 0.052381 0.001190 0.004762 0.004762 0.004762 0.003571 0.005952 0.005952 0.003571 0.003571 0.004762 0.007143 0.011905 0.016667 0.022619 0.020238 0.000000 0.000000 0.000000 0.000000 0.015476 0.016667 0.000000 0.013095 0.017857 0.013095 0.023810 0.017857 0.015476 0.011905 0.014286 0.007143 0.009524 0.011905 0.009524 0.008333 0.011905 0.014286 0.013095 0.003571 0.000000 0.000000 0.000000 0.001190 0.000000 0.000000 0.000000 0.000000 0.000000 0.000000 0.000000 0.003571 0.007143 0.009524 0.009524 0.010714 0.013095 0.011905 0.000000 0.000000 0.002381 0.002381
0.000000 0.052381 0.054762 0.004762 0.004762 0.003571 0.002381 0.004762 0.004762 0.004762 0.004762 0.004762 0.009524 0.014286 0.021429 0.020238 0.021429 0.000000 0.000000 0.000000 0.000000 0.014286 0.014286 0.000000 0.010714 0.011905 0.014286 0.021429 0.019048 0.020238 0.008333 0.004762 0.009524 0.010714 0.003571 0.013095 0.011905 0.011905 0.015476 0.015476 0.000000 0.001190 0.002381 0.002381 0.001190 0.000000 0.000000 0.000000 0.000000 0.000000 0.000000 0.000000 0.000000 0.007143 0.009524 0.009524 0.013095 0.011905 0.011905 0.000000 0.003571 0.005952 0.005952
0.000000 0.001190 0.052381 0.002381 0.004762 0.003571 0.002381 0.002381 0.003571 0.004762 0.004762 0.002381 0.007143 0.019048 0.022619 0.023810 0.026190 0.000000 0.000000 0.000000 0.000000 0.000000 0.008333 0.005952 0.010714 0.013095 0.010714 0.015476 0.015476 0.019048 0.009524 0.007143 0.005952 0.010714 0.011905 0.004762 0.004762 0.013095 0.014286 0.016667 0.003571 0.002381 0.002381 0.001190 0.001190 0.000000 0.000000 0.000000 0.000000 0.000000 0.000000 0.000000 0.005952 0.005952 0.005952 0.003571 0.021429 0.007143 0.028571 0.000000 0.002381 0.047619 0.023810
0.000000 0.050000 0.050000 0.050000 0.052381 0.052381 0.001190 0.001190 0.001190 0.004762 0.001190 0.003571 0.009524 0.015476 0.022619 0.026190 0.014286 0.000000 0.000000 0.000000 0.008333 0.007143 0.010714 0.007143 0.007143 0.014286 0.013095 0.013095 0.020238 0.019048 0.017857 0.004762 0.004762 0.011905 0.013095 0.013095 0.003571 0.001190 0.001190 0.011905 0.002381 0.002381 0.002381 0.002381 0.001190 0.000000 0.000000 0.000000 0.000000 0.000000 0.000000 0.000000 0.001190 0.001190 0.000000 0.014286 0.014286 0.020238 0.020238 0.039286 0.004762 0.044048 0.054762
0.010714 0.039286 0.046429 0.047619 0.051190 0.053571 0.001190 0.001190 0.001190 0.001190 0.000000 0.004762 0.010714 0.026190 0.046429 0.044048 0.011905 0.007143 0.000000 0.007143 0.004762 0.008333 0.007143 0.004762 0.004762 0.009524 0.013095 0.011905 0.010714 0.014286 0.019048 0.014286 0.011905 0.007143 0.011905 0.014286 0.001190 0.002381 0.003571 0.002381 0.003571 0.001190 0.001190 0.001190 0.001190 0.000000 0.000000 0.000000 0.000000 0.000000 0.000000 0.000000 0.000000 0.008333 0.000000 0.009524 0.013095 0.015476 0.035714 0.034524 0.000000 0.048810 0.102381
0.008333 0.008333 0.010714 0.011905 0.010714 0.016667 0.021429 0.002381 0.007143 0.004762 0.004762 0.003571 0.040476 0.039286 0.042857 0.036905 0.007143 0.007143 0.007143 0.009524 0.000000 0.009524 0.009524 0.008333 0.008333 0.008333 0.014286 0.015476 0.008333 0.015476 0.021429 0.013095 0.008333 0.008333 0.003571 0.000000 0.001190 0.001190 0.001190 0.001190 0.002381 0.002381 0.000000 0.000000 0.000000 0.000000 0.000000 0.000000 0.000000 0.000000 0.000000 0.000000 0.009524 0.008333 0.010714 0.014286 0.023810 0.048810 0.053571 0.066667 0.053571 0.058333 0.097619
0.005952 0.009524 0.009524 0.009524 0.011905 0.016667 0.017857 0.005952 0.007143 0.005952 0.005952 0.010714 0.038095 0.044048 0.025000 0.013095 0.008333 0.007143 0.008333 0.009524 0.000000 0.005952 0.003571 0.003571 0.004762 0.004762 0.004762 0.015476 0.010714 0.015476 0.013095 0.010714 0.009524 0.004762 0.003571 0.001190 0.001190 0.002381 0.001190 0.001190 0.002381 0.001190 0.000000 0.001190 0.000000 0.000000 0.000000 0.000000 0.000000 0.001190 0.000000 0.005952 0.003571 0.005952 0.016667 0.034524 0.051190 0.066667 0.069048 0.059524 0.075000 0.020238 0.020238
0.005952 0.009524 0.011905 0.011905 0.011905 0.020238 0.025000 0.002381 0.003571 0.009524 0.014286 0.014286 0.048810 0.046429 0.019048 0.013095 0.017857 0.008333 0.010714 0.000000 0.007143 0.007143 0.007143 0.007143 0.004762 0.005952 0.003571 0.009524 0.014286 0.019048 0.011905 0.015476 0.011905 0.004762 0.001190 0.002381 0.001190 0.002381 0.001190 0.002381 0.002381 0.001190 0.000000 0.000000 0.000000 0.000000 0.002381 0.003571 0.003571 0.001190 0.001190 0.004762 0.009524 0.017857 0.032143 0.041667 0.047619 0.054762 0.069048 0.050000 0.075000 0.076190 0.020238
0.010714 0.008333 0.014286 0.014286 0.019048 0.023810 0.029762 0.014286 0.015476 0.020238 0.015476 0.015476 0.045238 0.048810 0.022619 0.011905 0.009524 0.009524 0.009524 0.005952 0.008333 0.007143 0.005952 0.007143 0.005952 0.005952 0.005952 0.005952 0.009524 0.011905 0.010714 0.010714 0.007143 0.003571 0.002381 0.001190 0.000000 0.000000 0.000000 0.001190 0.002381 0.002381 0.001190 0.005952 0.001190 0.001190 0.002381 0.003571 0.002381 0.003571 0.003571 0.008333 0.013095 0.028571 0.033333 0.036905 0.041667 0.050000 0.059524 0.046429 0.066667 0.072619 0.021429
0.010714 0.011905 0.015476 0.022619 0.028571 0.035714 0.040476 0.011905 0.010714 0.019048 0.013095 0.019048 0.052381 0.053571 0.020238 0.022619 0.004762 0.008333 0.004762 0.007143 0.005952 0.005952 0.008333 0.005952 0.007143 0.004762 0.009524 0.013095 0.005952 0.008333 0.005952 0.004762 0.010714 0.000000 0.000000 0.001190 0.000000 0.000000 0.000000 0.000000 0.003571 0.001190 0.002381 0.002381 0.010714 0.000000 0.010714 0.002381 0.005952 0.008333 0.014286 0.014286 0.022619 0.029762 0.033333 0.038095 0.047619 0.051190 0.061905 0.050000 0.057143 0.040476 0.020238
0.001190 0.014286 0.016667 0.039286 0.051190 0.052381 0.003571 0.009524 0.013095 0.014286 0.008333 0.069048 0.050000 0.000000 0.029762 0.029762 0.015476 0.009524 0.005952 0.008333 0.007143 0.005952 0.004762 0.005952 0.008333 0.003571 0.007143 0.008333 0.010714 0.009524 0.000000 0.010714 0.000000 0.000000 0.002381 0.000000 0.000000 0.000000 0.000000 0.000000 0.000000 0.000000 0.003571 0.003571 0.007143 0.009524 0.004762 0.005952 0.010714 0.014286 0.015476 0.022619 0.023810 0.029762 0.034524 0.042857 0.045238 0.038095 0.040476 0.048810 0.042857 0.046429 0.050000
0.000000 0.008333 0.011905 0.036905 0.048810 0.046429 0.007143 0.013095 0.013095 0.016667 0.009524 0.051190 0.051190 0.011905 0.039286 0.038095 0.030952 0.009524 0.010714 0.004762 0.003571 0.010714 0.008333 0.008333 0.003571 0.004762 0.007143 0.003571 0.000000 0.008333 0.005952 0.010714 0.008333 0.002381 0.001190 0.003571 0.003571 0.004762 0.005952 0.002381 0.001190 0.000000 0.002381 0.001190 0.001190 0.001190 0.003571 0.003571 0.007143 0.008333 0.013095 0.021429 0.025000 0.026190 0.014286 0.016667 0.001190 0.004762 0.004762 0.026190 0.040476 0.036905 0.045238
0.000000 0.009524 0.014286 0.038095 0.047619 0.048810 0.009524 0.016667 0.015476 0.017857 0.040476 0.042857 0.046429 0.010714 0.009524 0.040476 0.032143 0.010714 0.014286 0.007143 0.009524 0.009524 0.005952 0.009524 0.003571 0.004762 0.004762 0.005952 0.005952 0.002381 0.003571 0.004762 0.003571 0.003571 0.004762 0.003571 0.003571 0.002381 0.002381 0.002381 0.002381 0.000000 0.002381 0.001190 0.002381 0.002381 0.001190 0.002381 0.003571 0.010714 0.010714 0.016667 0.020238 0.021429 0.010714 0.013095 0.001190 0.002381 0.004762 0.004762 0.000000 0.000000 0.000000
0.000000 0.000000 0.026190 0.033333 0.044048 0.030952 0.053571 0.009524 0.020238 0.019048 0.058333 0.066667 0.069048 0.005952 0.005952 0.044048 0.036905 0.025000 0.000000 0.004762 0.008333 0.000000 0.000000 0.008333 0.000000 0.000000 0.003571 0.003571 0.005952 0.000000 0.022619 0.013095 0.019048 0.021429 0.010714 0.004762 0.002381 0.004762 0.002381 0.001190 0.001190 0.000000 0.000000 0.000000 0.002381 0.002381 0.001190 0.002381 0.002381 0.007143 0.009524 0.010714 0.011905 0.013095 0.011905 0.013095 0.011905 0.011905 0.001190 0.000000 0.001190 0.000000 0.000000
