FireSTARR/test/output/NOR/NOR072/2018-07-20_0000/intensity_L_214_2018-08-02.asc
ncols         501
nrows         461
xllcorner     524143.378600
yllcorner     5235202.364000
cellsize      100.000000
NODATA_value  0.000000
[rows 140 to 167 of 461, columns 189 to 251 of 501]
0.000000 0.026190 0.004762 0.013095 0.011905 0.014286 0.019048 0.013095 0.010714 0.011905 0.011905 0.013095 0.002381 0.001190 0.003571 0.027381 0.027381 0.013095 0.013095 0.008333 0.002381 0.001190 0.000000 0.003571 0.002381 0.008333 0.016667 0.008333 0.004762 0.005952 0.002381 0.000000 0.003571 0.001190 0.002381 0.021429 0.015476 0.017857 0.021429 0.027381 0.027381 0.036905 0.003571 0.102381 0.105952 0.104762 0.010714 0.011905 0.008333 0.045238 0.008333 0.004762 0.001190 0.054762 0.051190 0.011905 0.013095 0.015476 0.003571 0.008333 0.008333 0.004762 0.007143
0.002381 0.002381 0.003571 0.014286 0.010714 0.013095 0.009524 0.008333 0.002381 0.001190 0.001190 0.002381 0.001190 0.003571 0.003571 0.032143 0.007143 0.013095 0.010714 0.009524 0.000000 0.000000 0.001190 0.007143 0.008333 0.008333 0.011905 0.010714 0.019048 0.007143 0.000000 0.000000 0.000000 0.000000 0.002381 0.001190 0.023810 0.023810 0.035714 0.033333 0.047619 0.050000 0.002381 0.002381 0.010714 0.113095 0.108333 0.100000 0.044048 0.047619 0.003571 0.001190 0.002381 0.003571 0.005952 0.004762 0.010714 0.010714 0.010714 0.011905 0.008333 0.005952 0.007143
0.001190 0.000000 0.002381 0.014286 0.009524 0.009524 0.007143 0.004762 0.002381 0.000000 0.001190 0.002381 0.002381 0.004762 0.026190 0.032143 0.011905 0.013095 0.013095 0.000000 0.000000 0.001190 0.002381 0.004762 0.007143 0.005952 0.007143 0.013095 0.013095 0.007143 0.003571 0.015476 0.000000 0.000000 0.000000 0.001190 0.007143 0.005952 0.020238 0.017857 0.026190 0.026190 0.021429 0.003571 0.001190 0.002381 0.123810 0.122619 0.125000 0.007143 0.003571 0.004762 0.005952 0.003571 0.008333 0.007143 0.013095 0.009524 0.014286 0.013095 0.008333 0.005952 0.005952
0.010714 0.001190 0.011905 0.010714 0.009524 0.005952 0.014286 0.008333 0.003571 0.000000 0.001190 0.001190 0.002381 0.003571 0.029762 0.010714 0.011905 0.011905 0.000000 0.000000 0.001190 0.000000 0.000000 0.001190 0.000000 0.004762 0.007143 0.002381 0.003571 0.009524 0.003571 0.016667 0.000000 0.000000 0.000000 0.005952 0.004762 0.003571 0.005952 0.020238 0.029762 0.032143 0.029762 0.003571 0.004762 0.002381 0.003571 0.003571 0.002381 0.135714 0.002381 0.002381 0.002381 0.004762 0.000000 0.008333 0.005952 0.010714 0.010714 0.011905 0.004762 0.004762 0.003571
0.009524 0.008333 0.010714 0.009524 0.009524 0.008333 0.007143 0.007143 0.002381 0.000000 0.001190 0.001190 0.004762 0.004762 0.029762 0.014286 0.013095 0.009524 0.001190 0.001190 0.002381 0.004762 0.002381 0.011905 0.011905 0.010714 0.005952 0.002381 0.002381 0.002381 0.017857 0.014286 0.005952 0.000000 0.000000 0.000000 0.000000 0.003571 0.076190 0.019048 0.027381 0.032143 0.034524 0.030952 0.003571 0.003571 0.003571 0.003571 0.003571 0.003571 0.139286 0.003571 0.004762 0.005952 0.001190 0.139286 0.004762 0.013095 0.033333 0.010714 0.014286 0.008333 0.030952
0.013095 0.009524 0.008333 0.009524 0.009524 0.000000 0.000000 0.001190 0.001190 0.000000 0.001190 0.000000 0.003571 0.004762 0.028571 0.032143 0.013095 0.009524 0.002381 0.004762 0.002381 0.001190 0.003571 0.004762 0.013095 0.013095 0.005952 0.003571 0.004762 0.005952 0.016667 0.009524 0.008333 0.005952 0.000000 0.000000 0.000000 0.004762 0.005952 0.078571 0.019048 0.032143 0.028571 0.033333 0.027381 0.003571 0.002381 0.003571 0.001190 0.004762 0.139286 0.003571 0.003571 0.007143 0.003571 0.000000 0.148810 0.003571 0.032143 0.016667 0.015476 0.010714 0.027381
0.014286 0.013095 0.009524 0.011905 0.017857 0.000000 0.000000 0.001190 0.000000 0.000000 0.001190 0.002381 0.003571 0.003571 0.002381 0.032143 0.009524 0.002381 0.003571 0.002381 0.000000 0.001190 0.000000 0.001190 0.003571 0.009524 0.007143 0.008333 0.013095 0.015476 0.016667 0.014286 0.005952 0.008333 0.000000 0.000000 0.000000 0.000000 0.000000 0.076190 0.088095 0.027381 0.104762 0.028571 0.028571 0.025000 0.001190 0.001190 0.001190 0.004762 0.002381 0.002381 0.001190 0.003571 0.003571 0.005952 0.005952 0.150000 0.025000 0.029762 0.017857 0.032143 0.028571
0.016667 0.014286 0.008333 0.008333 0.010714 0.000000 0.005952 0.004762 0.004762 0.001190 0.002381 0.004762 0.003571 0.005952 0.003571 0.030952 0.011905 0.014286 0.002381 0.001190 0.001190 0.000000 0.001190 0.001190 0.001190 0.010714 0.005952 0.002381 0.013095 0.004762 0.005952 0.008333 0.005952 0.005952 0.000000 0.000000 0.000000 0.000000 0.000000 0.000000 0.000000 0.032143 0.000000 0.000000 0.028571 0.026190 0.001190 0.000000 0.002381 0.007143 0.000000 0.004762 0.002381 0.003571 0.003571 0.003571 0.002381 0.003571 0.003571 0.010714 0.016667 0.034524 0.035714
0.015476 0.015476 0.010714 0.014286 0.008333 0.004762 0.005952 0.003571 0.005952 0.003571 0.005952 0.004762 0.004762 0.008333 0.003571 0.026190 0.034524 0.010714 0.001190 0.002381 0.002381 0.000000 0.001190 0.002381 0.001190 0.008333 0.007143 0.004762 0.009524 0.004762 0.005952 0.005952 0.005952 0.003571 0.000000 0.000000 0.000000 0.000000 0.021429 0.017857 0.000000 0.000000 0.032143 0.126190 0.005952 0.005952 0.004762 0.005952 0.004762 0.005952 0.010714 0.139286 0.003571 0.002381 0.001190 0.003571 0.004762 0.003571 0.017857 0.026190 0.014286 0.029762 0.028571
0.014286 0.017857 0.013095 0.010714 0.004762 0.005952 0.005952 0.004762 0.005952 0.004762 0.011905 0.011905 0.010714 0.007143 0.007143 0.004762 0.035714 0.000000 0.000000 0.001190 0.001190 0.000000 0.000000 0.000000 0.000000 0.005952 0.004762 0.010714 0.007143 0.007143 0.005952 0.002381 0.007143 0.000000 0.000000 0.000000 0.000000 0.015476 0.026190 0.022619 0.030952 0.007143 0.000000 0.008333 0.007143 0.005952 0.009524 0.007143 0.004762 0.005952 0.005952 0.139286 0.004762 0.005952 0.005952 0.004762 0.009524 0.005952 0.001190 0.030952 0.025000 0.027381 0.005952
0.014286 0.016667 0.010714 0.003571 0.003571 0.005952 0.005952 0.003571 0.008333 0.009524 0.014286 0.007143 0.015476 0.013095 0.008333 0.008333 0.038095 0.002381 0.002381 0.001190 0.001190 0.001190 0.000000 0.000000 0.001190 0.004762 0.011905 0.009524 0.005952 0.003571 0.002381 0.007143 0.005952 0.000000 0.000000 0.000000 0.000000 0.020238 0.027381 0.023810 0.026190 0.032143 0.007143 0.008333 0.005952 0.004762 0.009524 0.010714 0.007143 0.002381 0.004762 0.141667 0.008333 0.002381 0.002381 0.007143 0.004762 0.008333 0.003571 0.032143 0.020238 0.021429 0.004762
0.015476 0.000000 0.000000 0.000000 0.001190 0.004762 0.005952 0.004762 0.011905 0.014286 0.015476 0.014286 0.004762 0.013095 0.010714 0.040476 0.041667 0.003571 0.003571 0.001190 0.001190 0.001190 0.000000 0.001190 0.000000 0.014286 0.016667 0.019048 0.017857 0.011905 0.011905 0.023810 0.023810 0.075000 0.000000 0.000000 0.021429 0.020238 0.021429 0.020238 0.021429 0.029762 0.032143 0.028571 0.005952 0.004762 0.005952 0.007143 0.007143 0.003571 0.059524 0.075000 0.146429 0.004762 0.003571 0.004762 0.005952 0.004762 0.004762 0.039286 0.029762 0.026190 0.004762
0.003571 0.000000 0.000000 0.000000 0.000000 0.002381 0.011905 0.011905 0.017857 0.025000 0.020238 0.007143 0.007143 0.014286 0.009524 0.040476 0.003571 0.001190 0.003571 0.002381 0.001190 0.001190 0.001190 0.000000 0.001190 0.016667 0.021429 0.000000 0.016667 0.016667 0.020238 0.026190 0.011905 0.026190 0.000000 0.015476 0.015476 0.011905 0.010714 0.015476 0.047619 0.014286 0.022619 0.065476 0.030952 0.007143 0.008333 0.005952 0.003571 0.005952 0.058333 0.079762 0.010714 0.014286 0.161905 0.004762 0.004762 0.007143 0.005952 0.005952 0.034524 0.029762 0.009524
0.003571 0.000000 0.000000 0.000000 0.000000 0.000000 0.000000 0.020238 0.019048 0.022619 0.004762 0.007143 0.026190 0.020238 0.011905 0.039286 0.001190 0.000000 0.000000 0.001190 0.001190 0.001190 0.000000 0.000000 0.000000 0.000000 0.019048 0.000000 0.000000 0.000000 0.015476 0.021429 0.005952 0.008333 0.013095 0.022619 0.009524 0.005952 0.002381 0.005952 0.007143 0.029762 0.035714 0.045238 0.060714 0.030952 0.003571 0.002381 0.002381 0.007143 0.010714 0.076190 0.004762 0.158333 0.155952 0.166667 0.003571 0.004762 0.003571 0.004762 0.005952 0.030952 0.013095
0.014286 0.017857 0.021429 0.020238 0.020238 0.019048 0.021429 0.022619 0.026190 0.010714 0.010714 0.002381 0.010714 0.029762 0.030952 0.038095 0.000000 0.000000 0.000000 0.000000 0.000000 0.000000 0.000000 0.000000 0.000000 0.000000 0.000000 0.009524 0.000000 0.000000 0.009524 0.017857 0.020238 0.020238 0.021429 0.026190 0.008333 0.007143 0.003571 0.004762 0.004762 0.007143 0.015476 0.015476 0.050000 0.032143 0.029762 0.028571 0.005952 0.008333 0.011905 0.070238 0.008333 0.005952 0.004762 0.165476 0.004762 0.004762 0.002381 0.007143 0.008333 0.005952 0.016667
0.009524 0.015476 0.021429 0.004762 0.022619 0.027381 0.023810 0.027381 0.013095 0.014286 0.014286 0.003571 0.004762 0.015476 0.009524 0.038095 0.000000 0.000000 0.000000 0.000000 0.000000 0.001190 0.000000 0.000000 0.001190 0.001190 0.000000 0.000000 0.000000 0.008333 0.003571 0.004762 0.005952 0.007143 0.011905 0.025000 0.026190 0.025000 0.022619 0.026190 0.023810 0.021429 0.010714 0.008333 0.017857 0.051190 0.055952 0.019048 0.027381 0.008333 0.013095 0.067857 0.070238 0.004762 0.002381 0.159524 0.005952 0.004762 0.007143 0.007143 0.003571 0.011905 0.011905
0.013095 0.016667 0.023810 0.028571 0.000000 0.027381 0.025000 0.028571 0.009524 0.009524 0.010714 0.010714 0.010714 0.000000 0.003571 0.007143 0.000000 0.000000 0.000000 0.000000 0.001190 0.002381 0.000000 0.000000 0.001190 0.003571 0.000000 0.001190 0.001190 0.008333 0.005952 0.007143 0.005952 0.004762 0.005952 0.004762 0.004762 0.009524 0.015476 0.021429 0.022619 0.028571 0.033333 0.032143 0.027381 0.022619 0.054762 0.064286 0.030952 0.030952 0.017857 0.073810 0.076190 0.003571 0.002381 0.002381 0.003571 0.005952 0.001190 0.004762 0.007143 0.010714 0.013095
0.015476 0.020238 0.027381 0.001190 0.000000 0.026190 0.028571 0.029762 0.003571 0.009524 0.011905 0.011905 0.011905 0.001190 0.010714 0.000000 0.007143 0.000000 0.000000 0.002381 0.001190 0.000000 0.000000 0.000000 0.001190 0.000000 0.001190 0.001190 0.002381 0.010714 0.002381 0.004762 0.007143 0.005952 0.004762 0.005952 0.005952 0.004762 0.005952 0.008333 0.017857 0.014286 0.021429 0.028571 0.039286 0.052381 0.061905 0.077381 0.027381 0.011905 0.014286 0.015476 0.011905 0.083333 0.002381 0.008333 0.003571 0.003571 0.004762 0.003571 0.005952 0.011905 0.015476
0.013095 0.016667 0.026190 0.001190 0.002381 0.028571 0.026190 0.028571 0.010714 0.011905 0.013095 0.001190 0.001190 0.000000 0.000000 0.001190 0.001190 0.015476 0.000000 0.001190 0.001190 0.000000 0.000000 0.000000 0.000000 0.000000 0.000000 0.001190 0.009524 0.010714 0.008333 0.011905 0.010714 0.007143 0.009524 0.004762 0.003571 0.003571 0.004762 0.005952 0.009524 0.014286 0.015476 0.028571 0.036905 0.047619 0.025000 0.022619 0.010714 0.008333 0.009524 0.017857 0.071429 0.080952 0.005952 0.009524 0.008333 0.007143 0.004762 0.005952 0.004762 0.002381 0.011905
0.011905 0.016667 0.025000 0.021429 0.021429 0.000000 0.000000 0.001190 0.003571 0.001190 0.014286 0.003571 0.001190 0.001190 0.000000 0.001190 0.001190 0.011905 0.001190 0.002381 0.002381 0.000000 0.000000 0.000000 0.000000 0.000000 0.001190 0.013095 0.009524 0.009524 0.010714 0.000000 0.014286 0.013095 0.010714 0.008333 0.002381 0.003571 0.002381 0.004762 0.009524 0.009524 0.016667 0.032143 0.020238 0.067857 0.077381 0.022619 0.026190 0.009524 0.013095 0.000000 0.033333 0.028571 0.079762 0.007143 0.004762 0.005952 0.002381 0.001190 0.001190 0.003571 0.004762
0.000000 0.009524 0.015476 0.013095 0.021429 0.022619 0.000000 0.001190 0.005952 0.007143 0.010714 0.002381 0.002381 0.001190 0.001190 0.001190 0.002381 0.011905 0.013095 0.000000 0.000000 0.001190 0.000000 0.000000 0.000000 0.000000 0.001190 0.017857 0.019048 0.007143 0.010714 0.019048 0.000000 0.001190 0.009524 0.007143 0.002381 0.003571 0.003571 0.001190 0.005952 0.010714 0.014286 0.029762 0.045238 0.060714 0.072619 0.032143 0.003571 0.005952 0.022619 0.000000 0.025000 0.025000 0.067857 0.083333 0.005952 0.005952 0.002381 0.001190 0.003571 0.001190 0.005952
0.010714 0.010714 0.013095 0.004762 0.011905 0.023810 0.000000 0.002381 0.011905 0.010714 0.010714 0.000000 0.002381 0.022619 0.003571 0.002381 0.002381 0.000000 0.001190 0.000000 0.000000 0.000000 0.000000 0.000000 0.001190 0.001190 0.001190 0.001190 0.017857 0.011905 0.010714 0.015476 0.000000 0.015476 0.013095 0.009524 0.005952 0.003571 0.002381 0.001190 0.005952 0.009524 0.011905 0.028571 0.040476 0.053571 0.077381 0.029762 0.008333 0.007143 0.026190 0.026190 0.027381 0.027381 0.033333 0.080952 0.080952 0.001190 0.001190 0.001190 0.002381 0.002381 0.002381
0.000000 0.000000 0.013095 0.003571 0.014286 0.020238 0.000000 0.002381 0.002381 0.001190 0.001190 0.000000 0.000000 0.022619 0.021429 0.019048 0.020238 0.000000 0.000000 0.000000 0.019048 0.001190 0.001190 0.001190 0.002381 0.001190 0.002381 0.002381 0.017857 0.009524 0.011905 0.000000 0.000000 0.011905 0.011905 0.009524 0.005952 0.004762 0.003571 0.004762 0.003571 0.014286 0.010714 0.023810 0.034524 0.050000 0.077381 0.033333 0.000000 0.000000 0.007143 0.008333 0.010714 0.036905 0.032143 0.028571 0.085714 0.085714 0.185714 0.003571 0.007143 0.008333 0.005952
0.004762 0.009524 0.013095 0.005952 0.014286 0.020238 0.023810 0.027381 0.011905 0.003571 0.002381 0.001190 0.004762 0.021429 0.011905 0.016667 0.022619 0.022619 0.017857 0.021429 0.022619 0.001190 0.001190 0.001190 0.000000 0.000000 0.000000 0.000000 0.015476 0.007143 0.014286 0.000000 0.001190 0.008333 0.013095 0.013095 0.005952 0.005952 0.004762 0.007143 0.011905 0.016667 0.020238 0.026190 0.038095 0.050000 0.073810 0.000000 0.000000 0.000000 0.000000 0.007143 0.009524 0.015476 0.030952 0.060714 0.072619 0.075000 0.096429 0.188095 0.005952 0.007143 0.010714
0.009524 0.014286 0.013095 0.007143 0.013095 0.015476 0.009524 0.021429 0.011905 0.005952 0.005952 0.004762 0.004762 0.020238 0.011905 0.010714 0.013095 0.013095 0.017857 0.014286 0.025000 0.001190 0.000000 0.000000 0.000000 0.001190 0.001190 0.023810 0.020238 0.007143 0.010714 0.009524 0.001190 0.009524 0.011905 0.010714 0.009524 0.007143 0.008333 0.013095 0.020238 0.022619 0.029762 0.033333 0.028571 0.044048 0.066667 0.000000 0.000000 0.000000 0.007143 0.004762 0.007143 0.010714 0.029762 0.066667 0.069048 0.016667 0.082143 0.101190 0.005952 0.007143 0.005952
0.013095 0.004762 0.005952 0.005952 0.010714 0.014286 0.005952 0.008333 0.011905 0.004762 0.011905 0.011905 0.003571 0.027381 0.015476 0.013095 0.007143 0.011905 0.010714 0.022619 0.029762 0.029762 0.001190 0.000000 0.000000 0.000000 0.001190 0.022619 0.013095 0.008333 0.008333 0.015476 0.014286 0.004762 0.016667 0.014286 0.013095 0.010714 0.014286 0.023810 0.047619 0.040476 0.041667 0.035714 0.042857 0.038095 0.003571 0.000000 0.000000 0.000000 0.003571 0.008333 0.010714 0.027381 0.026190 0.036905 0.091667 0.013095 0.008333 0.090476 0.004762 0.004762 0.003571
0.005952 0.007143 0.007143 0.004762 0.005952 0.010714 0.005952 0.010714 0.011905 0.013095 0.019048 0.017857 0.004762 0.023810 0.020238 0.014286 0.014286 0.014286 0.015476 0.025000 0.005952 0.029762 0.000000 0.001190 0.000000 0.000000 0.000000 0.022619 0.017857 0.009524 0.011905 0.011905 0.003571 0.002381 0.002381 0.014286 0.011905 0.015476 0.035714 0.053571 0.045238 0.029762 0.045238 0.042857 0.040476 0.001190 0.004762 0.005952 0.007143 0.001190 0.004762 0.004762 0.007143 0.009524 0.027381 0.030952 0.105952 0.009524 0.009524 0.090476 0.094048 0.008333 0.003571
0.005952 0.004762 0.004762 0.003571 0.001190 0.008333 0.009524 0.015476 0.010714 0.011905 0.011905 0.013095 0.003571 0.003571 0.019048 0.019048 0.019048 0.021429 0.017857 0.028571 0.005952 0.002381 0.001190 0.000000 0.000000 0.000000 0.000000 0.001190 0.022619 0.010714 0.015476 0.004762 0.001190 0.001190 0.001190 0.013095 0.015476 0.041667 0.044048 0.032143 0.030952 0.020238 0.000000 0.001190 0.035714 0.001190 0.002381 0.010714 0.007143 0.003571 0.002381 0.008333 0.004762 0.009524 0.027381 0.032143 0.029762 0.008333 0.008333 0.011905 0.084524 0.007143 0.009524
