FireSTARR/test/output/NOR/NOR072/2018-07-20_0000/intensity_M_202_2018-07-21.asc
ncols         360
nrows         311
xllcorner     529943.378600
yllcorner     5243502.364000
cellsize      100.000000
NODATA_value  0.000000
[rows 112 to 139 of 311, columns 189 to 251 of 360]
0.000000 0.000000 0.009524 0.033333 0.042857 0.014286 0.050000 0.064286 0.060714 0.030952 0.070238 0.066667 0.017857 0.005952 0.004762 0.010714 0.044048 0.028571 0.009524 0.004762 0.000000 0.000000 0.000000 0.005952 0.000000 0.004762 0.002381 0.004762 0.017857 0.025000 0.038095 0.030952 0.022619 0.028571 0.017857 0.007143 0.005952 0.004762 0.003571 0.001190 0.001190 0.000000 0.000000 0.000000 0.001190 0.002381 0.002381 0.002381 0.002381 0.003571 0.008333 0.008333 0.008333 0.008333 0.005952 0.004762 0.004762 0.002381 0.004762 0.004762 0.003571 0.000000 0.000000
0.009524 0.013095 0.010714 0.011905 0.014286 0.015476 0.044048 0.069048 0.061905 0.057143 0.076190 0.017857 0.016667 0.008333 0.003571 0.004762 0.035714 0.000000 0.005952 0.000000 0.000000 0.000000 0.008333 0.002381 0.002381 0.001190 0.001190 0.132143 0.016667 0.021429 0.047619 0.039286 0.052381 0.058333 0.025000 0.009524 0.007143 0.004762 0.002381 0.004762 0.001190 0.000000 0.000000 0.001190 0.001190 0.002381 0.002381 0.002381 0.003571 0.003571 0.003571 0.005952 0.008333 0.007143 0.007143 0.003571 0.004762 0.005952 0.003571 0.003571 0.001190 0.000000 0.000000
0.008333 0.007143 0.008333 0.008333 0.015476 0.016667 0.051190 0.070238 0.063095 0.064286 0.016667 0.008333 0.005952 0.007143 0.008333 0.004762 0.026190 0.005952 0.000000 0.000000 0.000000 0.010714 0.013095 0.005952 0.000000 0.001190 0.001190 0.155952 0.119048 0.094048 0.039286 0.020238 0.020238 0.035714 0.039286 0.011905 0.009524 0.003571 0.003571 0.003571 0.001190 0.003571 0.002381 0.001190 0.001190 0.002381 0.001190 0.001190 0.003571 0.002381 0.003571 0.005952 0.004762 0.007143 0.001190 0.000000 0.000000 0.002381 0.000000 0.000000 0.000000 0.000000 0.000000
0.008333 0.007143 0.009524 0.010714 0.014286 0.017857 0.057143 0.066667 0.064286 0.014286 0.010714 0.014286 0.004762 0.005952 0.004762 0.004762 0.021429 0.000000 0.000000 0.000000 0.000000 0.004762 0.002381 0.000000 0.002381 0.001190 0.191667 0.166667 0.145238 0.066667 0.041667 0.025000 0.029762 0.008333 0.016667 0.026190 0.008333 0.003571 0.003571 0.002381 0.000000 0.000000 0.002381 0.001190 0.002381 0.002381 0.001190 0.001190 0.001190 0.002381 0.001190 0.001190 0.003571 0.003571 0.001190 0.001190 0.000000 0.001190 0.000000 0.000000 0.000000 0.000000 0.000000
0.007143 0.000000 0.008333 0.009524 0.011905 0.035714 0.058333 0.067857 0.061905 0.008333 0.011905 0.005952 0.003571 0.007143 0.004762 0.004762 0.016667 0.030952 0.000000 0.000000 0.009524 0.002381 0.002381 0.001190 0.002381 0.001190 0.001190 0.161905 0.001190 0.003571 0.002381 0.044048 0.001190 0.005952 0.009524 0.036905 0.011905 0.004762 0.002381 0.004762 0.003571 0.000000 0.001190 0.001190 0.002381 0.001190 0.000000 0.000000 0.001190 0.002381 0.002381 0.000000 0.002381 0.000000 0.004762 0.000000 0.000000 0.000000 0.000000 0.000000 0.000000 0.000000 0.000000
0.000000 0.000000 0.009524 0.009524 0.013095 0.026190 0.069048 0.070238 0.066667 0.072619 0.011905 0.008333 0.003571 0.002381 0.004762 0.003571 0.044048 0.034524 0.110714 0.077381 0.003571 0.003571 0.001190 0.001190 0.001190 0.001190 0.001190 0.140476 0.001190 0.002381 0.004762 0.005952 0.003571 0.003571 0.009524 0.030952 0.015476 0.005952 0.003571 0.007143 0.004762 0.003571 0.000000 0.000000 0.001190 0.001190 0.002381 0.000000 0.000000 0.001190 0.001190 0.004762 0.001190 0.002381 0.000000 0.001190 0.000000 0.000000 0.000000 0.000000 0.000000 0.000000 0.000000
0.008333 0.010714 0.008333 0.008333 0.011905 0.042857 0.070238 0.070238 0.071429 0.073810 0.009524 0.005952 0.004762 0.002381 0.000000 0.001190 0.028571 0.103571 0.083333 0.069048 0.003571 0.001190 0.001190 0.007143 0.003571 0.000000 0.002381 0.000000 0.001190 0.000000 0.001190 0.003571 0.003571 0.004762 0.008333 0.025000 0.008333 0.007143 0.004762 0.003571 0.003571 0.008333 0.003571 0.000000 0.002381 0.002381 0.000000 0.000000 0.000000 0.000000 0.000000 0.003571 0.003571 0.001190 0.001190 0.001190 0.000000 0.000000 0.000000 0.000000 0.000000 0.000000 0.000000
0.007143 0.009524 0.016667 0.030952 0.040476 0.046429 0.064286 0.077381 0.076190 0.076190 0.010714 0.002381 0.005952 0.007143 0.005952 0.034524 0.030952 0.077381 0.066667 0.059524 0.003571 0.005952 0.004762 0.004762 0.004762 0.001190 0.001190 0.002381 0.002381 0.002381 0.001190 0.003571 0.004762 0.003571 0.007143 0.007143 0.013095 0.009524 0.007143 0.004762 0.011905 0.010714 0.005952 0.003571 0.000000 0.003571 0.000000 0.000000 0.000000 0.000000 0.002381 0.000000 0.000000 0.000000 0.000000 0.000000 0.000000 0.000000 0.000000 0.000000 0.000000 0.000000 0.000000
0.013095 0.015476 0.015476 0.046429 0.046429 0.055952 0.063095 0.070238 0.071429 0.092857 0.009524 0.002381 0.004762 0.000000 0.001190 0.036905 0.027381 0.071429 0.063095 0.003571 0.005952 0.003571 0.005952 0.008333 0.003571 0.000000 0.001190 0.001190 0.001190 0.002381 0.005952 0.000000 0.002381 0.002381 0.007143 0.032143 0.016667 0.015476 0.010714 0.010714 0.013095 0.010714 0.014286 0.007143 0.008333 0.002381 0.000000 0.000000 0.000000 0.000000 0.000000 0.000000 0.000000 0.000000 0.004762 0.003571 0.000000 0.000000 0.000000 0.000000 0.000000 0.000000 0.000000
0.000000 0.015476 0.023810 0.041667 0.048810 0.060714 0.055952 0.072619 0.075000 0.083333 0.007143 0.004762 0.002381 0.001190 0.004762 0.005952 0.067857 0.057143 0.054762 0.000000 0.004762 0.008333 0.004762 0.003571 0.008333 0.000000 0.000000 0.001190 0.001190 0.002381 0.005952 0.001190 0.002381 0.004762 0.048810 0.039286 0.028571 0.015476 0.013095 0.010714 0.011905 0.014286 0.000000 0.011905 0.008333 0.000000 0.000000 0.000000 0.000000 0.000000 0.001190 0.000000 0.001190 0.003571 0.003571 0.004762 0.000000 0.000000 0.000000 0.000000 0.000000 0.000000 0.000000
0.000000 0.009524 0.019048 0.000000 0.050000 0.061905 0.071429 0.039286 0.077381 0.084524 0.008333 0.004762 0.002381 0.002381 0.003571 0.003571 0.059524 0.067857 0.002381 0.001190 0.004762 0.008333 0.003571 0.003571 0.008333 0.000000 0.000000 0.003571 0.002381 0.002381 0.003571 0.000000 0.002381 0.055952 0.048810 0.029762 0.025000 0.014286 0.013095 0.007143 0.004762 0.004762 0.004762 0.014286 0.010714 0.009524 0.000000 0.000000 0.000000 0.000000 0.001190 0.000000 0.002381 0.002381 0.002381 0.001190 0.001190 0.000000 0.000000 0.000000 0.000000 0.000000 0.000000
0.007143 0.013095 0.015476 0.000000 0.032143 0.055952 0.047619 0.067857 0.058333 0.053571 0.004762 0.004762 0.032143 0.003571 0.002381 0.004762 0.003571 0.003571 0.002381 0.003571 0.010714 0.008333 0.002381 0.001190 0.003571 0.000000 0.000000 0.002381 0.003571 0.015476 0.015476 0.015476 0.021429 0.008333 0.015476 0.021429 0.026190 0.020238 0.007143 0.008333 0.000000 0.003571 0.003571 0.017857 0.014286 0.009524 0.004762 0.000000 0.004762 0.001190 0.002381 0.002381 0.000000 0.004762 0.001190 0.001190 0.001190 0.000000 0.001190 0.000000 0.000000 0.000000 0.000000
0.005952 0.007143 0.017857 0.000000 0.000000 0.000000 0.050000 0.063095 0.055952 0.041667 0.028571 0.019048 0.026190 0.041667 0.003571 0.004762 0.003571 0.003571 0.008333 0.008333 0.008333 0.014286 0.008333 0.003571 0.003571 0.079762 0.000000 0.000000 0.004762 0.016667 0.009524 0.007143 0.008333 0.002381 0.009524 0.009524 0.023810 0.003571 0.004762 0.010714 0.009524 0.005952 0.019048 0.004762 0.002381 0.009524 0.004762 0.001190 0.004762 0.002381 0.002381 0.002381 0.002381 0.000000 0.000000 0.003571 0.000000 0.001190 0.000000 0.000000 0.000000 0.000000 0.000000
0.048810 0.052381 0.057143 0.008333 0.013095 0.000000 0.000000 0.036905 0.057143 0.041667 0.020238 0.023810 0.027381 0.072619 0.058333 0.059524 0.002381 0.214286 0.010714 0.254762 0.008333 0.015476 0.014286 0.210714 0.009524 0.000000 0.000000 0.001190 0.000000 0.011905 0.019048 0.005952 0.010714 0.005952 0.007143 0.014286 0.038095 0.038095 0.021429 0.016667 0.016667 0.020238 0.025000 0.009524 0.005952 0.011905 0.009524 0.004762 0.003571 0.003571 0.002381 0.004762 0.005952 0.008333 0.003571 0.003571 0.001190 0.001190 0.000000 0.000000 0.000000 0.000000 0.000000
0.038095 0.057143 0.064286 0.007143 0.007143 0.014286 0.000000 0.036905 0.055952 0.046429 0.026190 0.033333 0.047619 0.072619 0.061905 0.061905 0.028571 0.255952 0.257143 0.258333 0.267857 0.244048 0.223810 0.000000 0.002381 0.007143 0.000000 0.001190 0.010714 0.015476 0.014286 0.010714 0.011905 0.014286 0.001190 0.017857 0.030952 0.029762 0.036905 0.025000 0.019048 0.023810 0.023810 0.004762 0.007143 0.005952 0.009524 0.004762 0.003571 0.003571 0.005952 0.005952 0.007143 0.009524 0.003571 0.007143 0.002381 0.000000 0.000000 0.000000 0.000000 0.000000 0.002381
0.041667 0.045238 0.065476 0.071429 0.077381 0.017857 0.020238 0.025000 0.044048 0.046429 0.026190 0.040476 0.034524 0.069048 0.072619 0.040476 0.026190 0.026190 0.008333 0.279762 0.002381 0.002381 0.226190 0.004762 0.003571 0.004762 0.000000 0.004762 0.011905 0.014286 0.013095 0.015476 0.014286 0.007143 0.014286 0.010714 0.017857 0.028571 0.033333 0.033333 0.032143 0.022619 0.020238 0.008333 0.007143 0.004762 0.011905 0.007143 0.007143 0.004762 0.004762 0.003571 0.003571 0.003571 0.002381 0.005952 0.004762 0.000000 0.000000 0.000000 0.000000 0.000000 0.003571
0.035714 0.045238 0.054762 0.057143 0.073810 0.076190 0.077381 0.029762 0.032143 0.039286 0.000000 0.000000 0.034524 0.033333 0.023810 0.026190 0.007143 0.007143 0.007143 0.001190 0.001190 0.001190 0.000000 0.000000 0.003571 0.003571 0.000000 0.014286 0.007143 0.008333 0.009524 0.025000 0.013095 0.010714 0.010714 0.015476 0.010714 0.014286 0.026190 0.036905 0.028571 0.025000 0.027381 0.007143 0.007143 0.009524 0.010714 0.007143 0.008333 0.004762 0.003571 0.003571 0.002381 0.003571 0.003571 0.004762 0.001190 0.000000 0.000000 0.000000 0.000000 0.005952 0.008333
0.032143 0.039286 0.046429 0.055952 0.053571 0.059524 0.061905 0.035714 0.003571 0.002381 0.003571 0.004762 0.013095 0.022619 0.017857 0.017857 0.011905 0.008333 0.005952 0.027381 0.001190 0.000000 0.054762 0.003571 0.002381 0.005952 0.000000 0.003571 0.003571 0.000000 0.002381 0.017857 0.020238 0.009524 0.014286 0.011905 0.014286 0.016667 0.017857 0.027381 0.034524 0.007143 0.007143 0.007143 0.010714 0.007143 0.022619 0.011905 0.011905 0.005952 0.003571 0.003571 0.001190 0.002381 0.002381 0.002381 0.002381 0.000000 0.000000 0.000000 0.000000 0.008333 0.010714
0.030952 0.034524 0.050000 0.054762 0.065476 0.064286 0.055952 0.044048 0.036905 0.000000 0.025000 0.023810 0.033333 0.030952 0.022619 0.016667 0.022619 0.025000 0.032143 0.003571 0.003571 0.002381 0.061905 0.004762 0.001190 0.004762 0.000000 0.003571 0.000000 0.000000 0.001190 0.011905 0.016667 0.016667 0.013095 0.016667 0.016667 0.016667 0.015476 0.017857 0.026190 0.007143 0.003571 0.003571 0.008333 0.027381 0.026190 0.022619 0.015476 0.011905 0.005952 0.004762 0.008333 0.001190 0.001190 0.001190 0.000000 0.000000 0.000000 0.000000 0.000000 0.016667 0.134524
0.038095 0.032143 0.051190 0.063095 0.042857 0.034524 0.058333 0.058333 0.000000 0.000000 0.000000 0.055952 0.070238 0.067857 0.041667 0.008333 0.030952 0.030952 0.040476 0.003571 0.004762 0.003571 0.003571 0.004762 0.000000 0.000000 0.000000 0.000000 0.000000 0.002381 0.007143 0.010714 0.009524 0.020238 0.014286 0.019048 0.017857 0.016667 0.022619 0.021429 0.027381 0.004762 0.007143 0.005952 0.035714 0.045238 0.028571 0.025000 0.019048 0.011905 0.008333 0.009524 0.009524 0.004762 0.001190 0.003571 0.000000 0.000000 0.000000 0.000000 0.020238 0.015476 0.047619
0.017857 0.022619 0.032143 0.033333 0.045238 0.051190 0.079762 0.091667 0.060714 0.000000 0.000000 0.083333 0.078571 0.073810 0.065476 0.008333 0.063095 0.054762 0.086905 0.000000 0.002381 0.003571 0.065476 0.005952 0.000000 0.000000 0.002381 0.000000 0.002381 0.008333 0.010714 0.003571 0.005952 0.007143 0.008333 0.013095 0.020238 0.017857 0.046429 0.047619 0.004762 0.051190 0.007143 0.047619 0.055952 0.054762 0.041667 0.011905 0.004762 0.005952 0.009524 0.009524 0.005952 0.005952 0.022619 0.016667 0.000000 0.000000 0.000000 0.000000 0.000000 0.027381 0.007143
0.014286 0.019048 0.026190 0.036905 0.050000 0.067857 0.095238 0.097619 0.064286 0.119048 0.000000 0.090476 0.083333 0.067857 0.002381 0.003571 0.005952 0.054762 0.080952 0.130952 0.003571 0.070238 0.055952 0.039286 0.005952 0.003571 0.003571 0.002381 0.013095 0.011905 0.003571 0.010714 0.005952 0.005952 0.008333 0.007143 0.027381 0.030952 0.041667 0.041667 0.054762 0.007143 0.008333 0.065476 0.070238 0.059524 0.035714 0.020238 0.000000 0.000000 0.011905 0.000000 0.007143 0.000000 0.017857 0.013095 0.000000 0.000000 0.000000 0.000000 0.000000 0.038095 0.047619
0.015476 0.023810 0.030952 0.041667 0.051190 0.078571 0.096429 0.115476 0.151190 0.163095 0.153571 0.001190 0.002381 0.003571 0.003571 0.003571 0.007143 0.055952 0.078571 0.003571 0.004762 0.057143 0.009524 0.001190 0.007143 0.007143 0.003571 0.002381 0.002381 0.002381 0.007143 0.008333 0.008333 0.010714 0.025000 0.032143 0.046429 0.044048 0.007143 0.007143 0.004762 0.005952 0.004762 0.064286 0.035714 0.080952 0.075000 0.023810 0.014286 0.009524 0.008333 0.000000 0.000000 0.000000 0.022619 0.000000 0.000000 0.000000 0.000000 0.016667 0.016667 0.033333 0.030952
0.034524 0.033333 0.036905 0.039286 0.059524 0.090476 0.097619 0.030952 0.192857 0.180952 0.083333 0.005952 0.003571 0.002381 0.002381 0.005952 0.007143 0.051190 0.083333 0.003571 0.007143 0.055952 0.005952 0.000000 0.000000 0.004762 0.003571 0.003571 0.004762 0.007143 0.005952 0.009524 0.014286 0.036905 0.009524 0.004762 0.008333 0.039286 0.005952 0.051190 0.048810 0.046429 0.016667 0.084524 0.114286 0.105952 0.088095 0.007143 0.010714 0.000000 0.000000 0.000000 0.000000 0.038095 0.036905 0.000000 0.000000 0.000000 0.000000 0.028571 0.016667 0.000000 0.000000
0.015476 0.039286 0.045238 0.046429 0.044048 0.045238 0.054762 0.032143 0.132143 0.097619 0.083333 0.005952 0.005952 0.007143 0.002381 0.003571 0.008333 0.060714 0.088095 0.003571 0.063095 0.005952 0.009524 0.000000 0.000000 0.001190 0.002381 0.003571 0.004762 0.008333 0.017857 0.030952 0.005952 0.009524 0.021429 0.016667 0.010714 0.016667 0.046429 0.011905 0.010714 0.015476 0.052381 0.007143 0.019048 0.122619 0.133333 0.001190 0.000000 0.000000 0.000000 0.000000 0.000000 0.051190 0.033333 0.000000 0.000000 0.026190 0.025000 0.034524 0.023810 0.000000 0.008333
0.029762 0.044048 0.055952 0.070238 0.079762 0.053571 0.041667 0.028571 0.130952 0.115476 0.104762 0.008333 0.008333 0.005952 0.004762 0.005952 0.069048 0.063095 0.065476 0.069048 0.008333 0.005952 0.000000 0.000000 0.000000 0.005952 0.003571 0.004762 0.004762 0.004762 0.028571 0.027381 0.010714 0.013095 0.008333 0.000000 0.000000 0.000000 0.000000 0.000000 0.021429 0.017857 0.016667 0.023810 0.021429 0.001190 0.003571 0.000000 0.000000 0.000000 0.000000 0.000000 0.000000 0.057143 0.027381 0.000000 0.000000 0.028571 0.005952 0.005952 0.007143 0.000000 0.009524
0.000000 0.045238 0.073810 0.083333 0.083333 0.082143 0.051190 0.028571 0.140476 0.134524 0.005952 0.008333 0.003571 0.002381 0.005952 0.005952 0.004762 0.000000 0.007143 0.065476 0.008333 0.000000 0.000000 0.000000 0.007143 0.003571 0.003571 0.003571 0.003571 0.008333 0.007143 0.041667 0.061905 0.002381 0.000000 0.000000 0.000000 0.013095 0.009524 0.028571 0.027381 0.017857 0.007143 0.005952 0.003571 0.002381 0.007143 0.000000 0.000000 0.000000 0.000000 0.036905 0.092857 0.085714 0.000000 0.000000 0.028571 0.005952 0.005952 0.007143 0.005952 0.007143 0.014286
0.061905 0.077381 0.078571 0.091667 0.092857 0.101190 0.030952 0.028571 0.027381 0.126190 0.107143 0.003571 0.002381 0.004762 0.005952 0.002381 0.000000 0.000000 0.005952 0.009524 0.007143 0.000000 0.000000 0.000000 0.001190 0.004762 0.001190 0.002381 0.003571 0.007143 0.011905 0.008333 0.017857 0.005952 0.005952 0.004762 0.004762 0.000000 0.030952 0.022619 0.002381 0.000000 0.003571 0.000000 0.001190 0.001190 0.004762 0.000000 0.000000 0.000000 0.026190 0.041667 0.125000 0.091667 0.000000 0.000000 0.000000 0.008333 0.008333 0.005952 0.004762 0.010714 0.017857
