FireSTARR/test/output/NOR/NOR072/2018-07-20_0000/intensity_L_203_2018-07-22.asc
ncols         381
nrows         325
xllcorner     527743.378600
yllcorner     5242302.364000
cellsize      100.000000
NODATA_value  0.000000
[rows 252 to 279 of 325, columns 63 to 125 of 381]
0.000000 0.000000 0.000000 0.001190 0.001190 0.000000 0.001190 0.001190 0.002381 0.002381 0.005952 0.005952 0.028571 0.013095 0.019048 0.019048 0.004762 0.007143 0.007143 0.013095 0.008333 0.013095 0.001190 0.003571 0.003571 0.002381 0.002381 0.001190 0.001190 0.003571 0.002381 0.014286 0.016667 0.013095 0.019048 0.030952 0.032143 0.002381 0.004762 0.005952 0.007143 0.009524 0.015476 0.016667 0.010714 0.148810 0.035714 0.025000 0.030952 0.028571 0.022619 0.003571 0.019048 0.003571 0.016667 0.020238 0.020238 0.016667 0.005952 0.148810 0.007143 0.005952 0.015476
0.000000 0.000000 0.000000 0.001190 0.003571 0.001190 0.001190 0.001190 0.001190 0.000000 0.017857 0.020238 0.027381 0.015476 0.017857 0.005952 0.004762 0.004762 0.002381 0.005952 0.007143 0.010714 0.003571 0.003571 0.001190 0.002381 0.003571 0.003571 0.004762 0.004762 0.004762 0.017857 0.016667 0.015476 0.019048 0.026190 0.033333 0.004762 0.004762 0.004762 0.005952 0.017857 0.011905 0.002381 0.003571 0.027381 0.027381 0.033333 0.036905 0.027381 0.009524 0.003571 0.001190 0.003571 0.015476 0.015476 0.014286 0.017857 0.008333 0.123810 0.007143 0.008333 0.007143
0.000000 0.000000 0.000000 0.004762 0.004762 0.003571 0.003571 0.002381 0.003571 0.002381 0.005952 0.015476 0.028571 0.028571 0.015476 0.015476 0.003571 0.005952 0.002381 0.001190 0.003571 0.011905 0.004762 0.005952 0.002381 0.001190 0.002381 0.003571 0.004762 0.007143 0.001190 0.005952 0.004762 0.005952 0.007143 0.030952 0.030952 0.004762 0.003571 0.003571 0.004762 0.004762 0.014286 0.000000 0.001190 0.027381 0.028571 0.025000 0.026190 0.004762 0.000000 0.000000 0.000000 0.002381 0.019048 0.011905 0.017857 0.008333 0.115476 0.122619 0.125000 0.003571 0.003571
0.000000 0.000000 0.000000 0.003571 0.002381 0.001190 0.001190 0.001190 0.001190 0.001190 0.002381 0.016667 0.034524 0.030952 0.010714 0.004762 0.003571 0.011905 0.003571 0.005952 0.010714 0.001190 0.004762 0.004762 0.002381 0.000000 0.001190 0.003571 0.002381 0.005952 0.001190 0.002381 0.004762 0.004762 0.007143 0.034524 0.004762 0.003571 0.005952 0.004762 0.001190 0.005952 0.004762 0.001190 0.003571 0.002381 0.025000 0.023810 0.005952 0.004762 0.002381 0.000000 0.001190 0.005952 0.004762 0.015476 0.020238 0.009524 0.122619 0.122619 0.002381 0.001190 0.040476
0.000000 0.003571 0.003571 0.001190 0.001190 0.001190 0.001190 0.001190 0.001190 0.000000 0.003571 0.013095 0.032143 0.002381 0.014286 0.013095 0.003571 0.004762 0.001190 0.008333 0.013095 0.002381 0.003571 0.001190 0.002381 0.001190 0.002381 0.003571 0.005952 0.003571 0.003571 0.004762 0.003571 0.002381 0.023810 0.026190 0.002381 0.003571 0.003571 0.007143 0.007143 0.005952 0.015476 0.200000 0.002381 0.004762 0.000000 0.025000 0.007143 0.005952 0.007143 0.003571 0.002381 0.007143 0.007143 0.015476 0.015476 0.009524 0.109524 0.003571 0.003571 0.003571 0.046429
0.000000 0.001190 0.001190 0.000000 0.001190 0.002381 0.000000 0.002381 0.000000 0.000000 0.007143 0.016667 0.034524 0.002381 0.001190 0.014286 0.009524 0.010714 0.005952 0.014286 0.016667 0.001190 0.003571 0.001190 0.001190 0.001190 0.001190 0.002381 0.005952 0.004762 0.002381 0.001190 0.001190 0.003571 0.002381 0.005952 0.002381 0.003571 0.005952 0.005952 0.007143 0.007143 0.015476 0.014286 0.009524 0.002381 0.000000 0.001190 0.007143 0.005952 0.005952 0.008333 0.011905 0.013095 0.011905 0.017857 0.015476 0.007143 0.016667 0.015476 0.020238 0.003571 0.041667
0.000000 0.001190 0.000000 0.001190 0.001190 0.001190 0.001190 0.001190 0.000000 0.001190 0.008333 0.021429 0.030952 0.000000 0.000000 0.009524 0.013095 0.003571 0.005952 0.014286 0.015476 0.001190 0.002381 0.002381 0.001190 0.001190 0.002381 0.002381 0.005952 0.004762 0.003571 0.002381 0.001190 0.002381 0.002381 0.004762 0.001190 0.000000 0.003571 0.003571 0.004762 0.004762 0.015476 0.011905 0.010714 0.002381 0.001190 0.002381 0.005952 0.005952 0.007143 0.008333 0.269048 0.004762 0.007143 0.023810 0.025000 0.019048 0.023810 0.023810 0.028571 0.025000 0.038095
0.000000 0.001190 0.001190 0.001190 0.001190 0.001190 0.001190 0.000000 0.000000 0.003571 0.010714 0.020238 0.034524 0.000000 0.000000 0.000000 0.001190 0.007143 0.008333 0.015476 0.014286 0.016667 0.002381 0.003571 0.001190 0.001190 0.001190 0.003571 0.003571 0.007143 0.001190 0.002381 0.002381 0.001190 0.004762 0.007143 0.004762 0.002381 0.005952 0.002381 0.003571 0.004762 0.003571 0.013095 0.008333 0.003571 0.000000 0.002381 0.004762 0.002381 0.005952 0.003571 0.269048 0.005952 0.004762 0.001190 0.001190 0.025000 0.030952 0.004762 0.040476 0.042857 0.044048
0.000000 0.001190 0.001190 0.001190 0.001190 0.001190 0.001190 0.000000 0.002381 0.003571 0.004762 0.019048 0.075000 0.032143 0.000000 0.000000 0.010714 0.008333 0.014286 0.013095 0.007143 0.008333 0.000000 0.115476 0.117857 0.002381 0.004762 0.003571 0.002381 0.003571 0.003571 0.000000 0.004762 0.002381 0.003571 0.004762 0.001190 0.002381 0.005952 0.003571 0.004762 0.003571 0.003571 0.004762 0.002381 0.000000 0.001190 0.005952 0.034524 0.023810 0.023810 0.016667 0.020238 0.008333 0.026190 0.025000 0.004762 0.009524 0.035714 0.010714 0.044048 0.008333 0.010714
0.000000 0.002381 0.001190 0.001190 0.001190 0.001190 0.000000 0.000000 0.002381 0.003571 0.003571 0.009524 0.016667 0.025000 0.029762 0.001190 0.002381 0.013095 0.015476 0.007143 0.002381 0.001190 0.000000 0.116667 0.002381 0.119048 0.004762 0.001190 0.001190 0.002381 0.003571 0.005952 0.004762 0.003571 0.003571 0.002381 0.002381 0.002381 0.004762 0.003571 0.003571 0.004762 0.000000 0.205952 0.211905 0.002381 0.002381 0.008333 0.226190 0.005952 0.005952 0.003571 0.004762 0.026190 0.025000 0.034524 0.007143 0.005952 0.010714 0.008333 0.008333 0.044048 0.051190
0.000000 0.001190 0.001190 0.002381 0.003571 0.004762 0.001190 0.000000 0.001190 0.001190 0.004762 0.008333 0.011905 0.016667 0.032143 0.090476 0.001190 0.001190 0.002381 0.001190 0.002381 0.000000 0.000000 0.000000 0.002381 0.004762 0.003571 0.001190 0.002381 0.001190 0.002381 0.003571 0.005952 0.005952 0.005952 0.002381 0.003571 0.164286 0.001190 0.004762 0.004762 0.002381 0.000000 0.001190 0.033333 0.032143 0.000000 0.004762 0.005952 0.000000 0.005952 0.002381 0.005952 0.007143 0.003571 0.009524 0.038095 0.035714 0.008333 0.008333 0.005952 0.038095 0.030952
0.000000 0.002381 0.001190 0.002381 0.003571 0.002381 0.002381 0.001190 0.002381 0.001190 0.003571 0.004762 0.009524 0.014286 0.000000 0.036905 0.001190 0.001190 0.002381 0.000000 0.002381 0.001190 0.001190 0.000000 0.002381 0.002381 0.002381 0.002381 0.002381 0.001190 0.002381 0.139286 0.144048 0.144048 0.145238 0.139286 0.000000 0.160714 0.166667 0.004762 0.003571 0.001190 0.000000 0.036905 0.000000 0.000000 0.000000 0.022619 0.025000 0.003571 0.000000 0.000000 0.000000 0.004762 0.001190 0.004762 0.008333 0.009524 0.039286 0.014286 0.007143 0.051190 0.050000
0.001190 0.000000 0.001190 0.002381 0.002381 0.003571 0.002381 0.001190 0.000000 0.000000 0.001190 0.004762 0.005952 0.014286 0.016667 0.030952 0.025000 0.002381 0.000000 0.000000 0.002381 0.000000 0.001190 0.001190 0.002381 0.001190 0.001190 0.001190 0.002381 0.003571 0.002381 0.000000 0.000000 0.000000 0.115476 0.120238 0.000000 0.000000 0.160714 0.167857 0.002381 0.003571 0.002381 0.000000 0.000000 0.001190 0.002381 0.004762 0.021429 0.001190 0.000000 0.000000 0.000000 0.000000 0.265476 0.009524 0.034524 0.036905 0.008333 0.048810 0.005952 0.009524 0.008333
0.000000 0.001190 0.000000 0.000000 0.002381 0.002381 0.000000 0.002381 0.000000 0.000000 0.001190 0.001190 0.004762 0.010714 0.015476 0.021429 0.000000 0.000000 0.000000 0.000000 0.000000 0.001190 0.001190 0.002381 0.003571 0.000000 0.001190 0.003571 0.036905 0.000000 0.001190 0.010714 0.000000 0.000000 0.001190 0.008333 0.001190 0.145238 0.159524 0.003571 0.166667 0.063095 0.186905 0.000000 0.000000 0.019048 0.000000 0.016667 0.016667 0.014286 0.013095 0.015476 0.000000 0.000000 0.234524 0.263095 0.030952 0.033333 0.005952 0.052381 0.013095 0.008333 0.009524
0.000000 0.000000 0.000000 0.000000 0.001190 0.011905 0.014286 0.014286 0.002381 0.001190 0.000000 0.026190 0.005952 0.005952 0.013095 0.021429 0.000000 0.000000 0.000000 0.000000 0.000000 0.001190 0.000000 0.002381 0.001190 0.000000 0.000000 0.001190 0.002381 0.010714 0.008333 0.014286 0.013095 0.000000 0.010714 0.010714 0.002381 0.000000 0.000000 0.001190 0.035714 0.026190 0.057143 0.001190 0.001190 0.001190 0.017857 0.005952 0.015476 0.017857 0.004762 0.002381 0.015476 0.000000 0.000000 0.222619 0.297619 0.033333 0.003571 0.051190 0.013095 0.009524 0.051190
0.000000 0.001190 0.001190 0.000000 0.000000 0.001190 0.004762 0.001190 0.002381 0.001190 0.000000 0.022619 0.000000 0.000000 0.000000 0.000000 0.000000 0.000000 0.000000 0.000000 0.000000 0.090476 0.096429 0.107143 0.001190 0.032143 0.000000 0.001190 0.000000 0.000000 0.007143 0.005952 0.010714 0.010714 0.008333 0.011905 0.000000 0.003571 0.008333 0.038095 0.029762 0.025000 0.053571 0.057143 0.188095 0.002381 0.007143 0.007143 0.017857 0.016667 0.001190 0.002381 0.002381 0.000000 0.000000 0.000000 0.266667 0.320238 0.003571 0.047619 0.010714 0.013095 0.010714
0.000000 0.001190 0.001190 0.001190 0.002381 0.001190 0.004762 0.004762 0.004762 0.003571 0.000000 0.000000 0.011905 0.000000 0.000000 0.000000 0.000000 0.000000 0.000000 0.000000 0.000000 0.071429 0.070238 0.096429 0.001190 0.002381 0.009524 0.008333 0.008333 0.004762 0.007143 0.008333 0.009524 0.010714 0.001190 0.013095 0.013095 0.014286 0.001190 0.021429 0.011905 0.020238 0.021429 0.025000 0.172619 0.001190 0.004762 0.002381 0.001190 0.001190 0.016667 0.002381 0.016667 0.009524 0.000000 0.144048 0.225000 0.328571 0.004762 0.004762 0.050000 0.014286 0.017857
0.000000 0.001190 0.001190 0.001190 0.000000 0.001190 0.001190 0.001190 0.001190 0.001190 0.001190 0.000000 0.000000 0.000000 0.000000 0.000000 0.000000 0.000000 0.000000 0.000000 0.000000 0.007143 0.076190 0.086905 0.001190 0.003571 0.005952 0.001190 0.002381 0.004762 0.008333 0.008333 0.003571 0.004762 0.007143 0.011905 0.011905 0.011905 0.000000 0.021429 0.013095 0.023810 0.026190 0.055952 0.170238 0.000000 0.001190 0.003571 0.001190 0.000000 0.001190 0.002381 0.020238 0.019048 0.151190 0.000000 0.208333 0.326190 0.005952 0.004762 0.057143 0.059524 0.015476
0.000000 0.008333 0.000000 0.000000 0.000000 0.001190 0.001190 0.001190 0.002381 0.001190 0.002381 0.002381 0.000000 0.000000 0.000000 0.001190 0.001190 0.000000 0.000000 0.000000 0.003571 0.004762 0.080952 0.001190 0.003571 0.002381 0.002381 0.000000 0.003571 0.008333 0.005952 0.008333 0.002381 0.003571 0.005952 0.005952 0.010714 0.013095 0.014286 0.023810 0.020238 0.023810 0.030952 0.048810 0.000000 0.001190 0.001190 0.003571 0.000000 0.000000 0.002381 0.002381 0.002381 0.017857 0.011905 0.182143 0.204762 0.301190 0.323810 0.009524 0.064286 0.070238 0.017857
0.000000 0.000000 0.000000 0.000000 0.000000 0.000000 0.000000 0.001190 0.002381 0.001190 0.001190 0.003571 0.004762 0.000000 0.001190 0.002381 0.001190 0.000000 0.002381 0.000000 0.002381 0.008333 0.020238 0.020238 0.022619 0.000000 0.001190 0.000000 0.001190 0.002381 0.000000 0.005952 0.005952 0.007143 0.004762 0.007143 0.014286 0.014286 0.000000 0.000000 0.029762 0.033333 0.034524 0.047619 0.157143 0.001190 0.001190 0.002381 0.002381 0.001190 0.002381 0.002381 0.001190 0.014286 0.011905 0.011905 0.198810 0.250000 0.323810 0.010714 0.059524 0.009524 0.059524
0.000000 0.000000 0.000000 0.000000 0.000000 0.008333 0.000000 0.000000 0.000000 0.000000 0.000000 0.001190 0.003571 0.002381 0.000000 0.000000 0.004762 0.002381 0.005952 0.011905 0.008333 0.004762 0.005952 0.059524 0.025000 0.001190 0.001190 0.002381 0.002381 0.001190 0.001190 0.007143 0.003571 0.004762 0.005952 0.009524 0.011905 0.011905 0.000000 0.001190 0.002381 0.036905 0.033333 0.001190 0.000000 0.002381 0.000000 0.002381 0.002381 0.001190 0.002381 0.002381 0.002381 0.015476 0.016667 0.014286 0.015476 0.222619 0.310714 0.339286 0.009524 0.011905 0.076190
0.000000 0.000000 0.000000 0.000000 0.000000 0.000000 0.000000 0.000000 0.000000 0.000000 0.001190 0.001190 0.001190 0.001190 0.001190 0.000000 0.003571 0.004762 0.004762 0.008333 0.008333 0.007143 0.009524 0.053571 0.027381 0.001190 0.001190 0.001190 0.001190 0.002381 0.002381 0.004762 0.003571 0.004762 0.004762 0.009524 0.013095 0.013095 0.000000 0.002381 0.002381 0.038095 0.000000 0.000000 0.000000 0.001190 0.046429 0.001190 0.039286 0.038095 0.030952 0.002381 0.007143 0.009524 0.019048 0.014286 0.017857 0.208333 0.248810 0.335714 0.011905 0.013095 0.083333
0.000000 0.000000 0.000000 0.000000 0.000000 0.000000 0.000000 0.000000 0.000000 0.000000 0.000000 0.002381 0.002381 0.001190 0.019048 0.000000 0.003571 0.002381 0.001190 0.003571 0.007143 0.007143 0.010714 0.053571 0.025000 0.001190 0.002381 0.000000 0.002381 0.009524 0.001190 0.001190 0.001190 0.001190 0.002381 0.007143 0.011905 0.048810 0.011905 0.002381 0.003571 0.001190 0.000000 0.000000 0.134524 0.034524 0.045238 0.046429 0.045238 0.028571 0.033333 0.030952 0.005952 0.007143 0.008333 0.016667 0.016667 0.014286 0.240476 0.323810 0.347619 0.015476 0.014286
0.000000 0.000000 0.000000 0.000000 0.000000 0.000000 0.000000 0.000000 0.000000 0.000000 0.000000 0.002381 0.001190 0.001190 0.017857 0.002381 0.005952 0.003571 0.002381 0.003571 0.002381 0.001190 0.000000 0.000000 0.067857 0.002381 0.001190 0.001190 0.001190 0.003571 0.001190 0.000000 0.000000 0.004762 0.007143 0.028571 0.022619 0.020238 0.009524 0.000000 0.001190 0.002381 0.002381 0.001190 0.123810 0.014286 0.014286 0.022619 0.030952 0.002381 0.025000 0.033333 0.033333 0.014286 0.008333 0.010714 0.014286 0.011905 0.220238 0.255952 0.346429 0.009524 0.013095
0.000000 0.000000 0.000000 0.000000 0.000000 0.000000 0.000000 0.000000 0.000000 0.000000 0.000000 0.001190 0.001190 0.002381 0.000000 0.000000 0.001190 0.005952 0.004762 0.002381 0.000000 0.000000 0.000000 0.000000 0.000000 0.002381 0.001190 0.001190 0.000000 0.003571 0.002381 0.000000 0.005952 0.007143 0.004762 0.005952 0.022619 0.026190 0.027381 0.026190 0.000000 0.000000 0.001190 0.001190 0.108333 0.076190 0.010714 0.019048 0.033333 0.001190 0.001190 0.026190 0.039286 0.032143 0.004762 0.005952 0.011905 0.009524 0.011905 0.259524 0.328571 0.347619 0.011905
0.000000 0.000000 0.000000 0.000000 0.000000 0.000000 0.000000 0.000000 0.000000 0.000000 0.000000 0.000000 0.001190 0.001190 0.001190 0.000000 0.001190 0.000000 0.000000 0.001190 0.001190 0.003571 0.008333 0.008333 0.017857 0.002381 0.002381 0.001190 0.001190 0.008333 0.005952 0.009524 0.008333 0.010714 0.009524 0.007143 0.004762 0.019048 0.021429 0.030952 0.009524 0.000000 0.000000 0.000000 0.094048 0.065476 0.009524 0.022619 0.032143 0.035714 0.001190 0.026190 0.036905 0.036905 0.035714 0.007143 0.013095 0.011905 0.015476 0.023810 0.269048 0.330952 0.363095
0.002381 0.000000 0.000000 0.000000 0.000000 0.000000 0.008333 0.000000 0.000000 0.000000 0.000000 0.000000 0.001190 0.001190 0.001190 0.001190 0.001190 0.001190 0.001190 0.001190 0.002381 0.027381 0.009524 0.005952 0.013095 0.057143 0.003571 0.000000 0.001190 0.009524 0.009524 0.007143 0.008333 0.008333 0.011905 0.008333 0.005952 0.005952 0.019048 0.019048 0.023810 0.010714 0.000000 0.002381 0.082143 0.057143 0.065476 0.017857 0.027381 0.035714 0.001190 0.027381 0.039286 0.009524 0.003571 0.013095 0.016667 0.019048 0.019048 0.023810 0.032143 0.000000 0.340476
0.001190 0.008333 0.000000 0.000000 0.000000 0.000000 0.000000 0.000000 0.000000 0.000000 0.000000 0.000000 0.000000 0.000000 0.000000 0.001190 0.001190 0.001190 0.000000 0.000000 0.002381 0.003571 0.009524 0.008333 0.005952 0.011905 0.007143 0.000000 0.000000 0.001190 0.005952 0.004762 0.008333 0.010714 0.013095 0.009524 0.004762 0.003571 0.005952 0.003571 0.019048 0.020238 0.000000 0.000000 0.064286 0.061905 0.069048 0.020238 0.040476 0.033333 0.002381 0.002381 0.039286 0.039286 0.005952 0.008333 0.017857 0.029762 0.029762 0.032143 0.030952 0.007143 0.291667
