FireSTARR/test/output/NOR/NOR072/2018-07-20_0000/intensity_H_202_2018-07-21.asc
ncols         358
nrows         310
xllcorner     530143.378600
yllcorner     5243602.364000
cellsize      100.000000
NODATA_value  0.000000
[rows 112 to 139 of 310, columns 252 to 314 of 358]
0.301190 0.300000 0.301190 0.029762 0.348810 0.322619 0.315476 0.502381 0.507143 0.497619 0.048810 0.033333 0.259524 0.252381 0.026190 0.007143 0.001190 0.000000 0.000000 0.105952 0.100000 0.076190 0.094048 0.064286 0.000000 0.000000 0.016667 0.011905 0.002381 0.001190 0.001190 0.000000 0.000000 0.000000 0.000000 0.000000 0.000000 0.000000 0.000000 0.103571 0.083333 0.051190 0.045238 0.034524 0.027381 0.025000 0.021429 0.016667 0.008333 0.001190 0.001190 0.000000 0.040476 0.023810 0.002381 0.002381 0.005952 0.000000 0.000000 0.000000 0.523810 0.514286 0.464286
0.260714 0.282143 0.285714 0.033333 0.348810 0.311905 0.171429 0.511905 0.545238 0.519048 0.442857 0.027381 0.032143 0.253571 0.021429 0.007143 0.000000 0.000000 0.000000 0.123810 0.104762 0.079762 0.100000 0.076190 0.000000 0.000000 0.000000 0.000000 0.000000 0.000000 0.000000 0.000000 0.000000 0.000000 0.000000 0.000000 0.000000 0.000000 0.000000 0.110714 0.080952 0.051190 0.045238 0.033333 0.029762 0.026190 0.026190 0.017857 0.013095 0.000000 0.001190 0.001190 0.001190 0.010714 0.005952 0.001190 0.000000 0.000000 0.000000 0.496429 0.520238 0.522619 0.461905
0.209524 0.054762 0.027381 0.035714 0.351190 0.289286 0.176190 0.522619 0.563095 0.553571 0.047619 0.035714 0.027381 0.261905 0.015476 0.001190 0.000000 0.000000 0.000000 0.138095 0.136905 0.117857 0.094048 0.065476 0.000000 0.000000 0.000000 0.000000 0.001190 0.000000 0.000000 0.000000 0.000000 0.000000 0.000000 0.000000 0.000000 0.000000 0.000000 0.113095 0.076190 0.073810 0.059524 0.054762 0.034524 0.030952 0.028571 0.025000 0.015476 0.000000 0.000000 0.001190 0.001190 0.001190 0.001190 0.000000 0.000000 0.341667 0.023810 0.271429 0.016667 0.527381 0.478571
0.178571 0.061905 0.045238 0.035714 0.322619 0.172619 0.145238 0.525000 0.597619 0.586905 0.507143 0.038095 0.027381 0.020238 0.008333 0.000000 0.000000 0.000000 0.103571 0.152381 0.132143 0.103571 0.076190 0.053571 0.000000 0.000000 0.000000 0.004762 0.001190 0.001190 0.000000 0.000000 0.000000 0.000000 0.000000 0.000000 0.000000 0.000000 0.172619 0.116667 0.075000 0.058333 0.055952 0.057143 0.039286 0.034524 0.030952 0.029762 0.020238 0.005952 0.000000 0.001190 0.000000 0.000000 0.000000 0.000000 0.383333 0.345238 0.023810 0.015476 0.013095 0.013095 0.533333
0.077381 0.063095 0.041667 0.023810 0.233333 0.145238 0.145238 0.519048 0.603571 0.583333 0.039286 0.023810 0.020238 0.011905 0.001190 0.000000 0.000000 0.086905 0.177381 0.000000 0.108333 0.000000 0.054762 0.041667 0.030952 0.019048 0.000000 0.005952 0.001190 0.000000 0.000000 0.000000 0.000000 0.000000 0.000000 0.000000 0.000000 0.266667 0.183333 0.116667 0.075000 0.057143 0.057143 0.057143 0.042857 0.036905 0.034524 0.021429 0.020238 0.009524 0.000000 0.002381 0.000000 0.000000 0.000000 0.442857 0.402381 0.353571 0.010714 0.009524 0.013095 0.483333 0.536905
0.066667 0.048810 0.027381 0.007143 0.209524 0.140476 0.169048 0.523810 0.601190 0.583333 0.601190 0.600000 0.017857 0.007143 0.001190 0.000000 0.000000 0.180952 0.000000 0.000000 0.000000 0.000000 0.000000 0.029762 0.023810 0.000000 0.000000 0.009524 0.000000 0.000000 0.000000 0.000000 0.000000 0.000000 0.000000 0.000000 0.361905 0.288095 0.191667 0.020238 0.021429 0.022619 0.054762 0.052381 0.048810 0.048810 0.023810 0.022619 0.019048 0.010714 0.003571 0.000000 0.000000 0.000000 0.000000 0.469048 0.419048 0.354762 0.009524 0.009524 0.013095 0.521429 0.536905
0.057143 0.033333 0.013095 0.010714 0.007143 0.265476 0.269048 0.523810 0.598810 0.000000 0.583333 0.592857 0.586905 0.561905 0.001190 0.002381 0.526190 0.491667 0.388095 0.000000 0.000000 0.000000 0.000000 0.000000 0.000000 0.017857 0.014286 0.008333 0.000000 0.000000 0.000000 0.000000 0.000000 0.000000 0.438095 0.408333 0.378571 0.301190 0.205952 0.017857 0.079762 0.020238 0.052381 0.052381 0.050000 0.046429 0.021429 0.021429 0.017857 0.003571 0.000000 0.000000 0.000000 0.494048 0.491667 0.478571 0.444048 0.009524 0.010714 0.009524 0.463095 0.458333 0.530952
0.023810 0.039286 0.029762 0.030952 0.035714 0.028571 0.359524 0.384524 0.466667 0.611905 0.000000 0.598810 0.590476 0.584524 0.588095 0.607143 0.621429 0.558333 0.484524 0.328571 0.214286 0.140476 0.107143 0.000000 0.000000 0.000000 0.009524 0.000000 0.000000 0.000000 0.000000 0.000000 0.000000 0.000000 0.454762 0.419048 0.383333 0.315476 0.214286 0.109524 0.072619 0.015476 0.044048 0.048810 0.045238 0.042857 0.022619 0.023810 0.004762 0.004762 0.004762 0.000000 0.000000 0.496429 0.496429 0.489286 0.446429 0.007143 0.009524 0.009524 0.448810 0.460714 0.520238
0.000000 0.000000 0.046429 0.039286 0.039286 0.051190 0.061905 0.361905 0.034524 0.016667 0.638095 0.607143 0.613095 0.629762 0.647619 0.726190 0.726190 0.679762 0.539286 0.384524 0.230952 0.158333 0.113095 0.069048 0.000000 0.000000 0.000000 0.000000 0.000000 0.000000 0.000000 0.000000 0.000000 0.492857 0.458333 0.428571 0.403571 0.334524 0.007143 0.090476 0.009524 0.014286 0.041667 0.040476 0.035714 0.016667 0.003571 0.002381 0.003571 0.005952 0.220238 0.000000 0.000000 0.482143 0.486905 0.464286 0.471429 0.470238 0.009524 0.010714 0.005952 0.428571 0.459524
0.000000 0.080952 0.047619 0.038095 0.039286 0.040476 0.278571 0.033333 0.010714 0.005952 0.634524 0.000000 0.673810 0.683333 0.605952 0.632143 0.650000 0.629762 0.552381 0.505952 0.147619 0.115476 0.102381 0.071429 0.050000 0.000000 0.000000 0.000000 0.000000 0.000000 0.000000 0.000000 0.552381 0.520238 0.459524 0.447619 0.426190 0.353571 0.004762 0.003571 0.003571 0.005952 0.010714 0.013095 0.028571 0.004762 0.002381 0.002381 0.170238 0.186905 0.196429 0.240476 0.314286 0.385714 0.441667 0.466667 0.472619 0.476190 0.482143 0.452381 0.434524 0.428571 0.467857
0.092857 0.070238 0.046429 0.039286 0.284524 0.280952 0.029762 0.003571 0.000000 0.004762 0.663095 0.000000 0.670238 0.616667 0.638095 0.664286 0.671429 0.611905 0.000000 0.000000 0.125000 0.101190 0.102381 0.083333 0.057143 0.000000 0.000000 0.000000 0.000000 0.000000 0.000000 0.000000 0.554762 0.514286 0.469048 0.448810 0.442857 0.372619 0.165476 0.002381 0.002381 0.002381 0.003571 0.010714 0.026190 0.002381 0.002381 0.130952 0.146429 0.159524 0.161905 0.196429 0.245238 0.298810 0.384524 0.461905 0.477381 0.475000 0.471429 0.453571 0.427381 0.415476 0.602381
0.246429 0.052381 0.305952 0.041667 0.000000 0.282143 0.007143 0.000000 0.000000 0.016667 0.664286 0.675000 0.627381 0.577381 0.650000 0.658333 0.676190 0.602381 0.000000 0.000000 0.000000 0.076190 0.092857 0.083333 0.051190 0.000000 0.000000 0.000000 0.000000 0.000000 0.000000 0.573810 0.534524 0.513095 0.502381 0.000000 0.463095 0.391667 0.000000 0.000000 0.000000 0.000000 0.000000 0.016667 0.000000 0.000000 0.100000 0.105952 0.085714 0.104762 0.114286 0.138095 0.171429 0.225000 0.316667 0.438095 0.451190 0.459524 0.469048 0.439286 0.438095 0.435714 0.527381
0.239286 0.044048 0.309524 0.309524 0.303571 0.290476 0.000000 0.000000 0.004762 0.607143 0.000000 0.652381 0.651190 0.584524 0.572619 0.627381 0.657143 0.723810 0.000000 0.000000 0.000000 0.000000 0.003571 0.079762 0.000000 0.000000 0.000000 0.000000 0.000000 0.000000 0.635714 0.619048 0.560714 0.521429 0.519048 0.525000 0.515476 0.425000 0.000000 0.000000 0.000000 0.000000 0.000000 0.000000 0.000000 0.000000 0.000000 0.096429 0.098810 0.102381 0.091667 0.097619 0.127381 0.152381 0.226190 0.313095 0.436905 0.454762 0.454762 0.466667 0.469048 0.553571 0.497619
0.040476 0.032143 0.309524 0.314286 0.308333 0.296429 0.000000 0.007143 0.029762 0.057143 0.650000 0.676190 0.654762 0.646429 0.511905 0.532143 0.591667 0.496429 0.000000 0.000000 0.000000 0.000000 0.004762 0.005952 0.003571 0.000000 0.000000 0.000000 0.000000 0.000000 0.000000 0.000000 0.000000 0.529762 0.523810 0.504762 0.511905 0.508333 0.000000 0.000000 0.000000 0.000000 0.000000 0.000000 0.000000 0.000000 0.000000 0.000000 0.000000 0.079762 0.067857 0.070238 0.067857 0.076190 0.102381 0.153571 0.416667 0.453571 0.730952 0.727381 0.744048 0.557143 0.388095
0.016667 0.029762 0.311905 0.307143 0.302381 0.001190 0.003571 0.033333 0.054762 0.626190 0.663095 0.741667 0.666667 0.653571 0.452381 0.067857 0.046429 0.000000 0.000000 0.000000 0.000000 0.000000 0.005952 0.008333 0.004762 0.000000 0.000000 0.000000 0.673810 0.000000 0.000000 0.000000 0.000000 0.000000 0.000000 0.000000 0.000000 0.439286 0.490476 0.491667 0.758333 0.000000 0.000000 0.000000 0.000000 0.000000 0.000000 0.000000 0.000000 0.055952 0.040476 0.042857 0.039286 0.046429 0.053571 0.077381 0.000000 0.629762 0.690476 0.622619 0.634524 0.692857 0.229762
0.015476 0.292857 0.302381 0.303571 0.296429 0.000000 0.015476 0.633333 0.690476 0.697619 0.745238 0.750000 0.738095 0.738095 0.075000 0.046429 0.040476 0.000000 0.000000 0.000000 0.000000 0.000000 0.004762 0.007143 0.005952 0.000000 0.000000 0.669048 0.000000 0.000000 0.000000 0.000000 0.000000 0.000000 0.000000 0.000000 0.000000 0.000000 0.469048 0.500000 0.779762 0.753571 0.725000 0.644048 0.000000 0.000000 0.000000 0.000000 0.000000 0.000000 0.000000 0.016667 0.023810 0.000000 0.000000 0.000000 0.000000 0.000000 0.000000 0.000000 0.558333 0.723810 0.000000
0.280952 0.288095 0.292857 0.289286 0.288095 0.001190 0.000000 0.611905 0.678571 0.700000 0.742857 0.740476 0.738095 0.723810 0.721429 0.042857 0.000000 0.000000 0.000000 0.000000 0.000000 0.000000 0.003571 0.004762 0.005952 0.647619 0.708333 0.653571 0.000000 0.000000 0.000000 0.000000 0.000000 0.000000 0.000000 0.000000 0.000000 0.000000 0.000000 0.598810 0.744048 0.728571 0.000000 0.000000 0.566667 0.000000 0.000000 0.000000 0.000000 0.000000 0.000000 0.000000 0.000000 0.000000 0.000000 0.000000 0.000000 0.000000 0.000000 0.000000 0.586905 0.000000 0.000000
0.269048 0.261905 0.028571 0.008333 0.001190 0.011905 0.000000 0.547619 0.632143 0.696429 0.734524 0.740476 0.730952 0.690476 0.659524 0.626190 0.000000 0.000000 0.000000 0.000000 0.000000 0.000000 0.003571 0.004762 0.000000 0.000000 0.660714 0.000000 0.000000 0.000000 0.000000 0.000000 0.000000 0.000000 0.000000 0.000000 0.000000 0.000000 0.000000 0.000000 0.038095 0.000000 0.000000 0.000000 0.000000 0.000000 0.000000 0.000000 0.000000 0.000000 0.000000 0.000000 0.000000 0.000000 0.000000 0.000000 0.000000 0.000000 0.000000 0.000000 0.000000 0.000000 0.000000
0.247619 0.223810 0.015476 0.000000 0.013095 0.020238 0.446429 0.466667 0.509524 0.684524 0.723810 0.725000 0.715476 0.689286 0.555952 0.000000 0.000000 0.000000 0.000000 0.000000 0.000000 0.000000 0.003571 0.007143 0.017857 0.592857 0.371429 0.000000 0.000000 0.000000 0.000000 0.000000 0.000000 0.000000 0.000000 0.000000 0.000000 0.000000 0.000000 0.000000 0.000000 0.000000 0.000000 0.000000 0.000000 0.000000 0.000000 0.000000 0.000000 0.000000 0.000000 0.000000 0.000000 0.000000 0.000000 0.000000 0.000000 0.000000 0.000000 0.000000 0.000000 0.000000 0.000000
0.241667 0.000000 0.000000 0.000000 0.010714 0.476190 0.000000 0.000000 0.070238 0.077381 0.692857 0.682143 0.697619 0.666667 0.477381 0.303571 0.000000 0.000000 0.000000 0.000000 0.000000 0.000000 0.003571 0.009524 0.079762 0.315476 0.702381 0.000000 0.000000 0.000000 0.000000 0.000000 0.000000 0.000000 0.000000 0.000000 0.000000 0.000000 0.000000 0.000000 0.000000 0.000000 0.000000 0.000000 0.000000 0.000000 0.000000 0.000000 0.000000 0.000000 0.000000 0.000000 0.000000 0.000000 0.000000 0.000000 0.000000 0.000000 0.000000 0.000000 0.000000 0.000000 0.000000
0.222619 0.000000 0.000000 0.000000 0.009524 0.490476 0.000000 0.442857 0.077381 0.076190 0.694048 0.688095 0.682143 0.515476 0.434524 0.000000 0.000000 0.000000 0.000000 0.000000 0.000000 0.000000 0.003571 0.011905 0.150000 0.351190 0.000000 0.000000 0.000000 0.000000 0.000000 0.000000 0.000000 0.000000 0.000000 0.000000 0.000000 0.000000 0.000000 0.000000 0.000000 0.000000 0.000000 0.000000 0.000000 0.000000 0.000000 0.000000 0.000000 0.000000 0.000000 0.000000 0.000000 0.000000 0.000000 0.000000 0.000000 0.000000 0.000000 0.000000 0.000000 0.000000 0.000000
0.245238 0.000000 0.000000 0.000000 0.014286 0.529762 0.000000 0.444048 0.071429 0.064286 0.679762 0.695238 0.657143 0.590476 0.436905 0.000000 0.000000 0.000000 0.000000 0.000000 0.000000 0.000000 0.002381 0.013095 0.151190 0.350000 0.000000 0.000000 0.000000 0.000000 0.000000 0.000000 0.000000 0.000000 0.000000 0.000000 0.000000 0.000000 0.000000 0.000000 0.000000 0.000000 0.000000 0.000000 0.000000 0.000000 0.000000 0.000000 0.000000 0.000000 0.000000 0.000000 0.000000 0.000000 0.000000 0.000000 0.000000 0.000000 0.000000 0.000000 0.000000 0.000000 0.000000
0.285714 0.000000 0.000000 0.000000 0.016667 0.577381 0.000000 0.441667 0.055952 0.067857 0.070238 0.695238 0.660714 0.582143 0.000000 0.000000 0.000000 0.000000 0.000000 0.000000 0.000000 0.000000 0.002381 0.035714 0.192857 0.000000 0.000000 0.000000 0.000000 0.000000 0.000000 0.000000 0.000000 0.000000 0.000000 0.000000 0.000000 0.000000 0.000000 0.000000 0.000000 0.000000 0.000000 0.000000 0.000000 0.000000 0.000000 0.000000 0.000000 0.000000 0.000000 0.000000 0.000000 0.000000 0.000000 0.000000 0.000000 0.000000 0.000000 0.000000 0.000000 0.000000 0.000000
0.277381 0.000000 0.000000 0.000000 0.000000 0.596429 0.000000 0.051190 0.048810 0.055952 0.673810 0.680952 0.655952 0.609524 0.000000 0.000000 0.000000 0.000000 0.000000 0.000000 0.000000 0.000000 0.022619 0.040476 0.276190 0.000000 0.000000 0.000000 0.000000 0.000000 0.000000 0.000000 0.000000 0.000000 0.000000 0.000000 0.000000 0.000000 0.000000 0.000000 0.000000 0.000000 0.000000 0.000000 0.000000 0.000000 0.000000 0.000000 0.000000 0.000000 0.000000 0.000000 0.000000 0.000000 0.000000 0.000000 0.000000 0.000000 0.000000 0.000000 0.000000 0.000000 0.000000
0.245238 0.254762 0.263095 0.250000 0.585714 0.000000 0.607143 0.042857 0.038095 0.045238 0.048810 0.661905 0.628571 0.592857 0.486905 0.000000 0.000000 0.000000 0.000000 0.000000 0.000000 0.000000 0.000000 0.050000 0.000000 0.000000 0.000000 0.000000 0.000000 0.000000 0.000000 0.000000 0.000000 0.000000 0.000000 0.000000 0.000000 0.000000 0.000000 0.000000 0.000000 0.000000 0.000000 0.000000 0.000000 0.000000 0.000000 0.000000 0.000000 0.000000 0.000000 0.000000 0.000000 0.000000 0.000000 0.000000 0.000000 0.000000 0.000000 0.000000 0.000000 0.000000 0.000000
0.222619 0.236905 0.255952 0.564286 0.594048 0.597619 0.511905 0.482143 0.484524 0.510714 0.548810 0.663095 0.000000 0.000000 0.000000 0.000000 0.000000 0.000000 0.000000 0.000000 0.000000 0.000000 0.000000 0.000000 0.000000 0.000000 0.000000 0.000000 0.000000 0.000000 0.000000 0.000000 0.000000 0.000000 0.000000 0.000000 0.000000 0.000000 0.000000 0.000000 0.000000 0.000000 0.000000 0.000000 0.000000 0.000000 0.000000 0.000000 0.000000 0.000000 0.000000 0.000000 0.000000 0.000000 0.000000 0.000000 0.000000 0.000000 0.000000 0.000000 0.000000 0.000000 0.000000
0.226190 0.229762 0.373810 0.408333 0.558333 0.584524 0.501190 0.000000 0.000000 0.447619 0.658333 0.638095 0.000000 0.000000 0.000000 0.000000 0.000000 0.000000 0.000000 0.000000 0.000000 0.000000 0.000000 0.000000 0.000000 0.000000 0.000000 0.000000 0.000000 0.000000 0.000000 0.000000 0.000000 0.000000 0.000000 0.000000 0.000000 0.000000 0.000000 0.000000 0.000000 0.000000 0.000000 0.000000 0.000000 0.000000 0.000000 0.000000 0.000000 0.000000 0.000000 0.000000 0.000000 0.000000 0.000000 0.000000 0.000000 0.000000 0.000000 0.000000 0.000000 0.000000 0.000000
0.259524 0.214286 0.290476 0.308333 0.320238 0.446429 0.472619 0.000000 0.000000 0.603571 0.630952 0.000000 0.000000 0.000000 0.000000 0.000000 0.000000 0.000000 0.000000 0.000000 0.000000 0.000000 0.000000 0.000000 0.000000 0.000000 0.000000 0.000000 0.000000 0.000000 0.000000 0.000000 0.000000 0.000000 0.000000 0.000000 0.000000 0.000000 0.000000 0.000000 0.000000 0.000000 0.000000 0.000000 0.000000 0.000000 0.000000 0.000000 0.000000 0.000000 0.000000 0.000000 0.000000 0.000000 0.000000 0.000000 0.000000 0.000000 0.000000 0.000000 0.000000 0.000000 0.000000
