FireSTARR/test/output/NOR/NOR072/2018-07-20_0000/intensity_H_202_2018-07-21.asc
ncols         358
nrows         310
xllcorner     530143.378600
yllcorner     5243602.364000
cellsize      100.000000
NODATA_value  0.000000
[rows 112 to 139 of 310, columns 126 to 188 of 358]
0.022619 0.022619 0.027381 0.027381 0.026190 0.027381 0.020238 0.030952 0.030952 0.000000 0.000000 0.023810 0.023810 0.023810 0.022619 0.022619 0.023810 0.025000 0.025000 0.038095 0.038095 0.039286 0.036905 0.035714 0.032143 0.032143 0.000000 0.000000 0.000000 0.026190 0.021429 0.016667 0.020238 0.026190 0.019048 0.010714 0.009524 0.009524 0.005952 0.003571 0.004762 0.005952 0.010714 0.014286 0.015476 0.019048 0.022619 0.035714 0.035714 0.038095 0.041667 0.042857 0.052381 0.057143 0.060714 0.069048 0.077381 0.082143 0.085714 0.085714 0.000000 0.000000 0.000000
0.022619 0.025000 0.026190 0.027381 0.023810 0.027381 0.020238 0.021429 0.030952 0.030952 0.029762 0.023810 0.000000 0.023810 0.022619 0.022619 0.023810 0.026190 0.038095 0.038095 0.038095 0.039286 0.038095 0.036905 0.034524 0.032143 0.000000 0.000000 0.038095 0.040476 0.026190 0.020238 0.022619 0.027381 0.020238 0.013095 0.010714 0.007143 0.007143 0.003571 0.002381 0.004762 0.005952 0.010714 0.011905 0.013095 0.021429 0.023810 0.021429 0.028571 0.032143 0.034524 0.039286 0.042857 0.021429 0.027381 0.030952 0.066667 0.044048 0.084524 0.088095 0.091667 0.097619
0.022619 0.022619 0.026190 0.026190 0.025000 0.027381 0.030952 0.029762 0.030952 0.030952 0.029762 0.027381 0.023810 0.022619 0.023810 0.023810 0.023810 0.026190 0.036905 0.038095 0.038095 0.038095 0.038095 0.036905 0.035714 0.033333 0.033333 0.034524 0.039286 0.039286 0.026190 0.023810 0.023810 0.027381 0.020238 0.013095 0.010714 0.010714 0.009524 0.005952 0.003571 0.003571 0.003571 0.003571 0.009524 0.011905 0.014286 0.016667 0.013095 0.015476 0.022619 0.025000 0.008333 0.009524 0.007143 0.014286 0.025000 0.032143 0.032143 0.079762 0.084524 0.092857 0.097619
0.020238 0.023810 0.026190 0.026190 0.025000 0.027381 0.030952 0.032143 0.030952 0.029762 0.029762 0.025000 0.021429 0.022619 0.021429 0.023810 0.023810 0.025000 0.035714 0.036905 0.038095 0.039286 0.039286 0.039286 0.036905 0.033333 0.026190 0.026190 0.027381 0.029762 0.044048 0.025000 0.022619 0.028571 0.021429 0.010714 0.010714 0.010714 0.010714 0.007143 0.004762 0.002381 0.002381 0.003571 0.005952 0.008333 0.008333 0.002381 0.002381 0.011905 0.010714 0.005952 0.003571 0.001190 0.000000 0.003571 0.022619 0.025000 0.035714 0.078571 0.073810 0.083333 0.094048
0.016667 0.020238 0.022619 0.023810 0.020238 0.019048 0.029762 0.030952 0.030952 0.032143 0.033333 0.022619 0.020238 0.021429 0.022619 0.022619 0.025000 0.025000 0.032143 0.032143 0.034524 0.038095 0.039286 0.039286 0.038095 0.035714 0.027381 0.028571 0.032143 0.033333 0.051190 0.030952 0.034524 0.026190 0.022619 0.010714 0.000000 0.011905 0.010714 0.007143 0.004762 0.003571 0.001190 0.001190 0.001190 0.001190 0.007143 0.001190 0.001190 0.001190 0.001190 0.010714 0.001190 0.000000 0.000000 0.002381 0.019048 0.025000 0.080952 0.089286 0.078571 0.048810 0.000000
0.011905 0.011905 0.013095 0.015476 0.015476 0.019048 0.028571 0.029762 0.028571 0.030952 0.032143 0.035714 0.022619 0.023810 0.023810 0.025000 0.025000 0.025000 0.025000 0.027381 0.026190 0.032143 0.032143 0.030952 0.039286 0.036905 0.032143 0.035714 0.035714 0.036905 0.053571 0.034524 0.039286 0.027381 0.023810 0.010714 0.008333 0.009524 0.010714 0.010714 0.008333 0.003571 0.002381 0.001190 0.001190 0.004762 0.005952 0.001190 0.001190 0.001190 0.001190 0.001190 0.000000 0.000000 0.000000 0.002381 0.027381 0.073810 0.084524 0.088095 0.090476 0.000000 0.000000
0.008333 0.009524 0.011905 0.010714 0.016667 0.016667 0.028571 0.029762 0.030952 0.030952 0.032143 0.035714 0.035714 0.025000 0.025000 0.023810 0.023810 0.025000 0.027381 0.027381 0.027381 0.030952 0.033333 0.036905 0.040476 0.039286 0.034524 0.035714 0.036905 0.038095 0.057143 0.045238 0.040476 0.032143 0.020238 0.015476 0.001190 0.000000 0.013095 0.010714 0.009524 0.007143 0.004762 0.001190 0.001190 0.005952 0.001190 0.000000 0.000000 0.000000 0.000000 0.000000 0.000000 0.000000 0.000000 0.005952 0.047619 0.066667 0.080952 0.088095 0.094048 0.097619 0.103571
0.015476 0.010714 0.011905 0.011905 0.013095 0.016667 0.028571 0.029762 0.033333 0.034524 0.035714 0.034524 0.036905 0.039286 0.025000 0.026190 0.025000 0.026190 0.028571 0.029762 0.032143 0.036905 0.038095 0.040476 0.042857 0.040476 0.038095 0.038095 0.038095 0.057143 0.058333 0.055952 0.046429 0.034524 0.027381 0.017857 0.007143 0.000000 0.016667 0.013095 0.010714 0.017857 0.010714 0.007143 0.005952 0.004762 0.001190 0.000000 0.000000 0.000000 0.000000 0.000000 0.000000 0.000000 0.000000 0.000000 0.000000 0.000000 0.055952 0.078571 0.086905 0.098810 0.098810
0.015476 0.019048 0.016667 0.019048 0.021429 0.014286 0.026190 0.029762 0.032143 0.034524 0.034524 0.035714 0.034524 0.041667 0.045238 0.045238 0.045238 0.029762 0.029762 0.046429 0.033333 0.034524 0.039286 0.046429 0.046429 0.039286 0.040476 0.040476 0.041667 0.000000 0.000000 0.060714 0.051190 0.039286 0.027381 0.017857 0.014286 0.000000 0.016667 0.015476 0.014286 0.013095 0.016667 0.007143 0.005952 0.000000 0.001190 0.000000 0.000000 0.000000 0.000000 0.000000 0.000000 0.000000 0.000000 0.000000 0.000000 0.000000 0.000000 0.048810 0.000000 0.084524 0.092857
0.014286 0.015476 0.017857 0.019048 0.021429 0.023810 0.000000 0.026190 0.028571 0.028571 0.034524 0.033333 0.033333 0.041667 0.044048 0.045238 0.045238 0.045238 0.046429 0.046429 0.047619 0.046429 0.044048 0.042857 0.045238 0.041667 0.040476 0.042857 0.045238 0.045238 0.051190 0.060714 0.053571 0.040476 0.028571 0.021429 0.019048 0.000000 0.000000 0.019048 0.015476 0.015476 0.019048 0.011905 0.009524 0.000000 0.000000 0.000000 0.000000 0.000000 0.000000 0.000000 0.000000 0.000000 0.000000 0.000000 0.000000 0.000000 0.000000 0.065476 0.000000 0.000000 0.070238
0.011905 0.013095 0.015476 0.016667 0.017857 0.022619 0.025000 0.026190 0.027381 0.028571 0.032143 0.032143 0.034524 0.039286 0.040476 0.000000 0.044048 0.044048 0.045238 0.000000 0.046429 0.046429 0.044048 0.040476 0.040476 0.039286 0.044048 0.048810 0.050000 0.050000 0.051190 0.064286 0.061905 0.045238 0.023810 0.022619 0.021429 0.025000 0.022619 0.019048 0.016667 0.016667 0.016667 0.009524 0.009524 0.000000 0.000000 0.000000 0.000000 0.000000 0.000000 0.000000 0.000000 0.000000 0.000000 0.000000 0.000000 0.094048 0.082143 0.080952 0.075000 0.000000 0.063095
0.010714 0.010714 0.011905 0.011905 0.014286 0.016667 0.019048 0.025000 0.028571 0.029762 0.029762 0.033333 0.034524 0.035714 0.038095 0.039286 0.000000 0.000000 0.046429 0.046429 0.046429 0.046429 0.046429 0.035714 0.039286 0.038095 0.044048 0.048810 0.052381 0.051190 0.064286 0.065476 0.065476 0.048810 0.027381 0.022619 0.021429 0.021429 0.026190 0.021429 0.020238 0.017857 0.017857 0.015476 0.010714 0.000000 0.000000 0.000000 0.000000 0.000000 0.000000 0.000000 0.000000 0.000000 0.000000 0.000000 0.089286 0.088095 0.067857 0.059524 0.085714 0.083333 0.073810
0.008333 0.008333 0.009524 0.009524 0.010714 0.009524 0.015476 0.015476 0.019048 0.028571 0.029762 0.030952 0.034524 0.035714 0.038095 0.038095 0.039286 0.041667 0.042857 0.046429 0.046429 0.046429 0.046429 0.046429 0.039286 0.041667 0.061905 0.041667 0.048810 0.050000 0.000000 0.055952 0.063095 0.042857 0.032143 0.025000 0.023810 0.025000 0.029762 0.026190 0.020238 0.019048 0.019048 0.017857 0.009524 0.000000 0.000000 0.000000 0.000000 0.000000 0.000000 0.000000 0.000000 0.000000 0.000000 0.083333 0.067857 0.072619 0.067857 0.067857 0.064286 0.098810 0.095238
0.007143 0.007143 0.007143 0.005952 0.007143 0.007143 0.005952 0.000000 0.000000 0.015476 0.021429 0.028571 0.030952 0.032143 0.034524 0.035714 0.036905 0.038095 0.040476 0.041667 0.042857 0.042857 0.041667 0.042857 0.039286 0.061905 0.061905 0.061905 0.059524 0.000000 0.057143 0.058333 0.057143 0.066667 0.034524 0.030952 0.026190 0.026190 0.032143 0.027381 0.025000 0.021429 0.021429 0.019048 0.017857 0.001190 0.000000 0.000000 0.000000 0.000000 0.000000 0.000000 0.000000 0.000000 0.000000 0.078571 0.065476 0.064286 0.064286 0.067857 0.072619 0.073810 0.063095
0.005952 0.005952 0.000000 0.005952 0.004762 0.004762 0.002381 0.000000 0.000000 0.011905 0.011905 0.011905 0.017857 0.023810 0.023810 0.025000 0.023810 0.030952 0.032143 0.033333 0.038095 0.038095 0.035714 0.027381 0.039286 0.058333 0.058333 0.059524 0.065476 0.000000 0.000000 0.088095 0.057143 0.053571 0.045238 0.034524 0.030952 0.026190 0.032143 0.029762 0.025000 0.022619 0.022619 0.019048 0.019048 0.011905 0.004762 0.001190 0.000000 0.000000 0.000000 0.000000 0.000000 0.000000 0.079762 0.076190 0.073810 0.059524 0.066667 0.072619 0.071429 0.075000 0.077381
0.004762 0.003571 0.004762 0.004762 0.002381 0.000000 0.000000 0.000000 0.000000 0.000000 0.007143 0.008333 0.011905 0.014286 0.016667 0.019048 0.019048 0.021429 0.021429 0.022619 0.023810 0.025000 0.023810 0.019048 0.035714 0.035714 0.030952 0.038095 0.042857 0.073810 0.086905 0.091667 0.090476 0.088095 0.052381 0.039286 0.035714 0.035714 0.032143 0.032143 0.026190 0.023810 0.023810 0.023810 0.020238 0.016667 0.008333 0.003571 0.002381 0.000000 0.000000 0.002381 0.000000 0.000000 0.077381 0.071429 0.069048 0.057143 0.066667 0.070238 0.077381 0.082143 0.083333
0.000000 0.000000 0.000000 0.002381 0.002381 0.000000 0.000000 0.000000 0.000000 0.000000 0.004762 0.005952 0.007143 0.007143 0.011905 0.016667 0.016667 0.016667 0.017857 0.017857 0.017857 0.019048 0.016667 0.010714 0.016667 0.010714 0.013095 0.015476 0.017857 0.021429 0.041667 0.082143 0.091667 0.091667 0.083333 0.046429 0.036905 0.034524 0.030952 0.030952 0.027381 0.023810 0.027381 0.027381 0.025000 0.021429 0.013095 0.004762 0.007143 0.004762 0.003571 0.002381 0.000000 0.000000 0.073810 0.075000 0.070238 0.054762 0.061905 0.071429 0.083333 0.086905 0.085714
0.000000 0.000000 0.000000 0.000000 0.001190 0.000000 0.000000 0.000000 0.000000 0.004762 0.004762 0.004762 0.005952 0.005952 0.010714 0.011905 0.014286 0.015476 0.015476 0.015476 0.015476 0.014286 0.008333 0.008333 0.007143 0.008333 0.008333 0.008333 0.010714 0.010714 0.017857 0.023810 0.000000 0.094048 0.090476 0.052381 0.045238 0.035714 0.034524 0.026190 0.025000 0.025000 0.027381 0.028571 0.028571 0.026190 0.022619 0.011905 0.008333 0.007143 0.003571 0.000000 0.000000 0.000000 0.072619 0.072619 0.052381 0.057143 0.055952 0.065476 0.079762 0.084524 0.085714
0.000000 0.000000 0.000000 0.000000 0.000000 0.000000 0.000000 0.000000 0.000000 0.003571 0.000000 0.000000 0.002381 0.005952 0.008333 0.008333 0.011905 0.013095 0.014286 0.014286 0.010714 0.010714 0.005952 0.007143 0.007143 0.008333 0.008333 0.008333 0.008333 0.007143 0.004762 0.007143 0.000000 0.098810 0.089286 0.057143 0.047619 0.045238 0.038095 0.033333 0.035714 0.028571 0.022619 0.028571 0.028571 0.029762 0.044048 0.025000 0.008333 0.000000 0.000000 0.000000 0.000000 0.000000 0.070238 0.072619 0.053571 0.053571 0.051190 0.055952 0.063095 0.071429 0.079762
0.000000 0.000000 0.000000 0.000000 0.000000 0.000000 0.000000 0.000000 0.000000 0.002381 0.000000 0.000000 0.000000 0.000000 0.000000 0.004762 0.008333 0.007143 0.010714 0.011905 0.008333 0.007143 0.004762 0.005952 0.007143 0.007143 0.008333 0.008333 0.008333 0.008333 0.007143 0.002381 0.000000 0.098810 0.091667 0.086905 0.051190 0.051190 0.047619 0.035714 0.027381 0.007143 0.022619 0.027381 0.027381 0.047619 0.047619 0.000000 0.000000 0.000000 0.000000 0.000000 0.000000 0.000000 0.000000 0.072619 0.075000 0.053571 0.053571 0.055952 0.055952 0.059524 0.075000
0.000000 0.000000 0.000000 0.000000 0.000000 0.000000 0.000000 0.000000 0.000000 0.000000 0.000000 0.000000 0.000000 0.000000 0.000000 0.004762 0.004762 0.005952 0.007143 0.007143 0.005952 0.005952 0.004762 0.004762 0.004762 0.005952 0.008333 0.008333 0.008333 0.009524 0.013095 0.000000 0.000000 0.097619 0.095238 0.091667 0.065476 0.051190 0.050000 0.046429 0.061905 0.044048 0.002381 0.004762 0.045238 0.046429 0.046429 0.050000 0.051190 0.052381 0.053571 0.054762 0.052381 0.054762 0.000000 0.000000 0.071429 0.078571 0.054762 0.054762 0.053571 0.130952 0.142857
0.000000 0.000000 0.000000 0.000000 0.000000 0.000000 0.000000 0.000000 0.000000 0.000000 0.000000 0.000000 0.000000 0.000000 0.000000 0.003571 0.004762 0.003571 0.004762 0.005952 0.005952 0.005952 0.003571 0.003571 0.003571 0.004762 0.004762 0.005952 0.005952 0.008333 0.015476 0.000000 0.057143 0.097619 0.089286 0.090476 0.051190 0.052381 0.051190 0.050000 0.082143 0.005952 0.004762 0.002381 0.002381 0.004762 0.041667 0.042857 0.042857 0.046429 0.051190 0.050000 0.053571 0.055952 0.060714 0.064286 0.064286 0.057143 0.084524 0.089286 0.111905 0.128571 0.127381
0.000000 0.000000 0.000000 0.000000 0.000000 0.000000 0.000000 0.000000 0.000000 0.000000 0.000000 0.000000 0.000000 0.000000 0.003571 0.003571 0.003571 0.003571 0.003571 0.002381 0.002381 0.003571 0.002381 0.002381 0.003571 0.002381 0.002381 0.001190 0.001190 0.003571 0.003571 0.005952 0.000000 0.096429 0.086905 0.095238 0.067857 0.059524 0.066667 0.084524 0.086905 0.000000 0.007143 0.002381 0.003571 0.007143 0.021429 0.020238 0.038095 0.033333 0.032143 0.035714 0.048810 0.052381 0.054762 0.044048 0.052381 0.057143 0.054762 0.084524 0.066667 0.119048 0.119048
0.000000 0.000000 0.000000 0.000000 0.000000 0.000000 0.000000 0.000000 0.000000 0.000000 0.000000 0.000000 0.000000 0.002381 0.001190 0.002381 0.001190 0.000000 0.001190 0.002381 0.002381 0.001190 0.001190 0.001190 0.000000 0.000000 0.000000 0.001190 0.001190 0.001190 0.000000 0.000000 0.000000 0.000000 0.089286 0.095238 0.077381 0.061905 0.050000 0.047619 0.089286 0.084524 0.004762 0.003571 0.005952 0.023810 0.022619 0.011905 0.016667 0.011905 0.030952 0.034524 0.000000 0.000000 0.054762 0.041667 0.042857 0.047619 0.057143 0.057143 0.000000 0.072619 0.094048
0.000000 0.000000 0.000000 0.000000 0.000000 0.000000 0.000000 0.000000 0.000000 0.000000 0.000000 0.000000 0.000000 0.000000 0.000000 0.000000 0.000000 0.000000 0.000000 0.000000 0.000000 0.000000 0.000000 0.000000 0.000000 0.000000 0.000000 0.000000 0.000000 0.000000 0.000000 0.000000 0.000000 0.091667 0.089286 0.095238 0.082143 0.048810 0.047619 0.047619 0.091667 0.089286 0.004762 0.053571 0.005952 0.025000 0.019048 0.010714 0.010714 0.000000 0.035714 0.036905 0.000000 0.054762 0.054762 0.041667 0.040476 0.034524 0.033333 0.051190 0.064286 0.117857 0.050000
0.000000 0.000000 0.000000 0.000000 0.000000 0.000000 0.000000 0.000000 0.000000 0.000000 0.000000 0.000000 0.000000 0.000000 0.000000 0.000000 0.000000 0.000000 0.000000 0.000000 0.000000 0.000000 0.000000 0.000000 0.000000 0.000000 0.000000 0.000000 0.000000 0.000000 0.000000 0.000000 0.082143 0.092857 0.096429 0.092857 0.080952 0.064286 0.044048 0.052381 0.060714 0.063095 0.073810 0.060714 0.009524 0.021429 0.019048 0.015476 0.000000 0.014286 0.040476 0.038095 0.046429 0.050000 0.034524 0.040476 0.036905 0.032143 0.027381 0.020238 0.000000 0.115476 0.103571
0.000000 0.000000 0.000000 0.000000 0.000000 0.000000 0.000000 0.000000 0.000000 0.000000 0.000000 0.000000 0.000000 0.000000 0.000000 0.000000 0.000000 0.000000 0.000000 0.000000 0.000000 0.000000 0.000000 0.000000 0.000000 0.000000 0.000000 0.000000 0.000000 0.000000 0.000000 0.000000 0.072619 0.080952 0.090476 0.095238 0.076190 0.058333 0.047619 0.045238 0.104762 0.076190 0.086905 0.077381 0.059524 0.021429 0.020238 0.019048 0.013095 0.009524 0.035714 0.033333 0.000000 0.040476 0.030952 0.032143 0.032143 0.035714 0.044048 0.000000 0.000000 0.000000 0.108333
0.000000 0.000000 0.000000 0.000000 0.000000 0.000000 0.000000 0.000000 0.000000 0.000000 0.000000 0.000000 0.000000 0.000000 0.000000 0.000000 0.000000 0.000000 0.000000 0.000000 0.000000 0.000000 0.000000 0.000000 0.000000 0.000000 0.000000 0.000000 0.000000 0.000000 0.000000 0.000000 0.077381 0.065476 0.066667 0.075000 0.070238 0.053571 0.051190 0.051190 0.103571 0.000000 0.114286 0.079762 0.061905 0.019048 0.010714 0.009524 0.010714 0.030952 0.033333 0.027381 0.028571 0.013095 0.015476 0.019048 0.053571 0.059524 0.042857 0.042857 0.040476 0.039286 0.101190
