FireSTARR/test/output/NOR/NOR072/2018-07-20_0000/intensity_M_201_2018-07-20.asc
ncols         297
nrows         248
xllcorner     536243.378600
yllcorner     5243802.364000
cellsize      100.000000
NODATA_value  0.000000
[rows 84 to 111 of 248, columns 126 to 188 of 297]
0.000000 0.003571 0.000000 0.000000 0.000000 0.000000 0.000000 0.000000 0.000000 0.000000 0.000000 0.011905 0.000000 0.001190 0.002381 0.002381 0.004762 0.003571 0.004762 0.003571 0.001190 0.000000 0.001190 0.000000 0.003571 0.002381 0.001190 0.000000 0.010714 0.007143 0.005952 0.005952 0.004762 0.003571 0.000000 0.002381 0.002381 0.002381 0.001190 0.000000 0.019048 0.003571 0.010714 0.010714 0.016667 0.021429 0.041667 0.042857 0.017857 0.003571 0.141667 0.158333 0.026190 0.004762 0.007143 0.004762 0.002381 0.001190 0.003571 0.004762 0.002381 0.002381 0.011905
0.000000 0.000000 0.000000 0.000000 0.000000 0.000000 0.000000 0.000000 0.000000 0.000000 0.000000 0.007143 0.007143 0.000000 0.001190 0.001190 0.003571 0.004762 0.002381 0.000000 0.004762 0.000000 0.005952 0.002381 0.002381 0.001190 0.000000 0.000000 0.000000 0.005952 0.005952 0.013095 0.009524 0.003571 0.001190 0.003571 0.001190 0.002381 0.002381 0.002381 0.022619 0.020238 0.007143 0.011905 0.011905 0.040476 0.040476 0.001190 0.001190 0.041667 0.138095 0.109524 0.017857 0.003571 0.005952 0.007143 0.001190 0.001190 0.004762 0.004762 0.003571 0.005952 0.020238
0.000000 0.000000 0.000000 0.000000 0.000000 0.000000 0.000000 0.000000 0.000000 0.000000 0.007143 0.001190 0.002381 0.000000 0.001190 0.002381 0.002381 0.004762 0.007143 0.005952 0.005952 0.000000 0.005952 0.004762 0.001190 0.000000 0.000000 0.000000 0.011905 0.011905 0.005952 0.005952 0.011905 0.005952 0.003571 0.001190 0.001190 0.000000 0.001190 0.011905 0.001190 0.017857 0.008333 0.007143 0.032143 0.039286 0.039286 0.002381 0.001190 0.004762 0.123810 0.054762 0.020238 0.045238 0.008333 0.008333 0.002381 0.003571 0.004762 0.003571 0.003571 0.004762 0.007143
0.000000 0.000000 0.000000 0.000000 0.000000 0.000000 0.000000 0.000000 0.000000 0.000000 0.000000 0.002381 0.001190 0.002381 0.001190 0.002381 0.002381 0.005952 0.007143 0.007143 0.000000 0.000000 0.005952 0.008333 0.011905 0.000000 0.000000 0.011905 0.002381 0.015476 0.013095 0.005952 0.019048 0.004762 0.004762 0.004762 0.001190 0.001190 0.000000 0.001190 0.001190 0.014286 0.017857 0.007143 0.029762 0.033333 0.009524 0.002381 0.002381 0.086905 0.127381 0.025000 0.021429 0.094048 0.125000 0.011905 0.004762 0.004762 0.005952 0.004762 0.004762 0.005952 0.005952
0.000000 0.000000 0.000000 0.000000 0.000000 0.000000 0.000000 0.000000 0.000000 0.000000 0.000000 0.002381 0.001190 0.002381 0.002381 0.000000 0.003571 0.004762 0.076190 0.008333 0.002381 0.001190 0.000000 0.010714 0.013095 0.001190 0.011905 0.015476 0.000000 0.002381 0.001190 0.005952 0.025000 0.017857 0.003571 0.005952 0.004762 0.002381 0.002381 0.002381 0.001190 0.001190 0.015476 0.014286 0.029762 0.010714 0.011905 0.001190 0.001190 0.100000 0.117857 0.060714 0.086905 0.122619 0.071429 0.008333 0.004762 0.004762 0.004762 0.004762 0.005952 0.007143 0.005952
0.000000 0.000000 0.000000 0.000000 0.000000 0.000000 0.000000 0.002381 0.001190 0.000000 0.000000 0.000000 0.001190 0.002381 0.002381 0.002381 0.001190 0.003571 0.003571 0.082143 0.001190 0.000000 0.000000 0.001190 0.001190 0.000000 0.002381 0.001190 0.001190 0.005952 0.002381 0.010714 0.027381 0.021429 0.014286 0.007143 0.004762 0.002381 0.003571 0.002381 0.001190 0.007143 0.015476 0.017857 0.029762 0.010714 0.013095 0.001190 0.033333 0.132143 0.121429 0.091667 0.110714 0.135714 0.051190 0.005952 0.000000 0.000000 0.007143 0.005952 0.005952 0.004762 0.039286
0.000000 0.000000 0.000000 0.000000 0.000000 0.000000 0.000000 0.002381 0.000000 0.000000 0.000000 0.001190 0.002381 0.003571 0.002381 0.002381 0.002381 0.002381 0.004762 0.086905 0.027381 0.001190 0.000000 0.002381 0.001190 0.001190 0.016667 0.001190 0.029762 0.005952 0.005952 0.013095 0.016667 0.020238 0.009524 0.013095 0.004762 0.007143 0.002381 0.002381 0.007143 0.009524 0.010714 0.060714 0.046429 0.003571 0.008333 0.001190 0.058333 0.125000 0.136905 0.105952 0.134524 0.126190 0.021429 0.000000 0.000000 0.009524 0.009524 0.009524 0.005952 0.046429 0.050000
0.000000 0.000000 0.000000 0.000000 0.000000 0.000000 0.000000 0.003571 0.000000 0.000000 0.001190 0.002381 0.003571 0.004762 0.004762 0.003571 0.003571 0.003571 0.002381 0.003571 0.059524 0.071429 0.000000 0.002381 0.002381 0.003571 0.004762 0.003571 0.029762 0.007143 0.008333 0.017857 0.017857 0.017857 0.092857 0.029762 0.002381 0.001190 0.001190 0.004762 0.005952 0.008333 0.011905 0.016667 0.015476 0.003571 0.008333 0.002381 0.114286 0.145238 0.111905 0.128571 0.132143 0.079762 0.084524 0.000000 0.008333 0.016667 0.000000 0.028571 0.023810 0.052381 0.028571
0.000000 0.000000 0.000000 0.000000 0.000000 0.000000 0.004762 0.008333 0.008333 0.000000 0.001190 0.002381 0.000000 0.002381 0.003571 0.003571 0.002381 0.000000 0.002381 0.010714 0.007143 0.000000 0.121429 0.003571 0.003571 0.003571 0.027381 0.029762 0.004762 0.009524 0.008333 0.041667 0.027381 0.047619 0.094048 0.047619 0.004762 0.005952 0.013095 0.013095 0.009524 0.005952 0.009524 0.009524 0.008333 0.005952 0.008333 0.036905 0.140476 0.141667 0.104762 0.071429 0.120238 0.094048 0.085714 0.005952 0.008333 0.000000 0.000000 0.045238 0.032143 0.044048 0.030952
0.000000 0.000000 0.000000 0.000000 0.000000 0.000000 0.004762 0.005952 0.010714 0.000000 0.000000 0.003571 0.003571 0.003571 0.004762 0.011905 0.004762 0.000000 0.002381 0.011905 0.002381 0.002381 0.001190 0.015476 0.001190 0.002381 0.002381 0.008333 0.013095 0.014286 0.000000 0.013095 0.038095 0.048810 0.007143 0.095238 0.045238 0.034524 0.025000 0.016667 0.008333 0.008333 0.013095 0.011905 0.010714 0.008333 0.007143 0.061905 0.110714 0.104762 0.066667 0.079762 0.035714 0.085714 0.089286 0.008333 0.002381 0.000000 0.000000 0.000000 0.000000 0.000000 0.000000
0.000000 0.000000 0.000000 0.000000 0.000000 0.003571 0.004762 0.007143 0.009524 0.005952 0.002381 0.003571 0.000000 0.003571 0.002381 0.010714 0.002381 0.000000 0.000000 0.013095 0.001190 0.001190 0.002381 0.002381 0.019048 0.002381 0.005952 0.011905 0.017857 0.020238 0.017857 0.016667 0.017857 0.052381 0.009524 0.080952 0.084524 0.045238 0.022619 0.022619 0.021429 0.020238 0.014286 0.071429 0.039286 0.011905 0.008333 0.071429 0.102381 0.171429 0.126190 0.107143 0.000000 0.000000 0.016667 0.013095 0.000000 0.000000 0.000000 0.000000 0.000000 0.000000 0.000000
0.000000 0.000000 0.000000 0.000000 0.000000 0.001190 0.004762 0.004762 0.009524 0.001190 0.002381 0.002381 0.004762 0.000000 0.000000 0.016667 0.015476 0.002381 0.000000 0.009524 0.015476 0.001190 0.002381 0.003571 0.007143 0.022619 0.015476 0.009524 0.020238 0.017857 0.015476 0.000000 0.000000 0.000000 0.060714 0.070238 0.082143 0.046429 0.028571 0.027381 0.027381 0.023810 0.090476 0.092857 0.008333 0.008333 0.021429 0.075000 0.172619 0.176190 0.139286 0.127381 0.095238 0.000000 0.021429 0.025000 0.000000 0.000000 0.000000 0.000000 0.000000 0.000000 0.000000
0.000000 0.000000 0.000000 0.000000 0.000000 0.001190 0.004762 0.003571 0.004762 0.007143 0.002381 0.004762 0.004762 0.004762 0.000000 0.010714 0.013095 0.003571 0.004762 0.009524 0.016667 0.002381 0.036905 0.090476 0.035714 0.034524 0.028571 0.040476 0.020238 0.000000 0.000000 0.000000 0.000000 0.000000 0.000000 0.054762 0.061905 0.047619 0.041667 0.034524 0.034524 0.086905 0.092857 0.088095 0.007143 0.005952 0.013095 0.085714 0.134524 0.180952 0.142857 0.092857 0.088095 0.000000 0.000000 0.000000 0.000000 0.000000 0.000000 0.000000 0.000000 0.000000 0.000000
0.000000 0.000000 0.000000 0.000000 0.000000 0.004762 0.005952 0.001190 0.001190 0.003571 0.002381 0.002381 0.003571 0.003571 0.000000 0.002381 0.015476 0.015476 0.001190 0.005952 0.019048 0.005952 0.079762 0.004762 0.003571 0.004762 0.050000 0.048810 0.045238 0.000000 0.000000 0.000000 0.000000 0.000000 0.000000 0.059524 0.082143 0.057143 0.014286 0.041667 0.042857 0.076190 0.079762 0.008333 0.009524 0.010714 0.034524 0.098810 0.134524 0.135714 0.133333 0.000000 0.000000 0.000000 0.000000 0.000000 0.000000 0.000000 0.000000 0.000000 0.000000 0.000000 0.000000
0.000000 0.000000 0.000000 0.000000 0.008333 0.007143 0.008333 0.001190 0.001190 0.004762 0.005952 0.003571 0.004762 0.004762 0.000000 0.003571 0.002381 0.001190 0.001190 0.000000 0.010714 0.013095 0.005952 0.009524 0.007143 0.005952 0.015476 0.022619 0.000000 0.000000 0.000000 0.000000 0.000000 0.000000 0.000000 0.000000 0.022619 0.015476 0.022619 0.017857 0.050000 0.022619 0.000000 0.000000 0.009524 0.014286 0.089286 0.096429 0.141667 0.133333 0.000000 0.000000 0.000000 0.000000 0.000000 0.000000 0.000000 0.000000 0.000000 0.000000 0.000000 0.000000 0.000000
0.000000 0.009524 0.000000 0.011905 0.011905 0.005952 0.007143 0.000000 0.001190 0.002381 0.003571 0.003571 0.002381 0.004762 0.001190 0.002381 0.001190 0.000000 0.002381 0.000000 0.108333 0.015476 0.007143 0.013095 0.014286 0.020238 0.017857 0.000000 0.000000 0.000000 0.000000 0.000000 0.000000 0.000000 0.000000 0.000000 0.021429 0.021429 0.020238 0.020238 0.019048 0.033333 0.000000 0.000000 0.008333 0.010714 0.089286 0.097619 0.115476 0.000000 0.000000 0.000000 0.000000 0.000000 0.000000 0.000000 0.000000 0.000000 0.000000 0.000000 0.000000 0.000000 0.000000
0.009524 0.008333 0.005952 0.010714 0.008333 0.000000 0.000000 0.001190 0.005952 0.010714 0.000000 0.001190 0.002381 0.004762 0.001190 0.002381 0.003571 0.002381 0.003571 0.003571 0.002381 0.014286 0.005952 0.015476 0.020238 0.022619 0.000000 0.000000 0.000000 0.000000 0.000000 0.000000 0.000000 0.000000 0.000000 0.000000 0.026190 0.022619 0.021429 0.017857 0.019048 0.000000 0.000000 0.000000 0.029762 0.015476 0.077381 0.079762 0.000000 0.000000 0.000000 0.000000 0.000000 0.000000 0.000000 0.000000 0.000000 0.000000 0.000000 0.000000 0.000000 0.000000 0.000000
0.011905 0.005952 0.005952 0.008333 0.005952 0.008333 0.001190 0.000000 0.001190 0.000000 0.000000 0.001190 0.002381 0.001190 0.001190 0.001190 0.004762 0.002381 0.003571 0.003571 0.001190 0.016667 0.004762 0.014286 0.020238 0.020238 0.000000 0.000000 0.000000 0.000000 0.000000 0.000000 0.000000 0.000000 0.000000 0.000000 0.025000 0.021429 0.023810 0.021429 0.000000 0.000000 0.000000 0.000000 0.029762 0.030952 0.000000 0.000000 0.000000 0.000000 0.000000 0.000000 0.000000 0.000000 0.000000 0.000000 0.000000 0.000000 0.000000 0.000000 0.000000 0.000000 0.000000
0.005952 0.004762 0.004762 0.008333 0.007143 0.002381 0.004762 0.000000 0.001190 0.000000 0.000000 0.000000 0.002381 0.000000 0.000000 0.001190 0.003571 0.002381 0.003571 0.002381 0.003571 0.011905 0.011905 0.013095 0.014286 0.021429 0.000000 0.000000 0.000000 0.000000 0.000000 0.000000 0.000000 0.000000 0.000000 0.000000 0.047619 0.064286 0.019048 0.014286 0.000000 0.000000 0.000000 0.000000 0.000000 0.000000 0.000000 0.000000 0.000000 0.000000 0.000000 0.000000 0.000000 0.000000 0.000000 0.000000 0.000000 0.000000 0.000000 0.000000 0.000000 0.000000 0.000000
0.011905 0.003571 0.005952 0.002381 0.007143 0.005952 0.004762 0.000000 0.001190 0.000000 0.002381 0.002381 0.000000 0.000000 0.003571 0.002381 0.001190 0.003571 0.000000 0.002381 0.008333 0.013095 0.004762 0.013095 0.007143 0.021429 0.000000 0.000000 0.000000 0.000000 0.000000 0.000000 0.000000 0.000000 0.000000 0.000000 0.000000 0.000000 0.000000 0.000000 0.000000 0.000000 0.000000 0.000000 0.000000 0.000000 0.000000 0.000000 0.000000 0.000000 0.000000 0.000000 0.000000 0.000000 0.000000 0.000000 0.000000 0.000000 0.000000 0.000000 0.000000 0.000000 0.000000
0.013095 0.002381 0.004762 0.002381 0.003571 0.000000 0.000000 0.000000 0.000000 0.002381 0.011905 0.000000 0.167857 0.175000 0.002381 0.001190 0.002381 0.013095 0.005952 0.000000 0.113095 0.003571 0.003571 0.000000 0.000000 0.019048 0.000000 0.000000 0.000000 0.000000 0.000000 0.000000 0.000000 0.000000 0.000000 0.000000 0.000000 0.000000 0.000000 0.000000 0.000000 0.000000 0.000000 0.000000 0.000000 0.000000 0.000000 0.000000 0.000000 0.000000 0.000000 0.000000 0.000000 0.000000 0.000000 0.000000 0.000000 0.000000 0.000000 0.000000 0.000000 0.000000 0.000000
0.010714 0.003571 0.001190 0.004762 0.002381 0.000000 0.000000 0.000000 0.000000 0.002381 0.002381 0.001190 0.180952 0.169048 0.009524 0.009524 0.014286 0.000000 0.014286 0.095238 0.001190 0.125000 0.004762 0.003571 0.000000 0.017857 0.000000 0.000000 0.000000 0.000000 0.000000 0.000000 0.000000 0.000000 0.000000 0.000000 0.000000 0.000000 0.000000 0.000000 0.000000 0.000000 0.000000 0.000000 0.000000 0.000000 0.000000 0.000000 0.000000 0.000000 0.000000 0.000000 0.000000 0.000000 0.000000 0.000000 0.000000 0.000000 0.000000 0.000000 0.000000 0.000000 0.000000
0.003571 0.001190 0.002381 0.000000 0.000000 0.000000 0.002381 0.000000 0.000000 0.002381 0.000000 0.232143 0.198810 0.159524 0.007143 0.014286 0.014286 0.013095 0.016667 0.016667 0.001190 0.002381 0.119048 0.003571 0.004762 0.000000 0.000000 0.000000 0.000000 0.000000 0.000000 0.000000 0.000000 0.000000 0.000000 0.000000 0.000000 0.000000 0.000000 0.000000 0.000000 0.000000 0.000000 0.000000 0.000000 0.000000 0.000000 0.000000 0.000000 0.000000 0.000000 0.000000 0.000000 0.000000 0.000000 0.000000 0.000000 0.000000 0.000000 0.000000 0.000000 0.000000 0.000000
0.007143 0.004762 0.004762 0.001190 0.000000 0.000000 0.000000 0.000000 0.000000 0.001190 0.000000 0.002381 0.001190 0.147619 0.005952 0.015476 0.013095 0.011905 0.017857 0.015476 0.135714 0.123810 0.017857 0.004762 0.008333 0.020238 0.000000 0.000000 0.000000 0.000000 0.000000 0.000000 0.000000 0.000000 0.000000 0.000000 0.000000 0.000000 0.000000 0.000000 0.000000 0.000000 0.000000 0.000000 0.000000 0.000000 0.000000 0.000000 0.000000 0.000000 0.000000 0.000000 0.000000 0.000000 0.000000 0.000000 0.000000 0.000000 0.000000 0.000000 0.000000 0.000000 0.000000
0.009524 0.009524 0.003571 0.003571 0.000000 0.001190 0.000000 0.000000 0.000000 0.000000 0.003571 0.003571 0.010714 0.133333 0.010714 0.196429 0.013095 0.005952 0.007143 0.010714 0.157143 0.014286 0.016667 0.027381 0.036905 0.045238 0.000000 0.000000 0.000000 0.000000 0.000000 0.000000 0.000000 0.000000 0.000000 0.000000 0.000000 0.000000 0.000000 0.000000 0.000000 0.000000 0.000000 0.000000 0.000000 0.000000 0.000000 0.000000 0.000000 0.000000 0.000000 0.000000 0.000000 0.000000 0.000000 0.000000 0.000000 0.000000 0.000000 0.000000 0.000000 0.000000 0.000000
0.005952 0.004762 0.003571 0.003571 0.002381 0.002381 0.000000 0.000000 0.000000 0.000000 0.000000 0.005952 0.009524 0.127381 0.152381 0.009524 0.009524 0.020238 0.075000 0.126190 0.138095 0.132143 0.098810 0.030952 0.036905 0.040476 0.000000 0.000000 0.000000 0.000000 0.000000 0.000000 0.000000 0.000000 0.000000 0.000000 0.000000 0.000000 0.000000 0.000000 0.000000 0.000000 0.000000 0.000000 0.000000 0.000000 0.000000 0.000000 0.000000 0.000000 0.000000 0.000000 0.000000 0.000000 0.000000 0.000000 0.000000 0.000000 0.000000 0.000000 0.000000 0.000000 0.000000
0.003571 0.001190 0.002381 0.002381 0.003571 0.002381 0.000000 0.000000 0.001190 0.000000 0.009524 0.009524 0.008333 0.117857 0.009524 0.009524 0.201190 0.060714 0.102381 0.135714 0.100000 0.094048 0.009524 0.035714 0.042857 0.045238 0.000000 0.000000 0.000000 0.000000 0.000000 0.000000 0.000000 0.000000 0.000000 0.000000 0.000000 0.000000 0.000000 0.000000 0.000000 0.000000 0.000000 0.000000 0.000000 0.000000 0.000000 0.000000 0.000000 0.000000 0.000000 0.000000 0.000000 0.000000 0.000000 0.000000 0.000000 0.000000 0.000000 0.000000 0.000000 0.000000 0.000000
0.002381 0.001190 0.002381 0.002381 0.002381 0.002381 0.001190 0.001190 0.000000 0.000000 0.000000 0.014286 0.008333 0.144048 0.140476 0.153571 0.144048 0.046429 0.098810 0.094048 0.077381 0.091667 0.009524 0.042857 0.041667 0.047619 0.000000 0.000000 0.000000 0.000000 0.000000 0.000000 0.000000 0.000000 0.000000 0.000000 0.000000 0.000000 0.000000 0.000000 0.000000 0.000000 0.000000 0.000000 0.000000 0.000000 0.000000 0.000000 0.000000 0.000000 0.000000 0.000000 0.000000 0.000000 0.000000 0.000000 0.000000 0.000000 0.000000 0.000000 0.000000 0.000000 0.000000
