FireSTARR/test/output/NOR/NOR072/2018-07-20_0000/intensity_L_214_2018-08-02.asc
ncols         501
nrows         461
xllcorner     524143.378600
yllcorner     5235202.364000
cellsize      100.000000
NODATA_value  0.000000
[rows 56 to 83 of 461, columns 252 to 314 of 501]
0.000000 0.000000 0.000000 0.000000 0.000000 0.001190 0.000000 0.000000 0.000000 0.000000 0.000000 0.001190 0.000000 0.001190 0.000000 0.000000 0.001190 0.000000 0.000000 0.000000 0.001190 0.002381 0.003571 0.000000 0.001190 0.002381 0.001190 0.000000 0.000000 0.000000 0.000000 0.000000 0.000000 0.003571 0.001190 0.000000 0.000000 0.000000 0.000000 0.010714 0.002381 0.002381 0.001190 0.001190 0.001190 0.001190 0.002381 0.001190 0.001190 0.010714 0.002381 0.001190 0.001190 0.005952 0.002381 0.008333 0.001190 0.004762 0.004762 0.005952 0.002381 0.001190 0.001190
0.000000 0.000000 0.001190 0.000000 0.000000 0.001190 0.014286 0.000000 0.000000 0.000000 0.000000 0.000000 0.001190 0.001190 0.001190 0.001190 0.000000 0.001190 0.001190 0.001190 0.002381 0.002381 0.003571 0.002381 0.003571 0.003571 0.000000 0.000000 0.001190 0.002381 0.002381 0.002381 0.002381 0.004762 0.002381 0.000000 0.002381 0.002381 0.002381 0.000000 0.000000 0.014286 0.001190 0.000000 0.000000 0.000000 0.002381 0.000000 0.009524 0.001190 0.000000 0.000000 0.013095 0.007143 0.002381 0.005952 0.001190 0.003571 0.004762 0.005952 0.005952 0.000000 0.004762
0.000000 0.000000 0.000000 0.000000 0.000000 0.002381 0.000000 0.015476 0.015476 0.000000 0.000000 0.000000 0.000000 0.000000 0.000000 0.000000 0.000000 0.000000 0.000000 0.000000 0.004762 0.004762 0.003571 0.003571 0.002381 0.001190 0.001190 0.001190 0.002381 0.003571 0.002381 0.003571 0.003571 0.003571 0.002381 0.002381 0.003571 0.003571 0.004762 0.005952 0.004762 0.017857 0.011905 0.001190 0.000000 0.000000 0.002381 0.001190 0.002381 0.001190 0.000000 0.000000 0.014286 0.011905 0.008333 0.005952 0.009524 0.001190 0.004762 0.005952 0.001190 0.000000 0.004762
0.000000 0.001190 0.000000 0.000000 0.000000 0.001190 0.000000 0.000000 0.000000 0.000000 0.000000 0.000000 0.000000 0.000000 0.000000 0.000000 0.000000 0.000000 0.000000 0.008333 0.011905 0.013095 0.011905 0.011905 0.000000 0.009524 0.011905 0.002381 0.003571 0.003571 0.002381 0.003571 0.003571 0.005952 0.005952 0.002381 0.003571 0.000000 0.002381 0.002381 0.003571 0.007143 0.004762 0.004762 0.004762 0.019048 0.011905 0.010714 0.001190 0.000000 0.000000 0.000000 0.015476 0.015476 0.011905 0.005952 0.009524 0.003571 0.008333 0.005952 0.003571 0.000000 0.001190
0.000000 0.000000 0.000000 0.000000 0.001190 0.000000 0.000000 0.000000 0.000000 0.000000 0.000000 0.000000 0.000000 0.000000 0.000000 0.000000 0.000000 0.000000 0.000000 0.009524 0.010714 0.000000 0.013095 0.013095 0.011905 0.016667 0.016667 0.017857 0.000000 0.004762 0.017857 0.000000 0.000000 0.000000 0.004762 0.004762 0.003571 0.000000 0.000000 0.003571 0.001190 0.002381 0.002381 0.000000 0.000000 0.019048 0.002381 0.001190 0.001190 0.000000 0.000000 0.000000 0.000000 0.001190 0.014286 0.009524 0.013095 0.013095 0.004762 0.003571 0.003571 0.000000 0.000000
0.001190 0.001190 0.001190 0.000000 0.001190 0.000000 0.000000 0.000000 0.000000 0.000000 0.000000 0.000000 0.000000 0.000000 0.000000 0.000000 0.000000 0.000000 0.000000 0.000000 0.000000 0.000000 0.000000 0.000000 0.014286 0.001190 0.017857 0.000000 0.000000 0.021429 0.020238 0.014286 0.000000 0.000000 0.001190 0.000000 0.000000 0.000000 0.000000 0.000000 0.001190 0.002381 0.002381 0.000000 0.002381 0.020238 0.003571 0.002381 0.001190 0.000000 0.001190 0.000000 0.001190 0.001190 0.020238 0.014286 0.015476 0.016667 0.017857 0.002381 0.005952 0.007143 0.003571
0.000000 0.001190 0.000000 0.000000 0.001190 0.000000 0.000000 0.000000 0.000000 0.000000 0.000000 0.000000 0.000000 0.000000 0.000000 0.000000 0.000000 0.000000 0.001190 0.000000 0.000000 0.000000 0.000000 0.000000 0.000000 0.000000 0.000000 0.000000 0.001190 0.001190 0.021429 0.000000 0.000000 0.000000 0.017857 0.000000 0.000000 0.000000 0.000000 0.000000 0.000000 0.002381 0.002381 0.001190 0.002381 0.000000 0.019048 0.001190 0.016667 0.001190 0.002381 0.000000 0.001190 0.000000 0.019048 0.015476 0.000000 0.017857 0.021429 0.001190 0.009524 0.008333 0.005952
0.000000 0.000000 0.000000 0.000000 0.000000 0.000000 0.002381 0.000000 0.000000 0.000000 0.000000 0.000000 0.000000 0.000000 0.000000 0.000000 0.000000 0.000000 0.000000 0.000000 0.000000 0.000000 0.000000 0.000000 0.000000 0.000000 0.000000 0.000000 0.001190 0.000000 0.000000 0.000000 0.000000 0.000000 0.021429 0.000000 0.000000 0.000000 0.000000 0.001190 0.001190 0.001190 0.003571 0.001190 0.004762 0.002381 0.000000 0.019048 0.001190 0.001190 0.001190 0.000000 0.000000 0.000000 0.019048 0.013095 0.000000 0.001190 0.001190 0.003571 0.000000 0.000000 0.001190
0.000000 0.000000 0.000000 0.000000 0.000000 0.002381 0.002381 0.002381 0.000000 0.000000 0.000000 0.000000 0.000000 0.000000 0.000000 0.000000 0.000000 0.000000 0.000000 0.000000 0.000000 0.000000 0.000000 0.000000 0.000000 0.000000 0.000000 0.000000 0.000000 0.000000 0.001190 0.001190 0.002381 0.001190 0.000000 0.000000 0.000000 0.000000 0.004762 0.000000 0.005952 0.002381 0.001190 0.002381 0.004762 0.002381 0.002381 0.001190 0.001190 0.019048 0.001190 0.000000 0.001190 0.000000 0.019048 0.001190 0.000000 0.002381 0.004762 0.004762 0.007143 0.002381 0.002381
0.002381 0.000000 0.000000 0.000000 0.000000 0.002381 0.003571 0.002381 0.002381 0.001190 0.000000 0.000000 0.000000 0.000000 0.000000 0.000000 0.000000 0.000000 0.000000 0.000000 0.000000 0.000000 0.000000 0.000000 0.000000 0.000000 0.000000 0.000000 0.000000 0.001190 0.001190 0.002381 0.001190 0.005952 0.003571 0.001190 0.002381 0.005952 0.004762 0.005952 0.005952 0.003571 0.003571 0.004762 0.002381 0.003571 0.002381 0.002381 0.000000 0.002381 0.001190 0.000000 0.001190 0.000000 0.017857 0.013095 0.020238 0.023810 0.004762 0.008333 0.005952 0.008333 0.002381
0.000000 0.000000 0.000000 0.002381 0.004762 0.004762 0.001190 0.002381 0.002381 0.003571 0.002381 0.000000 0.000000 0.000000 0.000000 0.000000 0.000000 0.000000 0.000000 0.000000 0.000000 0.000000 0.000000 0.000000 0.000000 0.000000 0.000000 0.000000 0.001190 0.001190 0.001190 0.001190 0.004762 0.005952 0.007143 0.003571 0.001190 0.004762 0.003571 0.002381 0.004762 0.003571 0.002381 0.002381 0.002381 0.003571 0.002381 0.001190 0.001190 0.000000 0.020238 0.000000 0.001190 0.002381 0.021429 0.020238 0.021429 0.005952 0.005952 0.004762 0.007143 0.008333 0.008333
0.000000 0.000000 0.001190 0.000000 0.000000 0.004762 0.005952 0.004762 0.002381 0.003571 0.002381 0.002381 0.002381 0.000000 0.000000 0.000000 0.000000 0.000000 0.000000 0.000000 0.000000 0.000000 0.000000 0.000000 0.000000 0.000000 0.000000 0.000000 0.001190 0.001190 0.001190 0.001190 0.004762 0.000000 0.004762 0.004762 0.003571 0.004762 0.003571 0.003571 0.002381 0.001190 0.000000 0.000000 0.001190 0.001190 0.001190 0.002381 0.001190 0.002381 0.001190 0.000000 0.000000 0.001190 0.019048 0.021429 0.005952 0.007143 0.005952 0.003571 0.002381 0.004762 0.007143
0.000000 0.000000 0.001190 0.001190 0.000000 0.000000 0.001190 0.007143 0.008333 0.007143 0.004762 0.007143 0.001190 0.003571 0.001190 0.001190 0.001190 0.000000 0.000000 0.000000 0.000000 0.000000 0.000000 0.000000 0.000000 0.000000 0.000000 0.001190 0.001190 0.001190 0.001190 0.000000 0.000000 0.000000 0.000000 0.003571 0.002381 0.005952 0.003571 0.002381 0.003571 0.001190 0.000000 0.000000 0.000000 0.001190 0.001190 0.001190 0.000000 0.002381 0.001190 0.000000 0.003571 0.022619 0.022619 0.023810 0.029762 0.003571 0.001190 0.007143 0.003571 0.030952 0.000000
0.011905 0.000000 0.001190 0.002381 0.003571 0.003571 0.004762 0.000000 0.001190 0.001190 0.001190 0.003571 0.003571 0.002381 0.003571 0.001190 0.000000 0.002381 0.001190 0.000000 0.000000 0.000000 0.000000 0.000000 0.000000 0.000000 0.000000 0.001190 0.001190 0.001190 0.000000 0.000000 0.000000 0.001190 0.001190 0.001190 0.009524 0.005952 0.002381 0.004762 0.002381 0.001190 0.001190 0.001190 0.000000 0.001190 0.002381 0.000000 0.001190 0.001190 0.000000 0.000000 0.004762 0.029762 0.030952 0.032143 0.029762 0.001190 0.001190 0.001190 0.002381 0.003571 0.032143
0.000000 0.000000 0.000000 0.001190 0.004762 0.004762 0.005952 0.000000 0.005952 0.000000 0.001190 0.001190 0.002381 0.005952 0.004762 0.003571 0.000000 0.001190 0.000000 0.005952 0.026190 0.000000 0.000000 0.000000 0.000000 0.000000 0.000000 0.001190 0.001190 0.000000 0.000000 0.001190 0.001190 0.000000 0.000000 0.000000 0.010714 0.003571 0.003571 0.005952 0.000000 0.002381 0.000000 0.001190 0.001190 0.001190 0.002381 0.002381 0.001190 0.000000 0.000000 0.001190 0.007143 0.029762 0.004762 0.035714 0.001190 0.002381 0.002381 0.001190 0.002381 0.001190 0.033333
0.000000 0.003571 0.001190 0.003571 0.002381 0.005952 0.000000 0.007143 0.007143 0.000000 0.009524 0.007143 0.000000 0.004762 0.008333 0.023810 0.008333 0.005952 0.002381 0.007143 0.000000 0.000000 0.000000 0.000000 0.000000 0.000000 0.000000 0.000000 0.001190 0.000000 0.001190 0.001190 0.001190 0.000000 0.000000 0.002381 0.009524 0.003571 0.003571 0.004762 0.003571 0.002381 0.000000 0.002381 0.000000 0.021429 0.003571 0.001190 0.001190 0.001190 0.001190 0.001190 0.007143 0.005952 0.003571 0.002381 0.003571 0.001190 0.002381 0.001190 0.001190 0.001190 0.001190
0.000000 0.001190 0.003571 0.003571 0.008333 0.009524 0.000000 0.000000 0.008333 0.000000 0.010714 0.005952 0.004762 0.007143 0.008333 0.000000 0.000000 0.008333 0.007143 0.008333 0.009524 0.000000 0.027381 0.000000 0.000000 0.001190 0.001190 0.001190 0.001190 0.001190 0.002381 0.005952 0.000000 0.000000 0.013095 0.001190 0.009524 0.005952 0.004762 0.003571 0.003571 0.002381 0.000000 0.000000 0.002381 0.002381 0.000000 0.020238 0.001190 0.000000 0.002381 0.003571 0.009524 0.003571 0.003571 0.003571 0.003571 0.002381 0.002381 0.002381 0.002381 0.001190 0.030952
0.000000 0.000000 0.000000 0.004762 0.008333 0.000000 0.000000 0.000000 0.000000 0.000000 0.014286 0.011905 0.005952 0.007143 0.003571 0.004762 0.008333 0.000000 0.008333 0.000000 0.000000 0.000000 0.000000 0.027381 0.001190 0.001190 0.001190 0.003571 0.002381 0.003571 0.004762 0.005952 0.005952 0.002381 0.011905 0.011905 0.011905 0.005952 0.005952 0.003571 0.004762 0.002381 0.002381 0.022619 0.022619 0.001190 0.000000 0.000000 0.000000 0.001190 0.004762 0.002381 0.008333 0.003571 0.003571 0.003571 0.004762 0.002381 0.002381 0.002381 0.002381 0.002381 0.001190
0.000000 0.000000 0.002381 0.008333 0.009524 0.000000 0.000000 0.000000 0.000000 0.000000 0.000000 0.028571 0.007143 0.005952 0.005952 0.007143 0.005952 0.000000 0.000000 0.000000 0.000000 0.001190 0.001190 0.001190 0.001190 0.002381 0.003571 0.004762 0.004762 0.003571 0.003571 0.004762 0.002381 0.002381 0.000000 0.001190 0.013095 0.011905 0.013095 0.003571 0.003571 0.002381 0.004762 0.003571 0.020238 0.001190 0.001190 0.001190 0.003571 0.004762 0.004762 0.004762 0.010714 0.001190 0.002381 0.004762 0.005952 0.002381 0.002381 0.003571 0.003571 0.003571 0.003571
0.000000 0.000000 0.002381 0.008333 0.001190 0.000000 0.000000 0.000000 0.000000 0.000000 0.000000 0.030952 0.017857 0.007143 0.008333 0.007143 0.009524 0.005952 0.007143 0.007143 0.009524 0.001190 0.001190 0.028571 0.002381 0.004762 0.002381 0.002381 0.005952 0.004762 0.003571 0.004762 0.002381 0.002381 0.007143 0.001190 0.014286 0.001190 0.013095 0.005952 0.003571 0.003571 0.023810 0.005952 0.022619 0.023810 0.005952 0.029762 0.010714 0.003571 0.007143 0.008333 0.010714 0.002381 0.002381 0.004762 0.007143 0.007143 0.007143 0.002381 0.002381 0.003571 0.003571
0.000000 0.000000 0.003571 0.009524 0.004762 0.004762 0.027381 0.000000 0.000000 0.000000 0.000000 0.000000 0.016667 0.017857 0.019048 0.011905 0.010714 0.007143 0.003571 0.003571 0.008333 0.001190 0.002381 0.004762 0.001190 0.003571 0.001190 0.002381 0.007143 0.007143 0.005952 0.003571 0.002381 0.009524 0.009524 0.008333 0.002381 0.001190 0.013095 0.005952 0.003571 0.003571 0.003571 0.004762 0.004762 0.003571 0.007143 0.002381 0.007143 0.009524 0.009524 0.002381 0.002381 0.003571 0.002381 0.005952 0.007143 0.008333 0.007143 0.008333 0.005952 0.003571 0.004762
0.000000 0.000000 0.000000 0.002381 0.003571 0.003571 0.005952 0.026190 0.000000 0.001190 0.000000 0.000000 0.032143 0.001190 0.017857 0.017857 0.009524 0.009524 0.009524 0.008333 0.007143 0.002381 0.033333 0.002381 0.003571 0.001190 0.001190 0.001190 0.002381 0.001190 0.008333 0.007143 0.008333 0.007143 0.005952 0.009524 0.001190 0.034524 0.029762 0.000000 0.001190 0.001190 0.028571 0.028571 0.003571 0.008333 0.033333 0.001190 0.007143 0.002381 0.003571 0.001190 0.003571 0.003571 0.002381 0.007143 0.005952 0.003571 0.005952 0.010714 0.004762 0.005952 0.015476
0.002381 0.000000 0.000000 0.002381 0.002381 0.002381 0.003571 0.001190 0.004762 0.003571 0.000000 0.000000 0.000000 0.000000 0.000000 0.016667 0.009524 0.010714 0.000000 0.011905 0.013095 0.002381 0.001190 0.002381 0.002381 0.000000 0.000000 0.002381 0.013095 0.002381 0.008333 0.008333 0.008333 0.007143 0.007143 0.000000 0.036905 0.002381 0.011905 0.007143 0.005952 0.002381 0.005952 0.004762 0.003571 0.007143 0.002381 0.002381 0.033333 0.002381 0.003571 0.001190 0.003571 0.001190 0.000000 0.001190 0.008333 0.003571 0.005952 0.003571 0.001190 0.001190 0.005952
0.003571 0.000000 0.000000 0.002381 0.000000 0.001190 0.002381 0.007143 0.007143 0.007143 0.004762 0.000000 0.002381 0.001190 0.001190 0.015476 0.014286 0.008333 0.000000 0.001190 0.002381 0.033333 0.001190 0.001190 0.000000 0.000000 0.002381 0.002381 0.011905 0.010714 0.007143 0.009524 0.010714 0.003571 0.000000 0.002381 0.039286 0.023810 0.011905 0.007143 0.004762 0.005952 0.005952 0.003571 0.004762 0.009524 0.010714 0.003571 0.033333 0.001190 0.001190 0.001190 0.002381 0.001190 0.001190 0.001190 0.001190 0.004762 0.005952 0.004762 0.002381 0.004762 0.003571
0.004762 0.000000 0.000000 0.000000 0.000000 0.002381 0.000000 0.001190 0.001190 0.001190 0.002381 0.010714 0.002381 0.003571 0.003571 0.002381 0.014286 0.009524 0.000000 0.002381 0.001190 0.000000 0.002381 0.000000 0.000000 0.001190 0.002381 0.002381 0.009524 0.010714 0.009524 0.009524 0.019048 0.016667 0.011905 0.003571 0.003571 0.022619 0.022619 0.013095 0.009524 0.005952 0.005952 0.003571 0.005952 0.009524 0.000000 0.008333 0.001190 0.001190 0.000000 0.002381 0.001190 0.001190 0.003571 0.003571 0.004762 0.005952 0.005952 0.005952 0.004762 0.002381 0.002381
0.023810 0.000000 0.000000 0.000000 0.002381 0.000000 0.000000 0.001190 0.001190 0.001190 0.004762 0.001190 0.011905 0.000000 0.001190 0.013095 0.013095 0.009524 0.009524 0.013095 0.001190 0.001190 0.003571 0.000000 0.002381 0.002381 0.002381 0.007143 0.005952 0.007143 0.013095 0.010714 0.014286 0.001190 0.003571 0.003571 0.005952 0.002381 0.023810 0.022619 0.011905 0.009524 0.007143 0.003571 0.004762 0.008333 0.001190 0.008333 0.008333 0.001190 0.000000 0.002381 0.002381 0.001190 0.005952 0.003571 0.001190 0.004762 0.005952 0.005952 0.004762 0.001190 0.004762
0.000000 0.027381 0.028571 0.000000 0.000000 0.000000 0.000000 0.000000 0.001190 0.000000 0.001190 0.002381 0.002381 0.015476 0.016667 0.016667 0.005952 0.005952 0.007143 0.008333 0.033333 0.036905 0.001190 0.001190 0.001190 0.001190 0.002381 0.000000 0.010714 0.008333 0.007143 0.007143 0.011905 0.002381 0.002381 0.002381 0.002381 0.002381 0.001190 0.022619 0.015476 0.010714 0.005952 0.003571 0.004762 0.008333 0.001190 0.005952 0.008333 0.011905 0.000000 0.001190 0.002381 0.003571 0.002381 0.001190 0.004762 0.004762 0.017857 0.003571 0.002381 0.003571 0.003571
0.000000 0.000000 0.000000 0.028571 0.000000 0.001190 0.001190 0.000000 0.003571 0.001190 0.001190 0.000000 0.000000 0.002381 0.003571 0.017857 0.005952 0.008333 0.008333 0.002381 0.000000 0.000000 0.001190 0.002381 0.001190 0.003571 0.002381 0.001190 0.013095 0.013095 0.009524 0.009524 0.013095 0.001190 0.001190 0.000000 0.002381 0.003571 0.002381 0.023810 0.021429 0.026190 0.009524 0.005952 0.007143 0.005952 0.004762 0.001190 0.005952 0.011905 0.001190 0.001190 0.000000 0.002381 0.002381 0.000000 0.007143 0.004762 0.015476 0.004762 0.003571 0.005952 0.003571
