FireSTARR/test/output/NOR/NOR072/2018-07-20_0000/intensity_L_202_2018-07-21.asc
ncols         359
nrows         310
xllcorner     529943.378600
yllcorner     5243502.364000
cellsize      100.000000
NODATA_value  0.000000
[rows 112 to 139 of 310, columns 252 to 314 of 359]
0.000000 0.000000 0.001190 0.002381 0.001190 0.100000 0.007143 0.026190 0.033333 0.013095 0.007143 0.007143 0.007143 0.038095 0.026190 0.001190 0.041667 0.032143 0.083333 0.086905 0.120238 0.010714 0.010714 0.011905 0.001190 0.001190 0.000000 0.000000 0.000000 0.000000 0.000000 0.000000 0.000000 0.000000 0.000000 0.000000 0.000000 0.000000 0.000000 0.000000 0.000000 0.002381 0.004762 0.008333 0.008333 0.008333 0.007143 0.004762 0.002381 0.002381 0.002381 0.008333 0.002381 0.011905 0.008333 0.005952 0.004762 0.001190 0.000000 0.000000 0.000000 0.000000 0.000000
0.000000 0.000000 0.003571 0.072619 0.084524 0.101190 0.005952 0.028571 0.032143 0.017857 0.007143 0.005952 0.059524 0.052381 0.034524 0.001190 0.058333 0.051190 0.113095 0.144048 0.146429 0.013095 0.003571 0.002381 0.002381 0.001190 0.000000 0.000000 0.000000 0.000000 0.003571 0.000000 0.000000 0.000000 0.000000 0.000000 0.000000 0.000000 0.000000 0.000000 0.000000 0.000000 0.003571 0.000000 0.002381 0.000000 0.007143 0.007143 0.003571 0.002381 0.003571 0.010714 0.003571 0.003571 0.004762 0.004762 0.001190 0.000000 0.000000 0.000000 0.128571 0.000000 0.147619
0.000000 0.000000 0.002381 0.045238 0.078571 0.088095 0.007143 0.026190 0.034524 0.017857 0.002381 0.004762 0.004762 0.064286 0.059524 0.064286 0.065476 0.175000 0.169048 0.170238 0.022619 0.019048 0.002381 0.002381 0.002381 0.000000 0.000000 0.000000 0.000000 0.000000 0.003571 0.000000 0.000000 0.000000 0.000000 0.000000 0.000000 0.000000 0.000000 0.000000 0.002381 0.002381 0.000000 0.005952 0.002381 0.001190 0.005952 0.009524 0.005952 0.002381 0.002381 0.007143 0.007143 0.003571 0.007143 0.004762 0.000000 0.000000 0.000000 0.002381 0.120238 0.096429 0.152381
0.000000 0.000000 0.026190 0.042857 0.080952 0.111905 0.009524 0.027381 0.038095 0.021429 0.004762 0.008333 0.090476 0.100000 0.108333 0.084524 0.128571 0.203571 0.230952 0.039286 0.027381 0.000000 0.003571 0.000000 0.000000 0.001190 0.000000 0.000000 0.019048 0.001190 0.002381 0.000000 0.000000 0.000000 0.000000 0.000000 0.000000 0.000000 0.000000 0.003571 0.001190 0.004762 0.001190 0.002381 0.002381 0.000000 0.004762 0.005952 0.005952 0.014286 0.011905 0.008333 0.005952 0.003571 0.002381 0.000000 0.000000 0.000000 0.000000 0.001190 0.115476 0.092857 0.157143
0.000000 0.000000 0.029762 0.051190 0.098810 0.141667 0.013095 0.027381 0.038095 0.021429 0.004762 0.008333 0.008333 0.008333 0.125000 0.172619 0.241667 0.269048 0.259524 0.050000 0.205952 0.000000 0.000000 0.000000 0.000000 0.000000 0.000000 0.020238 0.016667 0.000000 0.003571 0.000000 0.000000 0.000000 0.000000 0.000000 0.000000 0.000000 0.007143 0.005952 0.007143 0.009524 0.023810 0.020238 0.002381 0.001190 0.003571 0.001190 0.013095 0.013095 0.013095 0.008333 0.007143 0.005952 0.000000 0.000000 0.000000 0.000000 0.000000 0.000000 0.117857 0.150000 0.151190
0.000000 0.000000 0.034524 0.064286 0.086905 0.114286 0.141667 0.023810 0.036905 0.017857 0.008333 0.250000 0.009524 0.016667 0.020238 0.033333 0.255952 0.260714 0.033333 0.015476 0.015476 0.195238 0.000000 0.000000 0.000000 0.000000 0.000000 0.000000 0.001190 0.001190 0.000000 0.000000 0.000000 0.000000 0.000000 0.000000 0.001190 0.002381 0.001190 0.003571 0.013095 0.008333 0.003571 0.026190 0.003571 0.001190 0.002381 0.001190 0.011905 0.011905 0.009524 0.033333 0.027381 0.009524 0.000000 0.001190 0.001190 0.001190 0.001190 0.138095 0.102381 0.147619 0.015476
0.000000 0.000000 0.028571 0.045238 0.076190 0.096429 0.103571 0.101190 0.017857 0.029762 0.032143 0.010714 0.250000 0.017857 0.020238 0.027381 0.034524 0.032143 0.022619 0.019048 0.005952 0.003571 0.003571 0.007143 0.007143 0.000000 0.000000 0.000000 0.000000 0.000000 0.000000 0.000000 0.000000 0.000000 0.000000 0.000000 0.003571 0.004762 0.002381 0.010714 0.015476 0.004762 0.007143 0.023810 0.002381 0.002381 0.001190 0.002381 0.010714 0.009524 0.029762 0.072619 0.073810 0.000000 0.000000 0.001190 0.001190 0.001190 0.004762 0.146429 0.130952 0.141667 0.017857
0.000000 0.000000 0.000000 0.000000 0.016667 0.046429 0.083333 0.070238 0.070238 0.014286 0.086905 0.190476 0.009524 0.019048 0.026190 0.016667 0.017857 0.005952 0.011905 0.014286 0.008333 0.008333 0.013095 0.001190 0.011905 0.013095 0.000000 0.000000 0.000000 0.000000 0.000000 0.000000 0.000000 0.000000 0.000000 0.004762 0.009524 0.009524 0.007143 0.004762 0.034524 0.004762 0.020238 0.021429 0.002381 0.001190 0.000000 0.014286 0.023810 0.060714 0.063095 0.071429 0.002381 0.000000 0.000000 0.002381 0.003571 0.014286 0.013095 0.015476 0.159524 0.164286 0.169048
0.000000 0.000000 0.000000 0.022619 0.026190 0.047619 0.066667 0.059524 0.014286 0.059524 0.227381 0.255952 0.008333 0.000000 0.003571 0.001190 0.041667 0.042857 0.042857 0.091667 0.113095 0.048810 0.060714 0.029762 0.014286 0.014286 0.009524 0.000000 0.000000 0.000000 0.000000 0.000000 0.000000 0.000000 0.007143 0.007143 0.008333 0.000000 0.001190 0.004762 0.032143 0.027381 0.022619 0.023810 0.014286 0.011905 0.002381 0.015476 0.046429 0.058333 0.002381 0.001190 0.003571 0.010714 0.005952 0.013095 0.014286 0.019048 0.022619 0.023810 0.027381 0.021429 0.034524
0.000000 0.000000 0.026190 0.028571 0.046429 0.054762 0.002381 0.001190 0.075000 0.180952 0.257143 0.270238 0.003571 0.278571 0.007143 0.026190 0.030952 0.034524 0.038095 0.110714 1.000000 1.000000 0.146429 0.045238 0.023810 0.014286 0.009524 0.000000 0.000000 0.000000 0.000000 0.000000 0.000000 0.000000 0.007143 0.019048 0.026190 0.004762 0.003571 0.004762 0.005952 0.026190 0.015476 0.017857 0.010714 0.007143 0.001190 0.041667 0.046429 0.003571 0.001190 0.002381 0.003571 0.008333 0.007143 0.013095 0.021429 0.029762 0.034524 0.039286 0.039286 0.040476 0.048810
0.000000 0.000000 0.004762 0.028571 0.001190 0.044048 0.000000 0.001190 0.105952 0.230952 0.265476 0.207143 0.004762 0.004762 0.026190 0.025000 0.022619 0.033333 0.041667 0.115476 1.000000 1.000000 1.000000 0.116667 0.029762 0.013095 0.009524 0.000000 0.000000 0.000000 0.000000 0.000000 0.000000 0.041667 0.036905 0.030952 0.033333 0.263095 0.014286 0.010714 0.000000 0.000000 0.016667 0.000000 0.000000 0.000000 0.000000 0.000000 0.002381 0.004762 0.005952 0.007143 0.009524 0.007143 0.010714 0.020238 0.028571 0.035714 0.046429 0.064286 0.057143 0.065476 0.066667
0.000000 0.002381 0.004762 0.047619 0.002381 0.001190 0.002381 0.003571 0.213095 0.238095 0.242857 0.014286 0.285714 0.014286 0.013095 0.022619 0.022619 0.026190 0.052381 0.066667 1.000000 1.000000 1.000000 1.000000 0.100000 0.010714 0.000000 0.000000 0.000000 0.000000 0.000000 0.000000 0.089286 0.088095 0.091667 0.065476 0.058333 0.025000 0.022619 0.011905 0.000000 0.000000 0.000000 0.000000 0.000000 0.000000 0.000000 0.000000 0.000000 0.002381 0.002381 0.001190 0.004762 0.007143 0.014286 0.023810 0.032143 0.046429 0.064286 0.086905 0.080952 0.080952 0.083333
0.001190 0.001190 0.057143 0.066667 0.001190 0.002381 0.001190 0.004762 0.247619 0.214286 0.128571 0.104762 0.023810 0.008333 0.010714 0.013095 0.022619 0.040476 0.090476 0.142857 1.000000 1.000000 1.000000 1.000000 0.052381 0.055952 0.048810 0.000000 0.000000 0.000000 0.000000 1.000000 1.000000 1.000000 1.000000 0.150000 0.111905 0.110714 0.065476 0.023810 0.000000 0.000000 0.000000 0.000000 0.000000 0.000000 0.000000 0.000000 0.000000 0.000000 0.000000 0.001190 0.005952 0.007143 0.010714 0.020238 0.030952 0.047619 0.086905 0.089286 0.014286 0.014286 0.008333
0.002381 0.063095 0.085714 0.084524 0.000000 0.002381 0.004762 0.251190 0.259524 0.123810 0.103571 0.030952 0.017857 0.001190 0.019048 0.017857 0.036905 0.079762 0.178571 1.000000 1.000000 1.000000 1.000000 1.000000 0.028571 0.058333 0.088095 0.000000 0.000000 0.000000 0.089286 1.000000 1.000000 1.000000 1.000000 1.000000 1.000000 1.000000 1.000000 0.153571 0.070238 0.079762 0.004762 0.000000 0.000000 0.000000 0.000000 0.000000 0.000000 0.000000 0.000000 0.002381 0.002381 0.004762 0.008333 0.021429 0.028571 0.030952 0.000000 0.073810 0.051190 0.070238 0.067857
0.002381 0.101190 0.084524 0.001190 0.001190 0.003571 0.005952 0.236905 0.167857 0.016667 0.009524 0.010714 0.000000 0.001190 0.002381 0.002381 0.116667 0.147619 0.177381 1.000000 1.000000 1.000000 1.000000 1.000000 0.042857 0.075000 0.176190 0.000000 0.000000 0.077381 1.000000 1.000000 1.000000 1.000000 1.000000 1.000000 1.000000 1.000000 1.000000 1.000000 0.158333 0.110714 0.011905 0.030952 0.045238 0.042857 0.000000 0.000000 0.000000 0.000000 0.000000 0.000000 0.000000 0.007143 0.005952 0.000000 0.000000 0.000000 0.000000 1.000000 1.000000 1.000000 0.122619
0.098810 0.109524 0.001190 0.002381 0.002381 0.002381 0.003571 0.203571 0.241667 0.007143 0.010714 0.008333 0.001190 0.001190 0.001190 0.007143 0.008333 0.166667 1.000000 1.000000 1.000000 1.000000 1.000000 1.000000 0.045238 0.114286 0.177381 0.026190 0.032143 0.076190 1.000000 1.000000 1.000000 1.000000 1.000000 1.000000 1.000000 1.000000 1.000000 1.000000 1.000000 0.077381 0.029762 0.051190 1.000000 1.000000 0.101190 0.000000 0.000000 0.000000 0.000000 0.000000 0.000000 0.000000 0.000000 0.000000 1.000000 1.000000 1.000000 1.000000 1.000000 1.000000 0.128571
0.092857 0.072619 0.000000 0.001190 0.065476 0.109524 0.205952 0.173810 0.244048 0.004762 0.019048 0.010714 0.001190 0.000000 0.000000 0.010714 0.040476 0.066667 1.000000 1.000000 1.000000 1.000000 1.000000 1.000000 0.058333 0.129762 0.289286 0.323810 0.069048 1.000000 1.000000 1.000000 1.000000 1.000000 1.000000 1.000000 1.000000 1.000000 1.000000 1.000000 1.000000 1.000000 0.214286 1.000000 1.000000 1.000000 1.000000 0.000000 0.000000 0.000000 0.000000 0.000000 0.000000 0.000000 0.000000 1.000000 1.000000 1.000000 1.000000 1.000000 1.000000 1.000000 1.000000
0.073810 0.052381 0.001190 0.001190 0.038095 0.189286 0.188095 0.154762 0.010714 0.005952 0.016667 0.010714 0.000000 0.001190 0.000000 0.007143 0.054762 1.000000 1.000000 1.000000 1.000000 1.000000 1.000000 1.000000 0.082143 0.155952 0.191667 0.033333 0.150000 1.000000 1.000000 1.000000 1.000000 1.000000 1.000000 1.000000 1.000000 1.000000 1.000000 1.000000 1.000000 1.000000 1.000000 1.000000 1.000000 1.000000 1.000000 1.000000 0.000000 0.000000 0.000000 0.000000 0.000000 1.000000 1.000000 1.000000 1.000000 1.000000 1.000000 1.000000 1.000000 1.000000 1.000000
0.077381 0.004762 0.001190 0.148810 0.142857 0.191667 0.200000 0.004762 0.000000 0.000000 0.080952 0.095238 0.003571 0.007143 0.000000 0.001190 0.042857 0.116667 1.000000 1.000000 1.000000 1.000000 1.000000 1.000000 0.082143 0.173810 0.080952 0.117857 0.078571 1.000000 1.000000 1.000000 1.000000 1.000000 1.000000 1.000000 1.000000 1.000000 1.000000 1.000000 1.000000 1.000000 1.000000 1.000000 1.000000 1.000000 1.000000 1.000000 1.000000 0.000000 0.000000 1.000000 1.000000 1.000000 1.000000 1.000000 1.000000 1.000000 1.000000 0.000000 1.000000 1.000000 1.000000
0.002381 0.004762 0.010714 0.153571 0.126190 0.190476 0.211905 0.004762 0.000000 0.004762 0.069048 0.091667 0.003571 0.005952 0.000000 0.058333 0.065476 0.273810 1.000000 1.000000 1.000000 1.000000 1.000000 1.000000 0.088095 0.175000 0.097619 0.111905 1.000000 1.000000 1.000000 1.000000 1.000000 1.000000 1.000000 1.000000 1.000000 1.000000 1.000000 1.000000 1.000000 1.000000 1.000000 1.000000 1.000000 1.000000 1.000000 1.000000 1.000000 0.000000 1.000000 1.000000 1.000000 0.000000 1.000000 1.000000 1.000000 0.000000 1.000000 0.000000 1.000000 1.000000 1.000000
0.003571 0.000000 0.009524 0.157143 0.130952 0.194048 0.238095 0.005952 0.000000 0.004762 0.066667 0.095238 0.003571 0.005952 0.010714 0.033333 0.115476 0.267857 1.000000 1.000000 1.000000 1.000000 1.000000 1.000000 0.150000 0.180952 0.114286 0.135714 1.000000 1.000000 1.000000 1.000000 1.000000 1.000000 1.000000 1.000000 1.000000 1.000000 1.000000 1.000000 1.000000 1.000000 1.000000 1.000000 1.000000 1.000000 1.000000 1.000000 1.000000 1.000000 1.000000 1.000000 1.000000 0.000000 0.000000 0.000000 0.000000 0.000000 0.000000 0.000000 1.000000 1.000000 1.000000
0.008333 0.000000 0.010714 0.178571 0.150000 0.196429 0.215476 0.002381 0.000000 0.005952 0.072619 0.104762 0.111905 0.011905 0.013095 0.033333 1.000000 1.000000 1.000000 1.000000 1.000000 1.000000 1.000000 1.000000 0.164286 0.125000 0.105952 1.000000 1.000000 1.000000 1.000000 1.000000 1.000000 1.000000 1.000000 1.000000 1.000000 1.000000 1.000000 1.000000 1.000000 1.000000 1.000000 1.000000 1.000000 1.000000 1.000000 1.000000 1.000000 1.000000 1.000000 1.000000 1.000000 0.000000 0.000000 0.000000 0.000000 0.000000 0.000000 0.000000 1.000000 1.000000 1.000000
0.000000 0.009524 0.017857 0.208333 0.207143 0.221429 0.239286 0.004762 0.000000 0.089286 0.083333 0.103571 0.009524 0.014286 0.021429 0.028571 1.000000 1.000000 1.000000 1.000000 1.000000 1.000000 1.000000 1.000000 0.213095 0.140476 0.132143 1.000000 1.000000 1.000000 1.000000 1.000000 1.000000 1.000000 1.000000 1.000000 1.000000 1.000000 1.000000 1.000000 1.000000 1.000000 1.000000 1.000000 1.000000 1.000000 1.000000 1.000000 1.000000 1.000000 1.000000 1.000000 1.000000 1.000000 0.000000 1.000000 1.000000 1.000000 0.000000 0.000000 1.000000 1.000000 1.000000
0.015476 0.014286 0.019048 0.028571 0.050000 0.061905 0.008333 0.279762 0.009524 0.130952 0.127381 0.117857 0.128571 0.039286 0.072619 0.071429 0.101190 1.000000 1.000000 1.000000 1.000000 1.000000 1.000000 1.000000 1.000000 0.185714 1.000000 1.000000 1.000000 1.000000 1.000000 1.000000 1.000000 1.000000 1.000000 1.000000 1.000000 1.000000 1.000000 1.000000 1.000000 1.000000 1.000000 1.000000 1.000000 1.000000 1.000000 1.000000 1.000000 1.000000 1.000000 1.000000 1.000000 1.000000 1.000000 1.000000 1.000000 0.000000 0.000000 0.000000 1.000000 1.000000 1.000000
0.016667 0.021429 0.022619 0.039286 0.048810 0.007143 0.003571 0.003571 0.072619 0.113095 0.105952 0.084524 0.066667 0.050000 1.000000 1.000000 1.000000 1.000000 1.000000 1.000000 1.000000 1.000000 1.000000 1.000000 1.000000 1.000000 1.000000 1.000000 1.000000 1.000000 1.000000 1.000000 1.000000 1.000000 1.000000 1.000000 1.000000 1.000000 1.000000 1.000000 1.000000 1.000000 1.000000 1.000000 1.000000 1.000000 1.000000 1.000000 1.000000 1.000000 1.000000 1.000000 1.000000 1.000000 1.000000 1.000000 1.000000 1.000000 0.000000 0.000000 0.000000 1.000000 1.000000
0.016667 0.025000 0.023810 0.036905 0.003571 0.005952 0.003571 0.009524 0.078571 1.000000 1.000000 0.159524 0.041667 0.067857 1.000000 1.000000 1.000000 1.000000 1.000000 1.000000 1.000000 1.000000 1.000000 1.000000 1.000000 1.000000 1.000000 1.000000 1.000000 1.000000 1.000000 1.000000 1.000000 1.000000 1.000000 1.000000 1.000000 1.000000 1.000000 1.000000 1.000000 1.000000 1.000000 1.000000 1.000000 1.000000 1.000000 1.000000 1.000000 1.000000 1.000000 1.000000 1.000000 1.000000 1.000000 1.000000 1.000000 1.000000 0.000000 0.000000 0.000000 0.000000 1.000000
0.015476 0.021429 0.023810 0.032143 0.007143 0.004762 0.002381 0.080952 0.110714 1.000000 1.000000 0.100000 0.075000 1.000000 1.000000 1.000000 1.000000 1.000000 1.000000 1.000000 1.000000 1.000000 1.000000 1.000000 1.000000 1.000000 1.000000 1.000000 1.000000 1.000000 1.000000 1.000000 1.000000 1.000000 1.000000 1.000000 1.000000 1.000000 1.000000 1.000000 1.000000 1.000000 1.000000 1.000000 1.000000 1.000000 1.000000 1.000000 1.000000 1.000000 1.000000 1.000000 1.000000 1.000000 1.000000 1.000000 1.000000 1.000000 1.000000 0.000000 0.000000 0.000000 0.000000
0.016667 0.017857 0.023810 0.032143 0.003571 0.007143 0.002381 0.000000 1.000000 1.000000 1.000000 1.000000 1.000000 1.000000 1.000000 1.000000 1.000000 1.000000 1.000000 1.000000 1.000000 1.000000 1.000000 1.000000 1.000000 1.000000 1.000000 1.000000 1.000000 1.000000 1.000000 1.000000 1.000000 1.000000 1.000000 1.000000 1.000000 1.000000 1.000000 1.000000 1.000000 1.000000 1.000000 1.000000 1.000000 1.000000 1.000000 1.000000 1.000000 1.000000 1.000000 1.000000 1.000000 1.000000 1.000000 1.000000 1.000000 1.000000 1.000000 0.000000 1.000000 0.000000 0.000000
