FireSTARR/test/output/NOR/NOR072/2018-07-20_0000/intensity_L_202_2018-07-21.asc
ncols         359
nrows         310
xllcorner     529943.378600
yllcorner     5243502.364000
cellsize      100.000000
NODATA_value  0.000000
[rows 84 to 111 of 310, columns 252 to 314 of 359]
0.113095 0.001190 0.001190 0.001190 0.001190 0.001190 0.002381 0.000000 0.008333 0.009524 0.011905 0.008333 0.007143 0.007143 0.013095 0.036905 0.010714 0.005952 0.005952 0.003571 0.003571 0.002381 0.001190 0.000000 0.000000 0.000000 0.000000 0.000000 0.000000 0.000000 0.000000 0.000000 0.000000 0.000000 0.000000 0.000000 0.000000 0.000000 0.000000 0.000000 0.000000 0.000000 0.000000 0.000000 0.000000 0.000000 0.000000 0.000000 0.000000 0.000000 0.000000 0.000000 0.000000 0.000000 0.000000 0.000000 0.027381 0.000000 0.000000 0.105952 0.111905 0.010714 0.116667
0.111905 0.000000 0.000000 0.001190 0.001190 0.003571 0.002381 0.020238 0.014286 0.009524 0.008333 0.004762 0.003571 0.007143 0.000000 0.030952 0.013095 0.009524 0.009524 0.007143 0.001190 0.001190 0.001190 0.000000 0.000000 0.000000 0.000000 0.001190 0.001190 0.000000 0.000000 0.000000 0.000000 0.000000 0.000000 0.000000 0.000000 0.000000 0.000000 0.000000 0.000000 0.000000 0.000000 0.000000 0.000000 0.000000 0.000000 0.000000 0.000000 0.000000 0.000000 0.000000 0.000000 0.000000 0.000000 0.015476 0.032143 0.047619 0.064286 0.108333 0.011905 0.013095 0.128571
0.110714 0.001190 0.000000 0.001190 0.028571 0.028571 0.002381 0.016667 0.013095 0.021429 0.023810 0.021429 0.002381 0.009524 0.050000 0.040476 0.017857 0.010714 0.003571 0.003571 0.002381 0.001190 0.000000 0.001190 0.001190 0.002381 0.001190 0.001190 0.000000 0.000000 0.000000 0.000000 0.000000 0.000000 0.000000 0.000000 0.000000 0.000000 0.000000 0.000000 0.000000 0.000000 0.000000 0.000000 0.000000 0.000000 0.000000 0.000000 0.000000 0.000000 0.000000 0.000000 0.000000 0.000000 0.000000 0.003571 0.007143 0.000000 0.094048 0.100000 0.120238 0.010714 0.002381
0.001190 0.001190 0.004762 0.004762 0.003571 0.002381 0.001190 0.003571 0.020238 0.020238 0.021429 0.025000 0.007143 0.005952 0.009524 0.044048 0.032143 0.014286 0.005952 0.002381 0.003571 0.001190 0.001190 0.001190 0.005952 0.004762 0.002381 0.001190 0.000000 0.000000 0.000000 0.000000 0.000000 0.000000 0.000000 0.000000 0.000000 0.000000 0.000000 0.000000 0.000000 0.000000 0.000000 0.000000 0.000000 0.000000 0.000000 0.000000 0.000000 0.000000 0.000000 0.000000 0.000000 0.000000 0.000000 0.001190 0.000000 0.000000 0.094048 0.009524 0.121429 0.008333 0.002381
0.002381 0.001190 0.004762 0.002381 0.001190 0.000000 0.000000 0.009524 0.019048 0.017857 0.014286 0.014286 0.005952 0.005952 0.005952 0.009524 0.016667 0.013095 0.007143 0.004762 0.003571 0.003571 0.001190 0.002381 0.003571 0.002381 0.003571 0.001190 0.000000 0.000000 0.000000 0.000000 0.000000 0.000000 0.000000 0.000000 0.000000 0.000000 0.000000 0.000000 0.000000 0.000000 0.000000 0.000000 0.000000 0.000000 0.000000 0.000000 0.000000 0.000000 0.000000 0.000000 0.000000 0.000000 0.000000 0.000000 0.000000 0.041667 0.082143 0.103571 0.010714 0.005952 0.003571
0.002381 0.000000 0.001190 0.001190 0.002381 0.001190 0.008333 0.009524 0.020238 0.019048 0.021429 0.008333 0.005952 0.021429 0.027381 0.015476 0.020238 0.021429 0.016667 0.000000 0.000000 0.007143 0.003571 0.003571 0.002381 0.003571 0.000000 0.000000 0.000000 0.000000 0.000000 0.000000 0.000000 0.000000 0.000000 0.000000 0.000000 0.000000 0.000000 0.000000 0.000000 0.000000 0.000000 0.000000 0.000000 0.000000 0.000000 0.000000 0.000000 0.000000 0.000000 0.000000 0.000000 0.000000 0.000000 0.000000 0.028571 0.044048 0.051190 0.088095 0.011905 0.010714 0.002381
0.000000 0.126190 0.126190 0.001190 0.001190 0.003571 0.004762 0.008333 0.015476 0.016667 0.019048 0.025000 0.020238 0.023810 0.032143 0.023810 0.017857 0.025000 0.017857 0.000000 0.011905 0.008333 0.004762 0.004762 0.003571 0.001190 0.000000 0.000000 0.000000 0.000000 0.000000 0.000000 0.000000 0.000000 0.000000 0.000000 0.000000 0.000000 0.000000 0.000000 0.000000 0.000000 0.000000 0.000000 0.000000 0.000000 0.000000 0.000000 0.000000 0.000000 0.000000 0.000000 0.000000 0.000000 0.000000 0.000000 0.000000 0.047619 0.055952 0.083333 0.101190 0.120238 0.004762
0.136905 0.000000 0.007143 0.010714 0.007143 0.008333 0.008333 0.007143 0.021429 0.022619 0.021429 0.021429 0.022619 0.022619 0.026190 0.022619 0.025000 0.019048 0.016667 0.016667 0.015476 0.008333 0.005952 0.003571 0.002381 0.003571 0.001190 0.000000 0.001190 0.000000 0.000000 0.000000 0.000000 0.000000 0.000000 0.000000 0.000000 0.000000 0.000000 0.000000 0.000000 0.000000 0.000000 0.000000 0.000000 0.000000 0.000000 0.000000 0.000000 0.000000 0.000000 0.000000 0.000000 0.000000 0.000000 0.000000 0.000000 0.061905 0.070238 0.094048 0.102381 0.113095 0.002381
0.001190 0.008333 0.002381 0.003571 0.003571 0.007143 0.005952 0.011905 0.023810 0.005952 0.004762 0.022619 0.002381 0.004762 0.022619 0.025000 0.022619 0.019048 0.017857 0.002381 0.013095 0.010714 0.010714 0.004762 0.003571 0.003571 0.002381 0.000000 0.001190 0.000000 0.000000 0.000000 0.000000 0.000000 0.000000 0.000000 0.000000 0.000000 0.000000 0.000000 0.000000 0.000000 0.000000 0.000000 0.000000 0.000000 0.000000 0.000000 0.000000 0.000000 0.000000 0.000000 0.000000 0.000000 0.000000 0.000000 0.000000 0.000000 0.101190 0.107143 0.141667 0.142857 0.141667
0.005952 0.007143 0.010714 0.010714 0.015476 0.015476 0.014286 0.013095 0.020238 0.008333 0.004762 0.004762 0.002381 0.003571 0.004762 0.025000 0.026190 0.002381 0.003571 0.001190 0.034524 0.010714 0.011905 0.008333 0.004762 0.003571 0.004762 0.002381 0.000000 0.000000 0.000000 0.000000 0.000000 0.000000 0.000000 0.000000 0.000000 0.000000 0.000000 0.000000 0.000000 0.000000 0.000000 0.000000 0.000000 0.000000 0.000000 0.000000 0.000000 0.000000 0.000000 0.000000 0.000000 0.000000 0.000000 0.000000 0.000000 0.000000 0.142857 0.144048 0.146429 0.000000 0.000000
0.009524 0.016667 0.020238 0.020238 0.020238 0.016667 0.026190 0.021429 0.020238 0.023810 0.004762 0.003571 0.007143 0.001190 0.005952 0.005952 0.020238 0.000000 0.003571 0.005952 0.000000 0.030952 0.000000 0.008333 0.010714 0.005952 0.005952 0.004762 0.002381 0.002381 0.001190 0.000000 0.000000 0.000000 0.000000 0.000000 0.000000 0.000000 0.000000 0.000000 0.000000 0.000000 0.000000 0.000000 0.000000 0.000000 0.000000 0.000000 0.000000 0.000000 0.000000 0.000000 0.000000 0.000000 0.000000 0.058333 0.103571 0.142857 0.146429 0.001190 0.000000 0.000000 0.000000
0.010714 0.010714 0.016667 0.027381 0.028571 0.029762 0.026190 0.022619 0.016667 0.014286 0.005952 0.003571 0.003571 0.002381 0.009524 0.002381 0.001190 0.003571 0.004762 0.003571 0.001190 0.000000 0.000000 0.000000 0.002381 0.009524 0.005952 0.005952 0.005952 0.002381 0.002381 0.000000 0.002381 0.000000 0.000000 0.000000 0.000000 0.000000 0.000000 0.000000 0.000000 0.000000 0.000000 0.000000 0.000000 0.000000 0.000000 0.000000 0.000000 0.000000 0.000000 0.000000 0.000000 0.000000 0.000000 0.000000 0.091667 0.140476 0.000000 0.000000 0.001190 0.000000 0.000000
0.000000 0.010714 0.010714 0.029762 0.001190 0.001190 0.022619 0.001190 0.001190 0.001190 0.004762 0.001190 0.015476 0.008333 0.015476 0.003571 0.004762 0.003571 0.007143 0.007143 0.011905 0.001190 0.013095 0.026190 0.008333 0.010714 0.008333 0.009524 0.003571 0.003571 0.002381 0.000000 0.001190 0.001190 0.000000 0.000000 0.000000 0.000000 0.000000 0.000000 0.000000 0.000000 0.000000 0.000000 0.000000 0.000000 0.000000 0.000000 0.000000 0.000000 0.000000 0.000000 0.000000 0.000000 0.000000 0.000000 0.094048 0.138095 0.086905 0.002381 0.001190 0.000000 0.001190
0.000000 0.000000 0.000000 0.021429 0.155952 0.001190 0.002381 0.001190 0.002381 0.001190 0.003571 0.001190 0.010714 0.016667 0.009524 0.010714 0.005952 0.003571 0.011905 0.005952 0.013095 0.011905 0.014286 0.011905 0.011905 0.009524 0.011905 0.000000 0.000000 0.002381 0.002381 0.002381 0.000000 0.001190 0.000000 0.000000 0.000000 0.000000 0.000000 0.000000 0.000000 0.000000 0.000000 0.000000 0.000000 0.000000 0.000000 0.000000 0.000000 0.000000 0.000000 0.000000 0.000000 0.000000 0.050000 0.075000 0.090476 0.136905 0.000000 0.001190 0.001190 0.023810 0.022619
0.008333 0.013095 0.002381 0.017857 0.158333 0.001190 0.002381 0.002381 0.002381 0.002381 0.002381 0.002381 0.003571 0.013095 0.013095 0.014286 0.009524 0.014286 0.026190 0.016667 0.013095 0.014286 0.011905 0.003571 0.003571 0.011905 0.011905 0.001190 0.001190 0.003571 0.001190 0.002381 0.000000 0.001190 0.001190 0.000000 0.000000 0.000000 0.000000 0.000000 0.000000 0.000000 0.000000 0.000000 0.000000 0.000000 0.000000 0.000000 0.000000 0.000000 0.000000 0.000000 0.036905 0.050000 0.063095 0.076190 0.002381 0.070238 0.073810 0.084524 0.091667 0.023810 0.023810
0.010714 0.016667 0.003571 0.016667 0.022619 0.001190 0.001190 0.019048 0.002381 0.001190 0.000000 0.004762 0.001190 0.002381 0.011905 0.011905 0.008333 0.015476 0.022619 0.014286 0.028571 0.025000 0.003571 0.002381 0.003571 0.003571 0.013095 0.010714 0.000000 0.000000 0.000000 0.002381 0.002381 0.000000 0.001190 0.000000 0.000000 0.000000 0.000000 0.000000 0.000000 0.000000 0.000000 0.000000 0.000000 0.000000 0.000000 0.000000 0.000000 0.000000 0.029762 0.041667 0.047619 0.055952 0.063095 0.001190 0.030952 0.071429 0.079762 0.085714 0.008333 0.001190 0.000000
0.021429 0.002381 0.003571 0.015476 0.020238 0.002381 0.002381 0.003571 0.003571 0.003571 0.002381 0.000000 0.002381 0.002381 0.001190 0.002381 0.009524 0.014286 0.017857 0.015476 0.015476 0.025000 0.001190 0.039286 0.002381 0.003571 0.004762 0.011905 0.000000 0.000000 0.000000 0.004762 0.001190 0.000000 0.001190 0.000000 0.000000 0.000000 0.000000 0.000000 0.000000 0.000000 0.000000 0.000000 0.000000 0.000000 0.000000 0.000000 0.000000 0.035714 0.035714 0.041667 0.050000 0.047619 0.047619 0.046429 0.051190 0.072619 0.002381 0.002381 0.003571 0.004762 0.001190
0.017857 0.016667 0.004762 0.003571 0.002381 0.005952 0.172619 0.002381 0.002381 0.003571 0.002381 0.000000 0.000000 0.002381 0.002381 0.016667 0.016667 0.022619 0.010714 0.040476 0.030952 0.032143 0.000000 0.040476 0.002381 0.002381 0.004762 0.004762 0.001190 0.000000 0.000000 0.007143 0.003571 0.001190 0.001190 0.000000 0.000000 0.000000 0.000000 0.000000 0.000000 0.000000 0.000000 0.000000 0.000000 0.000000 0.000000 0.000000 0.000000 0.047619 0.045238 0.023810 0.015476 0.040476 0.047619 0.000000 0.001190 0.069048 0.003571 0.002381 0.004762 0.010714 0.011905
0.003571 0.001190 0.002381 0.002381 0.010714 0.016667 0.009524 0.002381 0.001190 0.002381 0.002381 0.000000 0.004762 0.003571 0.002381 0.010714 0.001190 0.015476 0.014286 0.019048 0.035714 0.029762 0.033333 0.004762 0.003571 0.002381 0.007143 0.005952 0.003571 0.002381 0.000000 0.005952 0.002381 0.002381 0.001190 0.000000 0.000000 0.000000 0.000000 0.000000 0.000000 0.000000 0.000000 0.000000 0.000000 0.000000 0.000000 0.034524 0.046429 0.063095 0.059524 0.036905 0.039286 0.046429 0.002381 0.001190 0.001190 0.000000 0.000000 0.001190 0.005952 0.022619 0.025000
0.002381 0.000000 0.001190 0.000000 0.013095 0.013095 0.008333 0.003571 0.002381 0.001190 0.000000 0.000000 0.002381 0.001190 0.001190 0.000000 0.002381 0.014286 0.008333 0.046429 0.029762 0.029762 0.028571 0.002381 0.003571 0.002381 0.007143 0.007143 0.003571 0.000000 0.000000 0.000000 0.005952 0.002381 0.001190 0.001190 0.000000 0.000000 0.000000 0.000000 0.000000 0.000000 0.000000 0.000000 0.000000 0.000000 0.038095 0.046429 0.050000 0.061905 0.001190 0.041667 0.000000 0.004762 0.003571 0.000000 0.001190 0.109524 0.002381 0.001190 0.004762 0.089286 0.070238
0.002381 0.000000 0.000000 0.000000 0.011905 0.010714 0.008333 0.021429 0.000000 0.003571 0.002381 0.002381 0.001190 0.003571 0.001190 0.001190 0.001190 0.002381 0.007143 0.045238 0.025000 0.026190 0.028571 0.003571 0.017857 0.001190 0.003571 0.004762 0.002381 0.002381 0.001190 0.001190 0.005952 0.002381 0.001190 0.000000 0.001190 0.000000 0.000000 0.000000 0.000000 0.000000 0.000000 0.000000 0.000000 0.000000 0.035714 0.040476 0.002381 0.001190 0.002381 0.000000 0.000000 0.003571 0.001190 0.000000 0.000000 0.002381 0.001190 0.001190 0.001190 0.100000 0.080952
0.001190 0.001190 0.001190 0.001190 0.008333 0.009524 0.008333 0.008333 0.002381 0.002381 0.000000 0.000000 0.001190 0.002381 0.000000 0.002381 0.001190 0.003571 0.010714 0.015476 0.005952 0.026190 0.029762 0.026190 0.025000 0.001190 0.002381 0.013095 0.011905 0.010714 0.000000 0.000000 0.005952 0.003571 0.001190 0.000000 0.000000 0.000000 0.000000 0.000000 0.000000 0.000000 0.000000 0.000000 0.000000 0.000000 0.028571 0.002381 0.000000 0.002381 0.002381 0.011905 0.014286 0.013095 0.002381 0.001190 0.092857 0.002381 0.002381 0.053571 0.115476 0.116667 0.072619
0.003571 0.001190 0.000000 0.000000 0.005952 0.013095 0.013095 0.004762 0.019048 0.001190 0.002381 0.002381 0.003571 0.002381 0.001190 0.000000 0.046429 0.003571 0.014286 0.010714 0.003571 0.011905 0.032143 0.001190 0.026190 0.026190 0.001190 0.002381 0.010714 0.002381 0.003571 0.000000 0.001190 0.003571 0.002381 0.000000 0.000000 0.000000 0.000000 0.000000 0.000000 0.000000 0.000000 0.000000 0.000000 0.002381 0.000000 0.002381 0.000000 0.000000 0.001190 0.005952 0.010714 0.005952 0.000000 0.000000 0.001190 0.000000 0.041667 0.039286 0.123810 0.080952 0.090476
0.010714 0.000000 0.001190 0.002381 0.005952 0.008333 0.010714 0.007143 0.019048 0.019048 0.001190 0.001190 0.002381 0.003571 0.000000 0.045238 0.041667 0.041667 0.009524 0.015476 0.055952 0.013095 0.011905 0.032143 0.025000 0.022619 0.001190 0.001190 0.003571 0.001190 0.002381 0.000000 0.001190 0.000000 0.000000 0.000000 0.000000 0.000000 0.000000 0.000000 0.000000 0.000000 0.000000 0.005952 0.004762 0.007143 0.001190 0.001190 0.000000 0.001190 0.000000 0.003571 0.003571 0.005952 0.007143 0.004762 0.001190 0.001190 0.048810 0.083333 0.125000 0.091667 0.091667
0.011905 0.009524 0.003571 0.001190 0.001190 0.060714 0.111905 0.007143 0.029762 0.019048 0.000000 0.003571 0.003571 0.005952 0.000000 0.000000 0.032143 0.025000 0.029762 0.011905 0.059524 0.075000 0.013095 0.036905 0.036905 0.032143 0.027381 0.002381 0.001190 0.000000 0.001190 0.002381 0.000000 0.000000 0.000000 0.000000 0.000000 0.000000 0.000000 0.000000 0.000000 0.000000 0.002381 0.005952 0.007143 0.002381 0.001190 0.000000 0.011905 0.011905 0.002381 0.004762 0.004762 0.001190 0.002381 0.001190 0.001190 0.000000 0.000000 0.130952 0.135714 0.008333 0.009524
0.000000 0.000000 0.000000 0.001190 0.001190 0.091667 0.009524 0.022619 0.032143 0.025000 0.000000 0.003571 0.000000 0.004762 0.001190 0.001190 0.023810 0.025000 0.023810 0.035714 0.088095 0.089286 0.010714 0.002381 0.004762 0.002381 0.003571 0.003571 0.000000 0.002381 0.000000 0.003571 0.002381 0.000000 0.000000 0.000000 0.000000 0.000000 0.000000 0.000000 0.000000 0.002381 0.003571 0.002381 0.008333 0.002381 0.016667 0.019048 0.015476 0.015476 0.011905 0.014286 0.002381 0.002381 0.002381 0.001190 0.001190 0.001190 0.042857 0.130952 0.007143 0.004762 0.000000
0.000000 0.000000 0.001190 0.001190 0.090476 0.019048 0.008333 0.021429 0.029762 0.011905 0.007143 0.004762 0.035714 0.028571 0.001190 0.001190 0.022619 0.027381 0.030952 0.050000 0.095238 0.010714 0.015476 0.011905 0.001190 0.001190 0.002381 0.001190 0.000000 0.002381 0.007143 0.003571 0.000000 0.001190 0.000000 0.000000 0.000000 0.000000 0.000000 0.000000 0.000000 0.001190 0.002381 0.007143 0.002381 0.017857 0.004762 0.005952 0.003571 0.010714 0.005952 0.015476 0.017857 0.002381 0.042857 0.044048 0.000000 0.022619 0.027381 0.109524 0.005952 0.004762 0.000000
0.000000 0.000000 0.000000 0.003571 0.002381 0.121429 0.008333 0.023810 0.030952 0.013095 0.007143 0.005952 0.034524 0.030952 0.001190 0.001190 0.039286 0.035714 0.051190 0.064286 0.105952 0.013095 0.010714 0.014286 0.001190 0.004762 0.000000 0.000000 0.002381 0.003571 0.001190 0.003571 0.000000 0.000000 0.000000 0.000000 0.000000 0.000000 0.000000 0.000000 0.000000 0.002381 0.005952 0.009524 0.007143 0.008333 0.005952 0.004762 0.004762 0.002381 0.005952 0.003571 0.011905 0.013095 0.000000 0.001190 0.022619 0.022619 0.001190 0.000000 0.000000 0.000000 0.000000
