FireSTARR/test/output/NOR/NOR072/2018-07-20_0000/intensity_M_202_2018-07-21.asc
ncols         360
nrows         311
xllcorner     529943.378600
yllcorner     5243502.364000
cellsize      100.000000
NODATA_value  0.000000
[rows 84 to 111 of 311, columns 126 to 188 of 360]
0.000000 0.000000 0.000000 0.001190 0.000000 0.000000 0.000000 0.000000 0.000000 0.000000 0.000000 0.000000 0.000000 0.000000 0.000000 0.000000 0.000000 0.000000 0.001190 0.001190 0.001190 0.000000 0.000000 0.000000 0.000000 0.000000 0.000000 0.000000 0.000000 0.000000 0.002381 0.002381 0.001190 0.002381 0.000000 0.000000 0.000000 0.000000 0.000000 0.000000 0.000000 0.002381 0.003571 0.003571 0.007143 0.007143 0.011905 0.011905 0.011905 0.002381 0.001190 0.001190 0.001190 0.000000 0.002381 0.019048 0.017857 0.000000 0.001190 0.002381 0.002381 0.003571 0.003571
0.000000 0.000000 0.000000 0.000000 0.001190 0.000000 0.000000 0.000000 0.000000 0.000000 0.000000 0.000000 0.000000 0.000000 0.001190 0.001190 0.002381 0.000000 0.001190 0.001190 0.001190 0.000000 0.000000 0.000000 0.000000 0.000000 0.000000 0.000000 0.000000 0.000000 0.001190 0.001190 0.000000 0.002381 0.001190 0.000000 0.000000 0.001190 0.000000 0.000000 0.004762 0.005952 0.007143 0.008333 0.005952 0.003571 0.005952 0.008333 0.005952 0.009524 0.002381 0.002381 0.002381 0.002381 0.002381 0.026190 0.026190 0.001190 0.000000 0.000000 0.003571 0.004762 0.002381
0.000000 0.000000 0.000000 0.000000 0.000000 0.000000 0.000000 0.000000 0.000000 0.000000 0.000000 0.000000 0.001190 0.000000 0.001190 0.000000 0.002381 0.000000 0.001190 0.001190 0.001190 0.000000 0.000000 0.000000 0.000000 0.000000 0.000000 0.000000 0.000000 0.000000 0.000000 0.003571 0.000000 0.000000 0.000000 0.000000 0.001190 0.001190 0.003571 0.003571 0.002381 0.004762 0.005952 0.001190 0.001190 0.001190 0.008333 0.009524 0.015476 0.009524 0.013095 0.001190 0.000000 0.001190 0.001190 0.004762 0.029762 0.002381 0.000000 0.000000 0.000000 0.000000 0.003571
0.001190 0.000000 0.000000 0.000000 0.000000 0.000000 0.001190 0.001190 0.001190 0.001190 0.001190 0.001190 0.001190 0.001190 0.001190 0.001190 0.000000 0.001190 0.001190 0.001190 0.001190 0.000000 0.000000 0.000000 0.000000 0.000000 0.000000 0.000000 0.000000 0.000000 0.000000 0.000000 0.002381 0.000000 0.000000 0.000000 0.000000 0.000000 0.000000 0.000000 0.000000 0.007143 0.004762 0.003571 0.000000 0.000000 0.002381 0.001190 0.004762 0.016667 0.010714 0.010714 0.011905 0.000000 0.001190 0.005952 0.033333 0.001190 0.002381 0.001190 0.000000 0.002381 0.002381
0.000000 0.000000 0.000000 0.000000 0.000000 0.000000 0.001190 0.001190 0.000000 0.001190 0.000000 0.001190 0.001190 0.001190 0.001190 0.001190 0.000000 0.000000 0.001190 0.002381 0.001190 0.000000 0.000000 0.000000 0.000000 0.000000 0.001190 0.000000 0.000000 0.000000 0.000000 0.000000 0.000000 0.000000 0.001190 0.001190 0.000000 0.000000 0.000000 0.000000 0.000000 0.000000 0.002381 0.003571 0.001190 0.004762 0.007143 0.000000 0.004762 0.007143 0.017857 0.013095 0.014286 0.014286 0.002381 0.003571 0.033333 0.034524 0.001190 0.001190 0.000000 0.001190 0.001190
0.001190 0.001190 0.001190 0.000000 0.000000 0.000000 0.000000 0.001190 0.000000 0.000000 0.000000 0.001190 0.001190 0.000000 0.000000 0.001190 0.001190 0.001190 0.000000 0.001190 0.004762 0.001190 0.000000 0.000000 0.000000 0.000000 0.001190 0.000000 0.000000 0.000000 0.000000 0.000000 0.000000 0.000000 0.001190 0.001190 0.002381 0.001190 0.001190 0.000000 0.000000 0.000000 0.000000 0.000000 0.000000 0.000000 0.000000 0.000000 0.005952 0.009524 0.003571 0.015476 0.022619 0.014286 0.017857 0.002381 0.033333 0.040476 0.000000 0.001190 0.001190 0.001190 0.002381
0.000000 0.001190 0.001190 0.001190 0.000000 0.000000 0.000000 0.000000 0.000000 0.000000 0.000000 0.000000 0.000000 0.001190 0.000000 0.000000 0.001190 0.001190 0.002381 0.002381 0.000000 0.003571 0.001190 0.001190 0.002381 0.001190 0.000000 0.000000 0.000000 0.000000 0.000000 0.000000 0.000000 0.000000 0.001190 0.001190 0.001190 0.001190 0.000000 0.000000 0.000000 0.000000 0.000000 0.000000 0.000000 0.000000 0.000000 0.000000 0.000000 0.003571 0.017857 0.023810 0.021429 0.021429 0.002381 0.002381 0.005952 0.004762 0.041667 0.001190 0.002381 0.002381 0.001190
0.000000 0.001190 0.001190 0.001190 0.001190 0.001190 0.000000 0.000000 0.000000 0.001190 0.000000 0.001190 0.001190 0.002381 0.001190 0.001190 0.000000 0.001190 0.001190 0.001190 0.001190 0.002381 0.002381 0.000000 0.000000 0.000000 0.000000 0.000000 0.000000 0.000000 0.000000 0.000000 0.000000 0.000000 0.000000 0.001190 0.001190 0.000000 0.001190 0.000000 0.000000 0.000000 0.001190 0.000000 0.000000 0.000000 0.000000 0.000000 0.000000 0.004762 0.004762 0.020238 0.019048 0.004762 0.002381 0.002381 0.004762 0.035714 0.044048 0.002381 0.001190 0.001190 0.000000
0.001190 0.001190 0.001190 0.001190 0.001190 0.001190 0.001190 0.001190 0.000000 0.001190 0.000000 0.000000 0.000000 0.001190 0.000000 0.002381 0.000000 0.001190 0.000000 0.000000 0.002381 0.002381 0.004762 0.000000 0.000000 0.000000 0.000000 0.000000 0.000000 0.000000 0.000000 0.000000 0.000000 0.000000 0.000000 0.001190 0.000000 0.001190 0.000000 0.001190 0.001190 0.000000 0.000000 0.001190 0.001190 0.000000 0.000000 0.002381 0.001190 0.010714 0.028571 0.029762 0.017857 0.017857 0.003571 0.003571 0.000000 0.017857 0.010714 0.040476 0.000000 0.002381 0.002381
0.000000 0.002381 0.001190 0.001190 0.001190 0.001190 0.001190 0.001190 0.001190 0.001190 0.001190 0.000000 0.000000 0.004762 0.003571 0.004762 0.000000 0.001190 0.000000 0.001190 0.002381 0.002381 0.002381 0.004762 0.000000 0.000000 0.000000 0.000000 0.000000 0.000000 0.000000 0.000000 0.000000 0.000000 0.001190 0.001190 0.002381 0.000000 0.000000 0.000000 0.000000 0.001190 0.001190 0.000000 0.002381 0.002381 0.001190 0.001190 0.001190 0.026190 0.026190 0.029762 0.020238 0.007143 0.005952 0.013095 0.000000 0.014286 0.017857 0.039286 0.030952 0.002381 0.002381
0.001190 0.001190 0.001190 0.002381 0.002381 0.001190 0.001190 0.001190 0.002381 0.001190 0.001190 0.000000 0.000000 0.004762 0.003571 0.004762 0.000000 0.001190 0.001190 0.001190 0.000000 0.001190 0.001190 0.001190 0.000000 0.001190 0.000000 0.000000 0.000000 0.000000 0.000000 0.000000 0.000000 0.001190 0.000000 0.002381 0.002381 0.000000 0.000000 0.000000 0.000000 0.000000 0.000000 0.000000 0.001190 0.001190 0.002381 0.001190 0.001190 0.020238 0.025000 0.027381 0.017857 0.005952 0.000000 0.009524 0.007143 0.010714 0.014286 0.003571 0.032143 0.044048 0.001190
0.001190 0.001190 0.002381 0.002381 0.002381 0.002381 0.002381 0.001190 0.004762 0.001190 0.001190 0.000000 0.000000 0.000000 0.000000 0.000000 0.000000 0.000000 0.000000 0.000000 0.001190 0.001190 0.000000 0.001190 0.001190 0.001190 0.000000 0.000000 0.000000 0.000000 0.000000 0.000000 0.000000 0.000000 0.000000 0.002381 0.000000 0.000000 0.001190 0.000000 0.000000 0.000000 0.000000 0.000000 0.000000 0.001190 0.001190 0.003571 0.003571 0.023810 0.014286 0.014286 0.017857 0.000000 0.000000 0.001190 0.001190 0.002381 0.011905 0.010714 0.011905 0.036905 0.040476
0.000000 0.002381 0.002381 0.001190 0.000000 0.000000 0.005952 0.004762 0.003571 0.001190 0.000000 0.000000 0.000000 0.005952 0.000000 0.000000 0.000000 0.000000 0.000000 0.000000 0.000000 0.000000 0.001190 0.001190 0.001190 0.000000 0.000000 0.000000 0.000000 0.000000 0.000000 0.000000 0.000000 0.001190 0.000000 0.001190 0.000000 0.000000 0.000000 0.000000 0.000000 0.000000 0.000000 0.000000 0.000000 0.001190 0.003571 0.002381 0.001190 0.030952 0.022619 0.011905 0.000000 0.000000 0.000000 0.000000 0.004762 0.004762 0.007143 0.009524 0.034524 0.028571 0.036905
0.001190 0.001190 0.001190 0.001190 0.002381 0.004762 0.004762 0.005952 0.002381 0.001190 0.000000 0.003571 0.000000 0.005952 0.000000 0.000000 0.000000 0.000000 0.000000 0.000000 0.000000 0.000000 0.000000 0.000000 0.001190 0.001190 0.000000 0.000000 0.000000 0.000000 0.001190 0.000000 0.000000 0.001190 0.000000 0.000000 0.001190 0.000000 0.000000 0.001190 0.000000 0.000000 0.000000 0.000000 0.000000 0.000000 0.002381 0.002381 0.026190 0.001190 0.002381 0.021429 0.000000 0.000000 0.000000 0.008333 0.008333 0.008333 0.005952 0.010714 0.036905 0.042857 0.000000
0.003571 0.003571 0.003571 0.004762 0.004762 0.004762 0.003571 0.002381 0.002381 0.001190 0.003571 0.004762 0.005952 0.005952 0.000000 0.003571 0.001190 0.001190 0.000000 0.000000 0.000000 0.000000 0.000000 0.001190 0.001190 0.000000 0.000000 0.000000 0.000000 0.000000 0.000000 0.000000 0.000000 0.000000 0.000000 0.000000 0.001190 0.002381 0.001190 0.001190 0.000000 0.000000 0.000000 0.000000 0.000000 0.001190 0.001190 0.001190 0.026190 0.002381 0.008333 0.002381 0.000000 0.000000 0.000000 0.008333 0.007143 0.007143 0.014286 0.011905 0.005952 0.035714 0.000000
0.003571 0.003571 0.003571 0.000000 0.004762 0.003571 0.002381 0.002381 0.005952 0.005952 0.002381 0.002381 0.005952 0.003571 0.001190 0.001190 0.001190 0.000000 0.001190 0.001190 0.000000 0.000000 0.000000 0.001190 0.001190 0.000000 0.001190 0.000000 0.000000 0.000000 0.000000 0.000000 0.001190 0.000000 0.000000 0.001190 0.001190 0.001190 0.001190 0.000000 0.000000 0.001190 0.000000 0.002381 0.002381 0.001190 0.014286 0.002381 0.002381 0.004762 0.002381 0.003571 0.002381 0.003571 0.007143 0.005952 0.005952 0.003571 0.003571 0.016667 0.016667 0.041667 0.000000
0.003571 0.002381 0.004762 0.003571 0.004762 0.003571 0.004762 0.003571 0.003571 0.000000 0.001190 0.001190 0.001190 0.001190 0.001190 0.001190 0.000000 0.000000 0.000000 0.001190 0.000000 0.001190 0.000000 0.000000 0.000000 0.001190 0.001190 0.000000 0.000000 0.000000 0.000000 0.000000 0.000000 0.000000 0.000000 0.001190 0.001190 0.002381 0.001190 0.001190 0.000000 0.000000 0.002381 0.001190 0.013095 0.014286 0.013095 0.000000 0.001190 0.004762 0.001190 0.000000 0.003571 0.003571 0.005952 0.008333 0.007143 0.004762 0.001190 0.017857 0.019048 0.013095 0.000000
0.003571 0.003571 0.004762 0.003571 0.002381 0.001190 0.002381 0.002381 0.000000 0.000000 0.000000 0.000000 0.000000 0.000000 0.001190 0.001190 0.001190 0.000000 0.000000 0.000000 0.000000 0.000000 0.001190 0.002381 0.001190 0.001190 0.001190 0.000000 0.000000 0.000000 0.000000 0.000000 0.000000 0.000000 0.000000 0.001190 0.001190 0.000000 0.000000 0.000000 0.000000 0.000000 0.002381 0.003571 0.000000 0.000000 0.010714 0.009524 0.000000 0.000000 0.002381 0.001190 0.002381 0.003571 0.005952 0.007143 0.005952 0.005952 0.001190 0.016667 0.014286 0.010714 0.008333
0.004762 0.003571 0.003571 0.004762 0.000000 0.000000 0.000000 0.001190 0.000000 0.000000 0.000000 0.000000 0.000000 0.000000 0.001190 0.000000 0.001190 0.000000 0.000000 0.000000 0.000000 0.001190 0.002381 0.002381 0.000000 0.000000 0.000000 0.000000 0.000000 0.000000 0.000000 0.000000 0.001190 0.001190 0.000000 0.003571 0.001190 0.000000 0.000000 0.000000 0.000000 0.000000 0.000000 0.011905 0.001190 0.013095 0.010714 0.008333 0.000000 0.000000 0.001190 0.003571 0.019048 0.002381 0.002381 0.003571 0.004762 0.002381 0.001190 0.014286 0.013095 0.009524 0.008333
0.007143 0.002381 0.002381 0.003571 0.001190 0.001190 0.000000 0.000000 0.000000 0.000000 0.000000 0.000000 0.000000 0.001190 0.000000 0.002381 0.001190 0.000000 0.000000 0.000000 0.000000 0.001190 0.001190 0.001190 0.000000 0.000000 0.000000 0.000000 0.001190 0.000000 0.000000 0.000000 0.000000 0.002381 0.002381 0.003571 0.001190 0.000000 0.000000 0.000000 0.000000 0.000000 0.000000 0.008333 0.010714 0.009524 0.011905 0.011905 0.000000 0.000000 0.001190 0.002381 0.016667 0.010714 0.010714 0.002381 0.002381 0.001190 0.001190 0.011905 0.016667 0.004762 0.004762
0.007143 0.002381 0.002381 0.002381 0.001190 0.002381 0.002381 0.000000 0.000000 0.000000 0.000000 0.000000 0.000000 0.000000 0.000000 0.000000 0.001190 0.002381 0.000000 0.000000 0.000000 0.000000 0.001190 0.000000 0.001190 0.000000 0.000000 0.000000 0.000000 0.000000 0.000000 0.000000 0.001190 0.000000 0.000000 0.002381 0.002381 0.000000 0.000000 0.000000 0.000000 0.000000 0.000000 0.003571 0.003571 0.005952 0.001190 0.010714 0.007143 0.005952 0.003571 0.003571 0.008333 0.007143 0.011905 0.001190 0.002381 0.002381 0.003571 0.000000 0.000000 0.005952 0.003571
0.000000 0.000000 0.002381 0.002381 0.002381 0.000000 0.002381 0.000000 0.001190 0.000000 0.000000 0.000000 0.000000 0.000000 0.000000 0.000000 0.000000 0.000000 0.000000 0.000000 0.000000 0.001190 0.002381 0.000000 0.000000 0.000000 0.000000 0.000000 0.000000 0.000000 0.000000 0.000000 0.000000 0.000000 0.000000 0.005952 0.002381 0.000000 0.000000 0.000000 0.000000 0.000000 0.001190 0.004762 0.000000 0.001190 0.000000 0.002381 0.009524 0.004762 0.004762 0.008333 0.009524 0.004762 0.014286 0.011905 0.013095 0.004762 0.000000 0.000000 0.000000 0.000000 0.003571
0.000000 0.000000 0.000000 0.002381 0.000000 0.000000 0.001190 0.001190 0.000000 0.000000 0.000000 0.000000 0.000000 0.000000 0.000000 0.000000 0.000000 0.000000 0.000000 0.000000 0.001190 0.002381 0.001190 0.000000 0.000000 0.001190 0.001190 0.001190 0.000000 0.001190 0.000000 0.001190 0.001190 0.000000 0.001190 0.001190 0.003571 0.000000 0.000000 0.000000 0.001190 0.000000 0.000000 0.000000 0.000000 0.000000 0.001190 0.002381 0.004762 0.004762 0.002381 0.001190 0.002381 0.002381 0.002381 0.009524 0.007143 0.005952 0.004762 0.000000 0.000000 0.000000 0.000000
0.000000 0.000000 0.000000 0.000000 0.000000 0.000000 0.001190 0.000000 0.000000 0.000000 0.000000 0.000000 0.000000 0.000000 0.000000 0.000000 0.000000 0.000000 0.000000 0.000000 0.000000 0.001190 0.000000 0.001190 0.001190 0.000000 0.000000 0.001190 0.000000 0.000000 0.000000 0.000000 0.000000 0.000000 0.000000 0.000000 0.001190 0.002381 0.000000 0.000000 0.000000 0.000000 0.000000 0.000000 0.000000 0.001190 0.000000 0.002381 0.005952 0.007143 0.009524 0.007143 0.007143 0.007143 0.002381 0.010714 0.003571 0.011905 0.008333 0.000000 0.000000 0.000000 0.000000
0.000000 0.001190 0.000000 0.000000 0.001190 0.001190 0.002381 0.001190 0.000000 0.000000 0.001190 0.001190 0.000000 0.000000 0.000000 0.000000 0.000000 0.000000 0.000000 0.000000 0.000000 0.000000 0.001190 0.000000 0.001190 0.001190 0.000000 0.000000 0.000000 0.000000 0.000000 0.000000 0.000000 0.000000 0.000000 0.000000 0.000000 0.001190 0.001190 0.000000 0.000000 0.000000 0.000000 0.000000 0.000000 0.001190 0.001190 0.003571 0.005952 0.005952 0.010714 0.009524 0.008333 0.008333 0.002381 0.003571 0.002381 0.021429 0.016667 0.000000 0.000000 0.000000 0.000000
0.001190 0.002381 0.001190 0.002381 0.002381 0.002381 0.003571 0.003571 0.003571 0.003571 0.002381 0.001190 0.000000 0.000000 0.000000 0.000000 0.000000 0.000000 0.000000 0.000000 0.000000 0.000000 0.000000 0.000000 0.001190 0.001190 0.001190 0.000000 0.000000 0.000000 0.000000 0.001190 0.000000 0.000000 0.002381 0.000000 0.000000 0.000000 0.001190 0.001190 0.001190 0.000000 0.000000 0.000000 0.000000 0.000000 0.001190 0.001190 0.004762 0.008333 0.008333 0.000000 0.002381 0.002381 0.002381 0.001190 0.030952 0.030952 0.022619 0.004762 0.000000 0.000000 0.000000
0.001190 0.001190 0.000000 0.002381 0.002381 0.000000 0.004762 0.004762 0.005952 0.004762 0.000000 0.002381 0.000000 0.000000 0.000000 0.000000 0.000000 0.000000 0.000000 0.000000 0.000000 0.000000 0.000000 0.000000 0.000000 0.002381 0.002381 0.001190 0.000000 0.000000 0.001190 0.000000 0.000000 0.000000 0.000000 0.000000 0.000000 0.000000 0.000000 0.001190 0.002381 0.001190 0.000000 0.000000 0.000000 0.001190 0.000000 0.000000 0.002381 0.003571 0.003571 0.004762 0.004762 0.008333 0.005952 0.007143 0.001190 0.022619 0.025000 0.007143 0.000000 0.004762 0.000000
0.000000 0.000000 0.001190 0.001190 0.002381 0.000000 0.001190 0.005952 0.005952 0.000000 0.000000 0.000000 0.000000 0.000000 0.000000 0.000000 0.000000 0.000000 0.000000 0.000000 0.000000 0.000000 0.000000 0.000000 0.001190 0.001190 0.001190 0.001190 0.000000 0.000000 0.000000 0.000000 0.000000 0.000000 0.002381 0.000000 0.002381 0.001190 0.000000 0.000000 0.001190 0.000000 0.001190 0.000000 0.000000 0.000000 0.000000 0.000000 0.001190 0.001190 0.000000 0.003571 0.005952 0.007143 0.009524 0.010714 0.005952 0.003571 0.003571 0.002381 0.002381 0.005952 0.000000
