FireSTARR/test/output/NOR/NOR072/2018-07-20_0000/intensity_L_203_2018-07-22.asc
ncols         381
nrows         325
xllcorner     527743.378600
yllcorner     5242302.364000
cellsize      100.000000
NODATA_value  0.000000
[rows 84 to 111 of 325, columns 315 to 377 of 381]
0.000000 0.000000 0.000000 0.000000 0.000000 0.000000 0.000000 0.000000 0.000000 0.000000 0.000000 0.000000 0.000000 0.000000 0.000000 0.000000 0.000000 0.000000 0.000000 0.058333 0.066667 0.082143 0.100000 0.100000 0.005952 0.042857 0.029762 0.019048 0.011905 0.014286 0.001190 0.001190 0.003571 0.007143 0.007143 0.000000 0.005952 0.004762 0.001190 0.000000 0.000000 0.000000 0.000000 0.000000 0.000000 0.000000 0.000000 0.000000 0.000000 0.000000 0.000000 0.000000 0.000000 0.000000 0.000000 0.000000 0.000000 0.000000 0.000000 0.000000 0.000000 0.000000 0.000000
0.000000 0.000000 0.000000 0.000000 0.000000 0.000000 0.000000 0.000000 0.000000 0.000000 0.000000 0.000000 0.000000 0.000000 0.000000 0.000000 0.000000 0.000000 0.000000 0.080952 0.088095 0.105952 0.110714 0.002381 0.004762 0.064286 0.039286 0.023810 0.014286 0.007143 0.001190 0.003571 0.017857 0.021429 0.011905 0.009524 0.010714 0.008333 0.003571 0.001190 0.000000 0.000000 0.000000 0.000000 0.000000 0.000000 0.000000 0.000000 0.000000 0.000000 0.000000 0.000000 0.000000 0.000000 0.000000 0.000000 0.000000 0.000000 0.000000 0.000000 0.000000 0.000000 0.000000
0.000000 0.000000 0.000000 0.000000 0.000000 0.000000 0.000000 0.000000 0.000000 0.000000 0.000000 0.000000 0.000000 0.000000 0.000000 0.000000 0.000000 0.000000 0.000000 0.132143 0.132143 0.121429 0.008333 0.007143 0.002381 0.070238 0.038095 0.028571 0.022619 0.014286 0.002381 0.008333 0.021429 0.027381 0.017857 0.016667 0.011905 0.013095 0.004762 0.002381 0.002381 0.000000 0.000000 0.000000 0.000000 0.000000 0.000000 0.000000 0.000000 0.000000 0.000000 0.000000 0.000000 0.000000 0.000000 0.000000 0.000000 0.000000 0.000000 0.000000 0.000000 0.000000 0.000000
0.000000 0.000000 0.000000 0.000000 0.000000 0.000000 0.000000 0.000000 0.000000 0.000000 0.000000 0.000000 0.000000 0.000000 0.000000 0.034524 0.000000 0.000000 0.135714 0.140476 0.011905 0.142857 0.142857 0.041667 0.057143 0.051190 0.088095 0.055952 0.000000 0.013095 0.004762 0.013095 0.028571 0.014286 0.016667 0.017857 0.017857 0.021429 0.005952 0.002381 0.002381 0.002381 0.000000 0.000000 0.000000 0.000000 0.000000 0.000000 0.000000 0.000000 0.000000 0.000000 0.000000 0.000000 0.000000 0.000000 0.000000 0.000000 0.000000 0.000000 0.000000 0.000000 0.000000
0.000000 0.000000 0.000000 0.000000 0.000000 0.000000 0.000000 0.000000 0.000000 0.000000 0.000000 0.000000 0.000000 0.000000 0.027381 0.046429 0.070238 0.095238 0.138095 0.013095 0.015476 0.157143 0.007143 0.044048 0.071429 0.070238 0.126190 0.000000 0.000000 0.015476 0.005952 0.016667 0.033333 0.025000 0.033333 0.032143 0.001190 0.021429 0.008333 0.007143 0.001190 0.001190 0.001190 0.000000 0.000000 0.000000 0.000000 0.000000 0.000000 0.000000 0.000000 0.000000 0.000000 0.000000 0.000000 0.000000 0.000000 0.000000 0.000000 0.000000 0.000000 0.000000 0.000000
0.000000 0.000000 0.000000 0.000000 0.000000 0.000000 0.000000 0.000000 0.000000 0.000000 0.000000 0.000000 0.000000 0.000000 0.015476 0.025000 0.000000 0.125000 0.130952 0.151190 0.016667 0.007143 0.007143 0.051190 0.047619 0.003571 0.030952 0.000000 0.021429 0.011905 0.008333 0.019048 0.041667 0.045238 0.044048 0.008333 0.004762 0.028571 0.015476 0.009524 0.002381 0.000000 0.000000 0.000000 0.000000 0.000000 0.000000 0.000000 0.000000 0.000000 0.000000 0.000000 0.000000 0.000000 0.000000 0.000000 0.000000 0.000000 0.000000 0.000000 0.000000 0.000000 0.000000
0.000000 0.000000 0.000000 0.000000 0.000000 0.000000 0.000000 0.000000 0.000000 0.000000 0.000000 0.000000 0.000000 0.000000 0.009524 0.000000 0.000000 0.128571 0.011905 0.152381 0.015476 0.003571 0.001190 0.053571 0.054762 0.000000 0.036905 0.029762 0.016667 0.004762 0.011905 0.032143 0.052381 0.051190 0.052381 0.008333 0.005952 0.032143 0.020238 0.002381 0.003571 0.000000 0.000000 0.001190 0.000000 0.000000 0.000000 0.000000 0.000000 0.000000 0.000000 0.000000 0.000000 0.000000 0.000000 0.000000 0.000000 0.000000 0.000000 0.000000 0.000000 0.000000 0.000000
0.000000 0.000000 0.000000 0.000000 0.000000 0.000000 0.000000 0.000000 0.000000 0.000000 0.000000 0.000000 0.000000 0.000000 0.000000 0.000000 0.076190 0.121429 0.140476 0.015476 0.011905 0.004762 0.003571 0.001190 0.042857 0.001190 0.038095 0.020238 0.010714 0.009524 0.013095 0.041667 0.061905 0.059524 0.057143 0.008333 0.005952 0.040476 0.030952 0.004762 0.005952 0.001190 0.001190 0.001190 0.000000 0.000000 0.000000 0.000000 0.000000 0.000000 0.000000 0.000000 0.000000 0.000000 0.000000 0.000000 0.000000 0.000000 0.000000 0.000000 0.000000 0.000000 0.000000
0.000000 0.000000 0.000000 0.000000 0.000000 0.000000 0.000000 0.000000 0.000000 0.000000 0.000000 0.000000 0.000000 0.000000 0.000000 0.057143 0.072619 0.085714 0.127381 0.014286 0.014286 0.004762 0.001190 0.002381 0.003571 0.001190 0.041667 0.027381 0.009524 0.005952 0.015476 0.028571 0.065476 0.067857 0.065476 0.073810 0.059524 0.007143 0.028571 0.009524 0.003571 0.001190 0.001190 0.001190 0.000000 0.000000 0.000000 0.000000 0.000000 0.000000 0.000000 0.000000 0.000000 0.000000 0.000000 0.000000 0.000000 0.000000 0.000000 0.000000 0.000000 0.000000 0.000000
0.000000 0.000000 0.000000 0.000000 0.000000 0.000000 0.000000 0.000000 0.000000 0.000000 0.000000 0.000000 0.000000 0.000000 0.000000 0.000000 0.072619 0.089286 0.122619 0.145238 0.159524 0.009524 0.008333 0.001190 0.002381 0.038095 0.038095 0.028571 0.002381 0.005952 0.019048 0.066667 0.077381 0.075000 0.007143 0.079762 0.004762 0.004762 0.002381 0.004762 0.003571 0.001190 0.000000 0.002381 0.000000 0.000000 0.000000 0.000000 0.000000 0.000000 0.000000 0.000000 0.000000 0.000000 0.000000 0.000000 0.000000 0.000000 0.000000 0.000000 0.000000 0.000000 0.000000
0.000000 0.000000 0.000000 0.000000 0.000000 0.000000 0.000000 0.000000 0.000000 0.000000 0.000000 0.000000 0.000000 0.000000 0.000000 0.000000 0.084524 0.100000 0.125000 0.136905 0.153571 0.003571 0.008333 0.196429 0.003571 0.038095 0.060714 0.034524 0.023810 0.021429 0.039286 0.079762 0.053571 0.053571 0.007143 0.003571 0.003571 0.003571 0.003571 0.002381 0.001190 0.007143 0.002381 0.002381 0.000000 0.000000 0.000000 0.000000 0.000000 0.000000 0.000000 0.000000 0.000000 0.000000 0.000000 0.000000 0.000000 0.000000 0.000000 0.000000 0.000000 0.000000 0.000000
0.000000 0.000000 0.000000 0.000000 0.000000 0.000000 0.000000 0.000000 0.000000 0.000000 0.000000 0.000000 0.000000 0.000000 0.000000 0.000000 0.000000 0.125000 0.150000 0.183333 0.186905 0.185714 0.179762 0.203571 0.002381 0.123810 0.077381 0.061905 0.061905 0.055952 0.076190 0.123810 0.123810 0.059524 0.121429 0.002381 0.002381 0.001190 0.002381 0.022619 0.009524 0.007143 0.000000 0.000000 0.000000 0.000000 0.000000 0.000000 0.000000 0.000000 0.000000 0.000000 0.000000 0.000000 0.000000 0.000000 0.000000 0.000000 0.000000 0.000000 0.000000 0.000000 0.000000
0.000000 0.000000 0.000000 0.000000 0.000000 0.000000 0.000000 0.000000 0.000000 0.000000 0.000000 0.000000 0.000000 0.000000 0.000000 0.000000 0.000000 0.189286 0.191667 0.192857 0.001190 0.002381 0.197619 0.209524 0.002381 0.135714 0.134524 0.138095 0.139286 0.141667 0.139286 0.136905 0.000000 0.153571 0.001190 0.005952 0.001190 0.001190 0.029762 0.020238 0.000000 0.000000 0.000000 0.001190 0.000000 0.000000 0.000000 0.000000 0.000000 0.000000 0.000000 0.000000 0.000000 0.000000 0.000000 0.000000 0.000000 0.000000 0.000000 0.000000 0.000000 0.000000 0.000000
0.000000 0.000000 0.000000 0.000000 0.000000 0.000000 0.000000 0.000000 0.000000 0.000000 0.000000 0.000000 0.000000 0.000000 0.091667 0.148810 0.189286 0.195238 0.001190 0.001190 0.001190 0.000000 0.003571 0.009524 0.003571 0.004762 0.007143 0.007143 0.013095 0.014286 0.016667 0.001190 0.000000 0.000000 0.007143 0.003571 0.010714 0.003571 0.029762 0.017857 0.001190 0.001190 0.000000 0.000000 0.000000 0.000000 0.000000 0.000000 0.000000 0.001190 0.000000 0.000000 0.000000 0.000000 0.000000 0.000000 0.000000 0.000000 0.000000 0.000000 0.000000 0.000000 0.000000
0.000000 0.000000 0.000000 0.000000 0.000000 0.000000 0.000000 0.000000 0.000000 0.000000 0.000000 0.000000 0.000000 0.000000 0.000000 0.139286 0.191667 0.001190 0.000000 0.001190 0.000000 0.002381 0.001190 0.015476 0.038095 0.004762 0.005952 0.009524 0.015476 0.000000 0.000000 0.001190 0.000000 0.003571 0.005952 0.004762 0.009524 0.016667 0.015476 0.026190 0.015476 0.010714 0.007143 0.000000 0.000000 0.000000 0.001190 0.001190 0.001190 0.002381 0.002381 0.002381 0.000000 0.000000 0.000000 0.000000 0.000000 0.000000 0.000000 0.000000 0.000000 0.000000 0.000000
0.000000 0.000000 0.000000 0.000000 0.000000 0.000000 0.000000 0.000000 0.000000 0.000000 0.000000 0.000000 0.000000 0.000000 0.001190 0.140476 0.192857 0.132143 0.002381 0.001190 0.000000 0.003571 0.033333 0.040476 0.042857 0.010714 0.010714 0.013095 0.014286 0.000000 0.000000 0.000000 0.000000 0.003571 0.002381 0.009524 0.011905 0.015476 0.019048 0.023810 0.011905 0.004762 0.010714 0.001190 0.001190 0.001190 0.001190 0.004762 0.004762 0.002381 0.000000 0.002381 0.000000 0.000000 0.000000 0.000000 0.000000 0.000000 0.000000 0.000000 0.000000 0.000000 0.000000
0.000000 0.000000 0.000000 0.000000 0.000000 0.000000 0.000000 0.000000 0.000000 0.000000 0.000000 0.000000 0.001190 0.088095 0.119048 0.142857 0.195238 0.000000 0.001190 0.001190 0.032143 0.028571 0.039286 0.070238 0.051190 0.014286 0.017857 0.020238 0.004762 0.002381 0.001190 0.001190 0.003571 0.002381 0.002381 0.005952 0.007143 0.017857 0.015476 0.010714 0.014286 0.007143 0.013095 0.011905 0.009524 0.007143 0.005952 0.005952 0.000000 0.000000 0.000000 0.002381 0.000000 0.000000 0.000000 0.000000 0.000000 0.000000 0.000000 0.000000 0.000000 0.000000 0.000000
0.000000 0.000000 0.000000 0.000000 0.000000 0.000000 0.000000 0.000000 0.000000 0.000000 0.001190 0.077381 0.088095 0.105952 0.121429 0.002381 0.117857 0.121429 0.133333 0.136905 0.042857 0.042857 0.072619 0.073810 0.001190 0.002381 0.000000 0.014286 0.001190 0.004762 0.210714 0.002381 0.000000 0.005952 0.002381 0.005952 0.009524 0.017857 0.015476 0.010714 0.009524 0.009524 0.014286 0.014286 0.000000 0.010714 0.005952 0.000000 0.004762 0.000000 0.002381 0.002381 0.000000 0.000000 0.000000 0.000000 0.000000 0.000000 0.000000 0.000000 0.000000 0.000000 0.000000
0.000000 0.000000 0.000000 0.000000 0.000000 0.000000 0.000000 0.000000 0.000000 0.069048 0.077381 0.078571 0.090476 0.105952 0.003571 0.069048 0.120238 0.129762 0.133333 0.016667 0.010714 0.000000 0.000000 0.000000 0.002381 0.003571 0.221429 0.003571 0.002381 0.002381 0.219048 0.013095 0.005952 0.003571 0.005952 0.003571 0.008333 0.011905 0.017857 0.014286 0.010714 0.011905 0.008333 0.010714 0.000000 0.000000 0.000000 0.000000 0.005952 0.002381 0.001190 0.000000 0.000000 0.000000 0.000000 0.000000 0.000000 0.000000 0.000000 0.000000 0.000000 0.000000 0.000000
0.000000 0.000000 0.000000 0.000000 0.000000 0.000000 0.000000 0.000000 0.067857 0.065476 0.061905 0.072619 0.080952 0.089286 0.089286 0.096429 0.123810 0.003571 0.002381 0.009524 0.010714 0.005952 0.007143 0.007143 0.014286 0.011905 0.232143 0.002381 0.003571 0.002381 0.004762 0.004762 0.005952 0.005952 0.004762 0.009524 0.010714 0.014286 0.015476 0.017857 0.009524 0.023810 0.002381 0.000000 0.000000 0.000000 0.000000 0.000000 0.005952 0.003571 0.000000 0.000000 0.000000 0.000000 0.000000 0.000000 0.000000 0.000000 0.000000 0.000000 0.000000 0.000000 0.000000
0.000000 0.000000 0.000000 0.000000 0.000000 0.000000 0.000000 0.000000 0.066667 0.058333 0.042857 0.039286 0.084524 0.096429 0.002381 0.002381 0.120238 0.004762 0.004762 0.007143 0.029762 0.022619 0.005952 0.011905 0.009524 0.013095 0.003571 0.002381 0.001190 0.001190 0.003571 0.002381 0.007143 0.009524 0.011905 0.009524 0.013095 0.016667 0.014286 0.013095 0.036905 0.026190 0.001190 0.001190 0.000000 0.000000 0.000000 0.000000 0.000000 0.004762 0.001190 0.000000 0.000000 0.000000 0.000000 0.000000 0.000000 0.000000 0.000000 0.000000 0.000000 0.000000 0.000000
0.000000 0.000000 0.000000 0.000000 0.000000 0.000000 0.059524 0.078571 0.105952 0.103571 0.079762 0.086905 0.094048 0.004762 0.002381 0.002381 0.000000 0.000000 0.001190 0.011905 0.035714 0.040476 0.009524 0.011905 0.014286 0.017857 0.016667 0.246429 0.002381 0.003571 0.004762 0.004762 0.007143 0.008333 0.011905 0.010714 0.010714 0.023810 0.014286 0.017857 0.040476 0.010714 0.023810 0.023810 0.001190 0.000000 0.001190 0.000000 0.000000 0.002381 0.001190 0.001190 0.000000 0.000000 0.000000 0.000000 0.000000 0.000000 0.000000 0.000000 0.000000 0.000000 0.000000
0.000000 0.000000 0.000000 0.000000 0.000000 0.084524 0.100000 0.100000 0.113095 0.001190 0.086905 0.001190 0.004762 0.003571 0.000000 0.003571 0.167857 0.002381 0.001190 0.005952 0.135714 0.088095 0.014286 0.010714 0.013095 0.022619 0.025000 0.009524 0.005952 0.003571 0.004762 0.003571 0.004762 0.002381 0.011905 0.011905 0.016667 0.017857 0.013095 0.054762 0.007143 0.010714 0.007143 0.007143 0.022619 0.019048 0.002381 0.004762 0.000000 0.003571 0.000000 0.001190 0.000000 0.000000 0.000000 0.000000 0.000000 0.000000 0.000000 0.000000 0.000000 0.000000 0.000000
0.000000 0.000000 0.000000 0.000000 0.000000 0.094048 0.097619 0.004762 0.002381 0.002381 0.001190 0.002381 0.003571 0.001190 0.000000 0.001190 0.003571 0.002381 0.002381 0.002381 0.146429 0.104762 0.105952 0.021429 0.022619 0.029762 0.028571 0.004762 0.009524 0.004762 0.004762 0.002381 0.003571 0.002381 0.150000 0.140476 0.070238 0.055952 0.064286 0.002381 0.005952 0.009524 0.005952 0.007143 0.004762 0.008333 0.005952 0.003571 0.003571 0.003571 0.001190 0.000000 0.000000 0.000000 0.000000 0.000000 0.000000 0.000000 0.000000 0.000000 0.000000 0.000000 0.000000
0.000000 0.000000 0.000000 0.000000 0.000000 0.090476 0.003571 0.001190 0.003571 0.004762 0.015476 0.017857 0.015476 0.002381 0.001190 0.146429 0.002381 0.003571 0.101190 0.157143 0.161905 0.095238 0.114286 0.022619 0.025000 0.025000 0.021429 0.002381 0.003571 0.004762 0.003571 0.003571 0.002381 0.002381 0.001190 0.142857 0.110714 0.094048 0.080952 0.007143 0.004762 0.007143 0.010714 0.007143 0.008333 0.008333 0.008333 0.004762 0.003571 0.004762 0.001190 0.000000 0.000000 0.000000 0.000000 0.000000 0.000000 0.000000 0.000000 0.000000 0.000000 0.000000 0.000000
0.000000 0.000000 0.000000 0.000000 0.003571 0.001190 0.003571 0.002381 0.001190 0.003571 0.007143 0.013095 0.007143 0.001190 0.001190 0.002381 0.001190 0.089286 0.085714 0.166667 0.092857 0.107143 0.132143 0.121429 0.028571 0.028571 0.000000 0.004762 0.014286 0.013095 0.003571 0.002381 0.002381 0.002381 0.002381 0.009524 0.010714 0.008333 0.010714 0.009524 0.003571 0.010714 0.011905 0.009524 0.008333 0.008333 0.007143 0.007143 0.005952 0.003571 0.001190 0.000000 0.000000 0.000000 0.000000 0.000000 0.000000 0.000000 0.000000 0.000000 0.000000 0.000000 0.000000
0.000000 0.000000 0.007143 0.004762 0.007143 0.002381 0.002381 0.001190 0.002381 0.001190 0.004762 0.003571 0.007143 0.008333 0.005952 0.002381 0.002381 0.091667 0.115476 0.171429 0.111905 0.115476 0.121429 0.005952 0.000000 0.005952 0.007143 0.003571 0.003571 0.002381 0.007143 0.011905 0.016667 0.010714 0.011905 0.008333 0.005952 0.007143 0.103571 0.013095 0.008333 0.000000 0.010714 0.013095 0.008333 0.010714 0.003571 0.005952 0.004762 0.003571 0.002381 0.000000 0.000000 0.000000 0.000000 0.000000 0.000000 0.000000 0.000000 0.000000 0.000000 0.000000 0.000000
0.000000 0.007143 0.008333 0.009524 0.002381 0.001190 0.000000 0.060714 0.058333 0.005952 0.007143 0.005952 0.002381 0.003571 0.002381 0.002381 0.000000 0.000000 0.178571 0.182143 0.009524 0.009524 0.000000 0.000000 0.004762 0.008333 0.007143 0.010714 0.007143 0.008333 0.011905 0.009524 0.013095 0.015476 0.010714 0.009524 0.007143 0.005952 0.004762 0.008333 0.009524 0.011905 0.011905 0.014286 0.009524 0.009524 0.004762 0.005952 0.007143 0.002381 0.005952 0.000000 0.000000 0.000000 0.000000 0.000000 0.000000 0.000000 0.000000 0.000000 0.000000 0.000000 0.000000
