FireSTARR/test/output/NOR/NOR072/2018-07-20_0000/intensity_M_202_2018-07-21.asc
ncols         360
nrows         311
xllcorner     529943.378600
yllcorner     5243502.364000
cellsize      100.000000
NODATA_value  0.000000
[rows 112 to 139 of 311, columns 252 to 314 of 360]
0.000000 0.000000 0.000000 0.009524 0.009524 0.161905 0.051190 0.083333 0.098810 0.007143 0.009524 0.007143 0.283333 0.242857 0.003571 0.004762 0.150000 0.092857 0.035714 0.010714 0.000000 0.038095 0.025000 0.023810 0.003571 0.011905 0.000000 0.000000 0.002381 0.002381 0.007143 0.002381 0.001190 0.000000 0.000000 0.000000 0.000000 0.000000 0.000000 0.000000 0.000000 0.010714 0.010714 0.014286 0.007143 0.009524 0.010714 0.009524 0.004762 0.003571 0.001190 0.003571 0.003571 0.009524 0.001190 0.019048 0.009524 0.008333 0.004762 0.000000 0.000000 0.000000 0.002381
0.000000 0.000000 0.004762 0.005952 0.007143 0.188095 0.050000 0.079762 0.225000 0.005952 0.008333 0.004762 0.005952 0.258333 0.208333 0.004762 0.165476 0.113095 0.023810 0.008333 0.000000 0.038095 0.023810 0.028571 0.001190 0.001190 0.000000 0.000000 0.000000 0.000000 0.000000 0.000000 0.000000 0.000000 0.000000 0.000000 0.000000 0.000000 0.000000 0.000000 0.000000 0.005952 0.013095 0.016667 0.013095 0.017857 0.014286 0.014286 0.008333 0.005952 0.004762 0.003571 0.000000 0.003571 0.007143 0.010714 0.009524 0.008333 0.000000 0.000000 0.000000 0.004762 0.004762
0.000000 0.000000 0.007143 0.120238 0.164286 0.185714 0.048810 0.101190 0.223810 0.010714 0.010714 0.007143 0.295238 0.267857 0.235714 0.003571 0.169048 0.116667 0.000000 0.000000 0.000000 0.035714 0.004762 0.003571 0.001190 0.001190 0.000000 0.000000 0.000000 0.000000 0.002381 0.000000 0.000000 0.000000 0.000000 0.000000 0.000000 0.000000 0.000000 0.000000 0.000000 0.004762 0.016667 0.007143 0.007143 0.005952 0.010714 0.013095 0.008333 0.004762 0.005952 0.004762 0.001190 0.000000 0.001190 0.008333 0.010714 0.000000 0.000000 0.003571 0.042857 0.003571 0.040476
0.000000 0.000000 0.008333 0.110714 0.146429 0.196429 0.078571 0.217857 0.246429 0.010714 0.009524 0.005952 0.003571 0.283333 0.245238 0.207143 0.198810 0.000000 0.000000 0.000000 0.163095 0.036905 0.005952 0.003571 0.001190 0.001190 0.000000 0.000000 0.000000 0.003571 0.002381 0.000000 0.000000 0.000000 0.000000 0.000000 0.000000 0.000000 0.000000 0.000000 0.003571 0.003571 0.019048 0.014286 0.008333 0.005952 0.011905 0.010714 0.010714 0.008333 0.004762 0.008333 0.002381 0.003571 0.000000 0.003571 0.000000 0.000000 0.003571 0.002381 0.027381 0.041667 0.038095
0.000000 0.000000 0.072619 0.103571 0.125000 0.169048 0.155952 0.238095 0.248810 0.014286 0.007143 0.004762 0.296429 0.279762 0.260714 0.230952 0.166667 0.076190 0.045238 0.226190 0.105952 0.000000 0.004762 0.000000 0.002381 0.001190 0.000000 0.002381 0.000000 0.004762 0.003571 0.001190 0.000000 0.000000 0.000000 0.000000 0.000000 0.000000 0.000000 0.002381 0.003571 0.004762 0.016667 0.014286 0.005952 0.004762 0.013095 0.013095 0.010714 0.013095 0.009524 0.008333 0.009524 0.002381 0.000000 0.000000 0.000000 0.001190 0.002381 0.003571 0.041667 0.042857 0.033333
0.000000 0.000000 0.060714 0.097619 0.102381 0.140476 0.169048 0.244048 0.239286 0.017857 0.004762 0.008333 0.010714 0.010714 0.264286 0.195238 0.101190 0.058333 0.057143 0.189286 0.000000 0.000000 0.000000 0.000000 0.000000 0.000000 0.001190 0.000000 0.000000 0.004762 0.003571 0.001190 0.000000 0.000000 0.000000 0.000000 0.000000 0.000000 0.007143 0.004762 0.005952 0.092857 0.055952 0.030952 0.003571 0.005952 0.004762 0.003571 0.015476 0.016667 0.017857 0.011905 0.008333 0.001190 0.000000 0.000000 0.000000 0.002381 0.001190 0.004762 0.044048 0.039286 0.040476
0.000000 0.000000 0.046429 0.095238 0.119048 0.145238 0.153571 0.126190 0.147619 0.017857 0.003571 0.000000 0.010714 0.021429 0.029762 0.027381 0.105952 0.096429 0.035714 0.032143 0.030952 0.000000 0.000000 0.000000 0.000000 0.000000 0.000000 0.001190 0.001190 0.004762 0.000000 0.000000 0.000000 0.000000 0.000000 0.000000 0.008333 0.005952 0.008333 0.008333 0.005952 0.102381 0.014286 0.026190 0.002381 0.002381 0.002381 0.003571 0.019048 0.019048 0.025000 0.017857 0.009524 0.000000 0.000000 0.001190 0.000000 0.000000 0.002381 0.034524 0.039286 0.039286 0.025000
0.000000 0.000000 0.036905 0.107143 0.125000 0.136905 0.161905 0.202381 0.044048 0.042857 0.026190 0.009524 0.000000 0.027381 0.029762 0.034524 0.039286 0.051190 0.045238 0.026190 0.004762 0.001190 0.001190 0.007143 0.003571 0.000000 0.000000 0.000000 0.003571 0.000000 0.000000 0.000000 0.000000 0.000000 0.000000 0.000000 0.008333 0.013095 0.011905 0.008333 0.007143 0.005952 0.011905 0.025000 0.002381 0.001190 0.004762 0.002381 0.019048 0.020238 0.020238 0.021429 0.022619 0.000000 0.000000 0.000000 0.001190 0.000000 0.025000 0.040476 0.041667 0.042857 0.035714
0.000000 0.000000 0.000000 0.000000 0.171429 0.171429 0.164286 0.198810 0.213095 0.008333 0.264286 0.183333 0.013095 0.034524 0.034524 0.050000 0.054762 0.014286 0.004762 0.008333 0.011905 0.010714 0.016667 0.005952 0.003571 0.007143 0.000000 0.000000 0.000000 0.000000 0.000000 0.000000 0.000000 0.000000 0.000000 0.007143 0.010714 0.015476 0.016667 0.011905 0.155952 0.007143 0.042857 0.019048 0.001190 0.003571 0.005952 0.011905 0.017857 0.021429 0.022619 0.023810 0.005952 0.000000 0.000000 0.000000 0.000000 0.019048 0.021429 0.021429 0.039286 0.036905 0.036905
0.000000 0.000000 0.000000 0.144048 0.163095 0.170238 0.158333 0.171429 0.020238 0.223810 0.102381 0.108333 0.015476 0.000000 0.019048 0.014286 0.042857 0.047619 0.067857 0.050000 0.044048 0.022619 0.086905 0.034524 0.020238 0.011905 0.008333 0.000000 0.000000 0.000000 0.000000 0.000000 0.000000 0.000000 0.010714 0.011905 0.014286 0.023810 0.022619 0.017857 0.146429 0.066667 0.029762 0.009524 0.009524 0.009524 0.003571 0.014286 0.016667 0.020238 0.007143 0.005952 0.017857 0.016667 0.015476 0.023810 0.035714 0.029762 0.029762 0.026190 0.023810 0.047619 0.060714
0.000000 0.000000 0.136905 0.170238 0.169048 0.164286 0.001190 0.003571 0.158333 0.097619 0.053571 0.090476 0.017857 0.000000 0.013095 0.044048 0.048810 0.058333 0.067857 0.050000 0.000000 0.000000 0.089286 0.053571 0.026190 0.013095 0.011905 0.000000 0.000000 0.000000 0.000000 0.000000 0.000000 0.000000 0.020238 0.027381 0.026190 0.027381 0.027381 0.023810 0.010714 0.052381 0.017857 0.004762 0.009524 0.008333 0.000000 0.010714 0.013095 0.008333 0.005952 0.002381 0.021429 0.013095 0.016667 0.022619 0.044048 0.046429 0.044048 0.047619 0.051190 0.052381 0.064286
0.000000 0.000000 0.005952 0.192857 0.000000 0.183333 0.000000 0.004762 0.145238 0.065476 0.055952 0.157143 0.013095 0.009524 0.042857 0.048810 0.055952 0.066667 0.071429 0.052381 0.000000 0.000000 0.000000 0.030952 0.033333 0.017857 0.015476 0.000000 0.000000 0.000000 0.000000 0.000000 0.000000 0.051190 0.042857 0.038095 0.036905 0.000000 0.032143 0.028571 0.000000 0.000000 0.003571 0.000000 0.000000 0.000000 0.000000 0.000000 0.005952 0.005952 0.028571 0.026190 0.026190 0.026190 0.028571 0.027381 0.034524 0.053571 0.067857 0.069048 0.051190 0.060714 0.061905
0.000000 0.000000 0.007143 0.180952 0.001190 0.001190 0.002381 0.003571 0.066667 0.072619 0.109524 0.011905 0.004762 0.035714 0.042857 0.051190 0.061905 0.073810 0.064286 0.040476 0.000000 0.000000 0.000000 0.000000 0.014286 0.020238 0.000000 0.000000 0.000000 0.000000 0.000000 0.000000 0.051190 0.050000 0.041667 0.054762 0.042857 0.058333 0.053571 0.041667 0.000000 0.000000 0.000000 0.000000 0.000000 0.000000 0.000000 0.000000 0.000000 0.005952 0.005952 0.007143 0.022619 0.028571 0.026190 0.039286 0.039286 0.075000 0.065476 0.064286 0.066667 0.046429 0.052381
0.001190 0.003571 0.146429 0.170238 0.003571 0.001190 0.003571 0.004762 0.054762 0.144048 0.276190 0.334524 0.040476 0.046429 0.041667 0.045238 0.053571 0.066667 0.050000 0.059524 0.000000 0.000000 0.000000 0.000000 0.034524 0.022619 0.004762 0.000000 0.000000 0.000000 0.000000 0.000000 0.000000 0.000000 0.000000 0.040476 0.059524 0.046429 0.055952 0.051190 0.000000 0.000000 0.000000 0.000000 0.000000 0.000000 0.000000 0.000000 0.000000 0.000000 0.000000 0.007143 0.025000 0.030952 0.032143 0.051190 0.059524 0.065476 0.061905 0.066667 0.029762 0.021429 0.015476
0.004762 0.127381 0.144048 0.152381 0.003571 0.003571 0.002381 0.058333 0.086905 0.269048 0.325000 0.040476 0.047619 0.002381 0.046429 0.046429 0.042857 0.361905 0.295238 0.000000 0.000000 0.000000 0.000000 0.000000 0.033333 0.030952 0.028571 0.000000 0.000000 0.000000 0.064286 0.000000 0.000000 0.000000 0.000000 0.000000 0.000000 0.000000 0.000000 0.045238 0.054762 0.048810 0.014286 0.000000 0.000000 0.000000 0.000000 0.000000 0.000000 0.000000 0.000000 0.003571 0.021429 0.028571 0.027381 0.027381 0.041667 0.032143 0.000000 0.059524 0.036905 0.060714 0.054762
0.009524 0.110714 0.144048 0.005952 0.003571 0.002381 0.004762 0.069048 0.192857 0.028571 0.027381 0.030952 0.005952 0.004762 0.004762 0.005952 0.352381 0.335714 0.278571 0.000000 0.000000 0.000000 0.000000 0.000000 0.029762 0.032143 0.030952 0.000000 0.000000 0.057143 0.000000 0.000000 0.000000 0.000000 0.000000 0.000000 0.000000 0.000000 0.000000 0.000000 0.050000 0.055952 0.015476 0.023810 0.025000 0.029762 0.000000 0.000000 0.000000 0.000000 0.000000 0.000000 0.000000 0.013095 0.008333 0.000000 0.000000 0.000000 0.000000 0.000000 0.000000 0.000000 0.061905
0.090476 0.104762 0.008333 0.002381 0.004762 0.005952 0.007143 0.090476 0.000000 0.014286 0.026190 0.029762 0.005952 0.007143 0.007143 0.013095 0.015476 0.308333 0.000000 0.000000 0.000000 0.000000 0.000000 0.000000 0.029762 0.030952 0.032143 0.066667 0.051190 0.057143 0.000000 0.000000 0.000000 0.000000 0.000000 0.000000 0.000000 0.000000 0.000000 0.000000 0.000000 0.034524 0.034524 0.029762 0.000000 0.000000 0.042857 0.000000 0.000000 0.000000 0.000000 0.000000 0.000000 0.000000 0.000000 0.000000 0.000000 0.000000 0.000000 0.000000 0.000000 0.000000 0.058333
0.090476 0.138095 0.005952 0.005952 0.161905 0.165476 0.084524 0.159524 0.000000 0.010714 0.021429 0.022619 0.004762 0.005952 0.010714 0.019048 0.047619 0.061905 0.000000 0.000000 0.000000 0.000000 0.000000 0.000000 0.028571 0.028571 0.000000 0.014286 0.069048 0.000000 0.000000 0.000000 0.000000 0.000000 0.000000 0.000000 0.000000 0.000000 0.000000 0.000000 0.000000 0.000000 0.216667 0.000000 0.000000 0.000000 0.000000 0.000000 0.000000 0.000000 0.000000 0.000000 0.000000 0.000000 0.000000 0.000000 0.000000 0.000000 0.000000 0.000000 0.000000 0.000000 0.000000
0.128571 0.157143 0.004762 0.007143 0.133333 0.000000 0.130952 0.186905 0.008333 0.011905 0.025000 0.017857 0.003571 0.004762 0.009524 0.019048 0.032143 0.000000 0.000000 0.000000 0.000000 0.000000 0.000000 0.000000 0.026190 0.033333 0.034524 0.083333 0.184524 0.000000 0.000000 0.000000 0.000000 0.000000 0.000000 0.000000 0.000000 0.000000 0.000000 0.000000 0.000000 0.000000 0.000000 0.000000 0.000000 0.000000 0.000000 0.000000 0.000000 0.000000 0.000000 0.000000 0.000000 0.000000 0.000000 0.000000 0.000000 0.000000 0.000000 0.000000 0.000000 0.000000 0.000000
0.132143 0.002381 0.001190 0.000000 0.000000 0.000000 0.128571 0.010714 0.000000 0.000000 0.321429 0.348810 0.022619 0.022619 0.008333 0.019048 0.051190 0.066667 0.000000 0.000000 0.000000 0.000000 0.000000 0.000000 0.026190 0.030952 0.398810 0.245238 0.061905 0.000000 0.000000 0.000000 0.000000 0.000000 0.000000 0.000000 0.000000 0.000000 0.000000 0.000000 0.000000 0.000000 0.000000 0.000000 0.000000 0.000000 0.000000 0.000000 0.000000 0.000000 0.000000 0.000000 0.000000 0.000000 0.000000 0.000000 0.000000 0.000000 0.000000 0.000000 0.000000 0.000000 0.000000
0.010714 0.002381 0.017857 0.000000 0.000000 0.000000 0.123810 0.007143 0.000000 0.010714 0.317857 0.341667 0.027381 0.026190 0.014286 0.051190 0.055952 0.000000 0.000000 0.000000 0.000000 0.000000 0.000000 0.000000 0.027381 0.033333 0.336905 0.216667 0.000000 0.000000 0.000000 0.000000 0.000000 0.000000 0.000000 0.000000 0.000000 0.000000 0.000000 0.000000 0.000000 0.000000 0.000000 0.000000 0.000000 0.000000 0.000000 0.000000 0.000000 0.000000 0.000000 0.000000 0.000000 0.000000 0.000000 0.000000 0.000000 0.000000 0.000000 0.000000 0.000000 0.000000 0.000000
0.004762 0.000000 0.011905 0.000000 0.000000 0.000000 0.107143 0.009524 0.000000 0.007143 0.333333 0.334524 0.027381 0.026190 0.038095 0.052381 0.046429 0.000000 0.000000 0.000000 0.000000 0.000000 0.000000 0.000000 0.022619 0.028571 0.330952 0.201190 0.000000 0.000000 0.000000 0.000000 0.000000 0.000000 0.000000 0.000000 0.000000 0.000000 0.000000 0.000000 0.000000 0.000000 0.000000 0.000000 0.000000 0.000000 0.000000 0.000000 0.000000 0.000000 0.000000 0.000000 0.000000 0.000000 0.000000 0.000000 0.000000 0.000000 0.000000 0.000000 0.000000 0.000000 0.000000
0.027381 0.000000 0.025000 0.000000 0.000000 0.000000 0.140476 0.011905 0.000000 0.004762 0.338095 0.339286 0.351190 0.030952 0.040476 0.061905 0.000000 0.000000 0.000000 0.000000 0.000000 0.000000 0.000000 0.000000 0.023810 0.323810 0.241667 0.000000 0.000000 0.000000 0.000000 0.000000 0.000000 0.000000 0.000000 0.000000 0.000000 0.000000 0.000000 0.000000 0.000000 0.000000 0.000000 0.000000 0.000000 0.000000 0.000000 0.000000 0.000000 0.000000 0.000000 0.000000 0.000000 0.000000 0.000000 0.000000 0.000000 0.000000 0.000000 0.000000 0.000000 0.000000 0.000000
0.000000 0.029762 0.071429 0.000000 0.000000 0.000000 0.000000 0.014286 0.000000 0.340476 0.342857 0.341667 0.040476 0.046429 0.057143 0.064286 0.000000 0.000000 0.000000 0.000000 0.000000 0.000000 0.000000 0.000000 0.198810 0.336905 0.227381 0.000000 0.000000 0.000000 0.000000 0.000000 0.000000 0.000000 0.000000 0.000000 0.000000 0.000000 0.000000 0.000000 0.000000 0.000000 0.000000 0.000000 0.000000 0.000000 0.000000 0.000000 0.000000 0.000000 0.000000 0.000000 0.000000 0.000000 0.000000 0.000000 0.000000 0.000000 0.000000 0.000000 0.000000 0.000000 0.000000
0.023810 0.071429 0.102381 0.107143 0.146429 0.210714 0.020238 0.000000 0.013095 0.333333 0.342857 0.340476 0.336905 0.045238 0.053571 0.060714 0.082143 0.000000 0.000000 0.000000 0.000000 0.000000 0.000000 0.000000 0.000000 0.308333 0.000000 0.000000 0.000000 0.000000 0.000000 0.000000 0.000000 0.000000 0.000000 0.000000 0.000000 0.000000 0.000000 0.000000 0.000000 0.000000 0.000000 0.000000 0.000000 0.000000 0.000000 0.000000 0.000000 0.000000 0.000000 0.000000 0.000000 0.000000 0.000000 0.000000 0.000000 0.000000 0.000000 0.000000 0.000000 0.000000 0.000000
0.028571 0.075000 0.113095 0.100000 0.117857 0.017857 0.016667 0.020238 0.060714 0.055952 0.055952 0.063095 0.059524 0.048810 0.000000 0.000000 0.000000 0.000000 0.000000 0.000000 0.000000 0.000000 0.000000 0.000000 0.000000 0.000000 0.000000 0.000000 0.000000 0.000000 0.000000 0.000000 0.000000 0.000000 0.000000 0.000000 0.000000 0.000000 0.000000 0.000000 0.000000 0.000000 0.000000 0.000000 0.000000 0.000000 0.000000 0.000000 0.000000 0.000000 0.000000 0.000000 0.000000 0.000000 0.000000 0.000000 0.000000 0.000000 0.000000 0.000000 0.000000 0.000000 0.000000
0.025000 0.045238 0.073810 0.088095 0.021429 0.019048 0.019048 0.023810 0.058333 0.000000 0.000000 0.047619 0.060714 0.059524 0.000000 0.000000 0.000000 0.000000 0.000000 0.000000 0.000000 0.000000 0.000000 0.000000 0.000000 0.000000 0.000000 0.000000 0.000000 0.000000 0.000000 0.000000 0.000000 0.000000 0.000000 0.000000 0.000000 0.000000 0.000000 0.000000 0.000000 0.000000 0.000000 0.000000 0.000000 0.000000 0.000000 0.000000 0.000000 0.000000 0.000000 0.000000 0.000000 0.000000 0.000000 0.000000 0.000000 0.000000 0.000000 0.000000 0.000000 0.000000 0.000000
0.025000 0.023810 0.027381 0.059524 0.016667 0.015476 0.022619 0.057143 0.051190 0.000000 0.000000 0.072619 0.065476 0.000000 0.000000 0.000000 0.000000 0.000000 0.000000 0.000000 0.000000 0.000000 0.000000 0.000000 0.000000 0.000000 0.000000 0.000000 0.000000 0.000000 0.000000 0.000000 0.000000 0.000000 0.000000 0.000000 0.000000 0.000000 0.000000 0.000000 0.000000 0.000000 0.000000 0.000000 0.000000 0.000000 0.000000 0.000000 0.000000 0.000000 0.000000 0.000000 0.000000 0.000000 0.000000 0.000000 0.000000 0.000000 0.000000 0.000000 0.000000 0.000000 0.000000
