FireSTARR/test/output/NOR/NOR072/2018-07-20_0000/intensity_M_203_2018-07-22.asc
ncols         382
nrows         322
xllcorner     527743.378600
yllcorner     5242402.364000
cellsize      100.000000
NODATA_value  0.000000
[rows 84 to 111 of 322, columns 252 to 314 of 382]
0.004762 0.003571 0.003571 0.003571 0.001190 0.002381 0.000000 0.000000 0.007143 0.009524 0.007143 0.008333 0.014286 0.017857 0.016667 0.020238 0.020238 0.014286 0.013095 0.015476 0.013095 0.007143 0.003571 0.000000 0.002381 0.007143 0.009524 0.007143 0.007143 0.005952 0.009524 0.027381 0.025000 0.022619 0.030952 0.010714 0.011905 0.004762 0.005952 0.003571 0.003571 0.003571 0.003571 0.001190 0.001190 0.000000 0.000000 0.000000 0.000000 0.000000 0.000000 0.000000 0.000000 0.000000 0.000000 0.000000 0.000000 0.000000 0.000000 0.000000 0.000000 0.000000 0.000000
0.004762 0.002381 0.003571 0.002381 0.003571 0.003571 0.000000 0.007143 0.008333 0.008333 0.005952 0.007143 0.016667 0.016667 0.016667 0.019048 0.013095 0.011905 0.000000 0.015476 0.019048 0.008333 0.003571 0.002381 0.002381 0.005952 0.003571 0.004762 0.002381 0.005952 0.027381 0.022619 0.026190 0.027381 0.030952 0.033333 0.025000 0.005952 0.005952 0.003571 0.003571 0.003571 0.003571 0.003571 0.000000 0.000000 0.000000 0.000000 0.000000 0.000000 0.000000 0.000000 0.000000 0.000000 0.000000 0.000000 0.000000 0.000000 0.000000 0.000000 0.000000 0.000000 0.000000
0.002381 0.003571 0.004762 0.003571 0.003571 0.004762 0.007143 0.005952 0.008333 0.009524 0.007143 0.011905 0.011905 0.010714 0.019048 0.022619 0.014286 0.011905 0.000000 0.017857 0.013095 0.008333 0.003571 0.007143 0.003571 0.005952 0.007143 0.005952 0.004762 0.058333 0.057143 0.021429 0.022619 0.026190 0.026190 0.032143 0.000000 0.008333 0.005952 0.002381 0.002381 0.003571 0.003571 0.002381 0.001190 0.000000 0.000000 0.000000 0.001190 0.000000 0.000000 0.000000 0.000000 0.000000 0.000000 0.000000 0.000000 0.000000 0.000000 0.000000 0.000000 0.000000 0.000000
0.021429 0.003571 0.002381 0.002381 0.004762 0.003571 0.005952 0.007143 0.003571 0.009524 0.011905 0.005952 0.013095 0.015476 0.017857 0.000000 0.000000 0.020238 0.000000 0.013095 0.009524 0.008333 0.000000 0.005952 0.008333 0.009524 0.066667 0.061905 0.020238 0.054762 0.050000 0.050000 0.055952 0.050000 0.022619 0.022619 0.014286 0.005952 0.008333 0.004762 0.005952 0.003571 0.003571 0.002381 0.003571 0.001190 0.000000 0.000000 0.000000 0.000000 0.000000 0.000000 0.000000 0.000000 0.000000 0.000000 0.000000 0.000000 0.000000 0.000000 0.000000 0.000000 0.000000
0.016667 0.000000 0.002381 0.003571 0.005952 0.007143 0.005952 0.005952 0.004762 0.005952 0.005952 0.010714 0.009524 0.014286 0.013095 0.010714 0.014286 0.013095 0.005952 0.011905 0.007143 0.004762 0.008333 0.007143 0.007143 0.017857 0.017857 0.017857 0.013095 0.014286 0.026190 0.066667 0.064286 0.055952 0.016667 0.023810 0.019048 0.009524 0.007143 0.009524 0.005952 0.004762 0.003571 0.002381 0.003571 0.002381 0.000000 0.000000 0.000000 0.000000 0.000000 0.000000 0.000000 0.000000 0.000000 0.000000 0.000000 0.000000 0.000000 0.000000 0.000000 0.000000 0.000000
0.019048 0.070238 0.001190 0.003571 0.004762 0.007143 0.008333 0.003571 0.004762 0.007143 0.003571 0.007143 0.007143 0.014286 0.000000 0.015476 0.016667 0.011905 0.001190 0.009524 0.008333 0.007143 0.009524 0.005952 0.010714 0.013095 0.013095 0.011905 0.009524 0.027381 0.076190 0.076190 0.080952 0.079762 0.013095 0.020238 0.019048 0.017857 0.019048 0.009524 0.008333 0.004762 0.005952 0.004762 0.005952 0.003571 0.003571 0.001190 0.000000 0.000000 0.000000 0.000000 0.000000 0.000000 0.000000 0.000000 0.000000 0.000000 0.000000 0.000000 0.000000 0.000000 0.000000
0.071429 0.075000 0.002381 0.002381 0.005952 0.008333 0.008333 0.004762 0.005952 0.004762 0.002381 0.004762 0.005952 0.010714 0.011905 0.011905 0.015476 0.007143 0.009524 0.008333 0.003571 0.008333 0.009524 0.000000 0.005952 0.013095 0.009524 0.011905 0.030952 0.032143 0.019048 0.070238 0.063095 0.016667 0.014286 0.058333 0.039286 0.032143 0.019048 0.011905 0.011905 0.000000 0.000000 0.001190 0.004762 0.004762 0.003571 0.002381 0.001190 0.000000 0.000000 0.000000 0.000000 0.000000 0.000000 0.000000 0.000000 0.000000 0.000000 0.000000 0.000000 0.000000 0.000000
0.066667 0.055952 0.001190 0.003571 0.007143 0.007143 0.004762 0.004762 0.003571 0.004762 0.005952 0.003571 0.001190 0.000000 0.010714 0.030952 0.014286 0.009524 0.009524 0.013095 0.008333 0.005952 0.004762 0.000000 0.000000 0.002381 0.003571 0.013095 0.033333 0.034524 0.029762 0.060714 0.061905 0.063095 0.061905 0.061905 0.038095 0.036905 0.027381 0.015476 0.017857 0.000000 0.014286 0.002381 0.003571 0.000000 0.001190 0.001190 0.001190 0.000000 0.000000 0.000000 0.000000 0.000000 0.000000 0.000000 0.000000 0.000000 0.000000 0.000000 0.000000 0.000000 0.000000
0.052381 0.055952 0.001190 0.003571 0.003571 0.004762 0.007143 0.005952 0.003571 0.004762 0.005952 0.003571 0.003571 0.005952 0.007143 0.033333 0.013095 0.016667 0.011905 0.010714 0.008333 0.004762 0.004762 0.001190 0.028571 0.029762 0.029762 0.030952 0.034524 0.032143 0.057143 0.065476 0.060714 0.046429 0.050000 0.057143 0.048810 0.035714 0.035714 0.030952 0.027381 0.021429 0.016667 0.008333 0.004762 0.004762 0.002381 0.001190 0.001190 0.002381 0.000000 0.000000 0.000000 0.000000 0.000000 0.000000 0.000000 0.000000 0.000000 0.000000 0.000000 0.000000 0.000000
0.055952 0.052381 0.005952 0.003571 0.002381 0.005952 0.007143 0.005952 0.003571 0.004762 0.004762 0.000000 0.003571 0.007143 0.013095 0.016667 0.040476 0.010714 0.011905 0.008333 0.005952 0.003571 0.002381 0.027381 0.021429 0.013095 0.028571 0.035714 0.040476 0.064286 0.067857 0.014286 0.011905 0.044048 0.020238 0.017857 0.054762 0.041667 0.040476 0.036905 0.033333 0.009524 0.022619 0.010714 0.005952 0.004762 0.003571 0.003571 0.003571 0.004762 0.001190 0.003571 0.000000 0.000000 0.000000 0.000000 0.000000 0.000000 0.000000 0.000000 0.000000 0.000000 0.000000
0.045238 0.054762 0.002381 0.001190 0.004762 0.008333 0.004762 0.005952 0.005952 0.000000 0.000000 0.000000 0.002381 0.004762 0.003571 0.020238 0.028571 0.021429 0.000000 0.005952 0.005952 0.002381 0.022619 0.027381 0.021429 0.021429 0.051190 0.066667 0.083333 0.073810 0.078571 0.010714 0.013095 0.013095 0.017857 0.014286 0.022619 0.038095 0.038095 0.007143 0.004762 0.010714 0.000000 0.014286 0.009524 0.009524 0.008333 0.007143 0.001190 0.003571 0.003571 0.002381 0.002381 0.000000 0.000000 0.000000 0.000000 0.000000 0.000000 0.000000 0.000000 0.000000 0.000000
0.044048 0.000000 0.044048 0.000000 0.000000 0.005952 0.002381 0.001190 0.001190 0.000000 0.000000 0.000000 0.000000 0.005952 0.007143 0.010714 0.016667 0.021429 0.000000 0.000000 0.003571 0.005952 0.053571 0.046429 0.067857 0.061905 0.083333 0.084524 0.067857 0.069048 0.065476 0.044048 0.008333 0.011905 0.013095 0.015476 0.020238 0.022619 0.044048 0.004762 0.005952 0.009524 0.004762 0.000000 0.005952 0.008333 0.007143 0.007143 0.003571 0.001190 0.002381 0.002381 0.001190 0.001190 0.000000 0.000000 0.000000 0.000000 0.000000 0.000000 0.000000 0.000000 0.000000
0.000000 0.002381 0.036905 0.000000 0.000000 0.000000 0.001190 0.000000 0.000000 0.000000 0.000000 0.000000 0.000000 0.004762 0.008333 0.014286 0.014286 0.016667 0.000000 0.000000 0.008333 0.007143 0.051190 0.083333 0.089286 0.088095 0.082143 0.080952 0.070238 0.065476 0.046429 0.045238 0.004762 0.004762 0.007143 0.014286 0.010714 0.008333 0.008333 0.021429 0.014286 0.008333 0.002381 0.000000 0.002381 0.003571 0.003571 0.005952 0.007143 0.002381 0.001190 0.002381 0.002381 0.002381 0.000000 0.000000 0.000000 0.000000 0.000000 0.000000 0.000000 0.000000 0.000000
0.000000 0.002381 0.035714 0.000000 0.000000 0.000000 0.000000 0.000000 0.000000 0.000000 0.000000 0.000000 0.004762 0.009524 0.009524 0.011905 0.013095 0.016667 0.014286 0.000000 0.000000 0.001190 0.002381 0.058333 0.069048 0.088095 0.005952 0.002381 0.078571 0.003571 0.001190 0.002381 0.007143 0.003571 0.023810 0.017857 0.008333 0.020238 0.007143 0.022619 0.013095 0.010714 0.020238 0.004762 0.010714 0.000000 0.014286 0.009524 0.008333 0.007143 0.005952 0.003571 0.000000 0.002381 0.001190 0.000000 0.000000 0.000000 0.000000 0.000000 0.000000 0.000000 0.000000
0.000000 0.000000 0.001190 0.001190 0.000000 0.000000 0.000000 0.000000 0.000000 0.000000 0.000000 0.003571 0.007143 0.009524 0.010714 0.011905 0.014286 0.014286 0.000000 0.000000 0.002381 0.002381 0.004762 0.004762 0.003571 0.095238 0.000000 0.002381 0.003571 0.004762 0.003571 0.003571 0.003571 0.001190 0.023810 0.022619 0.019048 0.010714 0.007143 0.021429 0.013095 0.019048 0.028571 0.016667 0.014286 0.011905 0.013095 0.011905 0.007143 0.005952 0.004762 0.005952 0.002381 0.004762 0.003571 0.000000 0.000000 0.000000 0.000000 0.000000 0.000000 0.000000 0.000000
0.001190 0.002381 0.002381 0.003571 0.001190 0.000000 0.000000 0.000000 0.000000 0.000000 0.000000 0.000000 0.007143 0.010714 0.010714 0.014286 0.011905 0.011905 0.000000 0.004762 0.005952 0.008333 0.038095 0.039286 0.004762 0.064286 0.000000 0.001190 0.001190 0.003571 0.002381 0.002381 0.004762 0.005952 0.003571 0.023810 0.017857 0.017857 0.007143 0.038095 0.036905 0.032143 0.027381 0.019048 0.017857 0.009524 0.005952 0.013095 0.010714 0.003571 0.003571 0.005952 0.003571 0.003571 0.003571 0.001190 0.000000 0.000000 0.000000 0.000000 0.000000 0.000000 0.000000
0.003571 0.003571 0.002381 0.001190 0.002381 0.000000 0.000000 0.000000 0.000000 0.000000 0.000000 0.005952 0.007143 0.007143 0.003571 0.021429 0.008333 0.029762 0.000000 0.002381 0.055952 0.033333 0.041667 0.070238 0.004762 0.089286 0.078571 0.002381 0.002381 0.047619 0.005952 0.003571 0.000000 0.001190 0.003571 0.003571 0.021429 0.021429 0.035714 0.028571 0.033333 0.038095 0.003571 0.002381 0.010714 0.010714 0.009524 0.008333 0.010714 0.013095 0.004762 0.002381 0.004762 0.002381 0.002381 0.001190 0.000000 0.000000 0.000000 0.000000 0.000000 0.000000 0.000000
0.002381 0.002381 0.004762 0.002381 0.002381 0.000000 0.000000 0.000000 0.000000 0.000000 0.000000 0.001190 0.002381 0.001190 0.016667 0.016667 0.021429 0.021429 0.041667 0.004762 0.060714 0.066667 0.126190 0.008333 0.003571 0.080952 0.079762 0.002381 0.003571 0.010714 0.005952 0.005952 0.002381 0.000000 0.002381 0.003571 0.004762 0.005952 0.036905 0.033333 0.028571 0.046429 0.027381 0.002381 0.009524 0.000000 0.014286 0.009524 0.011905 0.010714 0.004762 0.004762 0.007143 0.004762 0.002381 0.002381 0.000000 0.000000 0.000000 0.000000 0.000000 0.000000 0.000000
0.001190 0.001190 0.001190 0.002381 0.000000 0.000000 0.000000 0.000000 0.000000 0.000000 0.000000 0.000000 0.010714 0.000000 0.011905 0.014286 0.016667 0.039286 0.035714 0.000000 0.066667 0.121429 0.130952 0.100000 0.007143 0.004762 0.005952 0.007143 0.000000 0.005952 0.005952 0.004762 0.004762 0.003571 0.004762 0.002381 0.005952 0.017857 0.033333 0.029762 0.038095 0.003571 0.003571 0.002381 0.013095 0.000000 0.008333 0.009524 0.009524 0.009524 0.003571 0.003571 0.003571 0.001190 0.002381 0.001190 0.001190 0.000000 0.000000 0.000000 0.000000 0.000000 0.000000
0.002381 0.000000 0.000000 0.000000 0.000000 0.000000 0.000000 0.000000 0.000000 0.000000 0.001190 0.011905 0.011905 0.011905 0.016667 0.026190 0.050000 0.055952 0.067857 0.070238 0.078571 0.117857 0.019048 0.007143 0.010714 0.003571 0.029762 0.040476 0.007143 0.007143 0.003571 0.003571 0.004762 0.003571 0.002381 0.003571 0.002381 0.023810 0.004762 0.032143 0.028571 0.029762 0.002381 0.003571 0.014286 0.007143 0.007143 0.010714 0.004762 0.007143 0.008333 0.009524 0.002381 0.003571 0.002381 0.001190 0.001190 0.000000 0.000000 0.000000 0.000000 0.000000 0.000000
0.002381 0.000000 0.001190 0.000000 0.000000 0.000000 0.001190 0.001190 0.001190 0.001190 0.007143 0.005952 0.008333 0.027381 0.045238 0.064286 0.069048 0.072619 0.061905 0.084524 0.020238 0.020238 0.017857 0.013095 0.003571 0.007143 0.029762 0.050000 0.005952 0.004762 0.002381 0.002381 0.004762 0.003571 0.002381 0.004762 0.001190 0.000000 0.003571 0.027381 0.034524 0.027381 0.027381 0.021429 0.019048 0.007143 0.005952 0.009524 0.009524 0.005952 0.008333 0.005952 0.001190 0.004762 0.002381 0.001190 0.001190 0.000000 0.000000 0.000000 0.000000 0.000000 0.000000
0.002381 0.000000 0.000000 0.000000 0.000000 0.005952 0.005952 0.005952 0.003571 0.002381 0.007143 0.015476 0.029762 0.045238 0.055952 0.061905 0.069048 0.085714 0.066667 0.084524 0.085714 0.020238 0.016667 0.011905 0.003571 0.004762 0.035714 0.052381 0.013095 0.032143 0.005952 0.002381 0.003571 0.002381 0.003571 0.002381 0.003571 0.000000 0.002381 0.002381 0.034524 0.032143 0.034524 0.029762 0.025000 0.005952 0.026190 0.011905 0.011905 0.009524 0.009524 0.007143 0.001190 0.002381 0.003571 0.002381 0.001190 0.001190 0.000000 0.000000 0.000000 0.000000 0.000000
0.004762 0.001190 0.009524 0.004762 0.003571 0.005952 0.005952 0.005952 0.007143 0.017857 0.026190 0.032143 0.044048 0.050000 0.052381 0.054762 0.067857 0.077381 0.061905 0.079762 0.086905 0.023810 0.014286 0.015476 0.004762 0.003571 0.047619 0.061905 0.013095 0.009524 0.004762 0.004762 0.004762 0.003571 0.003571 0.003571 0.005952 0.000000 0.003571 0.001190 0.028571 0.022619 0.015476 0.042857 0.038095 0.034524 0.025000 0.011905 0.013095 0.021429 0.015476 0.013095 0.003571 0.001190 0.002381 0.003571 0.001190 0.001190 0.001190 0.000000 0.000000 0.000000 0.000000
0.002381 0.004762 0.004762 0.069048 0.002381 0.071429 0.003571 0.008333 0.020238 0.027381 0.033333 0.040476 0.045238 0.045238 0.048810 0.063095 0.064286 0.079762 0.067857 0.072619 0.052381 0.022619 0.020238 0.013095 0.005952 0.004762 0.046429 0.055952 0.050000 0.011905 0.038095 0.003571 0.002381 0.003571 0.000000 0.007143 0.003571 0.002381 0.114286 0.004762 0.029762 0.025000 0.020238 0.013095 0.039286 0.005952 0.027381 0.021429 0.008333 0.009524 0.013095 0.007143 0.005952 0.002381 0.004762 0.002381 0.001190 0.001190 0.000000 0.000000 0.000000 0.000000 0.000000
0.000000 0.047619 0.052381 0.054762 0.064286 0.059524 0.058333 0.016667 0.021429 0.022619 0.033333 0.035714 0.041667 0.045238 0.048810 0.054762 0.052381 0.053571 0.060714 0.053571 0.059524 0.061905 0.063095 0.011905 0.005952 0.033333 0.041667 0.058333 0.044048 0.010714 0.061905 0.040476 0.002381 0.003571 0.001190 0.005952 0.005952 0.146429 0.123810 0.055952 0.028571 0.016667 0.000000 0.022619 0.022619 0.041667 0.033333 0.029762 0.005952 0.008333 0.005952 0.005952 0.004762 0.007143 0.005952 0.001190 0.003571 0.000000 0.000000 0.000000 0.000000 0.000000 0.000000
0.000000 0.008333 0.042857 0.045238 0.047619 0.053571 0.053571 0.053571 0.058333 0.020238 0.029762 0.033333 0.035714 0.077381 0.079762 0.004762 0.009524 0.009524 0.041667 0.053571 0.047619 0.060714 0.041667 0.042857 0.016667 0.013095 0.008333 0.208333 0.188095 0.015476 0.089286 0.048810 0.000000 0.005952 0.005952 0.007143 0.007143 0.004762 0.138095 0.063095 0.048810 0.014286 0.000000 0.000000 0.020238 0.046429 0.039286 0.034524 0.028571 0.015476 0.007143 0.004762 0.005952 0.005952 0.003571 0.002381 0.002381 0.000000 0.000000 0.000000 0.000000 0.000000 0.000000
0.001190 0.027381 0.011905 0.034524 0.034524 0.047619 0.048810 0.050000 0.020238 0.019048 0.025000 0.034524 0.034524 0.071429 0.073810 0.003571 0.004762 0.004762 0.007143 0.000000 0.000000 0.000000 0.000000 0.000000 0.002381 0.004762 0.010714 0.200000 0.083333 0.105952 0.094048 0.036905 0.000000 0.007143 0.004762 0.009524 0.007143 0.003571 0.150000 0.070238 0.052381 0.039286 0.000000 0.000000 0.027381 0.015476 0.015476 0.010714 0.010714 0.004762 0.007143 0.013095 0.004762 0.004762 0.001190 0.002381 0.000000 0.000000 0.000000 0.000000 0.000000 0.000000 0.000000
0.010714 0.021429 0.025000 0.010714 0.022619 0.038095 0.046429 0.036905 0.015476 0.017857 0.019048 0.016667 0.022619 0.073810 0.076190 0.073810 0.064286 0.001190 0.001190 0.001190 0.000000 0.000000 0.000000 0.000000 0.005952 0.022619 0.202381 0.097619 0.059524 0.076190 0.067857 0.008333 0.011905 0.011905 0.255952 0.221429 0.003571 0.005952 0.171429 0.080952 0.052381 0.030952 0.000000 0.038095 0.022619 0.022619 0.003571 0.015476 0.011905 0.005952 0.004762 0.014286 0.007143 0.001190 0.002381 0.000000 0.000000 0.000000 0.000000 0.000000 0.000000 0.000000 0.000000
