FireSTARR/test/output/NOR/NOR072/2018-07-20_0000/intensity_M_207_2018-07-26.asc
ncols         425
nrows         346
xllcorner     525343.378600
yllcorner     5240402.364000
cellsize      100.000000
NODATA_value  0.000000
[rows 84 to 111 of 346, columns 252 to 314 of 425]
0.014286 0.016667 0.020238 0.008333 0.020238 0.020238 0.014286 0.026190 0.028571 0.010714 0.009524 0.004762 0.005952 0.008333 0.013095 0.000000 0.000000 0.009524 0.013095 0.007143 0.010714 0.000000 0.000000 0.000000 0.009524 0.007143 0.010714 0.010714 0.013095 0.010714 0.009524 0.007143 0.013095 0.000000 0.015476 0.010714 0.013095 0.013095 0.014286 0.020238 0.022619 0.020238 0.022619 0.023810 0.019048 0.000000 0.014286 0.014286 0.013095 0.008333 0.011905 0.008333 0.010714 0.036905 0.038095 0.034524 0.029762 0.029762 0.017857 0.011905 0.013095 0.014286 0.005952
0.020238 0.022619 0.020238 0.015476 0.025000 0.016667 0.013095 0.008333 0.005952 0.005952 0.008333 0.007143 0.009524 0.013095 0.013095 0.045238 0.009524 0.000000 0.000000 0.000000 0.015476 0.000000 0.000000 0.005952 0.007143 0.009524 0.008333 0.008333 0.014286 0.014286 0.000000 0.013095 0.009524 0.000000 0.010714 0.009524 0.011905 0.015476 0.016667 0.016667 0.019048 0.022619 0.022619 0.020238 0.021429 0.010714 0.015476 0.015476 0.009524 0.009524 0.013095 0.013095 0.010714 0.005952 0.036905 0.039286 0.026190 0.025000 0.020238 0.014286 0.015476 0.016667 0.009524
0.011905 0.010714 0.025000 0.016667 0.027381 0.016667 0.008333 0.005952 0.008333 0.009524 0.011905 0.011905 0.008333 0.052381 0.052381 0.051190 0.054762 0.000000 0.000000 0.000000 0.022619 0.000000 0.000000 0.000000 0.007143 0.005952 0.005952 0.005952 0.000000 0.000000 0.000000 0.000000 0.008333 0.009524 0.007143 0.007143 0.009524 0.019048 0.015476 0.025000 0.021429 0.000000 0.022619 0.017857 0.019048 0.016667 0.000000 0.020238 0.025000 0.011905 0.016667 0.010714 0.014286 0.005952 0.013095 0.035714 0.039286 0.027381 0.023810 0.023810 0.016667 0.017857 0.017857
0.009524 0.026190 0.014286 0.013095 0.027381 0.013095 0.013095 0.010714 0.009524 0.009524 0.009524 0.011905 0.011905 0.055952 0.047619 0.058333 0.052381 0.060714 0.065476 0.007143 0.015476 0.021429 0.026190 0.005952 0.007143 0.004762 0.005952 0.005952 0.009524 0.020238 0.000000 0.005952 0.005952 0.004762 0.010714 0.009524 0.015476 0.021429 0.026190 0.021429 0.023810 0.000000 0.020238 0.026190 0.025000 0.019048 0.015476 0.016667 0.017857 0.021429 0.019048 0.011905 0.016667 0.014286 0.011905 0.041667 0.044048 0.030952 0.023810 0.030952 0.025000 0.019048 0.021429
0.009524 0.023810 0.015476 0.023810 0.013095 0.008333 0.011905 0.010714 0.009524 0.007143 0.007143 0.011905 0.010714 0.052381 0.054762 0.063095 0.061905 0.019048 0.015476 0.020238 0.019048 0.025000 0.027381 0.004762 0.005952 0.005952 0.004762 0.005952 0.004762 0.009524 0.000000 0.000000 0.010714 0.014286 0.011905 0.011905 0.019048 0.023810 0.027381 0.025000 0.027381 0.022619 0.023810 0.026190 0.026190 0.021429 0.003571 0.008333 0.015476 0.019048 0.019048 0.020238 0.013095 0.013095 0.016667 0.035714 0.038095 0.035714 0.035714 0.025000 0.026190 0.019048 0.021429
0.010714 0.007143 0.009524 0.010714 0.000000 0.000000 0.000000 0.001190 0.011905 0.010714 0.010714 0.013095 0.058333 0.055952 0.059524 0.059524 0.059524 0.017857 0.015476 0.016667 0.020238 0.026190 0.032143 0.023810 0.005952 0.004762 0.005952 0.005952 0.008333 0.005952 0.000000 0.010714 0.011905 0.010714 0.007143 0.013095 0.022619 0.021429 0.023810 0.027381 0.022619 0.025000 0.000000 0.023810 0.027381 0.019048 0.003571 0.008333 0.011905 0.013095 0.015476 0.015476 0.014286 0.013095 0.035714 0.032143 0.034524 0.038095 0.035714 0.036905 0.032143 0.020238 0.023810
0.010714 0.008333 0.004762 0.000000 0.000000 0.000000 0.000000 0.002381 0.013095 0.013095 0.010714 0.014286 0.063095 0.064286 0.067857 0.017857 0.019048 0.007143 0.010714 0.013095 0.011905 0.008333 0.025000 0.026190 0.004762 0.005952 0.005952 0.010714 0.009524 0.010714 0.015476 0.010714 0.013095 0.014286 0.011905 0.015476 0.017857 0.017857 0.032143 0.032143 0.022619 0.026190 0.000000 0.023810 0.021429 0.019048 0.003571 0.011905 0.015476 0.021429 0.020238 0.016667 0.015476 0.064286 0.064286 0.029762 0.029762 0.033333 0.030952 0.036905 0.000000 0.025000 0.025000
0.000000 0.000000 0.000000 0.000000 0.000000 0.000000 0.000000 0.013095 0.011905 0.016667 0.010714 0.065476 0.060714 0.069048 0.009524 0.015476 0.016667 0.020238 0.016667 0.008333 0.007143 0.008333 0.023810 0.023810 0.028571 0.007143 0.007143 0.008333 0.014286 0.010714 0.015476 0.014286 0.011905 0.015476 0.020238 0.013095 0.020238 0.025000 0.028571 0.000000 0.000000 0.026190 0.000000 0.025000 0.022619 0.016667 0.000000 0.011905 0.017857 0.022619 0.067857 0.065476 0.033333 0.064286 0.055952 0.060714 0.067857 0.059524 0.025000 0.025000 0.029762 0.023810 0.026190
0.000000 0.000000 0.000000 0.000000 0.000000 0.000000 0.000000 0.010714 0.010714 0.010714 0.010714 0.009524 0.011905 0.013095 0.009524 0.008333 0.022619 0.022619 0.011905 0.009524 0.007143 0.004762 0.028571 0.028571 0.025000 0.004762 0.008333 0.009524 0.009524 0.013095 0.011905 0.009524 0.010714 0.015476 0.019048 0.017857 0.019048 0.021429 0.023810 0.021429 0.025000 0.022619 0.014286 0.019048 0.015476 0.010714 0.014286 0.010714 0.011905 0.021429 0.023810 0.025000 0.023810 0.026190 0.032143 0.076190 0.073810 0.067857 0.022619 0.028571 0.026190 0.023810 0.022619
0.000000 0.000000 0.000000 0.000000 0.000000 0.000000 0.000000 0.005952 0.008333 0.009524 0.005952 0.008333 0.013095 0.032143 0.028571 0.025000 0.025000 0.028571 0.036905 0.009524 0.008333 0.009524 0.007143 0.023810 0.025000 0.072619 0.004762 0.005952 0.010714 0.014286 0.014286 0.008333 0.014286 0.017857 0.014286 0.017857 0.014286 0.019048 0.000000 0.022619 0.020238 0.020238 0.005952 0.015476 0.011905 0.010714 0.015476 0.009524 0.013095 0.016667 0.016667 0.019048 0.016667 0.035714 0.082143 0.083333 0.086905 0.086905 0.019048 0.030952 0.025000 0.026190 0.034524
0.000000 0.000000 0.000000 0.000000 0.000000 0.000000 0.000000 0.007143 0.005952 0.011905 0.028571 0.029762 0.028571 0.023810 0.028571 0.038095 0.038095 0.034524 0.032143 0.004762 0.008333 0.011905 0.009524 0.066667 0.071429 0.076190 0.004762 0.007143 0.009524 0.011905 0.013095 0.011905 0.015476 0.014286 0.014286 0.014286 0.013095 0.016667 0.019048 0.019048 0.022619 0.009524 0.015476 0.015476 0.013095 0.017857 0.017857 0.000000 0.010714 0.017857 0.015476 0.016667 0.036905 0.038095 0.022619 0.076190 0.070238 0.025000 0.022619 0.071429 0.050000 0.044048 0.030952
0.000000 0.000000 0.000000 0.000000 0.000000 0.000000 0.016667 0.002381 0.009524 0.015476 0.014286 0.008333 0.025000 0.027381 0.036905 0.038095 0.039286 0.035714 0.040476 0.008333 0.008333 0.011905 0.072619 0.069048 0.070238 0.057143 0.009524 0.010714 0.013095 0.015476 0.011905 0.011905 0.013095 0.013095 0.011905 0.013095 0.010714 0.000000 0.017857 0.038095 0.022619 0.014286 0.014286 0.016667 0.014286 0.013095 0.013095 0.000000 0.000000 0.007143 0.008333 0.019048 0.040476 0.040476 0.035714 0.065476 0.067857 0.070238 0.070238 0.071429 0.048810 0.048810 0.042857
0.000000 0.000000 0.000000 0.000000 0.000000 0.000000 0.022619 0.022619 0.021429 0.021429 0.019048 0.014286 0.011905 0.060714 0.058333 0.028571 0.036905 0.044048 0.030952 0.010714 0.014286 0.013095 0.057143 0.064286 0.059524 0.061905 0.009524 0.009524 0.011905 0.010714 0.014286 0.014286 0.014286 0.009524 0.010714 0.008333 0.009524 0.011905 0.013095 0.038095 0.015476 0.020238 0.014286 0.016667 0.013095 0.011905 0.004762 0.007143 0.035714 0.036905 0.034524 0.038095 0.040476 0.038095 0.063095 0.073810 0.072619 0.054762 0.058333 0.065476 0.055952 0.044048 0.046429
0.000000 0.000000 0.000000 0.000000 0.000000 0.000000 0.015476 0.027381 0.026190 0.026190 0.020238 0.019048 0.026190 0.054762 0.050000 0.060714 0.033333 0.029762 0.034524 0.008333 0.009524 0.009524 0.058333 0.057143 0.064286 0.060714 0.011905 0.010714 0.009524 0.011905 0.013095 0.010714 0.007143 0.008333 0.011905 0.000000 0.010714 0.010714 0.017857 0.023810 0.042857 0.011905 0.011905 0.015476 0.013095 0.003571 0.011905 0.033333 0.032143 0.021429 0.035714 0.045238 0.046429 0.072619 0.076190 0.017857 0.020238 0.051190 0.027381 0.027381 0.061905 0.053571 0.047619
0.000000 0.000000 0.000000 0.000000 0.000000 0.000000 0.028571 0.029762 0.033333 0.028571 0.021429 0.022619 0.020238 0.051190 0.053571 0.059524 0.034524 0.033333 0.028571 0.029762 0.008333 0.014286 0.058333 0.059524 0.054762 0.063095 0.007143 0.010714 0.010714 0.021429 0.013095 0.015476 0.019048 0.000000 0.000000 0.000000 0.004762 0.008333 0.009524 0.027381 0.033333 0.026190 0.000000 0.008333 0.009524 0.005952 0.027381 0.032143 0.028571 0.029762 0.058333 0.076190 0.090476 0.082143 0.084524 0.014286 0.020238 0.022619 0.027381 0.026190 0.029762 0.046429 0.048810
0.000000 0.000000 0.000000 0.000000 0.000000 0.000000 0.035714 0.033333 0.028571 0.029762 0.023810 0.019048 0.020238 0.050000 0.059524 0.026190 0.023810 0.030952 0.030952 0.027381 0.029762 0.014286 0.000000 0.000000 0.057143 0.007143 0.053571 0.000000 0.000000 0.016667 0.010714 0.011905 0.010714 0.000000 0.000000 0.000000 0.000000 0.010714 0.014286 0.020238 0.027381 0.030952 0.000000 0.000000 0.004762 0.005952 0.058333 0.050000 0.072619 0.071429 0.089286 0.090476 0.076190 0.077381 0.070238 0.050000 0.013095 0.017857 0.021429 0.026190 0.026190 0.029762 0.055952
0.000000 0.000000 0.000000 0.000000 0.000000 0.000000 0.017857 0.029762 0.032143 0.032143 0.023810 0.029762 0.026190 0.050000 0.058333 0.023810 0.023810 0.027381 0.029762 0.027381 0.023810 0.026190 0.036905 0.010714 0.000000 0.014286 0.044048 0.000000 0.000000 0.000000 0.013095 0.010714 0.000000 0.000000 0.000000 0.000000 0.000000 0.013095 0.016667 0.025000 0.025000 0.027381 0.000000 0.000000 0.011905 0.010714 0.053571 0.088095 0.094048 0.095238 0.088095 0.085714 0.076190 0.070238 0.051190 0.050000 0.007143 0.011905 0.014286 0.017857 0.014286 0.019048 0.017857
0.000000 0.000000 0.000000 0.000000 0.000000 0.000000 0.022619 0.021429 0.028571 0.033333 0.033333 0.032143 0.026190 0.046429 0.023810 0.026190 0.025000 0.028571 0.026190 0.027381 0.025000 0.029762 0.036905 0.011905 0.000000 0.016667 0.044048 0.000000 0.000000 0.000000 0.000000 0.000000 0.000000 0.000000 0.000000 0.000000 0.008333 0.014286 0.020238 0.020238 0.023810 0.029762 0.029762 0.000000 0.000000 0.001190 0.008333 0.060714 0.071429 0.092857 0.014286 0.005952 0.083333 0.008333 0.005952 0.008333 0.013095 0.009524 0.029762 0.025000 0.014286 0.026190 0.016667
0.000000 0.000000 0.000000 0.000000 0.023810 0.023810 0.000000 0.026190 0.028571 0.028571 0.039286 0.030952 0.025000 0.029762 0.029762 0.019048 0.027381 0.030952 0.026190 0.026190 0.036905 0.039286 0.034524 0.010714 0.000000 0.000000 0.015476 0.017857 0.000000 0.000000 0.000000 0.000000 0.000000 0.000000 0.000000 0.007143 0.013095 0.013095 0.017857 0.019048 0.022619 0.022619 0.000000 0.000000 0.002381 0.002381 0.013095 0.013095 0.011905 0.101190 0.000000 0.004762 0.005952 0.007143 0.005952 0.005952 0.011905 0.008333 0.030952 0.032143 0.027381 0.017857 0.014286
0.000000 0.000000 0.000000 0.000000 0.022619 0.021429 0.000000 0.022619 0.028571 0.029762 0.038095 0.033333 0.028571 0.017857 0.015476 0.023810 0.026190 0.013095 0.030952 0.029762 0.035714 0.040476 0.036905 0.000000 0.013095 0.017857 0.016667 0.019048 0.016667 0.000000 0.000000 0.000000 0.000000 0.000000 0.000000 0.000000 0.011905 0.015476 0.020238 0.025000 0.023810 0.026190 0.000000 0.007143 0.007143 0.010714 0.041667 0.041667 0.014286 0.072619 0.000000 0.002381 0.003571 0.007143 0.007143 0.004762 0.008333 0.009524 0.004762 0.034524 0.028571 0.029762 0.019048
0.000000 0.000000 0.000000 0.000000 0.000000 0.019048 0.013095 0.017857 0.021429 0.021429 0.030952 0.034524 0.032143 0.021429 0.020238 0.017857 0.023810 0.025000 0.015476 0.016667 0.033333 0.038095 0.035714 0.015476 0.011905 0.015476 0.016667 0.016667 0.017857 0.000000 0.000000 0.000000 0.000000 0.000000 0.000000 0.008333 0.013095 0.011905 0.007143 0.026190 0.013095 0.032143 0.000000 0.002381 0.060714 0.039286 0.044048 0.073810 0.014286 0.094048 0.086905 0.004762 0.005952 0.053571 0.010714 0.009524 0.000000 0.004762 0.004762 0.007143 0.033333 0.032143 0.051190
0.000000 0.000000 0.000000 0.015476 0.019048 0.022619 0.015476 0.015476 0.023810 0.026190 0.026190 0.036905 0.033333 0.032143 0.019048 0.015476 0.026190 0.026190 0.030952 0.014286 0.013095 0.011905 0.035714 0.010714 0.015476 0.014286 0.017857 0.017857 0.015476 0.000000 0.000000 0.000000 0.000000 0.000000 0.000000 0.003571 0.005952 0.002381 0.021429 0.021429 0.027381 0.026190 0.045238 0.008333 0.066667 0.070238 0.129762 0.013095 0.009524 0.088095 0.088095 0.004762 0.005952 0.014286 0.009524 0.010714 0.007143 0.000000 0.003571 0.005952 0.011905 0.009524 0.051190
0.013095 0.000000 0.010714 0.010714 0.014286 0.015476 0.009524 0.010714 0.017857 0.021429 0.026190 0.026190 0.032143 0.030952 0.022619 0.022619 0.014286 0.032143 0.033333 0.011905 0.014286 0.017857 0.014286 0.015476 0.010714 0.016667 0.016667 0.019048 0.000000 0.000000 0.000000 0.000000 0.000000 0.000000 0.000000 0.002381 0.015476 0.001190 0.019048 0.020238 0.016667 0.040476 0.040476 0.000000 0.073810 0.126190 0.140476 0.105952 0.015476 0.010714 0.010714 0.013095 0.000000 0.009524 0.009524 0.009524 0.008333 0.008333 0.008333 0.005952 0.011905 0.032143 0.048810
0.014286 0.013095 0.019048 0.000000 0.017857 0.015476 0.016667 0.017857 0.016667 0.020238 0.027381 0.021429 0.029762 0.033333 0.027381 0.019048 0.021429 0.014286 0.016667 0.011905 0.011905 0.014286 0.015476 0.014286 0.017857 0.015476 0.015476 0.000000 0.000000 0.000000 0.000000 0.000000 0.000000 0.000000 0.003571 0.016667 0.016667 0.016667 0.020238 0.028571 0.050000 0.055952 0.069048 0.073810 0.084524 0.123810 0.021429 0.015476 0.022619 0.009524 0.034524 0.045238 0.008333 0.010714 0.007143 0.008333 0.008333 0.007143 0.007143 0.010714 0.009524 0.041667 0.014286
0.013095 0.016667 0.017857 0.000000 0.014286 0.013095 0.011905 0.016667 0.013095 0.010714 0.021429 0.023810 0.028571 0.022619 0.017857 0.023810 0.017857 0.015476 0.014286 0.016667 0.016667 0.011905 0.016667 0.017857 0.017857 0.017857 0.017857 0.000000 0.000000 0.003571 0.003571 0.001190 0.001190 0.003571 0.009524 0.009524 0.011905 0.029762 0.046429 0.065476 0.069048 0.073810 0.063095 0.090476 0.023810 0.026190 0.022619 0.019048 0.013095 0.016667 0.035714 0.055952 0.008333 0.009524 0.009524 0.004762 0.007143 0.008333 0.008333 0.009524 0.013095 0.010714 0.019048
0.014286 0.019048 0.000000 0.013095 0.014286 0.013095 0.014286 0.013095 0.011905 0.010714 0.015476 0.022619 0.030952 0.027381 0.029762 0.029762 0.019048 0.017857 0.013095 0.014286 0.013095 0.015476 0.020238 0.015476 0.007143 0.005952 0.002381 0.002381 0.001190 0.013095 0.011905 0.008333 0.004762 0.004762 0.008333 0.017857 0.030952 0.046429 0.057143 0.064286 0.071429 0.088095 0.069048 0.090476 0.088095 0.029762 0.025000 0.020238 0.014286 0.016667 0.041667 0.057143 0.016667 0.044048 0.011905 0.004762 0.007143 0.007143 0.011905 0.009524 0.011905 0.011905 0.014286
0.020238 0.019048 0.013095 0.013095 0.015476 0.013095 0.013095 0.013095 0.011905 0.011905 0.014286 0.020238 0.022619 0.027381 0.026190 0.027381 0.023810 0.020238 0.021429 0.014286 0.000000 0.000000 0.010714 0.010714 0.009524 0.004762 0.021429 0.016667 0.008333 0.014286 0.008333 0.007143 0.007143 0.017857 0.026190 0.032143 0.045238 0.052381 0.055952 0.058333 0.071429 0.079762 0.064286 0.083333 0.092857 0.029762 0.021429 0.022619 0.013095 0.015476 0.052381 0.065476 0.021429 0.019048 0.009524 0.008333 0.011905 0.013095 0.015476 0.017857 0.022619 0.017857 0.020238
0.016667 0.011905 0.014286 0.013095 0.010714 0.016667 0.013095 0.013095 0.010714 0.016667 0.020238 0.014286 0.020238 0.029762 0.022619 0.029762 0.000000 0.000000 0.026190 0.022619 0.000000 0.000000 0.000000 0.011905 0.007143 0.007143 0.011905 0.072619 0.007143 0.072619 0.004762 0.010714 0.023810 0.028571 0.034524 0.041667 0.046429 0.046429 0.052381 0.065476 0.066667 0.082143 0.069048 0.076190 0.058333 0.030952 0.028571 0.021429 0.013095 0.015476 0.051190 0.060714 0.058333 0.020238 0.046429 0.009524 0.011905 0.013095 0.016667 0.022619 0.023810 0.016667 0.125000
