FireSTARR/test/output/NOR/NOR072/2018-07-20_0000/intensity_L_214_2018-08-02.asc
ncols         501
nrows         461
xllcorner     524143.378600
yllcorner     5235202.364000
cellsize      100.000000
NODATA_value  0.000000
[rows 112 to 139 of 461, columns 378 to 440 of 501]
0.000000 0.016667 0.002381 0.000000 0.003571 0.000000 0.001190 0.003571 0.002381 0.003571 0.011905 0.010714 0.009524 0.000000 0.021429 0.021429 0.005952 0.005952 0.000000 0.007143 0.005952 0.007143 0.002381 0.002381 0.002381 0.002381 0.003571 0.003571 0.003571 0.004762 0.000000 0.001190 0.005952 0.004762 0.003571 0.003571 0.003571 0.003571 0.003571 0.001190 0.000000 0.002381 0.001190 0.000000 0.000000 0.000000 0.000000 0.000000 0.000000 0.000000 0.000000 0.000000 0.000000 0.000000 0.000000 0.000000 0.000000 0.000000 0.000000 0.000000 0.000000 0.000000 0.000000
0.000000 0.016667 0.016667 0.001190 0.001190 0.000000 0.001190 0.002381 0.001190 0.000000 0.001190 0.002381 0.002381 0.002381 0.000000 0.023810 0.009524 0.009524 0.001190 0.020238 0.015476 0.014286 0.001190 0.000000 0.001190 0.001190 0.001190 0.009524 0.010714 0.007143 0.000000 0.005952 0.005952 0.003571 0.002381 0.002381 0.002381 0.002381 0.002381 0.001190 0.001190 0.002381 0.000000 0.000000 0.000000 0.000000 0.000000 0.000000 0.000000 0.000000 0.000000 0.000000 0.000000 0.000000 0.000000 0.000000 0.000000 0.000000 0.000000 0.000000 0.000000 0.000000 0.000000
0.001190 0.017857 0.017857 0.002381 0.003571 0.003571 0.001190 0.002381 0.001190 0.001190 0.001190 0.002381 0.002381 0.002381 0.002381 0.022619 0.011905 0.009524 0.000000 0.003571 0.015476 0.013095 0.000000 0.000000 0.001190 0.001190 0.001190 0.001190 0.010714 0.007143 0.001190 0.005952 0.004762 0.004762 0.003571 0.002381 0.002381 0.002381 0.001190 0.002381 0.000000 0.001190 0.000000 0.000000 0.000000 0.000000 0.000000 0.000000 0.000000 0.000000 0.000000 0.000000 0.000000 0.000000 0.004762 0.000000 0.000000 0.001190 0.001190 0.001190 0.000000 0.000000 0.000000
0.002381 0.002381 0.004762 0.002381 0.001190 0.002381 0.001190 0.001190 0.001190 0.001190 0.001190 0.001190 0.001190 0.000000 0.000000 0.025000 0.026190 0.011905 0.000000 0.002381 0.016667 0.014286 0.000000 0.000000 0.000000 0.001190 0.001190 0.010714 0.008333 0.007143 0.001190 0.001190 0.000000 0.004762 0.004762 0.002381 0.002381 0.002381 0.002381 0.002381 0.002381 0.001190 0.000000 0.000000 0.000000 0.000000 0.000000 0.000000 0.000000 0.000000 0.000000 0.000000 0.000000 0.000000 0.000000 0.000000 0.000000 0.000000 0.000000 0.000000 0.000000 0.002381 0.002381
0.004762 0.005952 0.001190 0.002381 0.001190 0.000000 0.022619 0.001190 0.023810 0.001190 0.001190 0.001190 0.001190 0.000000 0.000000 0.001190 0.001190 0.027381 0.030952 0.000000 0.000000 0.019048 0.015476 0.011905 0.001190 0.009524 0.010714 0.010714 0.007143 0.005952 0.005952 0.005952 0.000000 0.000000 0.004762 0.004762 0.004762 0.003571 0.003571 0.003571 0.003571 0.002381 0.001190 0.001190 0.000000 0.000000 0.000000 0.000000 0.000000 0.000000 0.000000 0.000000 0.000000 0.000000 0.001190 0.001190 0.000000 0.000000 0.000000 0.000000 0.000000 0.002381 0.002381
0.004762 0.004762 0.001190 0.002381 0.000000 0.021429 0.022619 0.021429 0.021429 0.025000 0.002381 0.001190 0.001190 0.000000 0.000000 0.001190 0.001190 0.001190 0.000000 0.032143 0.029762 0.022619 0.015476 0.015476 0.011905 0.010714 0.010714 0.010714 0.008333 0.000000 0.000000 0.000000 0.000000 0.000000 0.000000 0.000000 0.000000 0.000000 0.000000 0.000000 0.003571 0.001190 0.000000 0.001190 0.001190 0.002381 0.000000 0.000000 0.000000 0.000000 0.000000 0.000000 0.000000 0.000000 0.001190 0.002381 0.000000 0.000000 0.003571 0.002381 0.000000 0.000000 0.003571
0.005952 0.003571 0.002381 0.000000 0.000000 0.000000 0.000000 0.023810 0.023810 0.025000 0.002381 0.002381 0.026190 0.025000 0.025000 0.000000 0.000000 0.000000 0.001190 0.032143 0.032143 0.029762 0.000000 0.015476 0.014286 0.013095 0.010714 0.008333 0.009524 0.007143 0.000000 0.000000 0.005952 0.004762 0.004762 0.003571 0.003571 0.003571 0.003571 0.003571 0.003571 0.001190 0.001190 0.000000 0.002381 0.000000 0.000000 0.000000 0.000000 0.000000 0.000000 0.000000 0.000000 0.000000 0.001190 0.000000 0.000000 0.000000 0.000000 0.000000 0.000000 0.000000 0.004762
0.004762 0.003571 0.008333 0.021429 0.000000 0.001190 0.000000 0.023810 0.000000 0.000000 0.001190 0.001190 0.003571 0.026190 0.025000 0.000000 0.000000 0.001190 0.001190 0.001190 0.030952 0.034524 0.000000 0.020238 0.015476 0.015476 0.013095 0.010714 0.008333 0.008333 0.007143 0.005952 0.004762 0.002381 0.002381 0.002381 0.002381 0.002381 0.002381 0.002381 0.002381 0.002381 0.000000 0.000000 0.002381 0.002381 0.000000 0.000000 0.000000 0.000000 0.000000 0.000000 0.000000 0.000000 0.002381 0.000000 0.000000 0.000000 0.000000 0.000000 0.000000 0.000000 0.003571
0.004762 0.025000 0.013095 0.009524 0.019048 0.000000 0.000000 0.001190 0.000000 0.000000 0.005952 0.005952 0.001190 0.026190 0.027381 0.002381 0.001190 0.001190 0.001190 0.001190 0.001190 0.034524 0.032143 0.000000 0.021429 0.020238 0.017857 0.015476 0.014286 0.010714 0.007143 0.005952 0.003571 0.003571 0.002381 0.002381 0.002381 0.002381 0.002381 0.001190 0.001190 0.001190 0.000000 0.000000 0.000000 0.002381 0.000000 0.000000 0.000000 0.000000 0.000000 0.000000 0.000000 0.000000 0.004762 0.000000 0.000000 0.000000 0.000000 0.000000 0.000000 0.000000 0.000000
0.022619 0.007143 0.009524 0.027381 0.023810 0.022619 0.000000 0.001190 0.000000 0.023810 0.021429 0.003571 0.003571 0.030952 0.029762 0.002381 0.001190 0.001190 0.000000 0.001190 0.001190 0.015476 0.011905 0.000000 0.026190 0.023810 0.021429 0.019048 0.014286 0.013095 0.009524 0.008333 0.005952 0.005952 0.003571 0.001190 0.001190 0.001190 0.001190 0.001190 0.001190 0.001190 0.000000 0.000000 0.000000 0.002381 0.000000 0.000000 0.000000 0.000000 0.000000 0.000000 0.002381 0.004762 0.004762 0.000000 0.000000 0.000000 0.000000 0.000000 0.000000 0.000000 0.000000
0.026190 0.008333 0.008333 0.028571 0.028571 0.025000 0.022619 0.023810 0.023810 0.022619 0.000000 0.003571 0.003571 0.034524 0.034524 0.034524 0.032143 0.001190 0.001190 0.003571 0.003571 0.013095 0.014286 0.000000 0.033333 0.029762 0.023810 0.020238 0.015476 0.014286 0.013095 0.009524 0.009524 0.007143 0.003571 0.002381 0.001190 0.001190 0.001190 0.001190 0.001190 0.001190 0.001190 0.000000 0.001190 0.002381 0.000000 0.001190 0.000000 0.000000 0.001190 0.002381 0.000000 0.004762 0.005952 0.001190 0.000000 0.001190 0.000000 0.000000 0.000000 0.001190 0.004762
0.007143 0.007143 0.009524 0.013095 0.033333 0.034524 0.029762 0.028571 0.027381 0.000000 0.021429 0.005952 0.004762 0.003571 0.036905 0.036905 0.035714 0.038095 0.034524 0.001190 0.001190 0.002381 0.001190 0.017857 0.036905 0.035714 0.027381 0.020238 0.016667 0.016667 0.013095 0.011905 0.011905 0.009524 0.005952 0.003571 0.002381 0.001190 0.002381 0.003571 0.003571 0.003571 0.002381 0.001190 0.001190 0.002381 0.002381 0.002381 0.003571 0.001190 0.000000 0.001190 0.001190 0.000000 0.000000 0.000000 0.000000 0.000000 0.000000 0.001190 0.000000 0.001190 0.004762
0.008333 0.011905 0.030952 0.034524 0.013095 0.038095 0.038095 0.032143 0.032143 0.025000 0.022619 0.008333 0.002381 0.002381 0.036905 0.000000 0.000000 0.039286 0.032143 0.000000 0.000000 0.000000 0.004762 0.002381 0.020238 0.000000 0.032143 0.022619 0.019048 0.017857 0.015476 0.014286 0.011905 0.011905 0.008333 0.004762 0.004762 0.003571 0.003571 0.003571 0.003571 0.003571 0.003571 0.003571 0.003571 0.002381 0.003571 0.003571 0.004762 0.000000 0.000000 0.000000 0.007143 0.007143 0.007143 0.000000 0.000000 0.000000 0.000000 0.001190 0.000000 0.000000 0.004762
0.007143 0.009524 0.029762 0.036905 0.003571 0.002381 0.039286 0.042857 0.033333 0.028571 0.028571 0.034524 0.003571 0.000000 0.000000 0.000000 0.034524 0.035714 0.003571 0.001190 0.003571 0.002381 0.001190 0.003571 0.026190 0.017857 0.000000 0.021429 0.020238 0.017857 0.017857 0.014286 0.013095 0.011905 0.009524 0.007143 0.005952 0.003571 0.003571 0.003571 0.003571 0.003571 0.003571 0.003571 0.003571 0.002381 0.003571 0.004762 0.001190 0.001190 0.000000 0.000000 0.000000 0.007143 0.000000 0.000000 0.000000 0.000000 0.001190 0.001190 0.000000 0.004762 0.003571
0.008333 0.032143 0.010714 0.040476 0.007143 0.005952 0.003571 0.044048 0.036905 0.035714 0.035714 0.038095 0.004762 0.003571 0.002381 0.000000 0.033333 0.028571 0.033333 0.001190 0.002381 0.002381 0.002381 0.004762 0.041667 0.032143 0.000000 0.020238 0.021429 0.021429 0.019048 0.015476 0.015476 0.011905 0.010714 0.007143 0.007143 0.004762 0.004762 0.004762 0.003571 0.004762 0.005952 0.005952 0.004762 0.003571 0.003571 0.004762 0.000000 0.000000 0.000000 0.000000 0.000000 0.007143 0.000000 0.000000 0.000000 0.000000 0.001190 0.000000 0.002381 0.001190 0.002381
0.013095 0.014286 0.044048 0.015476 0.004762 0.005952 0.004762 0.046429 0.047619 0.044048 0.046429 0.046429 0.002381 0.041667 0.003571 0.026190 0.030952 0.030952 0.033333 0.002381 0.003571 0.002381 0.002381 0.045238 0.000000 0.000000 0.000000 0.039286 0.000000 0.028571 0.023810 0.015476 0.015476 0.013095 0.011905 0.008333 0.007143 0.007143 0.007143 0.005952 0.005952 0.007143 0.007143 0.007143 0.005952 0.003571 0.004762 0.004762 0.001190 0.000000 0.007143 0.000000 0.007143 0.000000 0.000000 0.000000 0.000000 0.000000 0.001190 0.000000 0.001190 0.002381 0.003571
0.025000 0.023810 0.017857 0.046429 0.005952 0.004762 0.005952 0.011905 0.046429 0.045238 0.004762 0.004762 0.003571 0.036905 0.026190 0.025000 0.022619 0.030952 0.002381 0.035714 0.002381 0.001190 0.001190 0.046429 0.001190 0.001190 0.029762 0.000000 0.047619 0.046429 0.026190 0.021429 0.013095 0.013095 0.010714 0.010714 0.009524 0.009524 0.008333 0.007143 0.007143 0.007143 0.000000 0.007143 0.007143 0.003571 0.004762 0.005952 0.000000 0.000000 0.000000 0.007143 0.000000 0.000000 0.007143 0.000000 0.000000 0.000000 0.001190 0.005952 0.002381 0.002381 0.004762
0.026190 0.008333 0.002381 0.004762 0.008333 0.009524 0.008333 0.008333 0.007143 0.007143 0.005952 0.046429 0.042857 0.039286 0.022619 0.015476 0.015476 0.028571 0.002381 0.004762 0.004762 0.046429 0.046429 0.047619 0.001190 0.001190 0.001190 0.029762 0.009524 0.048810 0.039286 0.019048 0.001190 0.014286 0.011905 0.010714 0.000000 0.000000 0.009524 0.008333 0.000000 0.000000 0.000000 0.000000 0.007143 0.004762 0.004762 0.008333 0.000000 0.000000 0.000000 0.000000 0.000000 0.000000 0.000000 0.000000 0.000000 0.000000 0.001190 0.004762 0.002381 0.004762 0.004762
0.005952 0.004762 0.002381 0.005952 0.008333 0.010714 0.013095 0.010714 0.009524 0.007143 0.052381 0.015476 0.015476 0.039286 0.011905 0.009524 0.016667 0.023810 0.003571 0.020238 0.033333 0.001190 0.001190 0.001190 0.001190 0.001190 0.001190 0.002381 0.002381 0.032143 0.000000 0.000000 0.015476 0.014286 0.002381 0.000000 0.001190 0.009524 0.000000 0.001190 0.000000 0.000000 0.000000 0.007143 0.007143 0.004762 0.003571 0.008333 0.000000 0.000000 0.000000 0.000000 0.000000 0.007143 0.000000 0.000000 0.000000 0.000000 0.001190 0.004762 0.001190 0.001190 0.001190
0.005952 0.003571 0.005952 0.009524 0.007143 0.011905 0.010714 0.010714 0.008333 0.008333 0.052381 0.015476 0.019048 0.023810 0.009524 0.011905 0.014286 0.022619 0.016667 0.026190 0.032143 0.001190 0.001190 0.000000 0.000000 0.000000 0.002381 0.001190 0.001190 0.002381 0.036905 0.051190 0.026190 0.015476 0.010714 0.001190 0.009524 0.009524 0.000000 0.000000 0.000000 0.000000 0.007143 0.007143 0.004762 0.003571 0.004762 0.008333 0.000000 0.000000 0.000000 0.000000 0.007143 0.000000 0.000000 0.000000 0.000000 0.000000 0.001190 0.000000 0.002381 0.004762 0.000000
0.007143 0.004762 0.004762 0.010714 0.007143 0.011905 0.010714 0.011905 0.054762 0.021429 0.021429 0.017857 0.028571 0.021429 0.008333 0.010714 0.013095 0.016667 0.020238 0.026190 0.007143 0.001190 0.000000 0.004762 0.003571 0.002381 0.001190 0.001190 0.001190 0.003571 0.002381 0.000000 0.000000 0.000000 0.000000 0.000000 0.017857 0.009524 0.009524 0.000000 0.001190 0.007143 0.007143 0.004762 0.002381 0.003571 0.008333 0.008333 0.000000 0.008333 0.008333 0.000000 0.007143 0.000000 0.000000 0.000000 0.000000 0.002381 0.002381 0.001190 0.002381 0.004762 0.000000
0.004762 0.004762 0.009524 0.009524 0.008333 0.008333 0.011905 0.010714 0.028571 0.027381 0.025000 0.033333 0.025000 0.011905 0.014286 0.014286 0.014286 0.014286 0.019048 0.005952 0.004762 0.000000 0.001190 0.000000 0.008333 0.007143 0.000000 0.000000 0.003571 0.002381 0.003571 0.038095 0.035714 0.035714 0.026190 0.035714 0.000000 0.000000 0.007143 0.007143 0.002381 0.007143 0.005952 0.002381 0.002381 0.003571 0.008333 0.000000 0.000000 0.008333 0.008333 0.000000 0.007143 0.000000 0.000000 0.002381 0.002381 0.002381 0.000000 0.001190 0.002381 0.003571 0.000000
0.005952 0.014286 0.015476 0.014286 0.008333 0.014286 0.019048 0.039286 0.036905 0.035714 0.039286 0.030952 0.017857 0.015476 0.017857 0.000000 0.010714 0.015476 0.017857 0.003571 0.002381 0.034524 0.001190 0.002381 0.005952 0.008333 0.001190 0.002381 0.002381 0.001190 0.003571 0.004762 0.002381 0.036905 0.048810 0.000000 0.000000 0.000000 0.000000 0.007143 0.007143 0.001190 0.005952 0.003571 0.002381 0.003571 0.007143 0.000000 0.000000 0.000000 0.009524 0.000000 0.008333 0.000000 0.002381 0.002381 0.002381 0.000000 0.002381 0.002381 0.003571 0.004762 0.000000
0.008333 0.017857 0.019048 0.020238 0.016667 0.016667 0.070238 0.038095 0.045238 0.040476 0.044048 0.040476 0.039286 0.036905 0.039286 0.000000 0.000000 0.014286 0.019048 0.027381 0.033333 0.027381 0.055952 0.001190 0.003571 0.001190 0.008333 0.001190 0.001190 0.041667 0.036905 0.002381 0.034524 0.002381 0.011905 0.000000 0.029762 0.000000 0.000000 0.001190 0.004762 0.005952 0.003571 0.002381 0.002381 0.002381 0.007143 0.000000 0.000000 0.000000 0.010714 0.000000 0.000000 0.002381 0.002381 0.002381 0.001190 0.001190 0.001190 0.002381 0.002381 0.003571 0.002381
0.017857 0.071429 0.019048 0.015476 0.065476 0.042857 0.042857 0.003571 0.051190 0.020238 0.048810 0.014286 0.046429 0.044048 0.016667 0.000000 0.000000 0.015476 0.022619 0.025000 0.033333 0.001190 0.000000 0.000000 0.004762 0.000000 0.003571 0.000000 0.039286 0.038095 0.039286 0.038095 0.032143 0.034524 0.002381 0.046429 0.000000 0.005952 0.000000 0.000000 0.000000 0.000000 0.000000 0.002381 0.002381 0.002381 0.005952 0.007143 0.009524 0.010714 0.000000 0.000000 0.000000 0.000000 0.001190 0.004762 0.000000 0.000000 0.001190 0.002381 0.001190 0.002381 0.000000
0.005952 0.007143 0.048810 0.046429 0.041667 0.047619 0.004762 0.059524 0.053571 0.020238 0.021429 0.015476 0.013095 0.011905 0.014286 0.000000 0.000000 0.000000 0.000000 0.029762 0.055952 0.003571 0.004762 0.004762 0.004762 0.001190 0.000000 0.001190 0.001190 0.000000 0.038095 0.034524 0.030952 0.033333 0.001190 0.008333 0.000000 0.002381 0.003571 0.000000 0.000000 0.000000 0.000000 0.002381 0.002381 0.000000 0.000000 0.009524 0.009524 0.002381 0.013095 0.000000 0.000000 0.003571 0.002381 0.004762 0.002381 0.002381 0.001190 0.000000 0.000000 0.002381 0.000000
0.007143 0.011905 0.050000 0.051190 0.051190 0.047619 0.005952 0.063095 0.052381 0.052381 0.051190 0.019048 0.019048 0.017857 0.020238 0.000000 0.000000 0.000000 0.000000 0.000000 0.058333 0.004762 0.004762 0.063095 0.003571 0.002381 0.001190 0.000000 0.002381 0.038095 0.036905 0.036905 0.011905 0.011905 0.013095 0.010714 0.010714 0.009524 0.005952 0.005952 0.007143 0.000000 0.000000 0.000000 0.000000 0.000000 0.000000 0.008333 0.002381 0.002381 0.013095 0.009524 0.000000 0.004762 0.002381 0.008333 0.001190 0.001190 0.000000 0.000000 0.000000 0.000000 0.000000
0.011905 0.011905 0.004762 0.051190 0.005952 0.008333 0.055952 0.064286 0.003571 0.053571 0.004762 0.021429 0.002381 0.015476 0.015476 0.076190 0.000000 0.000000 0.000000 0.000000 0.064286 0.002381 0.002381 0.003571 0.002381 0.004762 0.004762 0.001190 0.001190 0.001190 0.040476 0.041667 0.003571 0.004762 0.014286 0.003571 0.007143 0.014286 0.000000 0.000000 0.000000 0.000000 0.000000 0.000000 0.000000 0.000000 0.000000 0.000000 0.000000 0.019048 0.002381 0.001190 0.001190 0.001190 0.000000 0.000000 0.000000 0.002381 0.003571 0.001190 0.002381 0.002381 0.008333
