FireSTARR/test/output/NOR/NOR072/2018-07-20_0000/intensity_M_207_2018-07-26.asc
ncols         425
nrows         346
xllcorner     525343.378600
yllcorner     5240402.364000
cellsize      100.000000
NODATA_value  0.000000
[rows 224 to 251 of 346, columns 252 to 314 of 425]
0.022619 0.028571 0.033333 0.030952 0.048810 0.047619 0.000000 0.058333 0.059524 0.051190 0.061905 0.055952 0.048810 0.040476 0.014286 0.030952 0.000000 0.000000 0.000000 0.000000 0.000000 0.003571 0.000000 0.009524 0.005952 0.003571 0.004762 0.005952 0.007143 0.010714 0.047619 0.028571 0.022619 0.017857 0.028571 0.000000 0.022619 0.025000 0.000000 0.000000 0.000000 0.000000 0.000000 0.000000 0.000000 0.000000 0.000000 0.000000 0.000000 0.000000 0.000000 0.000000 0.000000 0.000000 0.000000 0.000000 0.000000 0.000000 0.000000 0.000000 0.000000 0.000000 0.000000
0.025000 0.023810 0.025000 0.023810 0.027381 0.050000 0.047619 0.009524 0.042857 0.010714 0.042857 0.045238 0.040476 0.007143 0.007143 0.004762 0.003571 0.003571 0.003571 0.003571 0.001190 0.002381 0.001190 0.003571 0.000000 0.005952 0.005952 0.008333 0.009524 0.050000 0.033333 0.013095 0.019048 0.019048 0.021429 0.000000 0.021429 0.019048 0.000000 0.000000 0.000000 0.000000 0.000000 0.000000 0.000000 0.000000 0.000000 0.000000 0.000000 0.000000 0.000000 0.000000 0.000000 0.000000 0.000000 0.000000 0.000000 0.000000 0.000000 0.000000 0.000000 0.000000 0.000000
0.022619 0.023810 0.025000 0.017857 0.019048 0.016667 0.019048 0.016667 0.013095 0.020238 0.034524 0.039286 0.035714 0.032143 0.030952 0.028571 0.003571 0.003571 0.001190 0.000000 0.000000 0.001190 0.001190 0.003571 0.000000 0.007143 0.008333 0.009524 0.019048 0.033333 0.016667 0.016667 0.015476 0.015476 0.013095 0.000000 0.004762 0.009524 0.000000 0.000000 0.000000 0.000000 0.000000 0.000000 0.000000 0.000000 0.000000 0.000000 0.000000 0.000000 0.000000 0.000000 0.000000 0.000000 0.001190 0.001190 0.000000 0.000000 0.000000 0.000000 0.000000 0.000000 0.000000
0.020238 0.021429 0.017857 0.015476 0.016667 0.013095 0.017857 0.009524 0.015476 0.015476 0.017857 0.019048 0.029762 0.029762 0.034524 0.028571 0.026190 0.020238 0.002381 0.003571 0.000000 0.001190 0.003571 0.000000 0.005952 0.008333 0.013095 0.014286 0.044048 0.027381 0.011905 0.008333 0.011905 0.013095 0.008333 0.011905 0.014286 0.000000 0.000000 0.000000 0.000000 0.000000 0.000000 0.000000 0.000000 0.000000 0.000000 0.000000 0.000000 0.000000 0.000000 0.000000 0.000000 0.000000 0.000000 0.001190 0.000000 0.001190 0.002381 0.000000 0.000000 0.000000 0.000000
0.032143 0.017857 0.019048 0.019048 0.021429 0.016667 0.013095 0.011905 0.016667 0.011905 0.016667 0.020238 0.027381 0.017857 0.033333 0.026190 0.022619 0.021429 0.016667 0.003571 0.001190 0.003571 0.009524 0.000000 0.000000 0.010714 0.019048 0.017857 0.013095 0.022619 0.010714 0.011905 0.008333 0.005952 0.005952 0.008333 0.009524 0.000000 0.000000 0.000000 0.000000 0.000000 0.000000 0.000000 0.000000 0.000000 0.000000 0.002381 0.002381 0.000000 0.000000 0.000000 0.000000 0.001190 0.000000 0.000000 0.000000 0.001190 0.002381 0.000000 0.000000 0.000000 0.000000
0.026190 0.029762 0.020238 0.019048 0.021429 0.019048 0.011905 0.009524 0.013095 0.015476 0.015476 0.021429 0.028571 0.027381 0.027381 0.019048 0.019048 0.025000 0.016667 0.003571 0.000000 0.005952 0.009524 0.011905 0.015476 0.016667 0.016667 0.016667 0.019048 0.016667 0.010714 0.014286 0.008333 0.008333 0.011905 0.009524 0.009524 0.000000 0.000000 0.000000 0.000000 0.000000 0.000000 0.000000 0.000000 0.003571 0.003571 0.003571 0.001190 0.000000 0.000000 0.000000 0.001190 0.000000 0.000000 0.002381 0.001190 0.002381 0.001190 0.000000 0.000000 0.000000 0.000000
0.060714 0.027381 0.000000 0.015476 0.015476 0.025000 0.016667 0.013095 0.013095 0.021429 0.026190 0.017857 0.023810 0.029762 0.022619 0.021429 0.021429 0.016667 0.014286 0.002381 0.002381 0.008333 0.011905 0.017857 0.013095 0.011905 0.016667 0.013095 0.015476 0.016667 0.014286 0.013095 0.011905 0.008333 0.005952 0.010714 0.015476 0.000000 0.000000 0.000000 0.000000 0.000000 0.000000 0.000000 0.001190 0.002381 0.003571 0.003571 0.002381 0.002381 0.000000 0.000000 0.002381 0.000000 0.000000 0.001190 0.000000 0.001190 0.001190 0.001190 0.000000 0.000000 0.000000
0.059524 0.059524 0.000000 0.009524 0.011905 0.011905 0.020238 0.015476 0.010714 0.020238 0.025000 0.020238 0.021429 0.029762 0.021429 0.023810 0.019048 0.017857 0.010714 0.011905 0.011905 0.010714 0.009524 0.011905 0.017857 0.019048 0.023810 0.014286 0.011905 0.014286 0.017857 0.017857 0.013095 0.013095 0.014286 0.014286 0.015476 0.000000 0.000000 0.000000 0.000000 0.000000 0.000000 0.000000 0.000000 0.001190 0.003571 0.004762 0.004762 0.002381 0.002381 0.002381 0.002381 0.000000 0.000000 0.000000 0.000000 0.000000 0.001190 0.000000 0.000000 0.000000 0.000000
0.019048 0.058333 0.038095 0.011905 0.010714 0.010714 0.017857 0.015476 0.010714 0.028571 0.013095 0.020238 0.023810 0.016667 0.019048 0.017857 0.017857 0.011905 0.009524 0.008333 0.014286 0.016667 0.014286 0.023810 0.023810 0.020238 0.022619 0.021429 0.017857 0.016667 0.010714 0.017857 0.016667 0.011905 0.007143 0.003571 0.010714 0.000000 0.000000 0.000000 0.000000 0.000000 0.000000 0.000000 0.002381 0.002381 0.004762 0.003571 0.004762 0.000000 0.001190 0.001190 0.003571 0.000000 0.000000 0.000000 0.001190 0.000000 0.001190 0.000000 0.000000 0.000000 0.000000
0.022619 0.017857 0.042857 0.016667 0.014286 0.013095 0.015476 0.015476 0.011905 0.020238 0.021429 0.017857 0.021429 0.022619 0.015476 0.016667 0.015476 0.011905 0.011905 0.010714 0.011905 0.014286 0.021429 0.023810 0.022619 0.027381 0.032143 0.030952 0.013095 0.011905 0.013095 0.019048 0.019048 0.015476 0.007143 0.017857 0.016667 0.000000 0.000000 0.000000 0.000000 0.000000 0.000000 0.000000 0.001190 0.003571 0.003571 0.000000 0.000000 0.000000 0.001190 0.001190 0.002381 0.000000 0.000000 0.001190 0.001190 0.001190 0.000000 0.000000 0.000000 0.000000 0.000000
0.025000 0.090476 0.046429 0.000000 0.000000 0.022619 0.023810 0.017857 0.020238 0.022619 0.020238 0.021429 0.016667 0.023810 0.020238 0.017857 0.014286 0.011905 0.013095 0.017857 0.014286 0.015476 0.017857 0.016667 0.025000 0.019048 0.026190 0.021429 0.020238 0.009524 0.020238 0.019048 0.013095 0.015476 0.013095 0.014286 0.011905 0.004762 0.003571 0.000000 0.000000 0.000000 0.000000 0.001190 0.002381 0.001190 0.000000 0.000000 0.000000 0.001190 0.001190 0.001190 0.001190 0.000000 0.001190 0.000000 0.001190 0.001190 0.000000 0.000000 0.000000 0.000000 0.000000
0.021429 0.015476 0.011905 0.000000 0.000000 0.023810 0.030952 0.025000 0.017857 0.017857 0.032143 0.020238 0.019048 0.021429 0.021429 0.015476 0.016667 0.014286 0.015476 0.020238 0.014286 0.014286 0.021429 0.021429 0.022619 0.029762 0.029762 0.029762 0.020238 0.026190 0.020238 0.014286 0.003571 0.007143 0.014286 0.013095 0.013095 0.007143 0.000000 0.000000 0.000000 0.002381 0.002381 0.001190 0.002381 0.002381 0.001190 0.001190 0.001190 0.001190 0.001190 0.001190 0.001190 0.000000 0.001190 0.000000 0.000000 0.000000 0.000000 0.000000 0.000000 0.000000 0.000000
0.027381 0.019048 0.013095 0.014286 0.021429 0.020238 0.029762 0.027381 0.023810 0.026190 0.033333 0.014286 0.020238 0.016667 0.015476 0.019048 0.015476 0.013095 0.011905 0.000000 0.009524 0.016667 0.022619 0.016667 0.025000 0.029762 0.033333 0.030952 0.022619 0.023810 0.016667 0.009524 0.013095 0.009524 0.010714 0.010714 0.007143 0.000000 0.000000 0.004762 0.003571 0.003571 0.002381 0.001190 0.001190 0.002381 0.001190 0.001190 0.001190 0.000000 0.000000 0.001190 0.000000 0.001190 0.001190 0.000000 0.000000 0.000000 0.000000 0.000000 0.000000 0.000000 0.000000
0.029762 0.015476 0.030952 0.019048 0.021429 0.022619 0.027381 0.029762 0.028571 0.030952 0.029762 0.016667 0.020238 0.015476 0.013095 0.016667 0.014286 0.010714 0.011905 0.015476 0.011905 0.019048 0.022619 0.023810 0.030952 0.035714 0.036905 0.032143 0.023810 0.014286 0.021429 0.010714 0.009524 0.004762 0.008333 0.009524 0.000000 0.000000 0.003571 0.004762 0.003571 0.002381 0.003571 0.002381 0.000000 0.000000 0.000000 0.001190 0.000000 0.000000 0.000000 0.001190 0.000000 0.000000 0.000000 0.000000 0.000000 0.000000 0.000000 0.000000 0.000000 0.000000 0.000000
0.034524 0.025000 0.042857 0.019048 0.023810 0.019048 0.027381 0.038095 0.028571 0.029762 0.030952 0.033333 0.015476 0.011905 0.015476 0.017857 0.013095 0.013095 0.013095 0.021429 0.020238 0.023810 0.029762 0.029762 0.036905 0.034524 0.044048 0.028571 0.021429 0.022619 0.005952 0.009524 0.009524 0.008333 0.009524 0.000000 0.014286 0.003571 0.005952 0.005952 0.004762 0.001190 0.002381 0.003571 0.003571 0.000000 0.001190 0.001190 0.000000 0.000000 0.000000 0.001190 0.001190 0.000000 0.000000 0.000000 0.000000 0.000000 0.000000 0.000000 0.000000 0.000000 0.000000
0.032143 0.026190 0.029762 0.027381 0.026190 0.025000 0.029762 0.036905 0.030952 0.030952 0.028571 0.023810 0.015476 0.014286 0.014286 0.015476 0.016667 0.019048 0.019048 0.019048 0.021429 0.026190 0.028571 0.035714 0.033333 0.036905 0.029762 0.021429 0.016667 0.017857 0.005952 0.005952 0.009524 0.010714 0.008333 0.000000 0.008333 0.005952 0.004762 0.007143 0.003571 0.003571 0.003571 0.003571 0.002381 0.001190 0.001190 0.001190 0.000000 0.000000 0.000000 0.001190 0.001190 0.000000 0.000000 0.000000 0.000000 0.000000 0.000000 0.000000 0.000000 0.000000 0.000000
0.076190 0.073810 0.063095 0.064286 0.084524 0.075000 0.039286 0.041667 0.034524 0.034524 0.025000 0.028571 0.020238 0.017857 0.014286 0.015476 0.020238 0.022619 0.027381 0.030952 0.026190 0.028571 0.032143 0.034524 0.036905 0.032143 0.022619 0.023810 0.017857 0.009524 0.007143 0.007143 0.007143 0.007143 0.008333 0.005952 0.005952 0.007143 0.004762 0.002381 0.002381 0.001190 0.002381 0.003571 0.001190 0.001190 0.001190 0.001190 0.000000 0.000000 0.000000 0.000000 0.000000 0.000000 0.000000 0.000000 0.000000 0.000000 0.000000 0.000000 0.000000 0.000000 0.000000
0.082143 0.079762 0.079762 0.055952 0.055952 0.060714 0.034524 0.029762 0.029762 0.028571 0.030952 0.022619 0.021429 0.016667 0.014286 0.023810 0.025000 0.028571 0.000000 0.015476 0.017857 0.027381 0.030952 0.038095 0.032143 0.029762 0.022619 0.023810 0.009524 0.008333 0.008333 0.005952 0.005952 0.004762 0.007143 0.000000 0.000000 0.003571 0.002381 0.003571 0.002381 0.001190 0.001190 0.001190 0.000000 0.000000 0.000000 0.000000 0.000000 0.000000 0.000000 0.000000 0.000000 0.000000 0.000000 0.000000 0.000000 0.000000 0.000000 0.000000 0.000000 0.000000 0.000000
0.025000 0.069048 0.061905 0.041667 0.054762 0.046429 0.050000 0.027381 0.028571 0.054762 0.047619 0.044048 0.025000 0.017857 0.020238 0.029762 0.000000 0.023810 0.019048 0.009524 0.000000 0.027381 0.033333 0.029762 0.027381 0.023810 0.022619 0.021429 0.008333 0.007143 0.005952 0.008333 0.009524 0.007143 0.003571 0.000000 0.002381 0.002381 0.003571 0.002381 0.002381 0.002381 0.001190 0.000000 0.000000 0.000000 0.000000 0.000000 0.000000 0.000000 0.000000 0.000000 0.000000 0.000000 0.000000 0.000000 0.000000 0.000000 0.000000 0.000000 0.000000 0.000000 0.000000
0.032143 0.019048 0.057143 0.057143 0.057143 0.047619 0.039286 0.038095 0.025000 0.034524 0.046429 0.038095 0.030952 0.035714 0.029762 0.029762 0.000000 0.019048 0.011905 0.004762 0.005952 0.020238 0.014286 0.022619 0.023810 0.019048 0.017857 0.015476 0.010714 0.008333 0.007143 0.007143 0.008333 0.007143 0.000000 0.002381 0.000000 0.001190 0.002381 0.001190 0.002381 0.002381 0.001190 0.000000 0.000000 0.000000 0.000000 0.000000 0.000000 0.000000 0.000000 0.000000 0.000000 0.000000 0.000000 0.000000 0.000000 0.000000 0.000000 0.000000 0.000000 0.000000 0.000000
0.027381 0.021429 0.050000 0.034524 0.029762 0.027381 0.026190 0.039286 0.030952 0.042857 0.039286 0.027381 0.023810 0.021429 0.016667 0.030952 0.017857 0.010714 0.003571 0.001190 0.003571 0.013095 0.017857 0.025000 0.019048 0.015476 0.013095 0.008333 0.008333 0.004762 0.007143 0.009524 0.009524 0.005952 0.003571 0.001190 0.001190 0.000000 0.000000 0.000000 0.000000 0.002381 0.002381 0.000000 0.000000 0.000000 0.000000 0.000000 0.000000 0.000000 0.000000 0.000000 0.000000 0.000000 0.000000 0.000000 0.000000 0.000000 0.000000 0.000000 0.000000 0.000000 0.000000
0.039286 0.025000 0.017857 0.036905 0.039286 0.029762 0.041667 0.041667 0.040476 0.025000 0.017857 0.033333 0.017857 0.017857 0.029762 0.025000 0.000000 0.001190 0.001190 0.001190 0.000000 0.010714 0.000000 0.023810 0.015476 0.014286 0.008333 0.007143 0.009524 0.007143 0.008333 0.008333 0.005952 0.007143 0.005952 0.002381 0.001190 0.000000 0.000000 0.000000 0.000000 0.001190 0.000000 0.000000 0.000000 0.000000 0.000000 0.000000 0.000000 0.000000 0.000000 0.000000 0.000000 0.000000 0.000000 0.000000 0.000000 0.000000 0.000000 0.000000 0.000000 0.000000 0.000000
0.026190 0.016667 0.011905 0.041667 0.033333 0.033333 0.038095 0.029762 0.026190 0.020238 0.017857 0.016667 0.019048 0.026190 0.026190 0.022619 0.000000 0.001190 0.001190 0.002381 0.015476 0.000000 0.000000 0.001190 0.011905 0.008333 0.008333 0.008333 0.007143 0.007143 0.005952 0.004762 0.003571 0.005952 0.002381 0.000000 0.001190 0.000000 0.000000 0.000000 0.000000 0.000000 0.000000 0.000000 0.000000 0.000000 0.000000 0.000000 0.000000 0.000000 0.000000 0.000000 0.000000 0.000000 0.000000 0.000000 0.000000 0.000000 0.000000 0.000000 0.000000 0.000000 0.000000
0.029762 0.020238 0.014286 0.050000 0.047619 0.033333 0.029762 0.022619 0.019048 0.000000 0.014286 0.014286 0.021429 0.020238 0.016667 0.015476 0.000000 0.001190 0.000000 0.002381 0.000000 0.000000 0.000000 0.001190 0.005952 0.005952 0.004762 0.004762 0.005952 0.002381 0.002381 0.003571 0.002381 0.003571 0.002381 0.000000 0.000000 0.000000 0.000000 0.000000 0.000000 0.000000 0.000000 0.000000 0.000000 0.000000 0.000000 0.000000 0.000000 0.000000 0.000000 0.000000 0.000000 0.000000 0.000000 0.000000 0.000000 0.000000 0.000000 0.000000 0.000000 0.000000 0.000000
0.032143 0.014286 0.020238 0.048810 0.052381 0.034524 0.033333 0.025000 0.022619 0.000000 0.011905 0.000000 0.000000 0.000000 0.000000 0.000000 0.000000 0.000000 0.000000 0.000000 0.000000 0.000000 0.000000 0.002381 0.005952 0.007143 0.005952 0.004762 0.000000 0.003571 0.001190 0.002381 0.003571 0.003571 0.002381 0.001190 0.000000 0.000000 0.000000 0.000000 0.000000 0.000000 0.000000 0.000000 0.000000 0.000000 0.000000 0.000000 0.000000 0.000000 0.000000 0.000000 0.000000 0.000000 0.000000 0.000000 0.000000 0.000000 0.000000 0.000000 0.000000 0.000000 0.000000
0.033333 0.019048 0.015476 0.017857 0.042857 0.033333 0.025000 0.023810 0.027381 0.000000 0.000000 0.000000 0.000000 0.000000 0.000000 0.000000 0.000000 0.000000 0.000000 0.000000 0.000000 0.000000 0.000000 0.001190 0.004762 0.000000 0.002381 0.000000 0.000000 0.000000 0.003571 0.004762 0.004762 0.002381 0.002381 0.001190 0.000000 0.000000 0.000000 0.000000 0.000000 0.000000 0.000000 0.000000 0.000000 0.000000 0.000000 0.000000 0.000000 0.000000 0.000000 0.000000 0.000000 0.000000 0.000000 0.000000 0.000000 0.000000 0.000000 0.000000 0.000000 0.000000 0.000000
0.029762 0.023810 0.017857 0.025000 0.032143 0.034524 0.022619 0.008333 0.009524 0.000000 0.000000 0.000000 0.000000 0.000000 0.000000 0.000000 0.000000 0.000000 0.000000 0.000000 0.000000 0.000000 0.000000 0.000000 0.000000 0.000000 0.002381 0.000000 0.003571 0.003571 0.004762 0.003571 0.001190 0.001190 0.001190 0.001190 0.000000 0.000000 0.000000 0.000000 0.000000 0.000000 0.000000 0.000000 0.000000 0.000000 0.000000 0.000000 0.000000 0.000000 0.000000 0.000000 0.000000 0.000000 0.000000 0.000000 0.000000 0.000000 0.000000 0.000000 0.000000 0.000000 0.000000
0.020238 0.025000 0.014286 0.042857 0.025000 0.023810 0.023810 0.017857 0.023810 0.000000 0.000000 0.000000 0.000000 0.000000 0.000000 0.000000 0.000000 0.000000 0.000000 0.000000 0.000000 0.000000 0.000000 0.000000 0.000000 0.000000 0.001190 0.002381 0.003571 0.002381 0.003571 0.003571 0.000000 0.000000 0.001190 0.000000 0.000000 0.000000 0.000000 0.000000 0.001190 0.000000 0.000000 0.000000 0.000000 0.000000 0.000000 0.000000 0.000000 0.000000 0.000000 0.000000 0.000000 0.000000 0.000000 0.000000 0.000000 0.000000 0.000000 0.000000 0.000000 0.000000 0.000000
