FireSTARR/test/output/NOR/NOR072/2018-07-20_0000/intensity_L_214_2018-08-02.asc
ncols         501
nrows         461
xllcorner     524143.378600
yllcorner     5235202.364000
cellsize      100.000000
NODATA_value  0.000000
[rows 252 to 279 of 461, columns 315 to 377 of 501]
0.000000 0.000000 1.000000 1.000000 1.000000 0.000000 0.000000 0.000000 0.152381 0.228571 0.238095 0.232143 0.125000 0.154762 0.345238 1.000000 1.000000 1.000000 1.000000 1.000000 1.000000 0.300000 0.271429 0.203571 0.163095 0.177381 0.157143 0.147619 0.097619 0.030952 0.021429 0.021429 0.040476 0.123810 0.040476 0.046429 0.000000 0.000000 0.022619 0.011905 0.013095 0.060714 0.055952 0.066667 0.059524 0.085714 0.142857 0.102381 0.116667 0.035714 0.041667 0.052381 0.045238 0.145238 0.039286 0.017857 0.008333 0.009524 0.011905 0.030952 0.032143 0.038095 0.040476
0.000000 0.000000 1.000000 1.000000 1.000000 0.000000 0.000000 1.000000 0.210714 0.125000 0.198810 0.188095 0.133333 0.120238 0.310714 1.000000 1.000000 1.000000 1.000000 1.000000 1.000000 0.280952 0.186905 0.214286 0.122619 0.155952 0.122619 0.088095 0.048810 0.019048 0.014286 0.000000 0.084524 0.117857 0.046429 0.000000 0.000000 0.019048 0.016667 0.051190 0.011905 0.007143 0.051190 0.052381 0.064286 0.084524 0.101190 0.117857 0.138095 0.025000 0.036905 0.044048 0.040476 0.126190 0.034524 0.016667 0.009524 0.004762 0.010714 0.021429 0.015476 0.017857 0.019048
0.000000 0.000000 0.000000 1.000000 0.000000 0.000000 0.000000 0.177381 0.185714 0.133333 0.202381 0.185714 0.150000 0.094048 0.258333 1.000000 1.000000 1.000000 1.000000 1.000000 1.000000 0.279762 0.207143 0.177381 0.138095 0.107143 0.116667 0.082143 0.041667 0.019048 0.023810 0.000000 0.034524 0.032143 0.039286 0.000000 0.000000 0.017857 0.019048 0.046429 0.051190 0.048810 0.046429 0.050000 0.071429 0.085714 0.092857 0.102381 0.130952 0.133333 0.039286 0.039286 0.044048 0.116667 0.030952 0.019048 0.005952 0.005952 0.007143 0.010714 0.013095 0.014286 0.001190
1.000000 0.000000 0.000000 0.000000 0.000000 0.000000 1.000000 0.253571 0.171429 0.197619 0.196429 0.185714 0.142857 0.082143 0.163095 0.072619 0.150000 1.000000 1.000000 1.000000 1.000000 0.210714 0.126190 0.178571 0.141667 0.128571 0.125000 0.108333 0.051190 0.033333 0.076190 0.088095 0.030952 0.034524 0.000000 0.000000 0.000000 0.017857 0.010714 0.015476 0.015476 0.051190 0.044048 0.039286 0.009524 0.033333 0.088095 0.096429 0.102381 0.120238 0.122619 0.121429 0.114286 0.105952 0.023810 0.013095 0.007143 0.005952 0.009524 0.011905 0.014286 0.000000 0.001190
1.000000 0.000000 0.000000 0.000000 0.000000 1.000000 1.000000 1.000000 0.277381 0.230952 0.157143 0.075000 0.114286 0.061905 0.141667 0.048810 0.073810 0.146429 0.117857 0.213095 0.220238 0.186905 0.116667 0.089286 0.066667 0.130952 0.104762 0.077381 0.070238 0.047619 0.078571 0.032143 0.035714 0.044048 0.000000 0.000000 0.014286 0.019048 0.083333 0.008333 0.009524 0.009524 0.008333 0.009524 0.011905 0.036905 0.042857 0.079762 0.079762 0.095238 0.085714 0.028571 0.017857 0.014286 0.008333 0.004762 0.004762 0.004762 0.016667 0.000000 0.010714 0.010714 0.008333
1.000000 1.000000 0.000000 0.000000 0.000000 1.000000 1.000000 1.000000 0.279762 0.213095 0.134524 0.127381 0.123810 0.052381 0.125000 0.036905 0.050000 0.073810 0.051190 0.059524 0.139286 0.121429 0.090476 0.078571 0.067857 0.065476 0.094048 0.084524 0.073810 0.070238 0.079762 0.029762 0.032143 0.000000 0.000000 0.000000 0.014286 0.016667 0.000000 0.005952 0.010714 0.000000 0.000000 0.000000 0.005952 0.007143 0.040476 0.073810 0.030952 0.066667 0.053571 0.048810 0.023810 0.014286 0.005952 0.003571 0.003571 0.005952 0.014286 0.014286 0.011905 0.013095 0.016667
1.000000 1.000000 1.000000 1.000000 1.000000 1.000000 1.000000 0.263095 0.196429 0.214286 0.109524 0.035714 0.113095 0.053571 0.108333 0.033333 0.036905 0.134524 0.138095 0.080952 0.094048 0.080952 0.072619 0.061905 0.059524 0.057143 0.055952 0.046429 0.042857 0.076190 0.072619 0.027381 0.035714 0.000000 0.000000 0.000000 0.013095 0.000000 0.000000 0.000000 0.000000 0.000000 0.000000 0.000000 0.007143 0.034524 0.029762 0.028571 0.026190 0.032143 0.036905 0.047619 0.041667 0.017857 0.008333 0.007143 0.007143 0.007143 0.011905 0.014286 0.014286 0.014286 0.019048
1.000000 1.000000 1.000000 1.000000 1.000000 1.000000 1.000000 0.264286 0.146429 0.211905 0.147619 0.059524 0.130952 0.051190 0.095238 0.034524 0.041667 0.038095 0.120238 0.027381 0.052381 0.063095 0.066667 0.060714 0.055952 0.000000 0.000000 0.048810 0.051190 0.079762 0.021429 0.025000 0.073810 0.000000 0.000000 0.000000 0.010714 0.000000 0.000000 0.002381 0.003571 0.000000 0.000000 0.002381 0.004762 0.027381 0.026190 0.025000 0.027381 0.029762 0.033333 0.040476 0.041667 0.040476 0.015476 0.009524 0.009524 0.016667 0.021429 0.025000 0.023810 0.020238 0.017857
1.000000 1.000000 1.000000 1.000000 1.000000 1.000000 1.000000 0.280952 0.148810 0.197619 0.076190 0.069048 0.140476 0.054762 0.072619 0.027381 0.021429 0.033333 0.113095 0.028571 0.028571 0.054762 0.057143 0.057143 0.000000 0.000000 0.042857 0.047619 0.044048 0.080952 0.020238 0.075000 0.000000 0.000000 0.000000 0.000000 0.013095 0.000000 0.000000 0.002381 0.002381 0.007143 0.007143 0.004762 0.007143 0.022619 0.021429 0.017857 0.026190 0.026190 0.035714 0.033333 0.009524 0.040476 0.036905 0.034524 0.034524 0.021429 0.025000 0.023810 0.022619 0.023810 0.026190
1.000000 1.000000 1.000000 1.000000 1.000000 1.000000 1.000000 0.275000 0.159524 0.114286 0.091667 0.078571 0.142857 0.057143 0.069048 0.055952 0.026190 0.082143 0.017857 0.019048 0.023810 0.045238 0.053571 0.059524 0.000000 0.048810 0.041667 0.035714 0.030952 0.027381 0.077381 0.000000 0.000000 0.000000 0.000000 0.000000 0.004762 0.002381 0.004762 0.003571 0.001190 0.004762 0.008333 0.008333 0.007143 0.003571 0.017857 0.017857 0.020238 0.026190 0.005952 0.008333 0.007143 0.009524 0.010714 0.003571 0.038095 0.036905 0.023810 0.022619 0.017857 0.029762 0.002381
1.000000 0.289286 1.000000 1.000000 1.000000 1.000000 1.000000 0.275000 0.158333 0.110714 0.094048 0.078571 0.138095 0.057143 0.054762 0.046429 0.058333 0.080952 0.095238 0.015476 0.088095 0.077381 0.046429 0.055952 0.050000 0.048810 0.041667 0.028571 0.030952 0.067857 0.063095 0.000000 0.000000 0.000000 0.000000 0.000000 0.003571 0.002381 0.029762 0.005952 0.005952 0.040476 0.042857 0.042857 0.005952 0.004762 0.022619 0.004762 0.007143 0.008333 0.008333 0.004762 0.004762 0.007143 0.008333 0.002381 0.003571 0.036905 0.004762 0.029762 0.003571 0.001190 0.003571
0.226190 0.220238 0.244048 0.235714 0.177381 0.186905 0.194048 0.235714 0.152381 0.110714 0.090476 0.072619 0.132143 0.054762 0.053571 0.040476 0.042857 0.045238 0.076190 0.082143 0.067857 0.050000 0.055952 0.000000 0.048810 0.045238 0.041667 0.033333 0.060714 0.055952 0.023810 0.000000 0.000000 0.000000 0.000000 0.001190 0.003571 0.030952 0.030952 0.004762 0.005952 0.033333 0.013095 0.041667 0.007143 0.008333 0.009524 0.009524 0.005952 0.005952 0.007143 0.005952 0.008333 0.004762 0.005952 0.005952 0.003571 0.005952 0.008333 0.004762 0.004762 0.001190 0.003571
0.147619 0.128571 0.135714 0.158333 0.089286 0.119048 0.117857 0.054762 0.140476 0.120238 0.094048 0.079762 0.130952 0.000000 0.038095 0.032143 0.029762 0.034524 0.027381 0.048810 0.026190 0.020238 0.016667 0.041667 0.029762 0.033333 0.051190 0.054762 0.053571 0.019048 0.011905 0.000000 0.000000 0.000000 0.000000 0.002381 0.003571 0.005952 0.032143 0.007143 0.005952 0.032143 0.036905 0.039286 0.009524 0.003571 0.005952 0.004762 0.004762 0.004762 0.004762 0.004762 0.007143 0.007143 0.007143 0.005952 0.003571 0.004762 0.029762 0.004762 0.027381 0.030952 0.027381
0.133333 0.111905 0.103571 0.117857 0.070238 0.073810 0.082143 0.050000 0.035714 0.116667 0.108333 0.091667 0.000000 0.000000 0.032143 0.025000 0.027381 0.029762 0.023810 0.052381 0.022619 0.015476 0.016667 0.040476 0.041667 0.044048 0.041667 0.020238 0.013095 0.005952 0.005952 0.000000 0.000000 0.000000 0.000000 0.002381 0.002381 0.030952 0.030952 0.030952 0.030952 0.033333 0.034524 0.003571 0.003571 0.004762 0.003571 0.004762 0.003571 0.029762 0.002381 0.022619 0.004762 0.005952 0.003571 0.004762 0.003571 0.030952 0.027381 0.025000 0.025000 0.004762 0.002381
0.132143 0.108333 0.095238 0.089286 0.050000 0.033333 0.042857 0.034524 0.030952 0.033333 0.111905 0.147619 0.000000 0.004762 0.032143 0.021429 0.021429 0.029762 0.026190 0.055952 0.021429 0.013095 0.011905 0.015476 0.011905 0.011905 0.010714 0.007143 0.004762 0.003571 0.000000 0.000000 0.000000 0.000000 0.000000 0.002381 0.003571 0.032143 0.026190 0.013095 0.027381 0.014286 0.021429 0.004762 0.004762 0.003571 0.002381 0.001190 0.004762 0.007143 0.019048 0.021429 0.016667 0.004762 0.002381 0.003571 0.002381 0.029762 0.010714 0.007143 0.002381 0.003571 0.002381
0.130952 0.125000 0.102381 0.051190 0.038095 0.034524 0.039286 0.035714 0.027381 0.032143 0.092857 0.138095 0.000000 0.005952 0.034524 0.051190 0.034524 0.038095 0.038095 0.061905 0.030952 0.016667 0.010714 0.007143 0.004762 0.003571 0.004762 0.004762 0.003571 0.000000 0.000000 0.000000 0.000000 0.000000 0.000000 0.000000 0.003571 0.004762 0.027381 0.030952 0.030952 0.015476 0.019048 0.001190 0.002381 0.003571 0.001190 0.004762 0.004762 0.003571 0.021429 0.014286 0.004762 0.004762 0.003571 0.002381 0.003571 0.025000 0.011905 0.009524 0.005952 0.003571 0.004762
0.038095 0.123810 0.066667 0.030952 0.035714 0.041667 0.040476 0.041667 0.027381 0.023810 0.147619 0.134524 0.000000 0.000000 0.029762 0.060714 0.063095 0.063095 0.051190 0.060714 0.055952 0.027381 0.014286 0.005952 0.004762 0.004762 0.007143 0.004762 0.000000 0.000000 0.000000 0.000000 0.000000 0.009524 0.000000 0.000000 0.001190 0.001190 0.015476 0.014286 0.014286 0.014286 0.017857 0.002381 0.053571 0.003571 0.003571 0.004762 0.005952 0.007143 0.021429 0.014286 0.004762 0.002381 0.002381 0.002381 0.002381 0.022619 0.020238 0.011905 0.010714 0.005952 0.003571
0.036905 0.033333 0.030952 0.030952 0.038095 0.107143 0.244048 0.000000 0.020238 0.025000 0.050000 0.126190 0.000000 0.035714 0.069048 0.080952 0.078571 0.082143 0.065476 0.048810 0.060714 0.033333 0.015476 0.008333 0.007143 0.007143 0.007143 0.000000 0.000000 0.000000 0.000000 0.000000 0.010714 0.011905 0.013095 0.047619 0.002381 0.013095 0.014286 0.014286 0.019048 0.052381 0.016667 0.005952 0.052381 0.052381 0.003571 0.014286 0.004762 0.015476 0.017857 0.003571 0.000000 0.002381 0.007143 0.035714 0.003571 0.002381 0.021429 0.021429 0.021429 0.007143 0.003571
0.000000 0.030952 0.023810 0.028571 0.030952 0.103571 0.088095 0.215476 0.020238 0.017857 0.045238 0.121429 0.105952 0.088095 0.091667 0.090476 0.011905 0.085714 0.072619 0.053571 0.061905 0.032143 0.014286 0.007143 0.007143 0.010714 0.023810 0.000000 0.004762 0.004762 0.009524 0.014286 0.014286 0.011905 0.013095 0.046429 0.003571 0.002381 0.013095 0.013095 0.015476 0.004762 0.004762 0.008333 0.007143 0.051190 0.008333 0.009524 0.000000 0.009524 0.015476 0.004762 0.000000 0.027381 0.026190 0.002381 0.003571 0.002381 0.001190 0.025000 0.021429 0.007143 0.003571
0.025000 0.038095 0.038095 0.039286 0.096429 0.103571 0.092857 0.073810 0.015476 0.019048 0.036905 0.027381 0.109524 0.022619 0.023810 0.015476 0.010714 0.091667 0.072619 0.052381 0.063095 0.033333 0.015476 0.008333 0.013095 0.020238 0.000000 0.002381 0.008333 0.010714 0.011905 0.011905 0.011905 0.009524 0.005952 0.048810 0.003571 0.003571 0.005952 0.002381 0.002381 0.000000 0.005952 0.005952 0.008333 0.007143 0.046429 0.011905 0.002381 0.013095 0.011905 0.000000 0.003571 0.026190 0.020238 0.004762 0.034524 0.002381 0.022619 0.021429 0.019048 0.013095 0.003571
0.000000 0.041667 0.096429 0.035714 0.028571 0.098810 0.088095 0.076190 0.025000 0.016667 0.033333 0.000000 0.027381 0.019048 0.019048 0.013095 0.011905 0.083333 0.080952 0.052381 0.065476 0.034524 0.021429 0.020238 0.021429 0.023810 0.001190 0.022619 0.002381 0.002381 0.001190 0.000000 0.000000 0.000000 0.002381 0.050000 0.003571 0.002381 0.002381 0.002381 0.002381 0.003571 0.002381 0.002381 0.005952 0.004762 0.003571 0.002381 0.005952 0.007143 0.000000 0.002381 0.023810 0.025000 0.020238 0.025000 0.001190 0.003571 0.025000 0.017857 0.016667 0.013095 0.003571
0.032143 0.104762 0.110714 0.092857 0.097619 0.094048 0.189286 0.182143 0.172619 0.014286 0.164286 0.000000 0.000000 0.021429 0.021429 0.013095 0.013095 0.015476 0.076190 0.069048 0.064286 0.035714 0.028571 0.061905 0.059524 0.000000 0.033333 0.022619 0.002381 0.001190 0.000000 0.000000 0.000000 0.000000 0.004762 0.003571 0.002381 0.002381 0.002381 0.002381 0.002381 0.003571 0.004762 0.032143 0.035714 0.033333 0.003571 0.007143 0.000000 0.000000 0.000000 0.026190 0.021429 0.017857 0.016667 0.016667 0.004762 0.028571 0.021429 0.016667 0.014286 0.011905 0.002381
0.033333 0.102381 0.090476 0.085714 0.088095 0.079762 0.021429 0.169048 0.014286 0.013095 0.016667 0.000000 0.000000 0.015476 0.023810 0.013095 0.014286 0.017857 0.014286 0.066667 0.066667 0.065476 0.064286 0.064286 0.001190 0.060714 0.036905 0.034524 0.036905 0.038095 0.000000 0.001190 0.001190 0.001190 0.002381 0.004762 0.002381 0.004762 0.003571 0.001190 0.003571 0.002381 0.033333 0.032143 0.032143 0.029762 0.028571 0.028571 0.030952 0.000000 0.003571 0.017857 0.021429 0.013095 0.015476 0.016667 0.004762 0.002381 0.001190 0.017857 0.014286 0.007143 0.002381
0.040476 0.089286 0.089286 0.072619 0.065476 0.070238 0.016667 0.169048 0.159524 0.013095 0.013095 0.022619 0.015476 0.016667 0.023810 0.015476 0.015476 0.013095 0.011905 0.017857 0.019048 0.014286 0.009524 0.008333 0.001190 0.058333 0.034524 0.001190 0.035714 0.002381 0.001190 0.000000 0.000000 0.000000 0.003571 0.002381 0.003571 0.003571 0.004762 0.004762 0.002381 0.035714 0.033333 0.025000 0.025000 0.021429 0.026190 0.030952 0.027381 0.000000 0.015476 0.016667 0.016667 0.010714 0.017857 0.019048 0.005952 0.016667 0.017857 0.015476 0.009524 0.002381 0.002381
0.027381 0.020238 0.086905 0.023810 0.000000 0.000000 0.026190 0.021429 0.015476 0.000000 0.015476 0.017857 0.016667 0.013095 0.009524 0.011905 0.014286 0.010714 0.016667 0.016667 0.014286 0.011905 0.011905 0.007143 0.001190 0.058333 0.034524 0.001190 0.002381 0.001190 0.000000 0.001190 0.001190 0.001190 0.001190 0.003571 0.002381 0.002381 0.004762 0.004762 0.004762 0.030952 0.023810 0.023810 0.015476 0.002381 0.014286 0.020238 0.020238 0.013095 0.010714 0.011905 0.011905 0.011905 0.019048 0.001190 0.025000 0.013095 0.011905 0.014286 0.001190 0.002381 0.003571
0.020238 0.017857 0.000000 0.000000 0.000000 0.000000 0.000000 0.117857 0.011905 0.000000 0.015476 0.011905 0.017857 0.011905 0.016667 0.017857 0.013095 0.013095 0.017857 0.015476 0.007143 0.008333 0.011905 0.064286 0.057143 0.060714 0.045238 0.000000 0.001190 0.000000 0.000000 0.002381 0.001190 0.000000 0.001190 0.001190 0.000000 0.002381 0.002381 0.028571 0.029762 0.028571 0.021429 0.021429 0.014286 0.010714 0.011905 0.013095 0.011905 0.010714 0.011905 0.014286 0.014286 0.003571 0.017857 0.000000 0.023810 0.014286 0.015476 0.011905 0.002381 0.003571 0.003571
0.022619 0.000000 0.000000 0.000000 0.000000 0.000000 0.000000 0.017857 0.011905 0.016667 0.008333 0.010714 0.010714 0.000000 0.085714 0.015476 0.014286 0.016667 0.014286 0.008333 0.005952 0.008333 0.065476 0.063095 0.002381 0.002381 0.000000 0.000000 0.000000 0.000000 0.001190 0.002381 0.001190 0.002381 0.001190 0.001190 0.000000 0.000000 0.027381 0.025000 0.020238 0.021429 0.019048 0.015476 0.013095 0.011905 0.003571 0.011905 0.013095 0.013095 0.013095 0.013095 0.001190 0.001190 0.017857 0.000000 0.000000 0.016667 0.014286 0.007143 0.003571 0.005952 0.007143
0.016667 0.000000 0.000000 0.000000 0.000000 0.000000 0.000000 0.014286 0.013095 0.113095 0.109524 0.000000 0.008333 0.000000 0.000000 0.084524 0.005952 0.010714 0.010714 0.005952 0.008333 0.003571 0.002381 0.061905 0.046429 0.002381 0.000000 0.000000 0.000000 0.000000 0.000000 0.001190 0.001190 0.000000 0.002381 0.002381 0.001190 0.001190 0.001190 0.023810 0.023810 0.021429 0.021429 0.019048 0.014286 0.015476 0.013095 0.001190 0.002381 0.010714 0.003571 0.002381 0.000000 0.001190 0.001190 0.001190 0.000000 0.016667 0.015476 0.015476 0.004762 0.008333 0.001190
