FireSTARR/test/output/NOR/NOR072/2018-07-20_0000/intensity_L_203_2018-07-22.asc
ncols         381
nrows         325
xllcorner     527743.378600
yllcorner     5242302.364000
cellsize      100.000000
NODATA_value  0.000000
[rows 112 to 139 of 325, columns 315 to 377 of 381]
0.003571 0.005952 0.005952 0.011905 0.003571 0.061905 0.063095 0.061905 0.058333 0.058333 0.060714 0.003571 0.003571 0.004762 0.001190 0.001190 0.001190 0.088095 0.179762 0.008333 0.007143 0.000000 0.000000 0.000000 0.013095 0.009524 0.010714 0.013095 0.020238 0.004762 0.003571 0.019048 0.017857 0.001190 0.008333 0.010714 0.008333 0.003571 0.007143 0.007143 0.010714 0.009524 0.013095 0.013095 0.044048 0.004762 0.009524 0.005952 0.005952 0.003571 0.005952 0.000000 0.000000 0.000000 0.000000 0.000000 0.000000 0.000000 0.000000 0.000000 0.000000 0.000000 0.000000
0.002381 0.005952 0.011905 0.007143 0.061905 0.005952 0.008333 0.005952 0.026190 0.029762 0.061905 0.061905 0.002381 0.089286 0.090476 0.000000 0.064286 0.072619 0.163095 0.008333 0.005952 0.000000 0.001190 0.007143 0.013095 0.022619 0.003571 0.002381 0.005952 0.023810 0.005952 0.001190 0.003571 0.001190 0.022619 0.011905 0.008333 0.004762 0.004762 0.007143 0.011905 0.014286 0.014286 0.052381 0.007143 0.007143 0.025000 0.016667 0.007143 0.009524 0.003571 0.000000 0.000000 0.000000 0.000000 0.000000 0.000000 0.000000 0.000000 0.000000 0.000000 0.000000 0.000000
0.003571 0.007143 0.010714 0.009524 0.010714 0.013095 0.009524 0.007143 0.003571 0.005952 0.026190 0.059524 0.055952 0.000000 0.002381 0.067857 0.065476 0.001190 0.000000 0.000000 0.000000 0.000000 0.000000 0.019048 0.019048 0.019048 0.004762 0.005952 0.004762 0.028571 0.026190 0.026190 0.008333 0.002381 0.002381 0.013095 0.010714 0.007143 0.004762 0.005952 0.008333 0.016667 0.016667 0.000000 0.002381 0.011905 0.029762 0.023810 0.019048 0.009524 0.000000 0.000000 0.000000 0.000000 0.000000 0.000000 0.000000 0.000000 0.000000 0.000000 0.000000 0.000000 0.000000
0.004762 0.007143 0.010714 0.008333 0.013095 0.009524 0.008333 0.007143 0.003571 0.003571 0.022619 0.025000 0.057143 0.057143 0.005952 0.007143 0.001190 0.000000 0.000000 0.000000 0.001190 0.001190 0.001190 0.021429 0.022619 0.005952 0.007143 0.005952 0.002381 0.033333 0.026190 0.028571 0.008333 0.003571 0.003571 0.004762 0.010714 0.010714 0.005952 0.005952 0.004762 0.011905 0.017857 0.000000 0.007143 0.008333 0.034524 0.032143 0.028571 0.013095 0.000000 0.000000 0.000000 0.002381 0.000000 0.000000 0.000000 0.000000 0.000000 0.000000 0.000000 0.000000 0.000000
0.003571 0.005952 0.000000 0.002381 0.001190 0.014286 0.011905 0.007143 0.005952 0.004762 0.015476 0.019048 0.027381 0.046429 0.007143 0.002381 0.000000 0.000000 0.000000 0.175000 0.001190 0.197619 0.002381 0.021429 0.001190 0.005952 0.003571 0.004762 0.029762 0.046429 0.038095 0.002381 0.004762 0.005952 0.005952 0.025000 0.013095 0.015476 0.011905 0.010714 0.004762 0.009524 0.013095 0.016667 0.004762 0.008333 0.036905 0.038095 0.033333 0.030952 0.034524 0.005952 0.003571 0.002381 0.000000 0.000000 0.000000 0.000000 0.000000 0.000000 0.000000 0.000000 0.000000
0.005952 0.003571 0.009524 0.003571 0.004762 0.008333 0.013095 0.009524 0.004762 0.004762 0.015476 0.025000 0.014286 0.025000 0.005952 0.000000 0.000000 0.000000 0.003571 0.165476 0.145238 0.205952 0.213095 0.010714 0.007143 0.010714 0.004762 0.003571 0.033333 0.044048 0.054762 0.007143 0.005952 0.005952 0.011905 0.010714 0.017857 0.013095 0.015476 0.010714 0.011905 0.007143 0.013095 0.016667 0.002381 0.001190 0.003571 0.009524 0.028571 0.038095 0.005952 0.008333 0.009524 0.003571 0.000000 0.000000 0.000000 0.000000 0.000000 0.000000 0.000000 0.000000 0.000000
0.004762 0.002381 0.002381 0.002381 0.000000 0.005952 0.011905 0.010714 0.021429 0.020238 0.020238 0.016667 0.013095 0.017857 0.000000 0.000000 0.001190 0.000000 0.002381 0.145238 0.121429 0.214286 0.033333 0.014286 0.019048 0.009524 0.019048 0.017857 0.034524 0.052381 0.064286 0.010714 0.011905 0.019048 0.014286 0.014286 0.017857 0.017857 0.017857 0.015476 0.008333 0.013095 0.013095 0.014286 0.004762 0.054762 0.004762 0.002381 0.026190 0.005952 0.005952 0.021429 0.007143 0.000000 0.000000 0.000000 0.000000 0.000000 0.000000 0.000000 0.000000 0.000000 0.000000
0.023810 0.036905 0.035714 0.004762 0.002381 0.004762 0.001190 0.020238 0.020238 0.021429 0.020238 0.019048 0.027381 0.000000 0.000000 0.000000 0.001190 0.001190 0.000000 0.153571 0.208333 0.209524 0.011905 0.013095 0.015476 0.039286 0.034524 0.019048 0.041667 0.055952 0.073810 0.019048 0.042857 0.029762 0.026190 0.039286 0.033333 0.022619 0.016667 0.021429 0.013095 0.010714 0.009524 0.016667 0.003571 0.001190 0.003571 0.025000 0.051190 0.007143 0.007143 0.023810 0.000000 0.000000 0.000000 0.000000 0.000000 0.000000 0.000000 0.000000 0.000000 0.000000 0.000000
0.021429 0.010714 0.038095 0.004762 0.001190 0.002381 0.003571 0.019048 0.015476 0.016667 0.044048 0.041667 0.020238 0.000000 0.001190 0.002381 0.002381 0.003571 0.172619 0.145238 0.209524 0.021429 0.040476 0.014286 0.016667 0.046429 0.047619 0.047619 0.048810 0.055952 0.095238 0.035714 0.092857 0.136905 0.105952 0.064286 0.041667 0.030952 0.016667 0.017857 0.014286 0.007143 0.005952 0.053571 0.005952 0.002381 0.002381 0.020238 0.000000 0.007143 0.033333 0.027381 0.015476 0.000000 0.000000 0.000000 0.000000 0.000000 0.000000 0.000000 0.000000 0.000000 0.000000
0.013095 0.011905 0.035714 0.005952 0.004762 0.002381 0.004762 0.017857 0.013095 0.044048 0.092857 0.094048 0.000000 0.000000 0.002381 0.002381 0.002381 0.008333 0.191667 0.179762 0.204762 0.023810 0.038095 0.019048 0.044048 0.061905 0.075000 0.076190 0.076190 0.095238 0.122619 0.145238 1.000000 1.000000 0.211905 0.144048 0.064286 0.034524 0.020238 0.016667 0.014286 0.007143 0.067857 0.050000 0.005952 0.004762 0.026190 0.015476 0.000000 0.002381 0.033333 0.002381 0.019048 0.001190 0.000000 0.000000 0.000000 0.000000 0.000000 0.000000 0.000000 0.000000 0.000000
0.011905 0.032143 0.033333 0.005952 0.003571 0.000000 0.019048 0.034524 0.085714 0.088095 0.094048 0.004762 0.000000 0.000000 0.003571 0.004762 0.019048 0.017857 0.020238 0.216667 0.226190 0.230952 0.057143 0.057143 0.054762 0.065476 0.022619 0.100000 0.104762 0.134524 0.148810 0.165476 1.000000 1.000000 1.000000 0.216667 0.128571 0.046429 0.029762 0.017857 0.011905 0.010714 0.067857 0.047619 0.046429 0.047619 0.022619 0.011905 0.000000 0.000000 0.004762 0.004762 0.020238 0.011905 0.008333 0.000000 0.000000 0.000000 0.000000 0.000000 0.000000 0.000000 0.000000
0.038095 0.033333 0.035714 0.022619 0.021429 0.004762 0.025000 0.073810 0.086905 0.003571 0.002381 0.005952 0.014286 0.009524 0.021429 0.020238 0.021429 0.026190 0.026190 0.032143 0.025000 0.044048 0.061905 0.061905 0.066667 0.016667 0.016667 0.004762 0.117857 0.138095 0.052381 0.084524 1.000000 1.000000 1.000000 1.000000 0.188095 0.070238 0.026190 0.014286 0.013095 0.013095 0.069048 0.035714 0.034524 0.051190 0.014286 0.001190 0.000000 0.000000 0.002381 0.001190 0.004762 0.007143 0.010714 0.000000 0.000000 0.000000 0.000000 0.000000 0.000000 0.000000 0.000000
0.036905 0.026190 0.026190 0.016667 0.014286 0.002381 0.070238 0.078571 0.005952 0.004762 0.007143 0.009524 0.014286 0.013095 0.021429 0.028571 0.035714 0.042857 0.045238 0.042857 0.046429 0.058333 0.069048 0.010714 0.010714 0.021429 0.025000 0.015476 0.021429 0.038095 0.061905 1.000000 1.000000 1.000000 1.000000 1.000000 1.000000 0.190476 0.210714 0.190476 0.017857 0.114286 0.091667 0.069048 0.069048 0.067857 0.019048 0.000000 0.000000 0.000000 0.003571 0.002381 0.005952 0.003571 0.009524 0.000000 0.000000 0.000000 0.001190 0.000000 0.000000 0.000000 0.000000
0.000000 0.027381 0.000000 0.000000 0.000000 0.000000 0.000000 0.007143 0.007143 0.011905 0.011905 0.014286 0.009524 0.016667 0.029762 0.033333 0.042857 0.060714 0.079762 0.069048 0.078571 0.082143 0.080952 0.010714 0.070238 0.021429 0.150000 0.183333 0.071429 0.053571 1.000000 1.000000 1.000000 1.000000 1.000000 1.000000 1.000000 1.000000 0.232143 0.053571 0.032143 0.019048 0.104762 0.088095 0.009524 0.013095 0.014286 0.001190 0.000000 0.001190 0.004762 0.002381 0.001190 0.004762 0.007143 0.000000 0.000000 0.000000 0.000000 0.000000 0.000000 0.000000 0.000000
0.000000 0.000000 0.000000 0.000000 0.000000 0.000000 0.000000 0.000000 0.004762 0.003571 0.004762 0.004762 0.008333 0.025000 0.029762 0.038095 0.060714 0.084524 0.109524 0.105952 0.105952 0.105952 0.020238 0.009524 0.015476 0.103571 0.146429 1.000000 1.000000 1.000000 1.000000 1.000000 1.000000 1.000000 1.000000 1.000000 1.000000 1.000000 1.000000 0.125000 0.071429 0.133333 0.016667 0.010714 0.013095 0.009524 0.015476 0.001190 0.003571 0.001190 0.001190 0.003571 0.002381 0.004762 0.007143 0.002381 0.000000 0.000000 0.000000 0.000000 0.000000 0.000000 0.000000
0.000000 0.000000 0.000000 0.000000 0.000000 0.000000 0.000000 0.000000 0.000000 0.000000 0.002381 0.007143 0.011905 0.021429 0.027381 0.040476 0.066667 0.110714 0.117857 0.022619 0.022619 0.016667 0.046429 0.009524 0.061905 0.115476 1.000000 1.000000 1.000000 1.000000 1.000000 1.000000 1.000000 1.000000 1.000000 1.000000 1.000000 1.000000 1.000000 1.000000 0.142857 0.048810 0.015476 0.009524 0.009524 0.013095 0.019048 0.002381 0.000000 0.000000 0.001190 0.003571 0.003571 0.003571 0.005952 0.002381 0.000000 0.000000 0.000000 0.000000 0.000000 0.000000 0.000000
0.107143 0.009524 0.000000 0.000000 0.000000 0.000000 0.000000 0.000000 0.000000 0.000000 0.004762 0.004762 0.007143 0.017857 0.032143 0.039286 0.046429 0.000000 0.088095 0.058333 0.083333 0.078571 0.019048 0.061905 1.000000 1.000000 1.000000 1.000000 1.000000 1.000000 1.000000 1.000000 1.000000 1.000000 1.000000 1.000000 1.000000 1.000000 1.000000 1.000000 0.113095 0.047619 0.025000 0.004762 0.013095 0.009524 0.017857 0.004762 0.000000 0.001190 0.000000 0.002381 0.002381 0.003571 0.002381 0.003571 0.001190 0.000000 0.000000 0.000000 0.000000 0.000000 0.000000
0.136905 0.016667 0.034524 0.048810 0.046429 0.000000 0.000000 0.000000 0.000000 0.000000 0.000000 0.000000 0.010714 0.010714 0.000000 0.000000 0.000000 0.000000 1.000000 1.000000 1.000000 0.134524 0.073810 1.000000 1.000000 1.000000 1.000000 1.000000 1.000000 1.000000 0.000000 1.000000 1.000000 1.000000 1.000000 1.000000 1.000000 1.000000 1.000000 1.000000 1.000000 0.039286 0.005952 0.002381 0.007143 0.004762 0.005952 0.004762 0.003571 0.001190 0.000000 0.002381 0.002381 0.001190 0.002381 0.000000 0.001190 0.000000 0.001190 0.000000 0.000000 0.000000 0.000000
0.080952 0.033333 0.060714 1.000000 1.000000 0.107143 0.000000 0.000000 0.000000 0.000000 0.000000 0.000000 0.000000 0.000000 0.000000 1.000000 1.000000 1.000000 1.000000 1.000000 1.000000 0.145238 1.000000 1.000000 1.000000 1.000000 1.000000 1.000000 1.000000 1.000000 0.000000 1.000000 1.000000 1.000000 1.000000 1.000000 1.000000 1.000000 1.000000 1.000000 1.000000 0.113095 0.107143 0.002381 0.003571 0.007143 0.004762 0.000000 0.000000 0.000000 0.000000 0.000000 0.000000 0.002381 0.001190 0.001190 0.000000 0.001190 0.001190 0.001190 0.000000 0.000000 0.000000
1.000000 0.265476 1.000000 1.000000 1.000000 1.000000 0.000000 0.000000 0.000000 0.000000 0.000000 0.000000 0.000000 0.000000 1.000000 1.000000 1.000000 1.000000 1.000000 1.000000 1.000000 1.000000 1.000000 1.000000 1.000000 1.000000 1.000000 1.000000 1.000000 1.000000 0.000000 1.000000 1.000000 1.000000 1.000000 1.000000 1.000000 1.000000 1.000000 1.000000 1.000000 0.102381 0.005952 0.004762 0.003571 0.005952 0.004762 0.003571 0.000000 0.000000 0.000000 0.000000 0.000000 0.000000 0.001190 0.001190 0.000000 0.001190 0.001190 0.000000 0.000000 0.000000 0.000000
1.000000 1.000000 1.000000 1.000000 1.000000 1.000000 1.000000 0.000000 0.000000 0.000000 0.000000 0.000000 1.000000 1.000000 1.000000 1.000000 1.000000 1.000000 1.000000 1.000000 1.000000 1.000000 1.000000 1.000000 1.000000 1.000000 1.000000 1.000000 1.000000 1.000000 1.000000 1.000000 1.000000 1.000000 1.000000 1.000000 1.000000 1.000000 1.000000 1.000000 1.000000 0.103571 0.002381 0.004762 0.005952 0.003571 0.005952 0.000000 0.000000 0.000000 0.000000 0.000000 0.000000 0.000000 0.002381 0.002381 0.000000 0.001190 0.001190 0.001190 0.001190 0.000000 0.000000
1.000000 1.000000 1.000000 1.000000 1.000000 1.000000 1.000000 1.000000 0.000000 0.000000 1.000000 1.000000 1.000000 1.000000 1.000000 1.000000 1.000000 1.000000 0.000000 1.000000 1.000000 1.000000 1.000000 1.000000 1.000000 1.000000 1.000000 1.000000 1.000000 1.000000 1.000000 1.000000 1.000000 1.000000 1.000000 1.000000 1.000000 1.000000 1.000000 1.000000 1.000000 0.109524 0.000000 0.004762 0.003571 0.005952 0.005952 0.003571 0.000000 0.000000 0.000000 0.000000 0.008333 0.000000 0.001190 0.002381 0.001190 0.000000 0.001190 0.001190 0.001190 0.001190 0.000000
1.000000 1.000000 1.000000 1.000000 1.000000 1.000000 1.000000 1.000000 0.000000 1.000000 1.000000 1.000000 0.000000 1.000000 1.000000 1.000000 0.000000 1.000000 0.000000 1.000000 1.000000 1.000000 1.000000 1.000000 1.000000 1.000000 1.000000 1.000000 1.000000 1.000000 1.000000 1.000000 1.000000 1.000000 1.000000 1.000000 1.000000 1.000000 1.000000 1.000000 1.000000 0.121429 0.002381 0.002381 0.003571 0.004762 0.007143 0.009524 0.000000 0.000000 0.000000 0.000000 0.022619 0.011905 0.003571 0.002381 0.002381 0.002381 0.003571 0.002381 0.001190 0.001190 0.001190
1.000000 1.000000 1.000000 1.000000 1.000000 1.000000 1.000000 1.000000 1.000000 1.000000 1.000000 1.000000 0.000000 0.000000 0.000000 0.000000 0.000000 0.000000 0.000000 1.000000 1.000000 1.000000 1.000000 1.000000 1.000000 1.000000 1.000000 1.000000 1.000000 1.000000 1.000000 1.000000 1.000000 1.000000 1.000000 1.000000 1.000000 1.000000 1.000000 1.000000 1.000000 0.215476 0.001190 0.001190 0.005952 0.002381 0.007143 0.007143 0.000000 0.000000 0.000000 0.000000 0.026190 0.030952 0.001190 0.001190 0.002381 0.002381 0.002381 0.002381 0.003571 0.000000 0.001190
1.000000 1.000000 1.000000 1.000000 1.000000 1.000000 1.000000 1.000000 1.000000 1.000000 1.000000 1.000000 0.000000 0.000000 0.000000 0.000000 0.000000 0.000000 0.000000 1.000000 1.000000 1.000000 1.000000 1.000000 1.000000 1.000000 1.000000 1.000000 1.000000 1.000000 1.000000 1.000000 1.000000 1.000000 1.000000 1.000000 1.000000 1.000000 1.000000 1.000000 1.000000 0.227381 0.183333 0.003571 0.004762 0.007143 0.008333 0.005952 0.000000 0.000000 0.000000 0.000000 0.001190 0.029762 0.000000 0.000000 0.001190 0.001190 0.003571 0.003571 0.003571 0.001190 0.001190
1.000000 1.000000 1.000000 1.000000 1.000000 1.000000 1.000000 1.000000 1.000000 1.000000 1.000000 1.000000 1.000000 0.000000 1.000000 1.000000 1.000000 0.000000 0.000000 1.000000 1.000000 1.000000 1.000000 1.000000 1.000000 1.000000 1.000000 1.000000 1.000000 1.000000 1.000000 1.000000 1.000000 1.000000 1.000000 1.000000 1.000000 1.000000 1.000000 1.000000 1.000000 0.125000 0.200000 0.003571 0.003571 0.011905 0.008333 0.005952 0.000000 0.001190 0.000000 0.001190 0.000000 0.025000 0.005952 0.000000 0.001190 0.001190 0.001190 0.000000 0.000000 0.001190 0.001190
1.000000 1.000000 1.000000 1.000000 1.000000 1.000000 1.000000 1.000000 1.000000 1.000000 1.000000 1.000000 1.000000 1.000000 1.000000 1.000000 0.000000 0.000000 0.000000 1.000000 1.000000 1.000000 1.000000 1.000000 1.000000 1.000000 1.000000 1.000000 1.000000 1.000000 1.000000 1.000000 1.000000 1.000000 1.000000 1.000000 0.000000 0.000000 1.000000 1.000000 1.000000 0.113095 0.186905 0.008333 0.004762 0.004762 0.008333 0.005952 0.003571 0.002381 0.000000 0.000000 0.000000 0.027381 0.026190 0.001190 0.001190 0.001190 0.001190 0.000000 0.000000 0.000000 0.001190
1.000000 1.000000 1.000000 1.000000 1.000000 1.000000 1.000000 1.000000 1.000000 1.000000 1.000000 1.000000 1.000000 1.000000 1.000000 1.000000 1.000000 0.000000 0.000000 0.000000 1.000000 1.000000 1.000000 1.000000 1.000000 1.000000 1.000000 1.000000 1.000000 1.000000 1.000000 1.000000 1.000000 1.000000 1.000000 1.000000 0.000000 0.000000 0.000000 1.000000 0.101190 0.086905 0.051190 0.023810 0.009524 0.003571 0.008333 0.004762 0.003571 0.001190 0.003571 0.000000 0.001190 0.000000 0.027381 0.003571 0.000000 0.002381 0.002381 0.002381 0.001190 0.000000 0.001190
