FireSTARR/test/output/NOR/NOR072/2018-07-20_0000/intensity_L_203_2018-07-22.asc
ncols         381
nrows         325
xllcorner     527743.378600
yllcorner     5242302.364000
cellsize      100.000000
NODATA_value  0.000000
[rows 140 to 167 of 325, columns 189 to 251 of 381]
0.035714 0.002381 0.020238 0.005952 0.010714 0.011905 0.028571 0.023810 0.025000 0.033333 0.033333 0.010714 0.011905 0.000000 0.013095 0.034524 0.035714 0.044048 0.045238 0.044048 0.116667 0.000000 0.139286 0.028571 0.114286 0.121429 0.125000 0.127381 0.107143 0.161905 0.022619 0.033333 0.010714 0.014286 0.019048 0.003571 0.003571 0.003571 0.005952 0.000000 0.005952 0.050000 0.003571 0.284524 0.269048 0.298810 0.004762 0.003571 0.005952 0.002381 0.002381 0.005952 0.004762 0.030952 0.021429 0.010714 0.000000 0.000000 0.000000 0.010714 0.005952 0.159524 0.182143
0.039286 0.002381 0.094048 0.001190 0.010714 0.017857 0.039286 0.045238 0.052381 0.054762 0.033333 0.026190 0.016667 0.015476 0.041667 0.045238 0.058333 0.010714 0.017857 0.055952 0.050000 0.061905 0.089286 0.020238 0.129762 0.142857 0.133333 0.144048 0.152381 0.164286 0.170238 0.023810 0.030952 0.011905 0.009524 0.002381 0.003571 0.005952 0.000000 0.000000 0.004762 0.002381 0.007143 0.307143 0.311905 0.314286 0.008333 0.007143 0.005952 0.003571 0.005952 0.008333 0.007143 0.001190 0.014286 0.015476 0.007143 0.007143 0.002381 0.000000 0.211905 0.227381 0.238095
0.008333 0.005952 0.097619 0.000000 0.016667 0.025000 0.067857 0.066667 0.076190 0.080952 0.080952 0.075000 0.055952 0.014286 0.052381 0.060714 0.066667 0.020238 0.016667 0.016667 0.016667 0.084524 0.028571 0.126190 0.148810 0.178571 0.164286 0.153571 0.015476 0.019048 0.021429 0.020238 0.029762 0.029762 0.008333 0.008333 0.003571 0.008333 0.007143 0.000000 0.003571 0.003571 0.005952 0.004762 0.004762 0.003571 0.007143 0.010714 0.007143 0.009524 0.010714 0.013095 0.009524 0.022619 0.007143 0.007143 0.007143 0.008333 0.001190 0.000000 0.250000 0.240476 0.002381
0.002381 0.098810 0.002381 0.010714 0.025000 0.026190 0.030952 0.085714 0.090476 0.092857 0.086905 0.091667 0.086905 0.022619 0.025000 0.071429 0.020238 0.021429 0.022619 0.023810 0.020238 0.021429 0.030952 0.019048 0.045238 0.028571 0.136905 0.160714 0.155952 0.021429 0.011905 0.027381 0.029762 0.013095 0.008333 0.008333 0.013095 0.008333 0.305952 0.004762 0.004762 0.003571 0.008333 0.004762 0.005952 0.005952 0.003571 0.005952 0.313095 0.008333 0.007143 0.000000 0.020238 0.011905 0.010714 0.002381 0.002381 0.004762 0.002381 0.001190 0.000000 0.235714 0.002381
0.007143 0.002381 0.003571 0.001190 0.046429 0.003571 0.002381 0.005952 0.005952 0.003571 0.003571 0.007143 0.088095 0.078571 0.025000 0.064286 0.060714 0.002381 0.003571 0.017857 0.015476 0.022619 0.027381 0.011905 0.030952 0.236905 0.003571 0.003571 0.028571 0.017857 0.017857 0.022619 0.004762 0.028571 0.034524 0.003571 0.004762 0.004762 0.001190 0.002381 0.002381 0.003571 0.007143 0.003571 0.005952 0.007143 0.004762 0.011905 0.322619 0.014286 0.009524 0.025000 0.022619 0.023810 0.015476 0.005952 0.009524 0.008333 0.010714 0.009524 0.011905 0.013095 0.011905
0.001190 0.044048 0.029762 0.021429 0.032143 0.048810 0.061905 0.076190 0.007143 0.027381 0.002381 0.101190 0.097619 0.086905 0.073810 0.067857 0.065476 0.001190 0.001190 0.001190 0.003571 0.002381 0.001190 0.001190 0.145238 0.000000 0.002381 0.002381 0.028571 0.027381 0.025000 0.022619 0.007143 0.029762 0.030952 0.003571 0.004762 0.007143 0.002381 0.003571 0.003571 0.003571 0.011905 0.005952 0.007143 0.004762 0.008333 0.000000 0.004762 0.011905 0.005952 0.004762 0.004762 0.030952 0.023810 0.011905 0.005952 0.011905 0.014286 0.011905 0.013095 0.011905 0.009524
0.000000 0.011905 0.011905 0.016667 0.044048 0.045238 0.053571 0.080952 0.026190 0.025000 0.002381 0.113095 0.098810 0.101190 0.080952 0.065476 0.063095 0.054762 0.041667 0.052381 0.064286 0.129762 0.126190 0.001190 0.000000 0.000000 0.000000 0.003571 0.003571 0.002381 0.003571 0.003571 0.002381 0.030952 0.007143 0.004762 0.003571 0.007143 0.004762 0.007143 0.003571 0.007143 0.014286 0.317857 0.009524 0.000000 0.007143 0.001190 0.004762 0.004762 0.013095 0.007143 0.008333 0.041667 0.028571 0.025000 0.011905 0.016667 0.003571 0.002381 0.009524 0.010714 0.011905
0.008333 0.014286 0.021429 0.026190 0.025000 0.069048 0.072619 0.108333 0.030952 0.034524 0.033333 0.005952 0.001190 0.003571 0.134524 0.016667 0.019048 0.061905 0.042857 0.027381 0.022619 0.036905 0.001190 0.048810 0.000000 0.000000 0.000000 0.000000 0.002381 0.001190 0.002381 0.002381 0.005952 0.030952 0.027381 0.003571 0.004762 0.009524 0.004762 0.001190 0.002381 0.300000 0.015476 0.321429 0.005952 0.009524 0.009524 0.003571 0.003571 0.004762 0.010714 0.011905 0.010714 0.042857 0.035714 0.022619 0.017857 0.016667 0.005952 0.003571 0.015476 0.009524 0.008333
0.011905 0.019048 0.025000 0.032143 0.023810 0.025000 0.030952 0.032143 0.040476 0.041667 0.034524 0.000000 0.002381 0.000000 0.011905 0.019048 0.026190 0.060714 0.051190 0.041667 0.027381 0.038095 0.038095 0.033333 0.000000 0.000000 0.000000 0.000000 0.000000 0.003571 0.002381 0.001190 0.026190 0.004762 0.003571 0.283333 0.003571 0.005952 0.007143 0.004762 0.007143 0.009524 0.022619 0.322619 0.004762 0.005952 0.005952 0.004762 0.007143 0.007143 0.017857 0.015476 0.015476 0.014286 0.034524 0.025000 0.021429 0.017857 0.005952 0.004762 0.005952 0.015476 0.003571
0.014286 0.020238 0.036905 0.042857 0.028571 0.040476 0.026190 0.036905 0.047619 0.038095 0.001190 0.164286 0.148810 0.000000 0.010714 0.013095 0.065476 0.069048 0.066667 0.035714 0.023810 0.033333 0.023810 0.039286 0.000000 0.000000 0.000000 0.000000 0.004762 0.002381 0.002381 0.291667 0.004762 0.004762 0.004762 0.003571 0.003571 0.008333 0.007143 0.008333 0.008333 0.013095 0.320238 0.332143 0.011905 0.015476 0.014286 0.007143 0.009524 0.017857 0.007143 0.017857 0.017857 0.008333 0.042857 0.036905 0.019048 0.008333 0.009524 0.005952 0.008333 0.007143 0.007143
0.017857 0.027381 0.039286 0.032143 0.036905 0.101190 0.034524 0.044048 0.039286 0.003571 0.001190 0.001190 0.000000 0.002381 0.014286 0.017857 0.014286 0.071429 0.014286 0.028571 0.042857 0.035714 0.017857 0.011905 0.000000 0.000000 0.000000 0.000000 0.000000 0.001190 0.002381 0.002381 0.003571 0.001190 0.004762 0.003571 0.002381 0.296429 0.009524 0.009524 0.067857 0.011905 0.007143 0.005952 0.009524 0.017857 0.017857 0.004762 0.020238 0.019048 0.010714 0.011905 0.004762 0.008333 0.045238 0.038095 0.027381 0.010714 0.007143 0.008333 0.022619 0.017857 0.005952
0.021429 0.033333 0.108333 0.032143 0.108333 0.107143 0.035714 0.047619 0.001190 0.002381 0.004762 0.005952 0.003571 0.007143 0.020238 0.017857 0.015476 0.003571 0.013095 0.025000 0.034524 0.039286 0.021429 0.011905 0.003571 0.000000 0.000000 0.000000 0.000000 0.004762 0.002381 0.004762 0.004762 0.291667 0.003571 0.002381 0.002381 0.004762 0.003571 0.007143 0.009524 0.072619 0.007143 0.005952 0.007143 0.009524 0.007143 0.008333 0.008333 0.007143 0.010714 0.011905 0.007143 0.007143 0.052381 0.063095 0.013095 0.010714 0.010714 0.019048 0.011905 0.023810 0.017857
0.078571 0.084524 0.029762 0.038095 0.108333 0.002381 0.008333 0.041667 0.041667 0.007143 0.004762 0.002381 0.000000 0.125000 0.013095 0.013095 0.001190 0.001190 0.008333 0.005952 0.030952 0.020238 0.000000 0.000000 0.000000 0.000000 0.000000 0.000000 0.000000 0.002381 0.003571 0.004762 0.003571 0.001190 0.001190 0.002381 0.003571 0.005952 0.003571 0.003571 0.004762 0.070238 0.069048 0.005952 0.007143 0.009524 0.009524 0.008333 0.015476 0.007143 0.025000 0.016667 0.005952 0.013095 0.016667 0.072619 0.055952 0.013095 0.019048 0.009524 0.023810 0.025000 0.027381
0.086905 0.085714 0.027381 0.029762 0.002381 0.169048 0.004762 0.038095 0.034524 0.009524 0.005952 0.000000 0.000000 0.002381 0.013095 0.003571 0.001190 0.002381 0.005952 0.008333 0.021429 0.000000 0.000000 0.000000 0.000000 0.000000 0.000000 0.000000 0.000000 0.002381 0.273810 0.002381 0.002381 0.003571 0.003571 0.005952 0.016667 0.007143 0.013095 0.004762 0.008333 0.013095 0.071429 0.069048 0.007143 0.013095 0.010714 0.004762 0.002381 0.002381 0.030952 0.020238 0.016667 0.021429 0.020238 0.094048 0.094048 0.042857 0.029762 0.023810 0.028571 0.038095 0.041667
0.001190 0.084524 0.002381 0.034524 0.001190 0.169048 0.004762 0.040476 0.022619 0.007143 0.003571 0.002381 0.004762 0.011905 0.008333 0.007143 0.129762 0.005952 0.009524 0.011905 0.000000 0.000000 0.000000 0.000000 0.000000 0.000000 0.030952 0.072619 0.172619 0.005952 0.004762 0.004762 0.002381 0.002381 0.279762 0.007143 0.004762 0.007143 0.005952 0.326190 0.013095 0.058333 0.050000 0.013095 0.083333 0.010714 0.010714 0.005952 0.017857 0.021429 0.011905 0.022619 0.015476 0.030952 0.023810 0.034524 0.101190 0.051190 0.039286 0.040476 0.014286 0.014286 0.042857
0.176190 0.003571 0.005952 0.030952 0.001190 0.003571 0.001190 0.038095 0.014286 0.000000 0.202381 0.002381 0.000000 0.000000 0.000000 0.000000 0.011905 0.011905 0.020238 0.000000 0.000000 0.000000 0.000000 0.000000 0.000000 0.000000 0.034524 0.077381 0.178571 0.180952 0.003571 0.276190 0.277381 0.002381 0.004762 0.002381 0.005952 0.025000 0.005952 0.326190 0.015476 0.063095 0.011905 0.009524 0.009524 0.027381 0.010714 0.005952 0.003571 0.004762 0.011905 0.017857 0.338095 0.022619 0.033333 0.045238 0.113095 0.071429 0.057143 0.064286 0.063095 0.026190 0.060714
0.000000 0.000000 0.001190 0.028571 0.001190 0.001190 0.032143 0.042857 0.000000 0.000000 0.000000 0.000000 0.000000 0.003571 0.004762 0.007143 0.014286 0.014286 0.000000 0.000000 0.000000 0.000000 0.000000 0.000000 0.008333 0.021429 0.053571 0.161905 0.175000 0.008333 0.005952 0.005952 0.007143 0.004762 0.286905 0.003571 0.007143 0.029762 0.003571 0.323810 0.015476 0.070238 0.008333 0.013095 0.010714 0.013095 0.019048 0.009524 0.003571 0.008333 0.022619 0.029762 0.034524 0.048810 0.065476 0.096429 0.167857 0.130952 0.085714 0.073810 0.027381 0.022619 0.020238
0.000000 0.004762 0.004762 0.025000 0.001190 0.004762 0.020238 0.000000 0.000000 0.000000 0.000000 0.003571 0.002381 0.005952 0.004762 0.007143 0.010714 0.014286 0.000000 0.000000 0.000000 0.000000 0.000000 0.000000 0.011905 0.026190 0.066667 0.169048 0.008333 0.008333 0.007143 0.003571 0.008333 0.005952 0.005952 0.291667 0.296429 0.028571 0.027381 0.032143 0.009524 0.057143 0.064286 0.011905 0.017857 0.015476 0.020238 0.021429 0.020238 0.016667 0.053571 0.073810 0.072619 1.000000 1.000000 1.000000 0.158333 0.092857 0.142857 0.098810 0.030952 0.023810 0.022619
0.000000 0.194048 0.003571 0.025000 0.022619 0.016667 0.195238 0.201190 0.010714 0.009524 0.000000 0.002381 0.000000 0.000000 0.011905 0.011905 0.011905 0.015476 0.004762 0.000000 0.000000 0.000000 0.000000 0.009524 0.016667 0.053571 0.153571 0.163095 0.007143 0.005952 0.009524 0.004762 0.004762 0.003571 0.008333 0.004762 0.003571 0.028571 0.030952 0.029762 0.041667 0.060714 0.069048 0.011905 0.085714 0.097619 0.032143 0.028571 0.028571 0.048810 0.065476 1.000000 1.000000 1.000000 1.000000 1.000000 1.000000 0.142857 0.082143 0.038095 0.029762 0.027381 0.039286
0.000000 0.000000 0.004762 0.007143 0.017857 0.008333 0.013095 0.016667 0.014286 0.013095 0.000000 0.003571 0.007143 0.008333 0.007143 0.011905 0.008333 0.009524 0.000000 0.000000 0.000000 0.000000 0.000000 0.017857 0.034524 0.136905 0.159524 0.004762 0.007143 0.002381 0.007143 0.004762 0.007143 0.005952 0.009524 0.009524 0.007143 0.004762 0.033333 0.028571 0.004762 0.050000 0.073810 0.009524 0.091667 0.009524 0.008333 0.009524 0.042857 0.058333 0.092857 1.000000 1.000000 1.000000 1.000000 1.000000 1.000000 0.148810 0.101190 0.063095 0.010714 0.035714 0.057143
0.000000 0.002381 0.002381 0.019048 0.013095 0.009524 0.009524 0.020238 0.015476 0.017857 0.010714 0.005952 0.008333 0.007143 0.011905 0.013095 0.011905 0.000000 0.000000 0.000000 0.000000 0.000000 0.000000 0.077381 0.107143 0.140476 0.015476 0.004762 0.007143 0.001190 0.004762 0.003571 0.175000 0.008333 0.010714 0.013095 0.007143 0.004762 0.004762 0.008333 0.003571 0.335714 0.075000 0.107143 0.010714 0.007143 0.011905 0.021429 0.036905 0.078571 1.000000 1.000000 1.000000 1.000000 1.000000 1.000000 1.000000 1.000000 0.113095 0.053571 0.017857 0.025000 0.063095
0.002381 0.001190 0.000000 0.001190 0.010714 0.014286 0.010714 0.014286 0.021429 0.017857 0.009524 0.002381 0.000000 0.000000 0.008333 0.009524 0.003571 0.000000 0.000000 0.000000 0.000000 0.000000 0.000000 0.014286 0.121429 0.013095 0.015476 0.004762 0.004762 0.001190 0.003571 0.008333 0.171429 0.180952 0.200000 0.010714 0.005952 0.004762 0.005952 0.005952 0.010714 0.329762 0.095238 0.098810 0.011905 0.014286 0.026190 0.041667 0.063095 1.000000 1.000000 1.000000 1.000000 1.000000 1.000000 1.000000 1.000000 1.000000 0.116667 0.057143 0.023810 0.038095 0.047619
0.040476 0.000000 0.000000 0.001190 0.000000 0.010714 0.010714 0.014286 0.022619 0.015476 0.002381 0.002381 0.001190 0.001190 0.008333 0.007143 0.000000 0.000000 0.000000 0.000000 0.008333 0.011905 0.020238 0.017857 0.026190 0.020238 0.020238 0.200000 0.204762 0.002381 0.010714 0.004762 0.092857 0.083333 0.198810 0.011905 0.005952 0.003571 0.007143 0.007143 0.009524 0.009524 0.008333 0.095238 0.010714 0.016667 0.023810 0.078571 1.000000 1.000000 1.000000 1.000000 1.000000 1.000000 1.000000 1.000000 1.000000 1.000000 0.116667 0.066667 0.027381 0.035714 0.063095
0.001190 0.001190 0.000000 0.000000 0.008333 0.009524 0.007143 0.015476 0.015476 0.020238 0.020238 0.003571 0.002381 0.004762 0.008333 0.011905 0.004762 0.000000 0.002381 0.004762 0.010714 0.011905 0.016667 0.015476 0.014286 0.009524 0.023810 0.022619 0.000000 0.178571 0.003571 0.103571 0.076190 0.092857 0.190476 0.005952 0.005952 0.005952 0.007143 0.007143 0.010714 0.009524 0.010714 0.082143 0.014286 0.007143 0.016667 0.063095 1.000000 1.000000 1.000000 1.000000 1.000000 1.000000 1.000000 1.000000 1.000000 1.000000 0.086905 0.058333 0.022619 0.028571 0.000000
0.003571 0.002381 0.001190 0.001190 0.007143 0.007143 0.011905 0.011905 0.017857 0.019048 0.019048 0.245238 0.007143 0.005952 0.009524 0.010714 0.001190 0.001190 0.002381 0.009524 0.011905 0.015476 0.017857 0.011905 0.011905 0.008333 0.015476 0.026190 0.022619 0.001190 0.002381 0.115476 0.067857 0.111905 0.182143 0.286905 0.298810 0.004762 0.008333 0.010714 0.008333 0.010714 0.017857 0.080952 0.100000 0.010714 0.016667 0.046429 1.000000 1.000000 1.000000 1.000000 1.000000 1.000000 1.000000 1.000000 1.000000 1.000000 0.101190 0.069048 0.175000 0.057143 0.000000
0.030952 0.002381 0.001190 0.000000 0.007143 0.008333 0.011905 0.019048 0.020238 0.015476 0.010714 0.026190 0.013095 0.013095 0.009524 0.001190 0.001190 0.002381 0.002381 0.001190 0.017857 0.015476 0.011905 0.009524 0.010714 0.010714 0.010714 0.009524 0.016667 0.101190 0.117857 0.176190 0.169048 0.185714 0.273810 0.292857 0.020238 0.019048 0.005952 0.011905 0.323810 0.008333 0.083333 0.090476 0.014286 0.025000 0.016667 0.053571 1.000000 1.000000 1.000000 1.000000 1.000000 1.000000 1.000000 1.000000 1.000000 1.000000 1.000000 1.000000 1.000000 1.000000 1.000000
0.026190 0.029762 0.026190 0.027381 0.005952 0.013095 0.017857 0.021429 0.026190 0.011905 0.264286 0.013095 0.027381 0.015476 0.000000 0.003571 0.003571 0.005952 0.007143 0.002381 0.017857 0.010714 0.013095 0.001190 0.009524 0.009524 0.007143 0.084524 0.077381 0.070238 0.073810 0.175000 0.017857 0.019048 0.038095 0.060714 0.016667 0.016667 0.017857 0.033333 0.007143 0.009524 0.094048 0.008333 0.014286 0.364286 0.379762 0.051190 1.000000 1.000000 1.000000 1.000000 1.000000 1.000000 1.000000 1.000000 1.000000 1.000000 1.000000 1.000000 1.000000 1.000000 1.000000
0.009524 0.011905 0.014286 0.022619 0.033333 0.021429 0.026190 0.026190 0.016667 0.003571 0.004762 0.028571 0.032143 0.014286 0.013095 0.010714 0.009524 0.009524 0.007143 0.226190 0.010714 0.013095 0.013095 0.001190 0.088095 0.013095 0.014286 0.057143 0.021429 0.027381 0.072619 0.182143 0.023810 0.023810 0.033333 0.052381 0.015476 0.015476 0.016667 0.320238 0.034524 0.086905 0.009524 0.097619 0.007143 0.009524 0.377381 0.047619 1.000000 1.000000 1.000000 1.000000 1.000000 1.000000 1.000000 1.000000 1.000000 1.000000 1.000000 1.000000 1.000000 1.000000 1.000000
