FireSTARR/test/output/NOR/NOR072/2018-07-20_0000/intensity_H_203_2018-07-22.asc
ncols         409
nrows         333
xllcorner     525043.378600
yllcorner     5242202.364000
cellsize      100.000000
NODATA_value  0.000000
[rows 224 to 251 of 333, columns 252 to 314 of 409]
0.459524 0.213095 0.210714 0.272619 0.276190 0.267857 0.213095 0.213095 0.216667 0.211905 0.207143 0.214286 0.220238 0.198810 0.189286 0.190476 0.177381 0.000000 0.005952 0.000000 0.000000 0.000000 0.000000 0.000000 0.000000 0.000000 0.000000 0.000000 0.000000 0.047619 0.216667 0.211905 0.201190 0.191667 0.183333 0.160714 0.017857 0.046429 0.070238 0.042857 0.000000 0.111905 0.103571 0.105952 0.129762 0.115476 0.102381 0.085714 0.073810 0.045238 0.038095 0.034524 0.030952 0.000000 0.000000 0.000000 0.000000 0.000000 0.000000 0.000000 0.007143 0.007143 0.005952
0.000000 0.111905 0.153571 0.179762 0.202381 0.236905 0.185714 0.190476 0.186905 0.177381 0.157143 0.152381 0.140476 0.155952 0.166667 0.175000 0.000000 0.000000 0.007143 0.000000 0.000000 0.000000 0.000000 0.000000 0.000000 0.000000 0.000000 0.000000 0.000000 0.207143 0.202381 0.195238 0.186905 0.173810 0.158333 0.141667 0.008333 0.094048 0.044048 0.032143 0.086905 0.089286 0.079762 0.075000 0.069048 0.058333 0.048810 0.038095 0.061905 0.034524 0.000000 0.000000 0.000000 0.000000 0.000000 0.000000 0.000000 0.000000 0.000000 0.007143 0.007143 0.005952 0.004762
0.000000 0.109524 0.136905 0.155952 0.170238 0.170238 0.153571 0.148810 0.154762 0.157143 0.139286 0.130952 0.128571 0.129762 0.148810 0.171429 0.000000 0.001190 0.000000 0.000000 0.000000 0.000000 0.000000 0.000000 0.000000 0.000000 0.000000 0.000000 0.197619 0.195238 0.192857 0.188095 0.176190 0.151190 0.139286 0.121429 0.097619 0.047619 0.035714 0.016667 0.077381 0.065476 0.054762 0.000000 0.000000 0.000000 0.027381 0.028571 0.027381 0.025000 0.007143 0.000000 0.000000 0.000000 0.002381 0.002381 0.003571 0.000000 0.000000 0.005952 0.005952 0.004762 0.003571
0.000000 0.170238 0.000000 0.000000 0.164286 0.165476 0.160714 0.145238 0.141667 0.136905 0.133333 0.130952 0.114286 0.121429 0.136905 0.141667 0.119048 0.003571 0.000000 0.000000 0.000000 0.000000 0.000000 0.000000 0.000000 0.000000 0.000000 0.190476 0.191667 0.190476 0.185714 0.173810 0.155952 0.138095 0.013095 0.007143 0.042857 0.036905 0.011905 0.055952 0.054762 0.045238 0.000000 0.000000 0.000000 0.000000 0.000000 0.000000 0.000000 0.000000 0.003571 0.000000 0.000000 0.000000 0.000000 0.003571 0.003571 0.003571 0.000000 0.005952 0.003571 0.003571 0.003571
0.195238 0.175000 0.000000 0.000000 0.178571 0.173810 0.169048 0.148810 0.000000 0.000000 0.139286 0.138095 0.148810 0.151190 0.122619 0.121429 0.001190 0.003571 0.000000 0.000000 0.000000 0.000000 0.000000 0.000000 0.000000 0.000000 0.000000 0.183333 0.177381 0.173810 0.164286 0.160714 0.139286 0.015476 0.009524 0.016667 0.027381 0.023810 0.007143 0.047619 0.042857 0.028571 0.000000 0.000000 0.000000 0.000000 0.000000 0.000000 0.000000 0.000000 0.000000 0.000000 0.000000 0.000000 0.000000 0.000000 0.003571 0.003571 0.003571 0.003571 0.003571 0.003571 0.003571
0.216667 0.192857 0.180952 0.178571 0.177381 0.175000 0.172619 0.147619 0.108333 0.000000 0.139286 0.140476 0.153571 0.145238 0.138095 0.114286 0.075000 0.004762 0.000000 0.000000 0.000000 0.000000 0.000000 0.000000 0.001190 0.000000 0.170238 0.173810 0.165476 0.159524 0.153571 0.138095 0.105952 0.009524 0.003571 0.021429 0.022619 0.010714 0.000000 0.042857 0.039286 0.000000 0.000000 0.000000 0.000000 0.000000 0.000000 0.000000 0.000000 0.000000 0.000000 0.000000 0.000000 0.000000 0.000000 0.000000 0.003571 0.003571 0.003571 0.003571 0.003571 0.003571 0.000000
0.176190 0.177381 0.211905 0.211905 0.205952 0.198810 0.195238 0.185714 0.150000 0.145238 0.198810 0.158333 0.202381 0.148810 0.121429 0.097619 0.002381 0.002381 0.003571 0.002381 0.002381 0.002381 0.001190 0.001190 0.000000 0.000000 0.169048 0.000000 0.154762 0.152381 0.140476 0.114286 0.007143 0.007143 0.008333 0.011905 0.009524 0.002381 0.000000 0.036905 0.022619 0.000000 0.000000 0.000000 0.000000 0.000000 0.000000 0.000000 0.000000 0.000000 0.000000 0.000000 0.000000 0.000000 0.000000 0.000000 0.000000 0.003571 0.003571 0.003571 0.003571 0.003571 0.000000
0.128571 0.153571 0.216667 0.214286 0.204762 0.202381 0.205952 0.214286 0.207143 0.211905 0.204762 0.202381 0.197619 0.136905 0.110714 0.078571 0.078571 0.053571 0.045238 0.002381 0.001190 0.001190 0.001190 0.001190 0.000000 0.000000 0.158333 0.000000 0.146429 0.139286 0.115476 0.073810 0.004762 0.000000 0.005952 0.008333 0.007143 0.021429 0.000000 0.041667 0.026190 0.000000 0.000000 0.000000 0.000000 0.000000 0.000000 0.000000 0.000000 0.000000 0.000000 0.000000 0.000000 0.000000 0.000000 0.000000 0.000000 0.003571 0.003571 0.000000 0.003571 0.003571 0.000000
0.139286 0.161905 0.222619 0.215476 0.205952 0.209524 0.213095 0.214286 0.214286 0.215476 0.208333 0.201190 0.195238 0.159524 0.130952 0.071429 0.073810 0.052381 0.048810 0.034524 0.026190 0.001190 0.000000 0.000000 0.000000 0.135714 0.000000 0.141667 0.136905 0.121429 0.085714 0.004762 0.003571 0.000000 0.005952 0.005952 0.007143 0.033333 0.034524 0.034524 0.000000 0.000000 0.000000 0.000000 0.000000 0.000000 0.000000 0.000000 0.000000 0.000000 0.000000 0.000000 0.000000 0.000000 0.000000 0.000000 0.003571 0.003571 0.003571 0.000000 0.003571 0.001190 0.000000
0.176190 0.185714 0.196429 0.178571 0.208333 0.209524 0.213095 0.213095 0.217857 0.214286 0.209524 0.203571 0.197619 0.151190 0.122619 0.085714 0.069048 0.051190 0.040476 0.038095 0.027381 0.025000 0.000000 0.000000 0.133333 0.130952 0.000000 0.000000 0.117857 0.088095 0.060714 0.048810 0.000000 0.000000 0.001190 0.005952 0.033333 0.033333 0.033333 0.032143 0.000000 0.000000 0.000000 0.000000 0.000000 0.000000 0.000000 0.000000 0.000000 0.000000 0.000000 0.000000 0.000000 0.000000 0.000000 0.000000 0.003571 0.003571 0.000000 0.003571 0.003571 0.001190 0.000000
0.263095 0.196429 0.184524 0.189286 0.175000 0.207143 0.210714 0.207143 0.211905 0.213095 0.209524 0.197619 0.178571 0.146429 0.115476 0.083333 0.063095 0.046429 0.044048 0.040476 0.034524 0.033333 0.000000 0.000000 0.133333 0.127381 0.104762 0.100000 0.097619 0.073810 0.046429 0.029762 0.000000 0.000000 0.019048 0.029762 0.033333 0.033333 0.033333 0.023810 0.000000 0.000000 0.000000 0.000000 0.000000 0.000000 0.000000 0.000000 0.000000 0.000000 0.000000 0.000000 0.000000 0.000000 0.000000 0.003571 0.000000 0.003571 0.002381 0.002381 0.001190 0.001190 0.000000
0.263095 0.260714 0.180952 0.163095 0.180952 0.000000 0.210714 0.203571 0.205952 0.205952 0.198810 0.186905 0.164286 0.136905 0.104762 0.079762 0.059524 0.051190 0.047619 0.046429 0.047619 0.054762 0.000000 0.000000 0.129762 0.113095 0.101190 0.097619 0.085714 0.061905 0.041667 0.001190 0.000000 0.016667 0.022619 0.025000 0.032143 0.033333 0.028571 0.017857 0.000000 0.000000 0.000000 0.000000 0.000000 0.000000 0.000000 0.000000 0.000000 0.000000 0.000000 0.000000 0.001190 0.000000 0.000000 0.003571 0.000000 0.003571 0.002381 0.000000 0.001190 0.001190 0.000000
0.264286 0.263095 0.246429 0.159524 0.148810 0.000000 0.204762 0.203571 0.196429 0.195238 0.182143 0.180952 0.153571 0.132143 0.107143 0.071429 0.054762 0.054762 0.053571 0.057143 0.064286 0.088095 0.116667 0.121429 0.121429 0.108333 0.097619 0.092857 0.069048 0.050000 0.029762 0.001190 0.000000 0.016667 0.021429 0.026190 0.026190 0.025000 0.021429 0.010714 0.000000 0.000000 0.000000 0.000000 0.000000 0.000000 0.000000 0.000000 0.000000 0.000000 0.000000 0.000000 0.002381 0.002381 0.002381 0.002381 0.000000 0.000000 0.000000 0.000000 0.001190 0.000000 0.000000
0.000000 0.260714 0.247619 0.216667 0.144048 0.169048 0.204762 0.200000 0.194048 0.188095 0.180952 0.171429 0.148810 0.132143 0.102381 0.071429 0.057143 0.060714 0.063095 0.071429 0.089286 0.114286 0.117857 0.116667 0.108333 0.103571 0.086905 0.075000 0.055952 0.044048 0.020238 0.000000 0.000000 0.014286 0.019048 0.023810 0.023810 0.027381 0.020238 0.007143 0.000000 0.000000 0.000000 0.000000 0.000000 0.000000 0.000000 0.000000 0.000000 0.000000 0.000000 0.001190 0.002381 0.002381 0.002381 0.002381 0.000000 0.000000 0.000000 0.000000 0.000000 0.000000 0.000000
0.000000 0.276190 0.240476 0.225000 0.200000 0.160714 0.197619 0.194048 0.191667 0.188095 0.179762 0.163095 0.151190 0.129762 0.103571 0.072619 0.065476 0.069048 0.076190 0.094048 0.105952 0.113095 0.115476 0.108333 0.103571 0.091667 0.079762 0.064286 0.052381 0.035714 0.017857 0.000000 0.000000 0.000000 0.016667 0.019048 0.019048 0.020238 0.009524 0.004762 0.000000 0.000000 0.000000 0.000000 0.000000 0.000000 0.000000 0.000000 0.000000 0.000000 0.002381 0.002381 0.002381 0.000000 0.002381 0.002381 0.000000 0.000000 0.000000 0.000000 0.000000 0.000000 0.000000
0.253571 0.265476 0.248810 0.227381 0.121429 0.153571 0.000000 0.000000 0.164286 0.163095 0.153571 0.155952 0.146429 0.127381 0.097619 0.071429 0.072619 0.076190 0.091667 0.103571 0.113095 0.113095 0.107143 0.103571 0.096429 0.084524 0.072619 0.057143 0.045238 0.034524 0.023810 0.014286 0.000000 0.014286 0.014286 0.014286 0.011905 0.007143 0.005952 0.003571 0.000000 0.000000 0.000000 0.000000 0.000000 0.000000 0.001190 0.001190 0.001190 0.002381 0.002381 0.002381 0.002381 0.000000 0.002381 0.001190 0.000000 0.000000 0.000000 0.000000 0.000000 0.000000 0.000000
0.255952 0.259524 0.259524 0.232143 0.211905 0.186905 0.000000 0.000000 0.160714 0.155952 0.147619 0.158333 0.141667 0.115476 0.090476 0.076190 0.079762 0.092857 0.102381 0.109524 0.110714 0.108333 0.101190 0.096429 0.085714 0.072619 0.063095 0.052381 0.038095 0.028571 0.022619 0.015476 0.011905 0.011905 0.011905 0.011905 0.010714 0.007143 0.005952 0.003571 0.000000 0.000000 0.000000 0.000000 0.000000 0.000000 0.001190 0.001190 0.001190 0.001190 0.001190 0.000000 0.000000 0.000000 0.001190 0.001190 0.000000 0.000000 0.000000 0.000000 0.000000 0.000000 0.000000
0.258333 0.255952 0.255952 0.229762 0.207143 0.183333 0.166667 0.161905 0.157143 0.144048 0.146429 0.136905 0.126190 0.108333 0.092857 0.079762 0.092857 0.103571 0.104762 0.108333 0.110714 0.103571 0.000000 0.088095 0.077381 0.063095 0.057143 0.039286 0.035714 0.026190 0.020238 0.015476 0.011905 0.011905 0.011905 0.003571 0.007143 0.007143 0.005952 0.002381 0.000000 0.000000 0.000000 0.000000 0.000000 0.000000 0.001190 0.001190 0.001190 0.001190 0.000000 0.000000 0.000000 0.000000 0.001190 0.001190 0.000000 0.000000 0.000000 0.000000 0.000000 0.000000 0.000000
0.258333 0.250000 0.259524 0.227381 0.205952 0.176190 0.169048 0.165476 0.154762 0.144048 0.136905 0.127381 0.115476 0.105952 0.090476 0.090476 0.102381 0.105952 0.103571 0.102381 0.105952 0.092857 0.080952 0.079762 0.064286 0.058333 0.046429 0.040476 0.028571 0.021429 0.015476 0.013095 0.011905 0.004762 0.003571 0.003571 0.005952 0.005952 0.004762 0.000000 0.000000 0.000000 0.000000 0.000000 0.000000 0.000000 0.001190 0.000000 0.001190 0.001190 0.000000 0.000000 0.000000 0.000000 0.001190 0.000000 0.000000 0.000000 0.000000 0.000000 0.000000 0.000000 0.000000
0.252381 0.252381 0.250000 0.223810 0.210714 0.169048 0.167857 0.157143 0.146429 0.130952 0.122619 0.111905 0.109524 0.097619 0.094048 0.097619 0.103571 0.104762 0.103571 0.101190 0.097619 0.085714 0.071429 0.069048 0.058333 0.048810 0.039286 0.033333 0.026190 0.016667 0.011905 0.009524 0.003571 0.003571 0.003571 0.003571 0.004762 0.003571 0.000000 0.001190 0.001190 0.000000 0.000000 0.000000 0.000000 0.000000 0.000000 0.000000 0.001190 0.000000 0.000000 0.000000 0.000000 0.000000 0.000000 0.000000 0.000000 0.000000 0.000000 0.000000 0.000000 0.000000 0.000000
0.289286 0.255952 0.238095 0.220238 0.207143 0.188095 0.163095 0.151190 0.139286 0.126190 0.109524 0.100000 0.108333 0.098810 0.105952 0.101190 0.105952 0.104762 0.101190 0.095238 0.088095 0.073810 0.065476 0.058333 0.053571 0.040476 0.028571 0.025000 0.019048 0.014286 0.009524 0.005952 0.003571 0.003571 0.003571 0.003571 0.003571 0.003571 0.000000 0.001190 0.001190 0.000000 0.000000 0.000000 0.000000 0.000000 0.000000 0.000000 0.000000 0.000000 0.000000 0.000000 0.000000 0.000000 0.000000 0.000000 0.000000 0.000000 0.000000 0.000000 0.000000 0.000000 0.000000
0.280952 0.258333 0.232143 0.020238 0.017857 0.015476 0.000000 0.001190 0.000000 0.102381 0.092857 0.090476 0.102381 0.094048 0.097619 0.098810 0.098810 0.101190 0.098810 0.085714 0.076190 0.063095 0.000000 0.046429 0.044048 0.036905 0.025000 0.021429 0.013095 0.010714 0.004762 0.003571 0.003571 0.003571 0.003571 0.003571 0.003571 0.002381 0.000000 0.001190 0.001190 0.000000 0.000000 0.000000 0.000000 0.000000 0.000000 0.000000 0.000000 0.000000 0.000000 0.000000 0.000000 0.000000 0.000000 0.000000 0.000000 0.000000 0.000000 0.000000 0.000000 0.000000 0.000000
0.270238 0.242857 0.223810 0.005952 0.004762 0.001190 0.072619 0.000000 0.000000 0.086905 0.083333 0.090476 0.101190 0.085714 0.098810 0.096429 0.096429 0.095238 0.082143 0.075000 0.065476 0.000000 0.004762 0.000000 0.038095 0.028571 0.017857 0.013095 0.009524 0.005952 0.003571 0.003571 0.000000 0.000000 0.003571 0.003571 0.002381 0.000000 0.000000 0.000000 0.000000 0.000000 0.000000 0.000000 0.000000 0.000000 0.000000 0.000000 0.000000 0.000000 0.000000 0.000000 0.000000 0.000000 0.000000 0.000000 0.000000 0.000000 0.000000 0.000000 0.000000 0.000000 0.000000
0.253571 0.244048 0.229762 0.183333 0.095238 0.077381 0.071429 0.001190 0.001190 0.000000 0.078571 0.088095 0.040476 0.034524 0.033333 0.092857 0.091667 0.089286 0.076190 0.000000 0.054762 0.004762 0.003571 0.000000 0.025000 0.021429 0.015476 0.011905 0.005952 0.005952 0.003571 0.002381 0.000000 0.000000 0.002381 0.001190 0.001190 0.000000 0.000000 0.000000 0.000000 0.000000 0.000000 0.000000 0.000000 0.000000 0.000000 0.000000 0.000000 0.000000 0.000000 0.000000 0.000000 0.000000 0.000000 0.000000 0.000000 0.000000 0.000000 0.000000 0.000000 0.000000 0.000000
0.186905 0.205952 0.215476 0.173810 0.157143 0.083333 0.002381 0.002381 0.001190 0.000000 0.000000 0.078571 0.072619 0.028571 0.028571 0.040476 0.039286 0.040476 0.070238 0.000000 0.000000 0.000000 0.000000 0.000000 0.021429 0.017857 0.010714 0.010714 0.004762 0.004762 0.003571 0.002381 0.000000 0.000000 0.001190 0.001190 0.000000 0.000000 0.000000 0.000000 0.000000 0.000000 0.000000 0.000000 0.000000 0.000000 0.000000 0.000000 0.000000 0.000000 0.000000 0.000000 0.000000 0.000000 0.000000 0.000000 0.000000 0.000000 0.000000 0.000000 0.000000 0.000000 0.000000
0.190476 0.185714 0.185714 0.169048 0.150000 0.082143 0.066667 0.048810 0.046429 0.044048 0.002381 0.002381 0.025000 0.022619 0.026190 0.036905 0.039286 0.061905 0.050000 0.000000 0.000000 0.000000 0.000000 0.000000 0.019048 0.014286 0.009524 0.005952 0.004762 0.003571 0.002381 0.002381 0.002381 0.002381 0.000000 0.000000 0.000000 0.000000 0.000000 0.000000 0.000000 0.000000 0.000000 0.000000 0.000000 0.000000 0.000000 0.000000 0.000000 0.000000 0.000000 0.000000 0.000000 0.000000 0.000000 0.000000 0.000000 0.000000 0.000000 0.000000 0.000000 0.000000 0.000000
0.182143 0.164286 0.171429 0.164286 0.141667 0.115476 0.061905 0.044048 0.046429 0.000000 0.001190 0.001190 0.001190 0.001190 0.016667 0.036905 0.034524 0.015476 0.042857 0.000000 0.000000 0.000000 0.000000 0.000000 0.014286 0.000000 0.007143 0.004762 0.004762 0.003571 0.002381 0.002381 0.002381 0.000000 0.000000 0.000000 0.000000 0.000000 0.000000 0.000000 0.000000 0.000000 0.000000 0.000000 0.000000 0.000000 0.000000 0.000000 0.000000 0.000000 0.000000 0.000000 0.000000 0.000000 0.000000 0.000000 0.000000 0.000000 0.000000 0.000000 0.000000 0.000000 0.000000
0.170238 0.160714 0.152381 0.158333 0.132143 0.113095 0.053571 0.048810 0.042857 0.003571 0.003571 0.000000 0.001190 0.001190 0.001190 0.029762 0.013095 0.008333 0.007143 0.000000 0.000000 0.000000 0.000000 0.009524 0.000000 0.000000 0.000000 0.004762 0.003571 0.003571 0.002381 0.002381 0.000000 0.000000 0.000000 0.001190 0.000000 0.000000 0.000000 0.000000 0.000000 0.000000 0.000000 0.000000 0.000000 0.000000 0.000000 0.000000 0.000000 0.000000 0.000000 0.000000 0.000000 0.000000 0.000000 0.000000 0.000000 0.000000 0.000000 0.000000 0.000000 0.000000 0.000000
