FireSTARR/test/output/NOR/NOR072/2018-07-20_0000/intensity_H_203_2018-07-22.asc
ncols         409
nrows         333
xllcorner     525043.378600
yllcorner     5242202.364000
cellsize      100.000000
NODATA_value  0.000000
[rows 168 to 195 of 333, columns 189 to 251 of 409]
0.016667 0.016667 0.016667 0.013095 0.008333 0.005952 0.002381 0.001190 0.000000 0.000000 0.000000 0.000000 0.000000 0.000000 0.000000 0.000000 0.000000 0.000000 0.000000 0.000000 0.000000 0.267857 0.221429 0.303571 0.309524 0.330952 0.332143 0.344048 0.352381 0.357143 0.352381 0.300000 0.297619 0.305952 0.276190 0.259524 0.285714 0.340476 0.380952 0.372619 0.361905 0.319048 0.276190 0.242857 0.000000 0.000000 0.000000 0.000000 0.000000 0.000000 0.194048 0.010714 0.227381 0.245238 0.361905 0.364286 0.369048 0.342857 0.284524 0.008333 0.005952 0.004762 0.559524
0.016667 0.016667 0.016667 0.015476 0.011905 0.008333 0.003571 0.001190 0.000000 0.000000 0.000000 0.000000 0.000000 0.000000 0.000000 0.000000 0.000000 0.000000 0.000000 0.000000 0.000000 0.254762 0.194048 0.000000 0.305952 0.313095 0.326190 0.152381 0.351190 0.353571 0.357143 0.352381 0.301190 0.310714 0.309524 0.286905 0.297619 0.385714 0.389286 0.384524 0.378571 0.335714 0.344048 0.000000 0.000000 0.000000 0.000000 0.264286 0.227381 0.204762 0.202381 0.210714 0.205952 0.220238 0.000000 0.000000 0.329762 0.288095 0.210714 0.005952 0.003571 0.003571 0.557143
0.016667 0.016667 0.016667 0.016667 0.015476 0.010714 0.000000 0.000000 0.000000 0.000000 0.000000 0.000000 0.000000 0.000000 0.000000 0.000000 0.000000 0.000000 0.003571 0.000000 0.000000 0.191667 0.198810 0.207143 0.285714 0.285714 0.142857 0.339286 0.342857 0.347619 0.352381 0.316667 0.315476 0.327381 0.315476 0.314286 0.301190 0.304762 0.397619 0.398810 0.388095 0.353571 0.333333 0.367857 0.000000 0.371429 0.342857 0.270238 0.216667 0.203571 0.188095 0.184524 0.191667 0.179762 0.189286 0.290476 0.000000 0.232143 0.002381 0.000000 0.000000 0.002381 0.567857
0.016667 0.016667 0.017857 0.017857 0.016667 0.000000 0.000000 0.000000 0.000000 0.000000 0.000000 0.000000 0.000000 0.000000 0.000000 0.000000 0.000000 0.005952 0.004762 0.001190 0.000000 0.176190 0.191667 0.192857 0.213095 0.126190 0.130952 0.327381 0.335714 0.339286 0.340476 0.313095 0.321429 0.327381 0.333333 0.323810 0.316667 0.316667 0.000000 0.403571 0.394048 0.364286 0.357143 0.391667 0.380952 0.373810 0.332143 0.273810 0.207143 0.190476 0.186905 0.184524 0.180952 0.185714 0.186905 0.177381 0.215476 0.210714 0.004762 0.000000 0.003571 0.003571 0.000000
0.017857 0.017857 0.020238 0.019048 0.000000 0.019048 0.017857 0.019048 0.011905 0.000000 0.000000 0.000000 0.000000 0.000000 0.000000 0.000000 0.000000 0.008333 0.004762 0.000000 0.000000 0.000000 0.177381 0.000000 0.140476 0.138095 0.121429 0.136905 0.303571 0.307143 0.317857 0.296429 0.300000 0.326190 0.327381 0.284524 0.326190 0.344048 0.272619 0.414286 0.388095 0.370238 0.411905 0.401190 0.380952 0.369048 0.357143 0.226190 0.209524 0.182143 0.177381 0.170238 0.176190 0.175000 0.175000 0.159524 0.008333 0.004762 0.003571 0.003571 0.005952 0.000000 0.000000
0.021429 0.021429 0.022619 0.022619 0.019048 0.019048 0.019048 0.019048 0.019048 0.000000 0.000000 0.000000 0.000000 0.000000 0.000000 0.000000 0.000000 0.008333 0.005952 0.001190 0.000000 0.000000 0.173810 0.179762 0.141667 0.147619 0.139286 0.140476 0.157143 0.164286 0.188095 0.255952 0.278571 0.291667 0.250000 0.254762 0.366667 0.000000 0.303571 0.290476 0.439286 0.000000 0.423810 0.404762 0.386905 0.371429 0.345238 0.217857 0.188095 0.160714 0.188095 0.164286 0.161905 0.159524 0.008333 0.007143 0.007143 0.004762 0.004762 0.394048 0.414286 0.076190 0.067857
0.017857 0.000000 0.027381 0.021429 0.022619 0.023810 0.022619 0.021429 0.021429 0.022619 0.016667 0.000000 0.000000 0.000000 0.000000 0.022619 0.019048 0.013095 0.004762 0.000000 0.000000 0.000000 0.000000 0.102381 0.132143 0.141667 0.165476 0.178571 0.169048 0.167857 0.184524 0.157143 0.228571 0.225000 0.211905 0.303571 0.394048 0.321429 0.315476 0.300000 0.495238 0.485714 0.457143 0.419048 0.388095 0.383333 0.000000 0.229762 0.178571 0.139286 0.175000 0.013095 0.133333 0.111905 0.008333 0.005952 0.004762 0.003571 0.004762 0.407143 0.420238 0.085714 0.070238
0.020238 0.020238 0.000000 0.023810 0.025000 0.026190 0.025000 0.023810 0.023810 0.027381 0.027381 0.000000 0.000000 0.034524 0.032143 0.028571 0.022619 0.015476 0.000000 0.000000 0.000000 0.067857 0.055952 0.000000 0.083333 0.127381 0.185714 0.200000 0.179762 0.186905 0.195238 0.144048 0.085714 0.067857 0.000000 0.004762 0.407143 0.321429 0.315476 0.507143 0.526190 0.533333 0.523810 0.463095 0.426190 0.400000 0.360714 0.000000 0.192857 0.178571 0.142857 0.013095 0.091667 0.094048 0.060714 0.036905 0.000000 0.000000 0.003571 0.000000 0.067857 0.077381 0.060714
0.019048 0.022619 0.025000 0.020238 0.019048 0.028571 0.027381 0.025000 0.027381 0.030952 0.032143 0.000000 0.036905 0.035714 0.035714 0.034524 0.000000 0.000000 0.000000 0.000000 0.000000 0.075000 0.069048 0.076190 0.080952 0.086905 0.000000 0.207143 0.214286 0.226190 0.215476 0.163095 0.007143 0.000000 0.000000 0.015476 0.321429 0.326190 0.309524 0.564286 0.564286 0.565476 0.558333 0.516667 0.486905 0.447619 0.425000 0.352381 0.209524 0.015476 0.009524 0.005952 0.003571 0.054762 0.052381 0.002381 0.001190 0.000000 0.005952 0.000000 0.486905 0.447619 0.038095
0.020238 0.021429 0.022619 0.016667 0.022619 0.021429 0.023810 0.026190 0.025000 0.032143 0.038095 0.038095 0.036905 0.035714 0.035714 0.000000 0.000000 0.000000 0.000000 0.076190 0.079762 0.076190 0.071429 0.064286 0.064286 0.075000 0.138095 0.200000 0.253571 0.259524 0.214286 0.152381 0.003571 0.000000 0.003571 0.017857 0.330952 0.334524 0.313095 0.563095 0.561905 0.561905 0.565476 0.561905 0.529762 0.498810 0.457143 0.416667 0.023810 0.025000 0.019048 0.009524 0.008333 0.003571 0.004762 0.002381 0.001190 0.002381 0.000000 0.470238 0.486905 0.439286 0.034524
0.000000 0.019048 0.017857 0.014286 0.014286 0.015476 0.019048 0.021429 0.022619 0.032143 0.033333 0.033333 0.000000 0.000000 0.000000 0.000000 0.000000 0.079762 0.083333 0.082143 0.082143 0.082143 0.076190 0.070238 0.059524 0.052381 0.000000 0.000000 0.257143 0.267857 0.264286 0.151190 0.003571 0.000000 0.007143 0.027381 0.335714 0.333333 0.328571 0.564286 0.561905 0.563095 0.558333 0.558333 0.528571 0.495238 0.500000 0.473810 0.023810 0.021429 0.020238 0.016667 0.010714 0.010714 0.007143 0.000000 0.001190 0.000000 0.000000 0.000000 0.480952 0.419048 0.025000
0.015476 0.015476 0.014286 0.011905 0.014286 0.016667 0.017857 0.028571 0.027381 0.026190 0.027381 0.000000 0.000000 0.000000 0.000000 0.000000 0.000000 0.079762 0.078571 0.078571 0.080952 0.076190 0.077381 0.077381 0.070238 0.000000 0.000000 0.000000 0.000000 0.265476 0.292857 0.005952 0.002381 0.002381 0.015476 0.000000 0.342857 0.333333 0.358333 0.569048 0.566667 0.561905 0.563095 0.566667 0.494048 0.467857 0.502381 0.517857 0.015476 0.016667 0.614286 0.015476 0.010714 0.007143 0.007143 0.003571 0.000000 0.000000 0.000000 0.485714 0.480952 0.417857 0.021429
0.014286 0.015476 0.015476 0.011905 0.014286 0.026190 0.026190 0.026190 0.026190 0.025000 0.021429 0.019048 0.000000 0.000000 0.000000 0.000000 0.000000 0.082143 0.078571 0.078571 0.073810 0.076190 0.073810 0.079762 0.084524 0.000000 0.000000 0.000000 0.000000 0.235714 0.225000 0.721429 0.697619 0.735714 0.000000 0.469048 0.347619 0.335714 0.365476 0.567857 0.571429 0.563095 0.526190 0.575000 0.573810 0.490476 0.505952 0.597619 0.647619 0.664286 0.646429 0.544048 0.536905 0.004762 0.004762 0.002381 0.003571 0.000000 0.000000 0.000000 0.480952 0.407143 0.015476
0.015476 0.014286 0.011905 0.013095 0.014286 0.025000 0.023810 0.021429 0.021429 0.020238 0.000000 0.015476 0.000000 0.000000 0.000000 0.000000 0.000000 0.095238 0.082143 0.077381 0.073810 0.076190 0.083333 0.079762 0.079762 0.235714 0.000000 0.000000 0.000000 0.725000 0.729762 0.734524 0.714286 0.758333 0.000000 0.475000 0.348810 0.353571 0.378571 0.561905 0.579762 0.575000 0.510714 0.488095 0.583333 0.480952 0.491667 0.503571 0.000000 0.670238 0.669048 0.000000 0.546429 0.003571 0.003571 0.005952 0.661905 0.670238 0.672619 0.678571 0.669048 0.445238 0.392857
0.014286 0.011905 0.011905 0.014286 0.020238 0.019048 0.017857 0.016667 0.019048 0.000000 0.000000 0.000000 0.000000 0.000000 0.230952 0.223810 0.098810 0.090476 0.088095 0.080952 0.077381 0.075000 0.265476 0.269048 0.258333 0.251190 0.000000 0.000000 0.710714 0.738095 0.732143 0.735714 0.719048 0.000000 0.785714 0.467857 0.397619 0.392857 0.390476 0.555952 0.569048 0.578571 0.588095 0.488095 0.590476 0.492857 0.491667 0.492857 0.489286 0.494048 0.691667 0.639286 0.578571 0.002381 0.003571 0.004762 0.005952 0.686905 0.680952 0.691667 0.691667 0.673810 0.348810
0.013095 0.008333 0.008333 0.008333 0.017857 0.017857 0.015476 0.015476 0.001190 0.000000 0.000000 0.000000 0.000000 0.000000 0.244048 0.239286 0.235714 0.196429 0.189286 0.189286 0.077381 0.076190 0.075000 0.279762 0.264286 0.247619 0.236905 0.000000 0.696429 0.736905 0.745238 0.753571 0.738095 0.000000 0.794048 0.454762 0.413095 0.404762 0.402381 0.548810 0.559524 0.570238 0.592857 0.598810 0.598810 0.472619 0.467857 0.454762 0.465476 0.492857 0.701190 0.664286 0.603571 0.002381 0.652381 0.607143 0.005952 0.685714 0.684524 0.688095 0.710714 0.709524 0.382143
0.011905 0.013095 0.016667 0.015476 0.015476 0.013095 0.013095 0.001190 0.000000 0.000000 0.000000 0.000000 0.260714 0.264286 0.259524 0.255952 0.258333 0.250000 0.210714 0.190476 0.077381 0.076190 0.284524 0.277381 0.269048 0.258333 0.244048 0.000000 0.000000 0.715476 0.747619 0.761905 0.764286 0.000000 0.796429 0.442857 0.347619 0.415476 0.410714 0.314286 0.528571 0.547619 0.478571 0.600000 0.602381 0.578571 0.435714 0.455952 0.402381 0.729762 0.717857 0.682143 0.658333 0.003571 0.670238 0.665476 0.003571 0.692857 0.695238 0.714286 0.000000 0.732143 0.722619
0.011905 0.011905 0.011905 0.010714 0.011905 0.011905 0.010714 0.000000 0.000000 0.000000 0.000000 0.283333 0.282143 0.275000 0.270238 0.272619 0.273810 0.270238 0.240476 0.096429 0.091667 0.227381 0.284524 0.263095 0.266667 0.254762 0.240476 0.205952 0.000000 0.664286 0.742857 0.761905 0.777381 0.786905 0.798810 0.661905 0.409524 0.429762 0.422619 0.304762 0.197619 0.000000 0.461905 0.390476 0.601190 0.433333 0.426190 0.380952 0.391667 0.736905 0.714286 0.655952 0.002381 0.686905 0.682143 0.692857 0.702381 0.710714 0.709524 0.713095 0.739286 0.750000 0.739286
0.011905 0.010714 0.010714 0.010714 0.010714 0.009524 0.007143 0.000000 0.000000 0.000000 0.000000 0.311905 0.295238 0.284524 0.283333 0.283333 0.291667 0.296429 0.284524 0.264286 0.263095 0.295238 0.215476 0.207143 0.272619 0.265476 0.238095 0.203571 0.000000 0.546429 0.720238 0.764286 0.778571 0.788095 0.807143 0.444048 0.419048 0.448810 0.430952 0.691667 0.189286 0.000000 0.636905 0.334524 0.614286 0.376190 0.426190 0.380952 0.761905 0.746429 0.715476 0.645238 0.002381 0.690476 0.697619 0.000000 0.721429 0.723810 0.717857 0.000000 0.722619 0.733333 0.746429
0.009524 0.009524 0.009524 0.009524 0.008333 0.000000 0.000000 0.000000 0.000000 0.000000 0.000000 0.320238 0.309524 0.308333 0.286905 0.248810 0.290476 0.300000 0.273810 0.266667 0.240476 0.230952 0.292857 0.000000 0.241667 0.271429 0.252381 0.205952 0.184524 0.000000 0.666667 0.769048 0.779762 0.789286 0.808333 0.814286 0.447619 0.803571 0.771429 0.732143 0.135714 0.000000 0.663095 0.332143 0.616667 0.385714 0.389286 0.384524 0.767857 0.748810 0.730952 0.002381 0.665476 0.000000 0.715476 0.728571 0.729762 0.730952 0.725000 0.636905 0.633333 0.575000 0.701190
0.007143 0.008333 0.008333 0.008333 0.007143 0.000000 0.000000 0.000000 0.000000 0.000000 0.000000 0.322619 0.313095 0.305952 0.300000 0.261905 0.271429 0.279762 0.275000 0.247619 0.235714 0.240476 0.307143 0.252381 0.251190 0.284524 0.238095 0.207143 0.172619 0.000000 0.447619 0.725000 0.777381 0.788095 0.809524 0.822619 0.819048 0.808333 0.788095 0.746429 0.000000 0.000000 0.684524 0.340476 0.378571 0.641667 0.386905 0.383333 0.753571 0.742857 0.733333 0.000000 0.676190 0.000000 0.721429 0.733333 0.728571 0.640476 0.630952 0.621429 0.619048 0.602381 0.608333
0.007143 0.007143 0.007143 0.007143 0.004762 0.000000 0.000000 0.000000 0.000000 0.000000 0.000000 0.329762 0.316667 0.302381 0.253571 0.266667 0.276190 0.270238 0.261905 0.263095 0.272619 0.264286 0.290476 0.304762 0.257143 0.278571 0.232143 0.200000 0.169048 0.000000 0.000000 0.635714 0.769048 0.790476 0.808333 0.826190 0.823810 0.810714 0.792857 0.763095 0.750000 0.739286 0.698810 0.344048 0.383333 0.673810 0.392857 0.748810 0.000000 0.751190 0.000000 0.000000 0.000000 0.561905 0.622619 0.625000 0.615476 0.617857 0.617857 0.561905 0.548810 0.000000 0.000000
0.005952 0.007143 0.004762 0.005952 0.002381 0.000000 0.000000 0.000000 0.000000 0.000000 0.333333 0.330952 0.316667 0.265476 0.261905 0.267857 0.269048 0.250000 0.263095 0.276190 0.340476 0.298810 0.296429 0.278571 0.260714 0.278571 0.229762 0.197619 0.175000 0.000000 0.000000 0.000000 0.758333 0.788095 0.814286 0.828571 0.825000 0.816667 0.803571 0.771429 0.755952 0.744048 0.729762 0.380952 0.708333 0.694048 0.405952 0.741667 0.753571 0.000000 0.000000 0.000000 0.000000 0.559524 0.594048 0.597619 0.595238 0.551190 0.552381 0.000000 0.000000 0.000000 0.000000
0.007143 0.005952 0.004762 0.000000 0.000000 0.000000 0.000000 0.000000 0.000000 0.000000 0.333333 0.330952 0.317857 0.260714 0.257143 0.258333 0.266667 0.265476 0.277381 0.283333 0.341667 0.330952 0.328571 0.282143 0.302381 0.282143 0.245238 0.185714 0.171429 0.000000 0.000000 0.000000 0.745238 0.785714 0.813095 0.827381 0.823810 0.816667 0.794048 0.769048 0.752381 0.752381 0.744048 0.728571 0.715476 0.684524 0.000000 0.000000 0.000000 0.000000 0.000000 0.000000 0.000000 0.000000 0.000000 0.000000 0.000000 0.000000 0.000000 0.000000 0.000000 0.000000 0.000000
0.000000 0.004762 0.000000 0.000000 0.000000 0.000000 0.000000 0.000000 0.000000 0.000000 0.328571 0.327381 0.319048 0.257143 0.261905 0.264286 0.260714 0.283333 0.300000 0.305952 0.347619 0.340476 0.332143 0.319048 0.305952 0.279762 0.254762 0.197619 0.171429 0.000000 0.000000 0.000000 0.676190 0.794048 0.813095 0.825000 0.829762 0.821429 0.797619 0.759524 0.763095 0.745238 0.733333 0.713095 0.691667 0.000000 0.000000 0.000000 0.000000 0.000000 0.000000 0.000000 0.000000 0.000000 0.000000 0.000000 0.000000 0.000000 0.000000 0.000000 0.000000 0.000000 0.000000
0.000000 0.000000 0.000000 0.000000 0.000000 0.000000 0.000000 0.000000 0.000000 0.000000 0.325000 0.322619 0.273810 0.273810 0.263095 0.260714 0.252381 0.282143 0.292857 0.288095 0.351190 0.347619 0.333333 0.316667 0.303571 0.282143 0.248810 0.213095 0.175000 0.000000 0.000000 0.000000 0.000000 0.797619 0.808333 0.820238 0.832143 0.823810 0.807143 0.766667 0.742857 0.744048 0.719048 0.000000 0.000000 0.000000 0.000000 0.000000 0.000000 0.000000 0.000000 0.000000 0.000000 0.000000 0.000000 0.000000 0.000000 0.000000 0.000000 0.000000 0.000000 0.000000 0.000000
0.000000 0.000000 0.000000 0.000000 0.000000 0.000000 0.000000 0.000000 0.000000 0.298810 0.319048 0.320238 0.323810 0.321429 0.261905 0.261905 0.276190 0.276190 0.273810 0.279762 0.352381 0.344048 0.338095 0.320238 0.307143 0.284524 0.253571 0.223810 0.176190 0.000000 0.000000 0.000000 0.000000 0.795238 0.805952 0.822619 0.833333 0.826190 0.811905 0.755952 0.729762 0.715476 0.000000 0.000000 0.000000 0.000000 0.000000 0.000000 0.000000 0.000000 0.000000 0.000000 0.000000 0.000000 0.000000 0.000000 0.000000 0.000000 0.000000 0.000000 0.000000 0.000000 0.000000
0.000000 0.000000 0.000000 0.000000 0.000000 0.000000 0.000000 0.000000 0.000000 0.222619 0.015476 0.321429 0.325000 0.322619 0.277381 0.264286 0.271429 0.263095 0.267857 0.252381 0.270238 0.347619 0.341667 0.323810 0.314286 0.290476 0.254762 0.244048 0.000000 0.000000 0.000000 0.000000 0.000000 0.792857 0.807143 0.816667 0.833333 0.836905 0.816667 0.753571 0.711905 0.000000 0.000000 0.000000 0.000000 0.000000 0.000000 0.000000 0.000000 0.000000 0.000000 0.000000 0.000000 0.000000 0.000000 0.000000 0.000000 0.000000 0.000000 0.000000 0.000000 0.000000 0.000000
