FireSTARR/test/output/NOR/NOR072/2018-07-20_0000/intensity_M_203_2018-07-22.asc
ncols         382
nrows         322
xllcorner     527743.378600
yllcorner     5242402.364000
cellsize      100.000000
NODATA_value  0.000000
[rows 224 to 251 of 322, columns 63 to 125 of 382]
0.002381 0.001190 0.000000 0.000000 0.004762 0.002381 0.004762 0.005952 0.007143 0.013095 0.011905 0.011905 0.008333 0.002381 0.003571 0.000000 0.000000 0.000000 0.000000 0.000000 0.000000 0.000000 0.000000 0.001190 0.002381 0.002381 0.002381 0.003571 0.002381 0.009524 0.008333 0.007143 0.008333 0.008333 0.005952 0.005952 0.003571 0.003571 0.000000 0.001190 0.001190 0.001190 0.000000 0.000000 0.001190 0.000000 0.000000 0.001190 0.002381 0.003571 0.005952 0.005952 0.007143 0.008333 0.009524 0.005952 0.002381 0.001190 0.023810 0.023810 0.019048 0.000000 0.000000
0.017857 0.014286 0.001190 0.001190 0.007143 0.008333 0.007143 0.007143 0.003571 0.002381 0.002381 0.015476 0.016667 0.007143 0.000000 0.000000 0.000000 0.000000 0.000000 0.000000 0.000000 0.000000 0.002381 0.004762 0.002381 0.002381 0.002381 0.002381 0.002381 0.000000 0.005952 0.005952 0.004762 0.004762 0.002381 0.003571 0.001190 0.000000 0.000000 0.000000 0.000000 0.000000 0.000000 0.000000 0.001190 0.000000 0.001190 0.001190 0.001190 0.001190 0.005952 0.004762 0.004762 0.007143 0.005952 0.005952 0.005952 0.007143 0.002381 0.025000 0.014286 0.009524 0.000000
0.019048 0.002381 0.001190 0.000000 0.002381 0.003571 0.002381 0.000000 0.002381 0.000000 0.014286 0.015476 0.001190 0.000000 0.000000 0.000000 0.000000 0.000000 0.000000 0.002381 0.002381 0.002381 0.003571 0.004762 0.003571 0.002381 0.002381 0.002381 0.003571 0.004762 0.005952 0.005952 0.001190 0.003571 0.003571 0.001190 0.000000 0.000000 0.000000 0.000000 0.000000 0.000000 0.000000 0.002381 0.009524 0.004762 0.002381 0.004762 0.003571 0.004762 0.005952 0.004762 0.007143 0.007143 0.004762 0.004762 0.003571 0.005952 0.019048 0.016667 0.017857 0.000000 0.000000
0.004762 0.009524 0.000000 0.000000 0.002381 0.003571 0.002381 0.000000 0.000000 0.000000 0.000000 0.000000 0.000000 0.001190 0.001190 0.000000 0.000000 0.000000 0.000000 0.021429 0.003571 0.001190 0.000000 0.005952 0.002381 0.001190 0.000000 0.002381 0.003571 0.004762 0.007143 0.001190 0.001190 0.001190 0.003571 0.000000 0.000000 0.000000 0.000000 0.007143 0.000000 0.004762 0.007143 0.005952 0.005952 0.005952 0.002381 0.003571 0.004762 0.003571 0.004762 0.003571 0.007143 0.008333 0.003571 0.007143 0.004762 0.009524 0.015476 0.017857 0.013095 0.010714 0.000000
0.002381 0.005952 0.000000 0.000000 0.002381 0.002381 0.001190 0.001190 0.000000 0.000000 0.000000 0.000000 0.000000 0.005952 0.005952 0.000000 0.000000 0.000000 0.000000 0.015476 0.017857 0.025000 0.004762 0.004762 0.002381 0.000000 0.003571 0.003571 0.003571 0.009524 0.009524 0.002381 0.005952 0.001190 0.001190 0.002381 0.001190 0.001190 0.005952 0.005952 0.007143 0.008333 0.005952 0.004762 0.005952 0.005952 0.004762 0.000000 0.003571 0.000000 0.003571 0.000000 0.000000 0.000000 0.002381 0.004762 0.005952 0.008333 0.015476 0.010714 0.009524 0.009524 0.009524
0.008333 0.007143 0.000000 0.000000 0.000000 0.001190 0.000000 0.000000 0.000000 0.000000 0.000000 0.004762 0.002381 0.004762 0.010714 0.004762 0.003571 0.001190 0.016667 0.016667 0.017857 0.019048 0.019048 0.000000 0.001190 0.000000 0.005952 0.003571 0.002381 0.001190 0.002381 0.002381 0.002381 0.001190 0.003571 0.001190 0.000000 0.000000 0.008333 0.007143 0.005952 0.004762 0.003571 0.003571 0.004762 0.008333 0.002381 0.000000 0.000000 0.010714 0.000000 0.000000 0.000000 0.000000 0.000000 0.005952 0.005952 0.005952 0.015476 0.007143 0.009524 0.009524 0.009524
0.007143 0.005952 0.000000 0.000000 0.000000 0.001190 0.001190 0.001190 0.001190 0.000000 0.000000 0.003571 0.001190 0.002381 0.003571 0.007143 0.003571 0.015476 0.000000 0.021429 0.017857 0.016667 0.021429 0.017857 0.000000 0.002381 0.002381 0.002381 0.001190 0.002381 0.003571 0.000000 0.000000 0.001190 0.010714 0.010714 0.007143 0.005952 0.005952 0.004762 0.003571 0.000000 0.002381 0.004762 0.003571 0.008333 0.005952 0.000000 0.000000 0.008333 0.007143 0.007143 0.007143 0.000000 0.000000 0.000000 0.005952 0.008333 0.011905 0.008333 0.008333 0.011905 0.010714
0.008333 0.008333 0.005952 0.004762 0.004762 0.002381 0.002381 0.002381 0.002381 0.001190 0.001190 0.004762 0.005952 0.003571 0.003571 0.004762 0.017857 0.015476 0.000000 0.000000 0.022619 0.025000 0.023810 0.022619 0.002381 0.003571 0.001190 0.003571 0.002381 0.002381 0.000000 0.000000 0.000000 0.010714 0.003571 0.004762 0.004762 0.001190 0.003571 0.004762 0.005952 0.003571 0.002381 0.007143 0.008333 0.007143 0.007143 0.004762 0.000000 0.009524 0.009524 0.008333 0.007143 0.011905 0.000000 0.000000 0.008333 0.009524 0.010714 0.009524 0.010714 0.011905 0.010714
0.008333 0.001190 0.007143 0.004762 0.004762 0.000000 0.000000 0.000000 0.000000 0.002381 0.000000 0.000000 0.005952 0.004762 0.002381 0.001190 0.016667 0.000000 0.000000 0.000000 0.023810 0.000000 0.023810 0.022619 0.003571 0.026190 0.003571 0.004762 0.001190 0.002381 0.000000 0.003571 0.007143 0.007143 0.003571 0.002381 0.002381 0.000000 0.002381 0.003571 0.003571 0.003571 0.005952 0.005952 0.003571 0.003571 0.004762 0.005952 0.005952 0.005952 0.002381 0.007143 0.009524 0.008333 0.003571 0.002381 0.008333 0.008333 0.008333 0.011905 0.013095 0.014286 0.013095
0.000000 0.000000 0.004762 0.005952 0.002381 0.000000 0.000000 0.000000 0.001190 0.000000 0.000000 0.001190 0.007143 0.005952 0.002381 0.001190 0.004762 0.000000 0.000000 0.000000 0.000000 0.000000 0.020238 0.022619 0.026190 0.025000 0.001190 0.002381 0.001190 0.001190 0.002381 0.001190 0.010714 0.005952 0.002381 0.003571 0.001190 0.001190 0.009524 0.011905 0.009524 0.007143 0.003571 0.008333 0.008333 0.011905 0.017857 0.005952 0.003571 0.004762 0.003571 0.004762 0.005952 0.003571 0.003571 0.003571 0.000000 0.000000 0.011905 0.017857 0.015476 0.010714 0.009524
0.000000 0.001190 0.005952 0.004762 0.007143 0.005952 0.005952 0.000000 0.001190 0.002381 0.001190 0.000000 0.001190 0.005952 0.002381 0.001190 0.001190 0.000000 0.000000 0.000000 0.000000 0.000000 0.000000 0.023810 0.000000 0.000000 0.004762 0.005952 0.004762 0.001190 0.000000 0.001190 0.001190 0.003571 0.004762 0.008333 0.007143 0.009524 0.011905 0.010714 0.008333 0.010714 0.003571 0.007143 0.007143 0.004762 0.016667 0.014286 0.002381 0.003571 0.002381 0.001190 0.004762 0.014286 0.016667 0.014286 0.002381 0.000000 0.000000 0.000000 0.015476 0.010714 0.060714
0.019048 0.020238 0.004762 0.005952 0.003571 0.008333 0.007143 0.002381 0.002381 0.005952 0.004762 0.000000 0.001190 0.000000 0.004762 0.001190 0.002381 0.001190 0.000000 0.000000 0.000000 0.003571 0.000000 0.005952 0.000000 0.000000 0.000000 0.000000 0.000000 0.000000 0.009524 0.004762 0.003571 0.000000 0.000000 0.000000 0.008333 0.009524 0.013095 0.014286 0.009524 0.011905 0.010714 0.007143 0.004762 0.005952 0.013095 0.016667 0.016667 0.014286 0.014286 0.015476 0.007143 0.009524 0.034524 0.023810 0.002381 0.000000 0.000000 0.000000 0.017857 0.064286 0.064286
0.019048 0.021429 0.005952 0.007143 0.009524 0.008333 0.008333 0.004762 0.005952 0.005952 0.004762 0.001190 0.000000 0.000000 0.001190 0.000000 0.000000 0.013095 0.011905 0.000000 0.000000 0.001190 0.003571 0.007143 0.000000 0.000000 0.000000 0.000000 0.000000 0.008333 0.003571 0.003571 0.000000 0.000000 0.001190 0.000000 0.001190 0.011905 0.011905 0.011905 0.014286 0.007143 0.008333 0.008333 0.009524 0.016667 0.016667 0.015476 0.017857 0.015476 0.019048 0.026190 0.013095 0.009524 0.058333 0.055952 0.036905 0.000000 0.000000 0.000000 0.042857 0.025000 0.044048
0.019048 0.001190 0.007143 0.004762 0.004762 0.007143 0.007143 0.010714 0.007143 0.005952 0.007143 0.002381 0.000000 0.001190 0.001190 0.000000 0.010714 0.002381 0.002381 0.002381 0.002381 0.003571 0.000000 0.000000 0.000000 0.000000 0.005952 0.002381 0.005952 0.004762 0.001190 0.001190 0.002381 0.000000 0.002381 0.000000 0.000000 0.015476 0.013095 0.015476 0.016667 0.009524 0.004762 0.007143 0.009524 0.004762 0.007143 0.016667 0.017857 0.017857 0.020238 0.025000 0.014286 0.015476 0.069048 0.065476 0.071429 0.000000 0.000000 0.000000 0.000000 0.000000 0.046429
0.000000 0.004762 0.003571 0.008333 0.008333 0.010714 0.011905 0.010714 0.007143 0.000000 0.003571 0.000000 0.002381 0.002381 0.003571 0.007143 0.000000 0.001190 0.001190 0.001190 0.001190 0.005952 0.005952 0.000000 0.000000 0.003571 0.001190 0.002381 0.000000 0.000000 0.000000 0.001190 0.000000 0.000000 0.002381 0.000000 0.000000 0.014286 0.016667 0.015476 0.016667 0.010714 0.008333 0.010714 0.008333 0.011905 0.009524 0.017857 0.019048 0.016667 0.019048 0.025000 0.033333 0.022619 0.026190 0.078571 0.075000 0.003571 0.003571 0.000000 0.000000 0.000000 0.000000
0.000000 0.005952 0.013095 0.010714 0.010714 0.010714 0.011905 0.011905 0.010714 0.001190 0.001190 0.002381 0.005952 0.008333 0.013095 0.011905 0.000000 0.000000 0.002381 0.001190 0.001190 0.004762 0.005952 0.002381 0.003571 0.002381 0.020238 0.000000 0.000000 0.001190 0.000000 0.002381 0.002381 0.000000 0.001190 0.000000 0.000000 0.000000 0.000000 0.005952 0.000000 0.005952 0.010714 0.013095 0.015476 0.011905 0.007143 0.025000 0.025000 0.019048 0.020238 0.039286 0.041667 0.021429 0.023810 0.080952 0.086905 0.085714 0.003571 0.000000 0.000000 0.000000 0.000000
0.000000 0.000000 0.011905 0.014286 0.013095 0.017857 0.015476 0.000000 0.001190 0.001190 0.001190 0.002381 0.011905 0.013095 0.016667 0.001190 0.000000 0.000000 0.000000 0.002381 0.001190 0.000000 0.002381 0.000000 0.000000 0.000000 0.045238 0.001190 0.003571 0.002381 0.004762 0.002381 0.002381 0.000000 0.000000 0.000000 0.000000 0.002381 0.002381 0.000000 0.000000 0.003571 0.013095 0.011905 0.015476 0.017857 0.009524 0.010714 0.007143 0.027381 0.000000 0.050000 0.053571 0.028571 0.034524 0.091667 0.088095 0.092857 0.109524 0.007143 0.000000 0.000000 0.000000
0.000000 0.000000 0.014286 0.017857 0.003571 0.004762 0.004762 0.003571 0.004762 0.001190 0.002381 0.013095 0.017857 0.017857 0.017857 0.003571 0.002381 0.003571 0.003571 0.003571 0.003571 0.003571 0.003571 0.000000 0.000000 0.026190 0.002381 0.004762 0.001190 0.000000 0.002381 0.008333 0.000000 0.002381 0.000000 0.000000 0.003571 0.013095 0.010714 0.009524 0.015476 0.002381 0.001190 0.015476 0.021429 0.026190 0.023810 0.014286 0.010714 0.010714 0.025000 0.075000 0.020238 0.026190 0.033333 0.097619 0.096429 0.091667 0.113095 0.122619 0.004762 0.022619 0.023810
0.000000 0.000000 0.004762 0.019048 0.019048 0.004762 0.002381 0.001190 0.000000 0.002381 0.000000 0.017857 0.015476 0.017857 0.003571 0.002381 0.001190 0.003571 0.002381 0.003571 0.002381 0.003571 0.002381 0.002381 0.009524 0.001190 0.002381 0.003571 0.001190 0.000000 0.003571 0.007143 0.007143 0.000000 0.000000 0.000000 0.003571 0.011905 0.011905 0.014286 0.001190 0.000000 0.015476 0.019048 0.030952 0.025000 0.021429 0.022619 0.027381 0.011905 0.028571 0.029762 0.022619 0.027381 0.025000 0.100000 0.094048 0.110714 0.122619 0.000000 0.000000 0.053571 0.034524
0.000000 0.000000 0.000000 0.020238 0.004762 0.003571 0.001190 0.001190 0.000000 0.001190 0.019048 0.021429 0.002381 0.002381 0.040476 0.039286 0.004762 0.004762 0.045238 0.053571 0.002381 0.002381 0.005952 0.003571 0.003571 0.000000 0.002381 0.002381 0.007143 0.004762 0.003571 0.007143 0.000000 0.000000 0.000000 0.000000 0.003571 0.022619 0.022619 0.017857 0.015476 0.000000 0.001190 0.022619 0.032143 0.028571 0.025000 0.020238 0.030952 0.029762 0.027381 0.070238 0.028571 0.026190 0.028571 0.092857 0.095238 0.126190 0.004762 0.004762 0.005952 0.069048 0.044048
0.000000 0.002381 0.002381 0.017857 0.019048 0.004762 0.002381 0.003571 0.002381 0.034524 0.025000 0.042857 0.005952 0.007143 0.008333 0.008333 0.005952 0.001190 0.001190 0.000000 0.003571 0.000000 0.001190 0.007143 0.003571 0.005952 0.004762 0.009524 0.009524 0.029762 0.009524 0.027381 0.026190 0.000000 0.000000 0.000000 0.026190 0.022619 0.028571 0.026190 0.025000 0.025000 0.022619 0.025000 0.025000 0.025000 0.030952 0.027381 0.027381 0.029762 0.000000 0.027381 0.070238 0.027381 0.028571 0.036905 0.039286 0.141667 0.129762 0.101190 0.063095 0.069048 0.047619
0.007143 0.030952 0.000000 0.019048 0.023810 0.004762 0.021429 0.029762 0.025000 0.002381 0.019048 0.010714 0.002381 0.007143 0.000000 0.000000 0.001190 0.001190 0.008333 0.001190 0.003571 0.004762 0.005952 0.005952 0.005952 0.007143 0.011905 0.029762 0.038095 0.033333 0.035714 0.040476 0.034524 0.033333 0.038095 0.036905 0.032143 0.039286 0.040476 0.033333 0.036905 0.032143 0.023810 0.025000 0.022619 0.021429 0.025000 0.000000 0.030952 0.027381 0.066667 0.067857 0.067857 0.065476 0.038095 0.046429 0.034524 0.147619 0.133333 0.129762 0.065476 0.055952 0.052381
0.005952 0.007143 0.014286 0.017857 0.021429 0.017857 0.022619 0.019048 0.035714 0.010714 0.008333 0.001190 0.000000 0.002381 0.007143 0.009524 0.011905 0.015476 0.017857 0.022619 0.008333 0.007143 0.005952 0.004762 0.004762 0.004762 0.032143 0.032143 0.034524 0.003571 0.005952 0.009524 0.028571 0.026190 0.038095 0.027381 0.039286 0.047619 0.046429 0.051190 0.044048 0.046429 0.034524 0.036905 0.027381 0.032143 0.038095 0.040476 0.033333 0.029762 0.070238 0.076190 0.079762 0.045238 0.025000 0.019048 0.020238 0.222619 0.015476 0.013095 0.026190 0.030952 0.000000
0.002381 0.003571 0.010714 0.013095 0.011905 0.019048 0.016667 0.015476 0.007143 0.001190 0.001190 0.001190 0.010714 0.008333 0.013095 0.016667 0.016667 0.026190 0.030952 0.032143 0.041667 0.003571 0.001190 0.007143 0.005952 0.005952 0.008333 0.007143 0.039286 0.008333 0.011905 0.007143 0.034524 0.040476 0.046429 0.052381 0.059524 0.061905 0.066667 0.065476 0.067857 0.057143 0.036905 0.034524 0.036905 0.046429 0.047619 0.085714 0.096429 0.120238 0.159524 0.091667 0.060714 0.027381 0.020238 0.021429 0.017857 0.010714 0.015476 0.005952 0.003571 0.016667 0.000000
0.001190 0.001190 0.011905 0.010714 0.003571 0.021429 0.009524 0.011905 0.016667 0.014286 0.016667 0.014286 0.023810 0.020238 0.019048 0.015476 0.020238 0.020238 0.030952 0.036905 0.002381 0.002381 0.002381 0.005952 0.009524 0.009524 0.004762 0.005952 0.007143 0.008333 0.010714 0.005952 0.041667 0.040476 0.053571 0.059524 0.066667 0.075000 0.073810 0.080952 0.077381 0.067857 0.044048 0.039286 0.048810 0.070238 0.077381 0.095238 0.105952 0.141667 0.161905 0.073810 0.042857 0.040476 0.027381 0.030952 0.017857 0.009524 0.011905 0.010714 0.025000 0.019048 0.022619
0.000000 0.003571 0.003571 0.004762 0.004762 0.019048 0.017857 0.014286 0.025000 0.029762 0.028571 0.029762 0.033333 0.019048 0.020238 0.022619 0.032143 0.027381 0.032143 0.035714 0.038095 0.001190 0.005952 0.008333 0.009524 0.009524 0.005952 0.007143 0.008333 0.007143 0.005952 0.046429 0.051190 0.053571 0.065476 0.076190 0.070238 0.013095 0.083333 0.084524 0.017857 0.026190 0.051190 0.051190 0.059524 0.070238 0.098810 0.116667 0.109524 0.111905 0.071429 0.010714 0.048810 0.046429 0.044048 0.040476 0.028571 0.008333 0.008333 0.111905 0.117857 0.020238 0.026190
0.000000 0.002381 0.001190 0.003571 0.001190 0.019048 0.020238 0.021429 0.017857 0.025000 0.028571 0.032143 0.017857 0.023810 0.021429 0.033333 0.010714 0.003571 0.038095 0.027381 0.033333 0.038095 0.004762 0.004762 0.007143 0.008333 0.004762 0.009524 0.007143 0.005952 0.004762 0.059524 0.063095 0.055952 0.059524 0.070238 0.079762 0.011905 0.005952 0.015476 0.016667 0.014286 0.041667 0.021429 0.020238 0.063095 0.097619 0.140476 0.119048 0.110714 0.078571 0.010714 0.047619 0.005952 0.045238 0.045238 0.028571 0.041667 0.008333 0.171429 0.008333 0.004762 0.022619
0.000000 0.000000 0.000000 0.016667 0.014286 0.017857 0.017857 0.016667 0.023810 0.019048 0.005952 0.010714 0.017857 0.034524 0.033333 0.009524 0.005952 0.013095 0.010714 0.036905 0.030952 0.041667 0.003571 0.007143 0.005952 0.007143 0.004762 0.004762 0.007143 0.004762 0.005952 0.064286 0.069048 0.071429 0.069048 0.080952 0.080952 0.014286 0.011905 0.016667 0.015476 0.034524 0.038095 0.004762 0.016667 0.134524 0.119048 0.141667 0.094048 0.091667 0.016667 0.010714 0.009524 0.010714 0.028571 0.021429 0.029762 0.044048 0.004762 0.208333 0.007143 0.009524 0.013095
