FireSTARR/test/output/NOR/NOR072/2018-07-20_0000/intensity_M_203_2018-07-22.asc
ncols         382
nrows         322
xllcorner     527743.378600
yllcorner     5242402.364000
cellsize      100.000000
NODATA_value  0.000000
[rows 84 to 111 of 322, columns 315 to 377 of 382]
0.000000 0.000000 0.000000 0.000000 0.000000 0.000000 0.000000 0.000000 0.000000 0.000000 0.000000 0.000000 0.000000 0.000000 0.000000 0.000000 0.000000 0.000000 0.000000 0.000000 0.000000 0.000000 0.008333 0.011905 0.020238 0.046429 0.028571 0.008333 0.007143 0.009524 0.005952 0.003571 0.000000 0.000000 0.007143 0.003571 0.007143 0.003571 0.001190 0.000000 0.000000 0.000000 0.000000 0.000000 0.000000 0.000000 0.000000 0.000000 0.000000 0.000000 0.000000 0.000000 0.000000 0.000000 0.000000 0.000000 0.000000 0.000000 0.000000 0.000000 0.000000 0.000000 0.000000
0.000000 0.000000 0.000000 0.000000 0.000000 0.000000 0.000000 0.000000 0.000000 0.000000 0.000000 0.000000 0.000000 0.000000 0.000000 0.000000 0.000000 0.000000 0.000000 0.000000 0.028571 0.000000 0.000000 0.123810 0.092857 0.089286 0.000000 0.000000 0.004762 0.009524 0.007143 0.004762 0.000000 0.017857 0.015476 0.010714 0.008333 0.001190 0.003571 0.001190 0.001190 0.000000 0.000000 0.000000 0.000000 0.000000 0.000000 0.000000 0.000000 0.000000 0.000000 0.000000 0.000000 0.000000 0.000000 0.000000 0.000000 0.000000 0.000000 0.000000 0.000000 0.000000 0.000000
0.000000 0.000000 0.000000 0.000000 0.000000 0.000000 0.000000 0.000000 0.000000 0.000000 0.000000 0.000000 0.000000 0.000000 0.000000 0.000000 0.000000 0.000000 0.000000 0.029762 0.025000 0.000000 0.016667 0.133333 0.108333 0.108333 0.000000 0.001190 0.003571 0.008333 0.007143 0.005952 0.000000 0.013095 0.010714 0.010714 0.009524 0.004762 0.003571 0.001190 0.001190 0.001190 0.000000 0.000000 0.000000 0.000000 0.000000 0.000000 0.000000 0.000000 0.000000 0.000000 0.000000 0.000000 0.000000 0.000000 0.000000 0.000000 0.000000 0.000000 0.000000 0.000000 0.000000
0.000000 0.000000 0.000000 0.000000 0.000000 0.000000 0.000000 0.000000 0.000000 0.000000 0.000000 0.000000 0.000000 0.000000 0.000000 0.000000 0.000000 0.000000 0.000000 0.000000 0.025000 0.013095 0.017857 0.140476 0.136905 0.002381 0.127381 0.001190 0.013095 0.010714 0.009524 0.008333 0.000000 0.000000 0.008333 0.020238 0.016667 0.004762 0.001190 0.002381 0.003571 0.004762 0.001190 0.000000 0.000000 0.000000 0.000000 0.000000 0.000000 0.000000 0.000000 0.000000 0.000000 0.000000 0.000000 0.000000 0.000000 0.000000 0.000000 0.000000 0.000000 0.000000 0.000000
0.000000 0.000000 0.000000 0.000000 0.000000 0.000000 0.000000 0.000000 0.000000 0.000000 0.000000 0.000000 0.000000 0.000000 0.000000 0.000000 0.000000 0.000000 0.038095 0.000000 0.026190 0.015476 0.014286 0.146429 0.141667 0.001190 0.123810 0.014286 0.011905 0.010714 0.007143 0.000000 0.000000 0.013095 0.011905 0.026190 0.021429 0.005952 0.001190 0.004762 0.003571 0.002381 0.001190 0.000000 0.000000 0.000000 0.000000 0.000000 0.000000 0.000000 0.000000 0.000000 0.000000 0.000000 0.000000 0.000000 0.000000 0.000000 0.000000 0.000000 0.000000 0.000000 0.000000
0.000000 0.000000 0.000000 0.000000 0.000000 0.000000 0.000000 0.000000 0.000000 0.000000 0.000000 0.000000 0.000000 0.000000 0.000000 0.000000 0.000000 0.000000 0.000000 0.036905 0.032143 0.015476 0.010714 0.008333 0.164286 0.002381 0.125000 0.014286 0.009524 0.010714 0.010714 0.000000 0.000000 0.019048 0.019048 0.019048 0.022619 0.007143 0.001190 0.004762 0.001190 0.002381 0.001190 0.000000 0.000000 0.000000 0.000000 0.000000 0.000000 0.000000 0.000000 0.000000 0.000000 0.000000 0.000000 0.000000 0.000000 0.000000 0.000000 0.000000 0.000000 0.000000 0.000000
0.000000 0.000000 0.000000 0.000000 0.000000 0.000000 0.000000 0.000000 0.000000 0.000000 0.000000 0.000000 0.000000 0.000000 0.000000 0.000000 0.000000 0.000000 0.000000 0.050000 0.038095 0.020238 0.011905 0.008333 0.003571 0.001190 0.111905 0.014286 0.013095 0.014286 0.015476 0.013095 0.000000 0.022619 0.023810 0.000000 0.000000 0.023810 0.007143 0.009524 0.005952 0.002381 0.001190 0.000000 0.000000 0.000000 0.000000 0.000000 0.000000 0.000000 0.000000 0.000000 0.000000 0.000000 0.000000 0.000000 0.000000 0.000000 0.000000 0.000000 0.000000 0.000000 0.000000
0.000000 0.000000 0.000000 0.000000 0.000000 0.000000 0.000000 0.000000 0.000000 0.000000 0.000000 0.000000 0.000000 0.000000 0.000000 0.000000 0.000000 0.000000 0.000000 0.000000 0.000000 0.008333 0.014286 0.011905 0.009524 0.155952 0.080952 0.014286 0.015476 0.016667 0.016667 0.011905 0.007143 0.007143 0.014286 0.000000 0.013095 0.016667 0.017857 0.005952 0.007143 0.004762 0.001190 0.000000 0.000000 0.000000 0.000000 0.000000 0.000000 0.000000 0.000000 0.000000 0.000000 0.000000 0.000000 0.000000 0.000000 0.000000 0.000000 0.000000 0.000000 0.000000 0.000000
0.000000 0.000000 0.000000 0.000000 0.000000 0.000000 0.000000 0.000000 0.000000 0.000000 0.000000 0.000000 0.000000 0.000000 0.000000 0.000000 0.000000 0.000000 0.000000 0.000000 0.000000 0.015476 0.014286 0.000000 0.003571 0.167857 0.014286 0.017857 0.016667 0.015476 0.015476 0.013095 0.086905 0.092857 0.016667 0.013095 0.014286 0.016667 0.017857 0.010714 0.005952 0.001190 0.000000 0.000000 0.000000 0.000000 0.000000 0.000000 0.000000 0.000000 0.000000 0.000000 0.000000 0.000000 0.000000 0.000000 0.000000 0.000000 0.000000 0.000000 0.000000 0.000000 0.000000
0.000000 0.000000 0.000000 0.000000 0.000000 0.000000 0.000000 0.000000 0.000000 0.000000 0.000000 0.000000 0.000000 0.000000 0.000000 0.000000 0.000000 0.000000 0.000000 0.000000 0.000000 0.000000 0.000000 0.000000 0.002381 0.035714 0.022619 0.023810 0.020238 0.019048 0.017857 0.011905 0.009524 0.121429 0.000000 0.004762 0.005952 0.001190 0.001190 0.001190 0.001190 0.000000 0.000000 0.000000 0.000000 0.000000 0.000000 0.000000 0.000000 0.000000 0.000000 0.000000 0.000000 0.000000 0.000000 0.000000 0.000000 0.000000 0.000000 0.000000 0.000000 0.000000 0.000000
0.000000 0.000000 0.000000 0.000000 0.000000 0.000000 0.000000 0.000000 0.000000 0.000000 0.000000 0.000000 0.000000 0.000000 0.000000 0.000000 0.000000 0.000000 0.000000 0.000000 0.003571 0.004762 0.000000 0.000000 0.002381 0.026190 0.026190 0.022619 0.022619 0.017857 0.015476 0.010714 0.001190 0.000000 0.004762 0.020238 0.002381 0.005952 0.004762 0.002381 0.001190 0.001190 0.001190 0.000000 0.000000 0.000000 0.000000 0.000000 0.000000 0.000000 0.000000 0.000000 0.000000 0.000000 0.000000 0.000000 0.000000 0.000000 0.000000 0.000000 0.000000 0.000000 0.000000
0.000000 0.000000 0.000000 0.000000 0.000000 0.000000 0.000000 0.000000 0.000000 0.000000 0.000000 0.000000 0.000000 0.000000 0.004762 0.005952 0.002381 0.000000 0.007143 0.007143 0.004762 0.004762 0.003571 0.021429 0.010714 0.010714 0.010714 0.013095 0.007143 0.009524 0.029762 0.002381 0.000000 0.001190 0.016667 0.020238 0.020238 0.005952 0.005952 0.003571 0.002381 0.001190 0.001190 0.001190 0.001190 0.000000 0.000000 0.000000 0.000000 0.000000 0.000000 0.000000 0.000000 0.000000 0.000000 0.000000 0.000000 0.000000 0.000000 0.000000 0.000000 0.000000 0.000000
0.000000 0.000000 0.000000 0.000000 0.000000 0.000000 0.000000 0.000000 0.000000 0.000000 0.000000 0.000000 0.000000 0.000000 0.002381 0.002381 0.000000 0.004762 0.004762 0.004762 0.005952 0.007143 0.007143 0.027381 0.228571 0.014286 0.016667 0.015476 0.009524 0.005952 0.003571 0.002381 0.000000 0.008333 0.009524 0.016667 0.014286 0.027381 0.017857 0.003571 0.003571 0.002381 0.001190 0.001190 0.001190 0.001190 0.000000 0.000000 0.000000 0.000000 0.000000 0.000000 0.000000 0.000000 0.000000 0.000000 0.000000 0.000000 0.000000 0.000000 0.000000 0.000000 0.000000
0.000000 0.000000 0.000000 0.000000 0.000000 0.000000 0.000000 0.000000 0.000000 0.000000 0.000000 0.000000 0.001190 0.001190 0.001190 0.000000 0.000000 0.029762 0.003571 0.004762 0.004762 0.005952 0.208333 0.223810 0.236905 0.016667 0.015476 0.015476 0.019048 0.001190 0.003571 0.002381 0.001190 0.011905 0.015476 0.009524 0.011905 0.029762 0.015476 0.005952 0.010714 0.014286 0.002381 0.001190 0.001190 0.001190 0.000000 0.000000 0.000000 0.000000 0.001190 0.000000 0.000000 0.000000 0.000000 0.000000 0.000000 0.000000 0.000000 0.000000 0.000000 0.000000 0.000000
0.000000 0.000000 0.000000 0.000000 0.000000 0.000000 0.000000 0.000000 0.000000 0.000000 0.000000 0.001190 0.000000 0.009524 0.002381 0.000000 0.000000 0.002381 0.004762 0.004762 0.204762 0.225000 0.223810 0.214286 0.232143 0.017857 0.014286 0.016667 0.003571 0.004762 0.002381 0.002381 0.007143 0.010714 0.013095 0.008333 0.010714 0.027381 0.020238 0.011905 0.008333 0.008333 0.003571 0.002381 0.002381 0.002381 0.001190 0.000000 0.000000 0.002381 0.001190 0.000000 0.000000 0.000000 0.000000 0.000000 0.000000 0.000000 0.000000 0.000000 0.000000 0.000000 0.000000
0.000000 0.000000 0.000000 0.000000 0.000000 0.000000 0.000000 0.000000 0.001190 0.000000 0.001190 0.008333 0.002381 0.000000 0.000000 0.001190 0.029762 0.030952 0.045238 0.042857 0.227381 0.233333 0.208333 0.208333 0.000000 0.002381 0.001190 0.010714 0.001190 0.002381 0.000000 0.000000 0.001190 0.010714 0.008333 0.011905 0.010714 0.023810 0.020238 0.015476 0.013095 0.009524 0.003571 0.002381 0.000000 0.002381 0.001190 0.000000 0.000000 0.002381 0.000000 0.000000 0.000000 0.000000 0.000000 0.000000 0.000000 0.000000 0.000000 0.000000 0.000000 0.000000 0.000000
0.000000 0.000000 0.000000 0.000000 0.000000 0.000000 0.000000 0.000000 0.000000 0.009524 0.002381 0.002381 0.000000 0.002381 0.005952 0.032143 0.035714 0.035714 0.042857 0.023810 0.021429 0.002381 0.001190 0.001190 0.001190 0.005952 0.000000 0.000000 0.000000 0.001190 0.000000 0.010714 0.013095 0.009524 0.007143 0.017857 0.007143 0.023810 0.026190 0.020238 0.016667 0.010714 0.008333 0.005952 0.003571 0.001190 0.000000 0.000000 0.000000 0.000000 0.000000 0.000000 0.000000 0.000000 0.000000 0.000000 0.000000 0.000000 0.000000 0.000000 0.000000 0.000000 0.000000
0.000000 0.000000 0.000000 0.000000 0.000000 0.000000 0.000000 0.007143 0.008333 0.002381 0.003571 0.005952 0.010714 0.027381 0.029762 0.032143 0.033333 0.013095 0.014286 0.009524 0.014286 0.011905 0.004762 0.014286 0.023810 0.014286 0.000000 0.003571 0.000000 0.001190 0.002381 0.002381 0.011905 0.015476 0.009524 0.010714 0.030952 0.025000 0.027381 0.022619 0.020238 0.003571 0.002381 0.005952 0.003571 0.002381 0.001190 0.000000 0.000000 0.000000 0.000000 0.000000 0.000000 0.000000 0.000000 0.000000 0.000000 0.000000 0.000000 0.000000 0.000000 0.000000 0.000000
0.000000 0.000000 0.000000 0.000000 0.000000 0.000000 0.000000 0.002381 0.008333 0.005952 0.023810 0.019048 0.027381 0.028571 0.009524 0.014286 0.030952 0.011905 0.015476 0.011905 0.204762 0.234524 0.010714 0.003571 0.017857 0.019048 0.003571 0.005952 0.005952 0.001190 0.003571 0.007143 0.008333 0.008333 0.014286 0.021429 0.010714 0.019048 0.026190 0.027381 0.002381 0.003571 0.002381 0.002381 0.003571 0.004762 0.002381 0.000000 0.000000 0.000000 0.000000 0.000000 0.000000 0.000000 0.000000 0.000000 0.000000 0.000000 0.000000 0.000000 0.000000 0.000000 0.000000
0.000000 0.000000 0.000000 0.000000 0.000000 0.000000 0.016667 0.020238 0.016667 0.020238 0.021429 0.026190 0.025000 0.019048 0.002381 0.007143 0.004762 0.003571 0.003571 0.013095 0.188095 0.238095 0.020238 0.019048 0.025000 0.020238 0.014286 0.000000 0.004762 0.003571 0.004762 0.003571 0.013095 0.019048 0.016667 0.014286 0.023810 0.022619 0.019048 0.020238 0.002381 0.011905 0.003571 0.002381 0.003571 0.003571 0.001190 0.000000 0.000000 0.002381 0.000000 0.000000 0.000000 0.000000 0.000000 0.000000 0.000000 0.000000 0.000000 0.000000 0.000000 0.000000 0.000000
0.000000 0.000000 0.000000 0.000000 0.000000 0.014286 0.021429 0.026190 0.019048 0.010714 0.017857 0.008333 0.009524 0.016667 0.004762 0.003571 0.000000 0.009524 0.013095 0.014286 0.035714 0.184524 0.052381 0.052381 0.047619 0.019048 0.015476 0.008333 0.004762 0.004762 0.004762 0.005952 0.003571 0.002381 0.016667 0.019048 0.020238 0.015476 0.023810 0.004762 0.014286 0.010714 0.010714 0.013095 0.002381 0.002381 0.005952 0.004762 0.001190 0.002381 0.001190 0.000000 0.000000 0.000000 0.000000 0.000000 0.000000 0.000000 0.000000 0.000000 0.000000 0.000000 0.000000
0.000000 0.000000 0.000000 0.000000 0.000000 0.020238 0.026190 0.004762 0.011905 0.010714 0.015476 0.013095 0.008333 0.002381 0.004762 0.004762 0.007143 0.011905 0.013095 0.007143 0.034524 0.175000 0.201190 0.070238 0.058333 0.046429 0.028571 0.004762 0.004762 0.005952 0.004762 0.003571 0.003571 0.003571 0.015476 0.007143 0.005952 0.003571 0.003571 0.016667 0.016667 0.011905 0.013095 0.015476 0.013095 0.008333 0.007143 0.004762 0.003571 0.002381 0.000000 0.000000 0.000000 0.000000 0.000000 0.000000 0.000000 0.000000 0.000000 0.000000 0.000000 0.000000 0.000000
0.000000 0.000000 0.000000 0.000000 0.000000 0.028571 0.001190 0.005952 0.009524 0.009524 0.022619 0.038095 0.040476 0.003571 0.003571 0.000000 0.007143 0.009524 0.033333 0.026190 0.029762 0.204762 0.202381 0.071429 0.065476 0.048810 0.029762 0.001190 0.007143 0.003571 0.002381 0.000000 0.002381 0.003571 0.008333 0.005952 0.005952 0.004762 0.003571 0.019048 0.017857 0.010714 0.013095 0.015476 0.015476 0.011905 0.008333 0.003571 0.002381 0.001190 0.000000 0.000000 0.000000 0.000000 0.000000 0.000000 0.000000 0.000000 0.000000 0.000000 0.000000 0.000000 0.000000
0.000000 0.000000 0.000000 0.000000 0.010714 0.002381 0.004762 0.003571 0.008333 0.039286 0.041667 0.036905 0.040476 0.003571 0.005952 0.002381 0.008333 0.026190 0.032143 0.025000 0.203571 0.207143 0.200000 0.223810 0.058333 0.035714 0.007143 0.008333 0.011905 0.007143 0.003571 0.003571 0.002381 0.003571 0.002381 0.013095 0.011905 0.014286 0.004762 0.010714 0.019048 0.016667 0.009524 0.016667 0.014286 0.013095 0.008333 0.005952 0.004762 0.003571 0.000000 0.000000 0.000000 0.000000 0.000000 0.000000 0.000000 0.000000 0.000000 0.000000 0.000000 0.000000 0.000000
0.000000 0.000000 0.011905 0.011905 0.021429 0.003571 0.003571 0.003571 0.007143 0.005952 0.032143 0.032143 0.032143 0.029762 0.027381 0.002381 0.002381 0.035714 0.033333 0.026190 0.207143 0.188095 0.189286 0.009524 0.000000 0.011905 0.011905 0.004762 0.013095 0.011905 0.008333 0.005952 0.008333 0.005952 0.009524 0.009524 0.009524 0.005952 0.000000 0.007143 0.017857 0.000000 0.010714 0.014286 0.017857 0.013095 0.013095 0.009524 0.004762 0.005952 0.000000 0.000000 0.000000 0.000000 0.000000 0.000000 0.000000 0.000000 0.000000 0.000000 0.000000 0.000000 0.000000
0.000000 0.011905 0.010714 0.016667 0.010714 0.007143 0.002381 0.009524 0.017857 0.017857 0.023810 0.026190 0.028571 0.025000 0.001190 0.002381 0.002381 0.001190 0.029762 0.029762 0.007143 0.005952 0.000000 0.000000 0.009524 0.015476 0.014286 0.014286 0.014286 0.016667 0.016667 0.014286 0.011905 0.008333 0.003571 0.003571 0.009524 0.005952 0.004762 0.015476 0.011905 0.016667 0.013095 0.010714 0.010714 0.011905 0.016667 0.007143 0.004762 0.005952 0.000000 0.000000 0.000000 0.000000 0.000000 0.000000 0.000000 0.000000 0.000000 0.000000 0.000000 0.000000 0.000000
0.017857 0.013095 0.020238 0.020238 0.010714 0.008333 0.007143 0.007143 0.008333 0.013095 0.014286 0.027381 0.027381 0.022619 0.001190 0.001190 0.000000 0.035714 0.030952 0.005952 0.007143 0.000000 0.000000 0.004762 0.010714 0.013095 0.013095 0.023810 0.032143 0.008333 0.005952 0.026190 0.013095 0.003571 0.008333 0.009524 0.004762 0.009524 0.004762 0.007143 0.010714 0.022619 0.016667 0.010714 0.000000 0.010714 0.015476 0.009524 0.008333 0.005952 0.000000 0.000000 0.000000 0.000000 0.000000 0.000000 0.000000 0.000000 0.000000 0.000000 0.000000 0.000000 0.000000
0.030952 0.026190 0.019048 0.019048 0.013095 0.021429 0.014286 0.007143 0.007143 0.002381 0.009524 0.010714 0.026190 0.000000 0.000000 0.000000 0.015476 0.014286 0.015476 0.008333 0.007143 0.000000 0.004762 0.010714 0.020238 0.021429 0.005952 0.005952 0.005952 0.034524 0.002381 0.004762 0.003571 0.002381 0.013095 0.009524 0.008333 0.005952 0.007143 0.000000 0.022619 0.020238 0.015476 0.000000 0.005952 0.013095 0.015476 0.011905 0.008333 0.001190 0.000000 0.000000 0.000000 0.000000 0.000000 0.000000 0.000000 0.000000 0.000000 0.000000 0.000000 0.000000 0.000000
