FireSTARR/test/output/NOR/NOR072/2018-07-20_0000/intensity_H_203_2018-07-22.asc
ncols         409
nrows         333
xllcorner     525043.378600
yllcorner     5242202.364000
cellsize      100.000000
NODATA_value  0.000000
[rows 56 to 83 of 333, columns 189 to 251 of 409]
0.001190 0.000000 0.000000 0.000000 0.002381 0.002381 0.002381 0.004762 0.004762 0.004762 0.003571 0.003571 0.004762 0.005952 0.005952 0.005952 0.007143 0.007143 0.005952 0.007143 0.007143 0.007143 0.007143 0.007143 0.005952 0.007143 0.009524 0.013095 0.007143 0.007143 0.010714 0.014286 0.009524 0.013095 0.015476 0.015476 0.016667 0.017857 0.019048 0.017857 0.047619 0.046429 0.046429 0.046429 0.047619 0.045238 0.038095 0.044048 0.025000 0.039286 0.025000 0.026190 0.026190 0.025000 0.017857 0.016667 0.020238 0.016667 0.000000 0.040476 0.044048 0.046429 0.046429
0.001190 0.001190 0.000000 0.000000 0.000000 0.002381 0.003571 0.005952 0.005952 0.005952 0.005952 0.005952 0.005952 0.007143 0.005952 0.005952 0.007143 0.007143 0.008333 0.008333 0.008333 0.008333 0.005952 0.005952 0.007143 0.007143 0.008333 0.008333 0.010714 0.016667 0.013095 0.014286 0.016667 0.016667 0.015476 0.016667 0.019048 0.016667 0.016667 0.017857 0.047619 0.048810 0.050000 0.051190 0.050000 0.047619 0.046429 0.046429 0.044048 0.042857 0.040476 0.036905 0.035714 0.035714 0.026190 0.021429 0.021429 0.029762 0.033333 0.042857 0.042857 0.042857 0.042857
0.001190 0.001190 0.001190 0.001190 0.000000 0.002381 0.005952 0.005952 0.005952 0.005952 0.005952 0.005952 0.007143 0.007143 0.007143 0.007143 0.008333 0.008333 0.008333 0.008333 0.008333 0.008333 0.010714 0.013095 0.007143 0.000000 0.015476 0.011905 0.015476 0.016667 0.016667 0.015476 0.015476 0.016667 0.016667 0.017857 0.019048 0.017857 0.046429 0.050000 0.050000 0.050000 0.051190 0.052381 0.052381 0.054762 0.050000 0.050000 0.051190 0.047619 0.044048 0.042857 0.040476 0.036905 0.035714 0.023810 0.025000 0.030952 0.034524 0.034524 0.036905 0.036905 0.036905
0.001190 0.001190 0.001190 0.001190 0.001190 0.003571 0.003571 0.005952 0.005952 0.005952 0.005952 0.005952 0.007143 0.007143 0.008333 0.008333 0.008333 0.008333 0.008333 0.008333 0.008333 0.008333 0.011905 0.008333 0.016667 0.019048 0.019048 0.019048 0.017857 0.017857 0.016667 0.017857 0.015476 0.016667 0.015476 0.015476 0.017857 0.020238 0.019048 0.048810 0.050000 0.048810 0.050000 0.051190 0.053571 0.054762 0.052381 0.053571 0.053571 0.051190 0.050000 0.048810 0.045238 0.038095 0.040476 0.039286 0.027381 0.034524 0.039286 0.038095 0.044048 0.042857 0.039286
0.002381 0.002381 0.002381 0.002381 0.005952 0.005952 0.005952 0.003571 0.005952 0.005952 0.005952 0.005952 0.008333 0.008333 0.008333 0.008333 0.008333 0.008333 0.008333 0.008333 0.009524 0.009524 0.009524 0.007143 0.014286 0.008333 0.020238 0.019048 0.019048 0.013095 0.013095 0.015476 0.017857 0.016667 0.014286 0.016667 0.019048 0.020238 0.019048 0.052381 0.051190 0.051190 0.053571 0.054762 0.055952 0.057143 0.054762 0.054762 0.054762 0.054762 0.054762 0.050000 0.048810 0.045238 0.044048 0.041667 0.028571 0.029762 0.033333 0.035714 0.046429 0.044048 0.040476
0.002381 0.000000 0.002381 0.002381 0.004762 0.005952 0.004762 0.004762 0.004762 0.005952 0.005952 0.005952 0.007143 0.008333 0.008333 0.008333 0.008333 0.008333 0.008333 0.000000 0.009524 0.009524 0.009524 0.010714 0.009524 0.008333 0.009524 0.009524 0.009524 0.011905 0.013095 0.013095 0.016667 0.020238 0.017857 0.019048 0.020238 0.021429 0.019048 0.050000 0.051190 0.052381 0.054762 0.055952 0.055952 0.054762 0.055952 0.055952 0.055952 0.055952 0.055952 0.054762 0.051190 0.051190 0.045238 0.044048 0.030952 0.034524 0.035714 0.033333 0.038095 0.042857 0.040476
0.000000 0.000000 0.001190 0.001190 0.001190 0.004762 0.004762 0.005952 0.005952 0.005952 0.005952 0.005952 0.000000 0.000000 0.008333 0.008333 0.008333 0.007143 0.000000 0.007143 0.008333 0.008333 0.005952 0.000000 0.009524 0.000000 0.010714 0.011905 0.014286 0.014286 0.015476 0.016667 0.016667 0.019048 0.017857 0.019048 0.020238 0.022619 0.021429 0.047619 0.051190 0.051190 0.051190 0.057143 0.055952 0.055952 0.054762 0.054762 0.055952 0.055952 0.055952 0.058333 0.058333 0.054762 0.050000 0.047619 0.038095 0.036905 0.038095 0.039286 0.039286 0.047619 0.042857
0.000000 0.000000 0.000000 0.001190 0.001190 0.004762 0.004762 0.004762 0.004762 0.005952 0.003571 0.002381 0.000000 0.004762 0.000000 0.004762 0.000000 0.000000 0.008333 0.008333 0.007143 0.000000 0.007143 0.005952 0.007143 0.000000 0.011905 0.011905 0.014286 0.016667 0.016667 0.017857 0.020238 0.019048 0.020238 0.022619 0.022619 0.021429 0.021429 0.048810 0.050000 0.050000 0.053571 0.055952 0.057143 0.055952 0.055952 0.055952 0.055952 0.057143 0.058333 0.059524 0.058333 0.057143 0.051190 0.046429 0.040476 0.040476 0.041667 0.042857 0.053571 0.047619 0.045238
0.000000 0.000000 0.001190 0.001190 0.001190 0.002381 0.003571 0.004762 0.002381 0.002381 0.002381 0.003571 0.003571 0.004762 0.000000 0.000000 0.007143 0.005952 0.007143 0.007143 0.005952 0.007143 0.008333 0.005952 0.005952 0.000000 0.011905 0.014286 0.016667 0.017857 0.017857 0.020238 0.021429 0.021429 0.023810 0.023810 0.021429 0.022619 0.022619 0.045238 0.047619 0.050000 0.050000 0.054762 0.058333 0.057143 0.055952 0.055952 0.055952 0.059524 0.058333 0.058333 0.058333 0.058333 0.055952 0.041667 0.042857 0.042857 0.040476 0.041667 0.053571 0.052381 0.036905
0.000000 0.001190 0.001190 0.001190 0.003571 0.003571 0.003571 0.004762 0.003571 0.003571 0.003571 0.003571 0.005952 0.007143 0.008333 0.008333 0.008333 0.008333 0.008333 0.007143 0.005952 0.005952 0.007143 0.007143 0.004762 0.000000 0.000000 0.015476 0.020238 0.022619 0.023810 0.026190 0.027381 0.026190 0.027381 0.027381 0.027381 0.023810 0.022619 0.023810 0.045238 0.046429 0.047619 0.051190 0.051190 0.057143 0.058333 0.058333 0.057143 0.059524 0.058333 0.058333 0.060714 0.059524 0.058333 0.047619 0.044048 0.041667 0.045238 0.045238 0.046429 0.061905 0.040476
0.001190 0.001190 0.003571 0.002381 0.002381 0.007143 0.007143 0.008333 0.007143 0.004762 0.005952 0.008333 0.008333 0.008333 0.008333 0.008333 0.008333 0.000000 0.008333 0.007143 0.007143 0.008333 0.005952 0.008333 0.000000 0.000000 0.000000 0.000000 0.025000 0.026190 0.029762 0.030952 0.030952 0.029762 0.030952 0.030952 0.029762 0.032143 0.028571 0.025000 0.025000 0.026190 0.025000 0.027381 0.032143 0.025000 0.025000 0.058333 0.058333 0.059524 0.058333 0.060714 0.060714 0.060714 0.058333 0.057143 0.046429 0.046429 0.048810 0.050000 0.064286 0.064286 0.060714
0.001190 0.003571 0.004762 0.004762 0.004762 0.010714 0.010714 0.009524 0.008333 0.009524 0.013095 0.010714 0.011905 0.013095 0.013095 0.010714 0.000000 0.011905 0.011905 0.014286 0.019048 0.019048 0.013095 0.013095 0.014286 0.000000 0.000000 0.000000 0.025000 0.030952 0.030952 0.030952 0.029762 0.033333 0.034524 0.033333 0.036905 0.033333 0.029762 0.029762 0.029762 0.029762 0.029762 0.029762 0.030952 0.028571 0.028571 0.053571 0.057143 0.060714 0.061905 0.059524 0.060714 0.060714 0.059524 0.060714 0.060714 0.047619 0.063095 0.063095 0.064286 0.065476 0.064286
0.003571 0.003571 0.003571 0.005952 0.003571 0.008333 0.008333 0.010714 0.010714 0.011905 0.013095 0.014286 0.010714 0.022619 0.021429 0.015476 0.015476 0.017857 0.021429 0.020238 0.021429 0.021429 0.022619 0.022619 0.021429 0.021429 0.022619 0.000000 0.000000 0.030952 0.032143 0.032143 0.035714 0.039286 0.040476 0.045238 0.039286 0.038095 0.034524 0.032143 0.030952 0.029762 0.030952 0.030952 0.030952 0.029762 0.029762 0.057143 0.057143 0.059524 0.058333 0.058333 0.058333 0.061905 0.061905 0.060714 0.061905 0.061905 0.052381 0.063095 0.064286 0.064286 0.065476
0.003571 0.003571 0.007143 0.008333 0.008333 0.004762 0.003571 0.011905 0.011905 0.013095 0.013095 0.011905 0.017857 0.019048 0.015476 0.015476 0.015476 0.020238 0.020238 0.021429 0.022619 0.023810 0.026190 0.029762 0.029762 0.029762 0.029762 0.029762 0.000000 0.000000 0.032143 0.038095 0.039286 0.040476 0.040476 0.048810 0.046429 0.042857 0.040476 0.038095 0.033333 0.035714 0.035714 0.034524 0.032143 0.030952 0.030952 0.029762 0.055952 0.059524 0.060714 0.060714 0.058333 0.059524 0.061905 0.059524 0.059524 0.063095 0.064286 0.065476 0.066667 0.065476 0.065476
0.008333 0.007143 0.009524 0.005952 0.005952 0.005952 0.005952 0.015476 0.014286 0.014286 0.015476 0.021429 0.020238 0.020238 0.014286 0.013095 0.014286 0.020238 0.019048 0.020238 0.021429 0.026190 0.026190 0.030952 0.030952 0.032143 0.030952 0.032143 0.035714 0.035714 0.038095 0.039286 0.039286 0.040476 0.041667 0.051190 0.052381 0.050000 0.048810 0.042857 0.038095 0.035714 0.036905 0.034524 0.035714 0.038095 0.035714 0.034524 0.032143 0.033333 0.063095 0.065476 0.063095 0.063095 0.061905 0.060714 0.059524 0.061905 0.063095 0.064286 0.065476 0.064286 0.065476
0.011905 0.008333 0.007143 0.005952 0.007143 0.009524 0.009524 0.017857 0.016667 0.015476 0.000000 0.020238 0.020238 0.022619 0.009524 0.015476 0.020238 0.023810 0.025000 0.022619 0.021429 0.022619 0.029762 0.025000 0.028571 0.030952 0.032143 0.033333 0.034524 0.039286 0.042857 0.044048 0.042857 0.041667 0.044048 0.046429 0.052381 0.054762 0.050000 0.046429 0.041667 0.038095 0.039286 0.038095 0.033333 0.038095 0.036905 0.034524 0.034524 0.035714 0.036905 0.038095 0.039286 0.040476 0.066667 0.065476 0.063095 0.065476 0.065476 0.065476 0.064286 0.045238 0.000000
0.011905 0.008333 0.009524 0.009524 0.011905 0.013095 0.020238 0.021429 0.021429 0.030952 0.000000 0.027381 0.026190 0.011905 0.014286 0.023810 0.025000 0.027381 0.028571 0.027381 0.023810 0.030952 0.029762 0.028571 0.025000 0.030952 0.032143 0.034524 0.039286 0.040476 0.042857 0.044048 0.044048 0.045238 0.045238 0.047619 0.052381 0.054762 0.054762 0.048810 0.044048 0.041667 0.036905 0.036905 0.040476 0.041667 0.039286 0.041667 0.045238 0.045238 0.047619 0.047619 0.050000 0.051190 0.052381 0.041667 0.046429 0.069048 0.071429 0.072619 0.071429 0.000000 0.000000
0.015476 0.007143 0.020238 0.011905 0.013095 0.026190 0.023810 0.023810 0.023810 0.033333 0.036905 0.034524 0.034524 0.019048 0.028571 0.026190 0.028571 0.028571 0.028571 0.028571 0.036905 0.034524 0.030952 0.029762 0.027381 0.026190 0.027381 0.029762 0.034524 0.039286 0.040476 0.042857 0.044048 0.045238 0.047619 0.046429 0.050000 0.055952 0.055952 0.053571 0.046429 0.041667 0.040476 0.039286 0.036905 0.041667 0.045238 0.045238 0.045238 0.047619 0.047619 0.046429 0.046429 0.047619 0.039286 0.040476 0.045238 0.042857 0.072619 0.073810 0.075000 0.076190 0.077381
0.005952 0.025000 0.023810 0.009524 0.027381 0.027381 0.023810 0.022619 0.025000 0.035714 0.039286 0.025000 0.036905 0.038095 0.027381 0.028571 0.027381 0.025000 0.017857 0.021429 0.039286 0.036905 0.034524 0.030952 0.032143 0.029762 0.033333 0.032143 0.032143 0.038095 0.039286 0.042857 0.044048 0.045238 0.046429 0.048810 0.051190 0.057143 0.060714 0.059524 0.055952 0.052381 0.046429 0.046429 0.045238 0.047619 0.045238 0.038095 0.039286 0.048810 0.051190 0.047619 0.048810 0.048810 0.046429 0.041667 0.046429 0.046429 0.077381 0.080952 0.079762 0.082143 0.083333
0.026190 0.028571 0.027381 0.029762 0.028571 0.029762 0.026190 0.025000 0.026190 0.025000 0.036905 0.040476 0.036905 0.038095 0.039286 0.029762 0.028571 0.023810 0.019048 0.015476 0.040476 0.039286 0.036905 0.029762 0.034524 0.030952 0.032143 0.030952 0.030952 0.028571 0.029762 0.036905 0.040476 0.040476 0.041667 0.048810 0.052381 0.051190 0.057143 0.059524 0.059524 0.057143 0.053571 0.053571 0.051190 0.051190 0.046429 0.045238 0.063095 0.057143 0.057143 0.051190 0.051190 0.052381 0.050000 0.041667 0.046429 0.052381 0.050000 0.084524 0.083333 0.083333 0.085714
0.027381 0.027381 0.027381 0.001190 0.001190 0.002381 0.027381 0.026190 0.027381 0.026190 0.033333 0.034524 0.035714 0.038095 0.044048 0.023810 0.045238 0.044048 0.041667 0.041667 0.042857 0.041667 0.034524 0.036905 0.039286 0.035714 0.034524 0.032143 0.030952 0.026190 0.017857 0.021429 0.032143 0.039286 0.040476 0.000000 0.055952 0.054762 0.060714 0.057143 0.059524 0.058333 0.055952 0.053571 0.054762 0.046429 0.046429 0.066667 0.066667 0.063095 0.059524 0.057143 0.052381 0.051190 0.047619 0.046429 0.048810 0.047619 0.051190 0.058333 0.090476 0.088095 0.090476
0.023810 0.002381 0.002381 0.002381 0.001190 0.001190 0.002381 0.026190 0.025000 0.022619 0.020238 0.034524 0.029762 0.036905 0.045238 0.044048 0.046429 0.045238 0.044048 0.045238 0.041667 0.039286 0.039286 0.038095 0.044048 0.040476 0.034524 0.034524 0.034524 0.032143 0.021429 0.013095 0.009524 0.000000 0.000000 0.052381 0.052381 0.057143 0.059524 0.061905 0.059524 0.058333 0.057143 0.057143 0.058333 0.055952 0.069048 0.067857 0.072619 0.070238 0.063095 0.061905 0.058333 0.054762 0.051190 0.053571 0.054762 0.050000 0.052381 0.053571 0.092857 0.091667 0.092857
0.014286 0.001190 0.002381 0.002381 0.001190 0.001190 0.002381 0.002381 0.002381 0.022619 0.020238 0.027381 0.029762 0.035714 0.045238 0.045238 0.044048 0.042857 0.045238 0.044048 0.045238 0.044048 0.039286 0.040476 0.044048 0.045238 0.045238 0.035714 0.034524 0.033333 0.030952 0.022619 0.005952 0.000000 0.000000 0.051190 0.053571 0.055952 0.059524 0.064286 0.064286 0.059524 0.055952 0.058333 0.058333 0.061905 0.072619 0.076190 0.075000 0.073810 0.069048 0.064286 0.065476 0.061905 0.061905 0.063095 0.055952 0.058333 0.051190 0.051190 0.089286 0.089286 0.090476
0.002381 0.002381 0.002381 0.002381 0.001190 0.001190 0.001190 0.002381 0.021429 0.020238 0.021429 0.023810 0.000000 0.040476 0.039286 0.042857 0.044048 0.044048 0.045238 0.045238 0.038095 0.036905 0.040476 0.041667 0.044048 0.046429 0.046429 0.044048 0.038095 0.026190 0.040476 0.034524 0.019048 0.000000 0.000000 0.052381 0.054762 0.057143 0.061905 0.064286 0.066667 0.064286 0.063095 0.051190 0.053571 0.077381 0.079762 0.077381 0.073810 0.076190 0.078571 0.073810 0.071429 0.070238 0.069048 0.066667 0.067857 0.064286 0.063095 0.061905 0.045238 0.083333 0.088095
0.008333 0.003571 0.002381 0.001190 0.001190 0.001190 0.001190 0.001190 0.021429 0.019048 0.019048 0.026190 0.000000 0.035714 0.033333 0.039286 0.041667 0.044048 0.045238 0.047619 0.038095 0.038095 0.040476 0.041667 0.045238 0.044048 0.048810 0.053571 0.058333 0.044048 0.038095 0.048810 0.035714 0.000000 0.000000 0.000000 0.057143 0.060714 0.066667 0.067857 0.071429 0.070238 0.066667 0.059524 0.050000 0.052381 0.079762 0.076190 0.076190 0.077381 0.077381 0.075000 0.071429 0.067857 0.067857 0.067857 0.070238 0.065476 0.061905 0.065476 0.063095 0.060714 0.080952
0.002381 0.003571 0.001190 0.001190 0.001190 0.001190 0.001190 0.002381 0.019048 0.020238 0.021429 0.034524 0.000000 0.038095 0.030952 0.039286 0.038095 0.036905 0.038095 0.044048 0.045238 0.054762 0.054762 0.057143 0.046429 0.046429 0.051190 0.053571 0.060714 0.059524 0.054762 0.055952 0.058333 0.000000 0.000000 0.000000 0.000000 0.066667 0.067857 0.070238 0.077381 0.115476 0.075000 0.071429 0.054762 0.051190 0.079762 0.076190 0.077381 0.079762 0.079762 0.078571 0.075000 0.072619 0.071429 0.071429 0.069048 0.066667 0.063095 0.063095 0.065476 0.063095 0.063095
0.002381 0.002381 0.001190 0.001190 0.001190 0.001190 0.002381 0.002381 0.022619 0.022619 0.022619 0.034524 0.034524 0.035714 0.029762 0.039286 0.028571 0.028571 0.033333 0.034524 0.035714 0.033333 0.000000 0.058333 0.060714 0.060714 0.046429 0.050000 0.059524 0.051190 0.064286 0.075000 0.078571 0.100000 0.000000 0.000000 0.000000 0.064286 0.070238 0.073810 0.076190 0.120238 0.121429 0.116667 0.064286 0.057143 0.079762 0.079762 0.077381 0.083333 0.083333 0.082143 0.078571 0.073810 0.070238 0.071429 0.071429 0.075000 0.067857 0.064286 0.067857 0.069048 0.071429
0.001190 0.002381 0.001190 0.001190 0.001190 0.001190 0.002381 0.019048 0.021429 0.022619 0.023810 0.035714 0.000000 0.035714 0.028571 0.027381 0.023810 0.023810 0.022619 0.022619 0.026190 0.000000 0.000000 0.000000 0.000000 0.064286 0.065476 0.051190 0.058333 0.048810 0.059524 0.060714 0.069048 0.109524 0.109524 0.105952 0.000000 0.000000 0.000000 0.077381 0.078571 0.125000 0.123810 0.120238 0.113095 0.097619 0.096429 0.084524 0.077381 0.078571 0.080952 0.078571 0.076190 0.075000 0.073810 0.072619 0.073810 0.076190 0.075000 0.064286 0.066667 0.072619 0.076190
