FireSTARR/test/output/NOR/NOR072/2018-07-20_0000/intensity_H_202_2018-07-21.asc
ncols         358
nrows         310
xllcorner     530143.378600
yllcorner     5243602.364000
cellsize      100.000000
NODATA_value  0.000000
[rows 224 to 251 of 310, columns 63 to 125 of 358]
0.063095 0.063095 0.061905 0.061905 0.058333 0.048810 0.045238 0.045238 0.042857 0.039286 0.029762 0.013095 0.010714 0.014286 0.016667 0.020238 0.019048 0.020238 0.000000 0.000000 0.047619 0.047619 0.047619 0.042857 0.033333 0.025000 0.003571 0.010714 0.010714 0.011905 0.013095 0.015476 0.017857 0.019048 0.011905 0.010714 0.010714 0.000000 0.000000 0.000000 0.098810 0.097619 0.084524 0.021429 0.046429 0.066667 0.060714 0.000000 0.055952 0.050000 0.023810 0.021429 0.000000 0.000000 0.000000 0.000000 0.000000 0.000000 0.000000 0.000000 0.000000 0.000000 0.000000
0.063095 0.063095 0.065476 0.064286 0.059524 0.058333 0.051190 0.050000 0.053571 0.052381 0.051190 0.017857 0.010714 0.000000 0.000000 0.000000 0.000000 0.000000 0.000000 0.000000 0.047619 0.050000 0.046429 0.045238 0.039286 0.027381 0.002381 0.002381 0.009524 0.009524 0.010714 0.011905 0.013095 0.013095 0.014286 0.003571 0.009524 0.004762 0.000000 0.000000 0.004762 0.105952 0.090476 0.084524 0.077381 0.073810 0.069048 0.000000 0.061905 0.054762 0.029762 0.022619 0.000000 0.000000 0.000000 0.000000 0.000000 0.000000 0.000000 0.000000 0.000000 0.000000 0.000000
0.059524 0.061905 0.065476 0.066667 0.063095 0.058333 0.054762 0.055952 0.076190 0.071429 0.064286 0.023810 0.000000 0.000000 0.000000 0.000000 0.000000 0.052381 0.000000 0.051190 0.042857 0.044048 0.047619 0.045238 0.041667 0.027381 0.002381 0.003571 0.005952 0.008333 0.009524 0.009524 0.003571 0.002381 0.002381 0.002381 0.003571 0.000000 0.000000 0.005952 0.107143 0.114286 0.102381 0.092857 0.085714 0.078571 0.075000 0.000000 0.063095 0.053571 0.038095 0.027381 0.000000 0.000000 0.004762 0.000000 0.000000 0.000000 0.000000 0.000000 0.000000 0.000000 0.000000
0.059524 0.061905 0.000000 0.066667 0.069048 0.059524 0.055952 0.080952 0.077381 0.078571 0.071429 0.000000 0.000000 0.000000 0.059524 0.050000 0.057143 0.046429 0.046429 0.046429 0.046429 0.044048 0.050000 0.046429 0.045238 0.032143 0.025000 0.002381 0.004762 0.004762 0.002381 0.002381 0.002381 0.009524 0.003571 0.002381 0.005952 0.002381 0.000000 0.002381 0.002381 0.002381 0.115476 0.105952 0.086905 0.078571 0.075000 0.000000 0.067857 0.055952 0.042857 0.025000 0.000000 0.000000 0.000000 0.001190 0.000000 0.000000 0.000000 0.000000 0.000000 0.000000 0.000000
0.059524 0.063095 0.063095 0.065476 0.071429 0.057143 0.061905 0.084524 0.080952 0.079762 0.077381 0.071429 0.069048 0.066667 0.054762 0.053571 0.051190 0.047619 0.045238 0.047619 0.046429 0.046429 0.051190 0.000000 0.048810 0.000000 0.028571 0.000000 0.001190 0.001190 0.002381 0.002381 0.002381 0.009524 0.004762 0.007143 0.001190 0.003571 0.005952 0.003571 0.003571 0.001190 0.121429 0.119048 0.107143 0.088095 0.077381 0.000000 0.077381 0.059524 0.051190 0.022619 0.000000 0.000000 0.000000 0.001190 0.000000 0.000000 0.000000 0.000000 0.000000 0.000000 0.000000
0.050000 0.052381 0.055952 0.063095 0.066667 0.078571 0.082143 0.084524 0.085714 0.084524 0.078571 0.072619 0.070238 0.069048 0.055952 0.055952 0.054762 0.053571 0.048810 0.046429 0.046429 0.046429 0.055952 0.000000 0.055952 0.030952 0.033333 0.000000 0.000000 0.000000 0.000000 0.002381 0.003571 0.009524 0.004762 0.002381 0.002381 0.003571 0.004762 0.002381 0.002381 0.129762 0.134524 0.126190 0.120238 0.105952 0.101190 0.000000 0.076190 0.057143 0.046429 0.000000 0.000000 0.000000 0.000000 0.000000 0.000000 0.000000 0.000000 0.000000 0.000000 0.000000 0.000000
0.050000 0.052381 0.052381 0.052381 0.051190 0.050000 0.045238 0.000000 0.088095 0.085714 0.071429 0.070238 0.070238 0.066667 0.060714 0.061905 0.058333 0.059524 0.057143 0.052381 0.050000 0.048810 0.047619 0.059524 0.058333 0.038095 0.026190 0.022619 0.021429 0.000000 0.000000 0.000000 0.003571 0.002381 0.004762 0.003571 0.003571 0.002381 0.004762 0.001190 0.001190 0.115476 0.139286 0.136905 0.128571 0.113095 0.107143 0.096429 0.077381 0.058333 0.000000 0.000000 0.000000 0.000000 0.000000 0.000000 0.000000 0.000000 0.000000 0.000000 0.000000 0.000000 0.000000
0.047619 0.051190 0.051190 0.052381 0.054762 0.053571 0.000000 0.000000 0.085714 0.080952 0.086905 0.085714 0.083333 0.078571 0.071429 0.069048 0.061905 0.059524 0.059524 0.057143 0.053571 0.053571 0.052381 0.053571 0.061905 0.045238 0.032143 0.026190 0.027381 0.017857 0.000000 0.000000 0.002381 0.003571 0.002381 0.004762 0.004762 0.004762 0.003571 0.002381 0.003571 0.000000 0.000000 0.146429 0.140476 0.126190 0.114286 0.102381 0.084524 0.057143 0.000000 0.000000 0.000000 0.000000 0.000000 0.000000 0.000000 0.000000 0.000000 0.000000 0.000000 0.000000 0.000000
0.039286 0.016667 0.051190 0.052381 0.052381 0.052381 0.000000 0.076190 0.072619 0.082143 0.086905 0.090476 0.089286 0.085714 0.077381 0.069048 0.067857 0.064286 0.060714 0.060714 0.061905 0.061905 0.060714 0.061905 0.059524 0.058333 0.053571 0.033333 0.029762 0.026190 0.038095 0.038095 0.001190 0.002381 0.004762 0.002381 0.003571 0.002381 0.003571 0.003571 0.002381 0.002381 0.166667 0.000000 0.151190 0.138095 0.127381 0.111905 0.090476 0.000000 0.000000 0.000000 0.000000 0.000000 0.000000 0.000000 0.000000 0.000000 0.000000 0.000000 0.000000 0.000000 0.000000
0.013095 0.015476 0.047619 0.047619 0.047619 0.051190 0.059524 0.065476 0.065476 0.080952 0.085714 0.088095 0.090476 0.088095 0.077381 0.072619 0.065476 0.060714 0.055952 0.052381 0.046429 0.017857 0.015476 0.065476 0.067857 0.067857 0.063095 0.048810 0.040476 0.042857 0.042857 0.038095 0.000000 0.000000 0.003571 0.003571 0.001190 0.001190 0.002381 0.002381 0.002381 0.173810 0.172619 0.163095 0.155952 0.148810 0.140476 0.116667 0.096429 0.072619 0.000000 0.000000 0.000000 0.000000 0.000000 0.000000 0.000000 0.000000 0.000000 0.000000 0.000000 0.000000 0.000000
0.000000 0.000000 0.038095 0.039286 0.041667 0.040476 0.000000 0.050000 0.057143 0.065476 0.079762 0.082143 0.085714 0.082143 0.076190 0.077381 0.077381 0.064286 0.065476 0.051190 0.039286 0.028571 0.011905 0.017857 0.067857 0.067857 0.064286 0.064286 0.055952 0.023810 0.010714 0.003571 0.041667 0.000000 0.000000 0.000000 0.001190 0.002381 0.078571 0.002381 0.098810 0.180952 0.175000 0.170238 0.165476 0.154762 0.147619 0.125000 0.101190 0.075000 0.000000 0.000000 0.000000 0.000000 0.000000 0.000000 0.000000 0.000000 0.000000 0.000000 0.000000 0.000000 0.000000
0.000000 0.000000 0.000000 0.000000 0.000000 0.000000 0.044048 0.038095 0.039286 0.042857 0.045238 0.000000 0.078571 0.083333 0.083333 0.080952 0.084524 0.077381 0.063095 0.054762 0.044048 0.026190 0.002381 0.004762 0.014286 0.021429 0.023810 0.026190 0.077381 0.065476 0.014286 0.007143 0.048810 0.000000 0.000000 0.000000 0.002381 0.095238 0.094048 0.096429 0.107143 0.185714 0.178571 0.175000 0.170238 0.154762 0.152381 0.130952 0.100000 0.000000 0.000000 0.000000 0.000000 0.000000 0.000000 0.000000 0.000000 0.000000 0.000000 0.000000 0.000000 0.000000 0.000000
0.000000 0.000000 0.000000 0.000000 0.000000 0.098810 0.071429 0.042857 0.034524 0.035714 0.000000 0.000000 0.080952 0.082143 0.085714 0.085714 0.082143 0.085714 0.077381 0.060714 0.047619 0.005952 0.003571 0.004762 0.007143 0.010714 0.019048 0.016667 0.095238 0.094048 0.028571 0.025000 0.017857 0.000000 0.000000 0.000000 0.086905 0.136905 0.126190 0.121429 0.116667 0.190476 0.188095 0.182143 0.176190 0.167857 0.154762 0.078571 0.104762 0.000000 0.000000 0.000000 0.000000 0.000000 0.000000 0.000000 0.000000 0.000000 0.000000 0.000000 0.000000 0.000000 0.000000
0.000000 0.000000 0.127381 0.130952 0.121429 0.117857 0.097619 0.051190 0.033333 0.026190 0.000000 0.000000 0.000000 0.066667 0.083333 0.085714 0.086905 0.089286 0.084524 0.066667 0.052381 0.045238 0.036905 0.004762 0.008333 0.008333 0.008333 0.005952 0.092857 0.101190 0.038095 0.038095 0.040476 0.000000 0.000000 0.000000 0.000000 0.000000 0.135714 0.134524 0.133333 0.190476 0.189286 0.184524 0.177381 0.177381 0.000000 0.157143 0.066667 0.000000 0.000000 0.000000 0.000000 0.000000 0.000000 0.000000 0.000000 0.000000 0.000000 0.000000 0.000000 0.000000 0.000000
0.000000 0.067857 0.000000 0.138095 0.138095 0.130952 0.116667 0.069048 0.039286 0.028571 0.000000 0.000000 0.000000 0.039286 0.051190 0.082143 0.090476 0.097619 0.086905 0.076190 0.061905 0.046429 0.045238 0.007143 0.005952 0.009524 0.005952 0.002381 0.084524 0.098810 0.104762 0.035714 0.045238 0.246429 0.241667 0.000000 0.000000 0.000000 0.000000 0.171429 0.202381 0.195238 0.189286 0.186905 0.000000 0.179762 0.173810 0.163095 0.082143 0.051190 0.060714 0.000000 0.000000 0.000000 0.000000 0.000000 0.000000 0.000000 0.000000 0.000000 0.000000 0.000000 0.000000
0.065476 0.066667 0.000000 0.145238 0.140476 0.133333 0.121429 0.084524 0.041667 0.000000 0.000000 0.000000 0.000000 0.000000 0.000000 0.035714 0.000000 0.115476 0.094048 0.078571 0.066667 0.048810 0.046429 0.009524 0.009524 0.008333 0.007143 0.091667 0.078571 0.090476 0.101190 0.036905 0.042857 0.054762 0.257143 0.000000 0.000000 0.000000 0.000000 0.204762 0.173810 0.141667 0.190476 0.190476 0.184524 0.180952 0.173810 0.165476 0.141667 0.057143 0.030952 0.020238 0.013095 0.000000 0.000000 0.000000 0.000000 0.000000 0.000000 0.000000 0.000000 0.000000 0.000000
0.000000 0.000000 0.000000 0.144048 0.140476 0.135714 0.126190 0.105952 0.045238 0.000000 0.000000 0.000000 0.000000 0.116667 0.113095 0.000000 0.000000 0.121429 0.105952 0.086905 0.071429 0.052381 0.046429 0.045238 0.047619 0.008333 0.000000 0.077381 0.066667 0.002381 0.002381 0.039286 0.045238 0.052381 0.060714 0.263095 0.000000 0.000000 0.000000 0.260714 0.220238 0.175000 0.157143 0.192857 0.190476 0.182143 0.175000 0.164286 0.133333 0.058333 0.076190 0.066667 0.000000 0.000000 0.000000 0.000000 0.000000 0.000000 0.000000 0.000000 0.000000 0.000000 0.000000
0.000000 0.000000 0.145238 0.142857 0.142857 0.141667 0.134524 0.117857 0.000000 0.036905 0.000000 0.000000 0.144048 0.110714 0.104762 0.105952 0.102381 0.122619 0.120238 0.090476 0.070238 0.051190 0.039286 0.046429 0.047619 0.048810 0.004762 0.092857 0.004762 0.001190 0.001190 0.032143 0.038095 0.045238 0.052381 0.059524 0.276190 0.273810 0.284524 0.284524 0.264286 0.217857 0.167857 0.196429 0.191667 0.189286 0.176190 0.157143 0.127381 0.101190 0.075000 0.064286 0.000000 0.000000 0.000000 0.000000 0.000000 0.000000 0.000000 0.000000 0.000000 0.000000 0.000000
0.000000 0.146429 0.145238 0.142857 0.142857 0.142857 0.139286 0.121429 0.060714 0.000000 0.000000 0.000000 0.150000 0.115476 0.103571 0.105952 0.125000 0.125000 0.107143 0.097619 0.071429 0.065476 0.004762 0.008333 0.008333 0.048810 0.005952 0.172619 0.003571 0.001190 0.001190 0.014286 0.033333 0.040476 0.045238 0.253571 0.261905 0.226190 0.278571 0.304762 0.294048 0.254762 0.200000 0.165476 0.192857 0.192857 0.180952 0.154762 0.122619 0.096429 0.073810 0.000000 0.000000 0.000000 0.000000 0.000000 0.000000 0.000000 0.000000 0.000000 0.000000 0.000000 0.000000
0.165476 0.153571 0.144048 0.144048 0.139286 0.142857 0.140476 0.123810 0.000000 0.000000 0.000000 0.000000 0.154762 0.125000 0.108333 0.103571 0.110714 0.128571 0.126190 0.096429 0.082143 0.078571 0.008333 0.045238 0.007143 0.007143 0.005952 0.146429 0.003571 0.001190 0.001190 0.027381 0.036905 0.039286 0.228571 0.234524 0.238095 0.196429 0.273810 0.305952 0.317857 0.271429 0.198810 0.153571 0.167857 0.195238 0.180952 0.000000 0.117857 0.094048 0.069048 0.000000 0.000000 0.000000 0.000000 0.000000 0.000000 0.000000 0.000000 0.000000 0.000000 0.000000 0.000000
0.179762 0.165476 0.144048 0.140476 0.139286 0.113095 0.142857 0.104762 0.096429 0.000000 0.000000 0.000000 0.133333 0.139286 0.121429 0.105952 0.104762 0.105952 0.107143 0.103571 0.097619 0.090476 0.078571 0.008333 0.008333 0.007143 0.000000 0.004762 0.203571 0.002381 0.004762 0.210714 0.173810 0.025000 0.026190 0.027381 0.146429 0.175000 0.220238 0.310714 0.365476 0.345238 0.213095 0.265476 0.194048 0.204762 0.186905 0.144048 0.115476 0.073810 0.000000 0.000000 0.000000 0.000000 0.000000 0.000000 0.000000 0.000000 0.000000 0.000000 0.000000 0.000000 0.000000
0.183333 0.177381 0.142857 0.115476 0.107143 0.117857 0.121429 0.108333 0.110714 0.109524 0.114286 0.126190 0.138095 0.132143 0.132143 0.121429 0.100000 0.103571 0.109524 0.107143 0.110714 0.102381 0.101190 0.000000 0.004762 0.005952 0.209524 0.227381 0.226190 0.233333 0.275000 0.257143 0.233333 0.020238 0.019048 0.014286 0.120238 0.136905 0.155952 0.300000 0.377381 0.359524 0.339286 0.311905 0.261905 0.211905 0.183333 0.130952 0.000000 0.000000 0.000000 0.000000 0.000000 0.000000 0.000000 0.000000 0.000000 0.000000 0.000000 0.000000 0.000000 0.000000 0.000000
0.184524 0.185714 0.121429 0.117857 0.116667 0.175000 0.169048 0.160714 0.132143 0.133333 0.125000 0.140476 0.132143 0.134524 0.126190 0.117857 0.109524 0.096429 0.104762 0.078571 0.115476 0.104762 0.096429 0.085714 0.004762 0.004762 0.221429 0.244048 0.244048 0.296429 0.315476 0.309524 0.311905 0.052381 0.230952 0.209524 0.178571 0.141667 0.000000 0.000000 0.383333 0.385714 0.361905 0.353571 0.303571 0.242857 0.194048 0.000000 0.000000 0.000000 0.000000 0.000000 0.000000 0.000000 0.000000 0.000000 0.000000 0.000000 0.000000 0.000000 0.000000 0.067857 0.000000
0.186905 0.188095 0.192857 0.197619 0.127381 0.179762 0.169048 0.164286 0.127381 0.136905 0.139286 0.141667 0.138095 0.136905 0.127381 0.126190 0.122619 0.042857 0.070238 0.070238 0.102381 0.098810 0.096429 0.021429 0.013095 0.017857 0.015476 0.250000 0.298810 0.332143 0.333333 0.330952 0.332143 0.345238 0.298810 0.258333 0.242857 0.210714 0.000000 0.000000 0.000000 0.394048 0.378571 0.373810 0.344048 0.282143 0.225000 0.000000 0.000000 0.000000 0.000000 0.000000 0.000000 0.000000 0.000000 0.000000 0.000000 0.000000 0.000000 0.000000 0.000000 0.000000 0.000000
0.186905 0.189286 0.195238 0.196429 0.201190 0.190476 0.170238 0.163095 0.119048 0.129762 0.135714 0.140476 0.151190 0.145238 0.135714 0.132143 0.130952 0.139286 0.058333 0.064286 0.047619 0.029762 0.023810 0.015476 0.014286 0.020238 0.022619 0.291667 0.339286 0.346429 0.347619 0.342857 0.350000 0.354762 0.342857 0.286905 0.255952 0.267857 0.258333 0.000000 0.000000 0.405952 0.392857 0.383333 0.367857 0.332143 0.273810 0.000000 0.000000 0.000000 0.000000 0.000000 0.000000 0.000000 0.000000 0.000000 0.000000 0.000000 0.000000 0.000000 0.000000 0.000000 0.000000
0.191667 0.196429 0.195238 0.198810 0.204762 0.204762 0.192857 0.126190 0.127381 0.122619 0.130952 0.129762 0.159524 0.285714 0.140476 0.142857 0.290476 0.267857 0.054762 0.055952 0.045238 0.034524 0.027381 0.142857 0.020238 0.183333 0.279762 0.386905 0.348810 0.351190 0.351190 0.341667 0.350000 0.352381 0.352381 0.004762 0.191667 0.300000 0.290476 0.296429 0.000000 0.405952 0.395238 0.386905 0.380952 0.358333 0.320238 0.285714 0.000000 0.000000 0.000000 0.000000 0.000000 0.000000 0.000000 0.000000 0.000000 0.000000 0.000000 0.000000 0.000000 0.000000 0.000000
0.192857 0.195238 0.200000 0.202381 0.209524 0.211905 0.208333 0.127381 0.125000 0.127381 0.129762 0.129762 0.139286 0.292857 0.300000 0.295238 0.296429 0.300000 0.272619 0.292857 0.279762 0.046429 0.183333 0.157143 0.175000 0.189286 0.248810 0.390476 0.358333 0.420238 0.357143 0.348810 0.348810 0.328571 0.348810 0.008333 0.378571 0.365476 0.314286 0.304762 0.355952 0.000000 0.396429 0.397619 0.390476 0.375000 0.351190 0.320238 0.153571 0.000000 0.000000 0.000000 0.414286 0.000000 0.000000 0.000000 0.000000 0.000000 0.000000 0.000000 0.000000 0.000000 0.000000
0.189286 0.195238 0.204762 0.205952 0.210714 0.216667 0.221429 0.129762 0.127381 0.128571 0.125000 0.125000 0.138095 0.286905 0.303571 0.309524 0.308333 0.279762 0.284524 0.347619 0.319048 0.177381 0.194048 0.173810 0.232143 0.244048 0.275000 0.300000 0.434524 0.435714 0.385714 0.391667 0.373810 0.339286 0.359524 0.014286 0.397619 0.380952 0.371429 0.259524 0.357143 0.000000 0.383333 0.397619 0.395238 0.392857 0.373810 0.351190 0.323810 0.252381 0.000000 0.000000 0.445238 0.430952 0.403571 0.000000 0.000000 0.000000 0.000000 0.000000 0.000000 0.000000 0.000000
