FireSTARR/test/output/NOR/NOR072/2018-07-20_0000/intensity_H_202_2018-07-21.asc
ncols         358
nrows         310
xllcorner     530143.378600
yllcorner     5243602.364000
cellsize      100.000000
NODATA_value  0.000000
[rows 84 to 111 of 310, columns 126 to 188 of 358]
0.000000 0.000000 0.000000 0.000000 0.000000 0.000000 0.000000 0.000000 0.000000 0.000000 0.000000 0.000000 0.000000 0.000000 0.000000 0.000000 0.000000 0.000000 0.000000 0.001190 0.017857 0.017857 0.017857 0.017857 0.019048 0.000000 0.020238 0.020238 0.015476 0.016667 0.017857 0.016667 0.021429 0.025000 0.026190 0.028571 0.000000 0.000000 0.000000 0.040476 0.040476 0.039286 0.038095 0.041667 0.044048 0.051190 0.054762 0.078571 0.078571 0.076190 0.073810 0.070238 0.063095 0.036905 0.035714 0.000000 0.139286 0.145238 0.145238 0.145238 0.140476 0.135714 0.094048
0.002381 0.002381 0.000000 0.002381 0.000000 0.000000 0.000000 0.000000 0.000000 0.000000 0.000000 0.000000 0.000000 0.000000 0.000000 0.000000 0.000000 0.000000 0.000000 0.017857 0.017857 0.017857 0.017857 0.017857 0.019048 0.020238 0.020238 0.020238 0.016667 0.016667 0.023810 0.016667 0.021429 0.025000 0.028571 0.039286 0.032143 0.000000 0.044048 0.044048 0.044048 0.044048 0.041667 0.036905 0.045238 0.048810 0.038095 0.058333 0.078571 0.077381 0.076190 0.071429 0.069048 0.038095 0.038095 0.109524 0.066667 0.000000 0.151190 0.148810 0.147619 0.142857 0.139286
0.002381 0.002381 0.002381 0.003571 0.000000 0.000000 0.000000 0.000000 0.000000 0.000000 0.000000 0.000000 0.001190 0.004762 0.002381 0.000000 0.000000 0.000000 0.000000 0.015476 0.017857 0.017857 0.017857 0.017857 0.017857 0.021429 0.020238 0.020238 0.020238 0.015476 0.023810 0.023810 0.025000 0.023810 0.032143 0.039286 0.039286 0.041667 0.040476 0.048810 0.048810 0.054762 0.053571 0.053571 0.038095 0.041667 0.036905 0.041667 0.060714 0.080952 0.079762 0.078571 0.077381 0.075000 0.036905 0.141667 0.000000 0.000000 0.000000 0.160714 0.153571 0.152381 0.142857
0.001190 0.001190 0.001190 0.001190 0.002381 0.002381 0.002381 0.001190 0.001190 0.001190 0.001190 0.001190 0.003571 0.003571 0.004762 0.003571 0.000000 0.000000 0.000000 0.015476 0.015476 0.016667 0.017857 0.017857 0.000000 0.020238 0.020238 0.020238 0.020238 0.020238 0.016667 0.021429 0.022619 0.021429 0.023810 0.026190 0.030952 0.034524 0.039286 0.046429 0.050000 0.052381 0.055952 0.057143 0.054762 0.054762 0.052381 0.038095 0.058333 0.061905 0.066667 0.082143 0.080952 0.078571 0.040476 0.155952 0.153571 0.142857 0.000000 0.165476 0.163095 0.163095 0.154762
0.001190 0.001190 0.001190 0.001190 0.001190 0.002381 0.003571 0.001190 0.001190 0.001190 0.001190 0.003571 0.003571 0.003571 0.004762 0.007143 0.003571 0.003571 0.000000 0.013095 0.014286 0.015476 0.016667 0.015476 0.016667 0.020238 0.020238 0.020238 0.020238 0.020238 0.020238 0.020238 0.017857 0.019048 0.021429 0.021429 0.025000 0.027381 0.033333 0.034524 0.038095 0.038095 0.039286 0.040476 0.040476 0.057143 0.057143 0.054762 0.035714 0.041667 0.064286 0.069048 0.082143 0.079762 0.040476 0.047619 0.169048 0.170238 0.000000 0.171429 0.171429 0.169048 0.164286
0.001190 0.001190 0.001190 0.001190 0.002381 0.002381 0.002381 0.004762 0.001190 0.000000 0.000000 0.003571 0.003571 0.003571 0.003571 0.003571 0.008333 0.008333 0.003571 0.009524 0.011905 0.011905 0.011905 0.013095 0.016667 0.019048 0.020238 0.019048 0.020238 0.020238 0.020238 0.020238 0.019048 0.019048 0.019048 0.020238 0.021429 0.023810 0.025000 0.026190 0.032143 0.035714 0.036905 0.036905 0.039286 0.042857 0.044048 0.044048 0.053571 0.035714 0.033333 0.073810 0.075000 0.104762 0.039286 0.036905 0.171429 0.175000 0.177381 0.177381 0.176190 0.175000 0.172619
0.001190 0.001190 0.001190 0.001190 0.002381 0.002381 0.005952 0.005952 0.002381 0.001190 0.001190 0.002381 0.003571 0.003571 0.003571 0.003571 0.004762 0.003571 0.009524 0.003571 0.008333 0.009524 0.007143 0.005952 0.000000 0.017857 0.019048 0.019048 0.017857 0.020238 0.020238 0.020238 0.019048 0.021429 0.021429 0.022619 0.022619 0.022619 0.022619 0.023810 0.026190 0.027381 0.032143 0.034524 0.035714 0.038095 0.040476 0.044048 0.028571 0.027381 0.027381 0.069048 0.092857 0.104762 0.111905 0.122619 0.027381 0.176190 0.175000 0.178571 0.178571 0.177381 0.177381
0.002381 0.002381 0.002381 0.001190 0.002381 0.002381 0.005952 0.005952 0.002381 0.002381 0.002381 0.002381 0.003571 0.003571 0.005952 0.005952 0.005952 0.007143 0.008333 0.007143 0.004762 0.011905 0.011905 0.009524 0.000000 0.017857 0.017857 0.019048 0.017857 0.017857 0.019048 0.017857 0.020238 0.021429 0.022619 0.025000 0.023810 0.022619 0.022619 0.022619 0.021429 0.022619 0.025000 0.028571 0.030952 0.033333 0.035714 0.041667 0.041667 0.059524 0.070238 0.095238 0.097619 0.097619 0.097619 0.040476 0.033333 0.176190 0.177381 0.176190 0.180952 0.180952 0.178571
0.002381 0.002381 0.003571 0.002381 0.002381 0.002381 0.002381 0.002381 0.007143 0.008333 0.008333 0.005952 0.005952 0.003571 0.005952 0.005952 0.005952 0.005952 0.007143 0.007143 0.003571 0.011905 0.013095 0.013095 0.000000 0.015476 0.017857 0.017857 0.016667 0.016667 0.017857 0.017857 0.020238 0.020238 0.028571 0.025000 0.025000 0.022619 0.022619 0.022619 0.022619 0.020238 0.019048 0.020238 0.020238 0.022619 0.026190 0.033333 0.001190 0.008333 0.066667 0.071429 0.092857 0.084524 0.000000 0.091667 0.111905 0.041667 0.178571 0.178571 0.180952 0.180952 0.179762
0.003571 0.003571 0.003571 0.003571 0.002381 0.002381 0.002381 0.002381 0.002381 0.009524 0.009524 0.003571 0.003571 0.003571 0.009524 0.005952 0.007143 0.005952 0.007143 0.007143 0.003571 0.004762 0.013095 0.014286 0.014286 0.014286 0.015476 0.017857 0.017857 0.015476 0.015476 0.016667 0.019048 0.021429 0.023810 0.028571 0.025000 0.025000 0.023810 0.022619 0.022619 0.021429 0.020238 0.019048 0.019048 0.019048 0.021429 0.000000 0.001190 0.007143 0.060714 0.096429 0.096429 0.076190 0.000000 0.084524 0.080952 0.055952 0.058333 0.179762 0.183333 0.185714 0.183333
0.004762 0.003571 0.003571 0.002381 0.002381 0.002381 0.004762 0.002381 0.002381 0.000000 0.009524 0.003571 0.004762 0.004762 0.009524 0.007143 0.002381 0.005952 0.007143 0.007143 0.008333 0.009524 0.011905 0.013095 0.011905 0.000000 0.014286 0.015476 0.016667 0.016667 0.016667 0.015476 0.016667 0.022619 0.023810 0.028571 0.025000 0.025000 0.025000 0.023810 0.023810 0.022619 0.021429 0.020238 0.019048 0.019048 0.020238 0.000000 0.000000 0.002381 0.058333 0.092857 0.102381 0.084524 0.086905 0.078571 0.076190 0.085714 0.050000 0.047619 0.184524 0.188095 0.189286
0.003571 0.003571 0.003571 0.003571 0.003571 0.002381 0.003571 0.002381 0.002381 0.009524 0.009524 0.009524 0.009524 0.009524 0.009524 0.009524 0.002381 0.002381 0.002381 0.002381 0.007143 0.007143 0.008333 0.003571 0.010714 0.010714 0.014286 0.014286 0.015476 0.015476 0.013095 0.015476 0.016667 0.020238 0.027381 0.027381 0.026190 0.025000 0.025000 0.025000 0.023810 0.022619 0.022619 0.021429 0.020238 0.021429 0.021429 0.000000 0.000000 0.001190 0.019048 0.000000 0.000000 0.103571 0.103571 0.101190 0.075000 0.076190 0.076190 0.041667 0.034524 0.000000 0.189286
0.004762 0.004762 0.007143 0.007143 0.001190 0.002381 0.007143 0.003571 0.003571 0.003571 0.003571 0.003571 0.009524 0.009524 0.009524 0.009524 0.003571 0.002381 0.002381 0.002381 0.002381 0.002381 0.002381 0.004762 0.008333 0.010714 0.010714 0.011905 0.013095 0.014286 0.013095 0.013095 0.016667 0.017857 0.026190 0.028571 0.026190 0.025000 0.025000 0.025000 0.025000 0.023810 0.022619 0.021429 0.020238 0.022619 0.025000 0.001190 0.009524 0.000000 0.000000 0.000000 0.000000 0.000000 0.105952 0.101190 0.092857 0.075000 0.040476 0.051190 0.044048 0.036905 0.000000
0.005952 0.007143 0.007143 0.002381 0.002381 0.002381 0.009524 0.005952 0.003571 0.003571 0.003571 0.003571 0.009524 0.009524 0.009524 0.009524 0.003571 0.002381 0.002381 0.002381 0.002381 0.002381 0.003571 0.003571 0.009524 0.000000 0.000000 0.010714 0.010714 0.011905 0.009524 0.011905 0.014286 0.015476 0.020238 0.026190 0.025000 0.023810 0.023810 0.025000 0.025000 0.025000 0.022619 0.022619 0.023810 0.022619 0.002381 0.038095 0.041667 0.020238 0.000000 0.000000 0.000000 0.105952 0.108333 0.104762 0.096429 0.079762 0.041667 0.041667 0.110714 0.044048 0.040476
0.003571 0.002381 0.002381 0.002381 0.008333 0.011905 0.011905 0.008333 0.004762 0.003571 0.003571 0.003571 0.009524 0.005952 0.008333 0.010714 0.003571 0.002381 0.002381 0.002381 0.002381 0.003571 0.004762 0.004762 0.005952 0.009524 0.009524 0.010714 0.010714 0.010714 0.008333 0.011905 0.014286 0.015476 0.019048 0.020238 0.023810 0.022619 0.022619 0.025000 0.025000 0.026190 0.025000 0.025000 0.025000 0.026190 0.003571 0.038095 0.042857 0.095238 0.000000 0.000000 0.000000 0.109524 0.108333 0.108333 0.095238 0.097619 0.084524 0.032143 0.120238 0.111905 0.047619
0.004762 0.000000 0.009524 0.010714 0.011905 0.011905 0.011905 0.011905 0.008333 0.005952 0.003571 0.005952 0.008333 0.009524 0.009524 0.014286 0.004762 0.002381 0.002381 0.002381 0.002381 0.004762 0.004762 0.010714 0.004762 0.009524 0.009524 0.009524 0.010714 0.010714 0.007143 0.011905 0.013095 0.016667 0.019048 0.022619 0.023810 0.023810 0.025000 0.022619 0.023810 0.023810 0.025000 0.027381 0.038095 0.028571 0.030952 0.040476 0.092857 0.096429 0.100000 0.104762 0.108333 0.110714 0.113095 0.115476 0.116667 0.101190 0.102381 0.027381 0.123810 0.119048 0.048810
0.009524 0.010714 0.011905 0.013095 0.013095 0.013095 0.015476 0.021429 0.011905 0.010714 0.005952 0.008333 0.009524 0.010714 0.011905 0.014286 0.014286 0.004762 0.004762 0.002381 0.003571 0.004762 0.004762 0.010714 0.009524 0.009524 0.009524 0.009524 0.009524 0.009524 0.009524 0.010714 0.013095 0.014286 0.020238 0.021429 0.022619 0.022619 0.023810 0.022619 0.021429 0.019048 0.033333 0.040476 0.044048 0.073810 0.072619 0.040476 0.078571 0.082143 0.080952 0.094048 0.100000 0.105952 0.110714 0.114286 0.121429 0.105952 0.110714 0.122619 0.127381 0.125000 0.114286
0.008333 0.010714 0.014286 0.016667 0.016667 0.017857 0.000000 0.021429 0.021429 0.014286 0.011905 0.008333 0.010714 0.010714 0.011905 0.014286 0.014286 0.008333 0.011905 0.008333 0.004762 0.004762 0.005952 0.010714 0.009524 0.010714 0.009524 0.009524 0.009524 0.009524 0.008333 0.009524 0.013095 0.014286 0.017857 0.020238 0.021429 0.023810 0.022619 0.025000 0.022619 0.026190 0.000000 0.000000 0.047619 0.057143 0.071429 0.073810 0.073810 0.075000 0.075000 0.078571 0.086905 0.091667 0.102381 0.110714 0.123810 0.111905 0.119048 0.130952 0.130952 0.128571 0.057143
0.008333 0.009524 0.000000 0.020238 0.021429 0.017857 0.021429 0.021429 0.021429 0.021429 0.015476 0.010714 0.008333 0.011905 0.013095 0.015476 0.015476 0.014286 0.011905 0.007143 0.004762 0.004762 0.011905 0.011905 0.011905 0.010714 0.000000 0.009524 0.009524 0.009524 0.005952 0.004762 0.005952 0.000000 0.015476 0.017857 0.021429 0.022619 0.023810 0.023810 0.025000 0.028571 0.000000 0.036905 0.041667 0.053571 0.066667 0.065476 0.063095 0.060714 0.027381 0.060714 0.064286 0.072619 0.080952 0.092857 0.109524 0.107143 0.117857 0.123810 0.129762 0.132143 0.065476
0.010714 0.010714 0.014286 0.019048 0.021429 0.021429 0.000000 0.023810 0.023810 0.022619 0.016667 0.015476 0.010714 0.010714 0.013095 0.000000 0.015476 0.014286 0.014286 0.008333 0.008333 0.008333 0.015476 0.015476 0.011905 0.010714 0.009524 0.009524 0.009524 0.009524 0.009524 0.005952 0.007143 0.000000 0.014286 0.017857 0.020238 0.022619 0.023810 0.025000 0.025000 0.030952 0.033333 0.038095 0.038095 0.038095 0.063095 0.059524 0.053571 0.045238 0.016667 0.014286 0.015476 0.044048 0.044048 0.041667 0.052381 0.072619 0.108333 0.127381 0.128571 0.133333 0.136905
0.011905 0.011905 0.014286 0.015476 0.017857 0.022619 0.022619 0.023810 0.023810 0.023810 0.022619 0.022619 0.010714 0.009524 0.011905 0.013095 0.015476 0.015476 0.014286 0.010714 0.010714 0.020238 0.016667 0.015476 0.014286 0.010714 0.000000 0.009524 0.009524 0.009524 0.007143 0.007143 0.009524 0.011905 0.014286 0.015476 0.019048 0.022619 0.023810 0.025000 0.025000 0.028571 0.032143 0.034524 0.034524 0.039286 0.052381 0.053571 0.054762 0.044048 0.022619 0.021429 0.009524 0.036905 0.030952 0.028571 0.027381 0.000000 0.000000 0.119048 0.127381 0.133333 0.130952
0.014286 0.013095 0.013095 0.017857 0.017857 0.022619 0.019048 0.023810 0.023810 0.023810 0.022619 0.022619 0.016667 0.000000 0.000000 0.000000 0.015476 0.015476 0.013095 0.013095 0.011905 0.021429 0.021429 0.016667 0.016667 0.013095 0.000000 0.000000 0.009524 0.008333 0.008333 0.008333 0.007143 0.009524 0.011905 0.014286 0.015476 0.019048 0.021429 0.025000 0.025000 0.026190 0.029762 0.032143 0.034524 0.035714 0.047619 0.051190 0.051190 0.022619 0.025000 0.048810 0.020238 0.008333 0.004762 0.003571 0.000000 0.000000 0.000000 0.000000 0.116667 0.127381 0.130952
0.020238 0.015476 0.017857 0.016667 0.015476 0.017857 0.023810 0.023810 0.023810 0.023810 0.023810 0.022619 0.022619 0.000000 0.000000 0.000000 0.000000 0.015476 0.014286 0.013095 0.014286 0.022619 0.021429 0.017857 0.017857 0.016667 0.013095 0.000000 0.009524 0.008333 0.008333 0.008333 0.008333 0.016667 0.010714 0.014286 0.013095 0.015476 0.019048 0.022619 0.023810 0.025000 0.027381 0.032143 0.034524 0.036905 0.051190 0.052381 0.054762 0.055952 0.055952 0.053571 0.045238 0.016667 0.011905 0.004762 0.003571 0.000000 0.000000 0.000000 0.000000 0.105952 0.121429
0.020238 0.021429 0.019048 0.017857 0.016667 0.019048 0.023810 0.023810 0.023810 0.023810 0.023810 0.022619 0.022619 0.022619 0.021429 0.000000 0.000000 0.019048 0.016667 0.016667 0.019048 0.025000 0.022619 0.020238 0.019048 0.017857 0.014286 0.000000 0.008333 0.009524 0.009524 0.009524 0.009524 0.019048 0.011905 0.008333 0.011905 0.014286 0.019048 0.021429 0.025000 0.025000 0.026190 0.030952 0.034524 0.035714 0.050000 0.051190 0.048810 0.053571 0.054762 0.054762 0.052381 0.023810 0.039286 0.013095 0.005952 0.000000 0.000000 0.000000 0.000000 0.092857 0.101190
0.020238 0.021429 0.021429 0.019048 0.015476 0.017857 0.019048 0.022619 0.021429 0.021429 0.023810 0.023810 0.022619 0.022619 0.022619 0.021429 0.000000 0.019048 0.020238 0.019048 0.027381 0.027381 0.025000 0.022619 0.019048 0.017857 0.017857 0.000000 0.010714 0.009524 0.009524 0.013095 0.019048 0.020238 0.016667 0.007143 0.004762 0.008333 0.000000 0.017857 0.021429 0.025000 0.025000 0.029762 0.035714 0.046429 0.046429 0.050000 0.047619 0.052381 0.054762 0.054762 0.058333 0.047619 0.042857 0.020238 0.023810 0.000000 0.000000 0.000000 0.000000 0.091667 0.090476
0.021429 0.020238 0.021429 0.021429 0.016667 0.020238 0.020238 0.019048 0.019048 0.021429 0.023810 0.023810 0.022619 0.022619 0.022619 0.022619 0.021429 0.020238 0.020238 0.020238 0.030952 0.030952 0.028571 0.023810 0.020238 0.017857 0.017857 0.014286 0.011905 0.011905 0.010714 0.013095 0.020238 0.021429 0.017857 0.007143 0.005952 0.008333 0.009524 0.013095 0.017857 0.020238 0.025000 0.026190 0.033333 0.036905 0.045238 0.045238 0.045238 0.000000 0.059524 0.060714 0.060714 0.059524 0.014286 0.015476 0.028571 0.064286 0.000000 0.000000 0.000000 0.000000 0.083333
0.022619 0.020238 0.022619 0.025000 0.017857 0.020238 0.019048 0.020238 0.025000 0.022619 0.023810 0.023810 0.023810 0.022619 0.022619 0.022619 0.021429 0.022619 0.021429 0.038095 0.034524 0.032143 0.030952 0.027381 0.025000 0.021429 0.017857 0.000000 0.000000 0.015476 0.015476 0.015476 0.023810 0.022619 0.019048 0.008333 0.007143 0.005952 0.007143 0.009524 0.011905 0.013095 0.014286 0.000000 0.028571 0.033333 0.033333 0.042857 0.046429 0.047619 0.054762 0.055952 0.059524 0.064286 0.071429 0.026190 0.029762 0.076190 0.000000 0.026190 0.000000 0.000000 0.078571
0.023810 0.025000 0.023810 0.027381 0.026190 0.019048 0.020238 0.028571 0.022619 0.000000 0.023810 0.023810 0.023810 0.022619 0.022619 0.022619 0.023810 0.023810 0.025000 0.038095 0.038095 0.034524 0.033333 0.030952 0.030952 0.025000 0.019048 0.019048 0.025000 0.025000 0.014286 0.015476 0.020238 0.023810 0.019048 0.010714 0.009524 0.008333 0.003571 0.005952 0.007143 0.011905 0.015476 0.019048 0.022619 0.028571 0.041667 0.041667 0.045238 0.042857 0.050000 0.055952 0.055952 0.063095 0.069048 0.072619 0.079762 0.083333 0.083333 0.060714 0.000000 0.000000 0.000000
