FireSTARR/test/output/NOR/NOR072/2018-07-20_0000/intensity_L_202_2018-07-21.asc
ncols         359
nrows         310
xllcorner     529943.378600
yllcorner     5243502.364000
cellsize      100.000000
NODATA_value  0.000000
[rows 252 to 279 of 310, columns 63 to 125 of 359]
0.000000 0.001190 0.000000 0.000000 0.000000 0.000000 0.000000 0.002381 0.000000 0.001190 0.001190 0.001190 0.002381 0.020238 0.000000 0.000000 0.002381 0.001190 0.001190 0.004762 0.002381 0.001190 0.002381 0.001190 0.013095 0.008333 0.001190 0.002381 0.001190 0.000000 0.001190 0.002381 0.002381 0.010714 0.015476 0.007143 0.092857 0.097619 0.002381 0.000000 0.026190 0.005952 0.008333 0.001190 0.000000 0.001190 0.191667 0.001190 0.002381 0.003571 0.000000 0.001190 0.000000 0.000000 0.025000 0.035714 0.039286 0.035714 0.041667 0.000000 0.000000 0.000000 0.051190
0.000000 0.000000 0.001190 0.001190 0.000000 0.000000 0.000000 0.000000 0.000000 0.001190 0.001190 0.000000 0.015476 0.016667 0.000000 0.001190 0.000000 0.002381 0.003571 0.004762 0.009524 0.138095 0.002381 0.003571 0.000000 0.010714 0.002381 0.001190 0.001190 0.000000 0.001190 0.004762 0.003571 0.007143 0.010714 0.008333 0.089286 0.002381 0.003571 0.003571 0.032143 0.004762 0.003571 0.001190 0.000000 0.001190 0.002381 0.001190 0.002381 0.002381 0.001190 0.003571 0.003571 0.000000 0.034524 0.055952 0.067857 0.070238 0.071429 0.078571 0.000000 0.000000 1.000000
0.000000 0.000000 0.000000 0.001190 0.000000 0.000000 0.000000 0.000000 0.000000 0.000000 0.000000 0.001190 0.000000 0.003571 0.001190 0.002381 0.002381 0.003571 0.003571 0.003571 0.013095 0.007143 0.007143 0.002381 0.000000 0.001190 0.001190 0.000000 0.002381 0.001190 0.002381 0.004762 0.004762 0.009524 0.008333 0.005952 0.013095 0.013095 0.017857 0.002381 0.030952 0.007143 0.008333 0.005952 0.000000 0.001190 0.003571 0.002381 0.003571 0.001190 0.005952 0.008333 0.008333 0.000000 0.058333 0.055952 0.077381 0.102381 0.100000 0.117857 0.000000 1.000000 1.000000
0.000000 0.000000 0.000000 0.001190 0.001190 0.001190 0.002381 0.000000 0.000000 0.000000 0.000000 0.000000 0.000000 0.001190 0.000000 0.000000 0.002381 0.003571 0.003571 0.003571 0.014286 0.007143 0.008333 0.002381 0.001190 0.001190 0.001190 0.001190 0.001190 0.002381 0.194048 0.002381 0.005952 0.013095 0.014286 0.014286 0.017857 0.017857 0.022619 0.021429 0.030952 0.010714 0.011905 0.013095 0.000000 0.000000 0.002381 0.002381 0.004762 0.003571 0.008333 0.007143 0.004762 0.003571 0.059524 0.052381 0.075000 0.010714 0.036905 0.144048 1.000000 1.000000 1.000000
0.000000 0.000000 0.000000 0.000000 0.001190 0.001190 0.002381 0.001190 0.000000 0.000000 0.000000 0.000000 0.001190 0.000000 0.000000 0.000000 0.002381 0.002381 0.003571 0.003571 0.002381 0.009524 0.007143 0.002381 0.000000 0.001190 0.001190 0.000000 0.001190 0.000000 0.194048 0.003571 0.003571 0.001190 0.000000 0.015476 0.020238 0.003571 0.030952 0.030952 0.029762 0.050000 0.054762 0.010714 0.000000 0.000000 0.000000 0.000000 0.000000 0.000000 0.007143 0.005952 0.003571 0.001190 0.032143 0.046429 0.082143 0.014286 0.044048 1.000000 1.000000 1.000000 1.000000
0.000000 0.053571 0.055952 0.000000 0.002381 0.002381 0.002381 0.000000 0.000000 0.000000 0.001190 0.000000 0.001190 0.000000 0.000000 0.001190 0.004762 0.003571 0.004762 0.003571 0.003571 0.002381 0.000000 0.000000 0.000000 0.001190 0.013095 0.005952 0.007143 0.003571 0.009524 0.005952 0.015476 0.015476 0.002381 0.005952 0.023810 0.004762 0.033333 0.005952 0.009524 0.054762 0.008333 0.000000 0.000000 0.000000 0.000000 0.000000 0.000000 0.000000 0.000000 0.004762 0.003571 0.033333 0.047619 0.064286 0.063095 0.020238 0.057143 1.000000 1.000000 1.000000 1.000000
0.000000 0.053571 0.000000 0.053571 0.000000 0.001190 0.001190 0.002381 0.001190 0.002381 0.002381 0.001190 0.001190 0.001190 0.000000 0.001190 0.003571 0.003571 0.003571 0.004762 0.000000 0.134524 0.139286 0.000000 0.000000 0.000000 0.150000 0.001190 0.003571 0.002381 0.002381 0.014286 0.016667 0.021429 0.004762 0.002381 0.007143 0.004762 0.003571 0.032143 0.034524 0.053571 0.009524 0.000000 0.000000 0.000000 0.000000 0.000000 0.000000 0.001190 0.005952 0.002381 0.000000 0.028571 0.045238 0.042857 0.050000 0.072619 0.152381 1.000000 1.000000 1.000000 1.000000
0.000000 0.000000 0.000000 0.000000 0.000000 0.001190 0.002381 0.001190 0.001190 0.001190 0.002381 0.002381 0.001190 0.000000 0.001190 0.091667 0.001190 0.002381 0.003571 0.001190 0.000000 0.000000 0.021429 0.020238 0.000000 0.000000 0.001190 0.000000 0.002381 0.001190 0.001190 0.007143 0.003571 0.004762 0.025000 0.023810 0.004762 0.004762 0.003571 0.032143 0.025000 0.252381 0.008333 0.005952 0.000000 0.053571 0.055952 0.045238 0.032143 0.000000 0.004762 0.004762 0.000000 0.027381 0.032143 0.039286 0.036905 0.052381 0.117857 1.000000 1.000000 1.000000 1.000000
0.000000 0.000000 0.000000 0.000000 0.000000 0.000000 0.000000 0.000000 0.002381 0.065476 0.066667 0.067857 0.070238 0.069048 0.000000 0.086905 0.094048 0.002381 0.003571 0.001190 0.000000 0.022619 0.000000 0.000000 0.000000 0.011905 0.015476 0.001190 0.000000 0.000000 0.000000 0.002381 0.000000 0.003571 0.005952 0.004762 0.023810 0.009524 0.007143 0.039286 0.035714 0.245238 0.007143 0.004762 0.004762 0.002381 0.001190 0.009524 0.038095 0.041667 0.000000 0.013095 0.025000 0.015476 0.019048 0.030952 0.036905 0.163095 0.161905 1.000000 1.000000 1.000000 1.000000
0.000000 0.000000 0.000000 0.000000 0.001190 0.000000 0.000000 0.000000 0.000000 0.000000 0.000000 0.000000 0.055952 0.059524 0.000000 0.000000 0.083333 0.091667 0.002381 0.003571 0.000000 0.000000 0.000000 0.000000 0.000000 0.000000 0.009524 0.000000 0.000000 0.000000 0.000000 0.000000 0.200000 0.002381 0.021429 0.026190 0.001190 0.030952 0.004762 0.007143 0.007143 0.009524 0.009524 0.005952 0.005952 0.001190 0.001190 0.051190 0.004762 0.054762 0.073810 0.080952 0.065476 0.034524 0.090476 0.082143 0.059524 0.039286 1.000000 1.000000 1.000000 1.000000 1.000000
0.000000 0.001190 0.001190 0.000000 0.000000 0.000000 0.016667 0.000000 0.000000 0.003571 0.000000 0.000000 0.000000 0.003571 0.000000 0.067857 0.080952 0.000000 0.092857 0.046429 0.113095 0.000000 0.000000 0.011905 0.000000 0.010714 0.010714 0.009524 0.008333 0.011905 0.000000 0.000000 0.165476 0.196429 0.017857 0.022619 0.002381 0.034524 0.007143 0.005952 0.007143 0.009524 0.009524 0.009524 0.004762 0.001190 0.001190 0.046429 0.007143 0.010714 0.090476 0.017857 0.083333 0.083333 0.096429 0.009524 0.077381 1.000000 1.000000 1.000000 1.000000 1.000000 1.000000
0.000000 0.000000 0.000000 0.000000 0.000000 0.000000 0.000000 0.004762 0.004762 0.005952 0.004762 0.000000 0.004762 0.003571 0.000000 0.000000 0.000000 0.000000 0.016667 0.019048 0.042857 0.000000 0.000000 0.000000 0.009524 0.003571 0.013095 0.015476 0.002381 0.002381 0.010714 0.000000 0.000000 0.150000 0.223810 0.022619 0.002381 0.033333 0.008333 0.005952 0.036905 0.036905 0.008333 0.009524 0.261905 0.002381 0.002381 0.004762 0.009524 0.011905 0.103571 0.022619 0.020238 0.017857 0.038095 0.057143 1.000000 1.000000 1.000000 1.000000 1.000000 1.000000 1.000000
0.035714 0.040476 0.000000 0.015476 0.000000 0.000000 0.000000 0.000000 0.002381 0.002381 0.004762 0.004762 0.003571 0.004762 0.000000 0.000000 0.002381 0.019048 0.016667 0.016667 0.036905 0.039286 0.114286 0.000000 0.003571 0.004762 0.011905 0.013095 0.001190 0.002381 0.002381 0.000000 0.000000 0.000000 0.189286 0.245238 0.002381 0.034524 0.004762 0.010714 0.009524 0.035714 0.005952 0.004762 0.270238 0.005952 0.001190 0.061905 0.011905 0.008333 0.097619 0.045238 0.071429 0.289286 0.295238 1.000000 1.000000 1.000000 1.000000 1.000000 1.000000 1.000000 1.000000
0.016667 0.033333 0.000000 0.000000 0.003571 0.002381 0.004762 0.003571 0.002381 0.003571 0.003571 0.005952 0.000000 0.004762 0.005952 0.005952 0.000000 0.011905 0.001190 0.014286 0.016667 0.020238 0.108333 0.000000 0.002381 0.002381 0.001190 0.001190 0.013095 0.002381 0.014286 0.007143 0.000000 0.083333 0.148810 0.253571 0.004762 0.004762 0.038095 0.013095 0.014286 0.005952 0.004762 0.004762 0.005952 0.280952 0.007143 0.008333 0.089286 0.094048 0.110714 0.144048 1.000000 1.000000 1.000000 1.000000 1.000000 1.000000 1.000000 1.000000 1.000000 1.000000 1.000000
0.019048 0.027381 0.000000 0.000000 0.002381 0.001190 0.001190 0.001190 0.004762 0.003571 0.002381 0.002381 0.002381 0.002381 0.007143 0.009524 0.000000 0.011905 0.001190 0.010714 0.017857 0.041667 0.107143 0.000000 0.000000 0.001190 0.001190 0.000000 0.001190 0.002381 0.016667 0.014286 0.111905 0.000000 0.132143 0.250000 0.005952 0.004762 0.042857 0.045238 0.014286 0.244048 0.007143 0.007143 0.246429 0.007143 0.295238 0.059524 0.147619 0.151190 1.000000 1.000000 0.000000 1.000000 1.000000 1.000000 1.000000 1.000000 1.000000 1.000000 1.000000 1.000000 1.000000
0.019048 0.000000 0.000000 0.000000 0.000000 0.000000 0.000000 0.001190 0.002381 0.004762 0.002381 0.003571 0.003571 0.002381 0.009524 0.008333 0.008333 0.014286 0.014286 0.014286 0.017857 0.040476 0.000000 0.000000 0.000000 0.002381 0.000000 0.000000 0.001190 0.001190 0.001190 0.014286 0.008333 0.119048 0.132143 0.226190 0.246429 0.008333 0.046429 0.053571 0.011905 0.235714 0.008333 0.005952 0.005952 0.004762 0.290476 1.000000 1.000000 1.000000 1.000000 0.000000 1.000000 1.000000 1.000000 1.000000 1.000000 1.000000 1.000000 1.000000 1.000000 1.000000 1.000000
0.009524 0.009524 0.008333 0.000000 0.000000 0.000000 0.000000 0.000000 0.000000 0.001190 0.002381 0.002381 0.002381 0.003571 0.009524 0.009524 0.000000 0.000000 0.016667 0.019048 0.019048 0.036905 0.095238 0.000000 0.001190 0.002381 0.001190 0.000000 0.001190 0.001190 0.001190 0.011905 0.010714 0.008333 0.132143 0.166667 0.245238 0.007143 0.044048 0.005952 0.050000 0.222619 0.004762 0.005952 0.217857 0.282143 1.000000 1.000000 1.000000 1.000000 1.000000 1.000000 1.000000 0.000000 0.000000 0.000000 1.000000 1.000000 1.000000 1.000000 1.000000 1.000000 1.000000
0.002381 0.009524 0.008333 0.000000 0.000000 0.001190 0.000000 0.000000 0.000000 0.001190 0.000000 0.001190 0.000000 0.005952 0.009524 0.007143 0.000000 0.000000 0.001190 0.017857 0.016667 0.001190 0.000000 0.001190 0.000000 0.001190 0.001190 0.000000 0.001190 0.001190 0.002381 0.011905 0.013095 0.008333 0.008333 0.141667 0.234524 0.257143 0.007143 0.007143 0.059524 0.233333 0.205952 0.002381 0.004762 0.278571 1.000000 1.000000 1.000000 1.000000 1.000000 1.000000 1.000000 1.000000 1.000000 1.000000 1.000000 1.000000 1.000000 1.000000 1.000000 1.000000 1.000000
0.002381 0.008333 0.009524 0.000000 0.000000 0.000000 0.000000 0.001190 0.001190 0.001190 0.001190 0.001190 0.000000 0.005952 0.010714 0.007143 0.000000 0.001190 0.000000 0.017857 0.000000 0.000000 0.000000 0.001190 0.026190 0.000000 0.023810 0.023810 0.017857 0.002381 0.003571 0.007143 0.014286 0.008333 0.009524 0.138095 0.166667 0.251190 0.007143 0.008333 0.065476 0.063095 0.226190 0.194048 0.001190 0.269048 1.000000 1.000000 1.000000 1.000000 1.000000 1.000000 1.000000 1.000000 1.000000 1.000000 1.000000 1.000000 1.000000 1.000000 1.000000 1.000000 1.000000
0.001190 0.007143 0.008333 0.000000 0.000000 0.000000 0.000000 0.005952 0.000000 0.000000 0.000000 0.000000 0.001190 0.004762 0.008333 0.020238 0.005952 0.000000 0.000000 0.000000 0.000000 0.000000 0.070238 0.016667 0.026190 0.025000 0.026190 0.020238 0.022619 0.019048 0.002381 0.002381 0.004762 0.009524 0.010714 0.007143 0.157143 0.244048 0.261905 0.010714 0.009524 0.069048 0.076190 0.215476 0.164286 0.209524 0.261905 1.000000 1.000000 1.000000 1.000000 1.000000 1.000000 1.000000 1.000000 1.000000 1.000000 1.000000 1.000000 1.000000 1.000000 1.000000 1.000000
0.000000 0.000000 0.010714 0.001190 0.000000 0.000000 0.000000 0.002381 0.000000 0.000000 0.000000 0.000000 0.002381 0.016667 0.011905 0.011905 0.005952 0.000000 0.000000 0.000000 0.000000 0.000000 0.059524 0.005952 0.007143 0.013095 0.015476 0.001190 0.017857 0.021429 0.019048 0.004762 0.004762 0.005952 0.008333 0.007143 0.152381 0.175000 0.263095 0.004762 0.009524 0.007143 0.082143 0.246429 0.242857 0.279762 0.283333 1.000000 1.000000 1.000000 1.000000 1.000000 1.000000 1.000000 1.000000 1.000000 1.000000 1.000000 1.000000 1.000000 1.000000 1.000000 1.000000
0.000000 0.000000 0.000000 0.000000 0.000000 0.000000 0.000000 0.001190 0.001190 0.000000 0.002381 0.002381 0.002381 0.002381 0.013095 0.020238 0.016667 0.014286 0.000000 0.000000 0.000000 0.000000 0.047619 0.041667 0.005952 0.010714 0.019048 0.000000 0.000000 0.016667 0.025000 0.016667 0.002381 0.003571 0.008333 0.005952 0.009524 0.177381 0.247619 0.263095 0.005952 0.010714 0.101190 0.279762 0.276190 1.000000 1.000000 1.000000 1.000000 1.000000 1.000000 1.000000 1.000000 1.000000 1.000000 1.000000 1.000000 1.000000 1.000000 1.000000 1.000000 1.000000 1.000000
0.000000 0.000000 0.005952 0.001190 0.000000 0.000000 0.000000 0.004762 0.002381 0.002381 0.002381 0.004762 0.004762 0.004762 0.002381 0.010714 0.011905 0.017857 0.005952 0.000000 0.000000 0.000000 0.040476 0.038095 0.004762 0.014286 0.017857 0.021429 0.000000 0.022619 0.021429 0.022619 0.021429 0.002381 0.009524 0.009524 0.011905 0.015476 0.185714 0.247619 0.272619 0.009524 0.034524 1.000000 1.000000 1.000000 1.000000 1.000000 1.000000 1.000000 1.000000 1.000000 1.000000 1.000000 1.000000 1.000000 1.000000 1.000000 0.000000 1.000000 1.000000 1.000000 1.000000
0.000000 0.000000 0.003571 0.007143 0.000000 0.000000 0.000000 0.002381 0.002381 0.004762 0.003571 0.004762 0.005952 0.005952 0.004762 0.003571 0.011905 0.013095 0.013095 0.008333 0.000000 0.000000 0.030952 0.033333 0.041667 0.013095 0.014286 0.019048 0.000000 0.021429 0.022619 0.004762 0.003571 0.003571 0.007143 0.015476 0.015476 0.017857 0.023810 0.000000 0.253571 0.275000 0.045238 1.000000 1.000000 1.000000 1.000000 1.000000 1.000000 1.000000 1.000000 1.000000 1.000000 1.000000 1.000000 1.000000 1.000000 1.000000 1.000000 1.000000 1.000000 1.000000 1.000000
0.000000 0.000000 0.000000 0.001190 0.000000 0.000000 0.000000 0.000000 0.001190 0.000000 0.003571 0.007143 0.009524 0.005952 0.003571 0.001190 0.002381 0.001190 0.011905 0.010714 0.000000 0.000000 0.026190 0.032143 0.045238 0.010714 0.021429 0.020238 0.000000 0.001190 0.019048 0.021429 0.004762 0.004762 0.009524 0.021429 0.026190 0.027381 0.027381 0.003571 0.211905 0.275000 0.057143 1.000000 1.000000 1.000000 1.000000 1.000000 1.000000 1.000000 1.000000 1.000000 1.000000 1.000000 1.000000 1.000000 1.000000 1.000000 1.000000 1.000000 1.000000 1.000000 1.000000
0.000000 0.000000 0.000000 0.001190 0.000000 0.000000 0.000000 0.000000 0.001190 0.001190 0.004762 0.003571 0.007143 0.007143 0.004762 0.002381 0.002381 0.013095 0.002381 0.010714 0.005952 0.000000 0.000000 0.030952 0.000000 0.050000 0.064286 0.000000 0.000000 0.001190 0.000000 0.019048 0.005952 0.010714 0.011905 0.022619 0.029762 0.032143 0.033333 0.034524 0.226190 0.259524 0.279762 1.000000 1.000000 1.000000 1.000000 1.000000 1.000000 1.000000 1.000000 1.000000 1.000000 1.000000 1.000000 1.000000 1.000000 1.000000 1.000000 1.000000 1.000000 1.000000 1.000000
0.000000 0.000000 0.000000 0.000000 0.001190 0.000000 0.000000 0.000000 0.001190 0.002381 0.004762 0.002381 0.005952 0.004762 0.003571 0.008333 0.010714 0.004762 0.003571 0.005952 0.007143 0.000000 0.000000 0.000000 0.000000 0.035714 0.063095 0.067857 0.001190 0.001190 0.000000 0.001190 0.016667 0.001190 0.002381 0.017857 0.030952 0.033333 0.033333 0.030952 0.001190 0.002381 0.273810 1.000000 1.000000 1.000000 1.000000 1.000000 1.000000 1.000000 1.000000 1.000000 1.000000 0.000000 1.000000 1.000000 1.000000 1.000000 1.000000 1.000000 1.000000 1.000000 1.000000
0.000000 0.000000 0.000000 0.000000 0.000000 0.000000 0.000000 0.000000 0.000000 0.004762 0.003571 0.002381 0.002381 0.004762 0.005952 0.007143 0.007143 0.005952 0.005952 0.005952 0.008333 0.000000 0.000000 0.000000 0.000000 0.000000 0.000000 0.065476 0.067857 0.001190 0.001190 0.001190 0.000000 0.001190 0.001190 0.011905 0.017857 0.029762 0.038095 0.038095 0.053571 0.002381 0.001190 0.270238 1.000000 1.000000 1.000000 1.000000 1.000000 1.000000 1.000000 1.000000 1.000000 1.000000 1.000000 1.000000 1.000000 1.000000 1.000000 1.000000 1.000000 1.000000 1.000000
