FireSTARR/test/output/NOR/NOR072/2018-07-20_0000/intensity_M_207_2018-07-26.asc
ncols         425
nrows         346
xllcorner     525343.378600
yllcorner     5240402.364000
cellsize      100.000000
NODATA_value  0.000000
[rows 140 to 167 of 346, columns 189 to 251 of 425]
0.000000 0.000000 0.008333 0.000000 0.000000 0.001190 0.001190 0.001190 0.001190 0.001190 0.001190 0.001190 0.000000 0.007143 0.007143 0.000000 0.000000 0.000000 0.017857 0.019048 0.016667 0.022619 0.029762 0.022619 0.025000 0.011905 0.010714 0.019048 0.023810 0.020238 0.045238 0.045238 0.042857 0.036905 0.000000 0.016667 0.016667 0.000000 0.014286 0.016667 0.050000 0.054762 0.065476 0.060714 0.059524 0.047619 0.063095 0.053571 0.065476 0.095238 0.080952 0.090476 0.102381 0.034524 0.150000 0.116667 0.091667 0.011905 0.013095 0.013095 0.008333 0.014286 0.015476
0.001190 0.000000 0.008333 0.008333 0.000000 0.000000 0.000000 0.001190 0.000000 0.001190 0.001190 0.001190 0.000000 0.005952 0.000000 0.000000 0.000000 0.019048 0.017857 0.017857 0.022619 0.025000 0.029762 0.020238 0.038095 0.034524 0.038095 0.027381 0.032143 0.017857 0.050000 0.046429 0.053571 0.000000 0.050000 0.026190 0.021429 0.017857 0.021429 0.052381 0.051190 0.048810 0.053571 0.048810 0.042857 0.000000 0.065476 0.090476 0.070238 0.088095 0.111905 0.092857 0.084524 0.030952 0.150000 0.133333 0.120238 0.015476 0.020238 0.017857 0.016667 0.017857 0.092857
0.000000 0.000000 0.010714 0.008333 0.009524 0.001190 0.002381 0.000000 0.000000 0.001190 0.001190 0.000000 0.000000 0.000000 0.000000 0.000000 0.000000 0.016667 0.020238 0.025000 0.021429 0.032143 0.044048 0.048810 0.050000 0.022619 0.027381 0.030952 0.030952 0.034524 0.046429 0.051190 0.055952 0.054762 0.048810 0.029762 0.028571 0.000000 0.025000 0.041667 0.054762 0.054762 0.054762 0.055952 0.000000 0.000000 0.000000 0.071429 0.086905 0.101190 0.116667 0.115476 0.091667 0.030952 0.160714 0.151190 0.013095 0.017857 0.008333 0.014286 0.022619 0.022619 0.028571
0.000000 0.001190 0.007143 0.000000 0.009524 0.001190 0.000000 0.000000 0.001190 0.001190 0.000000 0.000000 0.000000 0.000000 0.000000 0.000000 0.000000 0.021429 0.026190 0.023810 0.032143 0.035714 0.046429 0.042857 0.044048 0.020238 0.000000 0.011905 0.030952 0.036905 0.057143 0.050000 0.048810 0.051190 0.029762 0.029762 0.030952 0.027381 0.044048 0.050000 0.048810 0.054762 0.050000 0.058333 0.070238 0.083333 0.082143 0.104762 0.101190 0.110714 0.129762 0.138095 0.032143 0.029762 0.029762 0.141667 0.122619 0.009524 0.010714 0.017857 0.020238 0.021429 0.000000
0.000000 0.000000 0.001190 0.000000 0.001190 0.000000 0.001190 0.000000 0.000000 0.000000 0.000000 0.000000 0.000000 0.000000 0.000000 0.000000 0.013095 0.021429 0.030952 0.027381 0.048810 0.044048 0.053571 0.028571 0.027381 0.020238 0.000000 0.015476 0.041667 0.036905 0.052381 0.052381 0.053571 0.053571 0.054762 0.053571 0.046429 0.040476 0.053571 0.052381 0.051190 0.063095 0.060714 0.047619 0.050000 0.094048 0.079762 0.107143 0.117857 0.110714 0.125000 0.139286 0.129762 0.132143 0.135714 0.130952 0.105952 0.088095 0.013095 0.014286 0.017857 0.020238 0.017857
0.000000 0.000000 0.003571 0.005952 0.005952 0.007143 0.000000 0.000000 0.000000 0.000000 0.000000 0.000000 0.000000 0.000000 0.000000 0.000000 0.016667 0.017857 0.052381 0.058333 0.046429 0.052381 0.055952 0.016667 0.022619 0.000000 0.016667 0.040476 0.039286 0.048810 0.054762 0.058333 0.058333 0.059524 0.067857 0.065476 0.058333 0.042857 0.044048 0.051190 0.057143 0.067857 0.073810 0.077381 0.078571 0.088095 0.096429 0.114286 0.125000 0.117857 0.183333 0.170238 0.189286 0.130952 0.014286 0.134524 0.096429 0.015476 0.022619 0.023810 0.019048 0.021429 0.000000
0.000000 0.000000 0.004762 0.003571 0.003571 0.000000 0.001190 0.000000 0.000000 0.000000 0.000000 0.000000 0.000000 0.000000 0.000000 0.000000 0.020238 0.023810 0.059524 0.057143 0.055952 0.054762 0.064286 0.013095 0.009524 0.020238 0.015476 0.013095 0.063095 0.014286 0.016667 0.017857 0.010714 0.015476 0.017857 0.013095 0.065476 0.058333 0.051190 0.060714 0.078571 0.030952 0.021429 0.078571 0.092857 0.094048 0.085714 0.103571 0.097619 0.000000 0.010714 0.016667 0.082143 0.121429 0.115476 0.128571 0.017857 0.108333 0.085714 0.019048 0.015476 0.008333 0.014286
0.001190 0.000000 0.002381 0.002381 0.003571 0.001190 0.001190 0.000000 0.000000 0.000000 0.000000 0.000000 0.000000 0.000000 0.000000 0.000000 0.025000 0.032143 0.064286 0.065476 0.064286 0.060714 0.055952 0.016667 0.015476 0.067857 0.070238 0.073810 0.073810 0.061905 0.064286 0.069048 0.013095 0.060714 0.022619 0.069048 0.059524 0.065476 0.064286 0.077381 0.091667 0.021429 0.016667 0.016667 0.021429 0.029762 0.025000 0.025000 0.000000 0.000000 0.014286 0.014286 0.091667 0.104762 0.096429 0.095238 0.023810 0.097619 0.086905 0.017857 0.011905 0.016667 0.014286
0.002381 0.002381 0.003571 0.002381 0.001190 0.003571 0.000000 0.000000 0.000000 0.000000 0.000000 0.000000 0.000000 0.000000 0.000000 0.029762 0.030952 0.039286 0.066667 0.061905 0.057143 0.033333 0.021429 0.009524 0.009524 0.023810 0.029762 0.029762 0.066667 0.075000 0.076190 0.077381 0.060714 0.084524 0.016667 0.066667 0.076190 0.064286 0.084524 0.095238 0.094048 0.100000 0.102381 0.097619 0.092857 0.000000 0.000000 0.026190 0.000000 0.000000 0.000000 0.009524 0.014286 0.013095 0.015476 0.019048 0.023810 0.101190 0.015476 0.014286 0.017857 0.013095 0.022619
0.001190 0.001190 0.002381 0.000000 0.000000 0.000000 0.000000 0.000000 0.000000 0.000000 0.000000 0.000000 0.000000 0.000000 0.000000 0.026190 0.044048 0.039286 0.000000 0.032143 0.059524 0.000000 0.000000 0.005952 0.025000 0.033333 0.035714 0.038095 0.044048 0.069048 0.088095 0.071429 0.090476 0.100000 0.091667 0.022619 0.022619 0.014286 0.001190 0.066667 0.065476 0.082143 0.090476 0.098810 0.100000 0.090476 0.021429 0.088095 0.000000 0.000000 0.000000 0.000000 0.017857 0.014286 0.014286 0.015476 0.025000 0.083333 0.094048 0.013095 0.015476 0.008333 0.016667
0.001190 0.001190 0.000000 0.000000 0.000000 0.000000 0.000000 0.000000 0.000000 0.000000 0.000000 0.000000 0.000000 0.000000 0.000000 0.036905 0.038095 0.041667 0.000000 0.033333 0.026190 0.022619 0.000000 0.000000 0.029762 0.047619 0.042857 0.041667 0.057143 0.065476 0.063095 0.091667 0.110714 0.105952 0.103571 0.014286 0.019048 0.000000 0.066667 0.055952 0.047619 0.080952 0.073810 0.078571 0.089286 0.083333 0.082143 0.064286 0.000000 0.000000 0.000000 0.000000 0.000000 0.013095 0.016667 0.014286 0.053571 0.014286 0.019048 0.000000 0.014286 0.011905 0.021429
0.000000 0.001190 0.000000 0.000000 0.000000 0.000000 0.000000 0.000000 0.000000 0.000000 0.000000 0.000000 0.000000 0.000000 0.000000 0.053571 0.050000 0.044048 0.000000 0.026190 0.028571 0.020238 0.016667 0.000000 0.027381 0.061905 0.047619 0.048810 0.072619 0.061905 0.102381 0.094048 0.105952 0.092857 0.011905 0.000000 0.000000 0.011905 0.060714 0.050000 0.082143 0.073810 0.067857 0.034524 0.027381 0.078571 0.066667 0.000000 0.000000 0.000000 0.000000 0.000000 0.010714 0.014286 0.015476 0.000000 0.010714 0.013095 0.011905 0.011905 0.014286 0.017857 0.015476
0.000000 0.000000 0.000000 0.000000 0.000000 0.000000 0.000000 0.000000 0.000000 0.000000 0.000000 0.000000 0.000000 0.000000 0.000000 0.069048 0.057143 0.000000 0.000000 0.021429 0.021429 0.014286 0.019048 0.008333 0.035714 0.065476 0.057143 0.070238 0.066667 0.085714 0.111905 0.111905 0.091667 0.011905 0.010714 0.014286 0.020238 0.016667 0.057143 0.084524 0.046429 0.073810 0.067857 0.051190 0.073810 0.066667 0.050000 0.030952 0.000000 0.000000 0.000000 0.000000 0.000000 0.010714 0.007143 0.009524 0.010714 0.014286 0.009524 0.015476 0.017857 0.000000 0.016667
0.000000 0.000000 0.008333 0.000000 0.000000 0.000000 0.000000 0.000000 0.000000 0.000000 0.000000 0.000000 0.000000 0.000000 0.000000 0.039286 0.016667 0.064286 0.000000 0.020238 0.013095 0.008333 0.015476 0.008333 0.039286 0.061905 0.065476 0.069048 0.086905 0.090476 0.104762 0.108333 0.021429 0.013095 0.017857 0.017857 0.022619 0.019048 0.045238 0.083333 0.038095 0.027381 0.064286 0.058333 0.036905 0.058333 0.044048 0.016667 0.005952 0.000000 0.000000 0.000000 0.000000 0.011905 0.013095 0.010714 0.010714 0.000000 0.016667 0.014286 0.015476 0.020238 0.013095
0.000000 0.000000 0.001190 0.001190 0.000000 0.000000 0.000000 0.000000 0.000000 0.000000 0.000000 0.000000 0.000000 0.000000 0.044048 0.036905 0.013095 0.014286 0.019048 0.014286 0.005952 0.010714 0.010714 0.011905 0.094048 0.092857 0.050000 0.072619 0.085714 0.015476 0.011905 0.113095 0.077381 0.020238 0.022619 0.023810 0.000000 0.000000 0.038095 0.061905 0.019048 0.032143 0.027381 0.033333 0.036905 0.033333 0.000000 0.000000 0.000000 0.000000 0.000000 0.000000 0.000000 0.010714 0.009524 0.009524 0.009524 0.019048 0.015476 0.015476 0.014286 0.013095 0.008333
0.000000 0.001190 0.002381 0.000000 0.000000 0.000000 0.000000 0.000000 0.000000 0.000000 0.000000 0.000000 0.000000 0.000000 0.041667 0.035714 0.026190 0.013095 0.030952 0.005952 0.008333 0.007143 0.007143 0.008333 0.091667 0.100000 0.055952 0.085714 0.015476 0.000000 0.013095 0.113095 0.072619 0.014286 0.020238 0.000000 0.000000 0.025000 0.034524 0.015476 0.019048 0.023810 0.030952 0.030952 0.041667 0.000000 0.000000 0.000000 0.000000 0.000000 0.000000 0.000000 0.000000 0.020238 0.000000 0.011905 0.015476 0.016667 0.015476 0.014286 0.013095 0.015476 0.016667
0.003571 0.002381 0.002381 0.001190 0.000000 0.000000 0.000000 0.000000 0.000000 0.000000 0.000000 0.000000 0.000000 0.000000 0.000000 0.014286 0.009524 0.011905 0.030952 0.032143 0.007143 0.005952 0.007143 0.007143 0.008333 0.105952 0.034524 0.077381 0.010714 0.000000 0.017857 0.098810 0.088095 0.017857 0.020238 0.019048 0.023810 0.033333 0.023810 0.019048 0.000000 0.022619 0.023810 0.021429 0.023810 0.000000 0.000000 0.000000 0.000000 0.000000 0.030952 0.027381 0.029762 0.025000 0.026190 0.016667 0.021429 0.017857 0.000000 0.013095 0.013095 0.017857 0.021429
0.003571 0.002381 0.002381 0.001190 0.000000 0.000000 0.000000 0.000000 0.000000 0.000000 0.000000 0.000000 0.000000 0.000000 0.000000 0.000000 0.008333 0.032143 0.028571 0.030952 0.008333 0.007143 0.013095 0.013095 0.001190 0.016667 0.034524 0.075000 0.010714 0.010714 0.015476 0.107143 0.035714 0.000000 0.000000 0.005952 0.000000 0.000000 0.000000 0.000000 0.013095 0.025000 0.045238 0.000000 0.000000 0.000000 0.000000 0.000000 0.000000 0.000000 0.028571 0.027381 0.029762 0.033333 0.029762 0.000000 0.000000 0.023810 0.022619 0.016667 0.020238 0.064286 0.026190
0.002381 0.002381 0.002381 0.000000 0.000000 0.000000 0.000000 0.000000 0.000000 0.000000 0.000000 0.000000 0.000000 0.000000 0.000000 0.000000 0.000000 0.025000 0.028571 0.007143 0.009524 0.010714 0.013095 0.016667 0.000000 0.000000 0.021429 0.067857 0.017857 0.017857 0.096429 0.083333 0.000000 0.000000 0.000000 0.008333 0.000000 0.014286 0.020238 0.022619 0.015476 0.034524 0.000000 0.000000 0.000000 0.000000 0.000000 0.000000 0.019048 0.028571 0.028571 0.026190 0.032143 0.019048 0.023810 0.020238 0.010714 0.017857 0.000000 0.015476 0.020238 0.050000 0.032143
0.001190 0.002381 0.001190 0.000000 0.000000 0.000000 0.000000 0.000000 0.000000 0.000000 0.000000 0.000000 0.000000 0.000000 0.000000 0.000000 0.000000 0.026190 0.021429 0.011905 0.005952 0.009524 0.011905 0.013095 0.000000 0.015476 0.019048 0.063095 0.016667 0.010714 0.089286 0.000000 0.000000 0.000000 0.000000 0.005952 0.009524 0.008333 0.020238 0.016667 0.039286 0.027381 0.000000 0.000000 0.000000 0.000000 0.000000 0.000000 0.020238 0.029762 0.032143 0.026190 0.021429 0.013095 0.019048 0.011905 0.013095 0.014286 0.017857 0.000000 0.000000 0.057143 0.059524
0.002381 0.003571 0.001190 0.001190 0.001190 0.000000 0.000000 0.000000 0.000000 0.000000 0.000000 0.000000 0.000000 0.000000 0.000000 0.000000 0.000000 0.005952 0.010714 0.014286 0.009524 0.010714 0.009524 0.004762 0.000000 0.000000 0.022619 0.061905 0.077381 0.079762 0.000000 0.000000 0.017857 0.019048 0.000000 0.009524 0.010714 0.013095 0.025000 0.017857 0.025000 0.028571 0.027381 0.000000 0.000000 0.000000 0.000000 0.011905 0.021429 0.026190 0.028571 0.027381 0.015476 0.019048 0.013095 0.016667 0.010714 0.014286 0.015476 0.021429 0.014286 0.050000 0.059524
0.003571 0.002381 0.004762 0.002381 0.001190 0.001190 0.001190 0.000000 0.000000 0.000000 0.000000 0.000000 0.000000 0.000000 0.000000 0.000000 0.000000 0.010714 0.010714 0.011905 0.008333 0.007143 0.008333 0.008333 0.005952 0.004762 0.021429 0.017857 0.067857 0.034524 0.036905 0.023810 0.021429 0.023810 0.000000 0.014286 0.023810 0.020238 0.026190 0.035714 0.030952 0.025000 0.000000 0.000000 0.000000 0.000000 0.000000 0.015476 0.022619 0.025000 0.025000 0.022619 0.016667 0.011905 0.014286 0.017857 0.014286 0.013095 0.015476 0.019048 0.011905 0.013095 0.073810
0.000000 0.001190 0.003571 0.001190 0.001190 0.002381 0.000000 0.000000 0.000000 0.000000 0.000000 0.000000 0.000000 0.000000 0.000000 0.000000 0.000000 0.009524 0.016667 0.046429 0.005952 0.007143 0.008333 0.000000 0.007143 0.005952 0.016667 0.036905 0.041667 0.038095 0.028571 0.047619 0.058333 0.060714 0.035714 0.013095 0.034524 0.027381 0.028571 0.035714 0.035714 0.000000 0.000000 0.000000 0.000000 0.000000 0.000000 0.014286 0.023810 0.021429 0.072619 0.022619 0.015476 0.014286 0.016667 0.025000 0.041667 0.017857 0.016667 0.022619 0.013095 0.015476 0.017857
0.001190 0.002381 0.002381 0.001190 0.001190 0.000000 0.000000 0.000000 0.000000 0.000000 0.000000 0.000000 0.000000 0.000000 0.000000 0.000000 0.000000 0.000000 0.009524 0.048810 0.007143 0.010714 0.007143 0.013095 0.003571 0.007143 0.004762 0.008333 0.036905 0.034524 0.028571 0.059524 0.078571 0.067857 0.033333 0.013095 0.015476 0.020238 0.026190 0.048810 0.011905 0.000000 0.000000 0.000000 0.000000 0.000000 0.000000 0.035714 0.025000 0.073810 0.072619 0.023810 0.026190 0.016667 0.025000 0.027381 0.030952 0.033333 0.029762 0.020238 0.011905 0.015476 0.021429
0.001190 0.001190 0.000000 0.001190 0.001190 0.000000 0.000000 0.000000 0.000000 0.000000 0.000000 0.000000 0.000000 0.000000 0.000000 0.000000 0.000000 0.000000 0.013095 0.058333 0.000000 0.010714 0.008333 0.009524 0.082143 0.004762 0.008333 0.007143 0.007143 0.040476 0.028571 0.034524 0.053571 0.057143 0.014286 0.014286 0.016667 0.015476 0.023810 0.017857 0.000000 0.000000 0.000000 0.000000 0.028571 0.039286 0.040476 0.054762 0.051190 0.067857 0.060714 0.000000 0.000000 0.019048 0.030952 0.034524 0.033333 0.034524 0.030952 0.020238 0.016667 0.019048 0.025000
0.002381 0.001190 0.000000 0.000000 0.000000 0.000000 0.000000 0.000000 0.000000 0.000000 0.000000 0.000000 0.000000 0.000000 0.000000 0.000000 0.000000 0.000000 0.058333 0.055952 0.052381 0.011905 0.008333 0.088095 0.005952 0.005952 0.007143 0.005952 0.029762 0.029762 0.026190 0.028571 0.038095 0.050000 0.050000 0.013095 0.015476 0.014286 0.026190 0.036905 0.011905 0.000000 0.009524 0.017857 0.030952 0.048810 0.042857 0.060714 0.065476 0.064286 0.050000 0.048810 0.026190 0.000000 0.032143 0.032143 0.028571 0.034524 0.032143 0.019048 0.016667 0.014286 0.023810
0.000000 0.000000 0.000000 0.000000 0.000000 0.000000 0.000000 0.000000 0.000000 0.000000 0.000000 0.000000 0.000000 0.000000 0.000000 0.000000 0.001190 0.000000 0.059524 0.051190 0.053571 0.038095 0.075000 0.088095 0.005952 0.007143 0.005952 0.004762 0.035714 0.030952 0.028571 0.027381 0.035714 0.044048 0.040476 0.000000 0.019048 0.010714 0.035714 0.036905 0.013095 0.015476 0.014286 0.026190 0.026190 0.054762 0.048810 0.046429 0.050000 0.048810 0.039286 0.035714 0.045238 0.035714 0.033333 0.030952 0.035714 0.028571 0.030952 0.000000 0.000000 0.015476 0.026190
0.004762 0.001190 0.002381 0.002381 0.001190 0.002381 0.000000 0.000000 0.000000 0.000000 0.000000 0.000000 0.000000 0.000000 0.002381 0.001190 0.002381 0.000000 0.000000 0.053571 0.000000 0.060714 0.077381 0.089286 0.082143 0.003571 0.007143 0.008333 0.033333 0.039286 0.028571 0.033333 0.084524 0.045238 0.026190 0.088095 0.017857 0.027381 0.039286 0.014286 0.010714 0.014286 0.013095 0.011905 0.053571 0.041667 0.053571 0.035714 0.042857 0.038095 0.038095 0.039286 0.035714 0.029762 0.029762 0.028571 0.035714 0.034524 0.000000 0.000000 0.044048 0.042857 0.026190
