FireSTARR/test/output/NOR/NOR072/2018-07-20_0000/intensity_H_203_2018-07-22.asc
ncols         409
nrows         333
xllcorner     525043.378600
yllcorner     5242202.364000
cellsize      100.000000
NODATA_value  0.000000
[rows 84 to 111 of 333, columns 189 to 251 of 409]
0.002381 0.002381 0.001190 0.001190 0.001190 0.002381 0.002381 0.015476 0.020238 0.019048 0.032143 0.033333 0.034524 0.034524 0.027381 0.027381 0.022619 0.021429 0.017857 0.014286 0.009524 0.005952 0.001190 0.000000 0.000000 0.000000 0.071429 0.073810 0.072619 0.070238 0.084524 0.086905 0.094048 0.102381 0.119048 0.120238 0.122619 0.000000 0.000000 0.000000 0.127381 0.129762 0.128571 0.126190 0.121429 0.096429 0.098810 0.088095 0.086905 0.079762 0.079762 0.080952 0.082143 0.077381 0.076190 0.075000 0.070238 0.073810 0.073810 0.069048 0.072619 0.076190 0.072619
0.002381 0.002381 0.002381 0.001190 0.001190 0.002381 0.015476 0.015476 0.017857 0.034524 0.034524 0.034524 0.000000 0.035714 0.032143 0.029762 0.028571 0.025000 0.020238 0.010714 0.004762 0.004762 0.000000 0.000000 0.000000 0.000000 0.064286 0.071429 0.076190 0.079762 0.079762 0.088095 0.092857 0.095238 0.123810 0.129762 0.129762 0.128571 0.128571 0.128571 0.000000 0.133333 0.134524 0.132143 0.127381 0.000000 0.097619 0.096429 0.091667 0.082143 0.080952 0.082143 0.082143 0.078571 0.078571 0.077381 0.076190 0.075000 0.077381 0.079762 0.071429 0.070238 0.077381
0.002381 0.002381 0.002381 0.001190 0.001190 0.002381 0.015476 0.014286 0.020238 0.035714 0.035714 0.035714 0.035714 0.035714 0.026190 0.023810 0.025000 0.022619 0.019048 0.011905 0.004762 0.003571 0.000000 0.000000 0.000000 0.000000 0.000000 0.000000 0.061905 0.000000 0.069048 0.079762 0.085714 0.090476 0.094048 0.130952 0.133333 0.133333 0.134524 0.132143 0.127381 0.000000 0.138095 0.135714 0.132143 0.128571 0.000000 0.101190 0.094048 0.075000 0.080952 0.078571 0.080952 0.065476 0.060714 0.083333 0.080952 0.078571 0.083333 0.082143 0.082143 0.078571 0.073810
0.002381 0.002381 0.002381 0.001190 0.001190 0.002381 0.002381 0.019048 0.020238 0.036905 0.035714 0.032143 0.032143 0.030952 0.029762 0.020238 0.020238 0.019048 0.017857 0.013095 0.005952 0.002381 0.000000 0.000000 0.000000 0.000000 0.000000 0.000000 0.048810 0.050000 0.000000 0.072619 0.083333 0.089286 0.094048 0.100000 0.132143 0.130952 0.134524 0.139286 0.138095 0.000000 0.141667 0.144048 0.138095 0.132143 0.128571 0.000000 0.102381 0.077381 0.084524 0.079762 0.077381 0.065476 0.063095 0.059524 0.065476 0.084524 0.086905 0.085714 0.086905 0.088095 0.080952
0.001190 0.002381 0.002381 0.002381 0.001190 0.001190 0.002381 0.021429 0.038095 0.036905 0.035714 0.034524 0.034524 0.000000 0.029762 0.026190 0.019048 0.017857 0.017857 0.014286 0.008333 0.002381 0.000000 0.000000 0.000000 0.000000 0.000000 0.000000 0.000000 0.000000 0.000000 0.000000 0.071429 0.000000 0.086905 0.094048 0.110714 0.135714 0.135714 0.136905 0.146429 0.148810 0.146429 0.147619 0.145238 0.138095 0.134524 0.125000 0.000000 0.085714 0.079762 0.080952 0.070238 0.064286 0.064286 0.065476 0.063095 0.065476 0.092857 0.092857 0.095238 0.095238 0.096429
0.001190 0.002381 0.002381 0.002381 0.001190 0.001190 0.002381 0.025000 0.026190 0.039286 0.039286 0.040476 0.041667 0.038095 0.032143 0.028571 0.021429 0.017857 0.017857 0.015476 0.014286 0.008333 0.002381 0.000000 0.000000 0.000000 0.000000 0.000000 0.000000 0.000000 0.000000 0.000000 0.054762 0.000000 0.000000 0.088095 0.096429 0.123810 0.122619 0.121429 0.126190 0.148810 0.148810 0.150000 0.150000 0.147619 0.141667 0.134524 0.126190 0.109524 0.102381 0.090476 0.077381 0.077381 0.076190 0.076190 0.069048 0.069048 0.064286 0.067857 0.098810 0.097619 0.101190
0.002381 0.002381 0.002381 0.002381 0.001190 0.001190 0.002381 0.002381 0.026190 0.041667 0.042857 0.042857 0.045238 0.042857 0.038095 0.029762 0.023810 0.021429 0.019048 0.017857 0.017857 0.017857 0.008333 0.000000 0.000000 0.000000 0.000000 0.000000 0.000000 0.058333 0.058333 0.000000 0.000000 0.069048 0.000000 0.109524 0.114286 0.113095 0.107143 0.100000 0.097619 0.095238 0.000000 0.153571 0.153571 0.153571 0.148810 0.144048 0.135714 0.103571 0.092857 0.100000 0.085714 0.085714 0.105952 0.104762 0.097619 0.072619 0.072619 0.070238 0.102381 0.102381 0.103571
0.002381 0.001190 0.001190 0.002381 0.003571 0.002381 0.002381 0.001190 0.042857 0.045238 0.045238 0.047619 0.048810 0.048810 0.045238 0.033333 0.027381 0.021429 0.021429 0.021429 0.021429 0.022619 0.020238 0.003571 0.000000 0.000000 0.000000 0.000000 0.059524 0.061905 0.066667 0.064286 0.100000 0.000000 0.111905 0.110714 0.108333 0.107143 0.102381 0.100000 0.096429 0.079762 0.000000 0.155952 0.157143 0.158333 0.155952 0.147619 0.146429 0.133333 0.096429 0.095238 0.091667 0.120238 0.113095 0.108333 0.108333 0.103571 0.103571 0.104762 0.070238 0.109524 0.105952
0.001190 0.000000 0.004762 0.002381 0.002381 0.002381 0.002381 0.002381 0.045238 0.045238 0.045238 0.050000 0.047619 0.050000 0.048810 0.039286 0.029762 0.022619 0.021429 0.023810 0.026190 0.026190 0.027381 0.021429 0.000000 0.000000 0.000000 0.000000 0.060714 0.063095 0.069048 0.072619 0.076190 0.113095 0.110714 0.110714 0.109524 0.105952 0.103571 0.101190 0.089286 0.082143 0.000000 0.154762 0.159524 0.160714 0.159524 0.158333 0.152381 0.151190 0.102381 0.098810 0.102381 0.128571 0.122619 0.114286 0.108333 0.107143 0.111905 0.109524 0.108333 0.109524 0.104762
0.002381 0.002381 0.002381 0.004762 0.002381 0.002381 0.001190 0.002381 0.052381 0.057143 0.058333 0.059524 0.059524 0.000000 0.057143 0.045238 0.026190 0.028571 0.029762 0.022619 0.027381 0.030952 0.033333 0.033333 0.000000 0.000000 0.000000 0.069048 0.069048 0.069048 0.071429 0.079762 0.078571 0.082143 0.080952 0.113095 0.111905 0.108333 0.104762 0.100000 0.095238 0.050000 0.045238 0.000000 0.160714 0.163095 0.164286 0.159524 0.155952 0.154762 0.115476 0.105952 0.107143 0.138095 0.123810 0.119048 0.114286 0.113095 0.113095 0.104762 0.109524 0.107143 0.107143
0.003571 0.003571 0.004762 0.005952 0.002381 0.002381 0.001190 0.054762 0.057143 0.059524 0.059524 0.063095 0.063095 0.060714 0.060714 0.055952 0.036905 0.038095 0.057143 0.036905 0.041667 0.044048 0.051190 0.070238 0.055952 0.000000 0.078571 0.083333 0.083333 0.084524 0.082143 0.054762 0.086905 0.082143 0.044048 0.094048 0.120238 0.119048 0.113095 0.107143 0.103571 0.055952 0.053571 0.139286 0.102381 0.000000 0.167857 0.166667 0.163095 0.163095 0.157143 0.115476 0.110714 0.139286 0.127381 0.121429 0.117857 0.116667 0.114286 0.110714 0.105952 0.105952 0.090476
0.004762 0.010714 0.008333 0.002381 0.002381 0.002381 0.001190 0.055952 0.059524 0.060714 0.060714 0.063095 0.063095 0.064286 0.063095 0.060714 0.059524 0.036905 0.066667 0.066667 0.066667 0.054762 0.060714 0.084524 0.080952 0.080952 0.078571 0.091667 0.091667 0.096429 0.094048 0.092857 0.067857 0.065476 0.053571 0.052381 0.101190 0.128571 0.125000 0.125000 0.122619 0.119048 0.057143 0.160714 0.000000 0.000000 0.000000 0.175000 0.170238 0.167857 0.161905 0.160714 0.117857 0.144048 0.135714 0.121429 0.122619 0.117857 0.115476 0.107143 0.102381 0.101190 0.091667
0.007143 0.007143 0.013095 0.007143 0.002381 0.002381 0.002381 0.059524 0.060714 0.060714 0.059524 0.058333 0.000000 0.063095 0.063095 0.063095 0.063095 0.064286 0.050000 0.066667 0.066667 0.057143 0.059524 0.061905 0.067857 0.066667 0.075000 0.090476 0.096429 0.098810 0.101190 0.102381 0.098810 0.098810 0.094048 0.058333 0.102381 0.103571 0.108333 0.132143 0.127381 0.123810 0.061905 0.164286 0.161905 0.150000 0.000000 0.177381 0.176190 0.178571 0.171429 0.167857 0.163095 0.154762 0.141667 0.126190 0.122619 0.115476 0.114286 0.104762 0.103571 0.097619 0.100000
0.016667 0.016667 0.021429 0.023810 0.021429 0.022619 0.002381 0.055952 0.058333 0.059524 0.060714 0.061905 0.058333 0.059524 0.060714 0.061905 0.063095 0.064286 0.064286 0.064286 0.048810 0.052381 0.057143 0.058333 0.059524 0.060714 0.063095 0.064286 0.069048 0.072619 0.078571 0.086905 0.085714 0.108333 0.105952 0.101190 0.059524 0.054762 0.113095 0.111905 0.133333 0.129762 0.059524 0.066667 0.179762 0.180952 0.000000 0.188095 0.186905 0.184524 0.179762 0.175000 0.166667 0.163095 0.151190 0.144048 0.126190 0.109524 0.108333 0.107143 0.103571 0.100000 0.090476
0.027381 0.035714 0.036905 0.040476 0.046429 0.047619 0.044048 0.053571 0.055952 0.055952 0.058333 0.057143 0.058333 0.063095 0.059524 0.058333 0.057143 0.060714 0.060714 0.057143 0.047619 0.050000 0.050000 0.053571 0.057143 0.059524 0.059524 0.060714 0.064286 0.066667 0.066667 0.075000 0.078571 0.084524 0.084524 0.083333 0.098810 0.054762 0.046429 0.111905 0.109524 0.135714 0.055952 0.054762 0.186905 0.190476 0.190476 0.191667 0.190476 0.190476 0.189286 0.183333 0.170238 0.164286 0.160714 0.150000 0.138095 0.114286 0.113095 0.107143 0.102381 0.098810 0.088095
0.033333 0.036905 0.035714 0.041667 0.047619 0.046429 0.055952 0.044048 0.054762 0.055952 0.051190 0.048810 0.000000 0.063095 0.061905 0.060714 0.061905 0.059524 0.059524 0.057143 0.047619 0.051190 0.052381 0.057143 0.059524 0.061905 0.060714 0.060714 0.060714 0.059524 0.065476 0.066667 0.071429 0.072619 0.076190 0.076190 0.050000 0.040476 0.038095 0.113095 0.142857 0.146429 0.148810 0.158333 0.046429 0.189286 0.186905 0.189286 0.190476 0.190476 0.191667 0.191667 0.186905 0.166667 0.165476 0.163095 0.159524 0.129762 0.117857 0.108333 0.101190 0.096429 0.000000
0.030952 0.032143 0.048810 0.048810 0.050000 0.053571 0.053571 0.051190 0.038095 0.053571 0.050000 0.027381 0.000000 0.061905 0.061905 0.061905 0.059524 0.059524 0.059524 0.048810 0.048810 0.051190 0.053571 0.059524 0.059524 0.059524 0.061905 0.061905 0.059524 0.059524 0.059524 0.061905 0.061905 0.065476 0.075000 0.079762 0.078571 0.104762 0.116667 0.144048 0.147619 0.148810 0.145238 0.059524 0.050000 0.189286 0.190476 0.186905 0.194048 0.196429 0.195238 0.195238 0.194048 0.182143 0.182143 0.178571 0.170238 0.158333 0.114286 0.108333 0.100000 0.086905 0.000000
0.038095 0.032143 0.048810 0.048810 0.050000 0.052381 0.051190 0.046429 0.039286 0.054762 0.050000 0.051190 0.000000 0.057143 0.059524 0.060714 0.061905 0.059524 0.047619 0.050000 0.050000 0.047619 0.064286 0.055952 0.058333 0.059524 0.058333 0.061905 0.059524 0.059524 0.058333 0.058333 0.060714 0.060714 0.066667 0.086905 0.011905 0.016667 0.113095 0.116667 0.147619 0.135714 0.000000 0.127381 0.142857 0.057143 0.194048 0.194048 0.194048 0.195238 0.195238 0.197619 0.195238 0.196429 0.188095 0.186905 0.183333 0.167857 0.040476 0.035714 0.032143 0.025000 0.075000
0.030952 0.032143 0.050000 0.048810 0.048810 0.050000 0.047619 0.046429 0.039286 0.039286 0.054762 0.054762 0.054762 0.055952 0.057143 0.055952 0.055952 0.053571 0.041667 0.036905 0.048810 0.051190 0.046429 0.060714 0.058333 0.055952 0.059524 0.058333 0.057143 0.058333 0.057143 0.057143 0.059524 0.061905 0.055952 0.013095 0.011905 0.013095 0.108333 0.148810 0.144048 0.100000 0.000000 0.132143 0.122619 0.072619 0.071429 0.201190 0.202381 0.205952 0.204762 0.205952 0.205952 0.203571 0.201190 0.192857 0.184524 0.173810 0.158333 0.038095 0.034524 0.032143 0.088095
0.032143 0.033333 0.051190 0.046429 0.023810 0.050000 0.051190 0.051190 0.051190 0.052381 0.053571 0.053571 0.051190 0.000000 0.053571 0.054762 0.054762 0.051190 0.047619 0.041667 0.036905 0.045238 0.045238 0.057143 0.048810 0.051190 0.055952 0.057143 0.057143 0.058333 0.057143 0.054762 0.051190 0.051190 0.050000 0.005952 0.007143 0.005952 0.100000 0.144048 0.151190 0.126190 0.134524 0.128571 0.122619 0.128571 0.061905 0.058333 0.209524 0.208333 0.209524 0.211905 0.211905 0.208333 0.210714 0.205952 0.190476 0.176190 0.170238 0.159524 0.147619 0.135714 0.115476
0.045238 0.046429 0.045238 0.040476 0.017857 0.025000 0.027381 0.025000 0.050000 0.048810 0.047619 0.027381 0.046429 0.046429 0.050000 0.048810 0.050000 0.050000 0.044048 0.033333 0.045238 0.044048 0.054762 0.051190 0.047619 0.050000 0.052381 0.054762 0.054762 0.055952 0.054762 0.052381 0.042857 0.051190 0.050000 0.007143 0.005952 0.007143 0.066667 0.000000 0.000000 0.154762 0.154762 0.150000 0.121429 0.122619 0.117857 0.047619 0.036905 0.000000 0.210714 0.209524 0.211905 0.211905 0.208333 0.205952 0.202381 0.194048 0.182143 0.172619 0.164286 0.141667 0.132143
0.044048 0.040476 0.039286 0.029762 0.016667 0.020238 0.021429 0.023810 0.022619 0.023810 0.022619 0.025000 0.041667 0.041667 0.040476 0.041667 0.041667 0.040476 0.036905 0.030952 0.033333 0.034524 0.053571 0.053571 0.050000 0.051190 0.050000 0.051190 0.051190 0.051190 0.047619 0.042857 0.039286 0.048810 0.052381 0.009524 0.016667 0.005952 0.000000 0.000000 0.000000 0.000000 0.152381 0.150000 0.136905 0.123810 0.046429 0.053571 0.046429 0.039286 0.000000 0.214286 0.211905 0.213095 0.213095 0.211905 0.205952 0.203571 0.190476 0.186905 0.180952 0.167857 0.147619
0.036905 0.034524 0.029762 0.027381 0.015476 0.016667 0.016667 0.016667 0.016667 0.016667 0.019048 0.022619 0.038095 0.000000 0.000000 0.038095 0.036905 0.034524 0.026190 0.027381 0.029762 0.029762 0.034524 0.051190 0.047619 0.044048 0.046429 0.046429 0.044048 0.044048 0.042857 0.042857 0.041667 0.047619 0.009524 0.061905 0.063095 0.021429 0.000000 0.000000 0.000000 0.146429 0.151190 0.152381 0.147619 0.122619 0.047619 0.050000 0.147619 0.051190 0.046429 0.209524 0.210714 0.214286 0.211905 0.210714 0.213095 0.213095 0.209524 0.200000 0.197619 0.183333 0.171429
0.028571 0.019048 0.022619 0.026190 0.014286 0.014286 0.014286 0.016667 0.015476 0.019048 0.020238 0.021429 0.022619 0.035714 0.035714 0.034524 0.033333 0.032143 0.026190 0.028571 0.029762 0.032143 0.032143 0.033333 0.045238 0.039286 0.040476 0.042857 0.041667 0.041667 0.040476 0.040476 0.045238 0.054762 0.011905 0.064286 0.063095 0.119048 0.000000 0.000000 0.000000 0.153571 0.154762 0.153571 0.132143 0.129762 0.122619 0.039286 0.160714 0.151190 0.057143 0.214286 0.213095 0.215476 0.215476 0.216667 0.213095 0.215476 0.213095 0.216667 0.207143 0.202381 0.189286
0.020238 0.020238 0.020238 0.026190 0.014286 0.013095 0.014286 0.016667 0.017857 0.021429 0.021429 0.033333 0.020238 0.036905 0.035714 0.034524 0.034524 0.032143 0.023810 0.028571 0.028571 0.032143 0.032143 0.044048 0.046429 0.045238 0.040476 0.039286 0.040476 0.040476 0.040476 0.042857 0.067857 0.053571 0.059524 0.070238 0.130952 0.133333 0.141667 0.148810 0.155952 0.155952 0.159524 0.159524 0.158333 0.134524 0.132143 0.033333 0.164286 0.163095 0.057143 0.053571 0.211905 0.215476 0.217857 0.227381 0.221429 0.220238 0.215476 0.216667 0.217857 0.210714 0.198810
0.020238 0.021429 0.022619 0.027381 0.026190 0.015476 0.014286 0.014286 0.015476 0.021429 0.020238 0.034524 0.034524 0.034524 0.034524 0.034524 0.033333 0.032143 0.028571 0.026190 0.029762 0.029762 0.045238 0.044048 0.045238 0.046429 0.042857 0.040476 0.039286 0.034524 0.061905 0.071429 0.090476 0.115476 0.114286 0.070238 0.132143 0.138095 0.135714 0.148810 0.152381 0.154762 0.158333 0.160714 0.164286 0.134524 0.140476 0.152381 0.172619 0.164286 0.147619 0.060714 0.205952 0.215476 0.225000 0.225000 0.229762 0.227381 0.221429 0.219048 0.225000 0.223810 0.216667
0.022619 0.021429 0.022619 0.027381 0.026190 0.016667 0.025000 0.021429 0.017857 0.019048 0.021429 0.035714 0.035714 0.036905 0.035714 0.034524 0.033333 0.030952 0.028571 0.023810 0.029762 0.029762 0.045238 0.046429 0.044048 0.047619 0.046429 0.047619 0.041667 0.051190 0.000000 0.000000 0.100000 0.119048 0.139286 0.139286 0.135714 0.134524 0.132143 0.133333 0.140476 0.142857 0.154762 0.157143 0.169048 0.142857 0.146429 0.160714 0.160714 0.165476 0.061905 0.067857 0.066667 0.058333 0.053571 0.230952 0.233333 0.230952 0.225000 0.228571 0.235714 0.230952 0.226190
0.016667 0.022619 0.023810 0.029762 0.029762 0.027381 0.026190 0.020238 0.019048 0.019048 0.036905 0.036905 0.036905 0.036905 0.000000 0.033333 0.033333 0.033333 0.021429 0.020238 0.023810 0.000000 0.036905 0.038095 0.040476 0.041667 0.047619 0.045238 0.045238 0.059524 0.000000 0.086905 0.100000 0.120238 0.136905 0.134524 0.127381 0.120238 0.041667 0.116667 0.119048 0.128571 0.134524 0.144048 0.155952 0.139286 0.151190 0.153571 0.151190 0.163095 0.071429 0.067857 0.069048 0.061905 0.055952 0.233333 0.238095 0.233333 0.235714 0.238095 0.233333 0.222619 0.177381
