FireSTARR/test/output/NOR/NOR072/2018-07-20_0000/intensity_M_207_2018-07-26.asc
ncols         425
nrows         346
xllcorner     525343.378600
yllcorner     5240402.364000
cellsize      100.000000
NODATA_value  0.000000
[rows 112 to 139 of 346, columns 315 to 377 of 425]
0.070238 0.048810 0.029762 0.000000 0.026190 0.032143 0.052381 0.048810 0.051190 0.013095 0.017857 0.013095 0.011905 0.009524 0.017857 0.013095 0.005952 0.016667 0.013095 0.000000 0.000000 0.000000 0.000000 0.000000 0.000000 0.000000 0.015476 0.015476 0.026190 0.011905 0.008333 0.010714 0.016667 0.014286 0.040476 0.038095 0.044048 0.038095 0.030952 0.013095 0.014286 0.035714 0.033333 0.026190 0.209524 0.190476 0.191667 0.013095 0.000000 0.017857 0.020238 0.013095 0.023810 0.021429 0.019048 0.014286 0.021429 0.016667 0.021429 0.017857 0.015476 0.011905 0.000000
0.076190 0.058333 0.023810 0.000000 0.000000 0.030952 0.060714 0.058333 0.060714 0.054762 0.036905 0.016667 0.013095 0.016667 0.015476 0.013095 0.013095 0.013095 0.000000 0.000000 0.000000 0.000000 0.000000 0.000000 0.000000 0.013095 0.014286 0.023810 0.016667 0.014286 0.007143 0.009524 0.017857 0.025000 0.029762 0.030952 0.036905 0.030952 0.009524 0.014286 0.014286 0.011905 0.029762 0.029762 0.013095 0.014286 0.000000 0.000000 0.013095 0.023810 0.022619 0.022619 0.021429 0.023810 0.025000 0.025000 0.023810 0.019048 0.015476 0.013095 0.017857 0.013095 0.010714
0.079762 0.058333 0.046429 0.000000 0.000000 0.044048 0.025000 0.026190 0.019048 0.022619 0.016667 0.017857 0.023810 0.014286 0.013095 0.013095 0.013095 0.000000 0.000000 0.000000 0.000000 0.000000 0.000000 0.000000 0.019048 0.017857 0.029762 0.029762 0.015476 0.008333 0.007143 0.007143 0.008333 0.013095 0.014286 0.033333 0.034524 0.029762 0.007143 0.014286 0.013095 0.035714 0.030952 0.010714 0.011905 0.000000 0.000000 0.009524 0.015476 0.020238 0.022619 0.033333 0.040476 0.021429 0.015476 0.032143 0.023810 0.016667 0.021429 0.020238 0.013095 0.016667 0.014286
0.095238 0.061905 0.036905 0.000000 0.051190 0.046429 0.047619 0.013095 0.028571 0.027381 0.019048 0.013095 0.022619 0.013095 0.010714 0.010714 0.010714 0.000000 0.000000 0.000000 0.000000 0.000000 0.000000 0.000000 0.030952 0.027381 0.027381 0.027381 0.013095 0.028571 0.025000 0.016667 0.007143 0.002381 0.009524 0.010714 0.032143 0.000000 0.000000 0.011905 0.015476 0.014286 0.015476 0.014286 0.009524 0.000000 0.009524 0.015476 0.028571 0.029762 0.013095 0.015476 0.016667 0.045238 0.014286 0.019048 0.021429 0.022619 0.021429 0.019048 0.015476 0.014286 0.013095
0.109524 0.063095 0.042857 0.000000 0.059524 0.046429 0.054762 0.013095 0.029762 0.000000 0.000000 0.010714 0.015476 0.019048 0.013095 0.015476 0.000000 0.000000 0.000000 0.000000 0.000000 0.000000 0.000000 0.000000 0.028571 0.029762 0.030952 0.021429 0.023810 0.027381 0.028571 0.020238 0.015476 0.011905 0.003571 0.004762 0.011905 0.013095 0.032143 0.009524 0.008333 0.010714 0.000000 0.000000 0.000000 0.010714 0.010714 0.029762 0.036905 0.033333 0.020238 0.015476 0.019048 0.044048 0.036905 0.032143 0.021429 0.025000 0.017857 0.023810 0.021429 0.014286 0.016667
0.130952 0.046429 0.036905 0.000000 0.060714 0.050000 0.052381 0.019048 0.015476 0.000000 0.000000 0.000000 0.000000 0.000000 0.000000 0.000000 0.000000 0.000000 0.000000 0.000000 0.000000 0.000000 0.000000 0.000000 0.022619 0.030952 0.034524 0.032143 0.032143 0.032143 0.030952 0.020238 0.019048 0.014286 0.004762 0.000000 0.004762 0.007143 0.022619 0.027381 0.025000 0.000000 0.000000 0.000000 0.010714 0.011905 0.010714 0.033333 0.034524 0.016667 0.019048 0.021429 0.021429 0.041667 0.045238 0.036905 0.015476 0.016667 0.020238 0.023810 0.016667 0.023810 0.013095
0.139286 0.000000 0.000000 0.000000 0.058333 0.033333 0.030952 0.021429 0.016667 0.000000 0.000000 0.000000 0.000000 0.007143 0.005952 0.004762 0.000000 0.000000 0.000000 0.000000 0.000000 0.000000 0.000000 0.000000 0.025000 0.038095 0.017857 0.020238 0.015476 0.028571 0.023810 0.019048 0.015476 0.021429 0.005952 0.002381 0.001190 0.001190 0.022619 0.028571 0.000000 0.000000 0.011905 0.045238 0.019048 0.042857 0.013095 0.030952 0.016667 0.017857 0.016667 0.020238 0.044048 0.045238 0.048810 0.028571 0.028571 0.026190 0.027381 0.016667 0.019048 0.019048 0.021429
0.000000 0.000000 0.000000 0.191667 0.064286 0.033333 0.028571 0.020238 0.017857 0.000000 0.000000 0.000000 0.009524 0.008333 0.007143 0.007143 0.000000 0.000000 0.000000 0.000000 0.000000 0.000000 0.000000 0.017857 0.016667 0.041667 0.027381 0.020238 0.016667 0.028571 0.022619 0.023810 0.021429 0.016667 0.021429 0.004762 0.034524 0.035714 0.020238 0.000000 0.000000 0.011905 0.015476 0.030952 0.042857 0.039286 0.038095 0.023810 0.025000 0.026190 0.021429 0.021429 0.041667 0.064286 0.051190 0.033333 0.035714 0.030952 0.039286 0.034524 0.021429 0.020238 0.019048
0.105952 0.080952 0.246429 0.138095 0.000000 0.029762 0.000000 0.017857 0.016667 0.008333 0.010714 0.000000 0.008333 0.009524 0.009524 0.005952 0.000000 0.000000 0.000000 0.000000 0.000000 0.000000 0.008333 0.016667 0.025000 0.038095 0.035714 0.016667 0.011905 0.027381 0.023810 0.019048 0.027381 0.021429 0.028571 0.036905 0.033333 0.033333 0.000000 0.000000 0.011905 0.014286 0.015476 0.045238 0.045238 0.035714 0.032143 0.022619 0.028571 0.036905 0.028571 0.033333 0.057143 0.058333 0.057143 0.044048 0.036905 0.050000 0.046429 0.038095 0.027381 0.038095 0.022619
0.100000 0.103571 0.209524 0.000000 0.000000 0.000000 0.000000 0.000000 0.007143 0.009524 0.000000 0.000000 0.007143 0.009524 0.008333 0.000000 0.000000 0.000000 0.000000 0.000000 0.000000 0.009524 0.005952 0.017857 0.109524 0.073810 0.054762 0.011905 0.013095 0.013095 0.019048 0.029762 0.029762 0.029762 0.028571 0.030952 0.003571 0.000000 0.000000 0.000000 0.015476 0.014286 0.016667 0.046429 0.040476 0.042857 0.030952 0.028571 0.034524 0.047619 0.050000 0.039286 0.064286 0.071429 0.089286 0.065476 0.082143 0.067857 0.053571 0.042857 0.021429 0.051190 0.069048
0.138095 0.051190 0.045238 0.041667 0.000000 0.000000 0.000000 0.000000 0.000000 0.000000 0.005952 0.005952 0.009524 0.000000 0.000000 0.000000 0.000000 0.000000 0.000000 0.013095 0.013095 0.016667 0.015476 0.011905 0.114286 0.027381 0.046429 0.020238 0.019048 0.013095 0.015476 0.032143 0.034524 0.038095 0.019048 0.009524 0.000000 0.000000 0.014286 0.014286 0.013095 0.017857 0.038095 0.041667 0.041667 0.041667 0.053571 0.030952 0.046429 0.072619 0.060714 0.057143 0.077381 0.110714 0.176190 0.073810 0.082143 0.082143 0.059524 0.046429 0.077381 0.107143 0.101190
0.069048 0.057143 0.036905 0.021429 0.015476 0.027381 0.025000 0.014286 0.000000 0.000000 0.000000 0.008333 0.000000 0.000000 0.000000 0.000000 0.000000 0.000000 0.000000 0.020238 0.022619 0.019048 0.015476 0.011905 0.015476 0.021429 0.046429 0.023810 0.016667 0.014286 0.009524 0.032143 0.035714 0.020238 0.022619 0.023810 0.000000 0.000000 0.015476 0.017857 0.022619 0.039286 0.044048 0.045238 0.045238 0.050000 0.060714 0.040476 0.077381 0.073810 0.070238 0.082143 0.091667 0.175000 0.169048 0.083333 0.000000 0.000000 0.075000 0.046429 0.128571 0.072619 0.044048
0.026190 0.013095 0.013095 0.023810 0.023810 0.035714 0.027381 0.014286 0.019048 0.000000 0.000000 0.000000 0.000000 0.000000 0.000000 0.000000 0.000000 0.000000 0.023810 0.026190 0.025000 0.023810 0.021429 0.172619 0.010714 0.053571 0.035714 0.019048 0.013095 0.014286 0.020238 0.019048 0.023810 0.026190 0.027381 0.020238 0.000000 0.000000 0.016667 0.016667 0.030952 0.033333 0.035714 0.041667 0.038095 0.038095 0.071429 0.088095 0.101190 0.100000 0.042857 0.084524 0.082143 0.169048 0.090476 0.064286 0.000000 0.000000 0.000000 0.054762 0.114286 0.111905 0.030952
0.053571 0.073810 0.053571 0.051190 0.038095 0.102381 0.047619 0.033333 0.027381 0.017857 0.000000 0.000000 0.000000 0.000000 0.000000 0.000000 0.000000 0.023810 0.023810 0.021429 0.032143 0.033333 0.028571 0.161905 0.085714 0.041667 0.025000 0.025000 0.021429 0.014286 0.015476 0.019048 0.022619 0.014286 0.021429 0.026190 0.028571 0.027381 0.036905 0.051190 0.041667 0.042857 0.042857 0.035714 0.069048 0.082143 0.100000 0.100000 0.102381 0.040476 0.047619 0.032143 0.084524 0.095238 0.038095 0.041667 0.000000 0.000000 0.000000 0.000000 0.047619 0.042857 0.032143
0.066667 0.073810 0.054762 0.000000 0.000000 0.101190 0.066667 0.042857 0.027381 0.023810 0.000000 0.000000 0.000000 0.000000 0.000000 0.000000 0.000000 0.025000 0.034524 0.035714 0.036905 0.039286 0.033333 0.026190 0.071429 0.033333 0.020238 0.021429 0.020238 0.008333 0.014286 0.016667 0.020238 0.019048 0.011905 0.032143 0.030952 0.033333 0.041667 0.061905 0.057143 0.057143 0.059524 0.065476 0.075000 0.086905 0.095238 0.040476 0.045238 0.051190 0.042857 0.034524 0.041667 0.077381 0.053571 0.000000 0.000000 0.000000 0.000000 0.000000 0.000000 0.042857 0.023810
0.073810 0.077381 0.059524 0.000000 0.000000 0.000000 0.044048 0.047619 0.032143 0.023810 0.000000 0.000000 0.000000 0.000000 0.000000 0.000000 0.054762 0.045238 0.041667 0.039286 0.000000 0.039286 0.039286 0.000000 0.000000 0.013095 0.000000 0.000000 0.004762 0.000000 0.000000 0.009524 0.010714 0.040476 0.036905 0.038095 0.042857 0.042857 0.046429 0.050000 0.064286 0.079762 0.084524 0.070238 0.072619 0.073810 0.073810 0.039286 0.078571 0.052381 0.065476 0.064286 0.055952 0.094048 0.000000 0.000000 0.000000 0.000000 0.000000 0.000000 0.000000 0.000000 0.025000
0.083333 0.069048 0.052381 0.000000 0.000000 0.000000 0.000000 0.015476 0.032143 0.000000 0.000000 0.000000 0.000000 0.000000 0.000000 0.057143 0.052381 0.042857 0.057143 0.045238 0.067857 0.058333 0.052381 0.000000 0.000000 0.000000 0.000000 0.000000 0.000000 0.000000 0.000000 0.000000 0.011905 0.013095 0.013095 0.036905 0.046429 0.038095 0.051190 0.057143 0.088095 0.082143 0.086905 0.086905 0.065476 0.069048 0.048810 0.042857 0.045238 0.070238 0.063095 0.000000 0.000000 0.000000 0.000000 0.000000 0.000000 0.000000 0.000000 0.000000 0.000000 0.000000 0.000000
0.078571 0.059524 0.065476 0.000000 0.000000 0.000000 0.000000 0.034524 0.022619 0.004762 0.000000 0.000000 0.000000 0.000000 0.000000 0.000000 0.000000 0.000000 0.047619 0.061905 0.052381 0.065476 0.064286 0.000000 0.000000 0.000000 0.000000 0.000000 0.000000 0.000000 0.000000 0.000000 0.000000 0.000000 0.015476 0.048810 0.046429 0.044048 0.064286 0.070238 0.080952 0.085714 0.091667 0.042857 0.034524 0.026190 0.063095 0.036905 0.090476 0.075000 0.000000 0.000000 0.000000 0.000000 0.000000 0.000000 0.000000 0.000000 0.000000 0.000000 0.000000 0.000000 0.000000
0.407143 0.341667 0.000000 0.000000 0.000000 0.000000 0.000000 0.033333 0.030952 0.028571 0.000000 0.000000 0.000000 0.067857 0.000000 0.000000 0.000000 0.000000 0.000000 0.000000 0.000000 0.000000 0.051190 0.058333 0.065476 0.026190 0.000000 0.000000 0.000000 0.000000 0.000000 0.000000 0.000000 0.000000 0.008333 0.042857 0.048810 0.046429 0.045238 0.060714 0.047619 0.000000 0.064286 0.052381 0.069048 0.059524 0.039286 0.058333 0.000000 0.000000 0.000000 0.000000 0.000000 0.000000 0.000000 0.000000 0.000000 0.000000 0.000000 0.000000 0.000000 0.000000 0.000000
0.377381 0.322619 0.000000 0.000000 0.000000 0.000000 0.000000 0.035714 0.034524 0.033333 0.000000 0.000000 0.063095 0.000000 0.000000 0.000000 0.000000 0.000000 0.000000 0.000000 0.000000 0.000000 0.000000 0.054762 0.058333 0.027381 0.038095 0.039286 0.040476 0.000000 0.000000 0.000000 0.000000 0.000000 0.000000 0.000000 0.035714 0.028571 0.000000 0.000000 0.000000 0.000000 0.000000 0.000000 0.000000 0.067857 0.050000 0.000000 0.000000 0.000000 0.000000 0.000000 0.000000 0.000000 0.000000 0.000000 0.000000 0.000000 0.000000 0.000000 0.000000 0.000000 0.000000
0.352381 0.000000 0.000000 0.000000 0.000000 0.000000 0.000000 0.035714 0.033333 0.034524 0.078571 0.063095 0.065476 0.000000 0.000000 0.000000 0.000000 0.000000 0.000000 0.000000 0.000000 0.000000 0.000000 0.000000 0.060714 0.048810 0.040476 0.000000 0.000000 0.053571 0.000000 0.000000 0.000000 0.000000 0.000000 0.000000 0.000000 0.000000 0.000000 0.000000 0.000000 0.000000 0.000000 0.000000 0.000000 0.065476 0.000000 0.000000 0.000000 0.000000 0.000000 0.000000 0.000000 0.000000 0.000000 0.000000 0.000000 0.000000 0.000000 0.000000 0.000000 0.000000 0.000000
0.071429 0.000000 0.000000 0.000000 0.000000 0.000000 0.000000 0.034524 0.032143 0.000000 0.014286 0.072619 0.000000 0.000000 0.000000 0.000000 0.000000 0.000000 0.000000 0.000000 0.000000 0.000000 0.000000 0.000000 0.000000 0.266667 0.000000 0.000000 0.000000 0.000000 0.000000 0.000000 0.000000 0.000000 0.000000 0.000000 0.000000 0.000000 0.000000 0.000000 0.000000 0.000000 0.000000 0.000000 0.000000 0.000000 0.000000 0.000000 0.000000 0.000000 0.000000 0.000000 0.000000 0.000000 0.000000 0.000000 0.000000 0.000000 0.000000 0.000000 0.000000 0.000000 0.000000
0.000000 0.000000 0.000000 0.000000 0.000000 0.000000 0.000000 0.035714 0.038095 0.038095 0.092857 0.213095 0.000000 0.000000 0.000000 0.000000 0.000000 0.000000 0.000000 0.000000 0.000000 0.000000 0.000000 0.000000 0.000000 0.000000 0.000000 0.000000 0.000000 0.000000 0.000000 0.000000 0.000000 0.000000 0.000000 0.000000 0.000000 0.000000 0.000000 0.000000 0.000000 0.000000 0.000000 0.000000 0.000000 0.000000 0.000000 0.000000 0.000000 0.000000 0.000000 0.000000 0.000000 0.000000 0.000000 0.000000 0.000000 0.000000 0.000000 0.000000 0.000000 0.000000 0.000000
0.084524 0.000000 0.000000 0.000000 0.000000 0.000000 0.000000 0.036905 0.036905 0.442857 0.273810 0.064286 0.000000 0.000000 0.000000 0.000000 0.000000 0.000000 0.000000 0.000000 0.000000 0.000000 0.000000 0.000000 0.000000 0.000000 0.000000 0.000000 0.000000 0.000000 0.000000 0.000000 0.000000 0.000000 0.000000 0.000000 0.000000 0.000000 0.000000 0.000000 0.000000 0.000000 0.000000 0.000000 0.000000 0.000000 0.000000 0.000000 0.000000 0.000000 0.000000 0.000000 0.000000 0.000000 0.000000 0.000000 0.000000 0.000000 0.000000 0.000000 0.000000 0.000000 0.000000
0.000000 0.000000 0.000000 0.000000 0.000000 0.000000 0.000000 0.038095 0.038095 0.375000 0.244048 0.000000 0.000000 0.000000 0.000000 0.000000 0.000000 0.000000 0.000000 0.000000 0.000000 0.000000 0.000000 0.000000 0.000000 0.000000 0.000000 0.000000 0.000000 0.000000 0.000000 0.000000 0.000000 0.000000 0.000000 0.000000 0.000000 0.000000 0.000000 0.000000 0.000000 0.000000 0.000000 0.000000 0.000000 0.000000 0.000000 0.000000 0.000000 0.000000 0.000000 0.000000 0.000000 0.000000 0.000000 0.000000 0.000000 0.000000 0.000000 0.000000 0.000000 0.000000 0.000000
0.000000 0.000000 0.000000 0.000000 0.000000 0.000000 0.000000 0.026190 0.032143 0.370238 0.228571 0.000000 0.000000 0.000000 0.000000 0.000000 0.000000 0.000000 0.000000 0.000000 0.000000 0.000000 0.000000 0.000000 0.000000 0.000000 0.000000 0.000000 0.000000 0.000000 0.000000 0.000000 0.000000 0.000000 0.000000 0.000000 0.000000 0.000000 0.000000 0.000000 0.000000 0.000000 0.000000 0.000000 0.000000 0.000000 0.000000 0.000000 0.000000 0.000000 0.000000 0.000000 0.000000 0.000000 0.000000 0.000000 0.000000 0.000000 0.000000 0.000000 0.000000 0.000000 0.000000
0.000000 0.000000 0.000000 0.000000 0.000000 0.000000 0.000000 0.026190 0.377381 0.286905 0.000000 0.000000 0.000000 0.000000 0.000000 0.000000 0.000000 0.000000 0.000000 0.000000 0.000000 0.000000 0.000000 0.000000 0.000000 0.000000 0.000000 0.000000 0.000000 0.000000 0.000000 0.000000 0.000000 0.000000 0.000000 0.000000 0.000000 0.000000 0.000000 0.000000 0.000000 0.000000 0.000000 0.000000 0.000000 0.000000 0.000000 0.000000 0.000000 0.000000 0.000000 0.000000 0.000000 0.000000 0.000000 0.000000 0.000000 0.000000 0.000000 0.000000 0.000000 0.000000 0.000000
0.000000 0.000000 0.000000 0.000000 0.000000 0.000000 0.000000 0.251190 0.377381 0.252381 0.000000 0.000000 0.000000 0.000000 0.000000 0.000000 0.000000 0.000000 0.000000 0.000000 0.000000 0.000000 0.000000 0.000000 0.000000 0.000000 0.000000 0.000000 0.000000 0.000000 0.000000 0.000000 0.000000 0.000000 0.000000 0.000000 0.000000 0.000000 0.000000 0.000000 0.000000 0.000000 0.000000 0.000000 0.000000 0.000000 0.000000 0.000000 0.000000 0.000000 0.000000 0.000000 0.000000 0.000000 0.000000 0.000000 0.000000 0.000000 0.000000 0.000000 0.000000 0.000000 0.000000
