FireSTARR/test/output/NOR/NOR072/2018-07-20_0000/intensity_M_201_2018-07-20.asc
ncols         297
nrows         248
xllcorner     536243.378600
yllcorner     5243802.364000
cellsize      100.000000
NODATA_value  0.000000
[rows 28 to 55 of 248, columns 189 to 251 of 297]
0.002381 0.001190 0.002381 0.009524 0.010714 0.011905 0.009524 0.010714 0.014286 0.048810 0.047619 0.041667 0.014286 0.020238 0.016667 0.001190 0.000000 0.000000 0.001190 0.000000 0.000000 0.000000 0.001190 0.000000 0.000000 0.000000 0.000000 0.000000 0.000000 0.000000 0.000000 0.000000 0.000000 0.000000 0.000000 0.000000 0.000000 0.000000 0.000000 0.000000 0.000000 0.000000 0.000000 0.000000 0.000000 0.000000 0.000000 0.000000 0.000000 0.000000 0.000000 0.000000 0.000000 0.000000 0.000000 0.000000 0.000000 0.000000 0.000000 0.011905 0.000000 0.014286 0.013095
0.004762 0.002381 0.004762 0.007143 0.008333 0.008333 0.007143 0.010714 0.059524 0.061905 0.064286 0.060714 0.007143 0.017857 0.014286 0.017857 0.009524 0.003571 0.002381 0.000000 0.001190 0.001190 0.001190 0.000000 0.000000 0.000000 0.000000 0.000000 0.000000 0.000000 0.000000 0.000000 0.000000 0.000000 0.000000 0.000000 0.000000 0.000000 0.000000 0.000000 0.000000 0.000000 0.000000 0.000000 0.000000 0.000000 0.000000 0.000000 0.000000 0.000000 0.000000 0.000000 0.000000 0.000000 0.000000 0.000000 0.000000 0.000000 0.000000 0.000000 0.011905 0.011905 0.013095
0.005952 0.000000 0.002381 0.005952 0.005952 0.005952 0.010714 0.010714 0.004762 0.057143 0.053571 0.009524 0.008333 0.052381 0.028571 0.023810 0.009524 0.004762 0.004762 0.000000 0.000000 0.000000 0.001190 0.001190 0.000000 0.000000 0.000000 0.000000 0.000000 0.000000 0.000000 0.000000 0.000000 0.000000 0.000000 0.000000 0.000000 0.000000 0.000000 0.000000 0.000000 0.000000 0.000000 0.000000 0.000000 0.000000 0.000000 0.000000 0.000000 0.000000 0.000000 0.000000 0.000000 0.000000 0.000000 0.000000 0.000000 0.000000 0.000000 0.000000 0.021429 0.010714 0.014286
0.001190 0.000000 0.000000 0.001190 0.001190 0.007143 0.008333 0.010714 0.009524 0.044048 0.046429 0.053571 0.054762 0.058333 0.033333 0.027381 0.020238 0.010714 0.013095 0.000000 0.007143 0.001190 0.001190 0.000000 0.001190 0.000000 0.000000 0.000000 0.000000 0.000000 0.000000 0.000000 0.000000 0.000000 0.000000 0.000000 0.000000 0.000000 0.000000 0.000000 0.000000 0.000000 0.000000 0.000000 0.000000 0.000000 0.000000 0.000000 0.000000 0.000000 0.000000 0.000000 0.000000 0.000000 0.000000 0.000000 0.000000 0.000000 0.000000 0.000000 0.000000 0.000000 0.001190
0.000000 0.000000 0.020238 0.017857 0.014286 0.011905 0.005952 0.008333 0.033333 0.036905 0.036905 0.036905 0.042857 0.048810 0.042857 0.030952 0.033333 0.023810 0.021429 0.015476 0.011905 0.002381 0.002381 0.002381 0.001190 0.001190 0.000000 0.000000 0.000000 0.000000 0.000000 0.000000 0.000000 0.000000 0.000000 0.000000 0.000000 0.000000 0.000000 0.000000 0.000000 0.000000 0.000000 0.000000 0.000000 0.000000 0.000000 0.000000 0.000000 0.000000 0.000000 0.000000 0.000000 0.000000 0.000000 0.000000 0.000000 0.000000 0.000000 0.000000 0.000000 0.000000 0.007143
0.001190 0.019048 0.009524 0.004762 0.005952 0.005952 0.002381 0.034524 0.034524 0.005952 0.003571 0.034524 0.011905 0.015476 0.050000 0.035714 0.038095 0.033333 0.027381 0.004762 0.014286 0.003571 0.002381 0.002381 0.002381 0.001190 0.000000 0.001190 0.000000 0.000000 0.000000 0.000000 0.000000 0.000000 0.000000 0.000000 0.000000 0.000000 0.000000 0.000000 0.000000 0.000000 0.000000 0.000000 0.000000 0.000000 0.000000 0.000000 0.000000 0.000000 0.000000 0.000000 0.000000 0.000000 0.000000 0.000000 0.000000 0.000000 0.000000 0.000000 0.000000 0.000000 0.000000
0.010714 0.019048 0.003571 0.004762 0.028571 0.032143 0.032143 0.032143 0.034524 0.003571 0.003571 0.004762 0.005952 0.010714 0.013095 0.036905 0.035714 0.005952 0.002381 0.005952 0.000000 0.007143 0.002381 0.002381 0.002381 0.002381 0.000000 0.001190 0.001190 0.000000 0.000000 0.000000 0.000000 0.000000 0.000000 0.000000 0.000000 0.000000 0.000000 0.000000 0.000000 0.000000 0.000000 0.000000 0.000000 0.000000 0.000000 0.000000 0.000000 0.000000 0.000000 0.000000 0.000000 0.000000 0.000000 0.000000 0.000000 0.000000 0.000000 0.000000 0.000000 0.000000 0.002381
0.027381 0.021429 0.035714 0.038095 0.035714 0.036905 0.029762 0.027381 0.028571 0.004762 0.003571 0.004762 0.004762 0.007143 0.013095 0.017857 0.042857 0.003571 0.003571 0.007143 0.002381 0.000000 0.003571 0.004762 0.002381 0.002381 0.000000 0.000000 0.001190 0.001190 0.001190 0.000000 0.000000 0.000000 0.000000 0.000000 0.000000 0.000000 0.000000 0.000000 0.000000 0.000000 0.000000 0.000000 0.000000 0.000000 0.000000 0.000000 0.000000 0.000000 0.000000 0.000000 0.000000 0.000000 0.000000 0.000000 0.000000 0.000000 0.000000 0.001190 0.001190 0.001190 0.001190
0.021429 0.022619 0.038095 0.040476 0.034524 0.033333 0.029762 0.029762 0.009524 0.008333 0.001190 0.001190 0.002381 0.007143 0.003571 0.005952 0.007143 0.020238 0.011905 0.004762 0.002381 0.000000 0.001190 0.002381 0.002381 0.002381 0.002381 0.002381 0.001190 0.001190 0.001190 0.001190 0.000000 0.000000 0.000000 0.000000 0.000000 0.000000 0.000000 0.000000 0.000000 0.000000 0.000000 0.000000 0.000000 0.000000 0.000000 0.000000 0.000000 0.000000 0.000000 0.000000 0.000000 0.000000 0.000000 0.001190 0.000000 0.000000 0.001190 0.000000 0.001190 0.002381 0.000000
0.001190 0.017857 0.008333 0.038095 0.001190 0.000000 0.032143 0.001190 0.000000 0.000000 0.001190 0.000000 0.008333 0.010714 0.001190 0.009524 0.007143 0.020238 0.013095 0.009524 0.015476 0.003571 0.007143 0.000000 0.009524 0.004762 0.002381 0.002381 0.004762 0.002381 0.000000 0.001190 0.000000 0.000000 0.000000 0.000000 0.000000 0.000000 0.000000 0.000000 0.000000 0.000000 0.000000 0.000000 0.000000 0.000000 0.000000 0.000000 0.000000 0.000000 0.000000 0.000000 0.000000 0.000000 0.000000 0.001190 0.000000 0.000000 0.004762 0.001190 0.001190 0.001190 0.000000
0.002381 0.001190 0.001190 0.033333 0.000000 0.000000 0.000000 0.002381 0.000000 0.000000 0.000000 0.000000 0.008333 0.011905 0.008333 0.001190 0.005952 0.019048 0.013095 0.019048 0.019048 0.009524 0.009524 0.007143 0.010714 0.008333 0.002381 0.003571 0.002381 0.004762 0.000000 0.001190 0.000000 0.000000 0.000000 0.000000 0.000000 0.000000 0.000000 0.000000 0.000000 0.000000 0.000000 0.000000 0.000000 0.000000 0.000000 0.000000 0.000000 0.000000 0.000000 0.000000 0.000000 0.000000 0.000000 0.000000 0.000000 0.000000 0.002381 0.002381 0.002381 0.130952 0.148810
0.015476 0.010714 0.000000 0.032143 0.000000 0.000000 0.000000 0.002381 0.000000 0.000000 0.000000 0.001190 0.000000 0.009524 0.007143 0.005952 0.004762 0.035714 0.035714 0.026190 0.017857 0.009524 0.009524 0.008333 0.004762 0.009524 0.007143 0.001190 0.002381 0.004762 0.003571 0.001190 0.000000 0.000000 0.000000 0.000000 0.000000 0.000000 0.000000 0.000000 0.000000 0.000000 0.000000 0.000000 0.000000 0.000000 0.000000 0.000000 0.000000 0.001190 0.000000 0.000000 0.000000 0.000000 0.000000 0.000000 0.000000 0.001190 0.003571 0.015476 0.014286 0.163095 0.169048
0.011905 0.034524 0.001190 0.033333 0.032143 0.000000 0.000000 0.022619 0.000000 0.000000 0.000000 0.000000 0.000000 0.000000 0.008333 0.008333 0.023810 0.026190 0.032143 0.029762 0.000000 0.000000 0.009524 0.008333 0.008333 0.004762 0.007143 0.009524 0.002381 0.002381 0.004762 0.001190 0.000000 0.000000 0.000000 0.000000 0.000000 0.000000 0.000000 0.000000 0.000000 0.000000 0.000000 0.000000 0.000000 0.000000 0.000000 0.000000 0.000000 0.000000 0.000000 0.000000 0.000000 0.000000 0.000000 0.000000 0.000000 0.005952 0.008333 0.011905 0.011905 0.004762 0.000000
0.065476 0.002381 0.002381 0.028571 0.028571 0.000000 0.000000 0.003571 0.000000 0.000000 0.000000 0.000000 0.000000 0.000000 0.000000 0.001190 0.027381 0.029762 0.026190 0.039286 0.020238 0.000000 0.008333 0.000000 0.010714 0.008333 0.008333 0.007143 0.002381 0.004762 0.005952 0.003571 0.000000 0.000000 0.000000 0.000000 0.000000 0.000000 0.000000 0.000000 0.000000 0.000000 0.000000 0.000000 0.000000 0.000000 0.000000 0.000000 0.000000 0.000000 0.000000 0.000000 0.000000 0.000000 0.001190 0.001190 0.002381 0.003571 0.007143 0.004762 0.003571 0.007143 0.008333
0.053571 0.036905 0.004762 0.003571 0.003571 0.002381 0.000000 0.000000 0.000000 0.000000 0.000000 0.000000 0.000000 0.000000 0.000000 0.004762 0.021429 0.023810 0.035714 0.000000 0.000000 0.000000 0.007143 0.000000 0.007143 0.008333 0.008333 0.007143 0.002381 0.002381 0.003571 0.000000 0.000000 0.000000 0.000000 0.000000 0.000000 0.000000 0.000000 0.000000 0.000000 0.000000 0.000000 0.000000 0.000000 0.000000 0.000000 0.000000 0.000000 0.000000 0.000000 0.000000 0.001190 0.002381 0.001190 0.001190 0.004762 0.002381 0.007143 0.011905 0.009524 0.123810 0.147619
0.014286 0.003571 0.007143 0.002381 0.005952 0.023810 0.001190 0.001190 0.000000 0.000000 0.000000 0.000000 0.000000 0.000000 0.000000 0.007143 0.003571 0.023810 0.026190 0.027381 0.000000 0.000000 0.009524 0.005952 0.004762 0.008333 0.002381 0.004762 0.005952 0.008333 0.002381 0.001190 0.000000 0.000000 0.000000 0.000000 0.000000 0.000000 0.000000 0.000000 0.000000 0.000000 0.000000 0.000000 0.000000 0.000000 0.000000 0.000000 0.000000 0.000000 0.000000 0.001190 0.001190 0.000000 0.007143 0.000000 0.001190 0.002381 0.001190 0.000000 0.009524 0.103571 0.159524
0.010714 0.007143 0.000000 0.003571 0.003571 0.029762 0.000000 0.001190 0.000000 0.000000 0.000000 0.000000 0.000000 0.000000 0.000000 0.000000 0.001190 0.023810 0.028571 0.023810 0.019048 0.017857 0.016667 0.004762 0.004762 0.007143 0.005952 0.003571 0.008333 0.003571 0.000000 0.003571 0.000000 0.000000 0.000000 0.000000 0.000000 0.000000 0.000000 0.000000 0.000000 0.000000 0.000000 0.000000 0.000000 0.000000 0.000000 0.000000 0.000000 0.000000 0.002381 0.000000 0.001190 0.001190 0.003571 0.000000 0.001190 0.000000 0.004762 0.005952 0.004762 0.004762 0.117857
0.008333 0.004762 0.000000 0.002381 0.007143 0.028571 0.005952 0.014286 0.000000 0.000000 0.000000 0.000000 0.000000 0.000000 0.000000 0.000000 0.001190 0.001190 0.026190 0.025000 0.030952 0.028571 0.021429 0.004762 0.023810 0.007143 0.008333 0.005952 0.007143 0.004762 0.001190 0.001190 0.000000 0.000000 0.000000 0.000000 0.000000 0.000000 0.000000 0.000000 0.000000 0.000000 0.000000 0.000000 0.000000 0.000000 0.000000 0.000000 0.000000 0.001190 0.002381 0.004762 0.003571 0.000000 0.000000 0.002381 0.000000 0.001190 0.002381 0.003571 0.002381 0.003571 0.102381
0.005952 0.005952 0.000000 0.002381 0.007143 0.027381 0.008333 0.003571 0.000000 0.000000 0.000000 0.000000 0.000000 0.000000 0.000000 0.000000 0.001190 0.001190 0.021429 0.019048 0.010714 0.034524 0.032143 0.030952 0.022619 0.008333 0.011905 0.015476 0.011905 0.009524 0.002381 0.000000 0.000000 0.000000 0.000000 0.000000 0.000000 0.000000 0.000000 0.000000 0.000000 0.000000 0.000000 0.000000 0.000000 0.000000 0.000000 0.000000 0.000000 0.002381 0.001190 0.002381 0.002381 0.007143 0.001190 0.001190 0.000000 0.000000 0.001190 0.003571 0.003571 0.002381 0.129762
0.011905 0.004762 0.000000 0.000000 0.005952 0.019048 0.021429 0.005952 0.015476 0.000000 0.000000 0.000000 0.000000 0.000000 0.000000 0.000000 0.091667 0.002381 0.021429 0.020238 0.010714 0.010714 0.035714 0.005952 0.023810 0.017857 0.007143 0.008333 0.008333 0.004762 0.003571 0.001190 0.004762 0.000000 0.000000 0.000000 0.000000 0.000000 0.000000 0.000000 0.000000 0.000000 0.000000 0.000000 0.000000 0.002381 0.002381 0.000000 0.000000 0.001190 0.002381 0.004762 0.002381 0.003571 0.001190 0.001190 0.001190 0.002381 0.001190 0.003571 0.002381 0.142857 0.134524
0.014286 0.003571 0.001190 0.009524 0.008333 0.021429 0.019048 0.002381 0.042857 0.016667 0.001190 0.001190 0.001190 0.000000 0.000000 0.117857 0.105952 0.035714 0.016667 0.009524 0.000000 0.015476 0.016667 0.038095 0.030952 0.026190 0.003571 0.007143 0.004762 0.003571 0.003571 0.004762 0.003571 0.000000 0.000000 0.000000 0.000000 0.000000 0.000000 0.000000 0.000000 0.000000 0.000000 0.004762 0.003571 0.009524 0.001190 0.000000 0.000000 0.000000 0.000000 0.003571 0.003571 0.002381 0.002381 0.003571 0.000000 0.000000 0.003571 0.002381 0.003571 0.159524 0.142857
0.008333 0.027381 0.005952 0.004762 0.003571 0.116667 0.098810 0.002381 0.048810 0.017857 0.000000 0.001190 0.002381 0.002381 0.000000 0.000000 0.121429 0.044048 0.019048 0.008333 0.000000 0.000000 0.014286 0.040476 0.035714 0.032143 0.025000 0.008333 0.005952 0.002381 0.004762 0.004762 0.001190 0.000000 0.000000 0.000000 0.000000 0.000000 0.000000 0.000000 0.000000 0.000000 0.008333 0.005952 0.009524 0.003571 0.002381 0.000000 0.000000 0.000000 0.000000 0.001190 0.002381 0.002381 0.002381 0.001190 0.002381 0.001190 0.001190 0.003571 0.003571 0.001190 0.002381
0.000000 0.000000 0.001190 0.001190 0.003571 0.108333 0.022619 0.053571 0.048810 0.011905 0.000000 0.001190 0.003571 0.002381 0.001190 0.000000 0.133333 0.051190 0.025000 0.011905 0.000000 0.000000 0.017857 0.009524 0.010714 0.008333 0.005952 0.002381 0.005952 0.007143 0.003571 0.003571 0.000000 0.000000 0.000000 0.000000 0.000000 0.000000 0.000000 0.000000 0.000000 0.009524 0.005952 0.008333 0.008333 0.004762 0.000000 0.000000 0.000000 0.000000 0.000000 0.000000 0.003571 0.003571 0.002381 0.000000 0.000000 0.000000 0.002381 0.003571 0.001190 0.002381 0.000000
0.000000 0.000000 0.000000 0.008333 0.066667 0.029762 0.021429 0.053571 0.047619 0.000000 0.002381 0.002381 0.222619 0.183333 0.002381 0.001190 0.146429 0.071429 0.029762 0.004762 0.000000 0.027381 0.014286 0.014286 0.000000 0.009524 0.008333 0.003571 0.004762 0.007143 0.004762 0.001190 0.000000 0.000000 0.000000 0.000000 0.000000 0.000000 0.000000 0.000000 0.000000 0.009524 0.015476 0.008333 0.008333 0.000000 0.009524 0.004762 0.001190 0.000000 0.000000 0.000000 0.000000 0.002381 0.000000 0.000000 0.000000 0.000000 0.000000 0.001190 0.003571 0.004762 0.000000
0.000000 0.000000 0.000000 0.003571 0.005952 0.084524 0.019048 0.053571 0.053571 0.001190 0.003571 0.003571 0.233333 0.215476 0.001190 0.001190 0.132143 0.080952 0.027381 0.000000 0.000000 0.032143 0.015476 0.017857 0.002381 0.007143 0.000000 0.000000 0.002381 0.001190 0.004762 0.000000 0.000000 0.000000 0.000000 0.000000 0.000000 0.000000 0.000000 0.000000 0.000000 0.007143 0.009524 0.011905 0.004762 0.007143 0.009524 0.007143 0.003571 0.002381 0.000000 0.000000 0.000000 0.000000 0.001190 0.002381 0.000000 0.000000 0.000000 0.000000 0.000000 0.000000 0.002381
0.000000 0.000000 0.000000 0.001190 0.002381 0.103571 0.014286 0.048810 0.163095 0.002381 0.003571 0.003571 0.003571 0.220238 0.179762 0.001190 0.138095 0.096429 0.009524 0.001190 0.000000 0.026190 0.014286 0.019048 0.001190 0.001190 0.000000 0.000000 0.000000 0.000000 0.000000 0.000000 0.000000 0.000000 0.000000 0.000000 0.000000 0.000000 0.000000 0.000000 0.000000 0.003571 0.010714 0.014286 0.007143 0.009524 0.009524 0.010714 0.004762 0.003571 0.003571 0.000000 0.000000 0.000000 0.000000 0.000000 0.000000 0.000000 0.000000 0.000000 0.000000 0.003571 0.004762
0.000000 0.000000 0.000000 0.067857 0.086905 0.107143 0.016667 0.051190 0.179762 0.003571 0.005952 0.005952 0.246429 0.227381 0.203571 0.000000 0.145238 0.089286 0.000000 0.000000 0.000000 0.020238 0.003571 0.002381 0.000000 0.001190 0.000000 0.000000 0.000000 0.000000 0.000000 0.000000 0.000000 0.000000 0.000000 0.000000 0.000000 0.000000 0.000000 0.000000 0.000000 0.001190 0.011905 0.007143 0.003571 0.002381 0.005952 0.008333 0.004762 0.002381 0.003571 0.000000 0.000000 0.000000 0.000000 0.001190 0.000000 0.000000 0.000000 0.001190 0.013095 0.003571 0.010714
0.000000 0.000000 0.002381 0.048810 0.079762 0.116667 0.023810 0.145238 0.178571 0.003571 0.002381 0.001190 0.001190 0.236905 0.211905 0.179762 0.159524 0.000000 0.000000 0.000000 0.135714 0.015476 0.002381 0.001190 0.000000 0.001190 0.000000 0.000000 0.000000 0.002381 0.000000 0.000000 0.000000 0.000000 0.000000 0.000000 0.000000 0.000000 0.000000 0.000000 0.002381 0.001190 0.011905 0.007143 0.004762 0.001190 0.005952 0.005952 0.004762 0.003571 0.002381 0.002381 0.000000 0.001190 0.000000 0.000000 0.000000 0.000000 0.002381 0.001190 0.007143 0.004762 0.005952
