FireSTARR/test/output/NOR/NOR072/2018-07-20_0000/intensity_M_201_2018-07-20.asc
ncols         297
nrows         248
xllcorner     536243.378600
yllcorner     5243802.364000
cellsize      100.000000
NODATA_value  0.000000
[rows 56 to 83 of 248, columns 126 to 188 of 297]
0.000000 0.000000 0.000000 0.000000 0.000000 0.000000 0.000000 0.000000 0.001190 0.007143 0.008333 0.002381 0.001190 0.002381 0.001190 0.001190 0.010714 0.011905 0.000000 0.000000 0.005952 0.001190 0.000000 0.000000 0.000000 0.000000 0.000000 0.141667 0.000000 0.000000 0.000000 0.023810 0.001190 0.004762 0.003571 0.023810 0.003571 0.001190 0.000000 0.000000 0.000000 0.000000 0.000000 0.000000 0.000000 0.000000 0.000000 0.000000 0.000000 0.000000 0.000000 0.000000 0.000000 0.000000 0.000000 0.000000 0.000000 0.000000 0.000000 0.000000 0.000000 0.000000 0.000000
0.000000 0.000000 0.000000 0.000000 0.001190 0.001190 0.000000 0.000000 0.001190 0.007143 0.007143 0.002381 0.000000 0.000000 0.001190 0.001190 0.023810 0.007143 0.079762 0.051190 0.001190 0.001190 0.000000 0.000000 0.001190 0.000000 0.000000 0.114286 0.000000 0.000000 0.001190 0.002381 0.003571 0.003571 0.004762 0.019048 0.003571 0.001190 0.000000 0.000000 0.000000 0.000000 0.000000 0.000000 0.000000 0.000000 0.000000 0.000000 0.000000 0.000000 0.000000 0.000000 0.000000 0.000000 0.000000 0.000000 0.000000 0.000000 0.000000 0.000000 0.000000 0.000000 0.000000
0.000000 0.000000 0.000000 0.000000 0.001190 0.000000 0.000000 0.000000 0.001190 0.008333 0.007143 0.000000 0.000000 0.000000 0.000000 0.000000 0.010714 0.071429 0.054762 0.044048 0.001190 0.001190 0.001190 0.005952 0.003571 0.000000 0.000000 0.000000 0.000000 0.000000 0.000000 0.001190 0.002381 0.003571 0.003571 0.017857 0.001190 0.001190 0.000000 0.000000 0.000000 0.001190 0.000000 0.000000 0.000000 0.000000 0.000000 0.000000 0.000000 0.000000 0.000000 0.000000 0.000000 0.000000 0.000000 0.000000 0.000000 0.000000 0.000000 0.000000 0.000000 0.000000 0.000000
0.000000 0.000000 0.000000 0.000000 0.000000 0.000000 0.001190 0.001190 0.003571 0.013095 0.007143 0.000000 0.001190 0.000000 0.000000 0.017857 0.008333 0.048810 0.045238 0.039286 0.000000 0.004762 0.002381 0.003571 0.003571 0.000000 0.000000 0.000000 0.000000 0.001190 0.000000 0.002381 0.003571 0.002381 0.002381 0.003571 0.009524 0.001190 0.000000 0.000000 0.004762 0.002381 0.000000 0.000000 0.000000 0.000000 0.000000 0.000000 0.000000 0.000000 0.000000 0.000000 0.000000 0.000000 0.000000 0.000000 0.000000 0.000000 0.000000 0.000000 0.000000 0.000000 0.000000
0.000000 0.000000 0.000000 0.001190 0.001190 0.002381 0.001190 0.001190 0.002381 0.015476 0.007143 0.000000 0.000000 0.000000 0.001190 0.019048 0.005952 0.038095 0.040476 0.000000 0.001190 0.001190 0.003571 0.003571 0.003571 0.000000 0.000000 0.000000 0.000000 0.000000 0.003571 0.000000 0.001190 0.001190 0.005952 0.025000 0.013095 0.009524 0.000000 0.000000 0.005952 0.004762 0.005952 0.002381 0.002381 0.001190 0.000000 0.000000 0.000000 0.000000 0.000000 0.000000 0.000000 0.000000 0.003571 0.002381 0.000000 0.000000 0.000000 0.000000 0.000000 0.000000 0.000000
0.000000 0.000000 0.000000 0.001190 0.001190 0.002381 0.004762 0.004762 0.009524 0.015476 0.004762 0.000000 0.000000 0.001190 0.002381 0.003571 0.042857 0.029762 0.028571 0.000000 0.001190 0.004762 0.003571 0.002381 0.003571 0.000000 0.000000 0.000000 0.000000 0.000000 0.001190 0.000000 0.002381 0.003571 0.044048 0.034524 0.022619 0.010714 0.008333 0.005952 0.008333 0.007143 0.000000 0.005952 0.002381 0.000000 0.000000 0.000000 0.000000 0.000000 0.000000 0.000000 0.001190 0.003571 0.003571 0.003571 0.000000 0.000000 0.000000 0.000000 0.000000 0.000000 0.000000
0.000000 0.000000 0.000000 0.000000 0.001190 0.004762 0.007143 0.004762 0.013095 0.016667 0.007143 0.002381 0.000000 0.001190 0.002381 0.002381 0.035714 0.026190 0.000000 0.000000 0.001190 0.003571 0.003571 0.002381 0.002381 0.000000 0.000000 0.000000 0.000000 0.001190 0.000000 0.000000 0.002381 0.046429 0.044048 0.027381 0.022619 0.013095 0.009524 0.004762 0.002381 0.002381 0.002381 0.011905 0.005952 0.004762 0.000000 0.000000 0.000000 0.000000 0.000000 0.000000 0.001190 0.002381 0.002381 0.001190 0.000000 0.000000 0.000000 0.000000 0.000000 0.000000 0.000000
0.001190 0.001190 0.001190 0.000000 0.004762 0.007143 0.007143 0.013095 0.023810 0.033333 0.003571 0.002381 0.016667 0.001190 0.000000 0.003571 0.002381 0.001190 0.000000 0.001190 0.001190 0.002381 0.002381 0.000000 0.001190 0.000000 0.000000 0.000000 0.000000 0.003571 0.007143 0.005952 0.013095 0.007143 0.014286 0.020238 0.020238 0.017857 0.002381 0.003571 0.000000 0.001190 0.002381 0.004762 0.003571 0.005952 0.001190 0.000000 0.000000 0.000000 0.001190 0.001190 0.000000 0.003571 0.001190 0.001190 0.000000 0.000000 0.000000 0.000000 0.000000 0.000000 0.000000
0.002381 0.002381 0.003571 0.000000 0.000000 0.000000 0.007143 0.019048 0.039286 0.026190 0.017857 0.009524 0.008333 0.013095 0.000000 0.002381 0.001190 0.001190 0.001190 0.001190 0.001190 0.002381 0.002381 0.000000 0.001190 0.064286 0.000000 0.000000 0.000000 0.004762 0.002381 0.001190 0.007143 0.002381 0.009524 0.009524 0.019048 0.000000 0.001190 0.005952 0.002381 0.002381 0.014286 0.002381 0.002381 0.002381 0.000000 0.000000 0.000000 0.000000 0.001190 0.001190 0.001190 0.000000 0.000000 0.001190 0.000000 0.000000 0.000000 0.000000 0.000000 0.000000 0.000000
0.000000 0.000000 0.000000 0.003571 0.002381 0.000000 0.000000 0.019048 0.035714 0.023810 0.010714 0.010714 0.011905 0.041667 0.030952 0.035714 0.000000 0.127381 0.002381 0.184524 0.000000 0.003571 0.004762 0.178571 0.001190 0.000000 0.000000 0.000000 0.000000 0.005952 0.013095 0.003571 0.007143 0.004762 0.007143 0.011905 0.029762 0.029762 0.017857 0.011905 0.010714 0.013095 0.016667 0.004762 0.004762 0.003571 0.001190 0.000000 0.000000 0.001190 0.001190 0.001190 0.002381 0.004762 0.001190 0.001190 0.000000 0.000000 0.000000 0.000000 0.000000 0.000000 0.000000
0.000000 0.001190 0.001190 0.000000 0.002381 0.007143 0.000000 0.011905 0.035714 0.027381 0.011905 0.010714 0.014286 0.038095 0.035714 0.035714 0.005952 0.177381 0.190476 0.200000 0.207143 0.186905 0.180952 0.000000 0.000000 0.000000 0.000000 0.000000 0.000000 0.005952 0.008333 0.002381 0.007143 0.008333 0.000000 0.010714 0.026190 0.026190 0.030952 0.019048 0.014286 0.015476 0.017857 0.002381 0.003571 0.003571 0.001190 0.000000 0.000000 0.000000 0.002381 0.002381 0.003571 0.004762 0.001190 0.003571 0.001190 0.000000 0.000000 0.000000 0.000000 0.000000 0.000000
0.000000 0.001190 0.002381 0.002381 0.004762 0.007143 0.009524 0.015476 0.019048 0.022619 0.009524 0.013095 0.003571 0.036905 0.036905 0.008333 0.005952 0.004762 0.002381 0.214286 0.000000 0.000000 0.165476 0.000000 0.000000 0.001190 0.000000 0.000000 0.001190 0.003571 0.003571 0.010714 0.008333 0.003571 0.008333 0.007143 0.010714 0.021429 0.029762 0.025000 0.023810 0.015476 0.013095 0.003571 0.001190 0.003571 0.001190 0.000000 0.000000 0.000000 0.004762 0.002381 0.002381 0.002381 0.001190 0.001190 0.002381 0.000000 0.000000 0.000000 0.000000 0.000000 0.000000
0.000000 0.002381 0.003571 0.004762 0.005952 0.007143 0.005952 0.019048 0.019048 0.020238 0.000000 0.000000 0.002381 0.002381 0.004762 0.004762 0.002381 0.003571 0.001190 0.000000 0.000000 0.000000 0.000000 0.000000 0.000000 0.000000 0.000000 0.002381 0.000000 0.001190 0.003571 0.013095 0.009524 0.004762 0.005952 0.010714 0.007143 0.009524 0.020238 0.027381 0.017857 0.017857 0.019048 0.001190 0.001190 0.005952 0.001190 0.000000 0.002381 0.000000 0.003571 0.002381 0.001190 0.002381 0.002381 0.002381 0.000000 0.000000 0.000000 0.000000 0.000000 0.002381 0.004762
0.000000 0.002381 0.004762 0.005952 0.008333 0.010714 0.013095 0.023810 0.000000 0.000000 0.000000 0.000000 0.002381 0.003571 0.004762 0.004762 0.007143 0.003571 0.002381 0.004762 0.000000 0.000000 0.011905 0.000000 0.000000 0.001190 0.000000 0.000000 0.000000 0.000000 0.000000 0.005952 0.013095 0.003571 0.004762 0.005952 0.008333 0.013095 0.011905 0.017857 0.021429 0.004762 0.003571 0.003571 0.004762 0.002381 0.016667 0.005952 0.004762 0.000000 0.003571 0.002381 0.001190 0.002381 0.002381 0.002381 0.001190 0.000000 0.000000 0.000000 0.000000 0.002381 0.003571
0.000000 0.001190 0.004762 0.008333 0.011905 0.015476 0.015476 0.030952 0.023810 0.000000 0.007143 0.005952 0.001190 0.004762 0.004762 0.003571 0.004762 0.004762 0.002381 0.000000 0.001190 0.000000 0.013095 0.000000 0.000000 0.003571 0.000000 0.000000 0.000000 0.000000 0.000000 0.004762 0.009524 0.009524 0.002381 0.004762 0.005952 0.009524 0.004762 0.005952 0.013095 0.004762 0.002381 0.002381 0.005952 0.022619 0.015476 0.014286 0.004762 0.002381 0.005952 0.000000 0.001190 0.001190 0.001190 0.001190 0.000000 0.000000 0.000000 0.000000 0.000000 0.005952 0.101190
0.001190 0.001190 0.003571 0.009524 0.020238 0.019048 0.041667 0.044048 0.000000 0.000000 0.000000 0.030952 0.030952 0.029762 0.015476 0.002381 0.005952 0.003571 0.001190 0.000000 0.001190 0.001190 0.000000 0.000000 0.000000 0.000000 0.000000 0.000000 0.000000 0.000000 0.001190 0.003571 0.003571 0.010714 0.008333 0.005952 0.004762 0.005952 0.005952 0.007143 0.014286 0.000000 0.004762 0.003571 0.026190 0.033333 0.020238 0.017857 0.008333 0.002381 0.000000 0.001190 0.001190 0.002381 0.000000 0.001190 0.000000 0.000000 0.000000 0.000000 0.005952 0.005952 0.014286
0.003571 0.004762 0.007143 0.009524 0.019048 0.019048 0.054762 0.063095 0.048810 0.000000 0.000000 0.028571 0.025000 0.021429 0.016667 0.001190 0.002381 0.002381 0.011905 0.000000 0.000000 0.000000 0.011905 0.000000 0.000000 0.000000 0.000000 0.000000 0.000000 0.001190 0.003571 0.001190 0.002381 0.001190 0.004762 0.005952 0.007143 0.004762 0.029762 0.030952 0.003571 0.035714 0.002381 0.039286 0.045238 0.047619 0.029762 0.004762 0.001190 0.000000 0.000000 0.001190 0.001190 0.002381 0.015476 0.011905 0.000000 0.000000 0.000000 0.000000 0.000000 0.005952 0.003571
0.003571 0.003571 0.004762 0.004762 0.013095 0.020238 0.047619 0.055952 0.045238 0.095238 0.000000 0.026190 0.020238 0.016667 0.001190 0.000000 0.002381 0.002381 0.011905 0.047619 0.000000 0.010714 0.013095 0.008333 0.002381 0.001190 0.001190 0.001190 0.001190 0.001190 0.001190 0.003571 0.004762 0.003571 0.003571 0.004762 0.021429 0.021429 0.023810 0.023810 0.033333 0.002381 0.004762 0.054762 0.057143 0.050000 0.026190 0.011905 0.000000 0.000000 0.000000 0.000000 0.000000 0.000000 0.016667 0.010714 0.000000 0.000000 0.000000 0.000000 0.000000 0.003571 0.013095
0.002381 0.004762 0.003571 0.007143 0.003571 0.016667 0.038095 0.054762 0.092857 0.103571 0.096429 0.000000 0.000000 0.001190 0.001190 0.000000 0.002381 0.001190 0.011905 0.000000 0.000000 0.011905 0.003571 0.000000 0.003571 0.003571 0.002381 0.001190 0.001190 0.001190 0.000000 0.001190 0.003571 0.005952 0.015476 0.015476 0.022619 0.022619 0.003571 0.003571 0.003571 0.001190 0.002381 0.055952 0.026190 0.058333 0.065476 0.015476 0.001190 0.001190 0.000000 0.000000 0.000000 0.000000 0.020238 0.000000 0.000000 0.000000 0.000000 0.001190 0.001190 0.008333 0.004762
0.004762 0.004762 0.005952 0.004762 0.005952 0.017857 0.025000 0.000000 0.100000 0.101190 0.027381 0.001190 0.001190 0.001190 0.001190 0.000000 0.002381 0.001190 0.015476 0.000000 0.000000 0.011905 0.002381 0.000000 0.000000 0.001190 0.003571 0.003571 0.002381 0.003571 0.001190 0.001190 0.001190 0.014286 0.001190 0.002381 0.003571 0.020238 0.002381 0.025000 0.025000 0.027381 0.013095 0.054762 0.094048 0.084524 0.076190 0.000000 0.001190 0.000000 0.000000 0.000000 0.000000 0.030952 0.028571 0.000000 0.000000 0.000000 0.000000 0.002381 0.001190 0.000000 0.000000
0.003571 0.003571 0.004762 0.011905 0.008333 0.004762 0.013095 0.000000 0.035714 0.032143 0.020238 0.002381 0.002381 0.003571 0.000000 0.000000 0.004762 0.007143 0.010714 0.001190 0.014286 0.001190 0.002381 0.000000 0.000000 0.000000 0.001190 0.002381 0.003571 0.003571 0.000000 0.000000 0.000000 0.001190 0.001190 0.002381 0.004762 0.005952 0.016667 0.008333 0.008333 0.009524 0.027381 0.000000 0.000000 0.080952 0.098810 0.000000 0.000000 0.000000 0.000000 0.000000 0.000000 0.044048 0.022619 0.000000 0.000000 0.003571 0.002381 0.002381 0.002381 0.000000 0.001190
0.007143 0.011905 0.013095 0.016667 0.016667 0.011905 0.016667 0.000000 0.029762 0.025000 0.019048 0.003571 0.003571 0.001190 0.002381 0.002381 0.007143 0.008333 0.011905 0.015476 0.002381 0.002381 0.000000 0.000000 0.000000 0.002381 0.001190 0.001190 0.001190 0.001190 0.001190 0.005952 0.000000 0.001190 0.001190 0.000000 0.000000 0.000000 0.000000 0.000000 0.000000 0.000000 0.000000 0.000000 0.000000 0.000000 0.000000 0.000000 0.000000 0.000000 0.000000 0.000000 0.000000 0.052381 0.021429 0.000000 0.000000 0.003571 0.001190 0.001190 0.001190 0.000000 0.001190
0.000000 0.011905 0.022619 0.030952 0.026190 0.027381 0.029762 0.000000 0.036905 0.029762 0.002381 0.005952 0.002381 0.001190 0.002381 0.001190 0.000000 0.000000 0.002381 0.010714 0.003571 0.000000 0.000000 0.000000 0.002381 0.001190 0.001190 0.001190 0.001190 0.001190 0.001190 0.013095 0.020238 0.000000 0.000000 0.000000 0.000000 0.004762 0.002381 0.000000 0.000000 0.000000 0.000000 0.000000 0.000000 0.000000 0.000000 0.000000 0.000000 0.000000 0.000000 0.033333 0.088095 0.084524 0.000000 0.000000 0.003571 0.001190 0.001190 0.001190 0.001190 0.000000 0.002381
0.003571 0.019048 0.027381 0.040476 0.044048 0.051190 0.001190 0.001190 0.001190 0.027381 0.021429 0.002381 0.001190 0.001190 0.001190 0.000000 0.000000 0.000000 0.002381 0.003571 0.003571 0.000000 0.000000 0.000000 0.001190 0.001190 0.001190 0.001190 0.001190 0.001190 0.001190 0.001190 0.000000 0.001190 0.002381 0.002381 0.000000 0.000000 0.000000 0.000000 0.000000 0.000000 0.001190 0.000000 0.001190 0.000000 0.000000 0.000000 0.000000 0.000000 0.022619 0.036905 0.120238 0.084524 0.000000 0.000000 0.000000 0.002381 0.002381 0.001190 0.001190 0.000000 0.004762
0.004762 0.013095 0.035714 0.048810 0.055952 0.067857 0.035714 0.033333 0.028571 0.020238 0.023810 0.010714 0.002381 0.000000 0.001190 0.000000 0.001190 0.000000 0.003571 0.004762 0.002381 0.001190 0.001190 0.001190 0.001190 0.002381 0.001190 0.001190 0.001190 0.001190 0.001190 0.002381 0.000000 0.001190 0.001190 0.000000 0.000000 0.000000 0.000000 0.000000 0.001190 0.001190 0.001190 0.000000 0.000000 0.000000 0.001190 0.001190 0.000000 0.020238 0.021429 0.109524 0.167857 0.077381 0.000000 0.000000 0.000000 0.001190 0.000000 0.001190 0.000000 0.000000 0.003571
0.005952 0.019048 0.033333 0.015476 0.114286 0.092857 0.103571 0.029762 0.003571 0.014286 0.009524 0.001190 0.003571 0.001190 0.001190 0.003571 0.000000 0.002381 0.004762 0.003571 0.002381 0.001190 0.001190 0.001190 0.001190 0.001190 0.000000 0.001190 0.002381 0.000000 0.004762 0.005952 0.004762 0.000000 0.002381 0.000000 0.000000 0.000000 0.000000 0.000000 0.000000 0.001190 0.001190 0.001190 0.000000 0.001190 0.001190 0.002381 0.019048 0.019048 0.036905 0.165476 0.194048 0.000000 0.000000 0.000000 0.000000 0.002381 0.000000 0.001190 0.000000 0.002381 0.008333
0.001190 0.020238 0.019048 0.000000 0.000000 0.000000 0.002381 0.019048 0.014286 0.011905 0.000000 0.010714 0.004762 0.001190 0.002381 0.002381 0.002381 0.004762 0.004762 0.002381 0.001190 0.001190 0.001190 0.001190 0.001190 0.002381 0.000000 0.002381 0.004762 0.008333 0.009524 0.004762 0.005952 0.002381 0.001190 0.000000 0.000000 0.000000 0.000000 0.009524 0.008333 0.003571 0.004762 0.008333 0.013095 0.014286 0.023810 0.042857 0.017857 0.025000 0.051190 0.184524 0.191667 0.046429 0.000000 0.000000 0.000000 0.001190 0.000000 0.001190 0.001190 0.001190 0.009524
0.005952 0.001190 0.000000 0.000000 0.000000 0.000000 0.004762 0.017857 0.010714 0.007143 0.000000 0.007143 0.002381 0.002381 0.000000 0.002381 0.003571 0.003571 0.003571 0.003571 0.001190 0.001190 0.001190 0.001190 0.002381 0.000000 0.005952 0.005952 0.005952 0.005952 0.007143 0.007143 0.004762 0.002381 0.000000 0.001190 0.001190 0.000000 0.001190 0.000000 0.016667 0.002381 0.004762 0.015476 0.011905 0.026190 0.042857 0.039286 0.016667 0.035714 0.125000 0.176190 0.160714 0.052381 0.002381 0.003571 0.001190 0.002381 0.000000 0.001190 0.002381 0.001190 0.014286
