FireSTARR/test/output/NOR/NOR072/2018-07-20_0000/intensity_M_203_2018-07-22.asc
ncols         382
nrows         322
xllcorner     527743.378600
yllcorner     5242402.364000
cellsize      100.000000
NODATA_value  0.000000
[rows 252 to 279 of 322, columns 189 to 251 of 382]
0.000000 0.000000 0.000000 0.000000 0.000000 0.000000 0.000000 0.054762 0.048810 0.055952 0.025000 0.013095 0.000000 0.017857 0.010714 0.008333 0.009524 0.003571 0.003571 0.005952 0.044048 0.045238 0.034524 0.032143 0.033333 0.030952 0.032143 0.021429 0.019048 0.005952 0.008333 0.008333 0.011905 0.005952 0.008333 0.007143 0.002381 0.004762 0.005952 0.000000 0.008333 0.010714 0.010714 0.004762 0.000000 0.000000 0.001190 0.002381 0.002381 0.001190 0.002381 0.000000 0.000000 0.000000 0.000000 0.000000 0.000000 0.000000 0.000000 0.000000 0.000000 0.000000 0.000000
0.000000 0.000000 0.000000 0.000000 0.000000 0.000000 0.051190 0.063095 0.055952 0.032143 0.014286 0.004762 0.013095 0.010714 0.007143 0.004762 0.032143 0.002381 0.002381 0.004762 0.040476 0.034524 0.032143 0.033333 0.035714 0.025000 0.020238 0.019048 0.019048 0.004762 0.007143 0.016667 0.009524 0.011905 0.007143 0.003571 0.001190 0.001190 0.002381 0.002381 0.000000 0.005952 0.005952 0.003571 0.002381 0.000000 0.002381 0.004762 0.003571 0.002381 0.001190 0.000000 0.000000 0.000000 0.000000 0.000000 0.000000 0.000000 0.000000 0.000000 0.000000 0.000000 0.000000
0.000000 0.000000 0.000000 0.000000 0.000000 0.052381 0.055952 0.075000 0.060714 0.017857 0.011905 0.015476 0.013095 0.007143 0.005952 0.005952 0.025000 0.030952 0.004762 0.003571 0.042857 0.034524 0.003571 0.007143 0.021429 0.011905 0.017857 0.001190 0.016667 0.014286 0.014286 0.016667 0.008333 0.007143 0.010714 0.005952 0.002381 0.002381 0.001190 0.004762 0.000000 0.002381 0.003571 0.004762 0.000000 0.001190 0.002381 0.003571 0.001190 0.001190 0.001190 0.000000 0.000000 0.000000 0.000000 0.000000 0.000000 0.000000 0.000000 0.000000 0.000000 0.000000 0.000000
0.000000 0.000000 0.000000 0.000000 0.057143 0.064286 0.071429 0.039286 0.045238 0.050000 0.010714 0.004762 0.011905 0.005952 0.002381 0.002381 0.007143 0.026190 0.025000 0.005952 0.010714 0.003571 0.002381 0.005952 0.003571 0.003571 0.002381 0.001190 0.016667 0.014286 0.015476 0.007143 0.009524 0.007143 0.007143 0.005952 0.002381 0.003571 0.000000 0.005952 0.001190 0.000000 0.002381 0.003571 0.002381 0.000000 0.004762 0.002381 0.002381 0.000000 0.000000 0.000000 0.000000 0.000000 0.000000 0.000000 0.000000 0.000000 0.000000 0.000000 0.000000 0.000000 0.000000
0.000000 0.000000 0.000000 0.057143 0.061905 0.079762 0.028571 0.032143 0.032143 0.009524 0.007143 0.003571 0.008333 0.008333 0.005952 0.004762 0.009524 0.010714 0.030952 0.021429 0.007143 0.008333 0.008333 0.005952 0.005952 0.003571 0.003571 0.004762 0.002381 0.013095 0.016667 0.007143 0.007143 0.008333 0.007143 0.004762 0.004762 0.002381 0.000000 0.004762 0.005952 0.010714 0.002381 0.004762 0.001190 0.000000 0.004762 0.003571 0.001190 0.000000 0.000000 0.000000 0.000000 0.000000 0.000000 0.000000 0.000000 0.000000 0.000000 0.000000 0.000000 0.000000 0.000000
0.000000 0.000000 0.000000 0.061905 0.077381 0.046429 0.030952 0.038095 0.004762 0.008333 0.003571 0.002381 0.007143 0.007143 0.005952 0.001190 0.013095 0.009524 0.017857 0.015476 0.005952 0.008333 0.007143 0.005952 0.002381 0.005952 0.004762 0.002381 0.001190 0.016667 0.014286 0.004762 0.005952 0.007143 0.002381 0.005952 0.005952 0.002381 0.001190 0.002381 0.003571 0.004762 0.001190 0.001190 0.000000 0.000000 0.001190 0.002381 0.000000 0.001190 0.000000 0.000000 0.000000 0.000000 0.000000 0.000000 0.000000 0.000000 0.000000 0.000000 0.000000 0.000000 0.000000
0.000000 0.000000 0.000000 0.000000 0.042857 0.052381 0.030952 0.028571 0.008333 0.011905 0.000000 0.007143 0.008333 0.004762 0.015476 0.008333 0.010714 0.015476 0.019048 0.017857 0.000000 0.005952 0.003571 0.005952 0.002381 0.000000 0.004762 0.000000 0.013095 0.014286 0.014286 0.005952 0.005952 0.020238 0.009524 0.003571 0.002381 0.002381 0.004762 0.004762 0.003571 0.001190 0.004762 0.002381 0.000000 0.001190 0.000000 0.002381 0.001190 0.000000 0.000000 0.000000 0.000000 0.000000 0.000000 0.000000 0.000000 0.000000 0.000000 0.000000 0.000000 0.000000 0.000000
0.000000 0.000000 0.000000 0.053571 0.046429 0.054762 0.038095 0.013095 0.014286 0.009524 0.010714 0.008333 0.007143 0.007143 0.015476 0.008333 0.004762 0.008333 0.026190 0.016667 0.000000 0.007143 0.003571 0.004762 0.002381 0.003571 0.000000 0.002381 0.000000 0.013095 0.015476 0.007143 0.007143 0.008333 0.010714 0.003571 0.003571 0.002381 0.003571 0.005952 0.003571 0.001190 0.002381 0.000000 0.000000 0.000000 0.001190 0.002381 0.002381 0.000000 0.000000 0.000000 0.000000 0.000000 0.000000 0.000000 0.000000 0.000000 0.000000 0.000000 0.000000 0.000000 0.000000
0.000000 0.000000 0.000000 0.053571 0.066667 0.048810 0.038095 0.010714 0.009524 0.005952 0.007143 0.005952 0.002381 0.015476 0.014286 0.014286 0.004762 0.003571 0.023810 0.013095 0.010714 0.005952 0.002381 0.002381 0.000000 0.004762 0.004762 0.002381 0.004762 0.005952 0.010714 0.013095 0.003571 0.004762 0.004762 0.003571 0.003571 0.001190 0.005952 0.004762 0.003571 0.001190 0.002381 0.004762 0.000000 0.000000 0.000000 0.002381 0.000000 0.000000 0.000000 0.000000 0.000000 0.000000 0.000000 0.000000 0.000000 0.000000 0.000000 0.000000 0.000000 0.000000 0.000000
0.000000 0.000000 0.000000 0.042857 0.052381 0.055952 0.014286 0.038095 0.015476 0.008333 0.008333 0.005952 0.004762 0.016667 0.014286 0.013095 0.007143 0.002381 0.020238 0.015476 0.010714 0.003571 0.004762 0.003571 0.002381 0.002381 0.002381 0.002381 0.004762 0.004762 0.004762 0.005952 0.008333 0.003571 0.002381 0.004762 0.003571 0.005952 0.007143 0.003571 0.001190 0.001190 0.000000 0.001190 0.001190 0.001190 0.002381 0.001190 0.000000 0.000000 0.000000 0.000000 0.000000 0.000000 0.000000 0.000000 0.000000 0.000000 0.000000 0.000000 0.000000 0.000000 0.000000
0.000000 0.000000 0.000000 0.050000 0.022619 0.053571 0.019048 0.013095 0.013095 0.009524 0.009524 0.005952 0.004762 0.000000 0.007143 0.002381 0.004762 0.001190 0.003571 0.013095 0.008333 0.000000 0.004762 0.002381 0.005952 0.002381 0.002381 0.001190 0.001190 0.001190 0.007143 0.005952 0.005952 0.001190 0.016667 0.020238 0.005952 0.004762 0.004762 0.000000 0.001190 0.001190 0.001190 0.001190 0.001190 0.000000 0.002381 0.001190 0.000000 0.000000 0.000000 0.000000 0.000000 0.000000 0.000000 0.000000 0.000000 0.000000 0.000000 0.000000 0.000000 0.000000 0.000000
0.000000 0.000000 0.053571 0.038095 0.058333 0.054762 0.022619 0.010714 0.011905 0.008333 0.007143 0.004762 0.005952 0.002381 0.005952 0.001190 0.007143 0.003571 0.002381 0.004762 0.007143 0.000000 0.004762 0.002381 0.003571 0.001190 0.002381 0.000000 0.000000 0.001190 0.004762 0.003571 0.005952 0.001190 0.013095 0.003571 0.004762 0.004762 0.004762 0.000000 0.002381 0.002381 0.002381 0.001190 0.001190 0.002381 0.001190 0.001190 0.000000 0.000000 0.000000 0.000000 0.000000 0.000000 0.000000 0.000000 0.000000 0.000000 0.000000 0.000000 0.000000 0.000000 0.000000
0.000000 0.061905 0.039286 0.000000 0.060714 0.035714 0.035714 0.021429 0.010714 0.005952 0.010714 0.001190 0.004762 0.002381 0.008333 0.005952 0.009524 0.010714 0.003571 0.007143 0.000000 0.000000 0.000000 0.000000 0.003571 0.002381 0.002381 0.002381 0.001190 0.002381 0.001190 0.001190 0.004762 0.001190 0.014286 0.003571 0.003571 0.003571 0.003571 0.001190 0.003571 0.002381 0.002381 0.001190 0.001190 0.001190 0.003571 0.001190 0.000000 0.001190 0.000000 0.000000 0.000000 0.000000 0.000000 0.000000 0.000000 0.000000 0.000000 0.000000 0.000000 0.000000 0.000000
0.000000 0.053571 0.000000 0.000000 0.000000 0.028571 0.034524 0.040476 0.025000 0.014286 0.010714 0.004762 0.003571 0.004762 0.007143 0.007143 0.005952 0.000000 0.005952 0.004762 0.001190 0.000000 0.000000 0.003571 0.002381 0.003571 0.002381 0.000000 0.000000 0.002381 0.001190 0.004762 0.003571 0.004762 0.003571 0.004762 0.002381 0.004762 0.002381 0.001190 0.003571 0.002381 0.002381 0.002381 0.002381 0.003571 0.001190 0.000000 0.000000 0.000000 0.000000 0.000000 0.000000 0.000000 0.000000 0.000000 0.000000 0.000000 0.000000 0.000000 0.000000 0.000000 0.000000
0.053571 0.036905 0.000000 0.000000 0.000000 0.000000 0.026190 0.060714 0.048810 0.022619 0.010714 0.005952 0.007143 0.003571 0.004762 0.004762 0.000000 0.005952 0.003571 0.002381 0.004762 0.001190 0.000000 0.000000 0.000000 0.002381 0.003571 0.001190 0.001190 0.001190 0.000000 0.000000 0.000000 0.004762 0.002381 0.002381 0.001190 0.002381 0.001190 0.003571 0.002381 0.001190 0.002381 0.000000 0.000000 0.001190 0.001190 0.001190 0.001190 0.001190 0.000000 0.000000 0.000000 0.000000 0.000000 0.000000 0.000000 0.000000 0.000000 0.000000 0.000000 0.000000 0.000000
0.000000 0.000000 0.000000 0.000000 0.000000 0.000000 0.036905 0.080952 0.048810 0.023810 0.019048 0.007143 0.008333 0.002381 0.000000 0.000000 0.005952 0.004762 0.001190 0.005952 0.004762 0.001190 0.000000 0.000000 0.002381 0.001190 0.003571 0.002381 0.000000 0.000000 0.000000 0.000000 0.000000 0.008333 0.005952 0.002381 0.002381 0.002381 0.001190 0.004762 0.001190 0.002381 0.000000 0.001190 0.001190 0.000000 0.000000 0.000000 0.001190 0.000000 0.000000 0.000000 0.000000 0.000000 0.000000 0.000000 0.000000 0.000000 0.000000 0.000000 0.000000 0.000000 0.000000
0.000000 0.000000 0.000000 0.000000 0.000000 0.000000 0.030952 0.077381 0.046429 0.025000 0.016667 0.009524 0.005952 0.003571 0.003571 0.003571 0.007143 0.007143 0.007143 0.003571 0.002381 0.003571 0.001190 0.000000 0.000000 0.001190 0.002381 0.002381 0.001190 0.000000 0.001190 0.000000 0.003571 0.005952 0.004762 0.001190 0.001190 0.001190 0.002381 0.004762 0.000000 0.002381 0.001190 0.001190 0.001190 0.000000 0.001190 0.000000 0.000000 0.000000 0.000000 0.000000 0.000000 0.000000 0.000000 0.000000 0.000000 0.000000 0.000000 0.000000 0.000000 0.000000 0.000000
0.000000 0.000000 0.000000 0.000000 0.000000 0.000000 0.055952 0.073810 0.048810 0.029762 0.088095 0.007143 0.004762 0.005952 0.003571 0.005952 0.005952 0.000000 0.002381 0.002381 0.000000 0.001190 0.000000 0.000000 0.000000 0.001190 0.002381 0.003571 0.001190 0.000000 0.001190 0.001190 0.003571 0.004762 0.004762 0.002381 0.002381 0.001190 0.004762 0.000000 0.000000 0.001190 0.000000 0.001190 0.001190 0.001190 0.001190 0.001190 0.000000 0.000000 0.000000 0.000000 0.000000 0.000000 0.000000 0.000000 0.000000 0.000000 0.000000 0.000000 0.000000 0.000000 0.000000
0.000000 0.000000 0.000000 0.000000 0.000000 0.000000 0.060714 0.079762 0.050000 0.028571 0.085714 0.053571 0.004762 0.002381 0.003571 0.005952 0.004762 0.003571 0.005952 0.003571 0.001190 0.001190 0.001190 0.000000 0.001190 0.000000 0.000000 0.002381 0.001190 0.001190 0.002381 0.004762 0.004762 0.000000 0.002381 0.002381 0.002381 0.002381 0.000000 0.000000 0.001190 0.001190 0.000000 0.000000 0.000000 0.001190 0.000000 0.000000 0.000000 0.000000 0.000000 0.000000 0.000000 0.000000 0.000000 0.000000 0.000000 0.000000 0.000000 0.000000 0.000000 0.000000 0.000000
0.000000 0.000000 0.000000 0.000000 0.000000 0.000000 0.044048 0.064286 0.050000 0.023810 0.015476 0.047619 0.000000 0.002381 0.003571 0.004762 0.002381 0.003571 0.007143 0.001190 0.001190 0.002381 0.000000 0.000000 0.000000 0.000000 0.001190 0.000000 0.001190 0.002381 0.001190 0.003571 0.003571 0.001190 0.000000 0.002381 0.001190 0.003571 0.001190 0.001190 0.001190 0.001190 0.000000 0.001190 0.001190 0.000000 0.000000 0.000000 0.000000 0.000000 0.000000 0.000000 0.000000 0.000000 0.000000 0.000000 0.000000 0.000000 0.000000 0.000000 0.000000 0.000000 0.000000
0.000000 0.000000 0.000000 0.000000 0.000000 0.000000 0.000000 0.000000 0.033333 0.022619 0.011905 0.003571 0.025000 0.002381 0.003571 0.002381 0.000000 0.005952 0.004762 0.002381 0.002381 0.001190 0.000000 0.001190 0.000000 0.000000 0.002381 0.000000 0.002381 0.001190 0.000000 0.004762 0.003571 0.003571 0.002381 0.000000 0.003571 0.003571 0.001190 0.001190 0.001190 0.001190 0.000000 0.001190 0.000000 0.000000 0.000000 0.000000 0.000000 0.000000 0.000000 0.000000 0.000000 0.000000 0.000000 0.000000 0.000000 0.000000 0.000000 0.000000 0.000000 0.000000 0.000000
0.000000 0.000000 0.000000 0.000000 0.000000 0.057143 0.000000 0.019048 0.020238 0.013095 0.007143 0.008333 0.008333 0.017857 0.002381 0.004762 0.002381 0.003571 0.005952 0.004762 0.002381 0.000000 0.000000 0.000000 0.002381 0.000000 0.000000 0.000000 0.000000 0.000000 0.000000 0.003571 0.003571 0.004762 0.003571 0.004762 0.003571 0.001190 0.001190 0.001190 0.002381 0.001190 0.001190 0.000000 0.000000 0.000000 0.000000 0.000000 0.000000 0.000000 0.000000 0.000000 0.000000 0.000000 0.000000 0.000000 0.000000 0.000000 0.000000 0.000000 0.000000 0.000000 0.000000
0.000000 0.000000 0.000000 0.000000 0.036905 0.059524 0.058333 0.021429 0.000000 0.011905 0.005952 0.005952 0.005952 0.016667 0.004762 0.002381 0.002381 0.005952 0.008333 0.005952 0.000000 0.000000 0.000000 0.001190 0.003571 0.000000 0.001190 0.002381 0.002381 0.000000 0.002381 0.003571 0.002381 0.004762 0.004762 0.004762 0.000000 0.000000 0.001190 0.001190 0.002381 0.001190 0.001190 0.000000 0.000000 0.000000 0.000000 0.000000 0.000000 0.000000 0.000000 0.000000 0.000000 0.000000 0.000000 0.000000 0.000000 0.000000 0.000000 0.000000 0.000000 0.000000 0.000000
0.000000 0.000000 0.000000 0.000000 0.054762 0.069048 0.050000 0.033333 0.021429 0.010714 0.007143 0.002381 0.020238 0.014286 0.000000 0.003571 0.005952 0.003571 0.001190 0.003571 0.001190 0.000000 0.000000 0.001190 0.002381 0.002381 0.002381 0.003571 0.003571 0.000000 0.002381 0.000000 0.001190 0.002381 0.003571 0.002381 0.000000 0.000000 0.000000 0.001190 0.002381 0.001190 0.001190 0.000000 0.000000 0.000000 0.001190 0.000000 0.000000 0.000000 0.000000 0.000000 0.000000 0.000000 0.000000 0.000000 0.000000 0.000000 0.000000 0.000000 0.000000 0.000000 0.000000
0.000000 0.000000 0.000000 0.000000 0.054762 0.071429 0.048810 0.034524 0.021429 0.010714 0.005952 0.001190 0.016667 0.015476 0.003571 0.003571 0.004762 0.000000 0.001190 0.000000 0.001190 0.000000 0.001190 0.002381 0.002381 0.000000 0.000000 0.003571 0.003571 0.000000 0.000000 0.000000 0.001190 0.001190 0.000000 0.000000 0.000000 0.000000 0.000000 0.001190 0.000000 0.000000 0.000000 0.000000 0.000000 0.001190 0.000000 0.000000 0.000000 0.000000 0.000000 0.000000 0.000000 0.000000 0.000000 0.000000 0.000000 0.000000 0.000000 0.000000 0.000000 0.000000 0.000000
0.000000 0.000000 0.000000 0.050000 0.027381 0.069048 0.042857 0.030952 0.020238 0.010714 0.003571 0.020238 0.015476 0.004762 0.004762 0.004762 0.000000 0.000000 0.000000 0.000000 0.002381 0.002381 0.001190 0.003571 0.001190 0.000000 0.002381 0.002381 0.002381 0.000000 0.000000 0.000000 0.000000 0.000000 0.000000 0.000000 0.000000 0.000000 0.000000 0.001190 0.000000 0.000000 0.000000 0.000000 0.000000 0.000000 0.000000 0.000000 0.000000 0.000000 0.000000 0.000000 0.000000 0.000000 0.000000 0.000000 0.000000 0.000000 0.000000 0.000000 0.000000 0.000000 0.000000
0.000000 0.000000 0.050000 0.041667 0.025000 0.023810 0.067857 0.053571 0.019048 0.009524 0.003571 0.021429 0.013095 0.003571 0.005952 0.001190 0.000000 0.000000 0.000000 0.000000 0.000000 0.002381 0.002381 0.002381 0.002381 0.001190 0.001190 0.002381 0.000000 0.000000 0.000000 0.000000 0.000000 0.000000 0.000000 0.000000 0.000000 0.000000 0.000000 0.000000 0.000000 0.000000 0.000000 0.000000 0.000000 0.000000 0.000000 0.000000 0.000000 0.000000 0.000000 0.000000 0.000000 0.000000 0.000000 0.000000 0.000000 0.000000 0.000000 0.000000 0.000000 0.000000 0.000000
0.045238 0.038095 0.038095 0.054762 0.023810 0.020238 0.064286 0.035714 0.038095 0.028571 0.005952 0.017857 0.009524 0.004762 0.001190 0.001190 0.000000 0.000000 0.000000 0.000000 0.001190 0.002381 0.001190 0.001190 0.000000 0.000000 0.000000 0.000000 0.000000 0.000000 0.000000 0.000000 0.000000 0.000000 0.000000 0.000000 0.000000 0.000000 0.000000 0.000000 0.000000 0.000000 0.000000 0.000000 0.000000 0.000000 0.000000 0.000000 0.000000 0.000000 0.000000 0.000000 0.000000 0.000000 0.000000 0.000000 0.000000 0.000000 0.000000 0.000000 0.000000 0.000000 0.000000
