FireSTARR/test/output/NOR/NOR072/2018-07-20_0000/wxshield_214_2018-08-02.asc
ncols         505
nrows         465
xllcorner     524143.378600
yllcorner     5234802.364000
cellsize      100.000000
NODATA_value  0.000000
[rows 336 to 363 of 465, columns 63 to 125 of 505]
0.005952 0.010714 0.010714 0.010714 0.011905 0.011905 0.013095 0.014286 0.014286 0.015476 0.020238 0.020238 0.021429 0.020238 0.020238 0.020238 0.000000 0.000000 0.027381 0.026190 0.025000 0.025000 0.022619 0.019048 0.019048 0.022619 0.023810 0.023810 0.026190 0.025000 0.025000 0.025000 0.023810 0.020238 0.019048 0.020238 0.000000 0.023810 0.023810 0.023810 0.023810 0.021429 0.021429 0.023810 0.026190 0.027381 0.032143 0.044048 0.048810 0.061905 0.064286 0.061905 0.065476 0.064286 0.059524 0.000000 0.129762 0.136905 0.185714 0.195238 0.198810 0.000000 0.226190
0.009524 0.009524 0.009524 0.010714 0.011905 0.011905 0.013095 0.014286 0.014286 0.014286 0.017857 0.017857 0.021429 0.021429 0.022619 0.022619 0.000000 0.022619 0.000000 0.022619 0.023810 0.023810 0.021429 0.019048 0.020238 0.020238 0.021429 0.021429 0.023810 0.025000 0.026190 0.025000 0.023810 0.023810 0.021429 0.019048 0.000000 0.023810 0.023810 0.023810 0.023810 0.016667 0.017857 0.020238 0.022619 0.023810 0.028571 0.036905 0.048810 0.053571 0.065476 0.065476 0.066667 0.067857 0.070238 0.102381 0.109524 0.115476 0.111905 0.114286 0.163095 0.201190 0.209524
0.009524 0.009524 0.009524 0.010714 0.011905 0.011905 0.011905 0.014286 0.014286 0.000000 0.000000 0.019048 0.020238 0.020238 0.020238 0.000000 0.022619 0.021429 0.021429 0.022619 0.022619 0.023810 0.021429 0.020238 0.019048 0.020238 0.000000 0.000000 0.022619 0.023810 0.026190 0.017857 0.023810 0.026190 0.025000 0.023810 0.022619 0.022619 0.021429 0.021429 0.021429 0.016667 0.016667 0.019048 0.020238 0.022619 0.025000 0.034524 0.041667 0.052381 0.066667 0.064286 0.066667 0.067857 0.067857 0.072619 0.078571 0.082143 0.082143 0.097619 0.157143 0.192857 0.201190
0.009524 0.009524 0.009524 0.010714 0.010714 0.010714 0.010714 0.013095 0.011905 0.013095 0.000000 0.019048 0.019048 0.020238 0.020238 0.020238 0.000000 0.019048 0.021429 0.022619 0.022619 0.023810 0.023810 0.021429 0.020238 0.016667 0.016667 0.000000 0.000000 0.025000 0.022619 0.025000 0.026190 0.023810 0.023810 0.025000 0.025000 0.023810 0.021429 0.021429 0.022619 0.019048 0.020238 0.020238 0.020238 0.020238 0.022619 0.029762 0.036905 0.051190 0.054762 0.063095 0.064286 0.063095 0.060714 0.061905 0.067857 0.064286 0.070238 0.095238 0.152381 0.180952 0.191667
0.009524 0.009524 0.009524 0.010714 0.010714 0.010714 0.010714 0.011905 0.011905 0.013095 0.013095 0.015476 0.017857 0.019048 0.020238 0.020238 0.017857 0.019048 0.019048 0.020238 0.022619 0.023810 0.023810 0.025000 0.019048 0.019048 0.017857 0.000000 0.000000 0.025000 0.025000 0.025000 0.025000 0.025000 0.025000 0.025000 0.026190 0.023810 0.000000 0.022619 0.022619 0.022619 0.021429 0.020238 0.020238 0.020238 0.021429 0.026190 0.027381 0.032143 0.052381 0.053571 0.060714 0.058333 0.055952 0.054762 0.057143 0.052381 0.000000 0.000000 0.127381 0.171429 0.182143
0.009524 0.009524 0.009524 0.010714 0.010714 0.010714 0.010714 0.013095 0.013095 0.013095 0.013095 0.014286 0.016667 0.017857 0.017857 0.016667 0.016667 0.017857 0.017857 0.020238 0.021429 0.022619 0.023810 0.025000 0.025000 0.022619 0.021429 0.021429 0.000000 0.026190 0.026190 0.025000 0.025000 0.025000 0.025000 0.026190 0.025000 0.026190 0.021429 0.000000 0.023810 0.022619 0.021429 0.021429 0.020238 0.019048 0.016667 0.020238 0.022619 0.028571 0.033333 0.034524 0.039286 0.051190 0.048810 0.050000 0.045238 0.047619 0.000000 0.000000 0.000000 0.166667 0.170238
0.008333 0.009524 0.009524 0.009524 0.010714 0.010714 0.010714 0.010714 0.011905 0.011905 0.013095 0.013095 0.000000 0.014286 0.016667 0.015476 0.015476 0.016667 0.017857 0.017857 0.021429 0.022619 0.023810 0.025000 0.025000 0.025000 0.027381 0.023810 0.022619 0.023810 0.000000 0.000000 0.016667 0.019048 0.025000 0.025000 0.026190 0.025000 0.025000 0.023810 0.000000 0.022619 0.021429 0.021429 0.017857 0.017857 0.019048 0.020238 0.022619 0.025000 0.025000 0.029762 0.034524 0.033333 0.035714 0.040476 0.042857 0.057143 0.066667 0.085714 0.130952 0.153571 0.160714
0.007143 0.008333 0.009524 0.008333 0.008333 0.008333 0.009524 0.010714 0.011905 0.011905 0.013095 0.013095 0.014286 0.014286 0.014286 0.013095 0.013095 0.015476 0.017857 0.017857 0.020238 0.021429 0.023810 0.025000 0.025000 0.027381 0.027381 0.023810 0.025000 0.019048 0.000000 0.000000 0.005952 0.015476 0.015476 0.016667 0.017857 0.023810 0.023810 0.023810 0.023810 0.000000 0.019048 0.023810 0.023810 0.022619 0.022619 0.022619 0.022619 0.022619 0.023810 0.027381 0.028571 0.030952 0.032143 0.034524 0.038095 0.047619 0.066667 0.084524 0.121429 0.115476 0.155952
0.005952 0.005952 0.005952 0.007143 0.008333 0.008333 0.008333 0.009524 0.010714 0.009524 0.009524 0.010714 0.010714 0.013095 0.013095 0.013095 0.013095 0.015476 0.017857 0.000000 0.020238 0.021429 0.000000 0.017857 0.000000 0.026190 0.026190 0.027381 0.023810 0.020238 0.017857 0.000000 0.004762 0.009524 0.010714 0.011905 0.016667 0.019048 0.025000 0.026190 0.026190 0.025000 0.025000 0.025000 0.000000 0.000000 0.000000 0.000000 0.000000 0.000000 0.023810 0.026190 0.027381 0.029762 0.027381 0.032143 0.039286 0.045238 0.059524 0.070238 0.077381 0.111905 0.138095
0.005952 0.005952 0.004762 0.005952 0.005952 0.008333 0.008333 0.008333 0.008333 0.008333 0.009524 0.009524 0.009524 0.011905 0.013095 0.013095 0.013095 0.015476 0.015476 0.015476 0.019048 0.020238 0.019048 0.020238 0.017857 0.020238 0.025000 0.022619 0.023810 0.019048 0.016667 0.000000 0.000000 0.010714 0.011905 0.017857 0.015476 0.016667 0.019048 0.019048 0.026190 0.023810 0.025000 0.023810 0.022619 0.019048 0.000000 0.000000 0.022619 0.000000 0.000000 0.027381 0.026190 0.028571 0.029762 0.032143 0.034524 0.040476 0.046429 0.050000 0.066667 0.098810 0.122619
0.005952 0.005952 0.004762 0.004762 0.005952 0.005952 0.007143 0.004762 0.004762 0.005952 0.007143 0.008333 0.009524 0.010714 0.011905 0.011905 0.011905 0.015476 0.013095 0.015476 0.016667 0.017857 0.019048 0.019048 0.021429 0.022619 0.023810 0.021429 0.023810 0.022619 0.020238 0.015476 0.009524 0.010714 0.010714 0.013095 0.025000 0.025000 0.026190 0.026190 0.026190 0.026190 0.025000 0.025000 0.025000 0.023810 0.023810 0.000000 0.000000 0.027381 0.027381 0.000000 0.000000 0.027381 0.027381 0.029762 0.026190 0.032143 0.036905 0.042857 0.052381 0.084524 0.086905
0.004762 0.005952 0.004762 0.005952 0.005952 0.005952 0.004762 0.004762 0.005952 0.007143 0.007143 0.007143 0.009524 0.010714 0.010714 0.010714 0.011905 0.013095 0.013095 0.015476 0.016667 0.015476 0.019048 0.019048 0.021429 0.021429 0.019048 0.020238 0.023810 0.019048 0.019048 0.000000 0.000000 0.004762 0.007143 0.013095 0.015476 0.026190 0.026190 0.026190 0.027381 0.027381 0.027381 0.027381 0.026190 0.025000 0.027381 0.026190 0.027381 0.000000 0.027381 0.027381 0.000000 0.027381 0.025000 0.027381 0.026190 0.026190 0.000000 0.000000 0.000000 0.075000 0.091667
0.005952 0.005952 0.005952 0.004762 0.005952 0.005952 0.004762 0.007143 0.005952 0.007143 0.007143 0.008333 0.009524 0.009524 0.009524 0.009524 0.010714 0.013095 0.014286 0.015476 0.016667 0.016667 0.017857 0.019048 0.020238 0.020238 0.021429 0.021429 0.023810 0.023810 0.020238 0.019048 0.000000 0.000000 0.013095 0.014286 0.015476 0.026190 0.026190 0.027381 0.027381 0.027381 0.027381 0.026190 0.026190 0.025000 0.025000 0.026190 0.026190 0.027381 0.000000 0.027381 0.026190 0.026190 0.025000 0.020238 0.023810 0.021429 0.019048 0.000000 0.000000 0.064286 0.079762
0.005952 0.005952 0.004762 0.004762 0.004762 0.004762 0.007143 0.007143 0.005952 0.007143 0.007143 0.009524 0.009524 0.009524 0.009524 0.009524 0.010714 0.013095 0.014286 0.015476 0.016667 0.016667 0.017857 0.000000 0.000000 0.021429 0.021429 0.021429 0.022619 0.023810 0.021429 0.021429 0.014286 0.014286 0.014286 0.025000 0.016667 0.027381 0.026190 0.026190 0.027381 0.026190 0.026190 0.026190 0.026190 0.023810 0.023810 0.023810 0.026190 0.027381 0.027381 0.000000 0.000000 0.025000 0.023810 0.017857 0.016667 0.016667 0.020238 0.033333 0.040476 0.054762 0.064286
0.005952 0.004762 0.004762 0.004762 0.004762 0.000000 0.000000 0.007143 0.007143 0.007143 0.008333 0.009524 0.009524 0.009524 0.009524 0.010714 0.013095 0.013095 0.013095 0.015476 0.017857 0.016667 0.017857 0.000000 0.020238 0.021429 0.021429 0.021429 0.020238 0.021429 0.022619 0.023810 0.014286 0.026190 0.026190 0.027381 0.027381 0.027381 0.027381 0.026190 0.026190 0.026190 0.000000 0.026190 0.025000 0.023810 0.022619 0.022619 0.025000 0.025000 0.025000 0.023810 0.000000 0.023810 0.020238 0.016667 0.016667 0.020238 0.023810 0.033333 0.041667 0.048810 0.053571
0.005952 0.005952 0.004762 0.004762 0.000000 0.000000 0.000000 0.007143 0.007143 0.008333 0.008333 0.009524 0.010714 0.010714 0.009524 0.010714 0.011905 0.013095 0.014286 0.014286 0.017857 0.017857 0.017857 0.019048 0.019048 0.020238 0.020238 0.020238 0.020238 0.022619 0.023810 0.023810 0.023810 0.026190 0.026190 0.027381 0.027381 0.027381 0.027381 0.027381 0.026190 0.025000 0.026190 0.025000 0.017857 0.023810 0.022619 0.022619 0.023810 0.025000 0.022619 0.022619 0.022619 0.000000 0.016667 0.017857 0.017857 0.020238 0.021429 0.033333 0.036905 0.044048 0.045238
0.005952 0.005952 0.005952 0.000000 0.000000 0.000000 0.000000 0.000000 0.000000 0.000000 0.008333 0.009524 0.010714 0.010714 0.010714 0.010714 0.011905 0.013095 0.014286 0.015476 0.016667 0.017857 0.017857 0.017857 0.019048 0.020238 0.020238 0.020238 0.020238 0.021429 0.023810 0.023810 0.023810 0.023810 0.026190 0.026190 0.027381 0.027381 0.021429 0.021429 0.020238 0.025000 0.026190 0.026190 0.016667 0.017857 0.022619 0.020238 0.020238 0.023810 0.022619 0.022619 0.021429 0.017857 0.016667 0.000000 0.017857 0.019048 0.021429 0.026190 0.030952 0.035714 0.038095
0.005952 0.005952 0.005952 0.005952 0.000000 0.000000 0.000000 0.000000 0.000000 0.000000 0.008333 0.009524 0.007143 0.010714 0.010714 0.010714 0.011905 0.013095 0.013095 0.013095 0.017857 0.016667 0.017857 0.017857 0.016667 0.017857 0.015476 0.020238 0.020238 0.020238 0.021429 0.023810 0.023810 0.023810 0.023810 0.025000 0.025000 0.021429 0.019048 0.016667 0.020238 0.025000 0.022619 0.021429 0.017857 0.017857 0.017857 0.019048 0.020238 0.022619 0.021429 0.019048 0.016667 0.016667 0.013095 0.014286 0.015476 0.016667 0.019048 0.019048 0.022619 0.033333 0.033333
0.005952 0.005952 0.005952 0.005952 0.000000 0.000000 0.000000 0.000000 0.000000 0.000000 0.008333 0.008333 0.007143 0.010714 0.010714 0.010714 0.011905 0.011905 0.014286 0.014286 0.016667 0.016667 0.017857 0.017857 0.017857 0.015476 0.015476 0.014286 0.013095 0.014286 0.016667 0.017857 0.020238 0.022619 0.021429 0.020238 0.020238 0.019048 0.014286 0.013095 0.016667 0.016667 0.019048 0.020238 0.016667 0.015476 0.011905 0.011905 0.016667 0.016667 0.019048 0.017857 0.016667 0.016667 0.015476 0.014286 0.000000 0.000000 0.015476 0.014286 0.015476 0.019048 0.020238
0.005952 0.005952 0.005952 0.005952 0.000000 0.000000 0.000000 0.000000 0.000000 0.007143 0.007143 0.004762 0.005952 0.005952 0.005952 0.010714 0.010714 0.010714 0.013095 0.013095 0.015476 0.016667 0.015476 0.000000 0.000000 0.000000 0.000000 0.000000 0.000000 0.000000 0.014286 0.013095 0.016667 0.017857 0.019048 0.017857 0.016667 0.016667 0.013095 0.011905 0.015476 0.015476 0.017857 0.017857 0.017857 0.000000 0.000000 0.000000 0.000000 0.015476 0.015476 0.016667 0.015476 0.015476 0.015476 0.014286 0.015476 0.000000 0.000000 0.015476 0.015476 0.015476 0.017857
0.005952 0.005952 0.005952 0.005952 0.005952 0.000000 0.000000 0.005952 0.004762 0.004762 0.004762 0.004762 0.004762 0.003571 0.005952 0.009524 0.010714 0.010714 0.011905 0.013095 0.013095 0.014286 0.014286 0.013095 0.000000 0.000000 0.000000 0.000000 0.000000 0.000000 0.000000 0.011905 0.015476 0.014286 0.013095 0.013095 0.010714 0.010714 0.009524 0.014286 0.014286 0.015476 0.017857 0.019048 0.013095 0.000000 0.000000 0.000000 0.000000 0.011905 0.014286 0.013095 0.015476 0.014286 0.014286 0.015476 0.015476 0.014286 0.014286 0.000000 0.000000 0.013095 0.014286
0.005952 0.005952 0.005952 0.005952 0.005952 0.000000 0.000000 0.005952 0.003571 0.003571 0.004762 0.007143 0.004762 0.004762 0.005952 0.005952 0.010714 0.010714 0.011905 0.011905 0.011905 0.011905 0.011905 0.011905 0.009524 0.009524 0.008333 0.000000 0.000000 0.007143 0.000000 0.000000 0.000000 0.010714 0.010714 0.008333 0.008333 0.008333 0.008333 0.000000 0.014286 0.015476 0.016667 0.016667 0.013095 0.011905 0.000000 0.000000 0.000000 0.008333 0.010714 0.011905 0.013095 0.013095 0.015476 0.016667 0.015476 0.015476 0.013095 0.007143 0.000000 0.003571 0.010714
0.005952 0.005952 0.005952 0.005952 0.005952 0.000000 0.005952 0.005952 0.005952 0.004762 0.004762 0.007143 0.007143 0.007143 0.007143 0.005952 0.009524 0.010714 0.010714 0.011905 0.011905 0.010714 0.011905 0.010714 0.010714 0.008333 0.008333 0.008333 0.008333 0.005952 0.005952 0.005952 0.000000 0.000000 0.007143 0.007143 0.005952 0.007143 0.008333 0.008333 0.013095 0.014286 0.015476 0.014286 0.013095 0.011905 0.010714 0.000000 0.000000 0.003571 0.007143 0.010714 0.010714 0.013095 0.015476 0.017857 0.016667 0.014286 0.015476 0.014286 0.000000 0.000000 0.000000
0.005952 0.005952 0.005952 0.005952 0.005952 0.005952 0.007143 0.007143 0.007143 0.007143 0.007143 0.007143 0.007143 0.007143 0.007143 0.007143 0.007143 0.007143 0.010714 0.010714 0.010714 0.010714 0.011905 0.010714 0.009524 0.009524 0.009524 0.009524 0.008333 0.007143 0.005952 0.005952 0.005952 0.004762 0.000000 0.000000 0.005952 0.007143 0.008333 0.008333 0.009524 0.011905 0.011905 0.013095 0.011905 0.010714 0.010714 0.000000 0.000000 0.004762 0.008333 0.009524 0.010714 0.011905 0.015476 0.014286 0.015476 0.014286 0.015476 0.016667 0.017857 0.000000 0.000000
0.005952 0.005952 0.005952 0.005952 0.005952 0.005952 0.007143 0.007143 0.005952 0.007143 0.007143 0.007143 0.007143 0.007143 0.007143 0.007143 0.007143 0.008333 0.010714 0.010714 0.010714 0.009524 0.010714 0.010714 0.009524 0.010714 0.009524 0.009524 0.009524 0.009524 0.008333 0.007143 0.005952 0.005952 0.005952 0.000000 0.000000 0.007143 0.008333 0.008333 0.009524 0.009524 0.010714 0.013095 0.013095 0.011905 0.013095 0.013095 0.000000 0.008333 0.008333 0.010714 0.011905 0.011905 0.015476 0.015476 0.015476 0.015476 0.017857 0.017857 0.021429 0.025000 0.025000
0.005952 0.005952 0.005952 0.005952 0.005952 0.005952 0.007143 0.007143 0.005952 0.007143 0.007143 0.007143 0.007143 0.007143 0.007143 0.007143 0.007143 0.008333 0.009524 0.009524 0.009524 0.010714 0.009524 0.010714 0.010714 0.009524 0.009524 0.009524 0.009524 0.009524 0.008333 0.007143 0.007143 0.007143 0.007143 0.007143 0.007143 0.000000 0.000000 0.008333 0.007143 0.009524 0.010714 0.010714 0.013095 0.013095 0.011905 0.013095 0.005952 0.010714 0.008333 0.011905 0.010714 0.011905 0.013095 0.015476 0.016667 0.015476 0.017857 0.017857 0.023810 0.025000 0.026190
0.005952 0.005952 0.005952 0.005952 0.005952 0.005952 0.007143 0.007143 0.005952 0.007143 0.005952 0.007143 0.007143 0.007143 0.007143 0.007143 0.007143 0.008333 0.009524 0.009524 0.008333 0.010714 0.010714 0.010714 0.010714 0.009524 0.009524 0.009524 0.009524 0.009524 0.008333 0.008333 0.007143 0.007143 0.007143 0.007143 0.007143 0.007143 0.007143 0.007143 0.007143 0.007143 0.009524 0.009524 0.010714 0.011905 0.013095 0.013095 0.011905 0.010714 0.008333 0.010714 0.011905 0.011905 0.015476 0.015476 0.016667 0.016667 0.017857 0.017857 0.023810 0.025000 0.025000
0.005952 0.005952 0.005952 0.005952 0.005952 0.005952 0.005952 0.007143 0.007143 0.007143 0.007143 0.005952 0.007143 0.007143 0.007143 0.007143 0.007143 0.007143 0.008333 0.008333 0.009524 0.009524 0.009524 0.010714 0.009524 0.009524 0.009524 0.009524 0.008333 0.008333 0.008333 0.007143 0.007143 0.007143 0.007143 0.007143 0.007143 0.007143 0.007143 0.007143 0.007143 0.007143 0.007143 0.009524 0.009524 0.009524 0.010714 0.011905 0.011905 0.009524 0.009524 0.009524 0.010714 0.014286 0.015476 0.015476 0.016667 0.016667 0.016667 0.020238 0.021429 0.025000 0.025000
