FireSTARR/test/output/NOR/NOR072/2018-07-20_0000/wxshield_214_2018-08-02.asc
ncols         505
nrows         465
xllcorner     524143.378600
yllcorner     5234802.364000
cellsize      100.000000
NODATA_value  0.000000
[rows 84 to 111 of 465, columns 252 to 314 of 505]
0.028571 0.030952 0.032143 0.000000 0.036905 0.042857 0.046429 0.051190 0.052381 0.053571 0.053571 0.053571 0.055952 0.058333 0.058333 0.042857 0.036905 0.036905 0.040476 0.048810 0.048810 0.000000 0.053571 0.051190 0.052381 0.051190 0.053571 0.054762 0.060714 0.058333 0.061905 0.061905 0.064286 0.066667 0.066667 0.067857 0.067857 0.045238 0.055952 0.057143 0.065476 0.055952 0.051190 0.052381 0.050000 0.050000 0.051190 0.050000 0.051190 0.053571 0.060714 0.069048 0.073810 0.077381 0.079762 0.080952 0.080952 0.065476 0.060714 0.058333 0.052381 0.057143 0.000000
0.025000 0.030952 0.032143 0.034524 0.038095 0.042857 0.046429 0.051190 0.052381 0.053571 0.054762 0.053571 0.055952 0.057143 0.057143 0.044048 0.038095 0.036905 0.038095 0.050000 0.052381 0.052381 0.054762 0.051190 0.045238 0.053571 0.054762 0.058333 0.060714 0.061905 0.067857 0.065476 0.069048 0.066667 0.066667 0.065476 0.069048 0.066667 0.065476 0.065476 0.065476 0.057143 0.051190 0.052381 0.050000 0.050000 0.050000 0.051190 0.051190 0.054762 0.064286 0.076190 0.079762 0.083333 0.083333 0.083333 0.080952 0.065476 0.065476 0.040476 0.038095 0.040476 0.075000
0.028571 0.028571 0.000000 0.033333 0.038095 0.047619 0.047619 0.051190 0.054762 0.055952 0.055952 0.055952 0.055952 0.058333 0.058333 0.047619 0.042857 0.038095 0.041667 0.051190 0.052381 0.039286 0.054762 0.045238 0.045238 0.054762 0.058333 0.059524 0.064286 0.070238 0.071429 0.067857 0.064286 0.066667 0.065476 0.066667 0.067857 0.066667 0.066667 0.067857 0.057143 0.059524 0.057143 0.054762 0.052381 0.048810 0.048810 0.052381 0.052381 0.057143 0.060714 0.076190 0.079762 0.086905 0.086905 0.083333 0.082143 0.083333 0.065476 0.039286 0.035714 0.000000 0.047619
0.023810 0.029762 0.032143 0.034524 0.038095 0.046429 0.047619 0.050000 0.053571 0.057143 0.055952 0.058333 0.059524 0.057143 0.057143 0.057143 0.045238 0.036905 0.042857 0.042857 0.053571 0.055952 0.041667 0.044048 0.041667 0.045238 0.058333 0.063095 0.064286 0.071429 0.070238 0.061905 0.061905 0.063095 0.065476 0.067857 0.067857 0.066667 0.067857 0.069048 0.069048 0.066667 0.063095 0.057143 0.055952 0.052381 0.053571 0.055952 0.059524 0.057143 0.064286 0.079762 0.083333 0.086905 0.088095 0.088095 0.085714 0.072619 0.070238 0.052381 0.000000 0.050000 0.086905
0.029762 0.030952 0.032143 0.039286 0.041667 0.045238 0.048810 0.048810 0.053571 0.057143 0.059524 0.060714 0.061905 0.059524 0.057143 0.058333 0.046429 0.039286 0.038095 0.042857 0.054762 0.055952 0.055952 0.057143 0.058333 0.059524 0.060714 0.064286 0.069048 0.072619 0.051190 0.047619 0.045238 0.046429 0.067857 0.067857 0.065476 0.066667 0.067857 0.069048 0.066667 0.069048 0.060714 0.058333 0.058333 0.059524 0.059524 0.061905 0.059524 0.060714 0.069048 0.083333 0.086905 0.088095 0.089286 0.089286 0.089286 0.072619 0.092857 0.052381 0.050000 0.089286 0.084524
0.000000 0.032143 0.030952 0.040476 0.044048 0.044048 0.048810 0.050000 0.052381 0.058333 0.058333 0.060714 0.061905 0.060714 0.057143 0.057143 0.050000 0.041667 0.039286 0.042857 0.046429 0.054762 0.057143 0.057143 0.059524 0.059524 0.061905 0.064286 0.071429 0.077381 0.078571 0.078571 0.076190 0.071429 0.067857 0.066667 0.066667 0.067857 0.063095 0.064286 0.072619 0.075000 0.061905 0.065476 0.063095 0.065476 0.071429 0.071429 0.072619 0.066667 0.070238 0.086905 0.091667 0.089286 0.090476 0.090476 0.092857 0.094048 0.096429 0.076190 0.090476 0.089286 0.086905
0.000000 0.000000 0.034524 0.040476 0.044048 0.046429 0.048810 0.052381 0.053571 0.058333 0.060714 0.061905 0.060714 0.064286 0.060714 0.052381 0.051190 0.044048 0.041667 0.039286 0.046429 0.055952 0.057143 0.057143 0.059524 0.059524 0.061905 0.066667 0.073810 0.078571 0.078571 0.078571 0.072619 0.071429 0.071429 0.067857 0.066667 0.046429 0.071429 0.075000 0.077381 0.072619 0.077381 0.067857 0.070238 0.073810 0.069048 0.091667 0.077381 0.076190 0.069048 0.092857 0.095238 0.092857 0.092857 0.091667 0.091667 0.092857 0.097619 0.055952 0.092857 0.092857 0.086905
0.000000 0.000000 0.035714 0.040476 0.039286 0.044048 0.050000 0.053571 0.051190 0.057143 0.061905 0.061905 0.060714 0.061905 0.063095 0.060714 0.054762 0.051190 0.042857 0.041667 0.047619 0.058333 0.057143 0.058333 0.059524 0.060714 0.060714 0.063095 0.073810 0.080952 0.080952 0.077381 0.078571 0.080952 0.073810 0.071429 0.069048 0.071429 0.076190 0.083333 0.078571 0.070238 0.078571 0.071429 0.073810 0.092857 0.095238 0.092857 0.097619 0.079762 0.077381 0.100000 0.096429 0.095238 0.094048 0.094048 0.095238 0.076190 0.095238 0.095238 0.091667 0.091667 0.088095
0.000000 0.029762 0.035714 0.040476 0.041667 0.048810 0.054762 0.042857 0.044048 0.059524 0.063095 0.063095 0.060714 0.061905 0.063095 0.061905 0.060714 0.053571 0.041667 0.044048 0.050000 0.057143 0.057143 0.058333 0.055952 0.051190 0.053571 0.065476 0.075000 0.082143 0.085714 0.082143 0.078571 0.082143 0.079762 0.075000 0.067857 0.071429 0.072619 0.085714 0.079762 0.078571 0.082143 0.088095 0.097619 0.098810 0.097619 0.097619 0.100000 0.098810 0.100000 0.100000 0.100000 0.094048 0.095238 0.095238 0.096429 0.096429 0.095238 0.092857 0.090476 0.088095 0.091667
0.000000 0.000000 0.036905 0.042857 0.046429 0.051190 0.054762 0.060714 0.044048 0.059524 0.061905 0.061905 0.058333 0.059524 0.061905 0.063095 0.061905 0.053571 0.044048 0.048810 0.052381 0.057143 0.057143 0.046429 0.050000 0.048810 0.053571 0.053571 0.075000 0.083333 0.086905 0.086905 0.084524 0.079762 0.072619 0.071429 0.070238 0.076190 0.073810 0.086905 0.084524 0.084524 0.083333 0.090476 0.101190 0.101190 0.100000 0.102381 0.103571 0.084524 0.101190 0.101190 0.100000 0.094048 0.094048 0.095238 0.098810 0.095238 0.079762 0.090476 0.089286 0.089286 0.089286
0.000000 0.000000 0.036905 0.044048 0.046429 0.051190 0.057143 0.063095 0.045238 0.047619 0.064286 0.058333 0.057143 0.057143 0.060714 0.061905 0.057143 0.054762 0.047619 0.051190 0.055952 0.055952 0.048810 0.047619 0.046429 0.047619 0.045238 0.055952 0.075000 0.085714 0.090476 0.089286 0.069048 0.071429 0.067857 0.069048 0.073810 0.072619 0.084524 0.090476 0.084524 0.086905 0.088095 0.103571 0.104762 0.105952 0.103571 0.104762 0.105952 0.104762 0.103571 0.103571 0.095238 0.096429 0.096429 0.098810 0.097619 0.095238 0.090476 0.090476 0.084524 0.089286 0.088095
0.000000 0.000000 0.036905 0.041667 0.046429 0.051190 0.057143 0.064286 0.065476 0.066667 0.064286 0.058333 0.054762 0.055952 0.059524 0.063095 0.060714 0.051190 0.048810 0.051190 0.051190 0.050000 0.050000 0.048810 0.048810 0.048810 0.044048 0.057143 0.066667 0.089286 0.091667 0.095238 0.089286 0.073810 0.065476 0.069048 0.076190 0.075000 0.089286 0.092857 0.088095 0.090476 0.100000 0.104762 0.107143 0.105952 0.105952 0.107143 0.107143 0.103571 0.103571 0.101190 0.101190 0.098810 0.096429 0.100000 0.098810 0.092857 0.079762 0.085714 0.092857 0.092857 0.091667
0.000000 0.000000 0.000000 0.039286 0.042857 0.050000 0.055952 0.064286 0.066667 0.067857 0.061905 0.061905 0.057143 0.059524 0.059524 0.061905 0.059524 0.054762 0.051190 0.052381 0.048810 0.048810 0.048810 0.051190 0.048810 0.046429 0.048810 0.054762 0.071429 0.090476 0.094048 0.095238 0.089286 0.077381 0.070238 0.069048 0.071429 0.085714 0.090476 0.092857 0.060714 0.097619 0.101190 0.103571 0.105952 0.107143 0.107143 0.107143 0.107143 0.104762 0.098810 0.101190 0.097619 0.098810 0.098810 0.100000 0.080952 0.083333 0.082143 0.086905 0.094048 0.097619 0.101190
0.000000 0.000000 0.000000 0.000000 0.042857 0.046429 0.055952 0.063095 0.066667 0.071429 0.072619 0.051190 0.064286 0.066667 0.047619 0.063095 0.063095 0.060714 0.054762 0.050000 0.048810 0.000000 0.047619 0.048810 0.050000 0.050000 0.055952 0.067857 0.075000 0.095238 0.094048 0.078571 0.080952 0.075000 0.069048 0.071429 0.070238 0.091667 0.092857 0.092857 0.096429 0.097619 0.102381 0.107143 0.104762 0.104762 0.107143 0.105952 0.107143 0.100000 0.102381 0.102381 0.101190 0.105952 0.105952 0.102381 0.097619 0.084524 0.090476 0.094048 0.096429 0.095238 0.100000
0.000000 0.000000 0.000000 0.000000 0.000000 0.039286 0.045238 0.045238 0.065476 0.072619 0.076190 0.078571 0.082143 0.071429 0.063095 0.069048 0.061905 0.061905 0.048810 0.051190 0.053571 0.053571 0.057143 0.055952 0.052381 0.054762 0.069048 0.075000 0.094048 0.097619 0.097619 0.083333 0.073810 0.073810 0.071429 0.071429 0.077381 0.091667 0.094048 0.063095 0.096429 0.067857 0.098810 0.103571 0.103571 0.107143 0.107143 0.108333 0.108333 0.105952 0.104762 0.104762 0.107143 0.107143 0.103571 0.097619 0.097619 0.091667 0.085714 0.091667 0.097619 0.092857 0.096429
0.000000 0.000000 0.000000 0.000000 0.000000 0.000000 0.000000 0.045238 0.065476 0.072619 0.077381 0.080952 0.082143 0.083333 0.079762 0.066667 0.065476 0.060714 0.045238 0.052381 0.066667 0.064286 0.060714 0.055952 0.058333 0.063095 0.075000 0.095238 0.097619 0.102381 0.085714 0.079762 0.082143 0.082143 0.080952 0.078571 0.082143 0.091667 0.094048 0.094048 0.094048 0.066667 0.069048 0.102381 0.103571 0.105952 0.107143 0.109524 0.108333 0.102381 0.102381 0.105952 0.105952 0.104762 0.100000 0.085714 0.083333 0.084524 0.091667 0.091667 0.091667 0.090476 0.092857
0.000000 0.000000 0.000000 0.000000 0.000000 0.000000 0.000000 0.050000 0.069048 0.070238 0.078571 0.083333 0.083333 0.084524 0.054762 0.071429 0.075000 0.046429 0.046429 0.048810 0.071429 0.069048 0.059524 0.059524 0.064286 0.064286 0.078571 0.096429 0.104762 0.105952 0.086905 0.085714 0.086905 0.094048 0.091667 0.091667 0.085714 0.090476 0.094048 0.094048 0.097619 0.066667 0.101190 0.070238 0.103571 0.103571 0.105952 0.109524 0.107143 0.108333 0.107143 0.104762 0.107143 0.100000 0.088095 0.096429 0.092857 0.090476 0.089286 0.090476 0.086905 0.092857 0.100000
0.000000 0.000000 0.000000 0.000000 0.000000 0.000000 0.000000 0.045238 0.066667 0.077381 0.083333 0.084524 0.085714 0.083333 0.058333 0.077381 0.085714 0.088095 0.086905 0.079762 0.077381 0.046429 0.064286 0.063095 0.066667 0.067857 0.086905 0.102381 0.108333 0.110714 0.107143 0.098810 0.094048 0.095238 0.097619 0.094048 0.064286 0.061905 0.094048 0.092857 0.096429 0.066667 0.104762 0.069048 0.105952 0.105952 0.103571 0.108333 0.107143 0.108333 0.107143 0.104762 0.109524 0.104762 0.098810 0.091667 0.083333 0.086905 0.079762 0.085714 0.083333 0.089286 0.097619
0.042857 0.000000 0.000000 0.000000 0.000000 0.000000 0.000000 0.000000 0.000000 0.082143 0.085714 0.083333 0.080952 0.079762 0.060714 0.090476 0.091667 0.105952 0.090476 0.080952 0.080952 0.078571 0.048810 0.069048 0.073810 0.082143 0.086905 0.108333 0.111905 0.111905 0.109524 0.108333 0.097619 0.094048 0.096429 0.094048 0.061905 0.091667 0.094048 0.094048 0.064286 0.104762 0.107143 0.066667 0.107143 0.101190 0.107143 0.105952 0.105952 0.108333 0.102381 0.104762 0.105952 0.101190 0.063095 0.069048 0.082143 0.086905 0.086905 0.088095 0.080952 0.091667 0.104762
0.044048 0.000000 0.000000 0.000000 0.000000 0.000000 0.000000 0.000000 0.000000 0.086905 0.086905 0.086905 0.077381 0.076190 0.086905 0.094048 0.109524 0.109524 0.097619 0.094048 0.090476 0.083333 0.080952 0.072619 0.076190 0.085714 0.100000 0.111905 0.111905 0.110714 0.110714 0.107143 0.095238 0.096429 0.091667 0.091667 0.090476 0.092857 0.094048 0.094048 0.098810 0.104762 0.107143 0.109524 0.066667 0.085714 0.101190 0.109524 0.109524 0.107143 0.102381 0.102381 0.098810 0.088095 0.092857 0.064286 0.077381 0.090476 0.086905 0.086905 0.079762 0.088095 0.105952
0.055952 0.000000 0.000000 0.000000 0.000000 0.000000 0.000000 0.000000 0.000000 0.089286 0.088095 0.086905 0.086905 0.080952 0.090476 0.103571 0.109524 0.110714 0.114286 0.114286 0.097619 0.098810 0.085714 0.082143 0.090476 0.091667 0.094048 0.114286 0.113095 0.109524 0.111905 0.105952 0.103571 0.095238 0.086905 0.089286 0.088095 0.088095 0.089286 0.088095 0.094048 0.104762 0.111905 0.111905 0.069048 0.072619 0.067857 0.109524 0.110714 0.092857 0.091667 0.092857 0.102381 0.101190 0.065476 0.063095 0.069048 0.090476 0.090476 0.083333 0.059524 0.066667 0.109524
0.061905 0.058333 0.000000 0.000000 0.000000 0.000000 0.000000 0.000000 0.000000 0.094048 0.086905 0.083333 0.089286 0.091667 0.094048 0.097619 0.111905 0.115476 0.116667 0.119048 0.121429 0.098810 0.100000 0.097619 0.098810 0.119048 0.116667 0.114286 0.113095 0.113095 0.109524 0.104762 0.100000 0.089286 0.085714 0.085714 0.084524 0.083333 0.085714 0.084524 0.090476 0.100000 0.110714 0.110714 0.110714 0.067857 0.065476 0.109524 0.108333 0.098810 0.102381 0.103571 0.101190 0.065476 0.069048 0.072619 0.072619 0.094048 0.071429 0.072619 0.055952 0.094048 0.120238
0.079762 0.075000 0.061905 0.000000 0.000000 0.000000 0.000000 0.000000 0.000000 0.097619 0.092857 0.086905 0.091667 0.100000 0.100000 0.100000 0.116667 0.119048 0.117857 0.119048 0.125000 0.121429 0.104762 0.117857 0.116667 0.116667 0.117857 0.115476 0.114286 0.109524 0.089286 0.082143 0.079762 0.079762 0.080952 0.080952 0.079762 0.078571 0.076190 0.077381 0.083333 0.097619 0.111905 0.110714 0.067857 0.113095 0.109524 0.104762 0.100000 0.097619 0.098810 0.096429 0.100000 0.101190 0.103571 0.073810 0.103571 0.070238 0.067857 0.057143 0.055952 0.076190 0.135714
0.089286 0.085714 0.075000 0.076190 0.000000 0.000000 0.000000 0.000000 0.000000 0.101190 0.103571 0.100000 0.100000 0.103571 0.100000 0.105952 0.122619 0.120238 0.102381 0.107143 0.127381 0.000000 0.117857 0.115476 0.116667 0.116667 0.115476 0.113095 0.107143 0.101190 0.091667 0.073810 0.071429 0.069048 0.076190 0.075000 0.071429 0.070238 0.073810 0.072619 0.083333 0.098810 0.110714 0.071429 0.113095 0.109524 0.103571 0.100000 0.096429 0.095238 0.094048 0.098810 0.100000 0.097619 0.101190 0.108333 0.078571 0.069048 0.044048 0.046429 0.054762 0.080952 0.139286
0.095238 0.095238 0.090476 0.092857 0.091667 0.101190 0.000000 0.097619 0.000000 0.105952 0.103571 0.105952 0.109524 0.108333 0.105952 0.123810 0.123810 0.113095 0.123810 0.130952 0.130952 0.128571 0.125000 0.116667 0.115476 0.076190 0.105952 0.105952 0.103571 0.092857 0.088095 0.077381 0.073810 0.075000 0.073810 0.075000 0.076190 0.077381 0.076190 0.076190 0.091667 0.103571 0.111905 0.113095 0.110714 0.101190 0.102381 0.098810 0.097619 0.094048 0.095238 0.098810 0.098810 0.101190 0.100000 0.109524 0.082143 0.061905 0.055952 0.057143 0.079762 0.089286 0.150000
0.092857 0.098810 0.104762 0.101190 0.109524 0.103571 0.110714 0.109524 0.115476 0.110714 0.110714 0.105952 0.111905 0.117857 0.125000 0.123810 0.082143 0.103571 0.123810 0.132143 0.135714 0.133333 0.128571 0.117857 0.113095 0.102381 0.103571 0.104762 0.102381 0.091667 0.082143 0.075000 0.073810 0.078571 0.084524 0.083333 0.083333 0.085714 0.083333 0.089286 0.101190 0.113095 0.117857 0.115476 0.108333 0.104762 0.103571 0.098810 0.100000 0.096429 0.095238 0.095238 0.095238 0.098810 0.097619 0.115476 0.086905 0.084524 0.086905 0.085714 0.088095 0.144048 0.155952
0.090476 0.097619 0.103571 0.105952 0.113095 0.116667 0.113095 0.119048 0.119048 0.123810 0.114286 0.113095 0.109524 0.109524 0.127381 0.114286 0.084524 0.088095 0.085714 0.134524 0.134524 0.134524 0.128571 0.121429 0.115476 0.102381 0.096429 0.101190 0.105952 0.095238 0.084524 0.084524 0.083333 0.101190 0.103571 0.101190 0.103571 0.101190 0.096429 0.102381 0.119048 0.117857 0.115476 0.116667 0.109524 0.103571 0.101190 0.100000 0.100000 0.098810 0.101190 0.103571 0.102381 0.095238 0.095238 0.109524 0.129762 0.139286 0.139286 0.088095 0.085714 0.150000 0.154762
0.092857 0.098810 0.105952 0.108333 0.115476 0.119048 0.122619 0.119048 0.125000 0.127381 0.132143 0.132143 0.115476 0.115476 0.117857 0.136905 0.135714 0.135714 0.133333 0.135714 0.134524 0.134524 0.125000 0.123810 0.120238 0.115476 0.095238 0.101190 0.101190 0.102381 0.091667 0.101190 0.105952 0.104762 0.117857 0.119048 0.117857 0.117857 0.119048 0.117857 0.114286 0.108333 0.119048 0.107143 0.104762 0.104762 0.102381 0.102381 0.100000 0.100000 0.104762 0.104762 0.104762 0.101190 0.103571 0.109524 0.132143 0.139286 0.145238 0.089286 0.151190 0.148810 0.154762
