FireSTARR/test/output/NOR/NOR072/2018-07-20_0000/wxshield_214_2018-08-02.asc
ncols         505
nrows         465
xllcorner     524143.378600
yllcorner     5234802.364000
cellsize      100.000000
NODATA_value  0.000000
[rows 140 to 167 of 465, columns 378 to 440 of 505]
0.094048 0.110714 0.119048 0.121429 0.120238 0.103571 0.096429 0.077381 0.108333 0.109524 0.115476 0.110714 0.111905 0.113095 0.109524 0.077381 0.111905 0.000000 0.000000 0.000000 0.094048 0.092857 0.092857 0.090476 0.089286 0.085714 0.085714 0.082143 0.079762 0.078571 0.078571 0.073810 0.083333 0.083333 0.083333 0.083333 0.078571 0.078571 0.048810 0.033333 0.026190 0.000000 0.000000 0.000000 0.000000 0.000000 0.000000 0.017857 0.020238 0.000000 0.000000 0.000000 0.005952 0.008333 0.008333 0.009524 0.010714 0.011905 0.010714 0.010714 0.010714 0.010714 0.010714
0.090476 0.114286 0.125000 0.127381 0.125000 0.102381 0.096429 0.076190 0.110714 0.113095 0.119048 0.122619 0.113095 0.120238 0.109524 0.119048 0.115476 0.110714 0.076190 0.073810 0.097619 0.096429 0.090476 0.090476 0.064286 0.083333 0.082143 0.080952 0.079762 0.079762 0.080952 0.084524 0.083333 0.084524 0.083333 0.082143 0.082143 0.082143 0.048810 0.046429 0.045238 0.044048 0.000000 0.000000 0.000000 0.000000 0.000000 0.000000 0.023810 0.025000 0.000000 0.000000 0.004762 0.008333 0.008333 0.009524 0.011905 0.011905 0.010714 0.010714 0.010714 0.009524 0.009524
0.082143 0.116667 0.128571 0.129762 0.109524 0.104762 0.107143 0.107143 0.114286 0.119048 0.123810 0.123810 0.120238 0.119048 0.120238 0.119048 0.115476 0.111905 0.113095 0.101190 0.102381 0.091667 0.089286 0.088095 0.083333 0.082143 0.078571 0.077381 0.082143 0.000000 0.082143 0.084524 0.084524 0.084524 0.083333 0.080952 0.080952 0.080952 0.079762 0.079762 0.079762 0.076190 0.044048 0.000000 0.000000 0.000000 0.000000 0.000000 0.027381 0.026190 0.027381 0.000000 0.000000 0.008333 0.009524 0.011905 0.011905 0.010714 0.010714 0.009524 0.009524 0.009524 0.009524
0.082143 0.122619 0.133333 0.123810 0.109524 0.110714 0.108333 0.108333 0.113095 0.120238 0.121429 0.122619 0.119048 0.119048 0.116667 0.117857 0.114286 0.101190 0.101190 0.104762 0.100000 0.088095 0.078571 0.078571 0.077381 0.077381 0.066667 0.064286 0.082143 0.080952 0.080952 0.082143 0.083333 0.082143 0.082143 0.080952 0.082143 0.080952 0.079762 0.078571 0.078571 0.076190 0.075000 0.046429 0.042857 0.041667 0.000000 0.000000 0.030952 0.027381 0.000000 0.026190 0.000000 0.000000 0.000000 0.011905 0.011905 0.000000 0.000000 0.009524 0.009524 0.009524 0.009524
0.101190 0.101190 0.144048 0.125000 0.117857 0.117857 0.114286 0.110714 0.115476 0.119048 0.122619 0.120238 0.120238 0.119048 0.116667 0.114286 0.115476 0.108333 0.107143 0.109524 0.079762 0.071429 0.055952 0.073810 0.075000 0.060714 0.082143 0.082143 0.079762 0.078571 0.078571 0.079762 0.082143 0.082143 0.080952 0.080952 0.080952 0.079762 0.077381 0.077381 0.075000 0.075000 0.073810 0.075000 0.076190 0.044048 0.044048 0.045238 0.045238 0.033333 0.025000 0.028571 0.023810 0.025000 0.023810 0.000000 0.000000 0.000000 0.000000 0.009524 0.000000 0.000000 0.005952
0.113095 0.147619 0.136905 0.132143 0.135714 0.133333 0.116667 0.104762 0.109524 0.115476 0.125000 0.121429 0.120238 0.116667 0.101190 0.095238 0.095238 0.111905 0.113095 0.113095 0.078571 0.078571 0.065476 0.069048 0.073810 0.076190 0.078571 0.078571 0.077381 0.075000 0.076190 0.077381 0.076190 0.079762 0.078571 0.080952 0.078571 0.077381 0.077381 0.076190 0.075000 0.073810 0.073810 0.076190 0.075000 0.072619 0.044048 0.073810 0.045238 0.044048 0.044048 0.044048 0.041667 0.039286 0.000000 0.000000 0.000000 0.000000 0.000000 0.000000 0.000000 0.000000 0.004762
0.147619 0.152381 0.142857 0.144048 0.154762 0.100000 0.104762 0.104762 0.110714 0.109524 0.122619 0.121429 0.117857 0.113095 0.102381 0.092857 0.102381 0.104762 0.114286 0.114286 0.108333 0.079762 0.053571 0.053571 0.069048 0.073810 0.076190 0.072619 0.075000 0.075000 0.075000 0.076190 0.076190 0.077381 0.080952 0.080952 0.079762 0.078571 0.076190 0.075000 0.073810 0.073810 0.076190 0.076190 0.076190 0.075000 0.073810 0.073810 0.072619 0.070238 0.070238 0.070238 0.070238 0.041667 0.000000 0.000000 0.000000 0.000000 0.000000 0.000000 0.000000 0.000000 0.001190
0.154762 0.154762 0.155952 0.159524 0.102381 0.097619 0.088095 0.113095 0.110714 0.119048 0.121429 0.110714 0.111905 0.104762 0.105952 0.105952 0.111905 0.111905 0.110714 0.110714 0.110714 0.078571 0.048810 0.065476 0.053571 0.073810 0.077381 0.076190 0.076190 0.073810 0.073810 0.076190 0.075000 0.075000 0.078571 0.078571 0.077381 0.075000 0.075000 0.070238 0.070238 0.071429 0.075000 0.076190 0.076190 0.076190 0.073810 0.044048 0.042857 0.069048 0.069048 0.070238 0.071429 0.066667 0.042857 0.039286 0.040476 0.000000 0.000000 0.000000 0.000000 0.000000 0.000000
0.154762 0.151190 0.151190 0.154762 0.150000 0.092857 0.073810 0.078571 0.114286 0.120238 0.117857 0.114286 0.104762 0.110714 0.119048 0.117857 0.117857 0.121429 0.109524 0.113095 0.108333 0.082143 0.055952 0.064286 0.071429 0.077381 0.076190 0.075000 0.073810 0.073810 0.073810 0.075000 0.073810 0.052381 0.075000 0.053571 0.073810 0.073810 0.072619 0.072619 0.070238 0.073810 0.077381 0.077381 0.077381 0.076190 0.073810 0.044048 0.065476 0.067857 0.070238 0.072619 0.069048 0.066667 0.066667 0.065476 0.063095 0.039286 0.038095 0.038095 0.036905 0.035714 0.000000
0.165476 0.159524 0.120238 0.146429 0.138095 0.095238 0.072619 0.083333 0.114286 0.125000 0.125000 0.115476 0.107143 0.107143 0.116667 0.132143 0.132143 0.122619 0.119048 0.114286 0.117857 0.086905 0.055952 0.069048 0.078571 0.075000 0.073810 0.073810 0.072619 0.069048 0.070238 0.072619 0.073810 0.073810 0.075000 0.071429 0.071429 0.072619 0.070238 0.070238 0.069048 0.076190 0.078571 0.077381 0.076190 0.077381 0.076190 0.042857 0.069048 0.072619 0.075000 0.072619 0.069048 0.067857 0.065476 0.065476 0.064286 0.061905 0.058333 0.058333 0.057143 0.036905 0.035714
0.171429 0.170238 0.173810 0.160714 0.100000 0.089286 0.090476 0.111905 0.123810 0.138095 0.138095 0.128571 0.115476 0.113095 0.119048 0.134524 0.129762 0.132143 0.120238 0.115476 0.116667 0.085714 0.084524 0.076190 0.077381 0.076190 0.070238 0.073810 0.069048 0.070238 0.071429 0.073810 0.075000 0.071429 0.069048 0.069048 0.067857 0.067857 0.070238 0.046429 0.070238 0.077381 0.077381 0.077381 0.071429 0.073810 0.076190 0.045238 0.070238 0.075000 0.073810 0.069048 0.066667 0.066667 0.067857 0.065476 0.065476 0.061905 0.059524 0.059524 0.054762 0.054762 0.034524
0.188095 0.190476 0.184524 0.169048 0.102381 0.085714 0.102381 0.122619 0.135714 0.152381 0.145238 0.132143 0.132143 0.122619 0.127381 0.130952 0.154762 0.129762 0.128571 0.128571 0.117857 0.108333 0.085714 0.086905 0.078571 0.069048 0.073810 0.070238 0.069048 0.067857 0.065476 0.066667 0.067857 0.061905 0.063095 0.066667 0.067857 0.066667 0.065476 0.065476 0.070238 0.077381 0.077381 0.072619 0.000000 0.000000 0.077381 0.046429 0.075000 0.075000 0.069048 0.067857 0.070238 0.067857 0.067857 0.064286 0.063095 0.059524 0.057143 0.057143 0.057143 0.054762 0.034524
0.172619 0.204762 0.184524 0.165476 0.105952 0.098810 0.116667 0.140476 0.160714 0.175000 0.169048 0.151190 0.150000 0.150000 0.148810 0.158333 0.157143 0.153571 0.148810 0.128571 0.110714 0.103571 0.095238 0.088095 0.082143 0.076190 0.069048 0.067857 0.063095 0.055952 0.000000 0.054762 0.061905 0.061905 0.063095 0.066667 0.066667 0.066667 0.064286 0.063095 0.076190 0.077381 0.052381 0.050000 0.077381 0.078571 0.078571 0.078571 0.077381 0.067857 0.069048 0.069048 0.070238 0.069048 0.067857 0.063095 0.059524 0.053571 0.054762 0.055952 0.057143 0.055952 0.035714
0.219048 0.214286 0.184524 0.155952 0.107143 0.109524 0.127381 0.164286 0.179762 0.201190 0.180952 0.158333 0.165476 0.179762 0.177381 0.173810 0.164286 0.151190 0.148810 0.130952 0.111905 0.109524 0.095238 0.089286 0.082143 0.076190 0.000000 0.000000 0.000000 0.000000 0.000000 0.045238 0.052381 0.058333 0.058333 0.061905 0.065476 0.061905 0.060714 0.066667 0.077381 0.080952 0.078571 0.069048 0.072619 0.078571 0.079762 0.077381 0.072619 0.067857 0.069048 0.069048 0.069048 0.069048 0.064286 0.057143 0.055952 0.053571 0.054762 0.055952 0.057143 0.034524 0.044048
0.221429 0.203571 0.175000 0.152381 0.113095 0.125000 0.127381 0.183333 0.196429 0.207143 0.195238 0.178571 0.182143 0.200000 0.186905 0.178571 0.170238 0.161905 0.146429 0.128571 0.119048 0.109524 0.101190 0.089286 0.079762 0.000000 0.000000 0.000000 0.000000 0.000000 0.000000 0.000000 0.000000 0.057143 0.057143 0.059524 0.059524 0.064286 0.063095 0.070238 0.079762 0.078571 0.033333 0.036905 0.045238 0.076190 0.077381 0.076190 0.067857 0.067857 0.069048 0.069048 0.066667 0.058333 0.054762 0.053571 0.053571 0.054762 0.054762 0.054762 0.055952 0.033333 0.033333
0.217857 0.190476 0.155952 0.134524 0.107143 0.134524 0.158333 0.196429 0.205952 0.219048 0.208333 0.191667 0.208333 0.211905 0.197619 0.180952 0.173810 0.166667 0.153571 0.139286 0.121429 0.109524 0.100000 0.089286 0.078571 0.000000 0.000000 0.000000 0.000000 0.000000 0.000000 0.000000 0.052381 0.057143 0.054762 0.055952 0.059524 0.064286 0.061905 0.072619 0.078571 0.033333 0.036905 0.035714 0.073810 0.077381 0.078571 0.045238 0.069048 0.070238 0.044048 0.059524 0.059524 0.054762 0.053571 0.054762 0.054762 0.053571 0.053571 0.053571 0.053571 0.030952 0.045238
0.210714 0.125000 0.108333 0.104762 0.111905 0.141667 0.180952 0.211905 0.211905 0.222619 0.230952 0.226190 0.222619 0.221429 0.209524 0.195238 0.182143 0.147619 0.141667 0.121429 0.119048 0.108333 0.098810 0.088095 0.069048 0.060714 0.000000 0.000000 0.000000 0.000000 0.000000 0.046429 0.052381 0.054762 0.054762 0.053571 0.055952 0.061905 0.064286 0.076190 0.079762 0.036905 0.028571 0.033333 0.077381 0.079762 0.050000 0.072619 0.070238 0.067857 0.063095 0.058333 0.040476 0.047619 0.050000 0.051190 0.051190 0.051190 0.052381 0.050000 0.050000 0.048810 0.047619
0.146429 0.113095 0.079762 0.085714 0.097619 0.150000 0.229762 0.253571 0.214286 0.202381 0.275000 0.234524 0.242857 0.230952 0.213095 0.197619 0.160714 0.144048 0.138095 0.116667 0.108333 0.096429 0.090476 0.079762 0.066667 0.058333 0.050000 0.048810 0.047619 0.045238 0.047619 0.051190 0.048810 0.053571 0.054762 0.057143 0.059524 0.065476 0.070238 0.077381 0.084524 0.035714 0.035714 0.047619 0.082143 0.084524 0.083333 0.071429 0.046429 0.054762 0.053571 0.050000 0.039286 0.034524 0.048810 0.051190 0.052381 0.051190 0.051190 0.048810 0.047619 0.048810 0.030952
0.148810 0.083333 0.076190 0.083333 0.145238 0.169048 0.183333 0.280952 0.219048 0.296429 0.284524 0.270238 0.246429 0.229762 0.210714 0.189286 0.154762 0.138095 0.128571 0.111905 0.100000 0.092857 0.082143 0.071429 0.064286 0.050000 0.050000 0.048810 0.047619 0.047619 0.046429 0.047619 0.047619 0.051190 0.058333 0.060714 0.059524 0.067857 0.078571 0.082143 0.085714 0.041667 0.040476 0.084524 0.085714 0.085714 0.050000 0.040476 0.041667 0.035714 0.045238 0.050000 0.050000 0.050000 0.050000 0.050000 0.051190 0.050000 0.050000 0.050000 0.047619 0.045238 0.029762
0.140476 0.108333 0.091667 0.109524 0.161905 0.255952 0.292857 0.303571 0.313095 0.296429 0.282143 0.259524 0.240476 0.222619 0.115476 0.107143 0.135714 0.127381 0.117857 0.102381 0.073810 0.077381 0.069048 0.064286 0.045238 0.050000 0.045238 0.048810 0.047619 0.047619 0.047619 0.047619 0.048810 0.054762 0.053571 0.059524 0.064286 0.076190 0.079762 0.086905 0.086905 0.086905 0.086905 0.086905 0.088095 0.088095 0.052381 0.033333 0.029762 0.039286 0.040476 0.041667 0.045238 0.047619 0.047619 0.047619 0.047619 0.047619 0.048810 0.046429 0.045238 0.045238 0.042857
0.155952 0.145238 0.135714 0.154762 0.244048 0.244048 0.322619 0.253571 0.323810 0.297619 0.279762 0.253571 0.128571 0.117857 0.109524 0.071429 0.076190 0.078571 0.072619 0.065476 0.063095 0.053571 0.058333 0.057143 0.041667 0.036905 0.036905 0.034524 0.033333 0.046429 0.048810 0.048810 0.051190 0.054762 0.058333 0.063095 0.070238 0.076190 0.086905 0.086905 0.088095 0.086905 0.086905 0.088095 0.089286 0.085714 0.052381 0.033333 0.030952 0.041667 0.042857 0.030952 0.040476 0.044048 0.044048 0.046429 0.046429 0.045238 0.045238 0.044048 0.044048 0.041667 0.036905
0.270238 0.264286 0.259524 0.258333 0.255952 0.401190 0.285714 0.348810 0.321429 0.290476 0.267857 0.139286 0.126190 0.054762 0.036905 0.034524 0.030952 0.029762 0.026190 0.025000 0.026190 0.041667 0.044048 0.044048 0.044048 0.026190 0.020238 0.030952 0.039286 0.044048 0.045238 0.048810 0.051190 0.057143 0.063095 0.064286 0.076190 0.079762 0.088095 0.088095 0.088095 0.088095 0.088095 0.090476 0.089286 0.082143 0.051190 0.041667 0.034524 0.044048 0.044048 0.030952 0.036905 0.040476 0.044048 0.044048 0.044048 0.045238 0.044048 0.042857 0.035714 0.035714 0.038095
0.419048 0.426190 0.427381 0.427381 0.439286 0.000000 0.377381 0.341667 0.316667 0.277381 0.264286 0.142857 0.120238 0.058333 0.050000 0.044048 0.039286 0.033333 0.028571 0.028571 0.032143 0.035714 0.034524 0.044048 0.042857 0.033333 0.022619 0.030952 0.030952 0.033333 0.045238 0.046429 0.051190 0.058333 0.063095 0.066667 0.075000 0.086905 0.090476 0.089286 0.090476 0.090476 0.094048 0.091667 0.084524 0.075000 0.047619 0.048810 0.047619 0.042857 0.032143 0.032143 0.028571 0.038095 0.042857 0.044048 0.044048 0.044048 0.042857 0.041667 0.035714 0.038095 0.038095
0.435714 0.438095 0.451190 0.451190 0.444048 0.000000 0.384524 0.351190 0.314286 0.278571 0.261905 0.245238 0.130952 0.121429 0.111905 0.103571 0.050000 0.035714 0.034524 0.035714 0.035714 0.048810 0.091667 0.088095 0.089286 0.046429 0.025000 0.019048 0.019048 0.030952 0.044048 0.046429 0.053571 0.060714 0.063095 0.070238 0.077381 0.090476 0.091667 0.090476 0.092857 0.095238 0.096429 0.057143 0.058333 0.055952 0.052381 0.051190 0.047619 0.044048 0.036905 0.035714 0.035714 0.038095 0.041667 0.033333 0.036905 0.035714 0.041667 0.040476 0.034524 0.036905 0.036905
0.447619 0.457143 0.464286 0.459524 0.450000 0.433333 0.385714 0.354762 0.317857 0.278571 0.259524 0.247619 0.129762 0.211905 0.200000 0.114286 0.057143 0.046429 0.047619 0.046429 0.096429 0.100000 0.097619 0.152381 0.090476 0.047619 0.025000 0.019048 0.017857 0.032143 0.032143 0.047619 0.054762 0.061905 0.067857 0.073810 0.086905 0.094048 0.094048 0.094048 0.094048 0.097619 0.059524 0.094048 0.058333 0.041667 0.047619 0.042857 0.040476 0.038095 0.034524 0.035714 0.033333 0.035714 0.038095 0.034524 0.034524 0.034524 0.033333 0.036905 0.038095 0.036905 0.036905
0.460714 0.477381 0.475000 0.458333 0.455952 0.425000 0.394048 0.359524 0.321429 0.277381 0.264286 0.247619 0.227381 0.214286 0.208333 0.122619 0.109524 0.108333 0.105952 0.101190 0.104762 0.171429 0.161905 0.150000 0.092857 0.045238 0.025000 0.016667 0.017857 0.022619 0.032143 0.044048 0.053571 0.061905 0.073810 0.078571 0.092857 0.096429 0.095238 0.095238 0.059524 0.096429 0.096429 0.060714 0.052381 0.035714 0.029762 0.029762 0.034524 0.034524 0.032143 0.033333 0.032143 0.033333 0.033333 0.034524 0.036905 0.035714 0.033333 0.034524 0.034524 0.035714 0.035714
0.473810 0.488095 0.485714 0.340476 0.454762 0.432143 0.400000 0.359524 0.319048 0.283333 0.273810 0.254762 0.233333 0.217857 0.204762 0.122619 0.119048 0.195238 0.109524 0.105952 0.184524 0.100000 0.139286 0.092857 0.090476 0.038095 0.021429 0.015476 0.017857 0.027381 0.034524 0.032143 0.041667 0.046429 0.086905 0.090476 0.095238 0.098810 0.098810 0.059524 0.097619 0.096429 0.096429 0.059524 0.059524 0.036905 0.022619 0.027381 0.028571 0.034524 0.032143 0.030952 0.029762 0.029762 0.023810 0.027381 0.035714 0.033333 0.035714 0.039286 0.036905 0.034524 0.034524
0.495238 0.507143 0.501190 0.346429 0.464286 0.432143 0.409524 0.365476 0.332143 0.290476 0.273810 0.259524 0.234524 0.227381 0.209524 0.203571 0.198810 0.202381 0.202381 0.197619 0.189286 0.101190 0.089286 0.086905 0.041667 0.026190 0.025000 0.019048 0.040476 0.046429 0.047619 0.050000 0.052381 0.051190 0.088095 0.091667 0.097619 0.100000 0.098810 0.098810 0.098810 0.096429 0.094048 0.092857 0.059524 0.034524 0.020238 0.015476 0.021429 0.022619 0.028571 0.027381 0.027381 0.021429 0.026190 0.023810 0.038095 0.041667 0.041667 0.036905 0.038095 0.039286 0.036905
