FireSTARR/test/output/NOR/NOR072/2018-07-20_0000/wxshield_214_2018-08-02.asc
ncols         505
nrows         465
xllcorner     524143.378600
yllcorner     5234802.364000
cellsize      100.000000
NODATA_value  0.000000
[rows 336 to 363 of 465, columns 189 to 251 of 505]
1.000000 1.000000 1.000000 1.000000 1.000000 1.000000 1.000000 1.000000 1.000000 1.000000 1.000000 1.000000 1.000000 1.000000 0.495238 0.291667 0.171429 0.000000 0.275000 0.228571 0.239286 0.373810 0.691667 1.000000 1.000000 0.917857 0.917857 0.904762 1.000000 1.000000 1.000000 1.000000 0.000000 0.000000 0.000000 0.000000 1.000000 1.000000 1.000000 1.000000 1.000000 1.000000 0.553571 0.502381 0.455952 0.430952 0.365476 0.363095 0.342857 0.338095 0.326190 0.311905 0.303571 0.284524 0.265476 0.244048 0.163095 0.228571 0.226190 0.217857 0.000000 0.198810 0.192857
1.000000 1.000000 1.000000 1.000000 1.000000 1.000000 1.000000 1.000000 1.000000 1.000000 1.000000 1.000000 1.000000 1.000000 0.496429 0.276190 0.000000 0.203571 0.222619 0.195238 0.302381 0.346429 0.596429 0.654762 0.739286 0.894048 1.000000 1.000000 1.000000 1.000000 1.000000 1.000000 1.000000 0.000000 0.000000 1.000000 1.000000 1.000000 1.000000 1.000000 1.000000 1.000000 0.521429 0.479762 0.447619 0.422619 0.360714 0.320238 0.328571 0.321429 0.314286 0.302381 0.280952 0.254762 0.234524 0.225000 0.223810 0.219048 0.213095 0.210714 0.204762 0.197619 0.190476
1.000000 1.000000 1.000000 1.000000 1.000000 1.000000 1.000000 1.000000 1.000000 1.000000 1.000000 1.000000 1.000000 1.000000 0.488095 0.000000 0.000000 0.183333 0.192857 0.179762 0.297619 0.491667 0.520238 0.340476 0.600000 0.714286 1.000000 1.000000 1.000000 1.000000 1.000000 0.000000 0.000000 0.000000 0.000000 1.000000 1.000000 1.000000 1.000000 1.000000 1.000000 0.483333 0.440476 0.446429 0.435714 0.401190 0.365476 0.313095 0.310714 0.307143 0.291667 0.279762 0.269048 0.245238 0.216667 0.215476 0.210714 0.209524 0.205952 0.203571 0.194048 0.185714 0.179762
1.000000 1.000000 1.000000 1.000000 1.000000 1.000000 1.000000 1.000000 1.000000 1.000000 1.000000 1.000000 1.000000 1.000000 0.494048 0.000000 0.000000 0.000000 0.173810 0.167857 0.270238 0.278571 0.297619 0.326190 0.513095 0.536905 1.000000 1.000000 1.000000 1.000000 0.000000 0.000000 0.000000 0.000000 0.000000 1.000000 1.000000 1.000000 1.000000 1.000000 1.000000 0.472619 0.397619 0.344048 0.404762 0.372619 0.336905 0.315476 0.279762 0.279762 0.270238 0.261905 0.182143 0.222619 0.198810 0.196429 0.200000 0.200000 0.192857 0.188095 0.186905 0.184524 0.178571
1.000000 1.000000 1.000000 1.000000 1.000000 1.000000 1.000000 1.000000 1.000000 1.000000 1.000000 1.000000 1.000000 1.000000 0.492857 0.000000 0.128571 0.146429 0.205952 0.184524 0.185714 0.122619 0.142857 0.283333 0.397619 0.471429 0.388095 1.000000 1.000000 1.000000 0.000000 0.000000 0.000000 0.000000 1.000000 1.000000 1.000000 1.000000 1.000000 1.000000 1.000000 0.566667 0.377381 0.396429 0.375000 0.344048 0.315476 0.297619 0.279762 0.242857 0.241667 0.233333 0.210714 0.190476 0.179762 0.179762 0.186905 0.184524 0.184524 0.178571 0.177381 0.176190 0.173810
1.000000 1.000000 1.000000 1.000000 1.000000 1.000000 1.000000 1.000000 1.000000 1.000000 1.000000 1.000000 1.000000 0.607143 0.466667 0.000000 0.180952 0.158333 0.213095 0.254762 0.190476 0.115476 0.139286 0.205952 0.361905 0.432143 1.000000 1.000000 1.000000 0.000000 0.000000 0.000000 0.000000 1.000000 1.000000 1.000000 1.000000 1.000000 1.000000 1.000000 0.573810 0.516667 0.454762 0.402381 0.294048 0.329762 0.297619 0.271429 0.257143 0.223810 0.207143 0.192857 0.189286 0.173810 0.165476 0.166667 0.173810 0.173810 0.178571 0.171429 0.167857 0.167857 0.164286
1.000000 1.000000 1.000000 1.000000 1.000000 1.000000 1.000000 1.000000 1.000000 1.000000 1.000000 1.000000 1.000000 0.686905 0.340476 0.300000 0.214286 0.189286 0.222619 0.263095 0.196429 0.125000 0.142857 0.264286 0.341667 0.408333 1.000000 1.000000 1.000000 0.000000 0.000000 0.000000 0.000000 0.898810 1.000000 1.000000 1.000000 1.000000 1.000000 1.000000 0.535714 0.490476 0.427381 0.380952 0.353571 0.321429 0.284524 0.252381 0.220238 0.189286 0.147619 0.178571 0.160714 0.155952 0.097619 0.155952 0.158333 0.163095 0.163095 0.165476 0.161905 0.158333 0.155952
1.000000 1.000000 1.000000 1.000000 1.000000 1.000000 1.000000 1.000000 1.000000 1.000000 1.000000 1.000000 1.000000 0.764286 0.000000 0.320238 0.300000 0.215476 0.232143 0.271429 0.205952 0.139286 0.152381 0.269048 0.385714 0.396429 1.000000 1.000000 1.000000 0.000000 0.000000 0.000000 0.845238 0.897619 1.000000 1.000000 1.000000 1.000000 1.000000 1.000000 0.522619 0.476190 0.428571 0.366667 0.329762 0.301190 0.265476 0.235714 0.207143 0.155952 0.158333 0.153571 0.146429 0.092857 0.088095 0.086905 0.150000 0.152381 0.153571 0.157143 0.152381 0.145238 0.147619
1.000000 1.000000 1.000000 1.000000 1.000000 1.000000 1.000000 1.000000 1.000000 1.000000 1.000000 1.000000 1.000000 0.895238 0.510714 0.438095 0.314286 0.304762 0.255952 0.283333 0.214286 0.214286 0.171429 0.269048 0.372619 0.382143 1.000000 1.000000 1.000000 0.000000 0.000000 0.000000 0.686905 0.873810 1.000000 1.000000 1.000000 1.000000 1.000000 0.522619 0.494048 0.452381 0.380952 0.344048 0.310714 0.272619 0.239286 0.205952 0.178571 0.154762 0.150000 0.145238 0.092857 0.076190 0.044048 0.077381 0.138095 0.141667 0.140476 0.144048 0.136905 0.138095 0.130952
1.000000 1.000000 1.000000 1.000000 1.000000 1.000000 1.000000 1.000000 1.000000 1.000000 1.000000 1.000000 1.000000 1.000000 0.523810 0.445238 0.420238 0.309524 0.304762 0.265476 0.334524 0.225000 0.233333 0.254762 0.365476 0.355952 0.308333 1.000000 1.000000 0.000000 0.000000 0.546429 0.630952 0.714286 1.000000 1.000000 1.000000 1.000000 0.538095 0.460714 0.444048 0.426190 0.319048 0.272619 0.269048 0.235714 0.211905 0.190476 0.160714 0.144048 0.134524 0.095238 0.085714 0.044048 0.039286 0.067857 0.072619 0.127381 0.132143 0.127381 0.103571 0.100000 0.120238
1.000000 1.000000 1.000000 1.000000 1.000000 1.000000 1.000000 1.000000 1.000000 1.000000 1.000000 1.000000 1.000000 1.000000 0.489286 0.458333 0.423810 0.405952 0.296429 0.275000 0.357143 0.230952 0.239286 0.353571 0.246429 0.247619 0.273810 0.347619 0.394048 0.000000 0.452381 0.495238 0.542857 0.635714 0.688095 1.000000 0.650000 0.525000 0.453571 0.415476 0.397619 0.376190 0.300000 0.197619 0.189286 0.173810 0.172619 0.154762 0.138095 0.129762 0.084524 0.084524 0.060714 0.055952 0.059524 0.063095 0.110714 0.119048 0.120238 0.123810 0.095238 0.090476 0.102381
1.000000 1.000000 1.000000 1.000000 1.000000 1.000000 1.000000 1.000000 1.000000 1.000000 1.000000 1.000000 1.000000 1.000000 0.503571 0.479762 0.440476 0.411905 0.302381 0.300000 0.375000 0.367857 0.351190 0.342857 0.327381 0.205952 0.245238 0.230952 0.253571 0.000000 0.397619 0.430952 0.470238 0.536905 0.633333 0.680952 0.659524 0.457143 0.341667 0.323810 0.303571 0.326190 0.000000 0.000000 0.000000 0.000000 0.000000 0.000000 0.085714 0.091667 0.096429 0.096429 0.060714 0.057143 0.084524 0.089286 0.098810 0.107143 0.111905 0.110714 0.095238 0.085714 0.085714
1.000000 1.000000 1.000000 1.000000 1.000000 1.000000 1.000000 1.000000 1.000000 1.000000 1.000000 1.000000 1.000000 1.000000 0.515476 0.479762 0.444048 0.415476 0.409524 0.391667 0.369048 0.357143 0.342857 0.327381 0.307143 0.296429 0.185714 0.115476 0.185714 0.327381 0.348810 0.373810 0.390476 0.425000 0.473810 1.000000 1.000000 0.370238 0.283333 0.185714 0.204762 0.242857 0.000000 0.000000 0.000000 0.083333 0.000000 0.067857 0.072619 0.078571 0.079762 0.090476 0.085714 0.083333 0.085714 0.088095 0.094048 0.098810 0.102381 0.103571 0.088095 0.075000 0.072619
1.000000 1.000000 1.000000 1.000000 1.000000 1.000000 1.000000 1.000000 1.000000 1.000000 1.000000 1.000000 1.000000 0.536905 0.508333 0.484524 0.438095 0.420238 0.404762 0.384524 0.289286 0.340476 0.327381 0.308333 0.296429 0.279762 0.170238 0.155952 0.000000 0.000000 0.313095 0.322619 0.291667 0.294048 0.308333 0.341667 1.000000 0.209524 0.152381 0.153571 0.180952 0.184524 0.000000 0.103571 0.103571 0.100000 0.071429 0.075000 0.082143 0.073810 0.076190 0.064286 0.080952 0.079762 0.083333 0.085714 0.089286 0.091667 0.095238 0.097619 0.084524 0.078571 0.070238
1.000000 1.000000 1.000000 1.000000 1.000000 1.000000 1.000000 1.000000 1.000000 1.000000 1.000000 1.000000 1.000000 0.541667 0.505952 0.470238 0.435714 0.419048 0.396429 0.378571 0.354762 0.334524 0.311905 0.290476 0.280952 0.271429 0.259524 0.154762 0.147619 0.000000 0.288095 0.284524 0.225000 0.148810 0.135714 0.147619 0.134524 0.123810 0.123810 0.145238 0.159524 0.155952 0.130952 0.119048 0.110714 0.101190 0.086905 0.082143 0.083333 0.070238 0.066667 0.079762 0.078571 0.064286 0.065476 0.082143 0.067857 0.082143 0.088095 0.092857 0.090476 0.076190 0.071429
1.000000 1.000000 1.000000 1.000000 1.000000 1.000000 0.615476 0.636905 0.655952 1.000000 1.000000 1.000000 0.472619 0.540476 0.502381 0.452381 0.425000 0.403571 0.389286 0.284524 0.265476 0.300000 0.286905 0.276190 0.266667 0.258333 0.151190 0.151190 0.146429 0.241667 0.250000 0.208333 0.195238 0.111905 0.097619 0.096429 0.104762 0.109524 0.122619 0.130952 0.138095 0.140476 0.132143 0.117857 0.103571 0.061905 0.083333 0.082143 0.082143 0.064286 0.070238 0.076190 0.076190 0.077381 0.077381 0.000000 0.080952 0.079762 0.080952 0.085714 0.086905 0.082143 0.082143
0.622619 0.623810 0.619048 0.604762 0.598810 0.453571 0.467857 0.579762 0.591667 0.609524 1.000000 1.000000 0.566667 0.527381 0.385714 0.442857 0.416667 0.392857 0.367857 0.330952 0.246429 0.278571 0.272619 0.263095 0.254762 0.240476 0.144048 0.080952 0.133333 0.227381 0.196429 0.185714 0.083333 0.078571 0.067857 0.075000 0.095238 0.108333 0.104762 0.113095 0.122619 0.121429 0.113095 0.108333 0.065476 0.058333 0.054762 0.080952 0.075000 0.075000 0.069048 0.073810 0.076190 0.075000 0.076190 0.076190 0.077381 0.077381 0.078571 0.080952 0.076190 0.080952 0.079762
0.589286 0.579762 0.575000 0.575000 0.566667 0.560714 0.555952 0.501190 0.569048 0.569048 1.000000 1.000000 0.561905 0.500000 0.459524 0.420238 0.392857 0.000000 0.307143 0.291667 0.283333 0.228571 0.261905 0.251190 0.235714 0.222619 0.139286 0.071429 0.127381 0.178571 0.160714 0.000000 0.060714 0.053571 0.048810 0.061905 0.082143 0.094048 0.090476 0.107143 0.108333 0.104762 0.097619 0.095238 0.059524 0.027381 0.041667 0.071429 0.072619 0.071429 0.000000 0.071429 0.072619 0.075000 0.073810 0.076190 0.075000 0.075000 0.073810 0.076190 0.075000 0.077381 0.078571
0.555952 0.554762 0.553571 0.548810 0.539286 0.527381 0.525000 0.515476 0.465476 0.470238 0.000000 0.527381 0.511905 0.460714 0.417857 0.329762 0.309524 0.000000 0.000000 0.257143 0.258333 0.252381 0.250000 0.232143 0.150000 0.134524 0.127381 0.053571 0.065476 0.088095 0.000000 0.000000 0.000000 0.036905 0.038095 0.059524 0.070238 0.076190 0.083333 0.095238 0.094048 0.092857 0.091667 0.084524 0.048810 0.041667 0.041667 0.064286 0.067857 0.071429 0.000000 0.067857 0.070238 0.070238 0.071429 0.073810 0.073810 0.073810 0.072619 0.071429 0.071429 0.070238 0.073810
0.536905 0.534524 0.527381 0.515476 0.503571 0.486905 0.475000 0.466667 0.442857 0.366667 0.000000 0.428571 0.429762 0.405952 0.373810 0.303571 0.245238 0.000000 0.000000 0.188095 0.000000 0.232143 0.225000 0.134524 0.136905 0.067857 0.048810 0.048810 0.053571 0.000000 0.000000 0.000000 0.000000 0.000000 0.027381 0.054762 0.071429 0.069048 0.077381 0.082143 0.082143 0.083333 0.000000 0.000000 0.066667 0.042857 0.042857 0.063095 0.066667 0.065476 0.000000 0.066667 0.070238 0.070238 0.069048 0.070238 0.070238 0.070238 0.069048 0.067857 0.066667 0.066667 0.067857
0.527381 0.510714 0.496429 0.467857 0.459524 0.436905 0.426190 0.409524 0.400000 0.371429 0.000000 0.371429 0.365476 0.350000 0.295238 0.301190 0.245238 0.000000 0.000000 0.000000 0.000000 0.202381 0.191667 0.179762 0.144048 0.105952 0.060714 0.048810 0.040476 0.030952 0.028571 0.000000 0.000000 0.000000 0.000000 0.045238 0.058333 0.064286 0.064286 0.066667 0.072619 0.072619 0.069048 0.064286 0.066667 0.065476 0.066667 0.044048 0.065476 0.066667 0.000000 0.064286 0.067857 0.067857 0.067857 0.069048 0.066667 0.069048 0.067857 0.066667 0.061905 0.064286 0.063095
0.519048 0.490476 0.389286 0.419048 0.354762 0.383333 0.369048 0.357143 0.346429 0.327381 0.000000 0.320238 0.329762 0.320238 0.271429 0.246429 0.226190 0.000000 0.047619 0.000000 0.000000 0.000000 0.000000 0.163095 0.142857 0.078571 0.047619 0.044048 0.034524 0.032143 0.028571 0.028571 0.000000 0.000000 0.000000 0.000000 0.053571 0.054762 0.058333 0.063095 0.065476 0.065476 0.064286 0.059524 0.058333 0.060714 0.063095 0.041667 0.060714 0.061905 0.060714 0.061905 0.064286 0.066667 0.066667 0.066667 0.065476 0.066667 0.066667 0.064286 0.058333 0.064286 0.047619
0.359524 0.427381 0.353571 0.319048 0.351190 0.345238 0.339286 0.332143 0.316667 0.295238 0.000000 0.285714 0.283333 0.273810 0.238095 0.132143 0.095238 0.000000 0.061905 0.052381 0.000000 0.000000 0.000000 0.088095 0.084524 0.091667 0.038095 0.033333 0.030952 0.028571 0.026190 0.028571 0.000000 0.000000 0.000000 0.044048 0.046429 0.047619 0.052381 0.054762 0.055952 0.058333 0.054762 0.053571 0.053571 0.057143 0.058333 0.058333 0.000000 0.054762 0.057143 0.059524 0.059524 0.059524 0.063095 0.063095 0.061905 0.063095 0.061905 0.061905 0.061905 0.063095 0.041667
0.342857 0.277381 0.283333 0.265476 0.301190 0.314286 0.317857 0.314286 0.308333 0.288095 0.270238 0.221429 0.213095 0.223810 0.215476 0.108333 0.088095 0.071429 0.060714 0.048810 0.000000 0.000000 0.000000 0.007143 0.021429 0.032143 0.028571 0.027381 0.023810 0.022619 0.023810 0.026190 0.029762 0.028571 0.033333 0.035714 0.039286 0.040476 0.044048 0.048810 0.044048 0.042857 0.044048 0.046429 0.052381 0.054762 0.057143 0.041667 0.000000 0.052381 0.052381 0.053571 0.057143 0.058333 0.060714 0.061905 0.060714 0.060714 0.060714 0.057143 0.060714 0.061905 0.040476
0.188095 0.159524 0.163095 0.211905 0.236905 0.280952 0.294048 0.301190 0.296429 0.286905 0.233333 0.207143 0.132143 0.134524 0.117857 0.101190 0.079762 0.067857 0.045238 0.041667 0.000000 0.000000 0.000000 0.000000 0.011905 0.020238 0.022619 0.021429 0.019048 0.019048 0.021429 0.025000 0.029762 0.027381 0.028571 0.029762 0.030952 0.033333 0.038095 0.039286 0.039286 0.030952 0.033333 0.044048 0.046429 0.046429 0.055952 0.033333 0.000000 0.046429 0.048810 0.048810 0.053571 0.055952 0.055952 0.059524 0.060714 0.059524 0.058333 0.058333 0.058333 0.060714 0.039286
0.158333 0.167857 0.154762 0.186905 0.227381 0.248810 0.267857 0.280952 0.277381 0.266667 0.246429 0.204762 0.110714 0.115476 0.114286 0.091667 0.078571 0.067857 0.045238 0.044048 0.040476 0.000000 0.000000 0.000000 0.000000 0.011905 0.016667 0.017857 0.017857 0.020238 0.020238 0.020238 0.023810 0.025000 0.027381 0.027381 0.028571 0.030952 0.030952 0.030952 0.030952 0.029762 0.029762 0.033333 0.038095 0.046429 0.048810 0.034524 0.028571 0.000000 0.046429 0.047619 0.051190 0.055952 0.053571 0.058333 0.059524 0.058333 0.058333 0.058333 0.058333 0.058333 0.059524
0.125000 0.139286 0.170238 0.188095 0.184524 0.201190 0.241667 0.259524 0.266667 0.258333 0.209524 0.191667 0.159524 0.000000 0.110714 0.086905 0.075000 0.066667 0.041667 0.042857 0.039286 0.000000 0.000000 0.000000 0.000000 0.005952 0.011905 0.013095 0.016667 0.020238 0.015476 0.013095 0.016667 0.022619 0.025000 0.026190 0.027381 0.029762 0.025000 0.029762 0.028571 0.027381 0.028571 0.033333 0.039286 0.045238 0.045238 0.045238 0.045238 0.044048 0.044048 0.042857 0.050000 0.052381 0.054762 0.055952 0.055952 0.054762 0.058333 0.058333 0.058333 0.045238 0.057143
0.128571 0.140476 0.147619 0.170238 0.155952 0.179762 0.197619 0.223810 0.238095 0.232143 0.192857 0.191667 0.153571 0.111905 0.095238 0.079762 0.066667 0.058333 0.040476 0.047619 0.041667 0.036905 0.000000 0.000000 0.000000 0.005952 0.010714 0.010714 0.011905 0.015476 0.011905 0.013095 0.014286 0.020238 0.023810 0.022619 0.026190 0.026190 0.026190 0.025000 0.026190 0.023810 0.029762 0.032143 0.039286 0.041667 0.044048 0.044048 0.042857 0.042857 0.042857 0.042857 0.044048 0.050000 0.053571 0.055952 0.055952 0.055952 0.058333 0.058333 0.058333 0.046429 0.057143
