FireSTARR/test/constant/C2_S060_A270_WD180_WS020/arrival.asc
ncols         63
nrows         377
xllcorner     423503.990666
yllcorner     12748655.311160
cellsize      100.000000
NODATA_value  0.000000
[rows 300 to 324 of 377, columns 0 to 56 of 63]
0.000000 0.000000 0.000000 0.000000 0.000000 0.000000 0.000000 0.000000 0.000000 0.000000 0.000000 0.000000 0.000000 0.000000 123.359454 123.292778 123.248904 123.191120 123.171668 123.164459 123.157790 123.150565 123.143340 123.136671 123.129446 123.122236 123.115567 123.108342 123.101118 123.093893 123.087224 123.082793 123.086112 123.093337 123.100562 123.107231 123.114456 123.121681 123.128335 123.135559 123.142784 123.150009 123.157234 123.163903 123.171113 123.189453 123.230008 123.287236 123.346672 123.409457 0.000000 0.000000 0.000000 0.000000 0.000000 0.000000 0.000000
0.000000 0.000000 0.000000 0.000000 0.000000 0.000000 0.000000 0.000000 0.000000 0.000000 0.000000 0.000000 0.000000 0.000000 123.367790 123.302226 123.254446 123.200568 123.170557 123.163347 123.156678 123.149453 123.142229 123.135559 123.128335 123.121125 123.114456 123.107231 123.100006 123.092781 123.086112 123.081681 123.085001 123.092225 123.099450 123.106119 123.113344 123.120569 123.127223 123.134448 123.141673 123.148898 123.156123 123.162792 123.170001 123.196122 123.237789 123.292222 123.355008 0.000000 0.000000 0.000000 0.000000 0.000000 0.000000 0.000000 0.000000
0.000000 0.000000 0.000000 0.000000 0.000000 0.000000 0.000000 0.000000 0.000000 0.000000 0.000000 0.000000 0.000000 0.000000 123.376112 123.313897 123.259448 123.211112 123.169445 123.162236 123.155567 123.148342 123.141117 123.134448 123.127223 123.120013 123.113344 123.106119 123.098895 123.091670 123.085001 123.080570 123.083889 123.091114 123.098339 123.105008 123.112233 123.119458 123.126112 123.133336 123.140561 123.147786 123.155011 123.161680 123.168890 123.203347 123.248348 123.302782 123.359454 0.000000 0.000000 0.000000 0.000000 0.000000 0.000000 0.000000 0.000000
0.000000 0.000000 0.000000 0.000000 0.000000 0.000000 0.000000 0.000000 0.000000 0.000000 0.000000 0.000000 0.000000 0.000000 123.388894 123.321122 123.262227 123.222227 123.168334 123.161124 123.154455 123.147230 123.140005 123.133336 123.126112 123.118902 123.112233 123.105008 123.097783 123.090558 123.083889 123.079458 123.082793 123.090002 123.097227 123.103896 123.111121 123.118346 123.125000 123.132225 123.139450 123.146675 123.153899 123.160569 123.167778 123.206681 123.255558 123.313897 123.372236 0.000000 0.000000 0.000000 0.000000 0.000000 0.000000 0.000000 0.000000
0.000000 0.000000 0.000000 0.000000 0.000000 0.000000 0.000000 0.000000 0.000000 0.000000 0.000000 0.000000 0.000000 0.000000 123.398898 123.328903 123.271675 123.221672 123.167778 123.160013 123.153344 123.146119 123.138894 123.132225 123.125000 123.117790 123.111121 123.103896 123.096672 123.089447 123.082793 123.078347 123.081681 123.088891 123.096116 123.102785 123.110010 123.117235 123.123904 123.131113 123.138338 123.145563 123.152788 123.159457 123.166667 123.208889 123.261115 123.322233 123.390005 0.000000 0.000000 0.000000 0.000000 0.000000 0.000000 0.000000 0.000000
0.000000 0.000000 0.000000 0.000000 0.000000 0.000000 0.000000 0.000000 0.000000 0.000000 0.000000 0.000000 0.000000 0.000000 123.407234 123.336668 123.278344 123.232231 123.177782 123.158901 123.152232 123.145007 123.137782 123.131113 123.123904 123.116679 123.110010 123.102785 123.095560 123.088335 123.081681 123.077235 123.080570 123.087779 123.095004 123.101673 123.108898 123.116123 123.122792 123.130002 123.137227 123.144452 123.151676 123.158346 123.166667 123.216114 123.265005 123.324456 123.392784 0.000000 0.000000 0.000000 0.000000 0.000000 0.000000 0.000000 0.000000
0.000000 0.000000 0.000000 0.000000 0.000000 0.000000 0.000000 0.000000 0.000000 0.000000 0.000000 0.000000 0.000000 0.000000 123.416667 123.349450 123.286680 123.233898 123.178893 123.157790 123.151121 123.143896 123.136671 123.130002 123.122792 123.115567 123.108898 123.101673 123.094449 123.087224 123.080570 123.076124 123.079458 123.086668 123.093893 123.100562 123.107787 123.115012 123.121681 123.128890 123.136115 123.143340 123.150565 123.157234 123.176115 123.223339 123.276121 123.335556 123.405567 0.000000 0.000000 0.000000 0.000000 0.000000 0.000000 0.000000 0.000000
0.000000 0.000000 0.000000 0.000000 0.000000 0.000000 0.000000 0.000000 0.000000 0.000000 0.000000 0.000000 0.000000 0.000000 0.000000 123.363344 123.295557 123.243346 123.189453 123.156678 123.150009 123.142784 123.135559 123.128890 123.121681 123.114456 123.107787 123.100562 123.093337 123.086112 123.079458 123.075012 123.078347 123.085556 123.092781 123.099450 123.106675 123.113900 123.120569 123.127779 123.135004 123.142229 123.149453 123.156123 123.185562 123.227785 123.288903 123.348339 123.416126 0.000000 0.000000 0.000000 0.000000 0.000000 0.000000 0.000000 0.000000
0.000000 0.000000 0.000000 0.000000 0.000000 0.000000 0.000000 0.000000 0.000000 0.000000 0.000000 0.000000 0.000000 0.000000 0.000000 123.374459 123.301670 123.247236 123.198345 123.155567 123.148898 123.141673 123.134448 123.127779 123.120569 123.113344 123.106675 123.099450 123.092225 123.085001 123.078347 123.073901 123.077235 123.084445 123.091670 123.098339 123.105564 123.112789 123.119458 123.126667 123.133892 123.141117 123.148342 123.155011 123.191120 123.235010 123.293890 123.364456 0.000000 0.000000 0.000000 0.000000 0.000000 0.000000 0.000000 0.000000 0.000000
0.000000 0.000000 0.000000 0.000000 0.000000 0.000000 0.000000 0.000000 0.000000 0.000000 0.000000 0.000000 0.000000 0.000000 0.000000 123.380558 123.311674 123.256669 123.208333 123.154455 123.147786 123.140561 123.133336 123.126667 123.119458 123.112233 123.105564 123.098339 123.091114 123.083889 123.077235 123.072789 123.076124 123.083333 123.090558 123.097227 123.104452 123.111677 123.118346 123.125556 123.132781 123.140005 123.147230 123.153899 123.194455 123.241679 123.300559 123.368902 0.000000 0.000000 0.000000 0.000000 0.000000 0.000000 0.000000 0.000000 0.000000
0.000000 0.000000 0.000000 0.000000 0.000000 0.000000 0.000000 0.000000 0.000000 0.000000 0.000000 0.000000 0.000000 0.000000 0.000000 123.390005 123.323345 123.263894 123.209445 123.155011 123.146675 123.139450 123.132225 123.125556 123.118346 123.111121 123.104452 123.097227 123.090002 123.082793 123.076124 123.071678 123.075012 123.082237 123.089447 123.096116 123.103341 123.110566 123.117235 123.124459 123.131669 123.138894 123.146119 123.153344 123.201679 123.254446 123.309451 123.380002 0.000000 0.000000 0.000000 0.000000 0.000000 0.000000 0.000000 0.000000 0.000000
0.000000 0.000000 0.000000 0.000000 0.000000 0.000000 0.000000 0.000000 0.000000 0.000000 0.000000 0.000000 0.000000 0.000000 0.000000 123.396119 123.338335 123.268896 123.218337 123.163903 123.145563 123.138338 123.131113 123.124459 123.117235 123.110010 123.103341 123.096116 123.088891 123.081681 123.075012 123.070566 123.073901 123.081126 123.088335 123.095004 123.102229 123.109454 123.116123 123.123348 123.130558 123.137782 123.145007 123.161680 123.202791 123.262227 123.322789 123.390561 0.000000 0.000000 0.000000 0.000000 0.000000 0.000000 0.000000 0.000000 0.000000
0.000000 0.000000 0.000000 0.000000 0.000000 0.000000 0.000000 0.000000 0.000000 0.000000 0.000000 0.000000 0.000000 0.000000 0.000000 123.405567 123.346672 123.273898 123.229452 123.174447 123.144452 123.137227 123.130002 123.123348 123.116123 123.108898 123.102229 123.095004 123.087779 123.080570 123.073901 123.069455 123.072789 123.080014 123.087224 123.093893 123.101118 123.108342 123.115012 123.122236 123.129446 123.136671 123.143896 123.168890 123.209445 123.267229 123.339447 123.407234 0.000000 0.000000 0.000000 0.000000 0.000000 0.000000 0.000000 0.000000 0.000000
0.000000 0.000000 0.000000 0.000000 0.000000 0.000000 0.000000 0.000000 0.000000 0.000000 0.000000 0.000000 0.000000 0.000000 0.000000 123.413347 123.352229 123.285013 123.233342 123.183895 123.143340 123.136115 123.128890 123.122236 123.115012 123.107787 123.101118 123.093893 123.086668 123.079458 123.072789 123.068343 123.071678 123.078903 123.086112 123.092781 123.100006 123.107231 123.113900 123.121125 123.128335 123.135559 123.142784 123.171668 123.220004 123.277788 123.343893 123.412792 0.000000 0.000000 0.000000 0.000000 0.000000 0.000000 0.000000 0.000000 0.000000
0.000000 0.000000 0.000000 0.000000 0.000000 0.000000 0.000000 0.000000 0.000000 0.000000 0.000000 0.000000 0.000000 0.000000 0.000000 0.000000 123.361121 123.300559 123.240012 123.185007 123.142229 123.135004 123.127779 123.121125 123.113900 123.106675 123.100006 123.092781 123.085556 123.078347 123.071678 123.067232 123.070566 123.077791 123.085001 123.091670 123.098895 123.106119 123.112789 123.120013 123.127223 123.134448 123.141673 123.180561 123.227229 123.284457 123.352229 0.000000 0.000000 0.000000 0.000000 0.000000 0.000000 0.000000 0.000000 0.000000 0.000000
0.000000 0.000000 0.000000 0.000000 0.000000 0.000000 0.000000 0.000000 0.000000 0.000000 0.000000 0.000000 0.000000 0.000000 0.000000 0.000000 123.372792 123.310007 123.246681 123.196122 123.141117 123.133892 123.126667 123.120013 123.112789 123.105564 123.098895 123.091670 123.084445 123.077235 123.070566 123.066120 123.069455 123.076679 123.083889 123.090558 123.097783 123.105008 123.111677 123.118902 123.126112 123.133336 123.140561 123.180561 123.237789 123.296668 123.362789 0.000000 0.000000 0.000000 0.000000 0.000000 0.000000 0.000000 0.000000 0.000000 0.000000
0.000000 0.000000 0.000000 0.000000 0.000000 0.000000 0.000000 0.000000 0.000000 0.000000 0.000000 0.000000 0.000000 0.000000 0.000000 0.000000 123.387227 123.318899 123.251112 123.202791 123.151121 123.132781 123.125556 123.118902 123.111677 123.104452 123.097783 123.090558 123.083333 123.076124 123.069455 123.065009 123.068343 123.075568 123.082793 123.089447 123.096672 123.103896 123.110566 123.117790 123.125000 123.132225 123.140005 123.188341 123.245569 123.310562 123.375556 0.000000 0.000000 0.000000 0.000000 0.000000 0.000000 0.000000 0.000000 0.000000 0.000000
0.000000 0.000000 0.000000 0.000000 0.000000 0.000000 0.000000 0.000000 0.000000 0.000000 0.000000 0.000000 0.000000 0.000000 0.000000 0.000000 123.387227 123.326124 123.257225 123.213891 123.152232 123.131669 123.124459 123.117790 123.110566 123.103341 123.096672 123.089447 123.082237 123.075012 123.068343 123.063897 123.067232 123.074456 123.081681 123.088335 123.095560 123.102785 123.109454 123.116679 123.123904 123.131113 123.149453 123.195010 123.250556 123.318343 123.388338 0.000000 0.000000 0.000000 0.000000 0.000000 0.000000 0.000000 0.000000 0.000000 0.000000
0.000000 0.000000 0.000000 0.000000 0.000000 0.000000 0.000000 0.000000 0.000000 0.000000 0.000000 0.000000 0.000000 0.000000 0.000000 0.000000 123.400565 123.338891 123.275009 123.216670 123.162792 123.130558 123.123348 123.116679 123.109454 123.102229 123.095560 123.088335 123.081126 123.073901 123.067232 123.062786 123.066120 123.073345 123.080570 123.087224 123.094449 123.101673 123.108342 123.115567 123.122792 123.130002 123.151676 123.205570 123.263894 123.324456 123.400565 0.000000 0.000000 0.000000 0.000000 0.000000 0.000000 0.000000 0.000000 0.000000 0.000000
0.000000 0.000000 0.000000 0.000000 0.000000 0.000000 0.000000 0.000000 0.000000 0.000000 0.000000 0.000000 0.000000 0.000000 0.000000 0.000000 123.412792 123.350006 123.278899 123.216670 123.169445 123.129446 123.122236 123.115567 123.108342 123.101118 123.094449 123.087224 123.080014 123.072789 123.066120 123.061674 123.065009 123.072233 123.079458 123.086112 123.093337 123.100562 123.107231 123.114456 123.121681 123.128890 123.158346 123.212779 123.270007 123.335556 123.404455 0.000000 0.000000 0.000000 0.000000 0.000000 0.000000 0.000000 0.000000 0.000000 0.000000
0.000000 0.000000 0.000000 0.000000 0.000000 0.000000 0.000000 0.000000 0.000000 0.000000 0.000000 0.000000 0.000000 0.000000 0.000000 0.000000 0.000000 123.356119 123.288903 123.227229 123.176670 123.128335 123.121125 123.114456 123.107231 123.100006 123.093337 123.086112 123.078903 123.071678 123.065009 123.060562 123.063897 123.071122 123.078347 123.085001 123.092225 123.099450 123.106119 123.113344 123.120569 123.127779 123.165570 123.215558 123.281123 123.345560 123.415015 0.000000 0.000000 0.000000 0.000000 0.000000 0.000000 0.000000 0.000000 0.000000 0.000000
0.000000 0.000000 0.000000 0.000000 0.000000 0.000000 0.000000 0.000000 0.000000 0.000000 0.000000 0.000000 0.000000 0.000000 0.000000 0.000000 0.000000 123.366679 123.300003 123.236121 123.180005 123.127779 123.120013 123.113344 123.106119 123.098895 123.092225 123.085001 123.077791 123.070566 123.063897 123.059451 123.062786 123.070010 123.077235 123.083889 123.091114 123.098339 123.105008 123.112233 123.119458 123.126667 123.173336 123.226118 123.289459 123.363344 0.000000 0.000000 0.000000 0.000000 0.000000 0.000000 0.000000 0.000000 0.000000 0.000000 0.000000
0.000000 0.000000 0.000000 0.000000 0.000000 0.000000 0.000000 0.000000 0.000000 0.000000 0.000000 0.000000 0.000000 0.000000 0.000000 0.000000 0.000000 123.372792 123.310007 123.245569 123.188341 123.138894 123.118902 123.112233 123.105008 123.097783 123.091114 123.083889 123.076679 123.069455 123.062786 123.058339 123.061674 123.068899 123.076124 123.082793 123.090002 123.097227 123.103896 123.111121 123.118346 123.126667 123.181116 123.234454 123.296668 123.368346 0.000000 0.000000 0.000000 0.000000 0.000000 0.000000 0.000000 0.000000 0.000000 0.000000 0.000000
0.000000 0.000000 0.000000 0.000000 0.000000 0.000000 0.000000 0.000000 0.000000 0.000000 0.000000 0.000000 0.000000 0.000000 0.000000 0.000000 0.000000 123.381669 123.323901 123.253335 123.197233 123.142784 123.117790 123.111121 123.103896 123.096672 123.090002 123.082793 123.075568 123.068343 123.061674 123.057228 123.060562 123.067787 123.075012 123.081681 123.088891 123.096116 123.102785 123.110010 123.117235 123.136115 123.190009 123.242235 123.307228 123.378335 0.000000 0.000000 0.000000 0.000000 0.000000 0.000000 0.000000 0.000000 0.000000 0.000000 0.000000
0.000000 0.000000 0.000000 0.000000 0.000000 0.000000 0.000000 0.000000 0.000000 0.000000 0.000000 0.000000 0.000000 0.000000 0.000000 0.000000 0.000000 123.393340 123.332793 123.264450 123.202791 123.147786 123.116679 123.110010 123.102785 123.095560 123.088891 123.081681 123.074456 123.067232 123.060562 123.056116 123.059451 123.066676 123.073901 123.080570 123.087779 123.095004 123.101673 123.108898 123.116123 123.144452 123.194455 123.255002 123.322789 123.390561 0.000000 0.000000 0.000000 0.000000 0.000000 0.000000 0.000000 0.000000 0.000000 0.000000 0.000000
