FireSTARR/test/constant/C2_S060_A270_WD180_WS020/arrival.asc
ncols         63
nrows         377
xllcorner     423503.990666
yllcorner     12748655.311160
cellsize      100.000000
NODATA_value  0.000000
[rows 200 to 224 of 377, columns 0 to 56 of 63]
123.410013 123.402788 123.395563 123.388894 123.381669 123.374459 123.367790 123.360566 123.353341 123.346672 123.339447 123.332237 123.325568 123.318343 123.311118 123.304449 123.297224 123.290015 123.282790 123.275565 123.268896 123.261671 123.254446 123.247792 123.240567 123.233342 123.226673 123.219449 123.212224 123.205570 123.198345 123.193899 123.197233 123.204458 123.211668 123.218337 123.225562 123.232787 123.239456 123.247236 123.253890 123.261115 123.268340 123.275009 123.282234 123.289459 123.296113 123.303338 123.310562 123.317232 123.324456 123.331681 123.338335 123.345560 123.352785 123.359454 123.366679
123.408901 123.401676 123.394452 123.387782 123.380558 123.373348 123.366679 123.359454 123.352229 123.345560 123.338335 123.331126 123.324456 123.317232 123.310007 123.303338 123.296113 123.288903 123.281678 123.274453 123.267784 123.260559 123.253335 123.246681 123.239456 123.232231 123.225562 123.218337 123.211112 123.204458 123.197233 123.192787 123.196122 123.203347 123.210556 123.217225 123.224450 123.231675 123.238344 123.246125 123.252779 123.260004 123.267229 123.273898 123.281123 123.288347 123.295001 123.302226 123.309451 123.316120 123.323345 123.330570 123.337224 123.344449 123.351673 123.358342 123.365567
123.408346 123.400565 123.393340 123.386671 123.379446 123.372236 123.365567 123.358342 123.351118 123.344449 123.337224 123.330014 123.323345 123.316120 123.308895 123.302226 123.295001 123.287792 123.280567 123.273342 123.266673 123.259448 123.252223 123.245569 123.238344 123.231119 123.224450 123.217225 123.210001 123.203347 123.196122 123.191676 123.195010 123.202235 123.209445 123.216114 123.223339 123.230564 123.237233 123.245013 123.251667 123.258892 123.266117 123.272786 123.280011 123.287236 123.293890 123.301115 123.308339 123.315009 123.322233 123.329458 123.336112 123.343337 123.350562 123.357231 123.364456
0.000000 123.399453 123.392229 123.385559 123.378335 123.371125 123.364456 123.357231 123.350006 123.343337 123.336112 123.328903 123.322233 123.315009 123.307784 123.301115 123.293890 123.286680 123.279455 123.272230 123.265561 123.258336 123.251112 123.244458 123.237233 123.230008 123.223339 123.216114 123.208889 123.202235 123.195010 123.190564 123.193899 123.201124 123.208333 123.215002 123.222227 123.229452 123.236121 123.243902 123.250556 123.257781 123.265005 123.271675 123.278899 123.286124 123.292778 123.300003 123.307228 123.313897 123.321122 123.328347 123.335001 123.342225 123.349450 123.356119 123.363344
0.000000 123.398342 123.391117 123.384448 123.377223 123.370013 123.363344 123.356119 123.348895 123.342225 123.335001 123.327791 123.321122 123.313897 123.306672 123.300003 123.292778 123.285569 123.278344 123.271119 123.264450 123.257225 123.250000 123.243346 123.236121 123.228896 123.222227 123.215002 123.207793 123.201124 123.193899 123.189453 123.192787 123.200012 123.207237 123.213891 123.221116 123.228341 123.235010 123.242790 123.249459 123.256669 123.263894 123.270563 123.277788 123.285013 123.291667 123.298892 123.306116 123.312786 123.320010 123.327235 123.333889 123.341114 123.348339 123.355008 123.362233
0.000000 123.397230 123.390005 123.383336 123.376112 123.368902 123.362233 123.355008 123.347783 123.341114 123.333889 123.326679 123.320010 123.312786 123.305561 123.298892 123.291667 123.284457 123.277232 123.270007 123.263338 123.256113 123.248904 123.242235 123.235010 123.227785 123.221116 123.213891 123.206681 123.200012 123.192787 123.188341 123.191676 123.198901 123.206126 123.212779 123.220004 123.227229 123.233898 123.241679 123.248348 123.255558 123.262782 123.269452 123.276676 123.283901 123.290570 123.297780 123.305005 123.311674 123.318899 123.326124 123.332793 123.340002 123.347227 123.353896 123.361121
0.000000 123.396119 123.388894 123.382225 123.375000 123.367790 123.361121 123.353896 123.346672 123.340002 123.332793 123.325568 123.318899 123.311674 123.304449 123.297780 123.290570 123.283346 123.276121 123.268896 123.262227 123.255002 123.247792 123.241123 123.233898 123.226673 123.220004 123.212779 123.205570 123.198901 123.191676 123.187230 123.190564 123.197789 123.205014 123.211668 123.218893 123.226118 123.232787 123.240567 123.247236 123.254446 123.261671 123.268340 123.275565 123.282790 123.289459 123.296668 123.303893 123.310562 123.317787 123.325012 123.331681 123.338891 123.346116 123.352785 123.360010
0.000000 123.395007 123.387782 123.381113 123.373904 123.366679 123.360010 123.352785 123.345560 123.338891 123.331681 123.324456 123.317787 123.310562 123.303338 123.296668 123.289459 123.282234 123.275009 123.267784 123.261115 123.253890 123.246681 123.240012 123.232787 123.225562 123.218893 123.211668 123.204458 123.197789 123.190564 123.186118 123.189453 123.196678 123.203903 123.210556 123.217781 123.225006 123.231675 123.239456 123.246125 123.253335 123.260559 123.267229 123.274453 123.281678 123.288347 123.295557 123.302782 123.309451 123.316676 123.323901 123.330570 123.337779 123.345004 123.351673 123.358898
0.000000 123.395563 123.386671 123.380002 123.372792 123.365567 123.358898 123.351673 123.344449 123.337779 123.330570 123.323345 123.316676 123.309451 123.302226 123.295557 123.288347 123.281123 123.273898 123.266673 123.260004 123.252779 123.245569 123.238900 123.231675 123.224450 123.217781 123.210556 123.203347 123.196678 123.189453 123.185007 123.188341 123.195566 123.202791 123.209445 123.216670 123.223895 123.230564 123.238344 123.245013 123.252223 123.259448 123.266117 123.273342 123.280567 123.287236 123.294445 123.301670 123.308339 123.315564 123.322789 123.329458 123.336668 123.343893 123.350562 123.357787
0.000000 123.405567 123.385559 123.378890 123.371681 123.364456 123.357787 123.350562 123.343337 123.336668 123.329458 123.322233 123.315564 123.308339 123.301115 123.294445 123.287236 123.280011 123.272786 123.265561 123.258892 123.251667 123.244458 123.237789 123.230564 123.223339 123.216670 123.209445 123.202235 123.195566 123.188341 123.183895 123.187230 123.194455 123.201679 123.208333 123.215558 123.222783 123.229452 123.237233 123.243902 123.251112 123.258336 123.265005 123.272230 123.279455 123.286124 123.293334 123.300559 123.307228 123.314453 123.321678 123.328347 123.335556 123.342781 123.349450 123.356675
0.000000 123.414459 123.384448 123.377779 123.370569 123.363344 123.356675 123.349450 123.342225 123.335556 123.328347 123.321122 123.314453 123.307228 123.300003 123.293334 123.286124 123.278899 123.271675 123.264450 123.257781 123.250556 123.243346 123.236677 123.229452 123.222227 123.215558 123.208333 123.201124 123.194455 123.187230 123.182784 123.186118 123.193343 123.200568 123.207237 123.214447 123.221672 123.228341 123.236121 123.242790 123.250000 123.257225 123.263894 123.271119 123.278344 123.285013 123.292222 123.299447 123.306116 123.313341 123.320566 123.327235 123.334445 123.341670 123.348339 123.355564
0.000000 0.000000 123.383336 123.376667 123.369458 123.362233 123.355564 123.348339 123.341114 123.334445 123.327235 123.320010 123.313341 123.306116 123.298892 123.292222 123.285013 123.277788 123.270563 123.263338 123.256669 123.249459 123.242235 123.235566 123.228341 123.221116 123.214447 123.207237 123.200012 123.193343 123.186118 123.181672 123.185007 123.192232 123.199456 123.206126 123.213335 123.220560 123.227229 123.235010 123.241679 123.248904 123.256113 123.262782 123.270007 123.277232 123.283901 123.291126 123.298336 123.305005 123.312230 123.319455 123.326124 123.333333 123.340558 123.347227 123.354452
0.000000 0.000000 123.382225 123.375556 123.368346 123.361121 123.354452 123.347227 123.340002 123.333333 123.326124 123.318899 123.312230 123.305005 123.297780 123.291126 123.283901 123.276676 123.269452 123.262227 123.255558 123.248348 123.241123 123.234454 123.227229 123.220004 123.213335 123.206126 123.198901 123.192232 123.185007 123.180561 123.183895 123.191120 123.198345 123.205014 123.212224 123.219449 123.226118 123.233898 123.240567 123.247792 123.255002 123.261671 123.268896 123.276121 123.282790 123.290015 123.297224 123.303893 123.311118 123.318343 123.325012 123.332237 123.339447 123.346116 123.353341
0.000000 0.000000 123.381669 123.374459 123.367235 123.360010 123.353341 123.346116 123.338891 123.332237 123.325012 123.317787 123.311118 123.303893 123.296668 123.290015 123.282790 123.275565 123.268340 123.261115 123.254446 123.247236 123.240012 123.233342 123.226118 123.218893 123.212224 123.205014 123.197789 123.191120 123.183895 123.179449 123.182784 123.190009 123.197233 123.203903 123.211112 123.218337 123.225006 123.232787 123.239456 123.246681 123.253890 123.260559 123.267784 123.275009 123.281678 123.288903 123.296113 123.302782 123.310007 123.317232 123.323901 123.331126 123.338335 123.345004 123.352229
0.000000 0.000000 123.390561 123.373348 123.366123 123.358898 123.352229 123.345004 123.337779 123.331126 123.323901 123.316676 123.310007 123.302782 123.295557 123.288903 123.281678 123.274453 123.267229 123.260004 123.253335 123.246125 123.238900 123.232231 123.225006 123.217781 123.211112 123.203903 123.196678 123.190009 123.182784 123.178338 123.181672 123.188897 123.196122 123.202791 123.210001 123.217225 123.223895 123.231675 123.238344 123.245569 123.252779 123.259448 123.266673 123.273898 123.280567 123.287792 123.295001 123.301670 123.308895 123.316120 123.322789 123.330014 123.337224 123.343893 123.351118
0.000000 0.000000 123.392229 123.372236 123.365012 123.357787 123.351118 123.343893 123.336668 123.330014 123.322789 123.315564 123.308895 123.301670 123.294445 123.287792 123.280567 123.273342 123.266117 123.258892 123.252223 123.245013 123.237789 123.231119 123.223895 123.216670 123.210001 123.202791 123.195566 123.188897 123.181672 123.177226 123.180561 123.187786 123.195010 123.201679 123.208889 123.216114 123.222783 123.230564 123.237233 123.244458 123.251667 123.258336 123.265561 123.272786 123.279455 123.286680 123.293890 123.300559 123.307784 123.315009 123.321678 123.328903 123.336112 123.342781 123.350006
0.000000 0.000000 123.401676 123.371125 123.363900 123.356675 123.350006 123.342781 123.335556 123.328903 123.321678 123.314453 123.307784 123.300559 123.293334 123.286680 123.279455 123.272230 123.265005 123.257781 123.251112 123.243902 123.236677 123.230008 123.222783 123.215558 123.208889 123.201679 123.194455 123.187786 123.180561 123.176115 123.179449 123.186674 123.193899 123.200568 123.207793 123.215002 123.221672 123.229452 123.236121 123.243346 123.250556 123.257225 123.264450 123.271675 123.278344 123.285569 123.292778 123.299447 123.306672 123.313897 123.320566 123.327791 123.335001 123.341670 123.348895
0.000000 0.000000 123.403344 123.370013 123.362789 123.355564 123.348895 123.341670 123.334445 123.327791 123.320566 123.313341 123.306672 123.299447 123.292222 123.285569 123.278344 123.271119 123.263894 123.256669 123.250000 123.242790 123.235566 123.228896 123.221672 123.214447 123.207793 123.200568 123.193343 123.186674 123.179449 123.175003 123.178338 123.185562 123.192787 123.199456 123.206681 123.213891 123.220560 123.228341 123.235010 123.242235 123.249459 123.256113 123.263338 123.270563 123.277232 123.284457 123.291667 123.298336 123.305561 123.312786 123.319455 123.326679 123.333889 123.340558 123.347783
0.000000 0.000000 123.412236 123.368902 123.361677 123.354452 123.347783 123.340558 123.333333 123.326679 123.319455 123.312230 123.305561 123.298336 123.291126 123.284457 123.277232 123.270007 123.262782 123.255558 123.248904 123.241679 123.234454 123.227785 123.220560 123.213335 123.206681 123.199456 123.192232 123.185562 123.178338 123.173892 123.177226 123.184451 123.191676 123.198345 123.205570 123.212779 123.219449 123.227229 123.233898 123.241123 123.248348 123.255002 123.262227 123.269452 123.276121 123.283346 123.290570 123.297224 123.304449 123.311674 123.318343 123.325568 123.332793 123.339447 123.346672
0.000000 0.000000 123.413903 123.368346 123.360566 123.353341 123.346672 123.339447 123.332237 123.325568 123.318343 123.311118 123.304449 123.297224 123.290015 123.283346 123.276121 123.268896 123.261671 123.254446 123.247792 123.240567 123.233342 123.226673 123.219449 123.212224 123.205570 123.198345 123.191120 123.184451 123.177226 123.172780 123.176115 123.183339 123.190564 123.197233 123.204458 123.211668 123.218337 123.226118 123.232787 123.240012 123.247236 123.253890 123.261115 123.268340 123.275009 123.282234 123.289459 123.296113 123.303338 123.310562 123.317232 123.324456 123.331681 123.338335 123.345560
0.000000 0.000000 0.000000 123.378890 123.359454 123.352229 123.345560 123.338335 123.331126 123.324456 123.317232 123.310007 123.303338 123.296113 123.288903 123.282234 123.275009 123.267784 123.260559 123.253335 123.246681 123.239456 123.232231 123.225562 123.218337 123.211112 123.204458 123.197233 123.190009 123.183339 123.176115 123.171668 123.175003 123.182228 123.189453 123.196122 123.203347 123.210556 123.217225 123.225006 123.231675 123.238900 123.246125 123.252779 123.260004 123.267229 123.273898 123.281123 123.288347 123.295001 123.302226 123.309451 123.316120 123.323345 123.330570 123.337224 123.344449
0.000000 0.000000 0.000000 123.383892 123.358342 123.351118 123.344449 123.337224 123.330014 123.323345 123.316120 123.308895 123.302226 123.295001 123.287792 123.281123 123.273898 123.266673 123.259448 123.252223 123.245569 123.238344 123.231119 123.224450 123.217225 123.210001 123.203347 123.196122 123.188897 123.182228 123.175003 123.170557 123.173892 123.181116 123.188341 123.195010 123.202235 123.209445 123.216114 123.223895 123.230564 123.237789 123.245013 123.251667 123.258892 123.266117 123.272786 123.280011 123.287236 123.293890 123.301115 123.308339 123.315009 123.322233 123.329458 123.336112 123.343337
0.000000 0.000000 0.000000 123.390005 123.357231 123.350006 123.343337 123.336112 123.328903 123.322233 123.315009 123.307784 123.301115 123.293890 123.286680 123.280011 123.272786 123.265561 123.258336 123.251112 123.244458 123.237233 123.230008 123.223339 123.216114 123.208889 123.202235 123.195010 123.187786 123.181116 123.173892 123.169445 123.172780 123.180005 123.187230 123.193899 123.201124 123.208333 123.215002 123.222783 123.229452 123.236677 123.243902 123.250556 123.257781 123.265005 123.271675 123.278899 123.286124 123.292778 123.300003 123.307228 123.313897 123.321122 123.328347 123.335001 123.342225
0.000000 0.000000 0.000000 123.390005 123.356119 123.348895 123.342225 123.335001 123.327791 123.321122 123.313897 123.306672 123.300003 123.292778 123.285569 123.278899 123.271675 123.264450 123.257225 123.250000 123.243346 123.236121 123.228896 123.222227 123.215002 123.207793 123.201124 123.193899 123.186674 123.180005 123.172780 123.168334 123.171668 123.178893 123.186118 123.192787 123.200012 123.207237 123.213891 123.221672 123.228341 123.235566 123.242790 123.249459 123.256669 123.263894 123.270563 123.277788 123.285013 123.291667 123.298892 123.306116 123.312786 123.320010 123.327235 123.333889 123.341114
0.000000 0.000000 0.000000 123.400009 123.355008 123.347783 123.341114 123.333889 123.326679 123.320010 123.312786 123.305561 123.298892 123.291667 123.284457 123.277788 123.270563 123.263338 123.256113 123.248904 123.242235 123.235010 123.227785 123.221116 123.213891 123.206681 123.200012 123.192787 123.185562 123.178893 123.171668 123.167222 123.170557 123.177782 123.185007 123.191676 123.198901 123.206126 123.212779 123.220560 123.227229 123.234454 123.241679 123.248348 123.255558 123.262782 123.269452 123.276676 123.283901 123.290570 123.297780 123.305005 123.311674 123.318899 123.326124 123.332793 123.340002
