FireSTARR/test/constant/C2_S060_A270_WD180_WS020/arrival.asc
ncols         63
nrows         377
xllcorner     423503.990666
yllcorner     12748655.311160
cellsize      100.000000
NODATA_value  0.000000
[rows 125 to 149 of 377, columns 0 to 56 of 63]
0.000000 0.000000 0.000000 0.000000 0.000000 0.000000 0.000000 0.000000 0.000000 0.000000 0.000000 123.415570 123.408901 123.401676 123.394452 123.387782 123.380558 123.373348 123.366123 123.358898 123.352229 123.345004 123.337779 123.331126 123.323901 123.316676 123.310007 123.302782 123.295557 123.288903 123.281678 123.277788 123.280567 123.287792 123.295001 123.301670 123.308895 123.316120 123.322789 123.330570 123.337224 123.344449 123.351673 123.358342 123.365567 123.372792 123.379446 123.386671 123.393896 123.400565 123.407790 123.415015 0.000000 0.000000 0.000000 0.000000 0.000000
0.000000 0.000000 0.000000 0.000000 0.000000 0.000000 0.000000 0.000000 0.000000 0.000000 0.000000 123.414459 123.407790 123.400565 123.393340 123.386671 123.379446 123.372236 123.365012 123.357787 123.351118 123.343893 123.336668 123.330014 123.322789 123.315564 123.308895 123.301670 123.294445 123.287792 123.280567 123.276676 123.279455 123.286680 123.293890 123.300559 123.307784 123.315009 123.321678 123.329458 123.336112 123.343337 123.350562 123.357231 123.364456 123.371681 123.378335 123.385559 123.392784 123.399453 123.406678 123.413903 0.000000 0.000000 0.000000 0.000000 0.000000
0.000000 0.000000 0.000000 0.000000 0.000000 0.000000 0.000000 0.000000 0.000000 0.000000 0.000000 123.413347 123.406678 123.399453 123.392229 123.385559 123.378335 123.371125 123.363900 123.356675 123.350006 123.342781 123.335556 123.328903 123.321678 123.314453 123.307784 123.300559 123.293334 123.286680 123.279455 123.275565 123.278344 123.285569 123.292778 123.299447 123.306672 123.313897 123.320566 123.328347 123.335001 123.342225 123.349450 123.356119 123.363344 123.370569 123.377223 123.384448 123.391673 123.398342 123.405567 123.412792 0.000000 0.000000 0.000000 0.000000 0.000000
0.000000 0.000000 0.000000 0.000000 0.000000 0.000000 0.000000 0.000000 0.000000 0.000000 0.000000 123.412236 123.405567 123.398342 123.391117 123.384448 123.377223 123.370013 123.362789 123.355564 123.348895 123.341670 123.334445 123.327791 123.320566 123.313341 123.306672 123.299447 123.292222 123.285569 123.278344 123.274453 123.277232 123.284457 123.291667 123.298336 123.305561 123.312786 123.319455 123.327235 123.333889 123.341114 123.348339 123.355008 123.362233 123.369458 123.376112 123.383336 123.390561 123.397230 123.404455 123.411680 0.000000 0.000000 0.000000 0.000000 0.000000
0.000000 0.000000 0.000000 0.000000 0.000000 0.000000 0.000000 0.000000 0.000000 0.000000 0.000000 123.411124 123.404455 123.397230 123.390005 123.383336 123.376112 123.368902 123.361677 123.354452 123.347783 123.340558 123.333333 123.326679 123.319455 123.312230 123.305561 123.298336 123.291126 123.284457 123.277232 123.273342 123.276121 123.283346 123.290570 123.297224 123.304449 123.311674 123.318343 123.326124 123.332793 123.340002 123.347227 123.353896 123.361121 123.368346 123.375000 123.382225 123.389450 123.396119 123.403344 123.410569 0.000000 0.000000 0.000000 0.000000 0.000000
0.000000 0.000000 0.000000 0.000000 0.000000 0.000000 0.000000 0.000000 0.000000 0.000000 0.000000 123.410013 123.403344 123.396119 123.388894 123.382225 123.375000 123.367790 123.360566 123.353341 123.346672 123.339447 123.332237 123.325568 123.318343 123.311118 123.304449 123.297224 123.290015 123.283346 123.276121 123.272230 123.275009 123.282234 123.289459 123.296113 123.303338 123.310562 123.317232 123.325012 123.331681 123.338891 123.346116 123.352785 123.360010 123.367235 123.373904 123.381113 123.388338 123.395007 123.402232 123.409457 123.416126 0.000000 0.000000 0.000000 0.000000
0.000000 0.000000 0.000000 0.000000 0.000000 0.000000 0.000000 0.000000 0.000000 0.000000 123.416126 123.408901 123.402232 123.395007 123.387782 123.381113 123.373904 123.366679 123.359454 123.352229 123.345560 123.338335 123.331126 123.324456 123.317232 123.310007 123.303338 123.296113 123.288903 123.282234 123.275009 123.271119 123.273898 123.281123 123.288347 123.295001 123.302226 123.309451 123.316120 123.323901 123.330570 123.337779 123.345004 123.351673 123.358898 123.366123 123.372792 123.380002 123.387227 123.393896 123.401121 123.408346 123.415015 0.000000 0.000000 0.000000 0.000000
0.000000 0.000000 0.000000 0.000000 0.000000 0.000000 0.000000 0.000000 0.000000 0.000000 123.415015 123.407790 123.401121 123.393896 123.386671 123.380002 123.372792 123.365567 123.358342 123.351118 123.344449 123.337224 123.330014 123.323345 123.316120 123.308895 123.302226 123.295001 123.287792 123.281123 123.273898 123.270007 123.272786 123.280011 123.287236 123.293890 123.301115 123.308339 123.315009 123.322789 123.329458 123.336668 123.343893 123.350562 123.357787 123.365012 123.371681 123.378890 123.386115 123.392784 123.400009 123.407234 123.413903 0.000000 0.000000 0.000000 0.000000
0.000000 0.000000 0.000000 0.000000 0.000000 0.000000 0.000000 0.000000 0.000000 0.000000 123.413903 123.406678 123.400009 123.392784 123.385559 123.378890 123.371681 123.364456 123.357231 123.350006 123.343337 123.336112 123.328903 123.322233 123.315009 123.307784 123.301115 123.293890 123.286680 123.280011 123.272786 123.268896 123.271675 123.278899 123.286124 123.292778 123.300003 123.307228 123.313897 123.321678 123.328347 123.335556 123.342781 123.349450 123.356675 123.363900 123.370569 123.377779 123.385004 123.391673 123.398898 123.406123 123.412792 0.000000 0.000000 0.000000 0.000000
0.000000 0.000000 0.000000 0.000000 0.000000 0.000000 0.000000 0.000000 0.000000 0.000000 123.412792 123.405567 123.398898 123.391673 123.384448 123.377779 123.370569 123.363344 123.356119 123.348895 123.342225 123.335001 123.327791 123.321122 123.313897 123.306672 123.300003 123.292778 123.285569 123.278899 123.271675 123.267784 123.270563 123.277788 123.285013 123.291667 123.298892 123.306116 123.312786 123.320566 123.327235 123.334445 123.341670 123.348339 123.355564 123.362789 123.369458 123.376667 123.383892 123.390561 123.397786 123.405011 123.411680 0.000000 0.000000 0.000000 0.000000
0.000000 0.000000 0.000000 0.000000 0.000000 0.000000 0.000000 0.000000 0.000000 0.000000 123.411680 123.404455 123.397786 123.390561 123.383336 123.376667 123.369458 123.362233 123.355008 123.347783 123.341114 123.333889 123.326679 123.320010 123.312786 123.305561 123.298892 123.291667 123.284457 123.277788 123.270563 123.266673 123.269452 123.276676 123.283901 123.290570 123.297780 123.305005 123.311674 123.319455 123.326124 123.333333 123.340558 123.347227 123.354452 123.361677 123.368346 123.375556 123.382781 123.389450 123.396675 123.403899 123.410569 0.000000 0.000000 0.000000 0.000000
0.000000 0.000000 0.000000 0.000000 0.000000 0.000000 0.000000 0.000000 0.000000 0.000000 123.410569 123.403344 123.396675 123.389450 123.382225 123.375556 123.368346 123.361121 123.353896 123.346672 123.340002 123.332793 123.325568 123.318899 123.311674 123.304449 123.297780 123.290570 123.283346 123.276676 123.269452 123.265561 123.268340 123.275565 123.282790 123.289459 123.296668 123.303893 123.310562 123.318343 123.325012 123.332237 123.339447 123.346116 123.353341 123.360566 123.367235 123.374459 123.381669 123.388338 123.395563 123.402788 123.409457 123.416667 0.000000 0.000000 0.000000
0.000000 0.000000 0.000000 0.000000 0.000000 0.000000 0.000000 0.000000 0.000000 123.416667 123.409457 123.402232 123.395563 123.388338 123.381113 123.374459 123.367235 123.360010 123.352785 123.345560 123.338891 123.331681 123.324456 123.317787 123.310562 123.303338 123.296668 123.289459 123.282234 123.275565 123.268340 123.264450 123.267229 123.274453 123.281678 123.288347 123.295557 123.302782 123.309451 123.317232 123.323901 123.331126 123.338335 123.345004 123.352229 123.359454 123.366123 123.373348 123.380558 123.387227 123.394452 123.401676 123.408346 123.415570 0.000000 0.000000 0.000000
0.000000 0.000000 0.000000 0.000000 0.000000 0.000000 0.000000 0.000000 0.000000 123.415570 123.408346 123.401121 123.394452 123.387227 123.380002 123.373348 123.366123 123.358898 123.351673 123.344449 123.337779 123.330570 123.323345 123.316676 123.309451 123.302226 123.295557 123.288347 123.281123 123.274453 123.267229 123.263338 123.266117 123.273342 123.280567 123.287236 123.294445 123.301670 123.308339 123.316120 123.322789 123.330014 123.337224 123.343893 123.351118 123.358342 123.365012 123.372236 123.379446 123.386115 123.393340 123.400565 123.407234 123.414459 0.000000 0.000000 0.000000
0.000000 0.000000 0.000000 0.000000 0.000000 0.000000 0.000000 0.000000 0.000000 123.414459 123.407234 123.400009 123.393340 123.386115 123.378890 123.372236 123.365012 123.357787 123.350562 123.343337 123.336668 123.329458 123.322233 123.315564 123.308339 123.301115 123.294445 123.287236 123.280011 123.273342 123.266117 123.262227 123.265005 123.272230 123.279455 123.286124 123.293334 123.300559 123.307228 123.315009 123.321678 123.328903 123.336112 123.342781 123.350006 123.357231 123.363900 123.371125 123.378335 123.385004 123.392229 123.399453 123.406123 123.413347 0.000000 0.000000 0.000000
0.000000 0.000000 0.000000 0.000000 0.000000 0.000000 0.000000 0.000000 0.000000 123.413347 123.406123 123.398898 123.392229 123.385004 123.377779 123.371125 123.363900 123.356675 123.349450 123.342225 123.335556 123.328347 123.321122 123.314453 123.307228 123.300003 123.293334 123.286124 123.278899 123.272230 123.265005 123.261115 123.263894 123.271119 123.278344 123.285013 123.292222 123.299447 123.306116 123.313897 123.320566 123.327791 123.335001 123.341670 123.348895 123.356119 123.362789 123.370013 123.377223 123.383892 123.391117 123.398342 123.405011 123.412236 0.000000 0.000000 0.000000
0.000000 0.000000 0.000000 0.000000 0.000000 0.000000 0.000000 0.000000 0.000000 123.412236 123.405011 123.397786 123.391117 123.383892 123.376667 123.370013 123.362789 123.355564 123.348339 123.341114 123.334445 123.327235 123.320010 123.313341 123.306116 123.298892 123.292222 123.285013 123.277788 123.271119 123.263894 123.260004 123.262782 123.270007 123.277232 123.283901 123.291126 123.298336 123.305005 123.312786 123.319455 123.326679 123.333889 123.340558 123.347783 123.355008 123.361677 123.368902 123.376112 123.382781 123.390005 123.397230 123.403899 123.411124 0.000000 0.000000 0.000000
0.000000 0.000000 0.000000 0.000000 0.000000 0.000000 0.000000 0.000000 0.000000 123.411124 123.403899 123.396675 123.390005 123.382781 123.375556 123.368902 123.361677 123.354452 123.347227 123.340002 123.333333 123.326124 123.318899 123.312230 123.305005 123.297780 123.291126 123.283901 123.276676 123.270007 123.262782 123.258892 123.261671 123.268896 123.276121 123.282790 123.290015 123.297224 123.303893 123.311674 123.318343 123.325568 123.332793 123.339447 123.346672 123.353896 123.360566 123.367790 123.375000 123.381669 123.388894 123.396119 123.402788 123.410013 0.000000 0.000000 0.000000
0.000000 0.000000 0.000000 0.000000 0.000000 0.000000 0.000000 0.000000 123.416667 123.410013 123.402788 123.395563 123.388894 123.381669 123.374459 123.367790 123.360566 123.353341 123.346116 123.338891 123.332237 123.325012 123.317787 123.311118 123.303893 123.296668 123.290015 123.282790 123.275565 123.268896 123.261671 123.257781 123.260559 123.267784 123.275009 123.281678 123.288903 123.296113 123.302782 123.310562 123.317232 123.324456 123.331681 123.338335 123.345560 123.352785 123.359454 123.366679 123.373904 123.380558 123.387782 123.395007 123.401676 123.408901 123.416126 0.000000 0.000000
0.000000 0.000000 0.000000 0.000000 0.000000 0.000000 0.000000 0.000000 123.415570 123.408901 123.401676 123.394452 123.387782 123.380558 123.373348 123.366679 123.359454 123.352229 123.345004 123.337779 123.331126 123.323901 123.316676 123.310007 123.302782 123.295557 123.288903 123.281678 123.274453 123.267784 123.260559 123.256669 123.259448 123.266673 123.273898 123.280567 123.287792 123.295001 123.301670 123.309451 123.316120 123.323345 123.330570 123.337224 123.344449 123.351673 123.358342 123.365567 123.372792 123.379446 123.386671 123.393896 123.400565 123.407790 123.415015 0.000000 0.000000
0.000000 0.000000 0.000000 0.000000 0.000000 0.000000 0.000000 0.000000 123.414459 123.407790 123.400565 123.393340 123.386671 123.379446 123.372236 123.365567 123.358342 123.351118 123.343893 123.336668 123.330014 123.322789 123.315564 123.308895 123.301670 123.294445 123.287792 123.280567 123.273342 123.266673 123.259448 123.255558 123.258336 123.265561 123.272786 123.279455 123.286680 123.293890 123.300559 123.308339 123.315009 123.322233 123.329458 123.336112 123.343337 123.350562 123.357231 123.364456 123.371681 123.378335 123.385559 123.392784 123.399453 123.406678 123.413903 0.000000 0.000000
0.000000 0.000000 0.000000 0.000000 0.000000 0.000000 0.000000 0.000000 123.413347 123.406678 123.399453 123.392229 123.385559 123.378335 123.371125 123.364456 123.357231 123.350006 123.342781 123.335556 123.328903 123.321678 123.314453 123.307784 123.300559 123.293334 123.286680 123.279455 123.272230 123.265561 123.258336 123.254446 123.257225 123.264450 123.271675 123.278344 123.285569 123.292778 123.299447 123.307228 123.313897 123.321122 123.328347 123.335001 123.342225 123.349450 123.356119 123.363344 123.370569 123.377223 123.384448 123.391673 123.398342 123.405567 123.412792 0.000000 0.000000
0.000000 0.000000 0.000000 0.000000 0.000000 0.000000 0.000000 0.000000 123.412236 123.405567 123.398342 123.391117 123.384448 123.377223 123.370013 123.363344 123.356119 123.348895 123.341670 123.334445 123.327791 123.320566 123.313341 123.306672 123.299447 123.292222 123.285569 123.278344 123.271119 123.264450 123.257225 123.253335 123.256113 123.263338 123.270563 123.277232 123.284457 123.291667 123.298336 123.306116 123.312786 123.320010 123.327235 123.333889 123.341114 123.348339 123.355008 123.362233 123.369458 123.376112 123.383336 123.390561 123.397230 123.404455 123.411680 0.000000 0.000000
0.000000 0.000000 0.000000 0.000000 0.000000 0.000000 0.000000 0.000000 123.411124 123.404455 123.397230 123.390005 123.383336 123.376112 123.368902 123.362233 123.355008 123.347783 123.340558 123.333333 123.326679 123.319455 123.312230 123.305561 123.298336 123.291126 123.284457 123.277232 123.270007 123.263338 123.256113 123.252223 123.255002 123.262227 123.269452 123.276121 123.283346 123.290570 123.297224 123.305005 123.311674 123.318899 123.326124 123.332793 123.340002 123.347227 123.353896 123.361121 123.368346 123.375000 123.382225 123.389450 123.396119 123.403344 123.410569 0.000000 0.000000
0.000000 0.000000 0.000000 0.000000 0.000000 0.000000 0.000000 0.000000 123.410013 123.403344 123.396119 123.388894 123.382225 123.375000 123.367790 123.361121 123.353896 123.346672 123.339447 123.332237 123.325568 123.318343 123.311118 123.304449 123.297224 123.290015 123.283346 123.276121 123.268896 123.262227 123.255002 123.251112 123.253890 123.261115 123.268340 123.275009 123.282234 123.289459 123.296113 123.303893 123.310562 123.317787 123.325012 123.331681 123.338891 123.346116 123.352785 123.360010 123.367235 123.373904 123.381113 123.388338 123.395007 123.402232 123.409457 123.416126 0.000000
