FireSTARR/test/constant/C2_S060_A000_WD000_WS020/arrival.asc
ncols         187
nrows         131
xllcorner     408203.990666
yllcorner     12736155.311160
cellsize      100.000000
NODATA_value  0.000000
[rows 0 to 26 of 131, columns 122 to 182 of 187]
0.000000 0.000000 0.000000 0.000000 0.000000 0.000000 0.000000 0.000000 0.000000 0.000000 0.000000 0.000000 0.000000 0.000000 0.000000 0.000000 0.000000 0.000000 0.000000 0.000000 0.000000 0.000000 0.000000 0.000000 0.000000 0.000000 0.000000 0.000000 0.000000 0.000000 0.000000 0.000000 0.000000 0.000000 0.000000 0.000000 0.000000 0.000000 0.000000 0.000000 0.000000 0.000000 0.000000 0.000000 0.000000 0.000000 0.000000 0.000000 0.000000 0.000000 123.403277 123.386488 123.371331 123.354541 123.338635 123.332315 123.361611 123.405928 0.000000 0.000000 0.000000
0.000000 0.000000 0.000000 0.000000 0.000000 0.000000 0.000000 0.000000 0.000000 0.000000 0.000000 0.000000 0.000000 0.000000 0.000000 0.000000 0.000000 0.000000 0.000000 0.000000 0.000000 0.000000 0.000000 0.000000 0.000000 0.000000 0.000000 0.000000 0.000000 0.000000 0.000000 0.000000 0.000000 0.000000 0.000000 0.000000 0.000000 0.000000 0.000000 0.000000 0.000000 0.000000 0.000000 0.000000 0.000000 0.000000 123.405928 123.390022 123.373098 123.357192 123.341286 123.324362 123.308456 123.292550 123.276510 123.260604 123.243680 123.235727 123.260604 123.304922 123.348356
0.000000 0.000000 0.000000 0.000000 0.000000 0.000000 0.000000 0.000000 0.000000 0.000000 0.000000 0.000000 0.000000 0.000000 0.000000 0.000000 0.000000 0.000000 0.000000 0.000000 0.000000 0.000000 0.000000 0.000000 0.000000 0.000000 0.000000 0.000000 0.000000 0.000000 0.000000 0.000000 0.000000 0.000000 0.000000 0.000000 0.000000 0.000000 0.000000 0.000000 0.000000 0.000000 123.407696 123.391790 123.375884 123.359843 123.343937 123.327013 123.311107 123.295201 123.278277 123.262371 123.246331 123.230425 123.214519 123.197595 123.181689 123.164765 123.148859 123.140022 123.160347
0.000000 0.000000 0.000000 0.000000 0.000000 0.000000 0.000000 0.000000 0.000000 0.000000 0.000000 0.000000 0.000000 0.000000 0.000000 0.000000 0.000000 0.000000 0.000000 0.000000 0.000000 0.000000 0.000000 0.000000 0.000000 0.000000 0.000000 0.000000 0.000000 0.000000 0.000000 0.000000 0.000000 0.000000 0.000000 0.000000 0.000000 0.000000 123.410347 123.394441 123.377651 123.361611 123.345705 123.329664 123.312875 123.296969 123.280928 123.265022 123.248982 123.232192 123.216286 123.199362 123.183456 123.166667 123.150626 123.134720 123.118680 123.102774 123.085984 123.069944 123.054038
0.000000 0.000000 0.000000 0.000000 0.000000 0.000000 0.000000 0.000000 0.000000 0.000000 0.000000 0.000000 0.000000 0.000000 0.000000 0.000000 0.000000 0.000000 0.000000 0.000000 0.000000 0.000000 0.000000 0.000000 0.000000 0.000000 0.000000 0.000000 0.000000 0.000000 0.000000 0.000000 0.000000 0.000000 0.000000 123.414765 123.398859 123.382953 123.366029 123.350123 123.333199 123.317293 123.301387 123.285347 123.269441 123.253535 123.236611 123.220705 123.203781 123.187875 123.171085 123.155928 123.140022 123.123098 123.107192 123.090403 123.074362 123.058456 123.041532 123.025626 123.009720
0.000000 0.000000 0.000000 0.000000 0.000000 0.000000 0.000000 0.000000 0.000000 0.000000 0.000000 0.000000 0.000000 0.000000 0.000000 0.000000 0.000000 0.000000 0.000000 0.000000 0.000000 0.000000 0.000000 0.000000 0.000000 0.000000 0.000000 0.000000 0.000000 0.000000 0.000000 0.000000 0.000000 0.000000 123.403277 123.386488 123.370447 123.354541 123.337752 123.321711 123.304922 123.288881 123.272975 123.257069 123.241029 123.224239 123.208199 123.192293 123.175503 123.159463 123.142673 123.126767 123.110727 123.094821 123.078781 123.061991 123.046085 123.029161 123.013255 123.007953 123.004418
0.000000 0.000000 0.000000 0.000000 0.000000 0.000000 0.000000 0.000000 0.000000 0.000000 0.000000 0.000000 0.000000 0.000000 0.000000 0.000000 0.000000 0.000000 0.000000 0.000000 0.000000 0.000000 0.000000 0.000000 0.000000 0.000000 0.000000 0.000000 0.000000 0.000000 0.000000 0.000000 123.405928 123.390022 123.373098 123.357192 123.341286 123.324362 123.308456 123.291667 123.276510 123.259720 123.244564 123.227774 123.211868 123.194944 123.178154 123.162114 123.146208 123.130302 123.114262 123.098356 123.081432 123.065526 123.049620 123.032696 123.018557 123.014139 123.008837 123.006186 123.006186
0.000000 0.000000 0.000000 0.000000 0.000000 0.000000 0.000000 0.000000 0.000000 0.000000 0.000000 0.000000 0.000000 0.000000 0.000000 0.000000 0.000000 0.000000 0.000000 0.000000 0.000000 0.000000 0.000000 0.000000 0.000000 0.000000 0.000000 0.000000 0.000000 0.000000 123.410347 123.394441 123.377651 123.361611 123.345705 123.328781 123.312875 123.296085 123.280928 123.264139 123.248982 123.232192 123.216286 123.199362 123.183456 123.166532 123.150626 123.134720 123.118680 123.102774 123.086868 123.069944 123.053154 123.037114 123.023859 123.020324 123.015022 123.010604 123.008837 123.009720 123.019441
0.000000 0.000000 0.000000 0.000000 0.000000 0.000000 0.000000 0.000000 0.000000 0.000000 0.000000 0.000000 0.000000 0.000000 0.000000 0.000000 0.000000 0.000000 0.000000 0.000000 0.000000 0.000000 0.000000 0.000000 0.000000 0.000000 0.000000 0.000000 123.412114 123.396208 123.379418 123.364262 123.347472 123.332315 123.315526 123.299620 123.282696 123.265906 123.249866 123.233960 123.218054 123.202013 123.186107 123.169318 123.153277 123.137371 123.120447 123.104541 123.087752 123.071711 123.055805 123.040649 123.030928 123.026510 123.021208 123.015906 123.013255 123.012371 123.021208 123.028277 123.045201
0.000000 0.000000 0.000000 0.000000 0.000000 0.000000 0.000000 0.000000 0.000000 0.000000 0.000000 0.000000 0.000000 0.000000 0.000000 0.000000 0.000000 0.000000 0.000000 0.000000 0.000000 0.000000 0.000000 0.000000 0.000000 0.000000 123.414765 123.398859 123.382953 123.366029 123.350123 123.334217 123.318177 123.302271 123.285347 123.269441 123.252651 123.236611 123.220705 123.204664 123.187875 123.171969 123.156812 123.140022 123.123098 123.107192 123.090403 123.075246 123.058456 123.046085 123.036230 123.030928 123.027394 123.022975 123.017673 123.015906 123.015906 123.026510 123.038881 123.049620 123.061107
0.000000 0.000000 0.000000 0.000000 0.000000 0.000000 0.000000 0.000000 0.000000 0.000000 0.000000 0.000000 0.000000 0.000000 0.000000 0.000000 0.000000 0.000000 0.000000 0.000000 0.000000 0.000000 0.000000 0.000000 0.000000 123.403277 123.387371 123.370447 123.354541 123.337752 123.321711 123.305805 123.289765 123.273859 123.257069 123.240145 123.224239 123.208199 123.191409 123.175503 123.160347 123.143557 123.127651 123.111611 123.095705 123.078781 123.064642 123.052271 123.042550 123.037998 123.033579 123.028277 123.022975 123.020324 123.018557 123.026510 123.035347 123.046085 123.054922 123.069060 123.085101
0.000000 0.000000 0.000000 0.000000 0.000000 0.000000 0.000000 0.000000 0.000000 0.000000 0.000000 0.000000 0.000000 0.000000 0.000000 0.000000 0.000000 0.000000 0.000000 0.000000 0.000000 0.000000 0.000000 123.405928 123.390022 123.373098 123.357192 123.341286 123.324362 123.308456 123.291667 123.276510 123.259720 123.243680 123.227774 123.211868 123.194944 123.179038 123.162114 123.146208 123.129418 123.114262 123.098356 123.081432 123.071711 123.056689 123.048736 123.043434 123.038881 123.034463 123.029161 123.024743 123.022092 123.022092 123.030928 123.039765 123.048736 123.065526 123.079664 123.087752 123.127651
0.000000 0.000000 0.000000 0.000000 0.000000 0.000000 0.000000 0.000000 0.000000 0.000000 0.000000 0.000000 0.000000 0.000000 0.000000 0.000000 0.000000 0.000000 0.000000 0.000000 0.000000 123.408579 123.392673 123.375884 123.360727 123.343937 123.327013 123.311107 123.294318 123.279161 123.263255 123.247215 123.230425 123.214519 123.197595 123.181689 123.165649 123.148859 123.132953 123.116913 123.100123 123.084217 123.077013 123.061107 123.054922 123.049620 123.046085 123.040649 123.035347 123.030045 123.026510 123.025626 123.030928 123.037998 123.048736 123.057573 123.067293 123.081432 123.098356 123.110727 123.170201
0.000000 0.000000 0.000000 0.000000 0.000000 0.000000 0.000000 0.000000 0.000000 0.000000 0.000000 0.000000 0.000000 0.000000 0.000000 0.000000 0.000000 0.000000 0.000000 123.412114 123.396208 123.379418 123.363378 123.347472 123.331432 123.315526 123.298736 123.282696 123.265906 123.249866 123.233960 123.217170 123.201130 123.185224 123.169318 123.153277 123.137371 123.120447 123.103658 123.089519 123.080548 123.065526 123.061991 123.054922 123.052271 123.046085 123.041532 123.036230 123.031812 123.029161 123.029161 123.038881 123.046969 123.056689 123.069944 123.076130 123.089519 123.101007 123.116029 123.153277 123.212752
0.000000 0.000000 0.000000 0.000000 0.000000 0.000000 0.000000 0.000000 0.000000 0.000000 0.000000 0.000000 0.000000 0.000000 0.000000 0.000000 0.000000 123.416532 123.400626 123.383837 123.367796 123.351007 123.335101 123.318177 123.302271 123.286230 123.270324 123.254418 123.237494 123.221588 123.205548 123.188758 123.172852 123.156812 123.140906 123.123982 123.108076 123.095705 123.084217 123.071711 123.068177 123.061991 123.056689 123.052271 123.046969 123.042550 123.037998 123.033579 123.031812 123.037998 123.047852 123.053154 123.060224 123.072595 123.084217 123.101890 123.108960 123.125884 123.137371 123.195828 123.254418
0.000000 0.000000 0.000000 0.000000 0.000000 0.000000 0.000000 0.000000 0.000000 0.000000 0.000000 0.000000 0.000000 0.000000 0.000000 0.000000 123.405045 123.388255 123.372215 123.355425 123.339519 123.322595 123.306689 123.290649 123.274743 123.258837 123.242796 123.226007 123.210101 123.194060 123.177271 123.161230 123.145324 123.128535 123.112494 123.101890 123.088635 123.077897 123.074362 123.069060 123.062875 123.058456 123.053154 123.048736 123.042550 123.037998 123.036230 123.035347 123.043434 123.055805 123.057573 123.065526 123.080548 123.094821 123.106309 123.117796 123.128535 123.145324 123.179038 123.238378 123.296969
0.000000 0.000000 0.000000 0.000000 0.000000 0.000000 0.000000 0.000000 0.000000 0.000000 0.000000 0.000000 0.000000 0.000000 123.405928 123.390022 123.373982 123.358076 123.342170 123.326130 123.309340 123.293434 123.277394 123.260604 123.244564 123.228658 123.211868 123.196711 123.179922 123.163881 123.147092 123.131186 123.115145 123.108076 123.092170 123.083333 123.077897 123.074362 123.069944 123.064642 123.059340 123.054922 123.049620 123.045201 123.040649 123.038881 123.039765 123.051387 123.060224 123.068177 123.072595 123.090403 123.103658 123.114262 123.127651 123.137371 123.155928 123.163881 123.221588 123.280045 123.339519
0.000000 0.000000 0.000000 0.000000 0.000000 0.000000 0.000000 0.000000 0.000000 0.000000 0.000000 0.000000 123.410347 123.394441 123.378535 123.361611 123.345705 123.328781 123.312875 123.296085 123.280928 123.265022 123.248098 123.232192 123.216286 123.199362 123.182573 123.166532 123.150626 123.134720 123.119564 123.111611 123.095705 123.089519 123.085101 123.081432 123.075246 123.069944 123.065526 123.060224 123.055805 123.050503 123.045201 123.042550 123.041667 123.050503 123.063758 123.063758 123.076130 123.080548 123.091286 123.108076 123.123098 123.130302 123.150626 123.157696 123.173736 123.203781 123.263255 123.322595 123.382069
0.000000 0.000000 0.000000 0.000000 0.000000 0.000000 0.000000 0.000000 0.000000 0.000000 123.413881 123.397092 123.381186 123.364262 123.348356 123.332315 123.316409 123.299620 123.284463 123.267673 123.251767 123.234843 123.218937 123.202897 123.186991 123.170201 123.154161 123.137371 123.125000 123.116029 123.101007 123.096588 123.090403 123.085984 123.080548 123.076130 123.071711 123.066409 123.061107 123.056689 123.052271 123.047852 123.045201 123.046085 123.054922 123.065526 123.076130 123.084217 123.090403 123.100123 123.117796 123.131186 123.138255 123.151510 123.170201 123.182573 123.191409 123.247215 123.305805 123.365145 0.000000
0.000000 0.000000 0.000000 0.000000 0.000000 0.000000 0.000000 0.000000 0.000000 123.403277 123.386488 123.370447 123.354541 123.337752 123.321711 123.305805 123.289765 123.273859 123.257953 123.241029 123.225123 123.208199 123.192293 123.175503 123.159463 123.143557 123.132069 123.119564 123.106309 123.102774 123.097472 123.092170 123.085984 123.081432 123.077897 123.072595 123.067293 123.062875 123.058456 123.052271 123.049620 123.048736 123.056689 123.061107 123.069944 123.078781 123.087752 123.097472 123.108076 123.120447 123.140022 123.147092 123.160347 123.171085 123.185224 123.203781 123.230425 123.289765 123.349239 123.408579 0.000000
0.000000 0.000000 0.000000 0.000000 0.000000 0.000000 0.000000 123.407696 123.391790 123.374866 123.358960 123.342170 123.326130 123.309340 123.293434 123.277394 123.261488 123.245447 123.228658 123.212752 123.196711 123.179922 123.164765 123.147975 123.137371 123.123098 123.112494 123.108960 123.103658 123.098356 123.093054 123.089519 123.083199 123.078781 123.073479 123.068177 123.063758 123.059340 123.054038 123.052271 123.052271 123.064642 123.069060 123.074362 123.087752 123.093937 123.104541 123.120447 123.131186 123.143557 123.156812 123.167550 123.182573 123.196711 123.206432 123.218937 123.273859 123.332315 123.391790 0.000000 0.000000
0.000000 0.000000 0.000000 0.000000 0.000000 123.411230 123.395324 123.378535 123.363378 123.346588 123.330548 123.313758 123.297852 123.280928 123.265022 123.248982 123.233076 123.217170 123.201130 123.184340 123.168434 123.152394 123.144441 123.130302 123.118680 123.114262 123.109843 123.104541 123.100123 123.093054 123.089519 123.084217 123.079664 123.075246 123.069944 123.065526 123.059340 123.056689 123.054922 123.063758 123.069060 123.077897 123.082315 123.095705 123.102774 123.115145 123.122215 123.141790 123.157696 123.165649 123.175503 123.186107 123.197595 123.214519 123.228658 123.256186 123.315526 123.374866 0.000000 0.000000 0.000000
0.000000 0.000000 0.000000 123.415649 123.398859 123.382953 123.366913 123.351007 123.335101 123.318177 123.302271 123.285347 123.269441 123.253535 123.237494 123.221588 123.204664 123.188758 123.172852 123.155928 123.150626 123.133837 123.124866 123.122215 123.116029 123.110727 123.106309 123.100123 123.096588 123.090403 123.085984 123.080548 123.076130 123.070828 123.066409 123.061107 123.058456 123.058456 123.066409 123.074362 123.085101 123.095705 123.104541 123.109843 123.123982 123.132953 123.146208 123.155928 123.174620 123.186991 123.192293 123.206432 123.222472 123.241029 123.246331 123.298736 123.357192 123.416532 0.000000 0.000000 0.000000
0.000000 0.000000 123.403277 123.386488 123.370447 123.354541 123.337752 123.321711 123.304922 123.288881 123.272975 123.256186 123.241029 123.225123 123.208199 123.192293 123.175503 123.161230 123.154161 123.138255 123.131186 123.125884 123.122215 123.116913 123.111611 123.107192 123.100123 123.096588 123.092170 123.086868 123.082315 123.077013 123.071711 123.067293 123.062875 123.061991 123.069060 123.075246 123.082315 123.088635 123.097472 123.112494 123.117796 123.127651 123.140022 123.155045 123.166532 123.184340 123.191409 123.204664 123.215403 123.225123 123.241029 123.257953 123.280928 123.340403 123.399743 0.000000 0.000000 0.000000 0.000000
123.405928 123.390022 123.373098 123.357192 123.341286 123.324362 123.308456 123.291667 123.276510 123.260604 123.243680 123.227774 123.211868 123.194944 123.179038 123.166532 123.156812 123.142673 123.137371 123.132069 123.128535 123.123098 123.117796 123.112494 123.107192 123.103658 123.098356 123.093054 123.087752 123.083199 123.077897 123.073479 123.068177 123.065526 123.065526 123.074362 123.083333 123.089519 123.093054 123.106309 123.116029 123.128535 123.137371 123.146208 123.160347 123.171969 123.183456 123.201130 123.210101 123.218937 123.234843 123.251767 123.266790 123.275626 123.323479 123.382953 0.000000 0.000000 0.000000 0.000000 0.000000
123.377651 123.361611 123.345705 123.328781 123.312875 123.296969 123.280928 123.265022 123.248098 123.232192 123.215403 123.199362 123.183456 123.172852 123.161230 123.147975 123.144441 123.138255 123.132953 123.128535 123.123982 123.118680 123.114262 123.108076 123.103658 123.099239 123.093937 123.089519 123.083199 123.079664 123.074362 123.069944 123.068177 123.075246 123.085101 123.093054 123.095705 123.105425 123.118680 123.123098 123.135604 123.144441 123.154161 123.164765 123.178154 123.194944 123.208333 123.214519 123.226890 123.239262 123.254418 123.269441 123.287998 123.307573 123.366029 0.000000 0.000000 0.000000 0.000000 0.000000 0.000000
123.350123 123.333199 123.317293 123.300503 123.284463 123.268557 123.252651 123.236611 123.220705 123.203781 123.187875 123.179922 123.164765 123.154161 123.150626 123.143557 123.139139 123.135604 123.130302 123.123098 123.119564 123.114262 123.109843 123.104541 123.099239 123.094821 123.089519 123.085101 123.080548 123.074362 123.072595 123.071711 123.078781 123.088635 123.099239 123.099239 123.108076 123.118680 123.129418 123.140022 123.153277 123.166532 123.172852 123.188758 123.195828 123.211868 123.222472 123.234843 123.248098 123.261488 123.281812 123.287998 123.303154 123.350123 123.408579 0.000000 0.000000 0.000000 0.000000 0.000000 0.000000
