FireSTARR/test/constant/C2_S060_A000_WD000_WS020/arrival.asc
ncols         187
nrows         131
xllcorner     408203.990666
yllcorner     12736155.311160
cellsize      100.000000
NODATA_value  0.000000
[rows 54 to 80 of 131, columns 61 to 121 of 187]
0.000000 0.000000 0.000000 0.000000 0.000000 0.000000 0.000000 0.000000 123.411230 123.394441 123.378535 123.373982 123.358076 123.347472 123.343937 123.338635 123.333199 123.327897 123.323479 123.318177 123.312875 123.308456 123.303154 123.298736 123.293434 123.288881 123.283579 123.278277 123.273859 123.268557 123.262371 123.257953 123.253535 123.248982 123.243680 123.239262 123.233076 123.228658 123.223356 123.218054 123.214519 123.209217 123.202897 123.197595 123.193177 123.188758 123.184340 123.179038 123.173736 123.168434 123.164765 123.163881 123.173736 123.181689 123.185224 123.192293 123.198479 123.204664 123.214519 123.217170 123.226007
0.000000 0.000000 0.000000 0.000000 0.000000 0.000000 123.413881 123.397975 123.384720 123.377651 123.360727 123.353658 123.348356 123.344821 123.339519 123.334217 123.329664 123.324362 123.319060 123.313758 123.309340 123.304038 123.299620 123.293434 123.289765 123.283579 123.279161 123.273859 123.269441 123.263255 123.258837 123.253535 123.249866 123.245447 123.239262 123.234843 123.230425 123.224239 123.219821 123.215403 123.209217 123.204664 123.200246 123.194060 123.190526 123.185224 123.179038 123.175503 123.169318 123.167550 123.167550 123.176387 123.186107 123.193177 123.195828 123.203781 123.212752 123.218937 123.223356 123.236611 123.243680
0.000000 0.000000 0.000000 0.000000 123.416532 123.400626 123.390906 123.382069 123.366029 123.359843 123.354541 123.351007 123.345705 123.340403 123.335984 123.330548 123.325246 123.320828 123.315526 123.311107 123.305805 123.300503 123.296085 123.289765 123.285347 123.280045 123.275626 123.269441 123.265906 123.260604 123.255302 123.250884 123.246331 123.241029 123.235727 123.231309 123.225123 123.221588 123.215403 123.210101 123.205548 123.200246 123.194944 123.191409 123.185224 123.181689 123.174620 123.171969 123.170201 123.176387 123.185224 123.194060 123.198479 123.202013 123.210984 123.221588 123.224239 123.233076 123.242796 123.251767 123.260604
0.000000 0.000000 0.000000 123.405045 123.396208 123.386488 123.370447 123.366029 123.360727 123.356309 123.351890 123.346588 123.341286 123.336868 123.331432 123.327013 123.321711 123.316409 123.311107 123.306689 123.301387 123.296085 123.291532 123.286230 123.281812 123.275626 123.272092 123.267673 123.261488 123.257069 123.251767 123.247215 123.241029 123.237494 123.231309 123.226890 123.222472 123.216286 123.211868 123.207315 123.201130 123.197595 123.192293 123.186107 123.181689 123.176387 123.174620 123.173736 123.181689 123.194944 123.201130 123.202013 123.213635 123.219821 123.225123 123.227774 123.238378 123.247215 123.259720 123.268557 123.275626
0.000000 123.408579 123.403277 123.390022 123.376767 123.373098 123.366913 123.362494 123.358076 123.352774 123.347472 123.343054 123.337752 123.331432 123.327897 123.322595 123.317293 123.312875 123.307573 123.301387 123.297852 123.291667 123.287114 123.282696 123.277394 123.273859 123.268557 123.263255 123.257069 123.252651 123.248098 123.242796 123.238378 123.232192 123.228658 123.223356 123.218054 123.213635 123.207315 123.202897 123.198479 123.192293 123.188758 123.183456 123.179038 123.177271 123.182573 123.189642 123.199362 123.205548 123.206432 123.217170 123.228658 123.229541 123.237494 123.243680 123.256186 123.266790 123.278277 123.284463 123.290649
123.409463 123.393557 123.382953 123.379418 123.373098 123.367796 123.364262 123.358960 123.353658 123.349239 123.343054 123.337752 123.333199 123.328781 123.322595 123.318177 123.313758 123.307573 123.303154 123.298736 123.293434 123.288881 123.283579 123.279161 123.273859 123.268557 123.264139 123.258837 123.253535 123.248982 123.243680 123.239262 123.234843 123.228658 123.223356 123.218054 123.214519 123.208199 123.204664 123.199362 123.193177 123.188758 123.183456 123.180805 123.180805 123.187875 123.197595 123.207315 123.209217 123.217170 123.226007 123.232192 123.234843 123.242796 123.249866 123.266790 123.270324 123.281812 123.287998 123.297852 123.306689
123.389139 123.383837 123.379418 123.373982 123.369564 123.365145 123.359843 123.354541 123.350123 123.343054 123.338635 123.335101 123.328781 123.323479 123.319060 123.314642 123.308456 123.304922 123.299620 123.294318 123.288881 123.286230 123.280045 123.274743 123.270324 123.265906 123.258837 123.254418 123.249866 123.245447 123.240145 123.234843 123.230425 123.225123 123.218937 123.215403 123.209217 123.205548 123.199362 123.195828 123.190526 123.185224 123.183456 123.187875 123.195828 123.205548 123.212752 123.212752 123.220705 123.231309 123.235727 123.238378 123.250884 123.262371 123.268557 123.278277 123.289765 123.293434 123.305805 123.314642 123.331432
123.386488 123.380302 123.373982 123.370447 123.365145 123.360727 123.355425 123.350123 123.345705 123.340403 123.335984 123.330548 123.325246 123.320828 123.315526 123.310224 123.305805 123.300503 123.294318 123.290649 123.286230 123.280928 123.276510 123.271208 123.265906 123.260604 123.255302 123.251767 123.246331 123.241029 123.235727 123.230425 123.226007 123.221588 123.216286 123.211868 123.206432 123.200246 123.195828 123.190526 123.187875 123.186991 123.198479 123.202897 123.214519 123.215403 123.223356 123.226007 123.239262 123.241913 123.248098 123.258837 123.266790 123.276510 123.287114 123.295201 123.303154 123.313758 123.326130 123.331432 123.344821
123.381186 123.377651 123.371331 123.366913 123.361611 123.357192 123.350123 123.346588 123.342170 123.336868 123.332315 123.327013 123.321711 123.316409 123.311107 123.305805 123.301387 123.296969 123.292550 123.287114 123.281812 123.277394 123.272092 123.266790 123.262371 123.257069 123.251767 123.247215 123.241913 123.237494 123.231309 123.226007 123.222472 123.217170 123.211868 123.207315 123.202897 123.197595 123.192293 123.190526 123.194060 123.201130 123.211868 123.219821 123.218937 123.226890 123.233960 123.241913 123.245447 123.257069 123.266790 123.273859 123.283579 123.289765 123.298736 123.307573 123.320828 123.327897 123.340403 123.353658 123.364262
123.377651 123.373098 123.367796 123.362494 123.357192 123.353658 123.346588 123.342170 123.337752 123.332315 123.327897 123.321711 123.317293 123.311991 123.306689 123.303154 123.297852 123.293434 123.287998 123.282696 123.278277 123.272975 123.268557 123.263255 123.257953 123.253535 123.248098 123.242796 123.237494 123.232192 123.228658 123.223356 123.217170 123.212752 123.208199 123.202897 123.196711 123.194944 123.194060 123.201130 123.209217 123.219821 123.222472 123.226007 123.233076 123.241913 123.246331 123.249866 123.260604 123.270324 123.283579 123.287114 123.299620 123.303154 123.311107 123.324362 123.335984 123.348356 123.361611 123.370447 123.381186
123.373982 123.368680 123.363378 123.358960 123.353658 123.348356 123.343937 123.338635 123.333199 123.328781 123.323479 123.318177 123.313758 123.309340 123.304038 123.299620 123.294318 123.289765 123.284463 123.278277 123.273859 123.269441 123.264139 123.258837 123.254418 123.248982 123.244564 123.238378 123.233960 123.228658 123.224239 123.219821 123.214519 123.209217 123.204664 123.199362 123.196711 123.197595 123.208333 123.219821 123.226007 123.226007 123.234843 123.241913 123.248982 123.252651 123.258837 123.268557 123.276510 123.291532 123.294318 123.307573 123.314642 123.317293 123.331432 123.346588 123.355425 123.368680 123.378535 123.388255 123.400626
123.369564 123.364262 123.359843 123.354541 123.350123 123.344821 123.339519 123.335101 123.329664 123.324362 123.319944 123.314642 123.310224 123.304922 123.300503 123.295201 123.289765 123.284463 123.280045 123.275626 123.270324 123.265022 123.260604 123.255302 123.249866 123.245447 123.239262 123.234843 123.229541 123.225123 123.219821 123.215403 123.210101 123.204664 123.201130 123.200246 123.210101 123.218054 123.227774 123.228658 123.231309 123.243680 123.250000 123.252651 123.256186 123.264139 123.279161 123.283579 123.294318 123.306689 123.312875 123.318177 123.330548 123.343054 123.348356 123.365145 123.374866 123.382953 123.397092 123.410347 0.000000
123.366029 123.360727 123.356309 123.350123 123.345705 123.340403 123.335984 123.330548 123.325246 123.320828 123.316409 123.311107 123.305805 123.299620 123.296085 123.291532 123.286230 123.280928 123.276510 123.271208 123.265906 123.261488 123.256186 123.251767 123.246331 123.241913 123.235727 123.232192 123.226007 123.221588 123.216286 123.210984 123.205548 123.203781 123.203781 123.213635 123.226007 123.230425 123.232192 123.240145 123.251767 123.256186 123.258837 123.265022 123.274743 123.280928 123.291532 123.298736 123.308456 123.316409 123.322595 123.331432 123.343054 123.357192 123.373098 123.379418 123.391790 123.405045 123.416532 0.000000 0.000000
123.361611 123.357192 123.351890 123.346588 123.341286 123.336868 123.331432 123.327013 123.322595 123.317293 123.311991 123.306689 123.302271 123.296969 123.292550 123.287114 123.282696 123.277394 123.271208 123.266790 123.262371 123.257069 123.252651 123.247215 123.241029 123.236611 123.232192 123.226890 123.222472 123.217170 123.211868 123.208199 123.206432 123.212752 123.221588 123.229541 123.235727 123.237494 123.248982 123.255302 123.258837 123.262371 123.268557 123.279161 123.291667 123.300503 123.304922 123.316409 123.323479 123.327013 123.340403 123.351890 123.366029 123.376767 123.385604 123.405045 123.410347 0.000000 0.000000 0.000000 0.000000
123.358076 123.352774 123.347472 123.343054 123.337752 123.333199 123.327897 123.323479 123.318177 123.313758 123.308456 123.302271 123.297852 123.292550 123.288881 123.283579 123.277394 123.272975 123.268557 123.263255 123.257953 123.253535 123.248098 123.242796 123.238378 123.233076 123.228658 123.223356 123.218054 123.212752 123.210101 123.210101 123.218054 123.229541 123.238378 123.239262 123.248982 123.253535 123.262371 123.265906 123.266790 123.273859 123.287998 123.303154 123.307573 123.313758 123.323479 123.329664 123.340403 123.351007 123.362494 123.373098 123.385604 123.393557 123.404161 0.000000 0.000000 0.000000 0.000000 0.000000 0.000000
123.353658 123.349239 123.343054 123.338635 123.334217 123.329664 123.324362 123.319944 123.313758 123.309340 123.304038 123.299620 123.294318 123.288881 123.284463 123.278277 123.273859 123.269441 123.264139 123.258837 123.254418 123.248982 123.244564 123.239262 123.233960 123.229541 123.224239 123.218937 123.215403 123.213635 123.218054 123.225123 123.235727 123.241913 123.242796 123.252651 123.258837 123.265906 123.269441 123.279161 123.280928 123.299620 123.304922 123.311107 123.319944 123.327013 123.333333 123.342170 123.358960 123.366913 123.377651 123.392673 123.402394 123.412114 0.000000 0.000000 0.000000 0.000000 0.000000 0.000000 0.000000
123.349239 123.344821 123.340403 123.335101 123.330548 123.325246 123.319944 123.315526 123.310224 123.304922 123.300503 123.295201 123.290649 123.284463 123.280045 123.275626 123.269441 123.265022 123.259720 123.254418 123.250884 123.245447 123.240145 123.235727 123.230425 123.225123 123.219821 123.217170 123.217170 123.226890 123.232192 123.240145 123.245447 123.255302 123.261488 123.266790 123.270324 123.272975 123.281812 123.289765 123.301387 123.313758 123.321711 123.324362 123.335984 123.343054 123.351890 123.360727 123.373982 123.385604 123.401510 123.410347 0.000000 0.000000 0.000000 0.000000 0.000000 0.000000 0.000000 0.000000 0.000000
123.346588 123.341286 123.335984 123.331432 123.326130 123.321711 123.316409 123.311107 123.306689 123.301387 123.296085 123.291532 123.285347 123.280928 123.275626 123.271208 123.265906 123.260604 123.256186 123.251767 123.246331 123.241029 123.236611 123.231309 123.226007 123.221588 123.219821 123.224239 123.235727 123.241913 123.248982 123.248982 123.257953 123.266790 123.272975 123.275626 123.280045 123.287998 123.298736 123.309340 123.317293 123.325246 123.335984 123.343937 123.354541 123.361611 123.370447 123.382069 123.395324 123.405045 0.000000 0.000000 0.000000 0.000000 0.000000 0.000000 0.000000 0.000000 0.000000 0.000000 0.000000
123.342170 123.337752 123.332315 123.327013 123.322595 123.316409 123.311991 123.307573 123.302271 123.296969 123.291667 123.287114 123.282696 123.277394 123.272092 123.267673 123.261488 123.257069 123.252651 123.247215 123.242796 123.237494 123.232192 123.226007 123.224239 123.223356 123.232192 123.239262 123.246331 123.251767 123.257069 123.269441 123.272975 123.276510 123.279161 123.287998 123.295201 123.306689 123.320828 123.322595 123.333199 123.340403 123.347472 123.358076 123.370447 123.379418 123.390022 123.399743 123.412998 0.000000 0.000000 0.000000 0.000000 0.000000 0.000000 0.000000 0.000000 0.000000 0.000000 0.000000 0.000000
123.338635 123.333199 123.328781 123.322595 123.318177 123.313758 123.308456 123.303154 123.298736 123.292550 123.287998 123.282696 123.278277 123.272975 123.267673 123.262371 123.258837 123.253535 123.248098 123.243680 123.238378 123.233076 123.228658 123.226890 123.227774 123.239262 123.243680 123.254418 123.255302 123.263255 123.273859 123.279161 123.282696 123.285347 123.294318 123.305805 123.318177 123.323479 123.331432 123.336868 123.351007 123.351890 123.365145 123.371331 123.388255 123.399743 123.408579 0.000000 0.000000 0.000000 0.000000 0.000000 0.000000 0.000000 0.000000 0.000000 0.000000 0.000000 0.000000 0.000000 0.000000
123.334217 123.329664 123.324362 123.319060 123.314642 123.309340 123.304922 123.299620 123.294318 123.288881 123.284463 123.279161 123.274743 123.268557 123.264139 123.259720 123.254418 123.248982 123.244564 123.239262 123.233076 123.230425 123.229541 123.238378 123.248098 123.253535 123.258837 123.263255 123.271208 123.280045 123.282696 123.286230 123.295201 123.298736 123.308456 123.320828 123.329664 123.335984 123.344821 123.356309 123.361611 123.369564 123.381186 123.397975 123.406812 123.414765 0.000000 0.000000 0.000000 0.000000 0.000000 0.000000 0.000000 0.000000 0.000000 0.000000 0.000000 0.000000 0.000000 0.000000 0.000000
123.330548 123.325246 123.320828 123.315526 123.310224 123.305805 123.299620 123.296085 123.290649 123.284463 123.280045 123.275626 123.269441 123.265906 123.260604 123.255302 123.250000 123.245447 123.240145 123.235727 123.233076 123.233076 123.241913 123.252651 123.258837 123.262371 123.273859 123.277394 123.286230 123.287114 123.290649 123.302271 123.304038 123.316409 123.328781 123.334217 123.342170 123.352774 123.365145 123.366913 123.373982 123.391790 123.399743 123.411230 0.000000 0.000000 0.000000 0.000000 0.000000 0.000000 0.000000 0.000000 0.000000 0.000000 0.000000 0.000000 0.000000 0.000000 0.000000 0.000000 0.000000
123.327013 123.321711 123.316409 123.311991 123.306689 123.301387 123.296085 123.290649 123.286230 123.281812 123.275626 123.271208 123.266790 123.261488 123.256186 123.251767 123.246331 123.241029 123.237494 123.236611 123.243680 123.248982 123.258837 123.263255 123.265906 123.278277 123.281812 123.289765 123.293434 123.300503 123.305805 123.311991 123.327897 123.337752 123.344821 123.350123 123.360727 123.370447 123.374866 123.382069 123.395324 123.407696 0.000000 0.000000 0.000000 0.000000 0.000000 0.000000 0.000000 0.000000 0.000000 0.000000 0.000000 0.000000 0.000000 0.000000 0.000000 0.000000 0.000000 0.000000 0.000000
123.321711 123.317293 123.312875 123.307573 123.302271 123.297852 123.291532 123.287114 123.282696 123.276510 123.272092 123.267673 123.262371 123.257069 123.252651 123.247215 123.241913 123.240145 123.240145 123.248098 123.257069 123.265906 123.268557 123.277394 123.285347 123.290649 123.293434 123.296969 123.304038 123.310224 123.318177 123.334217 123.341286 123.349239 123.358960 123.369564 123.373982 123.383837 123.390906 123.404161 0.000000 0.000000 0.000000 0.000000 0.000000 0.000000 0.000000 0.000000 0.000000 0.000000 0.000000 0.000000 0.000000 0.000000 0.000000 0.000000 0.000000 0.000000 0.000000 0.000000 0.000000
123.318177 123.313758 123.308456 123.303154 123.298736 123.293434 123.288881 123.282696 123.278277 123.273859 123.268557 123.263255 123.258837 123.253535 123.248098 123.244564 123.242796 123.250000 123.256186 123.265022 123.269441 123.272092 123.280928 123.292550 123.296085 123.299620 123.304922 123.309340 123.319060 123.327013 123.343937 123.344821 123.358076 123.369564 123.376767 123.380302 123.390906 123.398859 123.412114 0.000000 0.000000 0.000000 0.000000 0.000000 0.000000 0.000000 0.000000 0.000000 0.000000 0.000000 0.000000 0.000000 0.000000 0.000000 0.000000 0.000000 0.000000 0.000000 0.000000 0.000000 0.000000
123.314642 123.308456 123.304922 123.299620 123.293434 123.289765 123.284463 123.280045 123.274743 123.268557 123.263255 123.259720 123.254418 123.248982 123.246331 123.246331 123.254418 123.266790 123.272092 123.275626 123.281812 123.287998 123.296085 123.299620 123.303154 123.311107 123.320828 123.327897 123.335984 123.348356 123.354541 123.369564 123.373098 123.380302 123.387371 123.394441 123.406812 0.000000 0.000000 0.000000 0.000000 0.000000 0.000000 0.000000 0.000000 0.000000 0.000000 0.000000 0.000000 0.000000 0.000000 0.000000 0.000000 0.000000 0.000000 0.000000 0.000000 0.000000 0.000000 0.000000 0.000000
123.310224 123.305805 123.300503 123.296085 123.289765 123.284463 123.280928 123.274743 123.270324 123.265022 123.260604 123.255302 123.250884 123.249866 123.255302 123.258837 123.269441 123.276510 123.279161 123.287114 123.296969 123.301387 123.304922 123.307573 123.315526 123.329664 123.338635 123.343937 123.351007 123.363378 123.371331 123.382069 123.387371 123.392673 123.398859 123.416667 0.000000 0.000000 0.000000 0.000000 0.000000 0.000000 0.000000 0.000000 0.000000 0.000000 0.000000 0.000000 0.000000 0.000000 0.000000 0.000000 0.000000 0.000000 0.000000 0.000000 0.000000 0.000000 0.000000 0.000000 0.000000
