FireSTARR/test/constant/C2_S060_A000_WD000_WS020/arrival.asc
ncols         187
nrows         131
xllcorner     408203.990666
yllcorner     12736155.311160
cellsize      100.000000
NODATA_value  0.000000
[rows 27 to 53 of 131, columns 122 to 182 of 187]
123.320828 123.304922 123.288881 123.272975 123.256186 123.241029 123.224239 123.207315 123.191409 123.185224 123.168434 123.160347 123.156812 123.149743 123.145324 123.140906 123.135604 123.131186 123.126767 123.121331 123.115145 123.110727 123.105425 123.100123 123.095705 123.090403 123.086868 123.081432 123.077013 123.075246 123.076130 123.083199 123.097472 123.102774 123.111611 123.116913 123.128535 123.137371 123.151510 123.162114 123.168434 123.180805 123.190526 123.203781 123.219821 123.229541 123.241913 123.255302 123.265906 123.282696 123.297852 123.311991 123.333199 123.392673 0.000000 0.000000 0.000000 0.000000 0.000000 0.000000 0.000000
123.291532 123.274743 123.258837 123.242796 123.226007 123.210101 123.197595 123.188758 123.172852 123.165649 123.161230 123.155928 123.151510 123.147092 123.141790 123.137371 123.132069 123.126767 123.122215 123.116913 123.112494 123.108076 123.101890 123.096588 123.093054 123.086868 123.081432 123.078781 123.077897 123.086868 123.091286 123.106309 123.105425 123.114262 123.126767 123.136488 123.141790 123.159463 123.167550 123.177271 123.189642 123.199362 123.210984 123.226007 123.238378 123.248098 123.259720 123.275626 123.291532 123.304038 123.318177 123.330548 123.375000 0.000000 0.000000 0.000000 0.000000 0.000000 0.000000 0.000000 0.000000
123.263255 123.247215 123.230425 123.214519 123.202897 123.192293 123.177271 123.171969 123.166532 123.162114 123.158579 123.153277 123.147975 123.142673 123.138255 123.132953 123.127651 123.123098 123.117796 123.112494 123.108960 123.102774 123.098356 123.093937 123.088635 123.083333 123.081432 123.082315 123.091286 123.099239 123.108960 123.113378 123.123098 123.133837 123.146208 123.148859 123.162114 123.177271 123.185224 123.200246 123.207315 123.218937 123.230425 123.247215 123.258837 123.272975 123.278277 123.292550 123.311991 123.325246 123.342170 123.358960 0.000000 0.000000 0.000000 0.000000 0.000000 0.000000 0.000000 0.000000 0.000000
123.234843 123.218937 123.209217 123.197595 123.182573 123.178154 123.173736 123.169318 123.162998 123.159463 123.154161 123.148859 123.144441 123.139139 123.133837 123.128535 123.123982 123.119564 123.115145 123.109843 123.103658 123.100123 123.094821 123.088635 123.085984 123.085101 123.093054 123.097472 123.108076 123.112494 123.120447 123.131186 123.143557 123.152394 123.156812 123.170201 123.180805 123.192293 123.202013 123.215403 123.228658 123.239262 123.256186 123.267673 123.273859 123.286230 123.300503 123.319944 123.328781 123.344821 123.358960 123.400626 0.000000 0.000000 0.000000 0.000000 0.000000 0.000000 0.000000 0.000000 0.000000
123.215403 123.200246 123.188758 123.186107 123.179038 123.175503 123.169318 123.163881 123.160347 123.155045 123.149743 123.145324 123.140022 123.133837 123.129418 123.124866 123.120447 123.116029 123.110727 123.106309 123.101007 123.095705 123.090403 123.087752 123.088635 123.101007 123.105425 123.116029 123.117796 123.124866 123.140906 123.148859 123.155928 123.166532 123.178154 123.189642 123.199362 123.208333 123.227774 123.238378 123.247215 123.259720 123.270324 123.282696 123.293434 123.307573 123.320828 123.337752 123.353658 123.366913 123.383837 0.000000 0.000000 0.000000 0.000000 0.000000 0.000000 0.000000 0.000000 0.000000 0.000000
123.194944 123.192293 123.185224 123.180805 123.176387 123.170201 123.166532 123.161230 123.155928 123.151510 123.146208 123.140022 123.135604 123.130302 123.125884 123.121331 123.116913 123.111611 123.106309 123.101007 123.095705 123.093054 123.091286 123.101007 123.105425 123.114262 123.118680 123.126767 123.132953 123.144441 123.155045 123.162114 123.175503 123.189642 123.199362 123.208199 123.216286 123.229541 123.241913 123.256186 123.268557 123.279161 123.291667 123.300503 123.314642 123.328781 123.346588 123.356309 123.376767 123.385604 0.000000 0.000000 0.000000 0.000000 0.000000 0.000000 0.000000 0.000000 0.000000 0.000000 0.000000
123.192293 123.186107 123.181689 123.177271 123.171969 123.166667 123.162114 123.156812 123.152394 123.146208 123.141790 123.136488 123.132953 123.126767 123.122215 123.117796 123.112494 123.108076 123.102774 123.097472 123.094821 123.094821 123.102774 123.110727 123.122215 123.123982 123.131186 123.141790 123.152394 123.162114 123.170201 123.179038 123.190526 123.207315 123.211868 123.230425 123.237494 123.249866 123.260604 123.276510 123.287114 123.301387 123.310224 123.318177 123.336868 123.347472 123.365145 123.381186 123.394441 123.409463 0.000000 0.000000 0.000000 0.000000 0.000000 0.000000 0.000000 0.000000 0.000000 0.000000 0.000000
123.186991 123.183456 123.178154 123.171969 123.168434 123.162998 123.157696 123.153277 123.148859 123.142673 123.139139 123.133837 123.128535 123.123982 123.118680 123.113378 123.108960 123.102774 123.099239 123.098356 123.106309 123.111611 123.118680 123.125884 123.136488 123.140022 123.149743 123.160347 123.169318 123.178154 123.187875 123.201130 123.217170 123.219821 123.231309 123.249866 123.260604 123.271208 123.285347 123.297852 123.308456 123.315526 123.326130 123.339519 123.356309 123.372215 123.384720 123.404161 123.413881 0.000000 0.000000 0.000000 0.000000 0.000000 0.000000 0.000000 0.000000 0.000000 0.000000 0.000000 0.000000
123.184340 123.179038 123.174620 123.169318 123.163881 123.159463 123.154161 123.148859 123.143557 123.139139 123.134720 123.129418 123.124866 123.119564 123.115145 123.109843 123.103658 123.101890 123.101007 123.112494 123.121331 123.125884 123.129418 123.139139 123.147092 123.159463 123.169318 123.179038 123.186107 123.192293 123.208333 123.220705 123.228658 123.240145 123.251767 123.265022 123.274743 123.287998 123.305805 123.314642 123.322595 123.335101 123.347472 123.359843 123.373982 123.391790 123.406812 0.000000 0.000000 0.000000 0.000000 0.000000 0.000000 0.000000 0.000000 0.000000 0.000000 0.000000 0.000000 0.000000 0.000000
123.179922 123.174620 123.170201 123.164765 123.160347 123.155928 123.149743 123.145324 123.140906 123.135604 123.130302 123.125884 123.120447 123.115145 123.110727 123.106309 123.104541 123.107192 123.121331 123.130302 123.132953 123.140022 123.147975 123.151510 123.165649 123.175503 123.186991 123.193177 123.199362 123.212752 123.226007 123.241029 123.248098 123.259720 123.273859 123.283579 123.295201 123.314642 123.322595 123.335101 123.347472 123.356309 123.369564 123.386488 123.403277 0.000000 0.000000 0.000000 0.000000 0.000000 0.000000 0.000000 0.000000 0.000000 0.000000 0.000000 0.000000 0.000000 0.000000 0.000000 0.000000
123.175503 123.171085 123.166532 123.162114 123.155928 123.150626 123.147092 123.141790 123.136488 123.132069 123.126767 123.121331 123.116029 123.110727 123.108960 123.108076 123.116029 123.124866 123.134720 123.135604 123.144441 123.153277 123.158579 123.171969 123.182573 123.193177 123.201130 123.208199 123.226007 123.236611 123.241913 123.255302 123.272092 123.282696 123.291532 123.302271 123.318177 123.330548 123.337752 123.348356 123.364262 123.377651 123.387371 123.402394 123.416532 0.000000 0.000000 0.000000 0.000000 0.000000 0.000000 0.000000 0.000000 0.000000 0.000000 0.000000 0.000000 0.000000 0.000000 0.000000 0.000000
123.171969 123.166532 123.162998 123.157696 123.152394 123.147975 123.142673 123.137371 123.132953 123.127651 123.121331 123.117796 123.113378 123.111611 123.113378 123.120447 123.132069 123.139139 123.140906 123.151510 123.159463 123.166532 123.179922 123.186991 123.198479 123.210984 123.217170 123.226890 123.240145 123.250884 123.264139 123.272975 123.291667 123.300503 123.306689 123.320828 123.333333 123.344821 123.360727 123.378535 123.385604 123.394441 123.415649 0.000000 0.000000 0.000000 0.000000 0.000000 0.000000 0.000000 0.000000 0.000000 0.000000 0.000000 0.000000 0.000000 0.000000 0.000000 0.000000 0.000000 0.000000
123.169318 123.163881 123.157696 123.154161 123.148859 123.143557 123.139139 123.133837 123.127651 123.123098 123.117796 123.115145 123.114262 123.123098 123.128535 123.142673 123.142673 123.153277 123.161230 123.166532 123.179038 123.183456 123.197595 123.210984 123.217170 123.226890 123.236611 123.248098 123.260604 123.268557 123.283579 123.295201 123.308456 123.313758 123.333199 123.343937 123.353658 123.362494 123.375000 123.392673 123.405045 123.414765 0.000000 0.000000 0.000000 0.000000 0.000000 0.000000 0.000000 0.000000 0.000000 0.000000 0.000000 0.000000 0.000000 0.000000 0.000000 0.000000 0.000000 0.000000 0.000000
123.164765 123.159463 123.155045 123.149743 123.144441 123.140022 123.133837 123.128535 123.124866 123.119564 123.117796 123.118680 123.132069 123.136488 123.145324 123.146208 123.155045 123.164765 123.170201 123.179922 123.192293 123.202013 123.213635 123.226890 123.233076 123.245447 123.257069 123.263255 123.274743 123.286230 123.301387 123.316409 123.327013 123.334217 123.350123 123.357192 123.373982 123.385604 123.404161 123.411230 0.000000 0.000000 0.000000 0.000000 0.000000 0.000000 0.000000 0.000000 0.000000 0.000000 0.000000 0.000000 0.000000 0.000000 0.000000 0.000000 0.000000 0.000000 0.000000 0.000000 0.000000
123.161230 123.155928 123.150626 123.146208 123.140906 123.136488 123.131186 123.123982 123.122215 123.121331 123.131186 123.140022 123.146208 123.149743 123.157696 123.163881 123.171969 123.177271 123.188758 123.200246 123.210984 123.223356 123.233076 123.242796 123.254418 123.263255 123.271208 123.283579 123.294318 123.313758 123.321711 123.333199 123.341286 123.358960 123.361611 123.374866 123.391790 123.403277 0.000000 0.000000 0.000000 0.000000 0.000000 0.000000 0.000000 0.000000 0.000000 0.000000 0.000000 0.000000 0.000000 0.000000 0.000000 0.000000 0.000000 0.000000 0.000000 0.000000 0.000000 0.000000 0.000000
123.156812 123.151510 123.147092 123.140906 123.136488 123.132069 123.126767 123.124866 123.124866 123.133837 123.143557 123.153277 123.152394 123.161230 123.173736 123.179038 123.182573 123.196711 123.208199 123.224239 123.230425 123.236611 123.249866 123.258837 123.268557 123.281812 123.291532 123.305805 123.313758 123.329664 123.341286 123.350123 123.360727 123.369564 123.389139 123.400626 123.410347 0.000000 0.000000 0.000000 0.000000 0.000000 0.000000 0.000000 0.000000 0.000000 0.000000 0.000000 0.000000 0.000000 0.000000 0.000000 0.000000 0.000000 0.000000 0.000000 0.000000 0.000000 0.000000 0.000000 0.000000
123.153277 123.147975 123.143557 123.138255 123.132069 123.128535 123.127651 123.136488 123.145324 123.152394 123.155928 123.160347 123.168434 123.179038 123.185224 123.194944 123.207315 123.219821 123.227774 123.239262 123.243680 123.254418 123.271208 123.275626 123.286230 123.297852 123.309340 123.321711 123.335984 123.350123 123.357192 123.369564 123.376767 123.388255 123.405045 0.000000 0.000000 0.000000 0.000000 0.000000 0.000000 0.000000 0.000000 0.000000 0.000000 0.000000 0.000000 0.000000 0.000000 0.000000 0.000000 0.000000 0.000000 0.000000 0.000000 0.000000 0.000000 0.000000 0.000000 0.000000 0.000000
123.148859 123.143557 123.139139 123.133837 123.131186 123.131186 123.140022 123.150626 123.159463 123.159463 123.167550 123.177271 123.182573 123.188758 123.197595 123.208333 123.224239 123.233960 123.248098 123.250884 123.260604 123.272092 123.285347 123.295201 123.308456 123.315526 123.331432 123.344821 123.358076 123.365145 123.379418 123.385604 123.395324 123.413881 0.000000 0.000000 0.000000 0.000000 0.000000 0.000000 0.000000 0.000000 0.000000 0.000000 0.000000 0.000000 0.000000 0.000000 0.000000 0.000000 0.000000 0.000000 0.000000 0.000000 0.000000 0.000000 0.000000 0.000000 0.000000 0.000000 0.000000
123.144441 123.139139 123.135604 123.134720 123.141790 123.146208 123.157696 123.162998 123.165649 123.171969 123.185224 123.186991 123.198479 123.205548 123.218054 123.232192 123.243680 123.257069 123.258837 123.268557 123.287114 123.293434 123.302271 123.312875 123.323479 123.334217 123.352774 123.359843 123.373098 123.381186 123.394441 123.403277 123.415649 0.000000 0.000000 0.000000 0.000000 0.000000 0.000000 0.000000 0.000000 0.000000 0.000000 0.000000 0.000000 0.000000 0.000000 0.000000 0.000000 0.000000 0.000000 0.000000 0.000000 0.000000 0.000000 0.000000 0.000000 0.000000 0.000000 0.000000 0.000000
123.140022 123.138255 123.137371 123.145324 123.150626 123.166532 123.165649 123.173736 123.181689 123.189642 123.194944 123.206432 123.213635 123.224239 123.237494 123.248098 123.261488 123.268557 123.277394 123.287998 123.300503 123.309340 123.321711 123.333199 123.343054 123.352774 123.371331 123.382069 123.390022 123.404161 123.411230 0.000000 0.000000 0.000000 0.000000 0.000000 0.000000 0.000000 0.000000 0.000000 0.000000 0.000000 0.000000 0.000000 0.000000 0.000000 0.000000 0.000000 0.000000 0.000000 0.000000 0.000000 0.000000 0.000000 0.000000 0.000000 0.000000 0.000000 0.000000 0.000000 0.000000
123.140906 123.145324 123.151510 123.159463 123.169318 123.173736 123.179922 123.188758 123.193177 123.199362 123.212752 123.222472 123.232192 123.243680 123.255302 123.267673 123.272975 123.284463 123.295201 123.311991 123.315526 123.324362 123.337752 123.351890 123.362494 123.373098 123.393557 123.398859 123.407696 0.000000 0.000000 0.000000 0.000000 0.000000 0.000000 0.000000 0.000000 0.000000 0.000000 0.000000 0.000000 0.000000 0.000000 0.000000 0.000000 0.000000 0.000000 0.000000 0.000000 0.000000 0.000000 0.000000 0.000000 0.000000 0.000000 0.000000 0.000000 0.000000 0.000000 0.000000 0.000000
123.152394 123.159463 123.166667 123.172852 123.182573 123.187875 123.196711 123.204664 123.208333 123.219821 123.233960 123.237494 123.249866 123.260604 123.272092 123.281812 123.293434 123.303154 123.313758 123.320828 123.332315 123.346588 123.359843 123.371331 123.381186 123.396208 123.407696 123.416532 0.000000 0.000000 0.000000 0.000000 0.000000 0.000000 0.000000 0.000000 0.000000 0.000000 0.000000 0.000000 0.000000 0.000000 0.000000 0.000000 0.000000 0.000000 0.000000 0.000000 0.000000 0.000000 0.000000 0.000000 0.000000 0.000000 0.000000 0.000000 0.000000 0.000000 0.000000 0.000000 0.000000
123.167550 123.175503 123.176387 123.187875 123.195828 123.199362 123.208199 123.220705 123.229541 123.235727 123.245447 123.258837 123.266790 123.280045 123.288881 123.298736 123.312875 123.322595 123.330548 123.342170 123.354541 123.369564 123.378535 123.390906 123.404161 123.415649 0.000000 0.000000 0.000000 0.000000 0.000000 0.000000 0.000000 0.000000 0.000000 0.000000 0.000000 0.000000 0.000000 0.000000 0.000000 0.000000 0.000000 0.000000 0.000000 0.000000 0.000000 0.000000 0.000000 0.000000 0.000000 0.000000 0.000000 0.000000 0.000000 0.000000 0.000000 0.000000 0.000000 0.000000 0.000000
123.179038 123.189642 123.196711 123.202897 123.209217 123.212752 123.222472 123.236611 123.244564 123.256186 123.266790 123.275626 123.289765 123.296969 123.304922 123.315526 123.327897 123.335101 123.351007 123.363378 123.373098 123.390022 123.399743 123.406812 0.000000 0.000000 0.000000 0.000000 0.000000 0.000000 0.000000 0.000000 0.000000 0.000000 0.000000 0.000000 0.000000 0.000000 0.000000 0.000000 0.000000 0.000000 0.000000 0.000000 0.000000 0.000000 0.000000 0.000000 0.000000 0.000000 0.000000 0.000000 0.000000 0.000000 0.000000 0.000000 0.000000 0.000000 0.000000 0.000000 0.000000
123.191409 123.201130 123.206432 123.216286 123.218054 123.230425 123.245447 123.253535 123.258837 123.272092 123.282696 123.296085 123.304922 123.311107 123.324362 123.332315 123.342170 123.354541 123.369564 123.379418 123.390022 123.407696 123.414765 0.000000 0.000000 0.000000 0.000000 0.000000 0.000000 0.000000 0.000000 0.000000 0.000000 0.000000 0.000000 0.000000 0.000000 0.000000 0.000000 0.000000 0.000000 0.000000 0.000000 0.000000 0.000000 0.000000 0.000000 0.000000 0.000000 0.000000 0.000000 0.000000 0.000000 0.000000 0.000000 0.000000 0.000000 0.000000 0.000000 0.000000 0.000000
123.207315 123.210984 123.222472 123.226007 123.245447 123.254418 123.257953 123.271208 123.280928 123.292550 123.304922 123.309340 123.318177 123.333199 123.338635 123.351007 123.363378 123.380302 123.384720 123.397092 123.415649 0.000000 0.000000 0.000000 0.000000 0.000000 0.000000 0.000000 0.000000 0.000000 0.000000 0.000000 0.000000 0.000000 0.000000 0.000000 0.000000 0.000000 0.000000 0.000000 0.000000 0.000000 0.000000 0.000000 0.000000 0.000000 0.000000 0.000000 0.000000 0.000000 0.000000 0.000000 0.000000 0.000000 0.000000 0.000000 0.000000 0.000000 0.000000 0.000000 0.000000
123.220705 123.230425 123.233960 123.245447 123.258837 123.261488 123.274743 123.285347 123.296969 123.307573 123.319944 123.325246 123.340403 123.347472 123.358076 123.371331 123.382953 123.392673 123.409463 123.416532 0.000000 0.000000 0.000000 0.000000 0.000000 0.000000 0.000000 0.000000 0.000000 0.000000 0.000000 0.000000 0.000000 0.000000 0.000000 0.000000 0.000000 0.000000 0.000000 0.000000 0.000000 0.000000 0.000000 0.000000 0.000000 0.000000 0.000000 0.000000 0.000000 0.000000 0.000000 0.000000 0.000000 0.000000 0.000000 0.000000 0.000000 0.000000 0.000000 0.000000 0.000000
