FireSTARR/test/constant/C2_S060_A180_WD225_WS020/arrival.asc
ncols         331
nrows         116
xllcorner     426503.990666
yllcorner     12748055.311160
cellsize      100.000000
NODATA_value  0.000000
[rows 81 to 107 of 116, columns 61 to 121 of 331]
123.289604 123.274827 123.260640 123.255320 123.240844 123.227840 123.222520 123.203907 123.196813 123.180262 123.159284 123.158102 123.156329 123.130911 123.126182 123.120573 123.118209 123.117618 123.113480 123.106387 123.104613 123.102840 123.103431 123.104613 123.105795 123.108751 123.113480 123.118800 123.123529 123.125000 123.129138 123.134458 123.139778 123.144507 123.146871 123.152191 123.157511 123.162240 123.164013 123.169031 123.174351 123.179671 123.184991 123.190311 123.195040 123.200951 123.204498 123.207453 123.213062 123.217791 123.223111 123.228431 123.233751 123.239071 123.243800 123.249711 123.254138 123.257684 123.263004 123.268324 123.273053
123.251182 123.236707 123.236707 123.218382 123.205089 123.196813 123.178489 123.155738 123.154555 123.151600 123.127364 123.126182 123.116435 123.114071 123.111707 123.109342 123.101067 123.099884 123.098702 123.099293 123.101067 123.102249 123.105795 123.110524 123.115844 123.119982 123.121164 123.126182 123.130320 123.134458 123.139778 123.145098 123.148644 123.152782 123.158102 123.159875 123.165195 123.170213 123.175533 123.180853 123.186173 123.191493 123.196813 123.200951 123.203315 123.208333 123.213653 123.218973 123.224293 123.229613 123.234933 123.239662 123.244982 123.250000 123.255320 123.260640 123.265960 123.271280 123.276009 123.281329 123.286649
123.216609 123.205680 123.192675 123.176716 123.151009 123.148644 123.148053 123.126182 123.122347 123.112298 123.109933 123.107569 123.105795 123.096929 123.096929 123.095156 123.095747 123.096929 123.098111 123.101658 123.106978 123.112298 123.115844 123.117618 123.121755 123.127364 123.132684 123.137413 123.142733 123.144507 123.149827 123.153964 123.156920 123.162240 123.167258 123.172578 123.177898 123.183218 123.188538 123.193267 123.195631 123.200360 123.205089 123.210698 123.215427 123.220156 123.226067 123.230795 123.236115 123.241435 123.246755 123.251773 123.257093 123.262413 123.267733 123.273053 123.278373 123.283693 123.289013 123.294031 123.298760
123.174351 123.147462 123.145098 123.143915 123.123529 123.118209 123.108751 123.106387 123.104613 123.101658 123.093382 123.091018 123.091018 123.092200 123.093382 123.094564 123.097520 123.102840 123.108160 123.112298 123.113480 123.119391 123.124120 123.129729 123.134458 123.138596 123.140960 123.145689 123.149827 123.153964 123.159284 123.164604 123.169622 123.174942 123.180262 123.184991 123.187947 123.193267 123.198587 123.203907 123.208924 123.214244 123.218973 123.224884 123.229613 123.234933 123.240253 123.245573 123.250591 123.255320 123.258867 123.264187 123.269507 123.274827 123.280147 123.285467 123.290787 123.294622 123.297578 123.302898 123.308218
123.135640 123.125591 123.114071 123.104613 123.102249 123.102249 123.097520 123.089244 123.088653 123.086880 123.088062 123.089244 123.090427 123.094564 123.099884 123.105204 123.108160 123.110524 123.115253 123.120573 123.125591 123.130320 123.134458 123.137413 123.142733 123.145689 123.149827 123.154555 123.159875 123.165195 123.170213 123.175533 123.180853 123.186173 123.191493 123.196813 123.202133 123.206862 123.212471 123.217791 123.223111 123.228431 123.232569 123.236115 123.241435 123.246164 123.251773 123.257093 123.262413 123.267142 123.272462 123.277782 123.283102 123.288422 123.289604 123.294622 123.299942 123.305262 123.310582 123.315902 123.321222
123.100475 123.098111 123.098111 123.093382 123.085107 123.083333 123.083044 123.084516 123.085698 123.086880 123.090427 123.095156 123.100475 123.104613 123.106978 123.112298 123.117618 123.122938 123.127956 123.129729 123.134458 123.139778 123.142142 123.146871 123.152782 123.157511 123.162831 123.168440 123.173760 123.178489 123.183809 123.189129 123.194449 123.199769 123.205089 123.210107 123.215427 123.220747 123.225475 123.227840 123.233160 123.238480 123.243209 123.249120 123.254138 123.259458 123.264187 123.270098 123.274827 123.280147 123.284284 123.286058 123.290787 123.296396 123.301124 123.306444 123.311764 123.317084 123.322404 123.327724 123.333044
123.089836 123.081271 123.079498 123.079498 123.080680 123.081862 123.083333 123.087471 123.092200 123.097520 123.101067 123.102840 123.108160 123.113480 123.118800 123.123529 123.126182 123.131502 123.135640 123.139187 123.144507 123.149827 123.154555 123.159875 123.165195 123.170804 123.175533 123.180853 123.186173 123.191493 123.196813 123.202133 123.207453 123.212471 123.217791 123.221338 123.224884 123.230204 123.235524 123.240253 123.245573 123.251182 123.255911 123.261231 123.266551 123.271871 123.277191 123.280147 123.282511 123.287831 123.292849 123.298169 123.303489 123.308809 123.314129 123.319449 123.324178 123.329498 123.334516 123.339836 123.345156
123.075360 123.076542 123.078315 123.079498 123.083924 123.089244 123.094564 123.096929 123.099884 123.105204 123.110524 123.115253 123.118209 123.123529 123.127956 123.130320 123.135640 123.140960 123.146280 123.151009 123.156329 123.161649 123.166667 123.171987 123.177307 123.182627 123.187947 123.193267 123.198587 123.203907 123.208924 123.213062 123.216609 123.221929 123.227249 123.232569 123.237889 123.243209 123.247938 123.253547 123.258867 123.264187 123.268324 123.271871 123.276009 123.280147 123.284875 123.290195 123.295804 123.301124 123.305853 123.311173 123.316493 123.321813 123.327133 123.332453 123.337471 123.342791 123.348111 123.353431 123.358751
123.075951 123.080089 123.085107 123.089836 123.093382 123.095747 123.100475 123.105795 123.111115 123.116435 123.119982 123.122347 123.127364 123.132684 123.138004 123.143324 123.148644 123.153964 123.159284 123.164604 123.169622 123.174942 123.180262 123.185582 123.190311 123.195631 123.200951 123.205089 123.208924 123.214244 123.218973 123.224293 123.229613 123.234342 123.238480 123.243800 123.248529 123.254138 123.259458 123.264778 123.269507 123.271871 123.277191 123.281920 123.287240 123.292258 123.297578 123.302898 123.308218 123.312947 123.318267 123.323587 123.328907 123.333924 123.339244 123.344564 123.349884 123.355204 123.359933 123.365253 123.370573
123.087471 123.089244 123.091609 123.096929 123.102249 123.106978 123.112298 123.116435 123.119391 123.124711 123.129729 123.135049 123.140369 123.145689 123.151009 123.156329 123.161649 123.166667 123.171987 123.177307 123.182627 123.187947 123.192675 123.197404 123.200360 123.205680 123.211289 123.216018 123.221929 123.226067 123.229613 123.234933 123.240253 123.244982 123.250000 123.255320 123.260640 123.265960 123.267733 123.273053 123.278373 123.283693 123.289013 123.294031 123.299351 123.304671 123.309991 123.314720 123.320040 123.325360 123.330680 123.335698 123.341018 123.346338 123.351658 123.356978 123.362298 123.367618 123.372347 123.377956 123.383276
123.093973 123.099293 123.104022 123.109342 123.111115 123.116435 123.121755 123.126773 123.132093 123.137413 123.142733 123.148053 123.153373 123.158693 123.163422 123.169031 123.174351 123.179671 123.184400 123.190311 123.192675 123.196222 123.201542 123.206271 123.211880 123.217200 123.222520 123.227249 123.232569 123.237889 123.243209 123.248529 123.250591 123.255320 123.260640 123.265960 123.271280 123.276009 123.281329 123.286649 123.291667 123.296987 123.302307 123.307627 123.312947 123.318267 123.323587 123.328907 123.333924 123.338653 123.343973 123.349293 123.354613 123.359933 123.365253 123.370573 123.375591 123.380911 123.385640 123.390960 123.396280
123.105204 123.108160 123.113480 123.118800 123.124120 123.129729 123.134458 123.139778 123.145098 123.150418 123.155738 123.160467 123.166378 123.171396 123.176716 123.182036 123.186764 123.189720 123.193267 123.198587 123.203315 123.208333 123.213653 123.218973 123.224293 123.229613 123.234933 123.240253 123.244391 123.246755 123.251773 123.257093 123.262413 123.267733 123.272462 123.277782 123.283102 123.288422 123.293440 123.298760 123.304080 123.309400 123.314720 123.320040 123.325360 123.330680 123.335698 123.341018 123.346338 123.351658 123.356978 123.362298 123.367027 123.372347 123.377956 123.382684 123.388004 123.393324 123.398053 123.401600 123.406329
123.115844 123.121164 123.126182 123.131502 123.136822 123.141551 123.146871 123.152191 123.157511 123.162831 123.167849 123.173169 123.178489 123.183809 123.185582 123.190902 123.196222 123.201542 123.206862 123.211880 123.217200 123.222520 123.227249 123.229613 123.234342 123.239071 123.244391 123.249711 123.254729 123.260049 123.265369 123.270689 123.276009 123.280738 123.286058 123.291378 123.296987 123.302307 123.307036 123.312355 123.317675 123.322995 123.328315 123.333333 123.338062 123.343382 123.348702 123.354022 123.359342 123.364662 123.369982 123.375000 123.380320 123.384458 123.388004 123.393324 123.398644 123.403373 123.408693 123.414013 0.000000
123.128547 123.133867 123.139187 123.144507 123.149827 123.155147 123.160467 123.165195 123.170804 123.176124 123.179671 123.182627 123.187947 123.193267 123.198587 123.203907 123.208924 123.213653 123.218382 123.222520 123.227840 123.232569 123.237889 123.243209 123.248529 123.253547 123.258867 123.264187 123.269507 123.274827 123.280147 123.285467 123.290195 123.295804 123.301124 123.306444 123.311764 123.317084 123.321813 123.327133 123.332453 123.338062 123.342791 123.348111 123.353431 123.357569 123.359933 123.365253 123.370573 123.375591 123.380911 123.385640 123.390960 123.396280 123.401600 123.406920 123.412240 0.000000 0.000000 0.000000 0.000000
123.139778 123.145098 123.150418 123.155738 123.161058 123.166378 123.171396 123.175533 123.178489 123.183218 123.188538 123.193858 123.199178 123.204498 123.209516 123.214244 123.219564 123.224884 123.230204 123.235524 123.240844 123.246164 123.251182 123.255911 123.261231 123.266551 123.271871 123.277191 123.282511 123.287831 123.292849 123.297578 123.302898 123.308218 123.313538 123.318858 123.324178 123.329498 123.334516 123.339836 123.345156 123.350475 123.352249 123.356978 123.362298 123.367618 123.372938 123.377956 123.383276 123.388596 123.393915 123.399235 123.404555 123.409284 123.414604 0.000000 0.000000 0.000000 0.000000 0.000000 0.000000
123.152782 123.158102 123.162831 123.168440 123.171396 123.175533 123.180262 123.185582 123.190902 123.196222 123.201542 123.206862 123.211880 123.217200 123.222520 123.227840 123.232569 123.237889 123.243209 123.248529 123.253547 123.259458 123.264187 123.269507 123.274827 123.280147 123.285467 123.290787 123.295804 123.301124 123.306444 123.311764 123.317084 123.322404 123.327133 123.332453 123.337471 123.340427 123.345156 123.350475 123.355795 123.361115 123.366435 123.371755 123.376773 123.381502 123.386822 123.392142 123.397462 123.402782 123.408102 123.413422 0.000000 0.000000 0.000000 0.000000 0.000000 0.000000 0.000000 0.000000 0.000000
123.165787 123.167849 123.173169 123.177898 123.183809 123.188538 123.193858 123.199178 123.204498 123.209516 123.214836 123.220156 123.224884 123.230795 123.235524 123.240844 123.246164 123.251182 123.256502 123.261822 123.266551 123.271871 123.277191 123.282511 123.287831 123.292849 123.298169 123.302898 123.308809 123.313538 123.318858 123.324178 123.328315 123.331862 123.337471 123.342200 123.347520 123.352840 123.358160 123.363480 123.368800 123.374120 123.379138 123.384458 123.389778 123.395098 123.399827 123.405738 123.410467 123.415787 0.000000 0.000000 0.000000 0.000000 0.000000 0.000000 0.000000 0.000000 0.000000 0.000000 0.000000
123.174942 123.180262 123.185582 123.190902 123.195631 123.200951 123.206271 123.211880 123.216609 123.221929 123.227249 123.232569 123.237889 123.243209 123.248529 123.253547 123.258867 123.264187 123.269507 123.274827 123.280147 123.284875 123.290195 123.295804 123.301124 123.305262 123.308809 123.314129 123.319449 123.324769 123.330089 123.335107 123.340427 123.345156 123.350475 123.355795 123.361115 123.366435 123.371755 123.376773 123.381502 123.387413 123.392142 123.397462 123.402782 123.408102 123.413422 0.000000 0.000000 0.000000 0.000000 0.000000 0.000000 0.000000 0.000000 0.000000 0.000000 0.000000 0.000000 0.000000 0.000000
123.186764 123.192084 123.197404 123.202724 123.208044 123.213062 123.218382 123.223702 123.229022 123.234342 123.239662 123.244982 123.250000 123.254729 123.260049 123.265369 123.270689 123.276009 123.281329 123.286649 123.291378 123.296396 123.301716 123.307036 123.312355 123.317675 123.322995 123.328315 123.333333 123.338062 123.343382 123.348702 123.354022 123.359342 123.364662 123.369391 123.375000 123.380320 123.385640 123.390960 123.396280 123.401009 123.406329 123.411649 123.416667 0.000000 0.000000 0.000000 0.000000 0.000000 0.000000 0.000000 0.000000 0.000000 0.000000 0.000000 0.000000 0.000000 0.000000 0.000000 0.000000
123.199769 123.205089 123.209516 123.214836 123.220156 123.225475 123.230795 123.236115 123.240844 123.246164 123.251773 123.256502 123.261822 123.267142 123.272462 123.277782 123.283102 123.287831 123.293440 123.298760 123.304080 123.308809 123.314129 123.319449 123.324769 123.330089 123.335107 123.340427 123.345747 123.350475 123.355795 123.361115 123.366435 123.371755 123.376773 123.382093 123.387413 123.392733 123.397462 123.402782 123.408102 123.413422 0.000000 0.000000 0.000000 0.000000 0.000000 0.000000 0.000000 0.000000 0.000000 0.000000 0.000000 0.000000 0.000000 0.000000 0.000000 0.000000 0.000000 0.000000 0.000000
123.213653 123.218382 123.223702 123.229022 123.234342 123.239662 123.244982 123.250000 123.254729 123.260049 123.265369 123.270689 123.276009 123.281329 123.286649 123.291667 123.296987 123.302307 123.307627 123.312947 123.317675 123.323587 123.328315 123.333333 123.338653 123.344564 123.349293 123.354613 123.359933 123.365253 123.370573 123.375591 123.380911 123.385640 123.390960 123.396280 123.401600 123.406920 123.412240 0.000000 0.000000 0.000000 0.000000 0.000000 0.000000 0.000000 0.000000 0.000000 0.000000 0.000000 0.000000 0.000000 0.000000 0.000000 0.000000 0.000000 0.000000 0.000000 0.000000 0.000000 0.000000
123.226067 123.231387 123.236115 123.241435 123.246755 123.252364 123.257093 123.262413 123.267733 123.273053 123.278373 123.283693 123.289013 123.294031 123.299351 123.304671 123.309991 123.314720 123.320631 123.325360 123.330680 123.336289 123.341609 123.346338 123.351658 123.356978 123.362298 123.367618 123.372938 123.377956 123.383276 123.388596 123.393915 123.399235 123.404555 123.409875 123.415195 0.000000 0.000000 0.000000 0.000000 0.000000 0.000000 0.000000 0.000000 0.000000 0.000000 0.000000 0.000000 0.000000 0.000000 0.000000 0.000000 0.000000 0.000000 0.000000 0.000000 0.000000 0.000000 0.000000 0.000000
123.239071 123.244391 123.249711 123.254729 123.260049 123.265369 123.270689 123.276009 123.280738 123.286058 123.291378 123.296396 123.301716 123.307036 123.312355 123.317675 123.322404 123.327724 123.333044 123.338062 123.343382 123.348702 123.354022 123.359342 123.364662 123.369391 123.374711 123.380320 123.385640 123.390369 123.395689 123.401009 123.406329 123.411649 123.416667 0.000000 0.000000 0.000000 0.000000 0.000000 0.000000 0.000000 0.000000 0.000000 0.000000 0.000000 0.000000 0.000000 0.000000 0.000000 0.000000 0.000000 0.000000 0.000000 0.000000 0.000000 0.000000 0.000000 0.000000 0.000000 0.000000
123.251182 123.255911 123.261231 123.266551 123.271871 123.277191 123.282511 123.287240 123.292849 123.298169 123.303489 123.308809 123.314129 123.318858 123.324178 123.329498 123.334516 123.339836 123.345156 123.349884 123.355795 123.360524 123.365844 123.371164 123.376182 123.381502 123.386822 123.392142 123.396871 123.402191 123.407511 123.412831 0.000000 0.000000 0.000000 0.000000 0.000000 0.000000 0.000000 0.000000 0.000000 0.000000 0.000000 0.000000 0.000000 0.000000 0.000000 0.000000 0.000000 0.000000 0.000000 0.000000 0.000000 0.000000 0.000000 0.000000 0.000000 0.000000 0.000000 0.000000 0.000000
123.265369 123.270689 123.276009 123.281329 123.286649 123.291378 123.296987 123.302307 123.307036 123.312355 123.317675 123.322995 123.328315 123.333044 123.336880 123.342200 123.346929 123.352249 123.357569 123.362889 123.368209 123.373529 123.378547 123.383867 123.389187 123.394507 123.399827 123.405147 123.409875 123.415787 0.000000 0.000000 0.000000 0.000000 0.000000 0.000000 0.000000 0.000000 0.000000 0.000000 0.000000 0.000000 0.000000 0.000000 0.000000 0.000000 0.000000 0.000000 0.000000 0.000000 0.000000 0.000000 0.000000 0.000000 0.000000 0.000000 0.000000 0.000000 0.000000 0.000000 0.000000
123.276600 123.281920 123.287240 123.292258 123.297578 123.302898 123.308218 123.313538 123.318858 123.324178 123.329498 123.334516 123.339244 123.344564 123.349884 123.355204 123.360524 123.365253 123.370573 123.376182 123.381502 123.386231 123.392142 123.396871 123.402191 123.407511 123.412831 0.000000 0.000000 0.000000 0.000000 0.000000 0.000000 0.000000 0.000000 0.000000 0.000000 0.000000 0.000000 0.000000 0.000000 0.000000 0.000000 0.000000 0.000000 0.000000 0.000000 0.000000 0.000000 0.000000 0.000000 0.000000 0.000000 0.000000 0.000000 0.000000 0.000000 0.000000 0.000000 0.000000 0.000000
123.291378 123.296396 123.301716 123.307036 123.312355 123.317675 123.322404 123.327724 123.333044 123.338062 123.343382 123.348702 123.354022 123.359342 123.364662 123.369391 123.374711 123.379729 123.385049 123.390369 123.395689 123.400418 123.406329 123.411058 123.416378 0.000000 0.000000 0.000000 0.000000 0.000000 0.000000 0.000000 0.000000 0.000000 0.000000 0.000000 0.000000 0.000000 0.000000 0.000000 0.000000 0.000000 0.000000 0.000000 0.000000 0.000000 0.000000 0.000000 0.000000 0.000000 0.000000 0.000000 0.000000 0.000000 0.000000 0.000000 0.000000 0.000000 0.000000 0.000000 0.000000
