FireSTARR/test/constant/C2_S060_A180_WD225_WS020/arrival.asc
ncols         331
nrows         116
xllcorner     426503.990666
yllcorner     12748055.311160
cellsize      100.000000
NODATA_value  0.000000
[rows 81 to 107 of 116, columns 0 to 60 of 331]
0.000000 0.000000 0.000000 0.000000 0.000000 0.000000 0.000000 0.000000 0.000000 0.000000 0.000000 0.000000 0.000000 0.000000 0.000000 0.000000 0.000000 0.000000 0.000000 0.000000 0.000000 0.000000 0.000000 0.000000 0.000000 0.000000 0.000000 0.000000 0.000000 0.000000 0.000000 0.000000 0.000000 0.000000 0.000000 0.000000 0.000000 0.000000 0.000000 0.000000 0.000000 0.000000 0.000000 0.000000 0.000000 0.000000 0.000000 0.000000 0.000000 0.000000 0.000000 0.000000 0.000000 0.000000 123.407511 123.398644 123.376773 123.357569 123.351658 123.330680 123.312947
0.000000 0.000000 0.000000 0.000000 0.000000 0.000000 0.000000 0.000000 0.000000 0.000000 0.000000 0.000000 0.000000 0.000000 0.000000 0.000000 0.000000 0.000000 0.000000 0.000000 0.000000 0.000000 0.000000 0.000000 0.000000 0.000000 0.000000 0.000000 0.000000 0.000000 0.000000 0.000000 0.000000 0.000000 0.000000 0.000000 0.000000 0.000000 0.000000 0.000000 0.000000 0.000000 0.000000 0.000000 0.000000 0.000000 0.000000 0.000000 0.000000 0.000000 0.000000 0.000000 123.401009 123.372347 123.365844 123.347520 123.333924 123.316493 123.299942 123.270098 123.261231
0.000000 0.000000 0.000000 0.000000 0.000000 0.000000 0.000000 0.000000 0.000000 0.000000 0.000000 0.000000 0.000000 0.000000 0.000000 0.000000 0.000000 0.000000 0.000000 0.000000 0.000000 0.000000 0.000000 0.000000 0.000000 0.000000 0.000000 0.000000 0.000000 0.000000 0.000000 0.000000 0.000000 0.000000 0.000000 0.000000 0.000000 0.000000 0.000000 0.000000 0.000000 0.000000 0.000000 0.000000 0.000000 0.000000 0.000000 0.000000 123.414604 123.400418 123.386822 123.367027 123.341609 123.328907 123.316493 123.302307 123.283102 123.264187 123.246755 123.234342 123.226067
0.000000 0.000000 0.000000 0.000000 0.000000 0.000000 0.000000 0.000000 0.000000 0.000000 0.000000 0.000000 0.000000 0.000000 0.000000 0.000000 0.000000 0.000000 0.000000 0.000000 0.000000 0.000000 0.000000 0.000000 0.000000 0.000000 0.000000 0.000000 0.000000 0.000000 0.000000 0.000000 0.000000 0.000000 0.000000 0.000000 0.000000 0.000000 0.000000 0.000000 0.000000 0.000000 0.000000 0.000000 0.000000 0.000000 123.409875 123.382684 123.369391 123.354022 123.336880 123.310582 123.291378 123.287240 123.256502 123.250591 123.239071 123.224293 123.212471 123.193858 123.180262
0.000000 0.000000 0.000000 0.000000 0.000000 0.000000 0.000000 0.000000 0.000000 0.000000 0.000000 0.000000 0.000000 0.000000 0.000000 0.000000 0.000000 0.000000 0.000000 0.000000 0.000000 0.000000 0.000000 0.000000 0.000000 0.000000 0.000000 0.000000 0.000000 0.000000 0.000000 0.000000 0.000000 0.000000 0.000000 0.000000 0.000000 0.000000 0.000000 0.000000 0.000000 0.000000 0.000000 123.401600 123.397462 123.376182 123.348702 123.338653 123.322404 123.303489 123.275418 123.258276 123.247938 123.234342 123.219564 123.208924 123.191493 123.188538 123.170213 123.151009 123.142733
0.000000 0.000000 0.000000 0.000000 0.000000 0.000000 0.000000 0.000000 0.000000 0.000000 0.000000 0.000000 0.000000 0.000000 0.000000 0.000000 0.000000 0.000000 0.000000 0.000000 0.000000 0.000000 0.000000 0.000000 0.000000 0.000000 0.000000 0.000000 0.000000 0.000000 0.000000 0.000000 0.000000 0.000000 0.000000 0.000000 0.000000 0.000000 0.000000 0.000000 123.409284 123.381502 123.376182 123.354022 123.337471 123.320040 123.305262 123.280738 123.266551 123.243800 123.233160 123.217791 123.204498 123.189129 123.184400 123.175533 123.162240 123.138004 123.135640 123.124711 123.109933
0.000000 0.000000 0.000000 0.000000 0.000000 0.000000 0.000000 0.000000 0.000000 0.000000 0.000000 0.000000 0.000000 0.000000 0.000000 0.000000 0.000000 0.000000 0.000000 0.000000 0.000000 0.000000 0.000000 0.000000 0.000000 0.000000 0.000000 0.000000 0.000000 0.000000 0.000000 0.000000 0.000000 0.000000 0.000000 0.000000 0.000000 123.404555 123.384458 123.371755 123.351658 123.341609 123.315902 123.304671 123.292849 123.271871 123.243800 123.233751 123.226067 123.200360 123.194449 123.180262 123.169031 123.156920 123.138596 123.133276 123.127956 123.105795 123.097520 123.096338 123.093973
0.000000 0.000000 0.000000 0.000000 0.000000 0.000000 0.000000 0.000000 0.000000 0.000000 0.000000 0.000000 0.000000 0.000000 0.000000 0.000000 0.000000 0.000000 0.000000 0.000000 0.000000 0.000000 0.000000 0.000000 0.000000 0.000000 0.000000 0.000000 0.000000 0.000000 0.000000 0.000000 0.000000 0.000000 0.000000 123.399235 123.372347 123.351067 123.338062 123.313538 123.311764 123.292849 123.271280 123.255320 123.234933 123.223702 123.199769 123.196222 123.170804 123.166667 123.153964 123.143915 123.129138 123.123529 123.105795 123.098702 123.092200 123.088653 123.085698 123.077133 123.075951
0.000000 0.000000 0.000000 0.000000 0.000000 0.000000 0.000000 0.000000 0.000000 0.000000 0.000000 0.000000 0.000000 0.000000 0.000000 0.000000 0.000000 0.000000 0.000000 0.000000 0.000000 0.000000 0.000000 0.000000 0.000000 0.000000 0.000000 0.000000 0.000000 0.000000 0.000000 0.000000 123.399827 123.383867 123.365844 123.335107 123.317675 123.307627 123.290195 123.283102 123.255911 123.237889 123.225475 123.205680 123.183809 123.170804 123.166378 123.149827 123.146871 123.125000 123.118209 123.102249 123.096929 123.088062 123.085107 123.081862 123.076542 123.071813 123.071813 123.072995 123.074178
0.000000 0.000000 0.000000 0.000000 0.000000 0.000000 0.000000 0.000000 0.000000 0.000000 0.000000 0.000000 0.000000 0.000000 0.000000 0.000000 0.000000 0.000000 0.000000 0.000000 0.000000 0.000000 0.000000 0.000000 0.000000 0.000000 0.000000 0.000000 0.000000 123.404555 123.399827 123.369982 123.348702 123.325951 123.302898 123.293440 123.278964 123.265369 123.245573 123.220747 123.207453 123.192675 123.164013 123.161649 123.145689 123.144507 123.121164 123.114662 123.098702 123.093973 123.084516 123.081271 123.077724 123.077133 123.067675 123.067675 123.069449 123.070631 123.071813 123.077133 123.082453
0.000000 0.000000 0.000000 0.000000 0.000000 0.000000 0.000000 0.000000 0.000000 0.000000 0.000000 0.000000 0.000000 0.000000 0.000000 0.000000 0.000000 0.000000 0.000000 0.000000 0.000000 0.000000 0.000000 0.000000 0.000000 0.000000 123.402782 123.395689 123.382684 123.358751 123.331271 123.302898 123.298760 123.274827 123.268324 123.251182 123.221929 123.212471 123.187355 123.174351 123.159875 123.157511 123.141551 123.117618 123.112298 123.096929 123.089836 123.080089 123.077133 123.074769 123.073587 123.064129 123.064129 123.065311 123.066493 123.068267 123.072995 123.078315 123.083333 123.085107 123.088653
0.000000 0.000000 0.000000 0.000000 0.000000 0.000000 0.000000 0.000000 0.000000 0.000000 0.000000 0.000000 0.000000 0.000000 0.000000 0.000000 0.000000 0.000000 0.000000 0.000000 0.000000 0.000000 0.000000 123.414013 123.391551 123.380911 123.361707 123.341018 123.317084 123.294031 123.278964 123.269507 123.245573 123.224293 123.211880 123.201542 123.178489 123.153373 123.152782 123.138004 123.113480 123.106978 123.095156 123.085698 123.075951 123.072995 123.069449 123.069449 123.059991 123.060582 123.061764 123.062947 123.065311 123.070040 123.075360 123.080089 123.081862 123.085107 123.089836 123.095156 123.100475
0.000000 0.000000 0.000000 0.000000 0.000000 0.000000 0.000000 0.000000 0.000000 0.000000 0.000000 0.000000 0.000000 0.000000 0.000000 0.000000 0.000000 0.000000 0.000000 0.000000 0.000000 123.406329 123.380320 123.353431 123.336289 123.318267 123.301124 123.286649 123.265369 123.250000 123.234342 123.208924 123.202133 123.183218 123.155147 123.149235 123.135049 123.109933 123.104613 123.098111 123.081862 123.072404 123.071222 123.065902 123.065311 123.056444 123.056444 123.057627 123.058809 123.060582 123.065902 123.070631 123.075951 123.077724 123.082453 123.087471 123.092791 123.096338 123.099884 123.105204 123.110524
0.000000 0.000000 0.000000 0.000000 0.000000 0.000000 0.000000 0.000000 0.000000 0.000000 0.000000 0.000000 0.000000 0.000000 0.000000 0.000000 0.000000 0.000000 123.398053 123.389187 123.365253 123.346338 123.333333 123.302898 123.284875 123.266551 123.244982 123.231387 123.208333 123.200951 123.181444 123.156329 123.144507 123.134458 123.107569 123.102840 123.096338 123.077724 123.070631 123.067675 123.064129 123.061173 123.052307 123.052898 123.054080 123.055262 123.057627 123.062947 123.068267 123.071813 123.074178 123.079498 123.084516 123.088653 123.092200 123.096929 123.102840 123.107569 123.112889 123.118209 123.123529
0.000000 0.000000 0.000000 0.000000 0.000000 0.000000 0.000000 0.000000 0.000000 0.000000 0.000000 0.000000 0.000000 0.000000 0.000000 123.413422 123.386822 123.365844 123.361115 123.333333 123.312355 123.290195 123.267733 123.248529 123.229022 123.208924 123.200951 123.182036 123.153373 123.151600 123.126773 123.117027 123.100475 123.091609 123.073587 123.068858 123.063538 123.060582 123.058218 123.048169 123.048760 123.049942 123.051716 123.053489 123.058809 123.064129 123.068267 123.070631 123.075360 123.080680 123.083924 123.087471 123.092791 123.098111 123.102840 123.108160 123.113480 123.118800 123.124120 123.129729 123.134458
0.000000 0.000000 0.000000 0.000000 0.000000 0.000000 0.000000 0.000000 0.000000 0.000000 0.000000 0.000000 0.000000 123.398053 123.375591 123.356387 123.344564 123.324178 123.298169 123.268915 123.253547 123.239071 123.223111 123.199769 123.174942 123.161649 123.142142 123.131502 123.115844 123.103431 123.081862 123.071222 123.064720 123.059400 123.056444 123.056444 123.044622 123.045213 123.046396 123.047578 123.049942 123.054671 123.059991 123.064129 123.067084 123.072404 123.076542 123.079498 123.084516 123.089836 123.095156 123.100475 123.105795 123.111115 123.115844 123.121755 123.126773 123.131502 123.136822 123.142142 123.147462
0.000000 0.000000 0.000000 0.000000 0.000000 0.000000 0.000000 0.000000 0.000000 0.000000 123.408102 123.386231 123.376182 123.342791 123.323587 123.304671 123.284875 123.260049 123.233751 123.217200 123.198587 123.185582 123.164013 123.140960 123.129138 123.117027 123.099293 123.082453 123.077724 123.064720 123.055262 123.052307 123.048760 123.040787 123.041378 123.042849 123.044031 123.046396 123.051716 123.054080 123.058809 123.064720 123.069449 123.072404 123.076542 123.081862 123.087471 123.092791 123.097520 123.102840 123.108160 123.113480 123.118800 123.124120 123.129138 123.134458 123.139778 123.145098 123.150418 123.155738 123.161058
0.000000 0.000000 0.000000 0.000000 0.000000 0.000000 0.000000 0.000000 123.396871 123.378547 123.360524 123.331271 123.304080 123.289013 123.263004 123.251182 123.224884 123.207453 123.190311 123.161649 123.143324 123.124711 123.106978 123.089836 123.079498 123.073587 123.058218 123.051124 123.048169 123.038422 123.036649 123.037831 123.039013 123.040195 123.042849 123.048169 123.051124 123.056444 123.061173 123.066493 123.068858 123.072995 123.078315 123.083333 123.088653 123.093973 123.099293 123.104613 123.109342 123.114662 123.119982 123.125000 123.130320 123.136231 123.140960 123.146280 123.151600 123.156920 123.161058 123.164604 123.169622
0.000000 0.000000 0.000000 0.000000 0.000000 0.000000 123.376182 123.358160 123.338062 123.312947 123.309400 123.268915 123.246164 123.226067 123.206271 123.192084 123.173169 123.155738 123.122347 123.112889 123.093973 123.077724 123.070040 123.053489 123.053489 123.045804 123.035467 123.033102 123.033693 123.034875 123.036058 123.039013 123.044622 123.049351 123.055262 123.059400 123.061173 123.065902 123.070631 123.075951 123.081271 123.086880 123.091609 123.097520 123.102249 123.107569 123.112889 123.118209 123.123529 123.128547 123.133867 123.139187 123.144507 123.149827 123.153373 123.155738 123.161058 123.165787 123.171396 123.176716 123.182036
0.000000 0.000000 0.000000 123.408693 123.375591 123.343973 123.326542 123.304671 123.277782 123.265369 123.239071 123.218382 123.188538 123.172578 123.154555 123.140369 123.117027 123.091609 123.075951 123.065902 123.050533 123.049351 123.041667 123.036058 123.028964 123.030147 123.031329 123.032511 123.036058 123.041378 123.046396 123.051716 123.055853 123.057627 123.062947 123.067675 123.073587 123.078315 123.083333 123.089244 123.094564 123.099293 123.104613 123.109933 123.115253 123.120573 123.125591 123.130911 123.136231 123.141551 123.146280 123.149235 123.152782 123.158102 123.162831 123.168440 123.173169 123.178489 123.183809 123.189129 123.194449
0.000000 0.000000 123.358751 123.342791 123.314129 123.287831 123.268324 123.248529 123.228431 123.199769 123.184991 123.155147 123.135640 123.117618 123.094564 123.084516 123.061764 123.046987 123.045804 123.037831 123.026009 123.025418 123.026009 123.027191 123.028964 123.031920 123.036649 123.042258 123.047578 123.051716 123.054080 123.058809 123.064129 123.069449 123.074769 123.079498 123.085107 123.090427 123.095747 123.101067 123.106387 123.111115 123.116435 123.121755 123.127364 123.132093 123.137413 123.142733 123.145098 123.150418 123.155738 123.161058 123.166378 123.171396 123.176716 123.182036 123.187355 123.192084 123.197404 123.202724 123.208044
0.000000 0.000000 123.297578 123.280738 123.251182 123.227249 123.208044 123.185582 123.165787 123.138004 123.118800 123.096338 123.084516 123.058809 123.049351 123.041378 123.033693 123.023644 123.021280 123.022462 123.023644 123.024827 123.027782 123.033102 123.038422 123.043440 123.048169 123.050533 123.055853 123.061173 123.066493 123.071813 123.077133 123.082453 123.087471 123.092791 123.098111 123.103431 123.108160 123.113480 123.118800 123.124120 123.129138 123.134458 123.139187 123.142142 123.147462 123.152782 123.158102 123.163422 123.168440 123.173169 123.178489 123.183809 123.189129 123.194449 123.199769 123.204498 123.210107 123.215427 123.220747
0.000000 123.348111 123.241435 123.213653 123.197995 123.178489 123.146280 123.132093 123.110524 123.084516 123.062947 123.052898 123.037240 123.029555 123.017733 123.017733 123.018324 123.020098 123.021280 123.024827 123.030147 123.035467 123.040195 123.042258 123.047578 123.052898 123.058218 123.063538 123.068858 123.074178 123.079498 123.084516 123.089244 123.094564 123.099884 123.105204 123.110524 123.115844 123.121164 123.126182 123.130320 123.133867 123.139187 123.144507 123.149827 123.155147 123.160467 123.165787 123.170804 123.176124 123.181444 123.186173 123.191493 123.196813 123.202133 123.207453 123.213062 123.217791 123.223111 123.228431 123.233751
0.000000 123.250000 123.182036 123.159284 123.146871 123.111115 123.083333 123.072995 123.046987 123.033693 123.024235 123.014187 123.013596 123.014778 123.015960 123.017142 123.020689 123.026009 123.031329 123.036649 123.041667 123.046987 123.049942 123.054080 123.059400 123.064720 123.070040 123.075360 123.080680 123.085698 123.091018 123.096338 123.101658 123.106978 123.112298 123.117027 123.122347 123.127956 123.133276 123.138596 123.143915 123.148644 123.153964 123.159284 123.164604 123.169622 123.174942 123.180262 123.185582 123.190902 123.196222 123.201542 123.206271 123.211880 123.217200 123.222520 123.227840 123.233160 123.237889 123.240844 123.246164
0.000000 123.152191 123.126773 123.099884 123.072995 123.054671 123.030738 123.028964 123.010049 123.010049 123.011231 123.012413 123.013596 123.017733 123.023053 123.028373 123.033693 123.039013 123.044031 123.045804 123.050533 123.055853 123.061173 123.065902 123.071222 123.076542 123.081862 123.086880 123.092200 123.097520 123.102840 123.108160 123.113480 123.118800 123.124120 123.129138 123.134458 123.139778 123.145098 123.150418 123.155738 123.160467 123.165787 123.171396 123.176124 123.181444 123.186764 123.192084 123.197404 123.202724 123.208044 123.213062 123.218382 123.223702 123.229022 123.234342 123.239662 123.244982 123.249711 123.254729 123.260049
123.325360 123.077133 123.064720 123.045213 123.024827 123.005911 123.005911 123.007093 123.008276 123.009458 123.014187 123.018915 123.024235 123.029555 123.034875 123.039604 123.042258 123.046396 123.051716 123.057036 123.062355 123.067675 123.072995 123.078315 123.083333 123.088062 123.093382 123.098702 123.104022 123.109342 123.114662 123.119982 123.125000 123.130320 123.135640 123.140960 123.146280 123.151009 123.156329 123.161649 123.166667 123.171987 123.177898 123.182627 123.187947 123.193267 123.198587 123.203907 123.208924 123.214244 123.218973 123.224293 123.229613 123.234933 123.240253 123.245573 123.250591 123.255911 123.260640 123.265960 123.271280
123.232569 123.018324 123.001773 123.002364 123.003547 123.004729 123.005911 123.011231 123.015960 123.021871 123.026600 123.031329 123.034875 123.039604 123.045213 123.049942 123.055853 123.060582 123.065902 123.071222 123.076542 123.081862 123.086880 123.092200 123.097520 123.102840 123.108160 123.113480 123.118800 123.123529 123.129138 123.134458 123.139778 123.145098 123.150418 123.155147 123.160467 123.165787 123.171396 123.176124 123.181444 123.186764 123.192084 123.197404 123.202724 123.208044 123.213062 123.217791 123.223111 123.228431 123.233751 123.239071 123.244391 123.249711 123.254729 123.260049 123.265369 123.270689 123.276009 123.280738 123.286058
