FireSTARR/test/constant/C2_S060_A270_WD000_WS020/arrival.asc
ncols         39
nrows         61
xllcorner     424703.990666
yllcorner     12747455.311160
cellsize      100.000000
NODATA_value  0.000000
[rows 0 to 38 of 61, columns 0 to 38 of 39]
0.000000 0.000000 0.000000 0.000000 0.000000 0.000000 0.000000 0.000000 0.000000 0.000000 0.000000 0.000000 0.000000 0.000000 0.000000 0.000000 0.000000 0.000000 123.416667 123.415041 123.416667 0.000000 0.000000 0.000000 0.000000 0.000000 0.000000 0.000000 0.000000 0.000000 0.000000 0.000000 0.000000 0.000000 0.000000 0.000000 0.000000 0.000000 0.000000
0.000000 0.000000 0.000000 0.000000 0.000000 0.000000 0.000000 0.000000 0.000000 0.000000 0.000000 0.000000 0.000000 0.000000 0.000000 0.000000 0.000000 123.415041 123.410592 123.406143 123.410592 123.415041 0.000000 0.000000 0.000000 0.000000 0.000000 0.000000 0.000000 0.000000 0.000000 0.000000 0.000000 0.000000 0.000000 0.000000 0.000000 0.000000 0.000000
0.000000 0.000000 0.000000 0.000000 0.000000 0.000000 0.000000 0.000000 0.000000 0.000000 0.000000 0.000000 0.000000 0.000000 0.000000 123.415041 123.410592 123.406143 123.401694 123.397245 123.401694 123.406143 123.410592 123.415041 0.000000 0.000000 0.000000 0.000000 0.000000 0.000000 0.000000 0.000000 0.000000 0.000000 0.000000 0.000000 0.000000 0.000000 0.000000
0.000000 0.000000 0.000000 0.000000 0.000000 0.000000 0.000000 0.000000 0.000000 0.000000 0.000000 0.000000 0.000000 123.416667 123.415041 123.406143 123.401694 123.397245 123.392796 123.388347 123.392796 123.397245 123.401694 123.406143 123.410592 123.416667 0.000000 0.000000 0.000000 0.000000 0.000000 0.000000 0.000000 0.000000 0.000000 0.000000 0.000000 0.000000 0.000000
0.000000 0.000000 0.000000 0.000000 0.000000 0.000000 0.000000 0.000000 0.000000 0.000000 0.000000 0.000000 123.415041 123.410592 123.406143 123.397245 123.392796 123.388347 123.383898 123.379449 123.383898 123.388347 123.392796 123.397245 123.401694 123.410592 123.415041 0.000000 0.000000 0.000000 0.000000 0.000000 0.000000 0.000000 0.000000 0.000000 0.000000 0.000000 0.000000
0.000000 0.000000 0.000000 0.000000 0.000000 0.000000 0.000000 0.000000 0.000000 0.000000 123.415041 123.410592 123.406143 123.401694 123.397245 123.388347 123.383898 123.379449 123.373374 123.368925 123.373374 123.379449 123.383898 123.388347 123.392796 123.401694 123.406143 123.410592 123.415041 0.000000 0.000000 0.000000 0.000000 0.000000 0.000000 0.000000 0.000000 0.000000 0.000000
0.000000 0.000000 0.000000 0.000000 0.000000 0.000000 0.000000 0.000000 123.416667 123.415041 123.406143 123.401694 123.397245 123.392796 123.388347 123.379449 123.375000 123.368925 123.364476 123.360027 123.364476 123.368925 123.373374 123.379449 123.383898 123.392796 123.397245 123.401694 123.406143 123.415041 123.416667 0.000000 0.000000 0.000000 0.000000 0.000000 0.000000 0.000000 0.000000
0.000000 0.000000 0.000000 0.000000 0.000000 0.000000 0.000000 123.415041 123.410592 123.406143 123.397245 123.392796 123.388347 123.383898 123.379449 123.373374 123.368925 123.360027 123.355578 123.351129 123.355578 123.360027 123.364476 123.373374 123.375000 123.383898 123.388347 123.392796 123.397245 123.406143 123.410592 123.415041 0.000000 0.000000 0.000000 0.000000 0.000000 0.000000 0.000000
0.000000 0.000000 0.000000 0.000000 0.000000 123.415041 123.410592 123.406143 123.401694 123.397245 123.388347 123.383898 123.379449 123.373374 123.368925 123.364476 123.360027 123.351129 123.346680 123.342231 123.346680 123.351129 123.355578 123.364476 123.368925 123.373374 123.379449 123.383898 123.388347 123.397245 123.401694 123.406143 123.410592 123.415041 0.000000 0.000000 0.000000 0.000000 0.000000
0.000000 0.000000 0.000000 0.000000 0.000000 123.410592 123.401694 123.397245 123.392796 123.388347 123.379449 123.375000 123.368925 123.364476 123.360027 123.355578 123.351129 123.342231 123.337782 123.333333 123.337782 123.342231 123.346680 123.355578 123.360027 123.364476 123.368925 123.373374 123.379449 123.388347 123.392796 123.397245 123.401694 123.406143 0.000000 0.000000 0.000000 0.000000 0.000000
0.000000 0.000000 0.000000 0.000000 0.000000 123.401694 123.392796 123.388347 123.383898 123.379449 123.373374 123.368925 123.360027 123.355578 123.351129 123.346680 123.342231 123.333333 123.327258 123.327258 123.327258 123.333333 123.337782 123.346680 123.351129 123.355578 123.360027 123.364476 123.373374 123.379449 123.383898 123.388347 123.392796 123.401694 0.000000 0.000000 0.000000 0.000000 0.000000
0.000000 0.000000 0.000000 0.000000 0.000000 123.401694 123.383898 123.379449 123.373374 123.368925 123.364476 123.360027 123.351129 123.346680 123.342231 123.337782 123.331707 123.327258 123.318361 123.318361 123.318361 123.327258 123.331707 123.337782 123.342231 123.346680 123.351129 123.355578 123.364476 123.368925 123.373374 123.379449 123.383898 123.397245 0.000000 0.000000 0.000000 0.000000 0.000000
0.000000 0.000000 0.000000 0.000000 123.415041 123.397245 123.375000 123.368925 123.364476 123.360027 123.355578 123.351129 123.342231 123.337782 123.331707 123.327258 123.322809 123.318361 123.309463 123.309463 123.309463 123.318361 123.322809 123.327258 123.331707 123.337782 123.342231 123.346680 123.355578 123.360027 123.364476 123.368925 123.373374 123.397245 123.415041 0.000000 0.000000 0.000000 0.000000
0.000000 0.000000 0.000000 0.000000 123.410592 123.392796 123.373374 123.360027 123.355578 123.351129 123.346680 123.342231 123.333333 123.331707 123.322809 123.318361 123.313912 123.309463 123.300565 123.300565 123.300565 123.309463 123.313912 123.318361 123.322809 123.327258 123.333333 123.337782 123.346680 123.351129 123.355578 123.360027 123.368925 123.388347 123.410592 0.000000 0.000000 0.000000 0.000000
0.000000 0.000000 0.000000 0.000000 123.410592 123.388347 123.368925 123.351129 123.346680 123.342231 123.337782 123.331707 123.327258 123.322809 123.313912 123.309463 123.305014 123.300565 123.291667 123.290041 123.291667 123.300565 123.305014 123.309463 123.313912 123.318361 123.327258 123.331707 123.337782 123.342231 123.346680 123.351129 123.368925 123.388347 123.406143 0.000000 0.000000 0.000000 0.000000
0.000000 0.000000 0.000000 0.000000 123.406143 123.388347 123.364476 123.346680 123.337782 123.331707 123.327258 123.322809 123.318361 123.313912 123.305014 123.300565 123.296116 123.290041 123.285592 123.281143 123.285592 123.290041 123.296116 123.300565 123.305014 123.309463 123.318361 123.322809 123.327258 123.331707 123.337782 123.342231 123.364476 123.383898 123.406143 0.000000 0.000000 0.000000 0.000000
0.000000 0.000000 0.000000 0.000000 123.401694 123.383898 123.364476 123.342231 123.331707 123.322809 123.318361 123.313912 123.309463 123.305014 123.296116 123.290041 123.285592 123.281143 123.276694 123.272245 123.276694 123.281143 123.285592 123.290041 123.296116 123.300565 123.309463 123.313912 123.318361 123.322809 123.327258 123.342231 123.360027 123.383898 123.401694 0.000000 0.000000 0.000000 0.000000
0.000000 0.000000 0.000000 123.415041 123.397245 123.379449 123.360027 123.337782 123.322809 123.313912 123.309463 123.305014 123.300565 123.296116 123.290041 123.281143 123.276694 123.272245 123.267796 123.263347 123.267796 123.272245 123.276694 123.281143 123.290041 123.291667 123.300565 123.305014 123.309463 123.313912 123.318361 123.337782 123.355578 123.379449 123.397245 123.415041 0.000000 0.000000 0.000000
0.000000 0.000000 0.000000 123.415041 123.392796 123.373374 123.355578 123.337782 123.313912 123.305014 123.300565 123.296116 123.290041 123.285592 123.281143 123.272245 123.267796 123.263347 123.258898 123.254449 123.258898 123.263347 123.267796 123.272245 123.281143 123.285592 123.290041 123.296116 123.300565 123.305014 123.313912 123.331707 123.355578 123.373374 123.392796 123.410592 0.000000 0.000000 0.000000
0.000000 0.000000 0.000000 123.410592 123.392796 123.368925 123.351129 123.331707 123.313912 123.296116 123.290041 123.285592 123.281143 123.276694 123.272245 123.263347 123.258898 123.254449 123.248374 123.248374 123.248374 123.254449 123.258898 123.263347 123.272245 123.276694 123.281143 123.285592 123.290041 123.296116 123.309463 123.331707 123.351129 123.368925 123.388347 123.406143 0.000000 0.000000 0.000000
0.000000 0.000000 0.000000 123.406143 123.388347 123.368925 123.346680 123.327258 123.309463 123.290041 123.281143 123.276694 123.272245 123.267796 123.263347 123.254449 123.250000 123.243925 123.239476 123.239476 123.239476 123.243925 123.250000 123.254449 123.263347 123.267796 123.272245 123.276694 123.281143 123.290041 123.305014 123.327258 123.346680 123.364476 123.383898 123.401694 0.000000 0.000000 0.000000
0.000000 0.000000 0.000000 123.401694 123.383898 123.364476 123.346680 123.322809 123.305014 123.285592 123.272245 123.267796 123.263347 123.258898 123.254449 123.248374 123.243925 123.235027 123.230578 123.230578 123.230578 123.235027 123.243925 123.248374 123.254449 123.258898 123.263347 123.267796 123.272245 123.281143 123.300565 123.322809 123.342231 123.360027 123.379449 123.397245 0.000000 0.000000 0.000000
0.000000 0.000000 123.416667 123.397245 123.379449 123.360027 123.342231 123.322809 123.300565 123.281143 123.263347 123.258898 123.254449 123.248374 123.243925 123.239476 123.235027 123.226129 123.221680 123.221680 123.221680 123.226129 123.235027 123.239476 123.243925 123.248374 123.254449 123.258898 123.263347 123.281143 123.300565 123.318361 123.337782 123.355578 123.375000 123.397245 123.415041 0.000000 0.000000
0.000000 0.000000 123.415041 123.392796 123.373374 123.355578 123.337782 123.318361 123.300565 123.276694 123.258898 123.250000 123.243925 123.239476 123.235027 123.230578 123.226129 123.217231 123.212782 123.212782 123.212782 123.217231 123.226129 123.230578 123.235027 123.239476 123.243925 123.248374 123.254449 123.276694 123.296116 123.313912 123.331707 123.351129 123.373374 123.392796 123.410592 0.000000 0.000000
0.000000 0.000000 123.410592 123.392796 123.373374 123.351129 123.331707 123.313912 123.296116 123.272245 123.254449 123.243925 123.235027 123.230578 123.226129 123.221680 123.217231 123.208333 123.206707 123.202258 123.202258 123.208333 123.217231 123.221680 123.226129 123.230578 123.235027 123.239476 123.250000 123.267796 123.290041 123.309463 123.331707 123.351129 123.368925 123.388347 123.406143 0.000000 0.000000
0.000000 0.000000 123.406143 123.388347 123.368925 123.351129 123.327258 123.309463 123.290041 123.272245 123.250000 123.235027 123.226129 123.221680 123.217231 123.212782 123.206707 123.202258 123.197809 123.193361 123.193361 123.202258 123.206707 123.212782 123.217231 123.221680 123.226129 123.230578 123.248374 123.267796 123.290041 123.305014 123.327258 123.346680 123.364476 123.383898 123.401694 0.000000 0.000000
0.000000 0.000000 123.401694 123.383898 123.364476 123.346680 123.327258 123.305014 123.285592 123.267796 123.248374 123.226129 123.217231 123.212782 123.206707 123.202258 123.197809 123.193361 123.188912 123.184463 123.184463 123.193361 123.197809 123.202258 123.206707 123.212782 123.217231 123.226129 123.243925 123.263347 123.285592 123.305014 123.322809 123.342231 123.360027 123.379449 123.401694 0.000000 0.000000
0.000000 123.416667 123.397245 123.379449 123.360027 123.342231 123.322809 123.305014 123.281143 123.263347 123.243925 123.221680 123.208333 123.206707 123.197809 123.193361 123.188912 123.184463 123.180014 123.175565 123.175565 123.184463 123.188912 123.193361 123.197809 123.202258 123.208333 123.221680 123.239476 123.258898 123.281143 123.300565 123.318361 123.337782 123.355578 123.379449 123.397245 123.415041 0.000000
0.000000 123.415041 123.397245 123.375000 123.355578 123.337782 123.318361 123.300565 123.281143 123.258898 123.239476 123.221680 123.202258 123.197809 123.188912 123.184463 123.180014 123.175565 123.171116 123.165041 123.166667 123.175565 123.180014 123.184463 123.188912 123.193361 123.202258 123.217231 123.235027 123.258898 123.276694 123.296116 123.318361 123.331707 123.355578 123.373374 123.392796 123.410592 0.000000
0.000000 123.410592 123.392796 123.373374 123.351129 123.331707 123.313912 123.296116 123.276694 123.254449 123.235027 123.217231 123.197809 123.188912 123.180014 123.175565 123.171116 123.165041 123.160592 123.156143 123.160592 123.165041 123.171116 123.175565 123.180014 123.184463 123.193361 123.212782 123.235027 123.254449 123.272245 123.291667 123.309463 123.331707 123.351129 123.368925 123.388347 123.406143 0.000000
0.000000 123.410592 123.388347 123.368925 123.346680 123.331707 123.309463 123.290041 123.272245 123.254449 123.235027 123.212782 123.193361 123.180014 123.171116 123.166667 123.160592 123.156143 123.151694 123.147245 123.151694 123.156143 123.160592 123.165041 123.171116 123.175565 123.188912 123.212782 123.230578 123.248374 123.272245 123.290041 123.305014 123.327258 123.346680 123.364476 123.383898 123.401694 0.000000
0.000000 123.406143 123.388347 123.364476 123.346680 123.322809 123.305014 123.285592 123.267796 123.248374 123.230578 123.208333 123.188912 123.171116 123.165041 123.160592 123.151694 123.147245 123.142796 123.138347 123.142796 123.147245 123.151694 123.156143 123.165041 123.166667 123.188912 123.206707 123.226129 123.248374 123.263347 123.281143 123.305014 123.322809 123.342231 123.360027 123.379449 123.401694 0.000000
0.000000 123.401694 123.383898 123.364476 123.342231 123.322809 123.300565 123.281143 123.263347 123.243925 123.226129 123.206707 123.184463 123.165041 123.156143 123.151694 123.142796 123.138347 123.133898 123.129449 123.133898 123.138347 123.142796 123.147245 123.156143 123.165041 123.184463 123.202258 123.221680 123.243925 123.258898 123.281143 123.300565 123.318361 123.337782 123.355578 123.379449 123.397245 0.000000
0.000000 123.401694 123.379449 123.360027 123.342231 123.318361 123.300565 123.276694 123.258898 123.239476 123.221680 123.202258 123.184463 123.160592 123.147245 123.142796 123.133898 123.129449 123.123374 123.123374 123.123374 123.129449 123.133898 123.138347 123.147245 123.160592 123.180014 123.202258 123.221680 123.239476 123.258898 123.276694 123.296116 123.313912 123.331707 123.355578 123.375000 123.401694 0.000000
0.000000 123.397245 123.379449 123.355578 123.337782 123.318361 123.296116 123.276694 123.254449 123.235027 123.217231 123.197809 123.180014 123.160592 123.138347 123.133898 123.125000 123.123374 123.114476 123.114476 123.114476 123.118925 123.125000 123.129449 123.138347 123.156143 123.175565 123.197809 123.217231 123.235027 123.254449 123.272245 123.290041 123.309463 123.331707 123.355578 123.375000 123.397245 123.416667
123.416667 123.397245 123.375000 123.355578 123.331707 123.313912 123.296116 123.272245 123.254449 123.230578 123.212782 123.193361 123.175565 123.156143 123.133898 123.123374 123.118925 123.114476 123.105578 123.105578 123.105578 123.110027 123.118925 123.123374 123.133898 123.151694 123.175565 123.193361 123.212782 123.230578 123.248374 123.267796 123.285592 123.309463 123.331707 123.355578 123.373374 123.397245 123.415041
123.415041 123.392796 123.373374 123.355578 123.331707 123.309463 123.290041 123.272245 123.248374 123.230578 123.208333 123.188912 123.171116 123.151694 123.129449 123.114476 123.110027 123.105578 123.096680 123.096680 123.096680 123.101129 123.110027 123.114476 123.129449 123.147245 123.166667 123.188912 123.206707 123.221680 123.243925 123.263347 123.285592 123.309463 123.327258 123.351129 123.373374 123.392796 123.415041
123.416667 123.392796 123.373374 123.351129 123.331707 123.309463 123.285592 123.267796 123.248374 123.226129 123.206707 123.184463 123.165041 123.147245 123.129449 123.105578 123.101129 123.096680 123.087782 123.087782 123.087782 123.092231 123.101129 123.105578 123.125000 123.147245 123.165041 123.184463 123.202258 123.221680 123.239476 123.263347 123.285592 123.305014 123.327258 123.346680 123.368925 123.392796 123.415041
0.000000 123.401694 123.373374 123.351129 123.327258 123.305014 123.285592 123.263347 123.243925 123.221680 123.202258 123.184463 123.160592 123.142796 123.123374 123.105578 123.092231 123.087782 123.081707 123.077258 123.077258 123.083333 123.092231 123.101129 123.123374 123.142796 123.160592 123.180014 123.197809 123.217231 123.239476 123.258898 123.281143 123.305014 123.322809 123.346680 123.368925 123.397245 0.000000
