FireSTARR/test/constant/C2_S060_A180_WD090_WS020/arrival.asc
ncols         61
nrows         39
xllcorner     425303.990666
yllcorner     12746855.311160
cellsize      100.000000
NODATA_value  0.000000
[rows 0 to 25 of 39, columns 0 to 57 of 61]
0.000000 0.000000 0.000000 0.000000 0.000000 0.000000 0.000000 0.000000 0.000000 0.000000 0.000000 0.000000 0.000000 0.000000 0.000000 0.000000 0.000000 0.000000 0.000000 0.000000 0.000000 0.000000 0.000000 123.415041 123.415041 123.415041 0.000000 0.000000 0.000000 0.000000 0.000000 0.000000 0.000000 0.000000 0.000000 0.000000 0.000000 0.000000 0.000000 0.000000 0.000000 0.000000 0.000000 0.000000 0.000000 0.000000 0.000000 0.000000 0.000000 0.000000 0.000000 0.000000 0.000000 0.000000 0.000000 0.000000 0.000000 0.000000
0.000000 0.000000 0.000000 0.000000 0.000000 0.000000 0.000000 0.000000 0.000000 0.000000 0.000000 0.000000 0.000000 0.000000 0.000000 0.000000 0.000000 0.000000 0.000000 0.000000 123.415041 123.406143 123.397245 123.392796 123.392796 123.397245 123.397245 123.401694 123.401694 123.401694 123.406143 123.406143 123.410592 123.415041 0.000000 0.000000 0.000000 0.000000 0.000000 0.000000 0.000000 0.000000 0.000000 0.000000 0.000000 0.000000 0.000000 0.000000 0.000000 0.000000 0.000000 0.000000 0.000000 0.000000 0.000000 0.000000 0.000000 0.000000
0.000000 0.000000 0.000000 0.000000 0.000000 0.000000 0.000000 0.000000 0.000000 0.000000 0.000000 0.000000 0.000000 0.000000 0.000000 0.000000 0.000000 123.415041 123.406143 123.397245 123.388347 123.379449 123.368925 123.368925 123.373374 123.373374 123.379449 123.379449 123.379449 123.383898 123.383898 123.388347 123.392796 123.397245 123.401694 123.406143 123.410592 123.410592 123.415041 0.000000 0.000000 0.000000 0.000000 0.000000 0.000000 0.000000 0.000000 0.000000 0.000000 0.000000 0.000000 0.000000 0.000000 0.000000 0.000000 0.000000 0.000000 0.000000
0.000000 0.000000 0.000000 0.000000 0.000000 0.000000 0.000000 0.000000 0.000000 0.000000 0.000000 0.000000 0.000000 0.000000 123.415041 123.406143 123.397245 123.388347 123.379449 123.368925 123.360027 123.351129 123.346680 123.346680 123.351129 123.355578 123.355578 123.355578 123.360027 123.360027 123.364476 123.368925 123.373374 123.379449 123.383898 123.388347 123.388347 123.392796 123.397245 123.401694 123.406143 123.406143 123.410592 123.415041 0.000000 0.000000 0.000000 0.000000 0.000000 0.000000 0.000000 0.000000 0.000000 0.000000 0.000000 0.000000 0.000000 0.000000
0.000000 0.000000 0.000000 0.000000 0.000000 0.000000 0.000000 0.000000 0.000000 0.000000 0.000000 0.000000 123.410592 123.397245 123.388347 123.379449 123.368925 123.360027 123.351129 123.342231 123.331707 123.322809 123.322809 123.327258 123.331707 123.331707 123.331707 123.333333 123.337782 123.342231 123.346680 123.351129 123.355578 123.360027 123.364476 123.364476 123.368925 123.373374 123.379449 123.383898 123.383898 123.388347 123.392796 123.397245 123.401694 123.406143 123.406143 123.410592 123.415041 0.000000 0.000000 0.000000 0.000000 0.000000 0.000000 0.000000 0.000000 0.000000
0.000000 0.000000 0.000000 0.000000 0.000000 0.000000 0.000000 0.000000 0.000000 0.000000 123.416667 123.401694 123.383898 123.368925 123.360027 123.351129 123.342231 123.331707 123.322809 123.313912 123.305014 123.300565 123.305014 123.309463 123.309463 123.309463 123.313912 123.313912 123.318361 123.322809 123.327258 123.331707 123.337782 123.342231 123.342231 123.346680 123.351129 123.355578 123.360027 123.360027 123.364476 123.368925 123.373374 123.379449 123.383898 123.383898 123.388347 123.392796 123.397245 123.397245 123.401694 123.406143 123.415041 0.000000 0.000000 0.000000 0.000000 0.000000
0.000000 0.000000 0.000000 0.000000 0.000000 0.000000 0.000000 0.000000 0.000000 123.406143 123.392796 123.373374 123.355578 123.342231 123.331707 123.322809 123.313912 123.305014 123.296116 123.285592 123.281143 123.281143 123.285592 123.285592 123.290041 123.290041 123.290041 123.296116 123.300565 123.305014 123.309463 123.313912 123.318361 123.318361 123.322809 123.327258 123.331707 123.337782 123.337782 123.342231 123.346680 123.351129 123.355578 123.355578 123.360027 123.364476 123.368925 123.368925 123.373374 123.383898 123.392796 123.401694 123.410592 0.000000 0.000000 0.000000 0.000000 0.000000
0.000000 0.000000 0.000000 0.000000 0.000000 0.000000 0.000000 123.415041 123.397245 123.379449 123.364476 123.346680 123.327258 123.313912 123.305014 123.296116 123.285592 123.276694 123.267796 123.258898 123.258898 123.258898 123.263347 123.263347 123.267796 123.267796 123.272245 123.276694 123.281143 123.285592 123.290041 123.291667 123.296116 123.300565 123.305014 123.309463 123.313912 123.313912 123.318361 123.322809 123.327258 123.331707 123.331707 123.337782 123.342231 123.342231 123.351129 123.360027 123.368925 123.379449 123.388347 123.397245 123.406143 123.415041 0.000000 0.000000 0.000000 0.000000
0.000000 0.000000 0.000000 0.000000 0.000000 0.000000 123.410592 123.388347 123.368925 123.351129 123.333333 123.318361 123.300565 123.285592 123.276694 123.267796 123.258898 123.248374 123.239476 123.235027 123.239476 123.239476 123.243925 123.243925 123.243925 123.248374 123.254449 123.258898 123.263347 123.267796 123.272245 123.272245 123.276694 123.281143 123.285592 123.290041 123.290041 123.296116 123.300565 123.300565 123.305014 123.309463 123.313912 123.318361 123.327258 123.337782 123.346680 123.355578 123.364476 123.373374 123.383898 123.392796 123.401694 123.410592 123.416667 0.000000 0.000000 0.000000
0.000000 0.000000 0.000000 0.000000 0.000000 0.000000 123.392796 123.360027 123.342231 123.322809 123.309463 123.290041 123.272245 123.258898 123.248374 123.239476 123.230578 123.221680 123.212782 123.212782 123.217231 123.217231 123.221680 123.221680 123.226129 123.230578 123.235027 123.239476 123.243925 123.248374 123.248374 123.254449 123.258898 123.258898 123.263347 123.267796 123.267796 123.276694 123.281143 123.281143 123.290041 123.296116 123.305014 123.313912 123.322809 123.331707 123.342231 123.351129 123.360027 123.368925 123.379449 123.388347 123.397245 123.406143 123.415041 0.000000 0.000000 0.000000
0.000000 0.000000 0.000000 0.000000 0.000000 123.406143 123.373374 123.342231 123.313912 123.296116 123.281143 123.263347 123.243925 123.230578 123.221680 123.212782 123.202258 123.193361 123.188912 123.193361 123.197809 123.197809 123.197809 123.202258 123.208333 123.212782 123.217231 123.221680 123.221680 123.226129 123.230578 123.235027 123.235027 123.239476 123.243925 123.248374 123.250000 123.254449 123.263347 123.272245 123.281143 123.290041 123.300565 123.309463 123.318361 123.327258 123.337782 123.346680 123.355578 123.364476 123.373374 123.379449 123.388347 123.397245 123.406143 123.415041 0.000000 0.000000
0.000000 0.000000 0.000000 0.000000 0.000000 123.388347 123.355578 123.322809 123.290041 123.267796 123.250000 123.235027 123.217231 123.206707 123.193361 123.184463 123.175565 123.166667 123.166667 123.171116 123.175565 123.175565 123.180014 123.184463 123.188912 123.193361 123.197809 123.202258 123.202258 123.206707 123.212782 123.212782 123.217231 123.221680 123.226129 123.230578 123.239476 123.248374 123.258898 123.267796 123.276694 123.285592 123.296116 123.305014 123.313912 123.322809 123.331707 123.337782 123.346680 123.355578 123.364476 123.373374 123.383898 123.392796 123.401694 123.410592 0.000000 0.000000
0.000000 0.000000 0.000000 0.000000 123.401694 123.368925 123.337782 123.305014 123.272245 123.243925 123.226129 123.206707 123.188912 123.175565 123.166667 123.156143 123.147245 123.147245 123.151694 123.151694 123.151694 123.156143 123.160592 123.165041 123.166667 123.175565 123.175565 123.180014 123.184463 123.188912 123.188912 123.193361 123.202258 123.208333 123.217231 123.226129 123.235027 123.243925 123.254449 123.263347 123.272245 123.281143 123.290041 123.300565 123.309463 123.318361 123.327258 123.333333 123.342231 123.351129 123.360027 123.368925 123.379449 123.388347 123.397245 123.406143 123.415041 0.000000
0.000000 0.000000 0.000000 123.415041 123.379449 123.351129 123.318361 123.285592 123.250000 123.221680 123.197809 123.180014 123.160592 123.147245 123.138347 123.129449 123.123374 123.123374 123.129449 123.129449 123.133898 123.138347 123.142796 123.147245 123.147245 123.151694 123.156143 123.160592 123.165041 123.166667 123.175565 123.184463 123.193361 123.202258 123.212782 123.221680 123.230578 123.239476 123.248374 123.258898 123.267796 123.276694 123.285592 123.291667 123.300565 123.309463 123.318361 123.327258 123.337782 123.346680 123.355578 123.364476 123.373374 123.383898 123.392796 123.401694 123.410592 123.416667
0.000000 0.000000 0.000000 123.397245 123.364476 123.331707 123.300565 123.267796 123.235027 123.202258 123.171116 123.151694 123.133898 123.123374 123.110027 123.101129 123.101129 123.105578 123.105578 123.110027 123.114476 123.118925 123.123374 123.125000 123.129449 123.133898 123.138347 123.147245 123.156143 123.165041 123.171116 123.180014 123.188912 123.197809 123.206707 123.217231 123.226129 123.235027 123.243925 123.254449 123.263347 123.272245 123.281143 123.290041 123.296116 123.305014 123.313912 123.322809 123.331707 123.342231 123.351129 123.360027 123.368925 123.375000 123.383898 123.392796 123.401694 123.410592
0.000000 0.000000 123.406143 123.375000 123.342231 123.309463 123.276694 123.248374 123.212782 123.180014 123.147245 123.123374 123.105578 123.092231 123.083333 123.077258 123.081707 123.083333 123.087782 123.092231 123.096680 123.096680 123.101129 123.105578 123.114476 123.123374 123.129449 123.138347 123.147245 123.156143 123.165041 123.175565 123.184463 123.193361 123.202258 123.212782 123.221680 123.230578 123.239476 123.248374 123.254449 123.263347 123.272245 123.281143 123.290041 123.300565 123.309463 123.318361 123.327258 123.337782 123.346680 123.355578 123.364476 123.373374 123.379449 123.388347 123.397245 123.406143
0.000000 0.000000 123.388347 123.355578 123.322809 123.290041 123.258898 123.226129 123.193361 123.160592 123.129449 123.096680 123.081707 123.063912 123.055014 123.055014 123.059463 123.063912 123.068361 123.072809 123.072809 123.081707 123.092231 123.101129 123.110027 123.118925 123.125000 123.133898 123.142796 123.151694 123.160592 123.171116 123.180014 123.188912 123.197809 123.206707 123.217231 123.226129 123.235027 123.243925 123.250000 123.258898 123.267796 123.276694 123.285592 123.296116 123.305014 123.313912 123.322809 123.331707 123.337782 123.346680 123.355578 123.364476 123.373374 123.383898 123.392796 123.401694
0.000000 123.401694 123.368925 123.337782 123.305014 123.272245 123.239476 123.206707 123.175565 123.142796 123.110027 123.077258 123.050565 123.040041 123.035592 123.035592 123.040041 123.041667 123.050565 123.059463 123.068361 123.077258 123.083333 123.092231 123.101129 123.110027 123.118925 123.129449 123.138347 123.147245 123.156143 123.165041 123.175565 123.184463 123.193361 123.202258 123.208333 123.217231 123.226129 123.235027 123.243925 123.254449 123.263347 123.272245 123.281143 123.290041 123.300565 123.309463 123.318361 123.327258 123.333333 123.342231 123.351129 123.360027 123.368925 123.379449 123.388347 123.397245
123.415041 123.383898 123.351129 123.318361 123.285592 123.254449 123.221680 123.188912 123.156143 123.123374 123.092231 123.059463 123.026694 123.013347 123.013347 123.017796 123.026694 123.035592 123.041667 123.050565 123.059463 123.068361 123.077258 123.087782 123.096680 123.105578 123.114476 123.123374 123.133898 123.142796 123.151694 123.160592 123.166667 123.175565 123.184463 123.193361 123.202258 123.212782 123.221680 123.230578 123.239476 123.248374 123.258898 123.267796 123.276694 123.285592 123.291667 123.300565 123.309463 123.318361 123.327258 123.337782 123.346680 123.355578 123.364476 123.373374 123.383898 123.392796
123.410592 123.375000 123.342231 123.309463 123.281143 123.248374 123.212782 123.180014 123.151694 123.118925 123.083333 123.050565 123.022245 123.000000 123.004449 123.013347 123.022245 123.031143 123.040041 123.050565 123.059463 123.068361 123.077258 123.087782 123.096680 123.105578 123.114476 123.123374 123.129449 123.138347 123.147245 123.156143 123.165041 123.175565 123.184463 123.193361 123.202258 123.212782 123.221680 123.230578 123.239476 123.248374 123.254449 123.263347 123.272245 123.281143 123.290041 123.300565 123.309463 123.318361 123.327258 123.333333 123.342231 123.351129 123.360027 123.368925 123.379449 123.388347
123.416667 123.388347 123.355578 123.322809 123.290041 123.254449 123.226129 123.193361 123.160592 123.125000 123.096680 123.063912 123.031143 123.013347 123.013347 123.017796 123.026694 123.035592 123.046116 123.055014 123.063912 123.072809 123.081707 123.087782 123.096680 123.105578 123.114476 123.123374 123.133898 123.142796 123.151694 123.160592 123.171116 123.180014 123.188912 123.197809 123.206707 123.212782 123.221680 123.230578 123.239476 123.248374 123.258898 123.267796 123.276694 123.285592 123.291667 123.300565 123.309463 123.318361 123.327258 123.337782 123.346680 123.355578 123.364476 123.373374 123.383898 123.392796
0.000000 123.406143 123.373374 123.342231 123.309463 123.276694 123.243925 123.212782 123.180014 123.147245 123.114476 123.081707 123.055014 123.040041 123.035592 123.040041 123.041667 123.046116 123.050565 123.059463 123.068361 123.077258 123.087782 123.096680 123.105578 123.114476 123.123374 123.129449 123.138347 123.147245 123.156143 123.165041 123.175565 123.184463 123.193361 123.202258 123.208333 123.217231 123.226129 123.235027 123.243925 123.254449 123.263347 123.272245 123.281143 123.290041 123.300565 123.309463 123.318361 123.327258 123.333333 123.342231 123.351129 123.360027 123.368925 123.379449 123.388347 123.397245
0.000000 0.000000 123.388347 123.360027 123.327258 123.291667 123.258898 123.230578 123.197809 123.165041 123.129449 123.101129 123.081707 123.068361 123.059463 123.059463 123.063912 123.068361 123.068361 123.072809 123.077258 123.081707 123.092231 123.101129 123.110027 123.118925 123.125000 123.133898 123.142796 123.151694 123.160592 123.171116 123.180014 123.188912 123.197809 123.206707 123.217231 123.226129 123.235027 123.243925 123.250000 123.258898 123.267796 123.276694 123.285592 123.296116 123.305014 123.313912 123.322809 123.331707 123.342231 123.351129 123.360027 123.368925 123.375000 123.383898 123.392796 123.401694
0.000000 0.000000 123.410592 123.379449 123.346680 123.313912 123.281143 123.248374 123.217231 123.184463 123.151694 123.129449 123.110027 123.096680 123.087782 123.081707 123.081707 123.087782 123.092231 123.092231 123.096680 123.101129 123.105578 123.105578 123.114476 123.123374 123.133898 123.142796 123.151694 123.160592 123.166667 123.175565 123.184463 123.193361 123.202258 123.212782 123.221680 123.230578 123.239476 123.248374 123.254449 123.263347 123.272245 123.281143 123.290041 123.300565 123.309463 123.318361 123.327258 123.337782 123.346680 123.355578 123.364476 123.373374 123.379449 123.388347 123.397245 123.406143
0.000000 0.000000 0.000000 123.397245 123.364476 123.331707 123.300565 123.267796 123.235027 123.202258 123.171116 123.156143 123.138347 123.123374 123.114476 123.105578 123.105578 123.105578 123.110027 123.114476 123.114476 123.118925 123.123374 123.129449 123.129449 123.133898 123.138347 123.147245 123.156143 123.165041 123.171116 123.180014 123.188912 123.197809 123.206707 123.217231 123.226129 123.235027 123.243925 123.254449 123.263347 123.272245 123.281143 123.290041 123.296116 123.305014 123.313912 123.322809 123.331707 123.342231 123.351129 123.360027 123.368925 123.379449 123.388347 123.397245 123.406143 123.415041
0.000000 0.000000 0.000000 123.415041 123.383898 123.351129 123.318361 123.285592 123.254449 123.221680 123.202258 123.184463 123.165041 123.151694 123.142796 123.133898 123.125000 123.125000 123.129449 123.133898 123.138347 123.138347 123.142796 123.147245 123.151694 123.156143 123.160592 123.160592 123.165041 123.171116 123.180014 123.188912 123.197809 123.206707 123.212782 123.221680 123.230578 123.239476 123.248374 123.258898 123.267796 123.276694 123.285592 123.296116 123.305014 123.313912 123.322809 123.331707 123.337782 123.346680 123.355578 123.364476 123.373374 123.383898 123.392796 123.401694 123.410592 123.416667
