FireSTARR/test/constant/C2_S060_A270_WD225_WS000/arrival.asc
ncols         45
nrows         172
xllcorner     424403.990666
yllcorner     12748455.311160
cellsize      100.000000
NODATA_value  0.000000
[rows 32 to 63 of 172, columns 0 to 44 of 45]
0.000000 0.000000 0.000000 0.000000 0.000000 0.000000 0.000000 0.000000 0.000000 0.000000 0.000000 0.000000 0.000000 0.000000 123.416667 123.406017 123.394851 123.384925 123.374275 123.363109 123.353184 123.342018 123.337055 123.340777 123.351943 123.361869 123.371794 123.382444 123.393610 123.403535 123.414701 0.000000 0.000000 0.000000 0.000000 0.000000 0.000000 0.000000 0.000000 0.000000 0.000000 0.000000 0.000000 0.000000 0.000000
0.000000 0.000000 0.000000 0.000000 0.000000 0.000000 0.000000 0.000000 0.000000 0.000000 0.000000 0.000000 0.000000 0.000000 123.414701 123.403535 123.392369 123.382444 123.371794 123.360628 123.350703 123.339537 123.334574 123.338296 123.349462 123.359387 123.369313 123.379963 123.391129 123.401054 123.412220 0.000000 0.000000 0.000000 0.000000 0.000000 0.000000 0.000000 0.000000 0.000000 0.000000 0.000000 0.000000 0.000000 0.000000
0.000000 0.000000 0.000000 0.000000 0.000000 0.000000 0.000000 0.000000 0.000000 0.000000 0.000000 0.000000 0.000000 0.000000 123.412220 123.401054 123.389888 123.379963 123.369313 123.358147 123.348221 123.337055 123.331368 123.335815 123.346981 123.356906 123.366831 123.377481 123.388647 123.398573 123.409739 0.000000 0.000000 0.000000 0.000000 0.000000 0.000000 0.000000 0.000000 0.000000 0.000000 0.000000 0.000000 0.000000 0.000000
0.000000 0.000000 0.000000 0.000000 0.000000 0.000000 0.000000 0.000000 0.000000 0.000000 0.000000 0.000000 0.000000 0.000000 123.409739 123.398573 123.387407 123.377481 123.366831 123.355665 123.345740 123.334574 123.328887 123.333333 123.344499 123.354425 123.364350 123.375000 123.386166 123.396091 123.407257 0.000000 0.000000 0.000000 0.000000 0.000000 0.000000 0.000000 0.000000 0.000000 0.000000 0.000000 0.000000 0.000000 0.000000
0.000000 0.000000 0.000000 0.000000 0.000000 0.000000 0.000000 0.000000 0.000000 0.000000 0.000000 0.000000 0.000000 0.000000 123.407257 123.396091 123.384925 123.374275 123.364350 123.353184 123.343259 123.332609 123.326405 123.331368 123.342018 123.351943 123.361869 123.373035 123.383685 123.393610 123.404776 123.415942 0.000000 0.000000 0.000000 0.000000 0.000000 0.000000 0.000000 0.000000 0.000000 0.000000 0.000000 0.000000 0.000000
0.000000 0.000000 0.000000 0.000000 0.000000 0.000000 0.000000 0.000000 0.000000 0.000000 0.000000 0.000000 0.000000 123.414701 123.404776 123.393610 123.382444 123.371794 123.361869 123.350703 123.340777 123.330127 123.323924 123.328887 123.339537 123.349462 123.359387 123.370553 123.381203 123.391129 123.402295 123.413461 0.000000 0.000000 0.000000 0.000000 0.000000 0.000000 0.000000 0.000000 0.000000 0.000000 0.000000 0.000000 0.000000
0.000000 0.000000 0.000000 0.000000 0.000000 0.000000 0.000000 0.000000 0.000000 0.000000 0.000000 0.000000 0.000000 123.412220 123.402295 123.391129 123.379963 123.369313 123.359387 123.348221 123.338296 123.327646 123.321443 123.326405 123.337055 123.346981 123.356906 123.368072 123.378722 123.388647 123.399813 123.410979 0.000000 0.000000 0.000000 0.000000 0.000000 0.000000 0.000000 0.000000 0.000000 0.000000 0.000000 0.000000 0.000000
0.000000 0.000000 0.000000 0.000000 0.000000 0.000000 0.000000 0.000000 0.000000 0.000000 0.000000 0.000000 0.000000 123.409739 123.399813 123.388647 123.377481 123.366831 123.356906 123.345740 123.335815 123.325165 123.318961 123.323924 123.334574 123.344499 123.354425 123.365591 123.376241 123.386166 123.397332 123.408498 0.000000 0.000000 0.000000 0.000000 0.000000 0.000000 0.000000 0.000000 0.000000 0.000000 0.000000 0.000000 0.000000
0.000000 0.000000 0.000000 0.000000 0.000000 0.000000 0.000000 0.000000 0.000000 0.000000 0.000000 0.000000 0.000000 123.407257 123.397332 123.386166 123.375000 123.364350 123.354425 123.343259 123.332609 123.322683 123.316480 123.321443 123.332609 123.342018 123.351943 123.363109 123.373035 123.383685 123.394851 123.406017 123.415942 0.000000 0.000000 0.000000 0.000000 0.000000 0.000000 0.000000 0.000000 0.000000 0.000000 0.000000 0.000000
0.000000 0.000000 0.000000 0.000000 0.000000 0.000000 0.000000 0.000000 0.000000 0.000000 0.000000 0.000000 123.415942 123.404776 123.394851 123.383685 123.373035 123.361869 123.351943 123.340777 123.330127 123.320202 123.313999 123.318961 123.330127 123.339537 123.349462 123.360628 123.370553 123.381203 123.392369 123.403535 123.413461 0.000000 0.000000 0.000000 0.000000 0.000000 0.000000 0.000000 0.000000 0.000000 0.000000 0.000000 0.000000
0.000000 0.000000 0.000000 0.000000 0.000000 0.000000 0.000000 0.000000 0.000000 0.000000 0.000000 0.000000 123.413461 123.402295 123.392369 123.381203 123.370553 123.359387 123.349462 123.338296 123.327646 123.317721 123.311517 123.316480 123.327646 123.337055 123.346981 123.358147 123.368072 123.378722 123.389888 123.401054 123.410979 0.000000 0.000000 0.000000 0.000000 0.000000 0.000000 0.000000 0.000000 0.000000 0.000000 0.000000 0.000000
0.000000 0.000000 0.000000 0.000000 0.000000 0.000000 0.000000 0.000000 0.000000 0.000000 0.000000 0.000000 123.410979 123.399813 123.389888 123.378722 123.368072 123.356906 123.346981 123.335815 123.325165 123.315239 123.309036 123.313999 123.325165 123.334574 123.344499 123.355665 123.365591 123.376241 123.387407 123.398573 123.408498 0.000000 0.000000 0.000000 0.000000 0.000000 0.000000 0.000000 0.000000 0.000000 0.000000 0.000000 0.000000
0.000000 0.000000 0.000000 0.000000 0.000000 0.000000 0.000000 0.000000 0.000000 0.000000 0.000000 0.000000 123.408498 123.397332 123.387407 123.376241 123.365591 123.354425 123.344499 123.332609 123.322683 123.312758 123.306555 123.311517 123.322683 123.332609 123.342018 123.353184 123.363109 123.374275 123.384925 123.396091 123.406017 123.415942 0.000000 0.000000 0.000000 0.000000 0.000000 0.000000 0.000000 0.000000 0.000000 0.000000 0.000000
0.000000 0.000000 0.000000 0.000000 0.000000 0.000000 0.000000 0.000000 0.000000 0.000000 0.000000 123.416667 123.406017 123.394851 123.384925 123.373035 123.363109 123.351943 123.342018 123.330127 123.320202 123.310277 123.304073 123.309036 123.320202 123.330127 123.339537 123.350703 123.360628 123.371794 123.382444 123.393610 123.403535 123.413461 0.000000 0.000000 0.000000 0.000000 0.000000 0.000000 0.000000 0.000000 0.000000 0.000000 0.000000
0.000000 0.000000 0.000000 0.000000 0.000000 0.000000 0.000000 0.000000 0.000000 0.000000 0.000000 123.414701 123.403535 123.392369 123.382444 123.370553 123.360628 123.349462 123.339537 123.327646 123.317721 123.307795 123.301592 123.306555 123.317721 123.327646 123.337055 123.348221 123.358147 123.369313 123.379963 123.391129 123.401054 123.410979 0.000000 0.000000 0.000000 0.000000 0.000000 0.000000 0.000000 0.000000 0.000000 0.000000 0.000000
0.000000 0.000000 0.000000 0.000000 0.000000 0.000000 0.000000 0.000000 0.000000 0.000000 0.000000 123.412220 123.401054 123.389888 123.379963 123.368072 123.358147 123.346981 123.337055 123.325165 123.315239 123.305314 123.299111 123.304073 123.315239 123.325165 123.334574 123.345740 123.355665 123.366831 123.377481 123.388647 123.398573 123.408498 0.000000 0.000000 0.000000 0.000000 0.000000 0.000000 0.000000 0.000000 0.000000 0.000000 0.000000
0.000000 0.000000 0.000000 0.000000 0.000000 0.000000 0.000000 0.000000 0.000000 0.000000 0.000000 123.409739 123.398573 123.387407 123.377481 123.365591 123.355665 123.344499 123.334574 123.322683 123.312758 123.302833 123.296629 123.301592 123.312758 123.322683 123.332609 123.343259 123.353184 123.364350 123.375000 123.386166 123.396091 123.406017 0.000000 0.000000 0.000000 0.000000 0.000000 0.000000 0.000000 0.000000 0.000000 0.000000 0.000000
0.000000 0.000000 0.000000 0.000000 0.000000 0.000000 0.000000 0.000000 0.000000 0.000000 0.000000 123.407257 123.396091 123.384925 123.374275 123.363109 123.353184 123.342018 123.331368 123.320202 123.310277 123.300351 123.294148 123.299111 123.310277 123.320202 123.330127 123.340777 123.350703 123.361869 123.373035 123.383685 123.393610 123.403535 123.414701 0.000000 0.000000 0.000000 0.000000 0.000000 0.000000 0.000000 0.000000 0.000000 0.000000
0.000000 0.000000 0.000000 0.000000 0.000000 0.000000 0.000000 0.000000 0.000000 0.000000 123.415942 123.404776 123.393610 123.382444 123.371794 123.360628 123.350703 123.339537 123.328887 123.317721 123.307795 123.297870 123.291667 123.296629 123.307795 123.317721 123.327646 123.338296 123.348221 123.359387 123.370553 123.381203 123.391129 123.401054 123.412220 0.000000 0.000000 0.000000 0.000000 0.000000 0.000000 0.000000 0.000000 0.000000 0.000000
0.000000 0.000000 0.000000 0.000000 0.000000 0.000000 0.000000 0.000000 0.000000 0.000000 123.413461 123.402295 123.391129 123.379963 123.369313 123.358147 123.348221 123.337055 123.326405 123.315239 123.305314 123.295389 123.289701 123.294148 123.305314 123.315239 123.325165 123.335815 123.345740 123.356906 123.368072 123.378722 123.388647 123.398573 123.409739 0.000000 0.000000 0.000000 0.000000 0.000000 0.000000 0.000000 0.000000 0.000000 0.000000
0.000000 0.000000 0.000000 0.000000 0.000000 0.000000 0.000000 0.000000 0.000000 0.000000 123.410979 123.399813 123.388647 123.377481 123.366831 123.355665 123.345740 123.334574 123.323924 123.312758 123.302833 123.292907 123.287220 123.290942 123.302833 123.312758 123.322683 123.332609 123.343259 123.354425 123.365591 123.376241 123.386166 123.396091 123.407257 0.000000 0.000000 0.000000 0.000000 0.000000 0.000000 0.000000 0.000000 0.000000 0.000000
0.000000 0.000000 0.000000 0.000000 0.000000 0.000000 0.000000 0.000000 0.000000 0.000000 123.408498 123.397332 123.386166 123.375000 123.364350 123.353184 123.343259 123.332609 123.321443 123.310277 123.300351 123.289701 123.284739 123.288461 123.300351 123.310277 123.320202 123.330127 123.340777 123.351943 123.363109 123.373035 123.383685 123.393610 123.404776 123.415942 0.000000 0.000000 0.000000 0.000000 0.000000 0.000000 0.000000 0.000000 0.000000
0.000000 0.000000 0.000000 0.000000 0.000000 0.000000 0.000000 0.000000 0.000000 123.416667 123.406017 123.394851 123.383685 123.373035 123.361869 123.350703 123.340777 123.330127 123.318961 123.307795 123.297870 123.287220 123.282257 123.285979 123.297870 123.307795 123.317721 123.327646 123.338296 123.349462 123.360628 123.370553 123.381203 123.391129 123.402295 123.413461 0.000000 0.000000 0.000000 0.000000 0.000000 0.000000 0.000000 0.000000 0.000000
0.000000 0.000000 0.000000 0.000000 0.000000 0.000000 0.000000 0.000000 0.000000 123.414701 123.403535 123.392369 123.381203 123.370553 123.359387 123.348221 123.338296 123.327646 123.316480 123.305314 123.295389 123.284739 123.279776 123.283498 123.295389 123.305314 123.315239 123.325165 123.335815 123.346981 123.358147 123.368072 123.378722 123.388647 123.399813 123.410979 0.000000 0.000000 0.000000 0.000000 0.000000 0.000000 0.000000 0.000000 0.000000
0.000000 0.000000 0.000000 0.000000 0.000000 0.000000 0.000000 0.000000 0.000000 123.412220 123.401054 123.389888 123.378722 123.368072 123.356906 123.345740 123.335815 123.325165 123.313999 123.302833 123.292907 123.282257 123.277295 123.281017 123.292907 123.302833 123.312758 123.322683 123.333333 123.344499 123.355665 123.365591 123.376241 123.386166 123.397332 123.408498 0.000000 0.000000 0.000000 0.000000 0.000000 0.000000 0.000000 0.000000 0.000000
0.000000 0.000000 0.000000 0.000000 0.000000 0.000000 0.000000 0.000000 0.000000 123.409739 123.398573 123.387407 123.376241 123.365591 123.354425 123.343259 123.332609 123.322683 123.311517 123.300351 123.290942 123.279776 123.274813 123.278535 123.289701 123.300351 123.310277 123.320202 123.331368 123.342018 123.353184 123.363109 123.373035 123.383685 123.394851 123.406017 123.416667 0.000000 0.000000 0.000000 0.000000 0.000000 0.000000 0.000000 0.000000
0.000000 0.000000 0.000000 0.000000 0.000000 0.000000 0.000000 0.000000 0.000000 123.407257 123.396091 123.384925 123.374275 123.363109 123.351943 123.340777 123.330127 123.320202 123.309036 123.297870 123.288461 123.277295 123.272332 123.276054 123.287220 123.297870 123.307795 123.317721 123.328887 123.339537 123.350703 123.360628 123.370553 123.381203 123.392369 123.403535 123.414701 0.000000 0.000000 0.000000 0.000000 0.000000 0.000000 0.000000 0.000000
0.000000 0.000000 0.000000 0.000000 0.000000 0.000000 0.000000 0.000000 123.414701 123.404776 123.393610 123.382444 123.371794 123.360628 123.349462 123.338296 123.327646 123.317721 123.306555 123.295389 123.285979 123.274813 123.269851 123.273573 123.284739 123.295389 123.305314 123.315239 123.326405 123.337055 123.348221 123.358147 123.368072 123.378722 123.389888 123.401054 123.412220 0.000000 0.000000 0.000000 0.000000 0.000000 0.000000 0.000000 0.000000
0.000000 0.000000 0.000000 0.000000 0.000000 0.000000 0.000000 0.000000 123.413461 123.402295 123.391129 123.379963 123.369313 123.358147 123.346981 123.335815 123.325165 123.315239 123.304073 123.292907 123.283498 123.272332 123.267369 123.271091 123.282257 123.292907 123.302833 123.312758 123.323924 123.334574 123.345740 123.355665 123.365591 123.376241 123.387407 123.398573 123.409739 0.000000 0.000000 0.000000 0.000000 0.000000 0.000000 0.000000 0.000000
0.000000 0.000000 0.000000 0.000000 0.000000 0.000000 0.000000 0.000000 123.410979 123.399813 123.388647 123.377481 123.366831 123.355665 123.344499 123.334574 123.322683 123.312758 123.301592 123.290942 123.281017 123.269851 123.264888 123.268610 123.279776 123.289701 123.300351 123.310277 123.321443 123.332609 123.343259 123.353184 123.363109 123.374275 123.384925 123.396091 123.407257 0.000000 0.000000 0.000000 0.000000 0.000000 0.000000 0.000000 0.000000
0.000000 0.000000 0.000000 0.000000 0.000000 0.000000 0.000000 0.000000 123.408498 123.397332 123.386166 123.375000 123.364350 123.353184 123.342018 123.331368 123.320202 123.310277 123.299111 123.288461 123.278535 123.267369 123.262407 123.266129 123.277295 123.287220 123.297870 123.307795 123.318961 123.330127 123.340777 123.350703 123.360628 123.371794 123.382444 123.393610 123.404776 123.415942 0.000000 0.000000 0.000000 0.000000 0.000000 0.000000 0.000000
0.000000 0.000000 0.000000 0.000000 0.000000 0.000000 0.000000 0.000000 123.406017 123.394851 123.383685 123.373035 123.361869 123.350703 123.339537 123.328887 123.317721 123.307795 123.296629 123.285979 123.276054 123.264888 123.259925 123.263647 123.274813 123.284739 123.295389 123.305314 123.316480 123.327646 123.338296 123.348221 123.358147 123.369313 123.379963 123.391129 123.402295 123.413461 0.000000 0.000000 0.000000 0.000000 0.000000 0.000000 0.000000
