FireSTARR/test/constant/C2_S060_A270_WD225_WS000/arrival.asc
ncols         45
nrows         172
xllcorner     424403.990666
yllcorner     12748455.311160
cellsize      100.000000
NODATA_value  0.000000
[rows 96 to 127 of 172, columns 0 to 44 of 45]
0.000000 123.414701 123.401054 123.387407 123.374275 123.361869 123.348221 123.337055 123.326405 123.313999 123.304073 123.291667 123.281017 123.269851 123.258685 123.248035 123.236869 123.225703 123.215777 123.205127 123.193961 123.182795 123.177833 123.182795 123.192721 123.202646 123.213296 123.224462 123.234387 123.245553 123.256203 123.266129 123.277295 123.289701 123.300351 123.312758 123.325165 123.335815 123.348221 123.361869 123.374275 123.386166 123.398573 123.413461 0.000000
0.000000 123.412220 123.399813 123.384925 123.373035 123.359387 123.345740 123.334574 123.323924 123.311517 123.301592 123.290942 123.278535 123.267369 123.256203 123.245553 123.234387 123.223221 123.213296 123.202646 123.191480 123.180314 123.175351 123.180314 123.190239 123.200165 123.210815 123.221981 123.231906 123.243072 123.253722 123.263647 123.274813 123.287220 123.297870 123.310277 123.322683 123.333333 123.345740 123.359387 123.371794 123.384925 123.396091 123.410979 0.000000
0.000000 123.409739 123.397332 123.383685 123.371794 123.356906 123.343259 123.332609 123.321443 123.309036 123.299111 123.288461 123.276054 123.264888 123.253722 123.243072 123.231906 123.220740 123.210815 123.200165 123.188999 123.177833 123.172870 123.177833 123.187758 123.197683 123.208333 123.219499 123.229425 123.240591 123.251241 123.261166 123.273573 123.284739 123.295389 123.307795 123.320202 123.331368 123.343259 123.356906 123.369313 123.382444 123.393610 123.409739 0.000000
0.000000 123.408498 123.394851 123.382444 123.369313 123.354425 123.342018 123.330127 123.318961 123.306555 123.296629 123.285979 123.273573 123.262407 123.251241 123.240591 123.229425 123.218259 123.207609 123.197683 123.186517 123.175351 123.170389 123.175351 123.185277 123.195202 123.206368 123.217018 123.226943 123.238109 123.249275 123.258685 123.271091 123.282257 123.292907 123.305314 123.317721 123.328887 123.342018 123.355665 123.366831 123.379963 123.393610 123.407257 0.000000
0.000000 123.407257 123.393610 123.379963 123.366831 123.353184 123.340777 123.327646 123.316480 123.305314 123.294148 123.283498 123.272332 123.259925 123.249275 123.238109 123.226943 123.215777 123.205127 123.195202 123.184036 123.172870 123.167907 123.172870 123.182795 123.192721 123.203887 123.214537 123.224462 123.235628 123.246794 123.256203 123.268610 123.279776 123.290942 123.302833 123.315239 123.327646 123.340777 123.353184 123.364350 123.377481 123.392369 123.404776 0.000000
0.000000 123.406017 123.391129 123.378722 123.364350 123.351943 123.338296 123.325165 123.313999 123.302833 123.290942 123.281017 123.269851 123.257444 123.246794 123.235628 123.224462 123.213296 123.202646 123.192721 123.181555 123.170389 123.165942 123.170389 123.180314 123.190239 123.201405 123.212055 123.221981 123.233147 123.244313 123.253722 123.266129 123.277295 123.288461 123.300351 123.312758 123.325165 123.338296 123.350703 123.363109 123.375000 123.389888 123.403535 0.000000
0.000000 123.403535 123.389888 123.376241 123.361869 123.349462 123.335815 123.322683 123.311517 123.301592 123.288461 123.278535 123.267369 123.254963 123.244313 123.233147 123.221981 123.210815 123.200165 123.190239 123.179073 123.167907 123.163461 123.167907 123.177833 123.187758 123.198924 123.209574 123.219499 123.230665 123.241831 123.251241 123.263647 123.274813 123.285979 123.297870 123.310277 123.322683 123.335815 123.348221 123.361869 123.374275 123.388647 123.403535 0.000000
0.000000 123.402295 123.388647 123.374275 123.360628 123.346981 123.333333 123.320202 123.309036 123.299111 123.287220 123.276054 123.264888 123.252481 123.241831 123.230665 123.219499 123.208333 123.197683 123.187758 123.176592 123.165942 123.160979 123.164701 123.175351 123.185277 123.196443 123.206368 123.217018 123.228184 123.239350 123.249275 123.261166 123.272332 123.283498 123.295389 123.307795 123.320202 123.333333 123.346981 123.359387 123.371794 123.386166 123.401054 0.000000
0.000000 123.401054 123.386166 123.371794 123.359387 123.344499 123.331368 123.318961 123.307795 123.296629 123.284739 123.273573 123.262407 123.250000 123.239350 123.228184 123.217018 123.206368 123.195202 123.185277 123.174111 123.163461 123.158498 123.162220 123.172870 123.182795 123.193961 123.203887 123.214537 123.225703 123.236869 123.246794 123.258685 123.269851 123.281017 123.294148 123.305314 123.318961 123.332609 123.344499 123.356906 123.370553 123.384925 123.398573 123.416667
123.416667 123.401054 123.383685 123.369313 123.356906 123.343259 123.328887 123.316480 123.305314 123.294148 123.282257 123.271091 123.259925 123.248035 123.236869 123.225703 123.214537 123.203887 123.192721 123.182795 123.171629 123.160979 123.156017 123.159739 123.170389 123.180314 123.191480 123.201405 123.212055 123.223221 123.234387 123.245553 123.256203 123.267369 123.279776 123.291667 123.304073 123.316480 123.330127 123.343259 123.354425 123.369313 123.383685 123.398573 123.414701
123.415942 123.399813 123.382444 123.369313 123.354425 123.340777 123.327646 123.315239 123.302833 123.290942 123.281017 123.268610 123.257444 123.245553 123.234387 123.223221 123.212055 123.201405 123.190239 123.180314 123.169148 123.158498 123.153535 123.157257 123.167907 123.177833 123.188999 123.198924 123.209574 123.220740 123.231906 123.243072 123.253722 123.264888 123.277295 123.289701 123.301592 123.313999 123.327646 123.340777 123.354425 123.366831 123.382444 123.397332 123.414701
123.415942 123.398573 123.381203 123.368072 123.351943 123.339537 123.325165 123.312758 123.300351 123.288461 123.278535 123.266129 123.254963 123.243072 123.231906 123.220740 123.210815 123.198924 123.187758 123.177833 123.166667 123.156017 123.151054 123.154776 123.165942 123.175351 123.186517 123.196443 123.207609 123.218259 123.229425 123.240591 123.251241 123.262407 123.274813 123.287220 123.300351 123.311517 123.325165 123.338296 123.351943 123.365591 123.379963 123.397332 123.413461
123.413461 123.397332 123.381203 123.365591 123.349462 123.338296 123.323924 123.310277 123.297870 123.285979 123.276054 123.263647 123.252481 123.240591 123.229425 123.218259 123.207609 123.196443 123.185277 123.175351 123.164701 123.153535 123.148573 123.152295 123.163461 123.172870 123.184036 123.193961 123.205127 123.215777 123.226943 123.238109 123.249275 123.261166 123.272332 123.284739 123.297870 123.310277 123.323924 123.335815 123.349462 123.364350 123.378722 123.394851 123.412220
123.413461 123.397332 123.381203 123.364350 123.349462 123.335815 123.321443 123.309036 123.296629 123.284739 123.273573 123.261166 123.250000 123.238109 123.226943 123.215777 123.205127 123.193961 123.182795 123.172870 123.162220 123.151054 123.146091 123.149813 123.160979 123.170389 123.181555 123.191480 123.202646 123.213296 123.224462 123.235628 123.246794 123.258685 123.271091 123.282257 123.295389 123.307795 123.321443 123.334574 123.348221 123.363109 123.378722 123.394851 123.410979
0.000000 123.396091 123.378722 123.361869 123.348221 123.333333 123.318961 123.306555 123.294148 123.282257 123.271091 123.259925 123.248035 123.235628 123.224462 123.213296 123.202646 123.191480 123.180314 123.170389 123.159739 123.148573 123.143610 123.147332 123.158498 123.167907 123.179073 123.188999 123.200165 123.210815 123.221981 123.233147 123.244313 123.256203 123.268610 123.281017 123.292907 123.305314 123.318961 123.332609 123.346981 123.360628 123.377481 123.394851 0.000000
0.000000 123.393610 123.378722 123.361869 123.345740 123.331368 123.317721 123.305314 123.291667 123.279776 123.268610 123.257444 123.245553 123.233147 123.221981 123.212055 123.200165 123.188999 123.177833 123.167907 123.157257 123.146091 123.141129 123.144851 123.156017 123.165942 123.176592 123.186517 123.197683 123.208333 123.219499 123.230665 123.241831 123.253722 123.266129 123.279776 123.290942 123.304073 123.316480 123.330127 123.344499 123.360628 123.376241 123.392369 0.000000
0.000000 123.394851 123.377481 123.360628 123.344499 123.330127 123.317721 123.302833 123.289701 123.277295 123.266129 123.254963 123.243072 123.230665 123.219499 123.209574 123.197683 123.186517 123.175351 123.164701 123.154776 123.143610 123.138647 123.142369 123.153535 123.163461 123.174111 123.184036 123.195202 123.206368 123.217018 123.228184 123.239350 123.252481 123.263647 123.277295 123.288461 123.301592 123.315239 123.328887 123.343259 123.358147 123.376241 123.392369 0.000000
0.000000 123.416667 123.377481 123.359387 123.343259 123.328887 123.315239 123.300351 123.287220 123.276054 123.263647 123.252481 123.240591 123.228184 123.217018 123.206368 123.195202 123.184036 123.172870 123.162220 123.152295 123.141129 123.136166 123.139888 123.151054 123.160979 123.171629 123.181555 123.192721 123.203887 123.214537 123.225703 123.236869 123.249275 123.261166 123.274813 123.287220 123.299111 123.313999 123.327646 123.340777 123.356906 123.375000 123.408498 0.000000
0.000000 0.000000 123.375000 123.359387 123.343259 123.326405 123.312758 123.299111 123.285979 123.273573 123.261166 123.250000 123.239350 123.225703 123.214537 123.203887 123.192721 123.181555 123.170389 123.159739 123.149813 123.138647 123.133685 123.137407 123.148573 123.158498 123.169148 123.179073 123.190239 123.201405 123.212055 123.223221 123.235628 123.248035 123.259925 123.272332 123.284739 123.297870 123.311517 123.325165 123.340777 123.356906 123.373035 0.000000 0.000000
0.000000 0.000000 123.378722 123.358147 123.340777 123.325165 123.311517 123.297870 123.283498 123.271091 123.258685 123.248035 123.236869 123.223221 123.212055 123.201405 123.190239 123.179073 123.167907 123.157257 123.147332 123.136166 123.131203 123.134925 123.146091 123.156017 123.165942 123.176592 123.187758 123.198924 123.210815 123.220740 123.233147 123.245553 123.257444 123.269851 123.282257 123.296629 123.309036 123.323924 123.339537 123.356906 123.373035 0.000000 0.000000
0.000000 0.000000 123.401054 123.356906 123.339537 123.323924 123.310277 123.295389 123.282257 123.268610 123.256203 123.245553 123.234387 123.221981 123.209574 123.198924 123.187758 123.176592 123.165942 123.154776 123.144851 123.133685 123.128722 123.132444 123.143610 123.153535 123.163461 123.174111 123.185277 123.196443 123.207609 123.218259 123.230665 123.243072 123.256203 123.267369 123.279776 123.294148 123.307795 123.321443 123.339537 123.355665 123.392369 0.000000 0.000000
0.000000 0.000000 0.000000 123.355665 123.340777 123.323924 123.307795 123.292907 123.279776 123.266129 123.253722 123.243072 123.231906 123.219499 123.207609 123.196443 123.185277 123.174111 123.163461 123.152295 123.142369 123.131203 123.126241 123.129963 123.141129 123.151054 123.160979 123.171629 123.182795 123.193961 123.205127 123.217018 123.228184 123.240591 123.253722 123.266129 123.277295 123.291667 123.306555 123.321443 123.338296 123.353184 123.415942 0.000000 0.000000
0.000000 0.000000 0.000000 123.366831 123.339537 123.321443 123.306555 123.291667 123.278535 123.263647 123.252481 123.240591 123.229425 123.218259 123.205127 123.193961 123.182795 123.171629 123.160979 123.149813 123.139888 123.128722 123.123035 123.127481 123.138647 123.148573 123.158498 123.169148 123.180314 123.191480 123.202646 123.214537 123.226943 123.238109 123.251241 123.263647 123.277295 123.289701 123.305314 123.320202 123.337055 123.356906 0.000000 0.000000 0.000000
0.000000 0.000000 0.000000 123.391129 123.337055 123.321443 123.304073 123.290942 123.277295 123.262407 123.250000 123.238109 123.226943 123.215777 123.202646 123.191480 123.180314 123.169148 123.158498 123.147332 123.137407 123.126241 123.120553 123.125000 123.136166 123.146091 123.156017 123.166667 123.177833 123.188999 123.200165 123.212055 123.224462 123.235628 123.249275 123.261166 123.276054 123.288461 123.302833 123.318961 123.335815 123.381203 0.000000 0.000000 0.000000
0.000000 0.000000 0.000000 123.408498 123.337055 123.321443 123.304073 123.288461 123.274813 123.259925 123.248035 123.235628 123.224462 123.213296 123.200165 123.188999 123.177833 123.166667 123.156017 123.144851 123.134925 123.124275 123.118072 123.123035 123.133685 123.143610 123.153535 123.164701 123.175351 123.186517 123.197683 123.209574 123.221981 123.234387 123.246794 123.258685 123.273573 123.287220 123.302833 123.318961 123.334574 123.402295 0.000000 0.000000 0.000000
0.000000 0.000000 0.000000 0.000000 123.351943 123.318961 123.301592 123.287220 123.272332 123.258685 123.245553 123.233147 123.221981 123.210815 123.200165 123.186517 123.175351 123.164701 123.153535 123.142369 123.132444 123.121794 123.115591 123.120553 123.131203 123.141129 123.151054 123.162220 123.172870 123.184036 123.196443 123.207609 123.219499 123.231906 123.244313 123.258685 123.271091 123.285979 123.300351 123.317721 123.343259 0.000000 0.000000 0.000000 0.000000
0.000000 0.000000 0.000000 0.000000 123.375000 123.317721 123.301592 123.285979 123.271091 123.257444 123.244313 123.230665 123.219499 123.207609 123.197683 123.184036 123.172870 123.162220 123.151054 123.139888 123.129963 123.119313 123.113109 123.118072 123.128722 123.138647 123.148573 123.159739 123.170389 123.181555 123.193961 123.206368 123.217018 123.229425 123.243072 123.256203 123.269851 123.283498 123.299111 123.316480 123.365591 0.000000 0.000000 0.000000 0.000000
0.000000 0.000000 0.000000 0.000000 123.398573 123.317721 123.302833 123.284739 123.269851 123.254963 123.241831 123.228184 123.217018 123.205127 123.195202 123.181555 123.171629 123.159739 123.148573 123.137407 123.127481 123.116831 123.110628 123.115591 123.126241 123.136166 123.146091 123.157257 123.167907 123.179073 123.191480 123.203887 123.215777 123.226943 123.240591 123.253722 123.268610 123.283498 123.299111 123.315239 123.389888 0.000000 0.000000 0.000000 0.000000
0.000000 0.000000 0.000000 0.000000 0.000000 123.340777 123.300351 123.282257 123.267369 123.252481 123.239350 123.225703 123.214537 123.202646 123.192721 123.180314 123.169148 123.157257 123.146091 123.134925 123.124275 123.114350 123.108147 123.113109 123.124275 123.133685 123.143610 123.154776 123.165942 123.177833 123.188999 123.201405 123.213296 123.224462 123.239350 123.252481 123.266129 123.282257 123.299111 123.331368 123.412220 0.000000 0.000000 0.000000 0.000000
0.000000 0.000000 0.000000 0.000000 0.000000 123.360628 123.297870 123.284739 123.266129 123.252481 123.236869 123.224462 123.212055 123.201405 123.190239 123.177833 123.165942 123.154776 123.143610 123.132444 123.121794 123.111869 123.105665 123.110628 123.121794 123.131203 123.141129 123.152295 123.163461 123.175351 123.186517 123.198924 123.210815 123.221981 123.236869 123.250000 123.263647 123.279776 123.296629 123.351943 0.000000 0.000000 0.000000 0.000000 0.000000
0.000000 0.000000 0.000000 0.000000 0.000000 123.384925 123.302833 123.283498 123.264888 123.250000 123.236869 123.223221 123.210815 123.198924 123.187758 123.175351 123.163461 123.152295 123.141129 123.129963 123.119313 123.109387 123.103184 123.108147 123.119313 123.128722 123.138647 123.149813 123.160979 123.172870 123.184036 123.196443 123.208333 123.220740 123.234387 123.249275 123.263647 123.279776 123.296629 123.376241 0.000000 0.000000 0.000000 0.000000 0.000000
0.000000 0.000000 0.000000 0.000000 0.000000 123.407257 123.326405 123.281017 123.263647 123.248035 123.234387 123.220740 123.207609 123.196443 123.185277 123.172870 123.162220 123.149813 123.138647 123.127481 123.116831 123.106906 123.100703 123.105665 123.116831 123.126241 123.136166 123.147332 123.158498 123.170389 123.182795 123.193961 123.206368 123.219499 123.233147 123.246794 123.262407 123.278535 123.317721 123.398573 0.000000 0.000000 0.000000 0.000000 0.000000
