FireSTARR/test/constant/C2_S060_A270_WD225_WS000/arrival.asc
ncols         45
nrows         172
xllcorner     424403.990666
yllcorner     12748455.311160
cellsize      100.000000
NODATA_value  0.000000
[rows 128 to 159 of 172, columns 0 to 44 of 45]
0.000000 0.000000 0.000000 0.000000 0.000000 0.000000 123.348221 123.279776 123.264888 123.246794 123.231906 123.218259 123.205127 123.193961 123.182795 123.170389 123.159739 123.147332 123.136166 123.125000 123.114350 123.104425 123.098221 123.103184 123.114350 123.124275 123.133685 123.144851 123.156017 123.167907 123.180314 123.191480 123.203887 123.218259 123.230665 123.245553 123.261166 123.277295 123.339537 0.000000 0.000000 0.000000 0.000000 0.000000 0.000000
0.000000 0.000000 0.000000 0.000000 0.000000 0.000000 123.373035 123.291667 123.262407 123.244313 123.230665 123.217018 123.203887 123.191480 123.180314 123.167907 123.157257 123.144851 123.133685 123.123035 123.111869 123.101943 123.095740 123.100703 123.111869 123.121794 123.131203 123.142369 123.154776 123.165942 123.177833 123.188999 123.201405 123.215777 123.229425 123.244313 123.261166 123.282257 123.364350 0.000000 0.000000 0.000000 0.000000 0.000000 0.000000
0.000000 0.000000 0.000000 0.000000 0.000000 0.000000 123.393610 123.311517 123.259925 123.244313 123.228184 123.215777 123.201405 123.188999 123.177833 123.165942 123.154776 123.142369 123.131203 123.120553 123.109387 123.099462 123.093259 123.098221 123.109387 123.119313 123.128722 123.139888 123.152295 123.163461 123.175351 123.187758 123.200165 123.213296 123.226943 123.243072 123.258685 123.302833 123.384925 0.000000 0.000000 0.000000 0.000000 0.000000 0.000000
0.000000 0.000000 0.000000 0.000000 0.000000 0.000000 123.415942 123.334574 123.259925 123.244313 123.226943 123.213296 123.200165 123.186517 123.175351 123.163461 123.152295 123.139888 123.128722 123.118072 123.106906 123.096981 123.090777 123.095740 123.106906 123.116831 123.126241 123.137407 123.149813 123.162220 123.172870 123.185277 123.198924 123.210815 123.225703 123.241831 123.257444 123.325165 123.406017 0.000000 0.000000 0.000000 0.000000 0.000000 0.000000
0.000000 0.000000 0.000000 0.000000 0.000000 0.000000 0.000000 123.358147 123.277295 123.243072 123.225703 123.210815 123.197683 123.184036 123.172870 123.160979 123.149813 123.137407 123.126241 123.115591 123.104425 123.094499 123.088296 123.093259 123.104425 123.114350 123.124275 123.136166 123.147332 123.159739 123.170389 123.182795 123.196443 123.209574 123.224462 123.241831 123.268610 123.349462 0.000000 0.000000 0.000000 0.000000 0.000000 0.000000 0.000000
0.000000 0.000000 0.000000 0.000000 0.000000 0.000000 0.000000 123.381203 123.300351 123.240591 123.225703 123.208333 123.196443 123.181555 123.170389 123.158498 123.147332 123.136166 123.124275 123.113109 123.101943 123.092018 123.085815 123.090777 123.101943 123.111869 123.121794 123.133685 123.144851 123.157257 123.167907 123.181555 123.195202 123.207609 123.224462 123.239350 123.290942 123.373035 0.000000 0.000000 0.000000 0.000000 0.000000 0.000000 0.000000
0.000000 0.000000 0.000000 0.000000 0.000000 0.000000 0.000000 123.403535 123.321443 123.240591 123.224462 123.207609 123.195202 123.180314 123.167907 123.156017 123.144851 123.133685 123.121794 123.110628 123.099462 123.089537 123.083333 123.088296 123.099462 123.109387 123.119313 123.131203 123.143610 123.154776 123.165942 123.179073 123.192721 123.206368 123.221981 123.239350 123.313999 123.394851 0.000000 0.000000 0.000000 0.000000 0.000000 0.000000 0.000000
0.000000 0.000000 0.000000 0.000000 0.000000 0.000000 0.000000 0.000000 123.343259 123.261166 123.223221 123.206368 123.192721 123.177833 123.165942 123.154776 123.142369 123.131203 123.119313 123.108147 123.096981 123.087055 123.081368 123.085815 123.096981 123.106906 123.116831 123.128722 123.141129 123.152295 123.164701 123.176592 123.190239 123.205127 123.221981 123.252481 123.333333 123.414701 0.000000 0.000000 0.000000 0.000000 0.000000 0.000000 0.000000
0.000000 0.000000 0.000000 0.000000 0.000000 0.000000 0.000000 0.000000 123.366831 123.285979 123.221981 123.206368 123.190239 123.176592 123.163461 123.152295 123.139888 123.128722 123.116831 123.105665 123.094499 123.084574 123.078887 123.083333 123.094499 123.104425 123.114350 123.126241 123.138647 123.149813 123.162220 123.174111 123.187758 123.205127 123.219499 123.276054 123.358147 0.000000 0.000000 0.000000 0.000000 0.000000 0.000000 0.000000 0.000000
0.000000 0.000000 0.000000 0.000000 0.000000 0.000000 0.000000 0.000000 123.389888 123.307795 123.226943 123.205127 123.187758 123.175351 123.160979 123.149813 123.137407 123.126241 123.114350 123.103184 123.092018 123.082609 123.076405 123.081368 123.092018 123.101943 123.113109 123.124275 123.136166 123.147332 123.160979 123.171629 123.187758 123.203887 123.219499 123.299111 123.381203 0.000000 0.000000 0.000000 0.000000 0.000000 0.000000 0.000000 0.000000
0.000000 0.000000 0.000000 0.000000 0.000000 0.000000 0.000000 0.000000 123.414701 123.332609 123.251241 123.203887 123.186517 123.172870 123.159739 123.147332 123.134925 123.124275 123.113109 123.100703 123.089537 123.080127 123.073924 123.078887 123.089537 123.099462 123.110628 123.121794 123.133685 123.144851 123.158498 123.170389 123.185277 123.202646 123.243072 123.323924 123.404776 0.000000 0.000000 0.000000 0.000000 0.000000 0.000000 0.000000 0.000000
0.000000 0.000000 0.000000 0.000000 0.000000 0.000000 0.000000 0.000000 0.000000 123.355665 123.273573 123.202646 123.186517 123.171629 123.157257 123.144851 123.133685 123.121794 123.110628 123.098221 123.087055 123.077646 123.071443 123.076405 123.087055 123.096981 123.108147 123.119313 123.131203 123.143610 123.156017 123.167907 123.185277 123.200165 123.264888 123.346981 0.000000 0.000000 0.000000 0.000000 0.000000 0.000000 0.000000 0.000000 0.000000
0.000000 0.000000 0.000000 0.000000 0.000000 0.000000 0.000000 0.000000 0.000000 123.375000 123.294148 123.213296 123.186517 123.169148 123.156017 123.142369 123.131203 123.119313 123.108147 123.095740 123.084574 123.075165 123.068961 123.073924 123.084574 123.094499 123.105665 123.118072 123.128722 123.141129 123.153535 123.167907 123.184036 123.203887 123.284739 123.366831 0.000000 0.000000 0.000000 0.000000 0.000000 0.000000 0.000000 0.000000 0.000000
0.000000 0.000000 0.000000 0.000000 0.000000 0.000000 0.000000 0.000000 0.000000 123.397332 123.316480 123.235628 123.184036 123.167907 123.153535 123.139888 123.128722 123.116831 123.105665 123.093259 123.082609 123.072683 123.066480 123.071443 123.081368 123.092018 123.103184 123.115591 123.126241 123.138647 123.151054 123.166667 123.182795 123.225703 123.307795 123.388647 0.000000 0.000000 0.000000 0.000000 0.000000 0.000000 0.000000 0.000000 0.000000
0.000000 0.000000 0.000000 0.000000 0.000000 0.000000 0.000000 0.000000 0.000000 0.000000 123.339537 123.257444 123.184036 123.166667 123.152295 123.137407 123.126241 123.114350 123.103184 123.092018 123.080127 123.070202 123.063999 123.068961 123.078887 123.089537 123.100703 123.113109 123.124275 123.136166 123.148573 123.165942 123.181555 123.251241 123.332609 123.413461 0.000000 0.000000 0.000000 0.000000 0.000000 0.000000 0.000000 0.000000 0.000000
0.000000 0.000000 0.000000 0.000000 0.000000 0.000000 0.000000 0.000000 0.000000 0.000000 123.363109 123.282257 123.201405 123.166667 123.149813 123.136166 123.123035 123.111869 123.100703 123.089537 123.077646 123.067721 123.061517 123.066480 123.076405 123.087055 123.098221 123.110628 123.121794 123.134925 123.148573 123.164701 123.191480 123.273573 123.354425 0.000000 0.000000 0.000000 0.000000 0.000000 0.000000 0.000000 0.000000 0.000000 0.000000
0.000000 0.000000 0.000000 0.000000 0.000000 0.000000 0.000000 0.000000 0.000000 0.000000 123.383685 123.301592 123.220740 123.164701 123.148573 123.133685 123.121794 123.110628 123.098221 123.087055 123.075165 123.065239 123.059036 123.063999 123.073924 123.084574 123.095740 123.108147 123.120553 123.133685 123.147332 123.162220 123.212055 123.292907 123.374275 0.000000 0.000000 0.000000 0.000000 0.000000 0.000000 0.000000 0.000000 0.000000 0.000000
0.000000 0.000000 0.000000 0.000000 0.000000 0.000000 0.000000 0.000000 0.000000 0.000000 123.407257 123.326405 123.245553 123.165942 123.148573 123.132444 123.119313 123.108147 123.095740 123.084574 123.072683 123.062758 123.056555 123.061517 123.071443 123.082609 123.094499 123.105665 123.118072 123.131203 123.146091 123.162220 123.234387 123.316480 123.397332 0.000000 0.000000 0.000000 0.000000 0.000000 0.000000 0.000000 0.000000 0.000000 0.000000
0.000000 0.000000 0.000000 0.000000 0.000000 0.000000 0.000000 0.000000 0.000000 0.000000 0.000000 123.349462 123.268610 123.186517 123.146091 123.129963 123.118072 123.105665 123.093259 123.081368 123.071443 123.060277 123.054073 123.059036 123.068961 123.080127 123.092018 123.103184 123.115591 123.129963 123.144851 123.177833 123.258685 123.340777 0.000000 0.000000 0.000000 0.000000 0.000000 0.000000 0.000000 0.000000 0.000000 0.000000 0.000000
0.000000 0.000000 0.000000 0.000000 0.000000 0.000000 0.000000 0.000000 0.000000 0.000000 0.000000 123.371794 123.290942 123.209574 123.144851 123.128722 123.115591 123.103184 123.090777 123.078887 123.068961 123.057795 123.051592 123.056555 123.066480 123.077646 123.089537 123.100703 123.114350 123.128722 123.143610 123.200165 123.281017 123.363109 0.000000 0.000000 0.000000 0.000000 0.000000 0.000000 0.000000 0.000000 0.000000 0.000000 0.000000
0.000000 0.000000 0.000000 0.000000 0.000000 0.000000 0.000000 0.000000 0.000000 0.000000 0.000000 123.396091 123.315239 123.233147 123.152295 123.128722 123.113109 123.100703 123.089537 123.076405 123.066480 123.055314 123.049111 123.054073 123.063999 123.075165 123.087055 123.099462 123.111869 123.126241 123.143610 123.224462 123.305314 123.387407 0.000000 0.000000 0.000000 0.000000 0.000000 0.000000 0.000000 0.000000 0.000000 0.000000 0.000000
0.000000 0.000000 0.000000 0.000000 0.000000 0.000000 0.000000 0.000000 0.000000 0.000000 0.000000 123.415942 123.334574 123.253722 123.171629 123.127481 123.110628 123.098221 123.087055 123.073924 123.063999 123.052833 123.046629 123.051592 123.061517 123.072683 123.084574 123.096981 123.110628 123.126241 123.163461 123.244313 123.325165 123.407257 0.000000 0.000000 0.000000 0.000000 0.000000 0.000000 0.000000 0.000000 0.000000 0.000000 0.000000
0.000000 0.000000 0.000000 0.000000 0.000000 0.000000 0.000000 0.000000 0.000000 0.000000 0.000000 0.000000 123.358147 123.276054 123.195202 123.126241 123.110628 123.095740 123.084574 123.071443 123.061517 123.050351 123.044148 123.049111 123.059036 123.071443 123.082609 123.094499 123.109387 123.124275 123.186517 123.267369 123.348221 0.000000 0.000000 0.000000 0.000000 0.000000 0.000000 0.000000 0.000000 0.000000 0.000000 0.000000 0.000000
0.000000 0.000000 0.000000 0.000000 0.000000 0.000000 0.000000 0.000000 0.000000 0.000000 0.000000 0.000000 123.379963 123.299111 123.217018 123.136166 123.109387 123.094499 123.081368 123.068961 123.059036 123.047870 123.040942 123.046629 123.056555 123.068961 123.080127 123.092018 123.108147 123.127481 123.208333 123.289701 123.371794 0.000000 0.000000 0.000000 0.000000 0.000000 0.000000 0.000000 0.000000 0.000000 0.000000 0.000000 0.000000
0.000000 0.000000 0.000000 0.000000 0.000000 0.000000 0.000000 0.000000 0.000000 0.000000 0.000000 0.000000 123.404776 123.322683 123.241831 123.160979 123.106906 123.092018 123.078887 123.067721 123.056555 123.045389 123.038461 123.044148 123.054073 123.066480 123.077646 123.090777 123.105665 123.151054 123.233147 123.313999 123.394851 0.000000 0.000000 0.000000 0.000000 0.000000 0.000000 0.000000 0.000000 0.000000 0.000000 0.000000 0.000000
0.000000 0.000000 0.000000 0.000000 0.000000 0.000000 0.000000 0.000000 0.000000 0.000000 0.000000 0.000000 0.000000 123.345740 123.264888 123.182795 123.106906 123.090777 123.077646 123.065239 123.054073 123.042907 123.035979 123.040942 123.051592 123.063999 123.075165 123.089537 123.104425 123.174111 123.256203 123.337055 0.000000 0.000000 0.000000 0.000000 0.000000 0.000000 0.000000 0.000000 0.000000 0.000000 0.000000 0.000000 0.000000
0.000000 0.000000 0.000000 0.000000 0.000000 0.000000 0.000000 0.000000 0.000000 0.000000 0.000000 0.000000 0.000000 123.365591 123.284739 123.202646 123.121794 123.090777 123.075165 123.063999 123.051592 123.039701 123.033498 123.038461 123.050351 123.061517 123.072683 123.088296 123.113109 123.193961 123.274813 123.356906 0.000000 0.000000 0.000000 0.000000 0.000000 0.000000 0.000000 0.000000 0.000000 0.000000 0.000000 0.000000 0.000000
0.000000 0.000000 0.000000 0.000000 0.000000 0.000000 0.000000 0.000000 0.000000 0.000000 0.000000 0.000000 0.000000 123.389888 123.309036 123.226943 123.146091 123.088296 123.072683 123.061517 123.049111 123.037220 123.031017 123.035979 123.047870 123.059036 123.071443 123.085815 123.137407 123.218259 123.299111 123.381203 0.000000 0.000000 0.000000 0.000000 0.000000 0.000000 0.000000 0.000000 0.000000 0.000000 0.000000 0.000000 0.000000
0.000000 0.000000 0.000000 0.000000 0.000000 0.000000 0.000000 0.000000 0.000000 0.000000 0.000000 0.000000 0.000000 123.412220 123.331368 123.250000 123.169148 123.088296 123.071443 123.059036 123.046629 123.034739 123.028535 123.033498 123.045389 123.056555 123.070202 123.085815 123.159739 123.240591 123.322683 123.403535 0.000000 0.000000 0.000000 0.000000 0.000000 0.000000 0.000000 0.000000 0.000000 0.000000 0.000000 0.000000 0.000000
0.000000 0.000000 0.000000 0.000000 0.000000 0.000000 0.000000 0.000000 0.000000 0.000000 0.000000 0.000000 0.000000 0.000000 123.354425 123.272332 123.191480 123.110628 123.070202 123.056555 123.044148 123.032257 123.026054 123.031017 123.042907 123.054073 123.068961 123.100703 123.182795 123.263647 123.345740 0.000000 0.000000 0.000000 0.000000 0.000000 0.000000 0.000000 0.000000 0.000000 0.000000 0.000000 0.000000 0.000000 0.000000
0.000000 0.000000 0.000000 0.000000 0.000000 0.000000 0.000000 0.000000 0.000000 0.000000 0.000000 0.000000 0.000000 0.000000 123.378722 123.296629 123.215777 123.134925 123.068961 123.054073 123.041667 123.029776 123.023573 123.028535 123.039701 123.052833 123.066480 123.125000 123.206368 123.288461 123.369313 0.000000 0.000000 0.000000 0.000000 0.000000 0.000000 0.000000 0.000000 0.000000 0.000000 0.000000 0.000000 0.000000 0.000000
0.000000 0.000000 0.000000 0.000000 0.000000 0.000000 0.000000 0.000000 0.000000 0.000000 0.000000 0.000000 0.000000 0.000000 123.398573 123.317721 123.235628 123.154776 123.072683 123.052833 123.039701 123.027295 123.021091 123.026054 123.037220 123.050351 123.067721 123.146091 123.226943 123.307795 123.389888 0.000000 0.000000 0.000000 0.000000 0.000000 0.000000 0.000000 0.000000 0.000000 0.000000 0.000000 0.000000 0.000000 0.000000
