FireSTARR/test/constant/C2_S000_A180_WD090_WS020/arrival.asc
ncols         103
nrows         41
xllcorner     417003.990666
yllcorner     12746755.311160
cellsize      100.000000
NODATA_value  0.000000
[rows 0 to 25 of 41, columns 0 to 57 of 103]
0.000000 0.000000 0.000000 0.000000 0.000000 0.000000 0.000000 0.000000 0.000000 0.000000 0.000000 0.000000 0.000000 0.000000 0.000000 0.000000 0.000000 0.000000 0.000000 0.000000 0.000000 0.000000 0.000000 0.000000 0.000000 0.000000 0.000000 0.000000 0.000000 0.000000 0.000000 0.000000 0.000000 0.000000 0.000000 0.000000 0.000000 0.000000 0.000000 0.000000 0.000000 0.000000 123.413845 123.413845 0.000000 0.000000 0.000000 0.000000 0.000000 0.000000 0.000000 0.000000 0.000000 0.000000 0.000000 0.000000 0.000000 0.000000
0.000000 0.000000 0.000000 0.000000 0.000000 0.000000 0.000000 0.000000 0.000000 0.000000 0.000000 0.000000 0.000000 0.000000 0.000000 0.000000 0.000000 0.000000 0.000000 0.000000 0.000000 0.000000 0.000000 0.000000 0.000000 0.000000 0.000000 0.000000 0.000000 0.000000 0.000000 0.000000 0.000000 0.000000 0.000000 0.000000 0.000000 0.000000 0.000000 123.416003 123.411687 123.407371 123.403055 123.400897 123.396581 123.392265 123.394423 123.400897 123.411687 0.000000 0.000000 0.000000 0.000000 0.000000 0.000000 0.000000 0.000000 0.000000
0.000000 0.000000 0.000000 0.000000 0.000000 0.000000 0.000000 0.000000 0.000000 0.000000 0.000000 0.000000 0.000000 0.000000 0.000000 0.000000 0.000000 0.000000 0.000000 0.000000 0.000000 0.000000 0.000000 0.000000 0.000000 0.000000 0.000000 0.000000 0.000000 0.000000 0.000000 0.000000 0.000000 0.000000 0.000000 123.416003 123.413845 123.409529 123.405213 123.403055 123.400897 123.396581 123.394423 123.390107 123.385790 123.381474 123.379316 123.374337 123.372179 123.374337 123.381474 123.392265 123.400897 123.407371 123.416003 0.000000 0.000000 0.000000
0.000000 0.000000 0.000000 0.000000 0.000000 0.000000 0.000000 0.000000 0.000000 0.000000 0.000000 0.000000 0.000000 0.000000 0.000000 0.000000 0.000000 0.000000 0.000000 0.000000 0.000000 0.000000 0.000000 0.000000 0.000000 0.000000 0.000000 0.000000 0.000000 0.000000 0.000000 0.000000 123.416667 123.413845 123.409529 123.405213 123.400897 123.398739 123.394423 123.390107 123.385790 123.383632 123.381474 123.379316 123.374337 123.370021 123.367862 123.363546 123.359230 123.357072 123.352756 123.350598 123.354914 123.363546 123.372179 123.381474 123.390107 123.396581
0.000000 0.000000 0.000000 0.000000 0.000000 0.000000 0.000000 0.000000 0.000000 0.000000 0.000000 0.000000 0.000000 0.000000 0.000000 0.000000 0.000000 0.000000 0.000000 0.000000 0.000000 0.000000 0.000000 0.000000 0.000000 0.000000 0.000000 0.000000 0.000000 123.416667 123.413845 123.409529 123.407371 123.403055 123.398739 123.396581 123.392265 123.387948 123.383632 123.379316 123.377158 123.372179 123.367862 123.365704 123.361388 123.359230 123.357072 123.352756 123.348440 123.346282 123.341966 123.337649 123.333333 123.330512 123.328354 123.335491 123.346282 123.352756
0.000000 0.000000 0.000000 0.000000 0.000000 0.000000 0.000000 0.000000 0.000000 0.000000 0.000000 0.000000 0.000000 0.000000 0.000000 0.000000 0.000000 0.000000 0.000000 0.000000 0.000000 0.000000 0.000000 0.000000 0.000000 0.000000 0.000000 123.416003 123.411687 123.407371 123.403055 123.398739 123.394423 123.390107 123.387948 123.385790 123.381474 123.377158 123.374337 123.370021 123.365704 123.363546 123.359230 123.354914 123.350598 123.346282 123.344124 123.339808 123.337649 123.333333 123.330512 123.328354 123.324038 123.319722 123.315405 123.311089 123.306773 123.308931
0.000000 0.000000 0.000000 0.000000 0.000000 0.000000 0.000000 0.000000 0.000000 0.000000 0.000000 0.000000 0.000000 0.000000 0.000000 0.000000 0.000000 0.000000 0.000000 0.000000 0.000000 0.000000 0.000000 0.000000 0.000000 123.413845 123.409529 123.407371 123.403055 123.398739 123.394423 123.392265 123.387948 123.383632 123.379316 123.374337 123.370021 123.365704 123.361388 123.361388 123.357072 123.352756 123.348440 123.344124 123.339808 123.337649 123.332670 123.328354 123.324038 123.321880 123.317564 123.313247 123.313247 123.308931 123.304615 123.300299 123.298141 123.293825
0.000000 0.000000 0.000000 0.000000 0.000000 0.000000 0.000000 0.000000 0.000000 0.000000 0.000000 0.000000 0.000000 0.000000 0.000000 0.000000 0.000000 0.000000 0.000000 0.000000 0.000000 0.000000 0.000000 123.416003 123.411687 123.407371 123.403055 123.398739 123.394423 123.390107 123.385790 123.381474 123.377158 123.372179 123.370021 123.367862 123.363546 123.359230 123.354914 123.350598 123.346282 123.341966 123.337649 123.333333 123.330512 123.326196 123.321880 123.317564 123.315405 123.311089 123.306773 123.302457 123.298141 123.293825 123.291667 123.291003 123.286687 123.282371
0.000000 0.000000 0.000000 0.000000 0.000000 0.000000 0.000000 0.000000 0.000000 0.000000 0.000000 0.000000 0.000000 0.000000 0.000000 0.000000 0.000000 0.000000 0.000000 0.000000 0.000000 123.413845 123.409529 123.405213 123.400897 123.398739 123.394423 123.390107 123.385790 123.381474 123.377158 123.372179 123.367862 123.363546 123.359230 123.354914 123.350598 123.346282 123.344124 123.339808 123.335491 123.332670 123.328354 123.324038 123.319722 123.315405 123.311089 123.308931 123.304615 123.300299 123.295983 123.293825 123.288845 123.284529 123.280213 123.275897 123.271581 123.271581
0.000000 0.000000 0.000000 0.000000 0.000000 0.000000 0.000000 0.000000 0.000000 0.000000 0.000000 0.000000 0.000000 0.000000 0.000000 0.000000 0.000000 0.000000 0.000000 123.413845 123.409529 123.405213 123.400897 123.396581 123.392265 123.387948 123.383632 123.379316 123.375000 123.372179 123.367862 123.363546 123.359230 123.354914 123.350598 123.346282 123.341966 123.337649 123.333333 123.330512 123.326196 123.321880 123.317564 123.315405 123.311089 123.306773 123.302457 123.298141 123.293825 123.291003 123.286687 123.282371 123.278055 123.273739 123.271581 123.267265 123.262948 123.258632
0.000000 0.000000 0.000000 0.000000 0.000000 0.000000 0.000000 0.000000 0.000000 0.000000 0.000000 0.000000 0.000000 0.000000 0.000000 0.000000 0.000000 123.413845 123.409529 123.405213 123.400897 123.396581 123.392265 123.387948 123.385790 123.381474 123.377158 123.372179 123.367862 123.363546 123.359230 123.354914 123.350598 123.346282 123.341966 123.337649 123.332670 123.328354 123.326196 123.321880 123.317564 123.313247 123.308931 123.304615 123.300299 123.295983 123.293825 123.288845 123.284529 123.280213 123.275897 123.273739 123.269423 123.265107 123.260790 123.256474 123.252158 123.249337
0.000000 0.000000 0.000000 0.000000 0.000000 0.000000 0.000000 0.000000 0.000000 0.000000 0.000000 0.000000 0.000000 0.000000 0.000000 123.413845 123.409529 123.407371 123.403055 123.398739 123.394423 123.390107 123.385790 123.381474 123.377158 123.372179 123.367862 123.363546 123.359230 123.354914 123.350598 123.346282 123.341966 123.337649 123.332670 123.328354 123.324038 123.319722 123.315405 123.311089 123.306773 123.302457 123.298141 123.295983 123.291003 123.286687 123.282371 123.278055 123.273739 123.271581 123.267265 123.262948 123.258632 123.254316 123.249337 123.247179 123.242862 123.238546
0.000000 0.000000 0.000000 0.000000 0.000000 0.000000 0.000000 0.000000 0.000000 0.000000 0.000000 0.000000 0.000000 123.413845 123.409529 123.405213 123.400897 123.396581 123.392265 123.387948 123.383632 123.379316 123.375000 123.372179 123.367862 123.363546 123.359230 123.354914 123.350598 123.346282 123.341966 123.337649 123.332670 123.328354 123.324038 123.319722 123.315405 123.311089 123.306773 123.302457 123.298141 123.293825 123.291003 123.286687 123.282371 123.278055 123.273739 123.269423 123.265107 123.260790 123.258632 123.254316 123.249337 123.245021 123.240704 123.236388 123.232072 123.227756
0.000000 0.000000 0.000000 0.000000 0.000000 0.000000 0.000000 0.000000 0.000000 0.000000 0.000000 123.416003 123.411687 123.407371 123.403055 123.398739 123.394423 123.390107 123.385790 123.381474 123.377158 123.374337 123.370021 123.365704 123.361388 123.357072 123.352756 123.348440 123.344124 123.339808 123.335491 123.330512 123.326196 123.321880 123.317564 123.313247 123.308931 123.304615 123.300299 123.295983 123.291003 123.286687 123.282371 123.278055 123.273739 123.269423 123.265107 123.260790 123.256474 123.252158 123.249337 123.245021 123.240704 123.236388 123.232072 123.227756 123.223440 123.219124
0.000000 0.000000 0.000000 0.000000 0.000000 0.000000 0.000000 0.000000 0.000000 123.416003 123.411687 123.407371 123.403055 123.398739 123.394423 123.390107 123.385790 123.381474 123.377158 123.372179 123.370021 123.365704 123.361388 123.357072 123.352756 123.348440 123.344124 123.339808 123.335491 123.330512 123.326196 123.321880 123.317564 123.313247 123.308931 123.304615 123.300299 123.295983 123.291667 123.288845 123.284529 123.280213 123.275897 123.271581 123.267265 123.262948 123.258632 123.254316 123.249337 123.245021 123.240704 123.236388 123.232072 123.227756 123.223440 123.219124 123.214808 123.210491
0.000000 0.000000 0.000000 0.000000 0.000000 0.000000 0.000000 123.416003 123.411687 123.407371 123.403055 123.398739 123.394423 123.390107 123.385790 123.381474 123.377158 123.374337 123.370021 123.365704 123.361388 123.357072 123.352756 123.348440 123.344124 123.339808 123.335491 123.332670 123.328354 123.324038 123.319722 123.315405 123.311089 123.306773 123.302457 123.298141 123.293825 123.288845 123.284529 123.280213 123.275897 123.271581 123.267265 123.262948 123.258632 123.254316 123.250000 123.247179 123.242862 123.238546 123.234230 123.229914 123.225598 123.221282 123.216966 123.212649 123.207670 123.203354
0.000000 0.000000 0.000000 0.000000 0.000000 123.416003 123.411687 123.407371 123.403055 123.398739 123.394423 123.390107 123.385790 123.381474 123.379316 123.374337 123.370021 123.365704 123.361388 123.357072 123.352756 123.348440 123.344124 123.339808 123.335491 123.332670 123.328354 123.324038 123.319722 123.315405 123.311089 123.306773 123.302457 123.298141 123.293825 123.288845 123.284529 123.280213 123.275897 123.271581 123.267265 123.262948 123.258632 123.254316 123.250000 123.247179 123.242862 123.238546 123.234230 123.229914 123.225598 123.221282 123.216966 123.212649 123.207670 123.203354 123.199038 123.194722
0.000000 0.000000 0.000000 0.000000 123.413845 123.409529 123.405213 123.400897 123.396581 123.392265 123.387948 123.383632 123.379316 123.374337 123.370021 123.365704 123.361388 123.357072 123.352756 123.348440 123.344124 123.339808 123.335491 123.332670 123.328354 123.324038 123.319722 123.315405 123.311089 123.306773 123.302457 123.298141 123.293825 123.291003 123.286687 123.282371 123.278055 123.273739 123.269423 123.265107 123.260790 123.256474 123.252158 123.247179 123.242862 123.238546 123.234230 123.229914 123.225598 123.221282 123.216966 123.212649 123.207670 123.203354 123.199038 123.194722 123.190405 123.186089
0.000000 0.000000 123.416003 123.411687 123.407371 123.403055 123.398739 123.394423 123.390107 123.385790 123.381474 123.377158 123.372179 123.367862 123.363546 123.359230 123.354914 123.350598 123.346282 123.341966 123.337649 123.332670 123.328354 123.324038 123.319722 123.315405 123.311089 123.306773 123.302457 123.298141 123.293825 123.291003 123.286687 123.282371 123.278055 123.273739 123.269423 123.265107 123.260790 123.256474 123.252158 123.247179 123.242862 123.238546 123.234230 123.229914 123.225598 123.221282 123.216966 123.212649 123.208333 123.205512 123.201196 123.196880 123.192564 123.188247 123.183931 123.179615
123.416667 123.413845 123.409529 123.405213 123.400897 123.396581 123.392265 123.387948 123.383632 123.379316 123.374337 123.370021 123.365704 123.361388 123.357072 123.352756 123.348440 123.344124 123.339808 123.335491 123.330512 123.326196 123.321880 123.317564 123.313247 123.308931 123.304615 123.300299 123.295983 123.291667 123.288845 123.284529 123.280213 123.275897 123.271581 123.267265 123.262948 123.258632 123.254316 123.249337 123.245021 123.240704 123.236388 123.232072 123.227756 123.223440 123.219124 123.214808 123.210491 123.205512 123.201196 123.196880 123.192564 123.188247 123.183931 123.179615 123.175299 123.170983
123.413845 123.409529 123.405213 123.400897 123.396581 123.392265 123.387948 123.383632 123.379316 123.374337 123.370021 123.365704 123.361388 123.357072 123.352756 123.348440 123.344124 123.339808 123.335491 123.332670 123.328354 123.324038 123.319722 123.315405 123.311089 123.306773 123.302457 123.298141 123.293825 123.288845 123.284529 123.280213 123.275897 123.271581 123.267265 123.262948 123.258632 123.254316 123.249337 123.245021 123.240704 123.236388 123.232072 123.227756 123.223440 123.219124 123.214808 123.210491 123.207670 123.203354 123.199038 123.194722 123.190405 123.186089 123.181773 123.177457 123.173141 123.168825
0.000000 123.413845 123.409529 123.405213 123.400897 123.396581 123.392265 123.387948 123.383632 123.379316 123.374337 123.370021 123.365704 123.361388 123.357072 123.352756 123.348440 123.344124 123.339808 123.335491 123.330512 123.326196 123.321880 123.317564 123.313247 123.308931 123.304615 123.300299 123.295983 123.291667 123.288845 123.284529 123.280213 123.275897 123.271581 123.267265 123.262948 123.258632 123.254316 123.249337 123.245021 123.240704 123.236388 123.232072 123.227756 123.223440 123.219124 123.214808 123.210491 123.205512 123.201196 123.196880 123.192564 123.188247 123.183931 123.179615 123.175299 123.170983
0.000000 0.000000 123.416003 123.411687 123.407371 123.403055 123.398739 123.394423 123.390107 123.385790 123.381474 123.377158 123.372179 123.367862 123.363546 123.359230 123.354914 123.350598 123.346282 123.341966 123.337649 123.333333 123.330512 123.326196 123.321880 123.317564 123.313247 123.308931 123.304615 123.300299 123.295983 123.291003 123.286687 123.282371 123.278055 123.273739 123.269423 123.265107 123.260790 123.256474 123.252158 123.247179 123.242862 123.238546 123.234230 123.229914 123.225598 123.221282 123.216966 123.212649 123.208333 123.205512 123.201196 123.196880 123.192564 123.188247 123.183931 123.179615
0.000000 0.000000 0.000000 0.000000 123.413845 123.409529 123.405213 123.400897 123.396581 123.392265 123.387948 123.383632 123.379316 123.375000 123.372179 123.367862 123.363546 123.359230 123.354914 123.350598 123.346282 123.341966 123.337649 123.332670 123.328354 123.324038 123.319722 123.315405 123.311089 123.306773 123.302457 123.298141 123.293825 123.288845 123.284529 123.280213 123.275897 123.271581 123.267265 123.262948 123.258632 123.254316 123.250000 123.247179 123.242862 123.238546 123.234230 123.229914 123.225598 123.221282 123.216966 123.212649 123.207670 123.203354 123.199038 123.194722 123.190405 123.186089
0.000000 0.000000 0.000000 0.000000 0.000000 123.416667 123.413845 123.409529 123.405213 123.400897 123.396581 123.392265 123.387948 123.383632 123.379316 123.374337 123.370021 123.365704 123.361388 123.357072 123.352756 123.348440 123.344124 123.339808 123.335491 123.332670 123.328354 123.324038 123.319722 123.315405 123.311089 123.306773 123.302457 123.298141 123.293825 123.288845 123.284529 123.280213 123.275897 123.271581 123.267265 123.262948 123.258632 123.254316 123.249337 123.245021 123.240704 123.236388 123.232072 123.227756 123.223440 123.219124 123.214808 123.210491 123.207670 123.203354 123.199038 123.194722
0.000000 0.000000 0.000000 0.000000 0.000000 0.000000 0.000000 123.416003 123.411687 123.407371 123.403055 123.398739 123.394423 123.390107 123.385790 123.381474 123.377158 123.372179 123.367862 123.363546 123.359230 123.354914 123.350598 123.346282 123.341966 123.337649 123.333333 123.330512 123.326196 123.321880 123.317564 123.313247 123.308931 123.304615 123.300299 123.295983 123.291003 123.286687 123.282371 123.278055 123.273739 123.269423 123.265107 123.260790 123.256474 123.252158 123.247179 123.242862 123.238546 123.234230 123.229914 123.225598 123.223440 123.219124 123.214808 123.210491 123.205512 123.201196
