FireSTARR/test/constant/C2_S060_A180_WD135_WS020/arrival.asc
ncols         74
nrows         70
xllcorner     426003.990666
yllcorner     12748155.311160
cellsize      100.000000
NODATA_value  0.000000
[rows 26 to 51 of 70, columns 0 to 58 of 74]
0.000000 0.000000 0.000000 0.000000 0.000000 0.000000 0.000000 0.000000 0.000000 0.000000 0.000000 0.000000 0.000000 0.000000 0.000000 0.000000 0.000000 0.000000 0.000000 0.000000 0.000000 123.416667 123.387543 123.356329 123.335424 123.329296 123.323024 123.316753 123.310481 123.306300 123.300029 123.293757 123.291667 123.287629 123.279267 123.275086 123.268815 123.266724 123.264634 123.260453 123.256272 123.254181 123.248053 123.245962 123.241781 123.241781 123.245962 123.256272 123.262543 123.270905 123.281358 123.287629 123.297938 123.306300 123.314662 123.325115 123.335424 123.341695 123.352148
0.000000 0.000000 0.000000 0.000000 0.000000 0.000000 0.000000 0.000000 0.000000 0.000000 0.000000 0.000000 0.000000 0.000000 0.000000 0.000000 0.000000 0.000000 0.000000 0.000000 0.000000 123.391724 123.362600 123.333333 123.323024 123.320934 123.312572 123.304210 123.297938 123.295848 123.287629 123.283448 123.277177 123.272996 123.268815 123.264634 123.260453 123.258362 123.254181 123.252091 123.248053 123.241781 123.239691 123.235510 123.233419 123.239691 123.250000 123.258362 123.264634 123.275086 123.281358 123.291667 123.302119 123.312572 123.318843 123.329296 123.337514 123.345876 123.356329
0.000000 0.000000 0.000000 0.000000 0.000000 0.000000 0.000000 0.000000 0.000000 0.000000 0.000000 0.000000 0.000000 0.000000 0.000000 0.000000 0.000000 0.000000 0.000000 0.000000 123.397996 123.368872 123.339605 123.316753 123.310481 123.304210 123.297938 123.293757 123.287629 123.283448 123.275086 123.272996 123.268815 123.262543 123.258362 123.254181 123.250000 123.245962 123.243872 123.239691 123.237600 123.233419 123.227148 123.227148 123.233419 123.243872 123.252091 123.260453 123.268815 123.277177 123.285539 123.293757 123.304210 123.314662 123.323024 123.331386 123.339605 123.350057 123.360510
0.000000 0.000000 0.000000 0.000000 0.000000 0.000000 0.000000 0.000000 0.000000 0.000000 0.000000 0.000000 0.000000 0.000000 0.000000 0.000000 0.000000 0.000000 0.000000 123.404267 123.375000 123.345876 123.316753 123.306300 123.300029 123.295848 123.287629 123.281358 123.275086 123.270905 123.266724 123.260453 123.256272 123.252091 123.248053 123.243872 123.239691 123.237600 123.233419 123.229238 123.227148 123.220876 123.220876 123.227148 123.237600 123.245962 123.252091 123.260453 123.270905 123.277177 123.289720 123.300029 123.308391 123.314662 123.323024 123.335424 123.343786 123.352148 123.362600
0.000000 0.000000 0.000000 0.000000 0.000000 0.000000 0.000000 0.000000 0.000000 0.000000 0.000000 0.000000 0.000000 0.000000 0.000000 0.000000 0.000000 0.000000 123.410539 123.379181 123.350057 123.320934 123.297938 123.291667 123.285539 123.283448 123.277177 123.270905 123.262543 123.258362 123.256272 123.248053 123.243872 123.241781 123.237600 123.233419 123.229238 123.227148 123.225057 123.218786 123.214605 123.214605 123.222967 123.231329 123.239691 123.248053 123.256272 123.264634 123.272996 123.283448 123.293757 123.300029 123.310481 123.318843 123.329296 123.337514 123.347967 123.358419 123.366781
0.000000 0.000000 0.000000 0.000000 0.000000 0.000000 0.000000 0.000000 0.000000 0.000000 0.000000 0.000000 0.000000 0.000000 0.000000 0.000000 0.000000 123.414720 123.385453 123.356329 123.327205 123.297938 123.287629 123.283448 123.275086 123.270905 123.262543 123.258362 123.254181 123.248053 123.241781 123.239691 123.235510 123.231329 123.225057 123.222967 123.218786 123.216695 123.212514 123.208333 123.208333 123.216695 123.225057 123.233419 123.241781 123.252091 123.260453 123.266724 123.279267 123.285539 123.295848 123.304210 123.312572 123.323024 123.333333 123.343786 123.352148 123.362600 123.370962
0.000000 0.000000 0.000000 0.000000 0.000000 0.000000 0.000000 0.000000 0.000000 0.000000 0.000000 0.000000 0.000000 0.000000 0.000000 0.000000 0.000000 123.391724 123.362600 123.333333 123.302119 123.279267 123.275086 123.268815 123.262543 123.256272 123.250000 123.245962 123.241781 123.235510 123.233419 123.227148 123.222967 123.220876 123.214605 123.212514 123.210424 123.204296 123.202205 123.202205 123.210424 123.218786 123.227148 123.235510 123.243872 123.252091 123.262543 123.270905 123.281358 123.287629 123.297938 123.306300 123.318843 123.325115 123.335424 123.345876 123.356329 123.364691 123.373053
0.000000 0.000000 0.000000 0.000000 0.000000 0.000000 0.000000 0.000000 0.000000 0.000000 0.000000 0.000000 0.000000 0.000000 0.000000 0.000000 123.397996 123.366781 123.339605 123.308391 123.279267 123.268815 123.262543 123.258362 123.250000 123.245962 123.239691 123.235510 123.231329 123.227148 123.220876 123.216695 123.212514 123.208333 123.206386 123.202205 123.198024 123.195934 123.195934 123.204296 123.214605 123.220876 123.229238 123.237600 123.245962 123.256272 123.266724 123.272996 123.283448 123.291667 123.302119 123.310481 123.323024 123.331386 123.339605 123.350057 123.358419 123.368872 123.377091
0.000000 0.000000 0.000000 0.000000 0.000000 0.000000 0.000000 0.000000 0.000000 0.000000 0.000000 0.000000 0.000000 0.000000 0.000000 123.400086 123.373053 123.343786 123.314662 123.283448 123.260453 123.256272 123.250000 123.245962 123.239691 123.233419 123.229238 123.222967 123.220876 123.212514 123.208333 123.204296 123.202205 123.198024 123.195934 123.191753 123.187572 123.189662 123.198024 123.206386 123.214605 123.222967 123.231329 123.239691 123.252091 123.260453 123.268815 123.277177 123.287629 123.295848 123.306300 123.316753 123.325115 123.333333 123.343786 123.352148 123.362600 123.370962 123.381272
0.000000 0.000000 0.000000 0.000000 0.000000 0.000000 0.000000 0.000000 0.000000 0.000000 0.000000 0.000000 0.000000 0.000000 123.406358 123.377091 123.350057 123.320934 123.289720 123.260453 123.252091 123.245962 123.237600 123.235510 123.227148 123.220876 123.216695 123.210424 123.208333 123.204296 123.200115 123.195934 123.191753 123.189662 123.183391 123.181300 123.183391 123.193843 123.200115 123.208333 123.218786 123.225057 123.235510 123.243872 123.254181 123.260453 123.272996 123.281358 123.291667 123.302119 123.310481 123.316753 123.329296 123.337514 123.347967 123.356329 123.364691 123.375000 123.383362
0.000000 0.000000 0.000000 0.000000 0.000000 0.000000 0.000000 0.000000 0.000000 0.000000 0.000000 0.000000 0.000000 123.412629 123.383362 123.354238 123.325115 123.295848 123.266724 123.243872 123.237600 123.233419 123.227148 123.222967 123.214605 123.212514 123.206386 123.200115 123.198024 123.191753 123.187572 123.185481 123.181300 123.179210 123.175029 123.177119 123.187572 123.193843 123.202205 123.212514 123.218786 123.229238 123.239691 123.245962 123.256272 123.264634 123.275086 123.285539 123.293757 123.302119 123.314662 123.323024 123.331386 123.339605 123.347967 123.360510 123.368872 123.377091 123.389634
0.000000 0.000000 0.000000 0.000000 0.000000 0.000000 0.000000 0.000000 0.000000 0.000000 0.000000 0.000000 0.000000 123.389634 123.360510 123.331386 123.302119 123.270905 123.243872 123.233419 123.225057 123.220876 123.214605 123.208333 123.204296 123.198024 123.195934 123.189662 123.187572 123.181300 123.179210 123.177119 123.170848 123.168757 123.170848 123.181300 123.187572 123.195934 123.206386 123.212514 123.222967 123.231329 123.241781 123.250000 123.260453 123.270905 123.281358 123.289720 123.300029 123.306300 123.316753 123.327205 123.335424 123.343786 123.352148 123.362600 123.373053 123.385453 123.395905
0.000000 0.000000 0.000000 0.000000 0.000000 0.000000 0.000000 0.000000 0.000000 0.000000 0.000000 0.000000 123.393815 123.364691 123.335424 123.306300 123.277177 123.248053 123.225057 123.222967 123.212514 123.206386 123.202205 123.198024 123.191753 123.185481 123.183391 123.179210 123.177119 123.170848 123.168757 123.164720 123.162629 123.164720 123.175029 123.183391 123.191753 123.198024 123.210424 123.216695 123.227148 123.235510 123.245962 123.254181 123.264634 123.275086 123.281358 123.291667 123.302119 123.310481 123.318843 123.327205 123.337514 123.345876 123.358419 123.368872 123.381272 123.393815 123.402177
0.000000 0.000000 0.000000 0.000000 0.000000 0.000000 0.000000 0.000000 0.000000 0.000000 0.000000 123.400086 123.370962 123.341695 123.310481 123.281358 123.254181 123.222967 123.214605 123.208333 123.202205 123.198024 123.189662 123.185481 123.181300 123.177119 123.172938 123.168757 123.164720 123.162629 123.158448 123.156358 123.158448 123.168757 123.177119 123.183391 123.193843 123.202205 123.210424 123.220876 123.229238 123.239691 123.250000 123.258362 123.266724 123.277177 123.285539 123.295848 123.304210 123.312572 123.323024 123.331386 123.343786 123.352148 123.366781 123.379181 123.387543 123.400086 123.406358
0.000000 0.000000 0.000000 0.000000 0.000000 0.000000 0.000000 0.000000 0.000000 0.000000 123.406358 123.377091 123.347967 123.318843 123.287629 123.258362 123.231329 123.206386 123.200115 123.195934 123.189662 123.183391 123.179210 123.172938 123.168757 123.164720 123.162629 123.158448 123.156358 123.150086 123.147996 123.152177 123.162629 123.168757 123.179210 123.187572 123.195934 123.204296 123.214605 123.225057 123.233419 123.243872 123.252091 123.260453 123.270905 123.281358 123.289720 123.297938 123.308391 123.316753 123.329296 123.337514 123.347967 123.362600 123.370962 123.383362 123.391724 123.402177 123.410539
0.000000 0.000000 0.000000 0.000000 0.000000 0.000000 0.000000 0.000000 0.000000 123.412629 123.381272 123.352148 123.323024 123.293757 123.264634 123.235510 123.206386 123.198024 123.189662 123.185481 123.177119 123.172938 123.166667 123.162629 123.158448 123.156358 123.150086 123.147996 123.143815 123.141724 123.145905 123.156358 123.162629 123.172938 123.183391 123.189662 123.200115 123.208333 123.218786 123.229238 123.237600 123.245962 123.256272 123.266724 123.275086 123.283448 123.293757 123.302119 123.314662 123.320934 123.335424 123.343786 123.354238 123.366781 123.377091 123.385453 123.395905 123.406358 123.414720
0.000000 0.000000 0.000000 0.000000 0.000000 0.000000 0.000000 0.000000 123.416667 123.387543 123.358419 123.329296 123.297938 123.268815 123.241781 123.210424 123.187572 123.183391 123.177119 123.170848 123.164720 123.162629 123.154267 123.152177 123.147996 123.145905 123.139634 123.139634 123.135453 123.141724 123.150086 123.156358 123.166667 123.177119 123.183391 123.193843 123.202205 123.212514 123.222967 123.231329 123.241781 123.250000 123.260453 123.268815 123.277177 123.285539 123.297938 123.308391 123.316753 123.329296 123.339605 123.350057 123.360510 123.370962 123.381272 123.391724 123.400086 123.416667 0.000000
0.000000 0.000000 0.000000 0.000000 0.000000 0.000000 0.000000 0.000000 123.393815 123.364691 123.335424 123.304210 123.275086 123.245962 123.216695 123.187572 123.179210 123.170848 123.164720 123.160539 123.154267 123.152177 123.145905 123.141724 123.139634 123.133362 123.131272 123.129181 123.135453 123.143815 123.150086 123.162629 123.170848 123.179210 123.189662 123.198024 123.206386 123.214605 123.225057 123.233419 123.243872 123.252091 123.264634 123.270905 123.285539 123.293757 123.304210 123.314662 123.325115 123.337514 123.345876 123.356329 123.366781 123.375000 123.387543 123.406358 0.000000 0.000000 0.000000
0.000000 0.000000 0.000000 0.000000 0.000000 0.000000 0.000000 123.400086 123.368872 123.339605 123.310481 123.281358 123.252091 123.220876 123.191753 123.170848 123.164720 123.160539 123.152177 123.147996 123.143815 123.137543 123.135453 123.131272 123.129181 123.125000 123.123053 123.129181 123.135453 123.143815 123.154267 123.164720 123.172938 123.183391 123.191753 123.200115 123.210424 123.218786 123.229238 123.239691 123.248053 123.256272 123.268815 123.277177 123.285539 123.297938 123.308391 123.318843 123.331386 123.337514 123.350057 123.358419 123.375000 123.393815 123.412629 0.000000 0.000000 0.000000 0.000000
0.000000 0.000000 0.000000 0.000000 0.000000 0.000000 123.404267 123.375000 123.345876 123.316753 123.287629 123.258362 123.227148 123.198024 123.168757 123.160539 123.152177 123.147996 123.141724 123.137543 123.131272 123.129181 123.125000 123.120962 123.116781 123.116781 123.123053 123.131272 123.139634 123.147996 123.156358 123.166667 123.175029 123.185481 123.195934 123.204296 123.214605 123.222967 123.231329 123.241781 123.252091 123.262543 123.270905 123.283448 123.293757 123.302119 123.314662 123.325115 123.335424 123.341695 123.360510 123.379181 123.397996 123.416667 0.000000 0.000000 0.000000 0.000000 0.000000
0.000000 0.000000 0.000000 0.000000 0.000000 0.000000 123.379181 123.350057 123.320934 123.291667 123.262543 123.233419 123.204296 123.175029 123.150086 123.145905 123.141724 123.133362 123.131272 123.127091 123.120962 123.118872 123.112600 123.108419 123.110510 123.116781 123.125000 123.135453 123.143815 123.152177 123.160539 123.170848 123.179210 123.189662 123.198024 123.208333 123.216695 123.227148 123.235510 123.245962 123.256272 123.266724 123.277177 123.287629 123.300029 123.310481 123.318843 123.329296 123.347967 123.366781 123.387543 123.406358 0.000000 0.000000 0.000000 0.000000 0.000000 0.000000 0.000000
0.000000 0.000000 0.000000 0.000000 0.000000 123.402177 123.356329 123.327205 123.297938 123.266724 123.239691 123.210424 123.179210 123.150086 123.141724 123.137543 123.129181 123.123053 123.118872 123.116781 123.110510 123.108419 123.102148 123.104238 123.110510 123.116781 123.127091 123.135453 123.145905 123.154267 123.164720 123.175029 123.181300 123.193843 123.202205 123.212514 123.220876 123.231329 123.239691 123.252091 123.262543 123.272996 123.285539 123.293757 123.302119 123.316753 123.335424 123.354238 123.373053 123.393815 123.412629 0.000000 0.000000 0.000000 0.000000 0.000000 0.000000 0.000000 0.000000
0.000000 0.000000 0.000000 0.000000 0.000000 123.379181 123.331386 123.304210 123.272996 123.243872 123.214605 123.187572 123.156358 123.133362 123.127091 123.120962 123.114691 123.112600 123.108419 123.106329 123.100057 123.095876 123.097967 123.104238 123.112600 123.123053 123.129181 123.139634 123.147996 123.160539 123.168757 123.177119 123.187572 123.193843 123.204296 123.214605 123.222967 123.237600 123.248053 123.256272 123.268815 123.277177 123.285539 123.304210 123.323024 123.341695 123.362600 123.381272 123.400086 0.000000 0.000000 0.000000 0.000000 0.000000 0.000000 0.000000 0.000000 0.000000 0.000000
0.000000 0.000000 0.000000 0.000000 123.414720 123.354238 123.308391 123.279267 123.250000 123.220876 123.191753 123.162629 123.131272 123.125000 123.116781 123.108419 123.104238 123.102148 123.097967 123.093786 123.089605 123.091695 123.097967 123.106329 123.116781 123.125000 123.133362 123.143815 123.152177 123.160539 123.170848 123.181300 123.191753 123.200115 123.210424 123.218786 123.233419 123.241781 123.254181 123.262543 123.272996 123.291667 123.310481 123.329296 123.347967 123.368872 123.387543 123.406358 0.000000 0.000000 0.000000 0.000000 0.000000 0.000000 0.000000 0.000000 0.000000 0.000000 0.000000
0.000000 0.000000 0.000000 0.000000 123.389634 123.329296 123.283448 123.256272 123.225057 123.195934 123.166667 123.137543 123.114691 123.108419 123.104238 123.100057 123.093786 123.089605 123.087514 123.083333 123.085424 123.093786 123.102148 123.110510 123.118872 123.129181 123.139634 123.147996 123.156358 123.166667 123.172938 123.183391 123.193843 123.204296 123.216695 123.227148 123.237600 123.245962 123.258362 123.277177 123.297938 123.316753 123.335424 123.354238 123.373053 123.391724 123.412629 0.000000 0.000000 0.000000 0.000000 0.000000 0.000000 0.000000 0.000000 0.000000 0.000000 0.000000 0.000000
0.000000 0.000000 0.000000 0.000000 123.366781 123.306300 123.260453 123.231329 123.202205 123.172938 123.143815 123.114691 123.104238 123.097967 123.091695 123.087514 123.085424 123.079296 123.077205 123.079296 123.087514 123.093786 123.102148 123.110510 123.123053 123.131272 123.139634 123.150086 123.158448 123.168757 123.179210 123.187572 123.200115 123.210424 123.220876 123.229238 123.245962 123.264634 123.285539 123.304210 123.323024 123.341695 123.360510 123.379181 123.397996 0.000000 0.000000 0.000000 0.000000 0.000000 0.000000 0.000000 0.000000 0.000000 0.000000 0.000000 0.000000 0.000000 0.000000
