FireSTARR/test/constant/O1a_S000_A090_WD090_WS020/arrival.asc
ncols         210
nrows         47
xllcorner     407103.990666
yllcorner     12746455.311160
cellsize      100.000000
NODATA_value  0.000000
[rows 0 to 25 of 47, columns 114 to 170 of 210]
0.000000 0.000000 0.000000 0.000000 0.000000 0.000000 0.000000 0.000000 0.000000 0.000000 0.000000 123.416667 123.414576 123.414576 123.412437 123.412437 123.412437 123.412437 123.412437 123.410298 123.410298 123.416667 0.000000 0.000000 0.000000 0.000000 0.000000 0.000000 0.000000 0.000000 0.000000 0.000000 0.000000 0.000000 0.000000 0.000000 0.000000 0.000000 0.000000 0.000000 0.000000 0.000000 0.000000 0.000000 0.000000 0.000000 0.000000 0.000000 0.000000 0.000000 0.000000 0.000000 0.000000 0.000000 0.000000 0.000000 0.000000
0.000000 0.000000 123.416667 123.415646 123.413507 123.411367 123.410298 123.409228 123.408159 123.406019 123.404950 123.402810 123.400671 123.398532 123.398532 123.397462 123.395323 123.394253 123.394253 123.394253 123.394253 123.393184 123.392114 123.393184 123.399602 123.406019 123.411367 0.000000 0.000000 0.000000 0.000000 0.000000 0.000000 0.000000 0.000000 0.000000 0.000000 0.000000 0.000000 0.000000 0.000000 0.000000 0.000000 0.000000 0.000000 0.000000 0.000000 0.000000 0.000000 0.000000 0.000000 0.000000 0.000000 0.000000 0.000000 0.000000 0.000000
123.407089 123.406019 123.403880 123.401741 123.400671 123.398532 123.396393 123.395323 123.393184 123.391044 123.391044 123.388905 123.387836 123.385696 123.383557 123.382487 123.380348 123.379279 123.379279 123.377139 123.376070 123.376070 123.376070 123.376070 123.373979 123.372910 123.377139 123.382487 123.388905 123.395323 123.400671 123.407089 123.412437 0.000000 0.000000 0.000000 0.000000 0.000000 0.000000 0.000000 0.000000 0.000000 0.000000 0.000000 0.000000 0.000000 0.000000 0.000000 0.000000 0.000000 0.000000 0.000000 0.000000 0.000000 0.000000 0.000000 0.000000
123.395323 123.393184 123.391044 123.388905 123.388905 123.386766 123.384627 123.382487 123.380348 123.379279 123.377139 123.375000 123.372910 123.371840 123.370770 123.368631 123.367562 123.365422 123.363283 123.361144 123.361144 123.361144 123.359004 123.357935 123.357935 123.357935 123.356865 123.354726 123.354726 123.360074 123.366492 123.371840 123.378209 123.384627 123.391044 123.396393 123.402810 123.408159 123.414576 0.000000 0.000000 0.000000 0.000000 0.000000 0.000000 0.000000 0.000000 0.000000 0.000000 0.000000 0.000000 0.000000 0.000000 0.000000 0.000000 0.000000 0.000000
123.383557 123.381418 123.379279 123.377139 123.375000 123.372910 123.370770 123.370770 123.368631 123.366492 123.364353 123.362213 123.360074 123.359004 123.356865 123.354726 123.353656 123.352587 123.350447 123.349378 123.347239 123.345099 123.342960 123.342960 123.341890 123.339751 123.339751 123.339751 123.339751 123.338681 123.336542 123.337612 123.342960 123.349378 123.355796 123.362213 123.367562 123.373979 123.379279 123.385696 123.392114 123.397462 123.403880 123.410298 123.415646 0.000000 0.000000 0.000000 0.000000 0.000000 0.000000 0.000000 0.000000 0.000000 0.000000 0.000000 0.000000
123.372910 123.370770 123.368631 123.366492 123.364353 123.362213 123.360074 123.357935 123.355796 123.353656 123.352587 123.350447 123.348308 123.346169 123.344030 123.341890 123.339751 123.337612 123.335473 123.334403 123.333333 123.332313 123.330173 123.329104 123.326964 123.324825 123.324825 123.323756 123.321616 123.321616 123.321616 123.320547 123.319477 123.318407 123.320547 123.326964 123.333333 123.338681 123.345099 123.350447 123.356865 123.362213 123.368631 123.375000 123.381418 123.387836 123.393184 123.399602 123.404950 123.411367 0.000000 0.000000 0.000000 0.000000 0.000000 0.000000 0.000000
123.360074 123.357935 123.355796 123.353656 123.352587 123.350447 123.348308 123.346169 123.344030 123.341890 123.339751 123.337612 123.335473 123.333333 123.332313 123.331243 123.329104 123.326964 123.324825 123.322686 123.320547 123.318407 123.316268 123.315199 123.313059 123.311990 123.309850 123.308781 123.306641 123.306641 123.305572 123.303433 123.303433 123.303433 123.302363 123.301293 123.300224 123.303433 123.309850 123.315199 123.322686 123.328034 123.334403 123.339751 123.346169 123.352587 123.357935 123.364353 123.370770 123.376070 123.382487 123.388905 123.394253 123.400671 123.407089 123.412437 0.000000
123.347239 123.345099 123.344030 123.341890 123.339751 123.337612 123.335473 123.333333 123.332313 123.330173 123.328034 123.325895 123.323756 123.321616 123.319477 123.317338 123.315199 123.313059 123.311990 123.309850 123.308781 123.306641 123.304502 123.302363 123.300224 123.298084 123.295945 123.294876 123.293806 123.291667 123.290646 123.288507 123.288507 123.287437 123.285298 123.284228 123.284228 123.284228 123.282089 123.282089 123.287437 123.292736 123.299154 123.305572 123.310920 123.317338 123.323756 123.329104 123.335473 123.341890 123.347239 123.353656 123.360074 123.365422 123.371840 123.377139 123.383557
123.336542 123.334403 123.332313 123.330173 123.328034 123.325895 123.323756 123.321616 123.319477 123.317338 123.315199 123.314129 123.311990 123.309850 123.307711 123.305572 123.303433 123.301293 123.299154 123.298084 123.295945 123.293806 123.292736 123.290646 123.288507 123.286367 123.284228 123.282089 123.281019 123.278880 123.276741 123.275671 123.273532 123.272462 123.270323 123.270323 123.269253 123.267114 123.267114 123.266044 123.266044 123.263905 123.264975 123.270323 123.276741 123.283159 123.288507 123.294876 123.301293 123.306641 123.313059 123.318407 123.324825 123.331243 123.337612 123.342960 123.349378
123.324825 123.322686 123.320547 123.318407 123.316268 123.314129 123.311990 123.309850 123.307711 123.305572 123.303433 123.301293 123.299154 123.297015 123.295945 123.294876 123.292736 123.290646 123.288507 123.286367 123.284228 123.282089 123.279950 123.277810 123.275671 123.274602 123.272462 123.271393 123.269253 123.267114 123.264975 123.262836 123.260696 123.258557 123.257487 123.256418 123.254279 123.252139 123.251070 123.250000 123.247910 123.248979 123.247910 123.246840 123.245770 123.247910 123.253209 123.259627 123.266044 123.272462 123.277810 123.284228 123.290646 123.295945 123.302363 123.307711 123.314129
123.313059 123.310920 123.308781 123.306641 123.304502 123.302363 123.300224 123.298084 123.295945 123.293806 123.291667 123.289576 123.287437 123.285298 123.283159 123.281019 123.278880 123.277810 123.276741 123.274602 123.272462 123.270323 123.268184 123.266044 123.263905 123.261766 123.259627 123.257487 123.255348 123.254279 123.252139 123.251070 123.248979 123.246840 123.245770 123.243631 123.241492 123.239353 123.238283 123.236144 123.234004 123.231865 123.231865 123.229726 123.229726 123.229726 123.228656 123.227587 123.230796 123.237213 123.243631 123.248979 123.255348 123.260696 123.267114 123.273532 123.278880
123.302363 123.300224 123.298084 123.295945 123.293806 123.291667 123.289576 123.287437 123.285298 123.283159 123.281019 123.278880 123.276741 123.274602 123.272462 123.270323 123.268184 123.266044 123.263905 123.261766 123.259627 123.258557 123.256418 123.254279 123.253209 123.251070 123.247910 123.245770 123.243631 123.241492 123.239353 123.237213 123.236144 123.234004 123.232935 123.230796 123.228656 123.227587 123.225447 123.223308 123.221169 123.219030 123.217960 123.215821 123.214751 123.212612 123.211542 123.211542 123.211542 123.209403 123.209403 123.214751 123.220099 123.226517 123.232935 123.238283 123.244701
123.290646 123.288507 123.286367 123.284228 123.282089 123.279950 123.277810 123.275671 123.273532 123.272462 123.270323 123.268184 123.266044 123.263905 123.261766 123.259627 123.257487 123.255348 123.253209 123.251070 123.248979 123.246840 123.244701 123.242562 123.240422 123.238283 123.236144 123.235074 123.232935 123.230796 123.228656 123.226517 123.224378 123.222239 123.220099 123.217960 123.215821 123.214751 123.212612 123.210473 123.208333 123.206243 123.204104 123.203034 123.200895 123.199825 123.197686 123.196616 123.194477 123.193407 123.193407 123.193407 123.191268 123.191268 123.197686 123.203034 123.209403
123.279950 123.277810 123.275671 123.273532 123.271393 123.269253 123.267114 123.264975 123.262836 123.260696 123.258557 123.256418 123.254279 123.252139 123.250000 123.247910 123.245770 123.243631 123.241492 123.239353 123.237213 123.235074 123.232935 123.230796 123.228656 123.226517 123.224378 123.222239 123.220099 123.217960 123.215821 123.213681 123.211542 123.209403 123.207313 123.205173 123.203034 123.200895 123.198756 123.196616 123.195547 123.193407 123.192338 123.190199 123.188059 123.185920 123.184850 123.182711 123.181641 123.179502 123.178433 123.176293 123.175224 123.175224 123.174154 123.173084 123.175224
123.268184 123.266044 123.263905 123.261766 123.259627 123.257487 123.255348 123.253209 123.251070 123.248979 123.246840 123.244701 123.242562 123.240422 123.238283 123.236144 123.234004 123.231865 123.229726 123.227587 123.226517 123.224378 123.222239 123.220099 123.217960 123.215821 123.213681 123.211542 123.209403 123.206243 123.204104 123.201964 123.199825 123.197686 123.195547 123.194477 123.192338 123.190199 123.188059 123.185920 123.183781 123.181641 123.179502 123.177363 123.175224 123.174154 123.172015 123.169876 123.167736 123.166667 123.164576 123.162437 123.161367 123.160298 123.158159 123.157089 123.157089
123.256418 123.254279 123.252139 123.250000 123.248979 123.246840 123.244701 123.242562 123.240422 123.238283 123.236144 123.234004 123.231865 123.229726 123.227587 123.225447 123.223308 123.221169 123.219030 123.216890 123.214751 123.212612 123.210473 123.208333 123.206243 123.204104 123.201964 123.199825 123.197686 123.195547 123.193407 123.191268 123.189129 123.186990 123.184850 123.182711 123.180572 123.178433 123.176293 123.174154 123.172015 123.169876 123.167736 123.165646 123.163507 123.161367 123.159228 123.157089 123.156019 123.153880 123.152810 123.150671 123.148532 123.146393 123.145323 123.143184 123.142114
123.245770 123.243631 123.241492 123.239353 123.237213 123.235074 123.232935 123.230796 123.228656 123.226517 123.224378 123.222239 123.220099 123.217960 123.215821 123.213681 123.211542 123.209403 123.207313 123.205173 123.203034 123.200895 123.198756 123.196616 123.194477 123.192338 123.190199 123.188059 123.185920 123.183781 123.181641 123.179502 123.177363 123.175224 123.173084 123.170945 123.168806 123.166667 123.164576 123.162437 123.160298 123.158159 123.156019 123.153880 123.151741 123.149602 123.147462 123.145323 123.143184 123.141044 123.138905 123.137836 123.135696 123.134627 123.132487 123.130348 123.128209
123.234004 123.231865 123.229726 123.227587 123.225447 123.223308 123.221169 123.219030 123.216890 123.214751 123.212612 123.211542 123.209403 123.207313 123.205173 123.203034 123.200895 123.198756 123.196616 123.194477 123.192338 123.190199 123.188059 123.185920 123.183781 123.181641 123.179502 123.177363 123.175224 123.173084 123.170945 123.168806 123.166667 123.164576 123.162437 123.160298 123.158159 123.156019 123.153880 123.151741 123.149602 123.147462 123.145323 123.143184 123.141044 123.138905 123.136766 123.134627 123.132487 123.130348 123.128209 123.126070 123.123979 123.121840 123.119701 123.117562 123.115422
123.223308 123.221169 123.219030 123.216890 123.214751 123.212612 123.210473 123.208333 123.206243 123.204104 123.201964 123.199825 123.197686 123.195547 123.193407 123.191268 123.189129 123.186990 123.184850 123.183781 123.181641 123.179502 123.177363 123.175224 123.173084 123.170945 123.168806 123.166667 123.164576 123.162437 123.160298 123.158159 123.156019 123.153880 123.151741 123.149602 123.147462 123.145323 123.143184 123.141044 123.138905 123.136766 123.134627 123.132487 123.130348 123.128209 123.126070 123.123979 123.121840 123.119701 123.117562 123.115422 123.113283 123.111144 123.109004 123.106865 123.104726
123.211542 123.209403 123.207313 123.205173 123.203034 123.200895 123.198756 123.196616 123.194477 123.192338 123.190199 123.188059 123.185920 123.183781 123.181641 123.179502 123.178433 123.176293 123.174154 123.172015 123.169876 123.167736 123.165646 123.163507 123.161367 123.159228 123.157089 123.154950 123.152810 123.150671 123.148532 123.146393 123.144253 123.142114 123.139975 123.137836 123.135696 123.133557 123.131418 123.129279 123.127139 123.125000 123.122910 123.120770 123.118631 123.116492 123.114353 123.112213 123.110074 123.107935 123.105796 123.103656 123.101517 123.099378 123.097239 123.095099 123.092960
123.200895 123.198756 123.196616 123.194477 123.192338 123.190199 123.188059 123.185920 123.183781 123.181641 123.179502 123.177363 123.175224 123.173084 123.170945 123.168806 123.166667 123.164576 123.162437 123.160298 123.158159 123.156019 123.153880 123.151741 123.149602 123.147462 123.145323 123.143184 123.141044 123.138905 123.136766 123.134627 123.132487 123.130348 123.128209 123.126070 123.123979 123.121840 123.119701 123.117562 123.115422 123.113283 123.111144 123.109004 123.106865 123.104726 123.102587 123.100447 123.098308 123.096169 123.094030 123.091890 123.089751 123.087612 123.085473 123.083333 123.081243
123.189129 123.186990 123.184850 123.182711 123.180572 123.178433 123.176293 123.174154 123.172015 123.169876 123.167736 123.165646 123.163507 123.161367 123.159228 123.157089 123.154950 123.152810 123.150671 123.148532 123.146393 123.144253 123.142114 123.139975 123.137836 123.136766 123.134627 123.132487 123.130348 123.128209 123.126070 123.123979 123.121840 123.119701 123.117562 123.115422 123.113283 123.111144 123.109004 123.106865 123.104726 123.102587 123.100447 123.098308 123.096169 123.094030 123.091890 123.089751 123.087612 123.085473 123.083333 123.081243 123.079104 123.076964 123.074825 123.072686 123.070547
123.178433 123.176293 123.174154 123.172015 123.169876 123.167736 123.165646 123.163507 123.161367 123.159228 123.157089 123.154950 123.152810 123.150671 123.148532 123.146393 123.144253 123.142114 123.139975 123.137836 123.135696 123.133557 123.131418 123.129279 123.127139 123.125000 123.122910 123.120770 123.118631 123.116492 123.114353 123.112213 123.110074 123.107935 123.105796 123.103656 123.101517 123.099378 123.097239 123.095099 123.092960 123.090821 123.088681 123.086542 123.084403 123.082313 123.080173 123.078034 123.075895 123.073756 123.071616 123.069477 123.067338 123.065199 123.063059 123.060920 123.058781
123.173084 123.170945 123.168806 123.166667 123.164576 123.162437 123.160298 123.158159 123.156019 123.153880 123.151741 123.149602 123.147462 123.145323 123.143184 123.141044 123.138905 123.136766 123.134627 123.132487 123.130348 123.128209 123.126070 123.123979 123.121840 123.119701 123.117562 123.115422 123.113283 123.111144 123.109004 123.106865 123.104726 123.102587 123.100447 123.098308 123.096169 123.094030 123.091890 123.089751 123.087612 123.085473 123.083333 123.081243 123.079104 123.076964 123.074825 123.072686 123.070547 123.068407 123.066268 123.064129 123.061990 123.059850 123.057711 123.055572 123.053433
123.179502 123.177363 123.175224 123.173084 123.170945 123.168806 123.166667 123.164576 123.162437 123.160298 123.158159 123.156019 123.153880 123.151741 123.149602 123.147462 123.145323 123.143184 123.141044 123.138905 123.136766 123.134627 123.132487 123.130348 123.128209 123.126070 123.122910 123.120770 123.118631 123.116492 123.114353 123.112213 123.110074 123.107935 123.105796 123.103656 123.101517 123.099378 123.097239 123.095099 123.092960 123.090821 123.088681 123.086542 123.084403 123.082313 123.080173 123.078034 123.075895 123.073756 123.071616 123.069477 123.067338 123.065199 123.063059 123.060920 123.058781
123.190199 123.188059 123.185920 123.183781 123.181641 123.179502 123.177363 123.175224 123.173084 123.170945 123.168806 123.166667 123.164576 123.162437 123.160298 123.158159 123.156019 123.153880 123.151741 123.149602 123.147462 123.145323 123.143184 123.141044 123.138905 123.136766 123.134627 123.132487 123.130348 123.128209 123.126070 123.123979 123.121840 123.119701 123.117562 123.115422 123.113283 123.111144 123.109004 123.106865 123.104726 123.102587 123.100447 123.098308 123.096169 123.094030 123.091890 123.089751 123.087612 123.085473 123.083333 123.081243 123.079104 123.076964 123.074825 123.072686 123.070547
