FireSTARR/test/constant/O1a_S000_A090_WD090_WS020/arrival.asc
ncols         210
nrows         47
xllcorner     407103.990666
yllcorner     12746455.311160
cellsize      100.000000
NODATA_value  0.000000
[rows 0 to 25 of 47, columns 57 to 113 of 210]
0.000000 0.000000 0.000000 0.000000 0.000000 0.000000 0.000000 0.000000 0.000000 0.000000 0.000000 0.000000 0.000000 0.000000 0.000000 0.000000 0.000000 0.000000 0.000000 0.000000 0.000000 0.000000 0.000000 0.000000 0.000000 0.000000 0.000000 0.000000 0.000000 0.000000 0.000000 0.000000 0.000000 0.000000 0.000000 0.000000 0.000000 0.000000 0.000000 0.000000 0.000000 0.000000 0.000000 0.000000 0.000000 0.000000 0.000000 0.000000 0.000000 0.000000 0.000000 0.000000 0.000000 0.000000 0.000000 0.000000 0.000000
0.000000 0.000000 0.000000 0.000000 0.000000 0.000000 0.000000 0.000000 0.000000 0.000000 0.000000 0.000000 0.000000 0.000000 0.000000 0.000000 0.000000 0.000000 0.000000 0.000000 0.000000 0.000000 0.000000 0.000000 0.000000 0.000000 0.000000 0.000000 0.000000 0.000000 0.000000 0.000000 0.000000 0.000000 0.000000 0.000000 0.000000 0.000000 0.000000 0.000000 0.000000 0.000000 0.000000 0.000000 0.000000 0.000000 0.000000 0.000000 0.000000 0.000000 0.000000 0.000000 0.000000 0.000000 0.000000 0.000000 0.000000
0.000000 0.000000 0.000000 0.000000 0.000000 0.000000 0.000000 0.000000 0.000000 0.000000 0.000000 0.000000 0.000000 0.000000 0.000000 0.000000 0.000000 0.000000 0.000000 0.000000 0.000000 0.000000 0.000000 0.000000 0.000000 0.000000 0.000000 0.000000 0.000000 0.000000 0.000000 0.000000 0.000000 0.000000 0.000000 0.000000 0.000000 0.000000 0.000000 0.000000 0.000000 0.000000 0.000000 0.000000 0.000000 0.000000 0.000000 0.000000 0.000000 0.000000 0.000000 0.000000 123.416667 123.414576 123.412437 123.411367 123.409228
0.000000 0.000000 0.000000 0.000000 0.000000 0.000000 0.000000 0.000000 0.000000 0.000000 0.000000 0.000000 0.000000 0.000000 0.000000 0.000000 0.000000 0.000000 0.000000 0.000000 0.000000 0.000000 0.000000 0.000000 0.000000 0.000000 0.000000 0.000000 0.000000 0.000000 0.000000 0.000000 0.000000 0.000000 0.000000 0.000000 0.000000 0.000000 0.000000 0.000000 0.000000 0.000000 0.000000 0.000000 0.000000 0.000000 0.000000 123.416667 123.414576 123.412437 123.410298 123.408159 123.406019 123.403880 123.401741 123.399602 123.397462
0.000000 0.000000 0.000000 0.000000 0.000000 0.000000 0.000000 0.000000 0.000000 0.000000 0.000000 0.000000 0.000000 0.000000 0.000000 0.000000 0.000000 0.000000 0.000000 0.000000 0.000000 0.000000 0.000000 0.000000 0.000000 0.000000 0.000000 0.000000 0.000000 0.000000 0.000000 0.000000 0.000000 0.000000 0.000000 0.000000 0.000000 0.000000 0.000000 0.000000 123.416667 123.414576 123.412437 123.411367 123.409228 123.407089 123.404950 123.403880 123.401741 123.399602 123.397462 123.395323 123.394253 123.392114 123.389975 123.387836 123.385696
0.000000 0.000000 0.000000 0.000000 0.000000 0.000000 0.000000 0.000000 0.000000 0.000000 0.000000 0.000000 0.000000 0.000000 0.000000 0.000000 0.000000 0.000000 0.000000 0.000000 0.000000 0.000000 0.000000 0.000000 0.000000 0.000000 0.000000 0.000000 0.000000 0.000000 0.000000 0.000000 0.000000 0.000000 0.000000 123.416667 123.414576 123.412437 123.410298 123.408159 123.406019 123.403880 123.401741 123.399602 123.397462 123.395323 123.393184 123.391044 123.389975 123.387836 123.385696 123.383557 123.382487 123.380348 123.378209 123.376070 123.375000
0.000000 0.000000 0.000000 0.000000 0.000000 0.000000 0.000000 0.000000 0.000000 0.000000 0.000000 0.000000 0.000000 0.000000 0.000000 0.000000 0.000000 0.000000 0.000000 0.000000 0.000000 0.000000 0.000000 0.000000 0.000000 0.000000 0.000000 0.000000 0.000000 0.000000 123.416667 123.414576 123.412437 123.410298 123.408159 123.406019 123.403880 123.401741 123.399602 123.397462 123.395323 123.393184 123.391044 123.388905 123.386766 123.384627 123.382487 123.380348 123.378209 123.376070 123.373979 123.371840 123.369701 123.367562 123.365422 123.364353 123.362213
0.000000 0.000000 0.000000 0.000000 0.000000 0.000000 0.000000 0.000000 0.000000 0.000000 0.000000 0.000000 0.000000 0.000000 0.000000 0.000000 0.000000 0.000000 0.000000 0.000000 0.000000 0.000000 0.000000 0.000000 0.000000 123.415646 123.413507 123.411367 123.409228 123.407089 123.404950 123.402810 123.400671 123.398532 123.396393 123.394253 123.392114 123.389975 123.387836 123.385696 123.383557 123.381418 123.379279 123.377139 123.375000 123.372910 123.370770 123.368631 123.366492 123.364353 123.362213 123.360074 123.357935 123.355796 123.353656 123.351517 123.349378
0.000000 0.000000 0.000000 0.000000 0.000000 0.000000 0.000000 0.000000 0.000000 0.000000 0.000000 0.000000 0.000000 0.000000 0.000000 0.000000 0.000000 0.000000 0.000000 123.416667 123.414576 123.412437 123.410298 123.408159 123.406019 123.403880 123.401741 123.399602 123.398532 123.396393 123.394253 123.392114 123.389975 123.387836 123.385696 123.383557 123.381418 123.379279 123.377139 123.375000 123.372910 123.370770 123.368631 123.366492 123.364353 123.362213 123.360074 123.357935 123.355796 123.353656 123.351517 123.349378 123.347239 123.345099 123.342960 123.340821 123.338681
0.000000 0.000000 0.000000 0.000000 0.000000 0.000000 0.000000 0.000000 0.000000 0.000000 0.000000 0.000000 0.000000 0.000000 123.415646 123.413507 123.411367 123.409228 123.407089 123.404950 123.402810 123.400671 123.398532 123.396393 123.394253 123.392114 123.389975 123.387836 123.385696 123.383557 123.381418 123.380348 123.378209 123.376070 123.373979 123.371840 123.369701 123.367562 123.365422 123.363283 123.361144 123.359004 123.356865 123.354726 123.352587 123.350447 123.348308 123.346169 123.344030 123.341890 123.339751 123.337612 123.335473 123.333333 123.331243 123.329104 123.326964
0.000000 0.000000 0.000000 0.000000 0.000000 0.000000 0.000000 0.000000 0.000000 123.415646 123.413507 123.411367 123.409228 123.407089 123.404950 123.402810 123.400671 123.398532 123.396393 123.394253 123.392114 123.389975 123.387836 123.385696 123.383557 123.381418 123.379279 123.377139 123.375000 123.372910 123.370770 123.368631 123.366492 123.364353 123.362213 123.360074 123.357935 123.355796 123.353656 123.351517 123.349378 123.347239 123.345099 123.342960 123.340821 123.338681 123.336542 123.334403 123.332313 123.330173 123.328034 123.325895 123.323756 123.321616 123.319477 123.317338 123.315199
0.000000 0.000000 0.000000 123.415646 123.413507 123.411367 123.409228 123.407089 123.404950 123.403880 123.401741 123.399602 123.397462 123.395323 123.393184 123.391044 123.388905 123.386766 123.384627 123.382487 123.380348 123.378209 123.376070 123.373979 123.371840 123.369701 123.367562 123.365422 123.363283 123.361144 123.359004 123.356865 123.354726 123.352587 123.350447 123.348308 123.346169 123.344030 123.341890 123.339751 123.337612 123.336542 123.334403 123.332313 123.330173 123.328034 123.325895 123.323756 123.321616 123.319477 123.317338 123.315199 123.313059 123.310920 123.308781 123.306641 123.304502
123.411367 123.409228 123.407089 123.404950 123.402810 123.400671 123.398532 123.396393 123.394253 123.392114 123.389975 123.387836 123.385696 123.383557 123.381418 123.380348 123.378209 123.376070 123.373979 123.371840 123.369701 123.367562 123.365422 123.363283 123.361144 123.359004 123.356865 123.354726 123.352587 123.350447 123.348308 123.346169 123.344030 123.341890 123.339751 123.337612 123.335473 123.333333 123.331243 123.329104 123.326964 123.324825 123.322686 123.320547 123.318407 123.316268 123.314129 123.311990 123.309850 123.307711 123.305572 123.303433 123.301293 123.299154 123.297015 123.294876 123.292736
123.400671 123.398532 123.396393 123.394253 123.392114 123.389975 123.387836 123.385696 123.383557 123.381418 123.379279 123.377139 123.375000 123.372910 123.370770 123.368631 123.366492 123.364353 123.362213 123.360074 123.357935 123.355796 123.353656 123.351517 123.349378 123.347239 123.345099 123.342960 123.340821 123.338681 123.336542 123.334403 123.332313 123.330173 123.328034 123.325895 123.323756 123.321616 123.319477 123.317338 123.315199 123.313059 123.310920 123.308781 123.306641 123.304502 123.302363 123.300224 123.298084 123.295945 123.294876 123.292736 123.290646 123.288507 123.286367 123.284228 123.282089
123.388905 123.386766 123.384627 123.382487 123.380348 123.378209 123.376070 123.373979 123.371840 123.369701 123.367562 123.365422 123.363283 123.361144 123.359004 123.356865 123.354726 123.352587 123.350447 123.348308 123.346169 123.344030 123.341890 123.339751 123.337612 123.335473 123.333333 123.332313 123.330173 123.328034 123.325895 123.323756 123.321616 123.319477 123.317338 123.315199 123.313059 123.310920 123.308781 123.306641 123.304502 123.302363 123.300224 123.298084 123.295945 123.293806 123.291667 123.289576 123.287437 123.285298 123.283159 123.281019 123.278880 123.276741 123.274602 123.272462 123.270323
123.378209 123.376070 123.372910 123.370770 123.368631 123.366492 123.364353 123.362213 123.360074 123.357935 123.355796 123.353656 123.351517 123.349378 123.347239 123.345099 123.342960 123.340821 123.339751 123.337612 123.335473 123.332313 123.330173 123.328034 123.325895 123.323756 123.321616 123.319477 123.317338 123.315199 123.314129 123.311990 123.309850 123.307711 123.305572 123.303433 123.301293 123.299154 123.297015 123.294876 123.292736 123.290646 123.288507 123.286367 123.284228 123.282089 123.279950 123.277810 123.275671 123.273532 123.271393 123.269253 123.267114 123.264975 123.262836 123.260696 123.258557
123.366492 123.364353 123.362213 123.360074 123.357935 123.355796 123.353656 123.351517 123.349378 123.347239 123.345099 123.342960 123.340821 123.338681 123.336542 123.334403 123.332313 123.330173 123.328034 123.325895 123.323756 123.321616 123.319477 123.317338 123.315199 123.313059 123.310920 123.308781 123.306641 123.304502 123.302363 123.300224 123.298084 123.295945 123.294876 123.292736 123.290646 123.288507 123.286367 123.284228 123.282089 123.279950 123.277810 123.275671 123.273532 123.271393 123.269253 123.267114 123.264975 123.262836 123.260696 123.258557 123.256418 123.254279 123.252139 123.250000 123.247910
123.355796 123.353656 123.351517 123.349378 123.347239 123.345099 123.342960 123.340821 123.338681 123.336542 123.334403 123.332313 123.330173 123.328034 123.325895 123.323756 123.321616 123.319477 123.317338 123.315199 123.313059 123.310920 123.308781 123.306641 123.304502 123.302363 123.300224 123.298084 123.295945 123.293806 123.291667 123.289576 123.287437 123.285298 123.283159 123.281019 123.278880 123.276741 123.274602 123.272462 123.270323 123.268184 123.266044 123.263905 123.261766 123.259627 123.257487 123.255348 123.253209 123.251070 123.248979 123.246840 123.244701 123.242562 123.240422 123.238283 123.236144
123.345099 123.342960 123.340821 123.338681 123.336542 123.334403 123.332313 123.330173 123.328034 123.325895 123.323756 123.321616 123.319477 123.317338 123.315199 123.313059 123.310920 123.308781 123.306641 123.304502 123.302363 123.300224 123.298084 123.295945 123.293806 123.290646 123.288507 123.286367 123.284228 123.282089 123.279950 123.277810 123.275671 123.273532 123.271393 123.269253 123.267114 123.264975 123.262836 123.260696 123.258557 123.256418 123.254279 123.252139 123.250000 123.247910 123.245770 123.243631 123.241492 123.239353 123.237213 123.235074 123.232935 123.230796 123.228656 123.226517 123.225447
123.333333 123.331243 123.329104 123.326964 123.324825 123.322686 123.320547 123.318407 123.316268 123.314129 123.311990 123.309850 123.307711 123.305572 123.303433 123.301293 123.299154 123.297015 123.294876 123.292736 123.290646 123.288507 123.286367 123.284228 123.282089 123.279950 123.277810 123.275671 123.273532 123.271393 123.269253 123.267114 123.264975 123.262836 123.260696 123.258557 123.256418 123.254279 123.252139 123.250000 123.247910 123.245770 123.243631 123.241492 123.239353 123.237213 123.235074 123.232935 123.230796 123.228656 123.226517 123.224378 123.222239 123.220099 123.217960 123.215821 123.213681
123.321616 123.319477 123.317338 123.315199 123.313059 123.310920 123.308781 123.306641 123.304502 123.302363 123.300224 123.298084 123.295945 123.293806 123.291667 123.289576 123.287437 123.285298 123.283159 123.281019 123.278880 123.276741 123.274602 123.272462 123.270323 123.269253 123.267114 123.264975 123.262836 123.260696 123.258557 123.256418 123.254279 123.252139 123.250000 123.247910 123.245770 123.243631 123.241492 123.239353 123.237213 123.235074 123.232935 123.230796 123.228656 123.226517 123.224378 123.222239 123.220099 123.217960 123.215821 123.213681 123.211542 123.209403 123.207313 123.205173 123.203034
123.310920 123.308781 123.306641 123.304502 123.302363 123.300224 123.298084 123.295945 123.293806 123.291667 123.289576 123.287437 123.285298 123.283159 123.281019 123.278880 123.276741 123.274602 123.272462 123.270323 123.268184 123.266044 123.263905 123.261766 123.259627 123.257487 123.255348 123.253209 123.251070 123.248979 123.246840 123.244701 123.242562 123.240422 123.238283 123.236144 123.234004 123.231865 123.229726 123.227587 123.225447 123.223308 123.221169 123.219030 123.216890 123.214751 123.212612 123.210473 123.208333 123.206243 123.204104 123.201964 123.199825 123.197686 123.195547 123.193407 123.191268
123.300224 123.298084 123.295945 123.293806 123.291667 123.289576 123.287437 123.285298 123.283159 123.281019 123.278880 123.276741 123.274602 123.272462 123.270323 123.268184 123.266044 123.263905 123.261766 123.259627 123.257487 123.255348 123.253209 123.251070 123.248979 123.246840 123.244701 123.242562 123.240422 123.238283 123.236144 123.234004 123.231865 123.229726 123.227587 123.225447 123.223308 123.221169 123.219030 123.216890 123.214751 123.212612 123.210473 123.208333 123.206243 123.204104 123.201964 123.199825 123.197686 123.195547 123.193407 123.191268 123.189129 123.186990 123.184850 123.182711 123.180572
123.294876 123.292736 123.290646 123.288507 123.286367 123.284228 123.282089 123.279950 123.277810 123.275671 123.273532 123.271393 123.269253 123.267114 123.264975 123.262836 123.260696 123.258557 123.256418 123.254279 123.252139 123.250000 123.247910 123.245770 123.243631 123.241492 123.239353 123.237213 123.235074 123.232935 123.230796 123.228656 123.226517 123.224378 123.222239 123.220099 123.217960 123.215821 123.213681 123.211542 123.209403 123.207313 123.205173 123.203034 123.200895 123.198756 123.196616 123.194477 123.192338 123.190199 123.188059 123.185920 123.183781 123.181641 123.179502 123.177363 123.175224
123.300224 123.298084 123.295945 123.293806 123.291667 123.289576 123.287437 123.285298 123.283159 123.281019 123.278880 123.276741 123.274602 123.272462 123.270323 123.268184 123.266044 123.263905 123.261766 123.259627 123.257487 123.255348 123.253209 123.251070 123.248979 123.246840 123.244701 123.242562 123.240422 123.238283 123.236144 123.234004 123.231865 123.229726 123.227587 123.225447 123.223308 123.221169 123.219030 123.217960 123.215821 123.213681 123.211542 123.209403 123.207313 123.205173 123.203034 123.200895 123.198756 123.196616 123.194477 123.192338 123.190199 123.188059 123.185920 123.183781 123.181641
123.311990 123.309850 123.307711 123.305572 123.303433 123.301293 123.299154 123.297015 123.294876 123.292736 123.290646 123.288507 123.286367 123.284228 123.282089 123.279950 123.277810 123.275671 123.273532 123.271393 123.269253 123.267114 123.264975 123.262836 123.260696 123.258557 123.256418 123.254279 123.252139 123.250000 123.247910 123.245770 123.243631 123.241492 123.239353 123.237213 123.235074 123.232935 123.230796 123.228656 123.226517 123.224378 123.222239 123.220099 123.217960 123.215821 123.213681 123.211542 123.209403 123.207313 123.205173 123.203034 123.200895 123.198756 123.196616 123.194477 123.192338
