FireSTARR/test/constant/M1M225PC_S060_A090_WD225_WS020/arrival.asc
ncols         21
nrows         20
xllcorner     426403.990666
yllcorner     12747055.311160
cellsize      100.000000
NODATA_value  0.000000
0.000000 123.414987 123.307662 123.315659 123.382997 0.000000 0.000000 0.000000 0.000000 0.000000 0.000000 0.000000 0.000000 0.000000 0.000000 0.000000 0.000000 0.000000 0.000000 0.000000 0.000000 
0.000000 123.198656 123.099328 123.123321 123.198656 123.265995 123.341331 123.406990 0.000000 0.000000 0.000000 0.000000 0.000000 0.000000 0.000000 0.000000 0.000000 0.000000 0.000000 0.000000 0.000000 
123.406990 123.140995 123.000000 123.015995 123.057662 123.123321 123.198656 123.273992 123.341331 123.414987 0.000000 0.000000 0.000000 0.000000 0.000000 0.000000 0.000000 0.000000 0.000000 0.000000 0.000000 
123.382997 123.140995 123.015995 123.015995 123.039987 123.073656 123.115323 123.174664 123.248321 123.323656 123.390995 0.000000 0.000000 0.000000 0.000000 0.000000 0.000000 0.000000 0.000000 0.000000 0.000000 
123.382997 123.208333 123.073656 123.039987 123.039987 123.065659 123.099328 123.140995 123.174664 123.224328 123.289987 123.365323 0.000000 0.000000 0.000000 0.000000 0.000000 0.000000 0.000000 0.000000 0.000000 
0.000000 123.281990 123.140995 123.091331 123.065659 123.073656 123.083333 123.115323 123.156990 123.206654 123.232326 123.273992 123.341331 123.406990 0.000000 0.000000 0.000000 0.000000 0.000000 0.000000 0.000000 
0.000000 123.357326 123.216331 123.140995 123.107326 123.091331 123.099328 123.107326 123.148992 123.182662 123.216331 123.257997 123.299664 123.331654 123.390995 0.000000 0.000000 0.000000 0.000000 0.000000 0.000000 
0.000000 0.000000 123.289987 123.182662 123.156990 123.123321 123.115323 123.123321 123.132997 123.174664 123.198656 123.240323 123.273992 123.315659 123.357326 123.398992 0.000000 0.000000 0.000000 0.000000 0.000000 
0.000000 0.000000 123.357326 123.257997 123.224328 123.182662 123.140995 123.140995 123.148992 123.156990 123.190659 123.224328 123.265995 123.299664 123.341331 123.373321 0.000000 0.000000 0.000000 0.000000 0.000000 
0.000000 0.000000 0.000000 123.331654 123.257997 123.224328 123.198656 123.164987 123.164987 123.174664 123.182662 123.206654 123.240323 123.281990 123.315659 123.357326 123.398992 0.000000 0.000000 0.000000 0.000000 
0.000000 0.000000 0.000000 123.398992 123.299664 123.273992 123.250000 123.216331 123.190659 123.190659 123.198656 123.206654 123.232326 123.265995 123.299664 123.349328 123.382997 0.000000 0.000000 0.000000 0.000000 
0.000000 0.000000 0.000000 0.000000 123.373321 123.323656 123.281990 123.250000 123.224328 123.216331 123.216331 123.224328 123.224328 123.248321 123.291667 123.331654 123.365323 123.406990 0.000000 0.000000 0.000000 
0.000000 0.000000 0.000000 0.000000 0.000000 123.382997 123.349328 123.315659 123.281990 123.240323 123.240323 123.248321 123.248321 123.248321 123.273992 123.315659 123.357326 123.382997 0.000000 0.000000 0.000000 
0.000000 0.000000 0.000000 0.000000 0.000000 0.000000 123.390995 123.349328 123.323656 123.299664 123.265995 123.265995 123.273992 123.273992 123.273992 123.299664 123.341331 123.373321 123.406990 0.000000 0.000000 
0.000000 0.000000 0.000000 0.000000 0.000000 0.000000 0.000000 123.414987 123.373321 123.341331 123.315659 123.289987 123.289987 123.299664 123.299664 123.299664 123.323656 123.365323 123.390995 0.000000 0.000000 
0.000000 0.000000 0.000000 0.000000 0.000000 0.000000 0.000000 0.000000 123.416667 123.390995 123.365323 123.323656 123.315659 123.315659 123.323656 123.323656 123.331654 123.349328 123.382997 0.000000 0.000000 
0.000000 0.000000 0.000000 0.000000 0.000000 0.000000 0.000000 0.000000 0.000000 0.000000 123.406990 123.382997 123.341331 123.341331 123.341331 123.349328 123.349328 123.357326 123.373321 123.398992 0.000000 
0.000000 0.000000 0.000000 0.000000 0.000000 0.000000 0.000000 0.000000 0.000000 0.000000 0.000000 0.000000 123.390995 123.365323 123.365323 123.373321 123.373321 123.373321 123.382997 123.390995 0.000000 
0.000000 0.000000 0.000000 0.000000 0.000000 0.000000 0.000000 0.000000 0.000000 0.000000 0.000000 0.000000 0.000000 123.414987 123.390995 123.390995 123.398992 123.398992 123.398992 123.406990 123.414987 
0.000000 0.000000 0.000000 0.000000 0.000000 0.000000 0.000000 0.000000 0.000000 0.000000 0.000000 0.000000 0.000000 0.000000 0.000000 123.414987 123.414987 0.000000 0.000000 0.000000 0.000000 
