FireSTARR/test/constant/O1a_S060_A000_WD000_WS020/arrival.asc
ncols         732
nrows         141
xllcorner     353503.990666
yllcorner     12735755.311160
cellsize      100.000000
NODATA_value  0.000000
[rows 54 to 80 of 141, columns 427 to 487 of 732]
123.262838 123.260326 123.258093 123.255861 123.253628 123.251395 123.249080 123.246847 123.244614 123.242382 123.240149 123.237637 123.235405 123.233172 123.230939 123.228707 123.226474 123.224241 123.222008 123.219776 123.217264 123.215031 123.212799 123.210566 123.208250 123.205739 123.203506 123.202390 123.200436 123.197924 123.195691 123.193459 123.191226 123.188993 123.186761 123.184528 123.182295 123.180063 123.177551 123.175318 123.173086 123.170853 123.168620 123.166305 123.163793 123.161560 123.159327 123.157095 123.154862 123.152629 123.150397 123.148164 123.145931 123.143699 123.142303 123.141745 123.141187 123.140629 123.140071 123.139791 123.140350
123.253628 123.251116 123.249080 123.246847 123.244614 123.242382 123.239870 123.237637 123.235405 123.233172 123.230660 123.228427 123.226195 123.223962 123.221729 123.219497 123.217264 123.215031 123.212799 123.210287 123.207971 123.205739 123.203506 123.201273 123.199040 123.196808 123.194575 123.192342 123.189831 123.187598 123.185365 123.183133 123.180621 123.178388 123.176156 123.173923 123.171690 123.169737 123.167504 123.165188 123.162956 123.160723 123.158490 123.156257 123.154025 123.151792 123.149559 123.147327 123.145931 123.145373 123.144815 123.143978 123.143420 123.142861 123.143141 123.145931 123.145931 123.147885 123.148722 123.150955 123.152071
123.243777 123.241544 123.239312 123.236800 123.234567 123.232335 123.230102 123.227590 123.225357 123.223125 123.220892 123.218659 123.216427 123.214194 123.211961 123.209729 123.207134 123.204901 123.202669 123.200436 123.198203 123.195971 123.193738 123.191505 123.189273 123.187040 123.184807 123.182574 123.180621 123.178388 123.176156 123.173923 123.171690 123.169458 123.167225 123.165188 123.162956 123.160723 123.158490 123.156257 123.154025 123.151792 123.149559 123.148722 123.148164 123.147606 123.147048 123.146490 123.146210 123.147606 123.149280 123.149559 123.151234 123.152350 123.155699 123.155420 123.158490 123.159327 123.161002 123.162397 123.162956
123.234567 123.232056 123.229823 123.227590 123.225357 123.223125 123.220892 123.218659 123.216427 123.214194 123.211682 123.209450 123.207134 123.204901 123.202669 123.200436 123.198203 123.195971 123.193738 123.191226 123.188993 123.186761 123.184528 123.182016 123.179784 123.177551 123.175318 123.173086 123.170853 123.168620 123.166584 123.164351 123.162118 123.159886 123.157653 123.155420 123.153188 123.152071 123.151513 123.150955 123.150397 123.149839 123.149280 123.149839 123.152071 123.152629 123.154583 123.155420 123.157653 123.158769 123.161281 123.161839 123.163793 123.164630 123.166305 123.166667 123.168062 123.170574 123.174760 123.175597 123.177830
123.224520 123.222288 123.220055 123.217822 123.215590 123.213357 123.211124 123.208612 123.206297 123.204064 123.201831 123.199599 123.197366 123.195133 123.192901 123.190668 123.188435 123.186203 123.183970 123.181737 123.179505 123.177272 123.175318 123.173086 123.170853 123.168620 123.166584 123.164351 123.162118 123.159886 123.157653 123.155420 123.154862 123.154304 123.153746 123.153188 123.152629 123.152629 123.155420 123.155420 123.156257 123.157932 123.159048 123.162397 123.162118 123.165188 123.166025 123.167783 123.168341 123.169458 123.171132 123.173923 123.174760 123.176435 123.178946 123.181737 123.183691 123.190947 123.192342 123.194017 123.198482
123.215310 123.213078 123.210845 123.208612 123.206297 123.204064 123.201831 123.199599 123.197366 123.194854 123.192622 123.190389 123.188156 123.185924 123.183412 123.181179 123.178946 123.176714 123.174481 123.172248 123.170016 123.167783 123.165746 123.163514 123.161281 123.159048 123.158490 123.157653 123.157095 123.156537 123.155978 123.155699 123.156537 123.158769 123.159327 123.161281 123.162118 123.164072 123.165467 123.167504 123.168341 123.171411 123.171132 123.172807 123.174481 123.174760 123.177272 123.180342 123.180342 123.182854 123.185924 123.187598 123.194296 123.195971 123.198482 123.205180 123.206855 123.210845 123.212520 123.213357 123.216706
123.205459 123.203227 123.200994 123.198761 123.196529 123.194296 123.192063 123.189831 123.187598 123.185365 123.183133 123.180900 123.178667 123.176435 123.174202 123.171969 123.169737 123.167783 123.165746 123.163514 123.161839 123.161281 123.160723 123.160165 123.159607 123.159048 123.159048 123.162118 123.162118 123.164909 123.164630 123.165746 123.168062 123.168899 123.171690 123.174760 123.174481 123.176435 123.176156 123.177830 123.180621 123.182574 123.183691 123.186482 123.187319 123.189552 123.191505 123.198482 123.200157 123.202669 123.208612 123.210845 123.214752 123.216706 123.216985 123.220055 123.222008 123.226195 123.228707 123.236242 123.236242
123.196250 123.194017 123.191784 123.189552 123.187040 123.184807 123.182574 123.180342 123.178109 123.175876 123.173644 123.171411 123.169178 123.166946 123.165188 123.164630 123.164072 123.163514 123.162956 123.162397 123.162118 123.164630 123.165467 123.166025 123.168062 123.168341 123.170016 123.172527 123.175039 123.175039 123.177830 123.177830 123.179505 123.180900 123.181458 123.183970 123.186761 123.187040 123.190389 123.192901 123.193180 123.195691 123.204064 123.205739 123.208892 123.213078 123.214752 123.218659 123.220334 123.223404 123.224520 123.226753 123.231776 123.233730 123.239591 123.242661 123.243498 123.250837 123.254186 123.255582 123.257814
123.186761 123.184528 123.182295 123.180063 123.177830 123.175597 123.173365 123.171132 123.168899 123.168062 123.167504 123.166946 123.166305 123.165746 123.165467 123.165746 123.168062 123.169178 123.170295 123.171690 123.173365 123.174202 123.176714 123.178388 123.181458 123.181179 123.183133 123.182854 123.184807 123.187598 123.188435 123.190389 123.193738 123.193738 123.197645 123.197366 123.200436 123.202110 123.210845 123.216427 123.218380 123.220055 123.222008 123.223683 123.227032 123.228148 123.230939 123.235963 123.238474 123.239591 123.246568 123.253628 123.255024 123.257535 123.260326 123.262001 123.269536 123.272885 123.275118 123.277350 123.287956
123.177830 123.175597 123.173365 123.171411 123.170853 123.170295 123.169737 123.169178 123.168620 123.168620 123.171132 123.172527 123.173923 123.173923 123.175039 123.176714 123.178388 123.181458 123.181737 123.184249 123.184528 123.186203 123.187598 123.188156 123.191505 123.191784 123.193738 123.197087 123.199878 123.200715 123.202110 123.205180 123.211961 123.215310 123.220334 123.223962 123.224799 123.226753 123.228707 123.233172 123.232893 123.235405 123.237358 123.243498 123.249080 123.251395 123.258373 123.260605 123.261442 123.264512 123.265629 123.275118 123.276234 123.279025 123.283211 123.286560 123.294178 123.298365 123.305342 123.311761 123.323203
123.173086 123.172527 123.171969 123.171690 123.174202 123.175597 123.175876 123.177272 123.178388 123.180063 123.181737 123.182295 123.184807 123.187598 123.187877 123.189831 123.189552 123.191505 123.194854 123.195133 123.197087 123.199320 123.200715 123.203785 123.204064 123.208250 123.208333 123.213078 123.223125 123.224241 123.225357 123.228148 123.230381 123.232056 123.235684 123.237358 123.240707 123.241544 123.246847 123.250000 123.257256 123.261722 123.264791 123.267024 123.268141 123.269536 123.278188 123.282374 123.284048 123.290467 123.295016 123.298086 123.302551 123.311203 123.320691 123.321808 123.329901 123.334450 123.335845 123.346171 123.361800
123.179505 123.180063 123.180621 123.182574 123.183412 123.185644 123.186761 123.188993 123.190668 123.191226 123.192901 123.194296 123.194854 123.198203 123.198482 123.200436 123.203227 123.205459 123.206297 123.208250 123.211403 123.216427 123.218101 123.227311 123.229265 123.231497 123.233730 123.235405 123.238195 123.239591 123.240986 123.244056 123.245731 123.251395 123.251954 123.261442 123.265629 123.270373 123.270931 123.272885 123.274280 123.284607 123.286002 123.288793 123.294458 123.300876 123.301993 123.306458 123.317622 123.324599 123.325715 123.337241 123.339194 123.339752 123.345334 123.356218 123.365149 123.368219 123.370731 123.372963 123.382814
123.188993 123.190110 123.194017 123.195412 123.196529 123.196250 123.197924 123.199878 123.201831 123.203785 123.205739 123.207692 123.209171 123.210008 123.212520 123.214194 123.219776 123.222008 123.227590 123.234009 123.236242 123.237079 123.238754 123.242103 123.244335 123.247405 123.248242 123.249638 123.255582 123.256977 123.263117 123.269536 123.274280 123.275118 123.276792 123.280978 123.285444 123.291946 123.292225 123.296690 123.305063 123.306179 123.310644 123.320691 123.324878 123.330459 123.341427 123.342822 123.344776 123.350916 123.357056 123.364591 123.372684 123.376116 123.383373 123.383093 123.390350 123.397327 123.401234 123.412397 0.000000
123.201273 123.201552 123.203506 123.205180 123.207134 123.208892 123.211961 123.213357 123.215869 123.215869 123.220334 123.225916 123.226195 123.231218 123.237916 123.240428 123.242103 123.243498 123.246010 123.248242 123.250558 123.253070 123.253349 123.260605 123.261163 123.270373 123.274839 123.277629 123.280699 123.283211 123.285723 123.288514 123.295295 123.296969 123.300876 123.309249 123.312040 123.314273 123.324320 123.332971 123.336403 123.342822 123.346450 123.352032 123.358172 123.359567 123.367382 123.374638 123.379744 123.386442 123.388954 123.393699 123.398443 123.405978 123.416025 0.000000 0.000000 0.000000 0.000000 0.000000 0.000000
123.215031 123.215869 123.217822 123.218939 123.220892 123.224241 123.229265 123.230102 123.236800 123.241265 123.243219 123.245452 123.247963 123.251395 123.253628 123.255024 123.256698 123.260326 123.263675 123.266745 123.273164 123.278188 123.281816 123.284327 123.286560 123.291025 123.294178 123.299760 123.300318 123.305342 123.315947 123.315947 123.319854 123.327948 123.337241 123.340869 123.345334 123.350637 123.354823 123.360963 123.366823 123.373522 123.382814 123.383652 123.389791 123.392861 123.397606 123.402350 123.406816 0.000000 0.000000 0.000000 0.000000 0.000000 0.000000 0.000000 0.000000 0.000000 0.000000 0.000000 0.000000
123.229544 123.233451 123.234288 123.245173 123.245452 123.249080 123.253070 123.253907 123.256140 123.257256 123.258373 123.260047 123.263954 123.268141 123.270094 123.276513 123.282095 123.286002 123.289909 123.291584 123.294737 123.298086 123.303109 123.304784 123.309249 123.319296 123.321529 123.323482 123.331576 123.339473 123.344776 123.349241 123.356218 123.359009 123.368777 123.372684 123.373522 123.377791 123.389512 123.394815 123.396769 123.403746 123.406816 123.412118 0.000000 0.000000 0.000000 0.000000 0.000000 0.000000 0.000000 0.000000 0.000000 0.000000 0.000000 0.000000 0.000000 0.000000 0.000000 0.000000 0.000000
123.253070 123.254744 123.257814 123.260047 123.261442 123.263396 123.265071 123.267861 123.272885 123.279025 123.282374 123.286560 123.290467 123.293341 123.298644 123.300876 123.306179 123.307016 123.309249 123.315668 123.323203 123.326552 123.327110 123.335008 123.341985 123.351753 123.353427 123.358172 123.363754 123.373242 123.376395 123.380582 123.387838 123.388396 123.396490 123.401234 123.403188 123.409048 123.414072 0.000000 0.000000 0.000000 0.000000 0.000000 0.000000 0.000000 0.000000 0.000000 0.000000 0.000000 0.000000 0.000000 0.000000 0.000000 0.000000 0.000000 0.000000 0.000000 0.000000 0.000000 0.000000
123.266745 123.269815 123.273164 123.276792 123.285165 123.289630 123.294178 123.294458 123.298923 123.304225 123.304784 123.309807 123.312319 123.314273 123.317901 123.325994 123.330459 123.332692 123.336403 123.346171 123.355102 123.361521 123.362916 123.368498 123.380024 123.380303 123.384210 123.388117 123.396490 123.400397 123.406537 123.407095 123.416667 0.000000 0.000000 0.000000 0.000000 0.000000 0.000000 0.000000 0.000000 0.000000 0.000000 0.000000 0.000000 0.000000 0.000000 0.000000 0.000000 0.000000 0.000000 0.000000 0.000000 0.000000 0.000000 0.000000 0.000000 0.000000 0.000000 0.000000 0.000000
123.293341 123.297527 123.302272 123.302551 123.307574 123.312877 123.313714 123.317063 123.317622 123.320133 123.328227 123.335287 123.335845 123.339473 123.347288 123.357893 123.364870 123.366823 123.372405 123.379465 123.386442 123.388117 123.392303 123.403746 123.404304 123.411281 123.411002 0.000000 0.000000 0.000000 0.000000 0.000000 0.000000 0.000000 0.000000 0.000000 0.000000 0.000000 0.000000 0.000000 0.000000 0.000000 0.000000 0.000000 0.000000 0.000000 0.000000 0.000000 0.000000 0.000000 0.000000 0.000000 0.000000 0.000000 0.000000 0.000000 0.000000 0.000000 0.000000 0.000000 0.000000
123.316505 123.317901 123.320971 123.323482 123.324320 123.332971 123.340031 123.340031 123.344497 123.353148 123.356497 123.369056 123.370731 123.380024 123.383931 123.390071 123.395652 123.396769 123.399839 123.408211 123.414351 123.416305 0.000000 0.000000 0.000000 0.000000 0.000000 0.000000 0.000000 0.000000 0.000000 0.000000 0.000000 0.000000 0.000000 0.000000 0.000000 0.000000 0.000000 0.000000 0.000000 0.000000 0.000000 0.000000 0.000000 0.000000 0.000000 0.000000 0.000000 0.000000 0.000000 0.000000 0.000000 0.000000 0.000000 0.000000 0.000000 0.000000 0.000000 0.000000 0.000000
123.334729 123.343380 123.345055 123.351753 123.355939 123.362358 123.368219 123.377512 123.386442 123.387559 123.389512 123.396210 123.400676 123.410723 123.411281 0.000000 0.000000 0.000000 0.000000 0.000000 0.000000 0.000000 0.000000 0.000000 0.000000 0.000000 0.000000 0.000000 0.000000 0.000000 0.000000 0.000000 0.000000 0.000000 0.000000 0.000000 0.000000 0.000000 0.000000 0.000000 0.000000 0.000000 0.000000 0.000000 0.000000 0.000000 0.000000 0.000000 0.000000 0.000000 0.000000 0.000000 0.000000 0.000000 0.000000 0.000000 0.000000 0.000000 0.000000 0.000000 0.000000
123.366265 123.375000 123.378070 123.387838 123.392024 123.393699 123.402629 123.405141 123.414351 123.416305 0.000000 0.000000 0.000000 0.000000 0.000000 0.000000 0.000000 0.000000 0.000000 0.000000 0.000000 0.000000 0.000000 0.000000 0.000000 0.000000 0.000000 0.000000 0.000000 0.000000 0.000000 0.000000 0.000000 0.000000 0.000000 0.000000 0.000000 0.000000 0.000000 0.000000 0.000000 0.000000 0.000000 0.000000 0.000000 0.000000 0.000000 0.000000 0.000000 0.000000 0.000000 0.000000 0.000000 0.000000 0.000000 0.000000 0.000000 0.000000 0.000000 0.000000 0.000000
123.399559 123.408211 123.409048 123.414630 0.000000 0.000000 0.000000 0.000000 0.000000 0.000000 0.000000 0.000000 0.000000 0.000000 0.000000 0.000000 0.000000 0.000000 0.000000 0.000000 0.000000 0.000000 0.000000 0.000000 0.000000 0.000000 0.000000 0.000000 0.000000 0.000000 0.000000 0.000000 0.000000 0.000000 0.000000 0.000000 0.000000 0.000000 0.000000 0.000000 0.000000 0.000000 0.000000 0.000000 0.000000 0.000000 0.000000 0.000000 0.000000 0.000000 0.000000 0.000000 0.000000 0.000000 0.000000 0.000000 0.000000 0.000000 0.000000 0.000000 0.000000
0.000000 0.000000 0.000000 0.000000 0.000000 0.000000 0.000000 0.000000 0.000000 0.000000 0.000000 0.000000 0.000000 0.000000 0.000000 0.000000 0.000000 0.000000 0.000000 0.000000 0.000000 0.000000 0.000000 0.000000 0.000000 0.000000 0.000000 0.000000 0.000000 0.000000 0.000000 0.000000 0.000000 0.000000 0.000000 0.000000 0.000000 0.000000 0.000000 0.000000 0.000000 0.000000 0.000000 0.000000 0.000000 0.000000 0.000000 0.000000 0.000000 0.000000 0.000000 0.000000 0.000000 0.000000 0.000000 0.000000 0.000000 0.000000 0.000000 0.000000 0.000000
0.000000 0.000000 0.000000 0.000000 0.000000 0.000000 0.000000 0.000000 0.000000 0.000000 0.000000 0.000000 0.000000 0.000000 0.000000 0.000000 0.000000 0.000000 0.000000 0.000000 0.000000 0.000000 0.000000 0.000000 0.000000 0.000000 0.000000 0.000000 0.000000 0.000000 0.000000 0.000000 0.000000 0.000000 0.000000 0.000000 0.000000 0.000000 0.000000 0.000000 0.000000 0.000000 0.000000 0.000000 0.000000 0.000000 0.000000 0.000000 0.000000 0.000000 0.000000 0.000000 0.000000 0.000000 0.000000 0.000000 0.000000 0.000000 0.000000 0.000000 0.000000
0.000000 0.000000 0.000000 0.000000 0.000000 0.000000 0.000000 0.000000 0.000000 0.000000 0.000000 0.000000 0.000000 0.000000 0.000000 0.000000 0.000000 0.000000 0.000000 0.000000 0.000000 0.000000 0.000000 0.000000 0.000000 0.000000 0.000000 0.000000 0.000000 0.000000 0.000000 0.000000 0.000000 0.000000 0.000000 0.000000 0.000000 0.000000 0.000000 0.000000 0.000000 0.000000 0.000000 0.000000 0.000000 0.000000 0.000000 0.000000 0.000000 0.000000 0.000000 0.000000 0.000000 0.000000 0.000000 0.000000 0.000000 0.000000 0.000000 0.000000 0.000000
0.000000 0.000000 0.000000 0.000000 0.000000 0.000000 0.000000 0.000000 0.000000 0.000000 0.000000 0.000000 0.000000 0.000000 0.000000 0.000000 0.000000 0.000000 0.000000 0.000000 0.000000 0.000000 0.000000 0.000000 0.000000 0.000000 0.000000 0.000000 0.000000 0.000000 0.000000 0.000000 0.000000 0.000000 0.000000 0.000000 0.000000 0.000000 0.000000 0.000000 0.000000 0.000000 0.000000 0.000000 0.000000 0.000000 0.000000 0.000000 0.000000 0.000000 0.000000 0.000000 0.000000 0.000000 0.000000 0.000000 0.000000 0.000000 0.000000 0.000000 0.000000
