FireSTARR/test/constant/O1a_S060_A000_WD000_WS020/arrival.asc
ncols         732
nrows         141
xllcorner     353503.990666
yllcorner     12735755.311160
cellsize      100.000000
NODATA_value  0.000000
[rows 27 to 53 of 141, columns 549 to 609 of 732]
123.243498 123.241265 123.239033 123.236800 123.234567 123.232335 123.230102 123.227590 123.225357 123.223125 123.220892 123.218380 123.216148 123.213915 123.211682 123.209450 123.207134 123.204901 123.202669 123.200436 123.197924 123.195691 123.193459 123.191226 123.188993 123.186761 123.184528 123.182295 123.180063 123.177551 123.175318 123.173086 123.170853 123.168620 123.166584 123.164351 123.162118 123.159886 123.157653 123.155420 123.153467 123.151234 123.149001 123.146490 123.144257 123.142024 123.139791 123.137559 123.135047 123.132814 123.130582 123.128349 123.126116 123.123801 123.121568 123.119335 123.117103 123.114591 123.112358 123.110125 123.107893
123.233730 123.231497 123.229265 123.226753 123.224520 123.222288 123.220055 123.217822 123.215590 123.213357 123.211124 123.208892 123.206855 123.204622 123.202390 123.200157 123.197924 123.195691 123.193459 123.191226 123.188993 123.186482 123.184249 123.182016 123.179784 123.177551 123.175318 123.173086 123.170853 123.168620 123.166025 123.163793 123.161560 123.159327 123.157095 123.154862 123.152629 123.150397 123.148164 123.145652 123.143420 123.141187 123.138954 123.136442 123.134210 123.131977 123.129744 123.127512 123.125279 123.122963 123.120731 123.118498 123.116265 123.114033 123.111800 123.109567 123.107335 123.105102 123.102869 123.100637 123.098404
123.225078 123.222846 123.220613 123.218380 123.216148 123.213915 123.211682 123.209171 123.206855 123.204622 123.202390 123.200157 123.197924 123.195691 123.193459 123.191226 123.188714 123.186482 123.184249 123.182016 123.179784 123.177272 123.175039 123.172807 123.170574 123.168341 123.166025 123.163793 123.161560 123.159048 123.156816 123.154583 123.152350 123.150118 123.147885 123.145652 123.143420 123.141187 123.138675 123.136442 123.134210 123.131977 123.129744 123.127512 123.125279 123.122963 123.120731 123.118219 123.115986 123.113754 123.111521 123.109288 123.107056 123.104823 123.102590 123.100357 123.097846 123.095613 123.093380 123.091148 123.088915
123.215310 123.213078 123.210845 123.208333 123.206297 123.204064 123.201831 123.199320 123.197087 123.194854 123.192622 123.190389 123.187877 123.185644 123.183412 123.181179 123.178946 123.176714 123.174481 123.172248 123.170016 123.167504 123.165188 123.162956 123.160723 123.158490 123.155978 123.153746 123.151513 123.149280 123.147048 123.144815 123.142582 123.140350 123.138117 123.135605 123.133373 123.131140 123.128907 123.126675 123.124359 123.122126 123.119893 123.117661 123.115428 123.113195 123.110963 123.108730 123.106497 123.104265 123.102032 123.099799 123.097567 123.095334 123.093101 123.090869 123.088636 123.086403 123.084171 123.082134 123.079901
123.205459 123.202948 123.200715 123.198482 123.196250 123.194017 123.191784 123.189552 123.187319 123.185086 123.182574 123.180342 123.178109 123.175876 123.173365 123.171132 123.168899 123.166667 123.164630 123.162118 123.159886 123.157653 123.155420 123.152908 123.150676 123.148443 123.146210 123.143978 123.141745 123.139512 123.137559 123.135326 123.133093 123.130861 123.128628 123.126675 123.124359 123.122126 123.119614 123.117382 123.115149 123.112916 123.110684 123.108451 123.106218 123.103986 123.101753 123.099241 123.097008 123.094776 123.092543 123.090310 123.088078 123.085845 123.083612 123.081297 123.079064 123.076831 123.074599 123.072366 123.070133
123.196250 123.194017 123.191784 123.189552 123.187040 123.184807 123.182574 123.180342 123.177830 123.175597 123.173365 123.171132 123.168899 123.166584 123.164351 123.162118 123.159886 123.157374 123.155141 123.152908 123.150676 123.148443 123.146210 123.143978 123.141745 123.139512 123.137001 123.134768 123.132535 123.130303 123.127791 123.125558 123.123522 123.121289 123.119056 123.116823 123.114591 123.112358 123.110125 123.107893 123.105660 123.103427 123.101195 123.098962 123.096729 123.094497 123.092264 123.090031 123.087799 123.085566 123.083333 123.081297 123.079064 123.076831 123.074599 123.072366 123.071808 123.071250 123.070691 123.070133 123.069296
123.187040 123.184807 123.182295 123.180063 123.177830 123.175597 123.173365 123.171132 123.168899 123.166584 123.164351 123.161839 123.159607 123.157374 123.155141 123.152908 123.150676 123.148443 123.146210 123.143978 123.141466 123.139233 123.137001 123.134768 123.132256 123.130024 123.127791 123.125558 123.123242 123.121010 123.118777 123.116544 123.114312 123.111800 123.109567 123.107335 123.105102 123.102869 123.100637 123.098404 123.096171 123.093939 123.091706 123.089473 123.087241 123.085008 123.082692 123.080459 123.078227 123.075994 123.075157 123.074599 123.074040 123.073482 123.072924 123.072366 123.074040 123.075994 123.075715 123.077948 123.081018
123.176993 123.174760 123.172527 123.170295 123.168062 123.165746 123.163514 123.161002 123.158769 123.156537 123.154304 123.152071 123.149839 123.147606 123.145373 123.143141 123.140629 123.138396 123.136163 123.133931 123.131698 123.129186 123.126954 123.124917 123.122684 123.120452 123.118219 123.115986 123.113754 123.111521 123.109288 123.107056 123.104823 123.102590 123.100357 123.098125 123.095892 123.093659 123.091427 123.089194 123.086961 123.084729 123.082692 123.080459 123.078506 123.077948 123.077390 123.076831 123.076273 123.075715 123.075715 123.077669 123.079064 123.079901 123.081297 123.084450 123.085845 123.086961 123.088636 123.091427 123.093101
123.167783 123.165467 123.163235 123.161002 123.158769 123.156537 123.154304 123.152071 123.149839 123.147606 123.145094 123.142861 123.140629 123.138396 123.136163 123.133652 123.131419 123.129186 123.126954 123.124638 123.122405 123.120173 123.117940 123.115428 123.113195 123.110963 123.108730 123.106497 123.104265 123.102032 123.099799 123.097567 123.095334 123.093101 123.090869 123.088636 123.086403 123.084171 123.081855 123.081297 123.080739 123.080180 123.079622 123.079064 123.078785 123.081018 123.081297 123.082413 123.084450 123.085287 123.088078 123.089194 123.090310 123.093101 123.096450 123.101753 123.102590 123.106218 123.109009 123.114591 123.115707
123.157932 123.155699 123.153467 123.151234 123.149001 123.146769 123.144536 123.142024 123.139791 123.137559 123.135326 123.132814 123.130582 123.128349 123.126116 123.124080 123.121847 123.119614 123.117382 123.115149 123.112916 123.110684 123.108451 123.106218 123.103986 123.101753 123.099520 123.097288 123.095055 123.092822 123.090590 123.088357 123.086124 123.084729 123.084171 123.083612 123.083250 123.082413 123.082134 123.082413 123.084729 123.085845 123.087799 123.088636 123.091148 123.092543 123.093659 123.095613 123.096450 123.099799 123.106776 123.108172 123.111521 123.115707 123.117661 123.121847 123.123801 123.125279 123.130582 123.136163 123.137001
123.149280 123.147048 123.144815 123.142582 123.140350 123.137838 123.135605 123.133373 123.131140 123.128907 123.126675 123.124359 123.122126 123.119893 123.117382 123.115149 123.112916 123.110684 123.108451 123.106218 123.103986 123.101753 123.099241 123.097008 123.094776 123.092543 123.090310 123.088357 123.087799 123.087241 123.086403 123.085845 123.085287 123.085287 123.086682 123.088357 123.089194 123.090869 123.094218 123.094776 123.095892 123.097008 123.099799 123.103427 123.103986 123.110125 123.111521 123.114591 123.119335 123.121568 123.126395 123.128349 123.129186 123.136163 123.140350 123.142024 123.145094 123.150118 123.154583 123.165188 123.168062
123.138954 123.136722 123.134210 123.131977 123.129744 123.127512 123.125279 123.123242 123.121010 123.118777 123.116544 123.114312 123.112079 123.109846 123.107614 123.105381 123.103148 123.100916 123.098683 123.096450 123.094218 123.091985 123.091148 123.090590 123.090031 123.089473 123.088915 123.088357 123.090031 123.091427 123.092543 123.094218 123.097288 123.097846 123.099241 123.100357 123.102032 123.103148 123.105102 123.114870 123.114870 123.117940 123.121010 123.125558 123.125558 123.130303 123.132535 123.133652 123.138117 123.144536 123.149001 123.149001 123.154025 123.159327 123.165188 123.172248 123.179225 123.185365 123.187319 123.193738 123.202110
123.130303 123.128070 123.125837 123.123522 123.121010 123.118777 123.116544 123.114312 123.112079 123.109846 123.107614 123.105381 123.103148 123.100637 123.098404 123.096171 123.094497 123.093939 123.093380 123.092822 123.092264 123.091706 123.091706 123.093380 123.095892 123.095892 123.097567 123.101195 123.101474 123.102590 123.103707 123.106497 123.108451 123.110963 123.115707 123.118219 123.120452 123.124638 123.126675 123.130303 123.133652 123.137001 123.137001 123.139791 123.148443 123.150955 123.157374 123.159048 123.163235 123.167504 123.176435 123.183133 123.190389 123.191784 123.198203 123.199320 123.216985 123.225916 123.236521 123.242103 123.247963
123.120173 123.117940 123.115707 123.113474 123.111242 123.109009 123.106776 123.104544 123.102311 123.100078 123.097846 123.097288 123.096729 123.096171 123.095613 123.095055 123.094776 123.096450 123.098683 123.099241 123.100916 123.103707 123.104544 123.105939 123.107056 123.108451 123.109846 123.111800 123.119056 123.119614 123.122126 123.124359 123.129465 123.132256 123.135326 123.136442 123.140350 123.142024 123.143978 123.154583 123.154862 123.160723 123.164072 123.164909 123.176714 123.186482 123.189273 123.194296 123.195412 123.199878 123.208892 123.220892 123.225916 123.237079 123.241823 123.251116 123.263675 123.273164 123.279583 123.283769 123.287118
123.111242 123.109009 123.106776 123.104544 123.102032 123.100916 123.100078 123.099520 123.098962 123.098404 123.098125 123.098404 123.100078 123.102311 123.102590 123.104265 123.107893 123.108172 123.109288 123.110405 123.112637 123.113754 123.117661 123.122963 123.123801 123.126116 123.128070 123.131977 123.136163 123.138675 123.143420 123.143699 123.146210 123.148443 123.157932 123.164072 123.165746 123.167783 123.174202 123.176156 123.183970 123.193180 123.199040 123.199320 123.205459 123.214752 123.219776 123.227590 123.236800 123.246568 123.258931 123.265071 123.277908 123.280978 123.287397 123.291025 123.293062 123.305342 123.315110 123.321808 123.334729
123.103707 123.103148 123.102590 123.102032 123.101474 123.101195 123.103427 123.105102 123.105660 123.107614 123.110125 123.111242 123.112637 123.113754 123.114870 123.116544 123.119056 123.121568 123.126116 123.127512 123.130024 123.135326 123.136163 123.142024 123.143141 123.147048 123.148164 123.150397 123.152350 123.159607 123.168899 123.169737 123.172807 123.176435 123.180063 123.186761 123.195971 123.202390 123.204622 123.206855 123.215869 123.224799 123.233451 123.243777 123.251395 123.264512 123.268978 123.279304 123.285165 123.291946 123.296411 123.297248 123.304784 123.317063 123.322645 123.329343 123.339194 123.348683 123.357614 123.369335 123.385326
123.106497 123.106776 123.108730 123.109567 123.110963 123.114591 123.114870 123.115986 123.117103 123.118777 123.120452 123.122684 123.125558 123.131140 123.131698 123.133931 123.138675 123.140908 123.145931 123.146769 123.150397 123.152071 123.156257 123.162956 123.164630 123.172248 123.173644 123.178388 123.179225 123.184528 123.187877 123.196529 123.207134 123.210008 123.210845 123.220055 123.235684 123.235405 123.244893 123.255024 123.269257 123.272885 123.278467 123.287397 123.294178 123.299760 123.302830 123.315389 123.321250 123.326552 123.329622 123.335008 123.345892 123.360405 123.369335 123.378628 123.394536 123.401513 123.411560 0.000000 0.000000
123.117661 123.119335 123.120452 123.121289 123.122684 123.126116 123.126954 123.131140 123.133093 123.135605 123.139233 123.142861 123.144815 123.149839 123.152071 123.155978 123.155978 123.158769 123.165746 123.169178 123.177272 123.180621 123.182854 123.183133 123.188435 123.191505 123.199599 123.203227 123.212241 123.214752 123.224520 123.228986 123.235684 123.242940 123.250558 123.272885 123.276792 123.284886 123.291584 123.293341 123.306458 123.310086 123.318180 123.325436 123.330459 123.336682 123.343101 123.355939 123.365149 123.371847 123.379744 123.389233 123.409607 123.413235 0.000000 0.000000 0.000000 0.000000 0.000000 0.000000 0.000000
123.129465 123.131977 123.133093 123.140908 123.141187 123.145931 123.146490 123.148164 123.152629 123.156816 123.159327 123.160723 123.163235 123.171411 123.178109 123.183691 123.185365 123.186482 123.187319 123.192622 123.197366 123.208612 123.209450 123.214752 123.219497 123.226195 123.235125 123.237637 123.246010 123.255024 123.258373 123.274001 123.288514 123.295853 123.299202 123.310644 123.312040 123.318459 123.325436 123.334171 123.335287 123.345613 123.351474 123.368498 123.375558 123.379465 123.388117 123.400676 0.000000 0.000000 0.000000 0.000000 0.000000 0.000000 0.000000 0.000000 0.000000 0.000000 0.000000 0.000000 0.000000
123.147885 123.151513 123.155978 123.157653 123.160165 123.163235 123.164909 123.168341 123.174760 123.179784 123.187598 123.188714 123.189831 123.191226 123.196529 123.199878 123.207692 123.217822 123.221171 123.224241 123.230939 123.239312 123.241544 123.248242 123.251395 123.266745 123.274559 123.285165 123.292504 123.304784 123.313156 123.315389 123.322366 123.331576 123.333892 123.346729 123.351753 123.357335 123.367103 123.375837 123.383652 123.387838 123.395931 123.411281 0.000000 0.000000 0.000000 0.000000 0.000000 0.000000 0.000000 0.000000 0.000000 0.000000 0.000000 0.000000 0.000000 0.000000 0.000000 0.000000 0.000000
123.167783 123.170295 123.171690 123.176435 123.183970 123.190668 123.192901 123.194854 123.195133 123.200436 123.204901 123.218101 123.218939 123.225078 123.228707 123.234009 123.241823 123.245731 123.251116 123.258652 123.265071 123.276234 123.288793 123.304784 123.309249 123.315110 123.321529 123.326273 123.336682 123.338357 123.348683 123.352590 123.362079 123.370731 123.387001 123.388675 123.392024 123.396769 123.407932 0.000000 0.000000 0.000000 0.000000 0.000000 0.000000 0.000000 0.000000 0.000000 0.000000 0.000000 0.000000 0.000000 0.000000 0.000000 0.000000 0.000000 0.000000 0.000000 0.000000 0.000000 0.000000
123.195971 123.197087 123.198482 123.200157 123.204343 123.207413 123.210566 123.224520 123.225357 123.232335 123.237916 123.249638 123.249638 123.259210 123.260605 123.266745 123.275118 123.283211 123.297807 123.306458 123.319296 123.322645 123.332692 123.338357 123.341985 123.351753 123.356497 123.359567 123.370731 123.391466 123.394815 123.399280 123.402350 123.409327 0.000000 0.000000 0.000000 0.000000 0.000000 0.000000 0.000000 0.000000 0.000000 0.000000 0.000000 0.000000 0.000000 0.000000 0.000000 0.000000 0.000000 0.000000 0.000000 0.000000 0.000000 0.000000 0.000000 0.000000 0.000000 0.000000 0.000000
123.211961 123.221171 123.223404 123.232056 123.237637 123.244056 123.252791 123.254744 123.262559 123.264512 123.273443 123.282932 123.289351 123.292504 123.306737 123.318459 123.328785 123.333250 123.340310 123.352032 123.352311 123.360405 123.365428 123.381698 123.390629 123.402071 123.406257 123.406257 123.409048 0.000000 0.000000 0.000000 0.000000 0.000000 0.000000 0.000000 0.000000 0.000000 0.000000 0.000000 0.000000 0.000000 0.000000 0.000000 0.000000 0.000000 0.000000 0.000000 0.000000 0.000000 0.000000 0.000000 0.000000 0.000000 0.000000 0.000000 0.000000 0.000000 0.000000 0.000000 0.000000
123.252233 123.254744 123.258652 123.264512 123.268699 123.279025 123.284048 123.293899 123.300876 123.310086 123.318459 123.336124 123.340869 123.350916 123.353707 123.360405 123.364870 123.369056 123.385047 123.389512 123.399280 123.409327 123.412397 123.416667 0.000000 0.000000 0.000000 0.000000 0.000000 0.000000 0.000000 0.000000 0.000000 0.000000 0.000000 0.000000 0.000000 0.000000 0.000000 0.000000 0.000000 0.000000 0.000000 0.000000 0.000000 0.000000 0.000000 0.000000 0.000000 0.000000 0.000000 0.000000 0.000000 0.000000 0.000000 0.000000 0.000000 0.000000 0.000000 0.000000 0.000000
123.282653 123.288793 123.294737 123.303109 123.310924 123.324878 123.330459 123.345334 123.354823 123.358451 123.367940 123.368777 123.371847 123.374638 123.389791 123.398164 123.407653 0.000000 0.000000 0.000000 0.000000 0.000000 0.000000 0.000000 0.000000 0.000000 0.000000 0.000000 0.000000 0.000000 0.000000 0.000000 0.000000 0.000000 0.000000 0.000000 0.000000 0.000000 0.000000 0.000000 0.000000 0.000000 0.000000 0.000000 0.000000 0.000000 0.000000 0.000000 0.000000 0.000000 0.000000 0.000000 0.000000 0.000000 0.000000 0.000000 0.000000 0.000000 0.000000 0.000000 0.000000
123.322087 123.331855 123.339752 123.348962 123.362358 123.372126 123.375558 123.376116 123.377233 123.385326 123.393420 123.416584 0.000000 0.000000 0.000000 0.000000 0.000000 0.000000 0.000000 0.000000 0.000000 0.000000 0.000000 0.000000 0.000000 0.000000 0.000000 0.000000 0.000000 0.000000 0.000000 0.000000 0.000000 0.000000 0.000000 0.000000 0.000000 0.000000 0.000000 0.000000 0.000000 0.000000 0.000000 0.000000 0.000000 0.000000 0.000000 0.000000 0.000000 0.000000 0.000000 0.000000 0.000000 0.000000 0.000000 0.000000 0.000000 0.000000 0.000000 0.000000 0.000000
123.372405 123.379465 123.381140 123.384210 123.390071 123.396490 123.404025 0.000000 0.000000 0.000000 0.000000 0.000000 0.000000 0.000000 0.000000 0.000000 0.000000 0.000000 0.000000 0.000000 0.000000 0.000000 0.000000 0.000000 0.000000 0.000000 0.000000 0.000000 0.000000 0.000000 0.000000 0.000000 0.000000 0.000000 0.000000 0.000000 0.000000 0.000000 0.000000 0.000000 0.000000 0.000000 0.000000 0.000000 0.000000 0.000000 0.000000 0.000000 0.000000 0.000000 0.000000 0.000000 0.000000 0.000000 0.000000 0.000000 0.000000 0.000000 0.000000 0.000000 0.000000
