FireSTARR/test/constant/O1a_S060_A000_WD000_WS020/arrival.asc
ncols         732
nrows         141
xllcorner     353503.990666
yllcorner     12735755.311160
cellsize      100.000000
NODATA_value  0.000000
[rows 27 to 53 of 141, columns 427 to 487 of 732]
0.000000 0.000000 0.000000 0.000000 0.000000 0.000000 0.000000 0.000000 0.000000 0.000000 0.000000 0.000000 0.000000 0.000000 0.000000 0.000000 0.000000 0.000000 0.000000 0.000000 0.000000 0.000000 0.000000 0.000000 0.000000 0.000000 0.000000 0.000000 0.000000 0.000000 0.000000 0.000000 0.000000 0.000000 0.000000 0.000000 0.000000 0.000000 0.000000 0.000000 0.000000 0.000000 0.000000 0.000000 0.000000 0.000000 123.416305 123.414072 123.411839 123.409607 123.407374 123.404862 123.402629 123.400397 123.398164 123.395652 123.393420 123.391187 123.388954 123.386722 123.384489
0.000000 0.000000 0.000000 0.000000 0.000000 0.000000 0.000000 0.000000 0.000000 0.000000 0.000000 0.000000 0.000000 0.000000 0.000000 0.000000 0.000000 0.000000 0.000000 0.000000 0.000000 0.000000 0.000000 0.000000 0.000000 0.000000 0.000000 0.000000 0.000000 0.000000 0.000000 0.000000 0.000000 0.000000 0.000000 0.000000 0.000000 0.000000 0.000000 0.000000 0.000000 0.000000 123.415467 123.413235 123.411002 123.408769 123.406257 123.404025 123.401792 123.399559 123.397327 123.395094 123.392861 123.390629 123.388396 123.385884 123.383652 123.381419 123.379186 123.376675 123.374638
0.000000 0.000000 0.000000 0.000000 0.000000 0.000000 0.000000 0.000000 0.000000 0.000000 0.000000 0.000000 0.000000 0.000000 0.000000 0.000000 0.000000 0.000000 0.000000 0.000000 0.000000 0.000000 0.000000 0.000000 0.000000 0.000000 0.000000 0.000000 0.000000 0.000000 0.000000 0.000000 0.000000 0.000000 0.000000 0.000000 0.000000 0.000000 123.416305 123.413793 123.411560 123.409327 123.407095 123.404583 123.402350 123.400118 123.397885 123.395652 123.393420 123.391187 123.388954 123.386722 123.384210 123.381977 123.379744 123.377512 123.375000 123.372963 123.370731 123.368498 123.366265
0.000000 0.000000 0.000000 0.000000 0.000000 0.000000 0.000000 0.000000 0.000000 0.000000 0.000000 0.000000 0.000000 0.000000 0.000000 0.000000 0.000000 0.000000 0.000000 0.000000 0.000000 0.000000 0.000000 0.000000 0.000000 0.000000 0.000000 0.000000 0.000000 0.000000 0.000000 0.000000 0.000000 0.000000 123.415188 123.412956 123.410723 123.408490 123.406257 123.404025 123.401792 123.399559 123.397327 123.394815 123.392582 123.390350 123.388117 123.385605 123.383373 123.381140 123.378907 123.376675 123.374359 123.372126 123.369893 123.367661 123.365149 123.362916 123.360684 123.358451 123.356218
0.000000 0.000000 0.000000 0.000000 0.000000 0.000000 0.000000 0.000000 0.000000 0.000000 0.000000 0.000000 0.000000 0.000000 0.000000 0.000000 0.000000 0.000000 0.000000 0.000000 0.000000 0.000000 0.000000 0.000000 0.000000 0.000000 0.000000 0.000000 0.000000 123.416584 123.414351 123.412118 123.409886 123.407653 123.405420 123.403188 123.400955 123.398722 123.396210 123.393978 123.391745 123.389512 123.387001 123.384768 123.382535 123.380303 123.378349 123.375837 123.373522 123.371289 123.369056 123.366823 123.364312 123.362079 123.359846 123.357614 123.355381 123.353148 123.350916 123.348683 123.346450
0.000000 0.000000 0.000000 0.000000 0.000000 0.000000 0.000000 0.000000 0.000000 0.000000 0.000000 0.000000 0.000000 0.000000 0.000000 0.000000 0.000000 0.000000 0.000000 0.000000 0.000000 0.000000 0.000000 0.000000 0.000000 123.415467 123.413235 123.411002 123.408490 123.406257 123.404025 123.401792 123.399559 123.397327 123.395094 123.392861 123.390350 123.388117 123.385884 123.383652 123.381419 123.378907 123.376675 123.374638 123.372405 123.369893 123.367661 123.365428 123.363195 123.360963 123.358730 123.356497 123.354265 123.352032 123.349799 123.347567 123.345334 123.343101 123.340869 123.338636 123.336403
0.000000 0.000000 0.000000 0.000000 0.000000 0.000000 0.000000 0.000000 0.000000 0.000000 0.000000 0.000000 0.000000 0.000000 0.000000 0.000000 0.000000 0.000000 0.000000 0.000000 0.000000 123.414909 123.412676 123.410444 123.408211 123.405978 123.403746 123.401792 123.400118 123.397885 123.395373 123.393141 123.390908 123.388675 123.386163 123.383931 123.381698 123.379465 123.377233 123.374917 123.372684 123.370452 123.368219 123.365707 123.363474 123.361242 123.359009 123.356776 123.354544 123.352311 123.350078 123.347846 123.345334 123.343101 123.340869 123.338636 123.336124 123.333892 123.331855 123.329622 123.327390
0.000000 0.000000 0.000000 0.000000 0.000000 0.000000 0.000000 0.000000 0.000000 0.000000 0.000000 0.000000 0.000000 0.000000 0.000000 0.000000 0.000000 123.414630 123.412676 123.411281 123.409048 123.406537 123.404304 123.402071 123.399839 123.397606 123.395373 123.393141 123.390908 123.388675 123.386163 123.383931 123.381698 123.379465 123.376954 123.374917 123.372405 123.370173 123.367940 123.365707 123.363474 123.361242 123.359009 123.356776 123.354265 123.352032 123.349799 123.347567 123.345334 123.342822 123.340869 123.338636 123.336403 123.333892 123.331576 123.329343 123.327110 123.324878 123.322645 123.320412 123.318180
0.000000 0.000000 0.000000 0.000000 0.000000 0.000000 0.000000 0.000000 0.000000 0.000000 0.000000 0.000000 123.416305 123.415188 123.413514 123.411002 123.408769 123.406537 123.404304 123.402071 123.399839 123.397606 123.395373 123.393141 123.390629 123.388396 123.386163 123.383931 123.381419 123.379186 123.376954 123.374917 123.372684 123.370173 123.367940 123.365707 123.363474 123.360963 123.358730 123.356497 123.354265 123.352032 123.349799 123.347567 123.345334 123.343101 123.340590 123.338357 123.336124 123.333892 123.331576 123.329343 123.327110 123.324878 123.322645 123.320133 123.317901 123.315668 123.313435 123.310924 123.308691
0.000000 0.000000 0.000000 0.000000 0.000000 0.000000 0.000000 0.000000 0.000000 123.414909 123.412397 123.410165 123.407932 123.405699 123.403467 123.401234 123.399001 123.396769 123.394536 123.392024 123.389791 123.387559 123.385326 123.382814 123.380861 123.378628 123.376395 123.374080 123.371568 123.369335 123.367103 123.364870 123.362637 123.360405 123.358172 123.355939 123.353427 123.351195 123.348962 123.346729 123.344497 123.341985 123.339752 123.337520 123.335287 123.332971 123.330739 123.328506 123.326273 123.324040 123.321529 123.319296 123.317063 123.314831 123.312598 123.310365 123.308133 123.305900 123.303388 123.301156 123.298923
0.000000 0.000000 0.000000 0.000000 123.416305 123.414072 123.411839 123.409607 123.407095 123.404862 123.402629 123.400397 123.398164 123.395652 123.393699 123.391466 123.389233 123.386722 123.384489 123.382256 123.380024 123.377791 123.375279 123.372963 123.370731 123.368498 123.366265 123.364033 123.361800 123.359567 123.357335 123.355102 123.352590 123.350357 123.348125 123.345892 123.343380 123.341148 123.338915 123.336682 123.334450 123.332134 123.329901 123.327669 123.325436 123.322924 123.320691 123.318459 123.316226 123.313993 123.311761 123.309528 123.307295 123.305063 123.302551 123.300318 123.298086 123.295853 123.293620 123.291305 123.289072
123.415467 123.413235 123.411002 123.408769 123.406537 123.404304 123.402071 123.399559 123.397327 123.395094 123.392861 123.390350 123.388117 123.385884 123.383652 123.381419 123.379186 123.376954 123.374638 123.372405 123.369893 123.367661 123.365428 123.363195 123.360963 123.358730 123.356497 123.354265 123.352032 123.349520 123.347288 123.345055 123.342822 123.340590 123.338357 123.336124 123.333892 123.331855 123.329622 123.327390 123.325436 123.323203 123.320691 123.318459 123.316226 123.313993 123.311482 123.309249 123.307016 123.304784 123.302551 123.300318 123.298086 123.295853 123.293620 123.291025 123.288793 123.286560 123.284327 123.282095 123.279862
123.406257 123.404025 123.401792 123.399559 123.397327 123.394815 123.392582 123.390350 123.388117 123.385884 123.383652 123.381419 123.379186 123.376954 123.374359 123.372126 123.369893 123.367661 123.365428 123.363195 123.360963 123.358730 123.356218 123.353986 123.351753 123.349520 123.347288 123.344776 123.342543 123.340310 123.338078 123.335845 123.333612 123.331297 123.329064 123.326831 123.324599 123.322087 123.319854 123.317622 123.315389 123.313156 123.310924 123.308691 123.306458 123.304225 123.301714 123.299481 123.297248 123.295016 123.292504 123.290467 123.288235 123.286002 123.283769 123.281257 123.279025 123.276792 123.274559 123.272048 123.269815
123.397048 123.394815 123.392582 123.390350 123.388117 123.385605 123.383373 123.381140 123.378907 123.376675 123.374359 123.372126 123.369893 123.367661 123.365428 123.362916 123.360684 123.358451 123.356218 123.353986 123.351753 123.349520 123.347288 123.345055 123.342543 123.340310 123.338078 123.335845 123.333333 123.331297 123.329064 123.326831 123.324599 123.322087 123.319854 123.317622 123.315389 123.312877 123.310644 123.308412 123.306179 123.303946 123.301714 123.299481 123.297248 123.295016 123.292504 123.290188 123.287956 123.285723 123.283490 123.280978 123.278746 123.276513 123.274280 123.272327 123.269815 123.267582 123.265350 123.263117 123.260605
123.387280 123.384768 123.382535 123.380303 123.378070 123.375837 123.373522 123.371289 123.369056 123.366823 123.364312 123.362079 123.359846 123.357614 123.355381 123.353148 123.350916 123.348683 123.346450 123.343939 123.341706 123.339473 123.337241 123.334729 123.332692 123.330459 123.328227 123.325994 123.323482 123.321250 123.319017 123.316784 123.314273 123.312319 123.310086 123.307854 123.305342 123.303109 123.300876 123.298644 123.296411 123.293899 123.291667 123.289630 123.287397 123.284886 123.282653 123.280420 123.278188 123.275955 123.273443 123.271210 123.268978 123.266745 123.264512 123.262280 123.260047 123.257814 123.255303 123.253070 123.250837
123.377512 123.374917 123.372684 123.370452 123.368219 123.365986 123.363754 123.361521 123.359288 123.357056 123.354544 123.352311 123.350078 123.347846 123.345334 123.343101 123.340869 123.338636 123.336403 123.334171 123.331855 123.329622 123.327390 123.325157 123.322645 123.320412 123.318180 123.315947 123.313714 123.311203 123.308970 123.307016 123.304784 123.302272 123.300039 123.297807 123.295574 123.293341 123.290746 123.288793 123.286560 123.284327 123.281816 123.279583 123.277350 123.275118 123.272606 123.270373 123.268141 123.265908 123.263675 123.261442 123.259210 123.256977 123.254744 123.252512 123.250279 123.248522 123.246289 123.244056 123.241823
123.368219 123.365707 123.363474 123.361242 123.359009 123.356776 123.354544 123.352311 123.350078 123.347567 123.345334 123.343101 123.340869 123.338636 123.336124 123.333892 123.331855 123.329622 123.327110 123.324878 123.322645 123.320412 123.318180 123.315668 123.313435 123.311203 123.308970 123.306737 123.304505 123.302272 123.300039 123.297527 123.295295 123.293062 123.290746 123.288793 123.286281 123.284048 123.281816 123.279583 123.277071 123.274839 123.272606 123.270373 123.268141 123.265908 123.263675 123.261442 123.259210 123.256698 123.254465 123.252233 123.249917 123.247684 123.245452 123.243219 123.240986 123.238754 123.236242 123.234009 123.231776
123.359009 123.356776 123.354265 123.352032 123.349799 123.347567 123.345334 123.343101 123.340869 123.338636 123.336403 123.333892 123.331576 123.329343 123.327110 123.324878 123.322366 123.320133 123.317901 123.315668 123.313435 123.311203 123.308970 123.306737 123.304505 123.301993 123.299760 123.297527 123.295295 123.293062 123.290746 123.288514 123.286281 123.284048 123.281537 123.279304 123.277071 123.274839 123.272606 123.270373 123.268141 123.265908 123.263675 123.261163 123.258931 123.256698 123.254465 123.251954 123.249917 123.247684 123.245452 123.243219 123.240707 123.238474 123.236242 123.234009 123.231497 123.229265 123.227032 123.224799 123.222567
123.348962 123.346729 123.344497 123.342264 123.340031 123.337799 123.335287 123.332971 123.330739 123.328506 123.326273 123.324040 123.321808 123.319575 123.317342 123.315110 123.312598 123.310365 123.308133 123.305900 123.303667 123.301156 123.298923 123.296690 123.294458 123.292225 123.289909 123.287676 123.285444 123.283211 123.280699 123.278467 123.276234 123.274001 123.271769 123.269536 123.267303 123.265071 123.262559 123.260326 123.258093 123.255861 123.253628 123.251116 123.249080 123.246847 123.244614 123.242382 123.240149 123.237637 123.235405 123.233172 123.230939 123.228427 123.226195 123.223962 123.221729 123.219497 123.217264 123.215031 123.212799
123.339194 123.336682 123.334450 123.332413 123.330180 123.327948 123.325436 123.323203 123.320971 123.318738 123.316226 123.313993 123.311761 123.309528 123.307295 123.305063 123.302830 123.300597 123.298365 123.295853 123.293620 123.291305 123.289072 123.286839 123.284607 123.282374 123.280141 123.277908 123.275397 123.273164 123.270931 123.268699 123.266187 123.263954 123.261722 123.259768 123.257256 123.255024 123.252791 123.250558 123.248242 123.245731 123.243777 123.241544 123.239312 123.236800 123.234567 123.232335 123.230102 123.227869 123.225637 123.223404 123.221171 123.218939 123.216706 123.214473 123.212241 123.210008 123.207971 123.205739 123.203506
123.329901 123.327669 123.325436 123.323203 123.320691 123.318459 123.316226 123.313993 123.311761 123.309528 123.307295 123.305063 123.302830 123.300318 123.298086 123.295853 123.293620 123.291305 123.289072 123.286839 123.284607 123.282095 123.279862 123.277629 123.275397 123.273164 123.270652 123.268420 123.266187 123.263954 123.261722 123.259489 123.257256 123.255024 123.252791 123.250279 123.247963 123.245731 123.243777 123.241265 123.239033 123.236800 123.234567 123.232056 123.229823 123.227590 123.225357 123.223125 123.220892 123.218659 123.216427 123.214194 123.211682 123.209450 123.207134 123.204901 123.202669 123.200436 123.198203 123.195971 123.193738
123.320691 123.318459 123.316226 123.313993 123.311761 123.309528 123.307016 123.304784 123.302551 123.300318 123.298086 123.295574 123.293341 123.291305 123.289072 123.286560 123.284327 123.282095 123.279862 123.277629 123.275118 123.272885 123.270652 123.268420 123.266187 123.263954 123.261722 123.259489 123.256977 123.254744 123.252512 123.250279 123.247963 123.245731 123.243498 123.241265 123.239033 123.236521 123.234288 123.232056 123.229823 123.227590 123.225357 123.223125 123.220892 123.218659 123.216148 123.213915 123.211682 123.209450 123.207134 123.204901 123.202669 123.200436 123.198203 123.195691 123.193459 123.191226 123.188993 123.186482 123.184249
123.310924 123.308691 123.306458 123.303946 123.301714 123.299481 123.297248 123.295016 123.292504 123.290467 123.288235 123.286002 123.283490 123.281257 123.279025 123.276792 123.274280 123.272048 123.269815 123.267582 123.265350 123.263117 123.260884 123.258652 123.256419 123.253907 123.251675 123.249359 123.247126 123.244893 123.242661 123.240428 123.238195 123.235963 123.233451 123.231218 123.228986 123.226753 123.224241 123.222288 123.220055 123.217822 123.215590 123.213078 123.210845 123.208612 123.206297 123.204064 123.201831 123.199599 123.197366 123.195133 123.192622 123.190389 123.188156 123.185924 123.183412 123.181179 123.178946 123.176714 123.174481
123.300876 123.298644 123.296411 123.294178 123.291667 123.289630 123.287397 123.285165 123.282932 123.280420 123.278188 123.275955 123.273722 123.271210 123.268978 123.266745 123.264512 123.262280 123.260047 123.257814 123.255582 123.253349 123.250837 123.248522 123.246289 123.244056 123.241823 123.239591 123.237358 123.235125 123.232893 123.230660 123.228427 123.226195 123.223962 123.221729 123.219497 123.217264 123.215031 123.212799 123.210566 123.208333 123.206297 123.204064 123.201831 123.199599 123.197645 123.195412 123.193180 123.190947 123.188435 123.186203 123.183970 123.181737 123.179505 123.177272 123.175039 123.172807 123.170295 123.168062 123.165746
123.291584 123.289351 123.287118 123.284886 123.282653 123.280420 123.278188 123.275955 123.273722 123.271210 123.268978 123.266745 123.264512 123.262001 123.259768 123.257535 123.255303 123.253070 123.250837 123.248522 123.246289 123.244056 123.241823 123.239312 123.237079 123.234846 123.232614 123.230381 123.228148 123.225916 123.223683 123.221450 123.218939 123.216706 123.214473 123.212241 123.210008 123.207692 123.205180 123.202948 123.200715 123.198761 123.196250 123.194017 123.191784 123.189552 123.187319 123.184807 123.182574 123.180342 123.178109 123.175876 123.173644 123.171411 123.169178 123.166946 123.164630 123.162397 123.160165 123.157932 123.155699
123.281816 123.279583 123.277350 123.275118 123.272606 123.270373 123.268141 123.265908 123.263675 123.261442 123.259210 123.256977 123.254744 123.252233 123.249917 123.247684 123.245452 123.243219 123.240986 123.238754 123.236521 123.234288 123.231776 123.229544 123.227311 123.225078 123.222567 123.220334 123.218101 123.215869 123.213636 123.211403 123.209171 123.206855 123.204622 123.202110 123.199878 123.197645 123.195412 123.193459 123.191226 123.188993 123.186761 123.184528 123.182295 123.180063 123.177830 123.175597 123.173365 123.171132 123.168899 123.166667 123.164630 123.162397 123.160165 123.158211 123.155978 123.153746 123.151234 123.149001 123.146769
123.272048 123.269536 123.267303 123.265071 123.262838 123.260605 123.258373 123.256140 123.253907 123.251395 123.249080 123.246847 123.244614 123.242382 123.240149 123.237916 123.235684 123.233451 123.230939 123.228707 123.226474 123.224241 123.222008 123.219776 123.217543 123.215310 123.213078 123.210845 123.208612 123.206576 123.204343 123.202110 123.199878 123.197645 123.195412 123.193180 123.190947 123.188435 123.186203 123.183970 123.181737 123.179505 123.177272 123.175039 123.172807 123.170574 123.168341 123.166025 123.163793 123.161560 123.159327 123.157095 123.154862 123.152629 123.150397 123.148164 123.145931 123.143699 123.141466 123.139512 123.138954
