FireSTARR/test/constant/M1M225PC_S060_A090_WD045_WS000/arrival.asc
ncols         13
nrows         45
xllcorner     426003.990666
yllcorner     12744455.311160
cellsize      100.000000
NODATA_value  0.000000
0.000000 0.000000 0.000000 0.000000 0.000000 123.338214 123.195949 123.311188 0.000000 0.000000 0.000000 0.000000 0.000000 
0.000000 0.000000 0.000000 0.000000 123.362616 123.097974 123.000000 123.070949 123.330710 0.000000 0.000000 0.000000 0.000000 
0.000000 0.000000 0.000000 0.000000 123.291667 123.039043 123.009761 123.034163 123.264641 0.000000 0.000000 0.000000 0.000000 
0.000000 0.000000 0.000000 0.000000 123.227855 123.039043 123.019522 123.039043 123.200829 0.000000 0.000000 0.000000 0.000000 
0.000000 0.000000 0.000000 0.000000 123.159163 123.046547 123.029282 123.046547 123.129880 123.394522 0.000000 0.000000 0.000000 
0.000000 0.000000 0.000000 123.347974 123.107735 123.056308 123.039043 123.051427 123.102855 123.320949 0.000000 0.000000 0.000000 
0.000000 0.000000 0.000000 123.274402 123.112616 123.066069 123.046547 123.061188 123.107735 123.242496 0.000000 0.000000 0.000000 
0.000000 0.000000 0.000000 123.205710 123.122376 123.075829 123.056308 123.070949 123.117496 123.176427 0.000000 0.000000 0.000000 
0.000000 0.000000 123.394522 123.176427 123.125000 123.088214 123.066069 123.080710 123.122376 123.171547 123.362616 0.000000 0.000000 
0.000000 0.000000 123.320949 123.181308 123.134761 123.097974 123.075829 123.093094 123.129880 123.176427 123.289043 0.000000 0.000000 
0.000000 0.000000 123.259761 123.191069 123.144522 123.107735 123.088214 123.102855 123.139641 123.181308 123.237616 0.000000 0.000000 
0.000000 0.000000 123.247376 123.195949 123.154282 123.117496 123.097974 123.112616 123.149402 123.191069 123.237616 123.416667 0.000000 
0.000000 123.375000 123.254880 123.205710 123.164043 123.125000 123.107735 123.122376 123.159163 123.200829 123.247376 123.347974 0.000000 
0.000000 123.316069 123.259761 123.213214 123.171547 123.134761 123.117496 123.129880 123.171547 123.205710 123.250000 123.306308 0.000000 
0.000000 123.316069 123.264641 123.222974 123.181308 123.144522 123.125000 123.139641 123.181308 123.213214 123.259761 123.311188 0.000000 
0.000000 123.325829 123.274402 123.232735 123.191069 123.154282 123.134761 123.149402 123.191069 123.222974 123.269522 123.316069 123.389641 
123.379880 123.325829 123.279282 123.237616 123.200829 123.164043 123.144522 123.159163 123.200829 123.232735 123.279282 123.320949 123.372376 
123.384761 123.330710 123.289043 123.247376 123.213214 123.176427 123.154282 123.171547 123.205710 123.242496 123.284163 123.330710 123.379880 
123.394522 123.343094 123.296547 123.259761 123.222974 123.186188 123.164043 123.181308 123.213214 123.254880 123.296547 123.338214 123.389641 
123.394522 123.347974 123.306308 123.269522 123.232735 123.195949 123.171547 123.191069 123.222974 123.264641 123.301427 123.347974 123.394522 
123.404282 123.357735 123.316069 123.279282 123.242496 123.205710 123.181308 123.200829 123.232735 123.274402 123.311188 123.352855 123.404282 
123.414043 123.367496 123.325829 123.289043 123.250000 123.213214 123.191069 123.208333 123.242496 123.284163 123.320949 123.362616 123.409163 
123.416667 123.375000 123.333333 123.296547 123.259761 123.222974 123.200829 123.218094 123.254880 123.289043 123.330710 123.372376 123.414043 
0.000000 123.384761 123.343094 123.306308 123.269522 123.232735 123.213214 123.227855 123.264641 123.296547 123.338214 123.379880 123.416667 
0.000000 123.389641 123.352855 123.316069 123.279282 123.242496 123.222974 123.237616 123.274402 123.306308 123.347974 123.389641 0.000000 
0.000000 123.399402 123.362616 123.325829 123.289043 123.250000 123.232735 123.247376 123.284163 123.316069 123.357735 123.399402 0.000000 
0.000000 123.409163 123.372376 123.333333 123.296547 123.259761 123.242496 123.259761 123.291667 123.325829 123.367496 123.409163 0.000000 
0.000000 0.000000 123.379880 123.343094 123.306308 123.269522 123.250000 123.269522 123.301427 123.338214 123.375000 123.416667 0.000000 
0.000000 0.000000 123.389641 123.352855 123.316069 123.279282 123.259761 123.279282 123.311188 123.347974 123.384761 0.000000 0.000000 
0.000000 0.000000 123.399402 123.362616 123.325829 123.289043 123.269522 123.289043 123.320949 123.357735 123.394522 0.000000 0.000000 
0.000000 0.000000 123.409163 123.372376 123.338214 123.301427 123.279282 123.296547 123.330710 123.367496 123.404282 0.000000 0.000000 
0.000000 0.000000 0.000000 123.384761 123.347974 123.311188 123.289043 123.306308 123.343094 123.375000 123.414043 0.000000 0.000000 
0.000000 0.000000 0.000000 123.394522 123.357735 123.320949 123.301427 123.316069 123.352855 123.384761 0.000000 0.000000 0.000000 
0.000000 0.000000 0.000000 123.404282 123.362616 123.330710 123.311188 123.325829 123.362616 123.394522 0.000000 0.000000 0.000000 
0.000000 0.000000 0.000000 123.414043 123.372376 123.338214 123.320949 123.333333 123.372376 123.404282 0.000000 0.000000 0.000000 
0.000000 0.000000 0.000000 0.000000 123.384761 123.347974 123.330710 123.343094 123.379880 123.414043 0.000000 0.000000 0.000000 
0.000000 0.000000 0.000000 0.000000 123.394522 123.357735 123.338214 123.352855 123.389641 0.000000 0.000000 0.000000 0.000000 
0.000000 0.000000 0.000000 0.000000 123.404282 123.367496 123.347974 123.362616 123.399402 0.000000 0.000000 0.000000 0.000000 
0.000000 0.000000 0.000000 0.000000 123.414043 123.379880 123.357735 123.372376 123.409163 0.000000 0.000000 0.000000 0.000000 
0.000000 0.000000 0.000000 0.000000 0.000000 123.389641 123.367496 123.384761 0.000000 0.000000 0.000000 0.000000 0.000000 
0.000000 0.000000 0.000000 0.000000 0.000000 123.399402 123.379880 123.394522 0.000000 0.000000 0.000000 0.000000 0.000000 
0.000000 0.000000 0.000000 0.000000 0.000000 123.409163 123.389641 123.404282 0.000000 0.000000 0.000000 0.000000 0.000000 
0.000000 0.000000 0.000000 0.000000 0.000000 123.416667 123.399402 123.414043 0.000000 0.000000 0.000000 0.000000 0.000000 
0.000000 0.000000 0.000000 0.000000 0.000000 0.000000 123.409163 0.000000 0.000000 0.000000 0.000000 0.000000 0.000000 
0.000000 0.000000 0.000000 0.000000 0.000000 0.000000 123.416667 0.000000 0.000000 0.000000 0.000000 0.000000 0.000000 
