FireSTARR/test/constant/O1a_S060_A090_WD270_WS020/arrival.asc
ncols         141
nrows         732
xllcorner     425603.990666
yllcorner     12675655.311160
cellsize      100.000000
NODATA_value  0.000000
[rows 405 to 431 of 732, columns 61 to 121 of 141]
0.000000 0.000000 123.407653 123.398443 123.388396 123.379465 123.369335 123.360125 123.350357 123.341148 123.331297 123.322087 123.312040 123.302272 123.293062 123.282653 123.274001 123.263954 123.255024 123.245173 123.235684 123.230660 123.235963 123.246568 123.257814 123.270931 123.285444 123.299481 123.313714 123.330459 123.346729 123.364870 123.389233 0.000000 0.000000 0.000000 0.000000 0.000000 0.000000 0.000000 0.000000 0.000000 0.000000 0.000000 0.000000 0.000000 0.000000 0.000000 0.000000 0.000000 0.000000 0.000000 0.000000 0.000000 0.000000 0.000000 0.000000 0.000000 0.000000 0.000000 0.000000
0.000000 0.000000 123.409886 123.400676 123.390629 123.381698 123.371847 123.362358 123.352590 123.343380 123.333333 123.324320 123.314273 123.304505 123.295295 123.284886 123.276234 123.266187 123.257256 123.247405 123.238195 123.231218 123.235405 123.244056 123.258093 123.268699 123.283769 123.298644 123.312598 123.329622 123.344776 123.362079 123.384489 123.414351 0.000000 0.000000 0.000000 0.000000 0.000000 0.000000 0.000000 0.000000 0.000000 0.000000 0.000000 0.000000 0.000000 0.000000 0.000000 0.000000 0.000000 0.000000 0.000000 0.000000 0.000000 0.000000 0.000000 0.000000 0.000000 0.000000 0.000000
0.000000 0.000000 123.412118 123.402908 123.393141 123.383931 123.374080 123.364591 123.354823 123.345892 123.335566 123.326552 123.316505 123.306737 123.297527 123.287118 123.278467 123.268420 123.259489 123.249638 123.240428 123.231776 123.232335 123.244056 123.255582 123.266187 123.281257 123.297527 123.312598 123.326273 123.342264 123.359567 123.384210 123.410165 0.000000 0.000000 0.000000 0.000000 0.000000 0.000000 0.000000 0.000000 0.000000 0.000000 0.000000 0.000000 0.000000 0.000000 0.000000 0.000000 0.000000 0.000000 0.000000 0.000000 0.000000 0.000000 0.000000 0.000000 0.000000 0.000000 0.000000
0.000000 0.000000 123.414351 123.405141 123.395373 123.386163 123.376116 123.367103 123.357056 123.348125 123.338078 123.328785 123.319017 123.308970 123.299760 123.289351 123.280699 123.270652 123.261722 123.251675 123.242661 123.233172 123.232335 123.241823 123.251675 123.263954 123.277350 123.294458 123.311482 123.323203 123.339473 123.356218 123.376954 123.402350 0.000000 0.000000 0.000000 0.000000 0.000000 0.000000 0.000000 0.000000 0.000000 0.000000 0.000000 0.000000 0.000000 0.000000 0.000000 0.000000 0.000000 0.000000 0.000000 0.000000 0.000000 0.000000 0.000000 0.000000 0.000000 0.000000 0.000000
0.000000 0.000000 123.416584 123.407374 123.397606 123.388396 123.378349 123.369335 123.359288 123.350357 123.340310 123.331018 123.321250 123.311203 123.302272 123.291584 123.282932 123.272885 123.263954 123.254186 123.244893 123.235405 123.233172 123.241544 123.251116 123.262001 123.276792 123.292225 123.308133 123.322645 123.338636 123.353986 123.374359 123.397327 0.000000 0.000000 0.000000 0.000000 0.000000 0.000000 0.000000 0.000000 0.000000 0.000000 0.000000 0.000000 0.000000 0.000000 0.000000 0.000000 0.000000 0.000000 0.000000 0.000000 0.000000 0.000000 0.000000 0.000000 0.000000 0.000000 0.000000
0.000000 0.000000 0.000000 123.409886 123.399839 123.390629 123.380582 123.371568 123.361521 123.352311 123.342543 123.333250 123.323482 123.313435 123.304505 123.293899 123.285165 123.275118 123.266187 123.256419 123.247126 123.237637 123.233730 123.239591 123.249917 123.261722 123.274001 123.289072 123.303667 123.319575 123.335287 123.351195 123.369614 123.395652 0.000000 0.000000 0.000000 0.000000 0.000000 0.000000 0.000000 0.000000 0.000000 0.000000 0.000000 0.000000 0.000000 0.000000 0.000000 0.000000 0.000000 0.000000 0.000000 0.000000 0.000000 0.000000 0.000000 0.000000 0.000000 0.000000 0.000000
0.000000 0.000000 0.000000 123.412118 123.402350 123.392861 123.383093 123.373801 123.364033 123.354823 123.344776 123.335566 123.325715 123.315947 123.306737 123.296132 123.287397 123.277350 123.268420 123.258652 123.249359 123.239870 123.234288 123.238754 123.248242 123.261163 123.272327 123.287397 123.303109 123.317063 123.333333 123.348683 123.365986 123.392582 0.000000 0.000000 0.000000 0.000000 0.000000 0.000000 0.000000 0.000000 0.000000 0.000000 0.000000 0.000000 0.000000 0.000000 0.000000 0.000000 0.000000 0.000000 0.000000 0.000000 0.000000 0.000000 0.000000 0.000000 0.000000 0.000000 0.000000
0.000000 0.000000 0.000000 123.414351 123.404583 123.395094 123.385326 123.376116 123.366265 123.357056 123.347288 123.338078 123.328227 123.318180 123.308970 123.298644 123.289630 123.279583 123.270652 123.260884 123.251675 123.242103 123.234846 123.238195 123.247126 123.258931 123.269815 123.285723 123.301156 123.315668 123.331576 123.347008 123.363754 123.387559 123.411281 0.000000 0.000000 0.000000 0.000000 0.000000 0.000000 0.000000 0.000000 0.000000 0.000000 0.000000 0.000000 0.000000 0.000000 0.000000 0.000000 0.000000 0.000000 0.000000 0.000000 0.000000 0.000000 0.000000 0.000000 0.000000 0.000000
0.000000 0.000000 0.000000 123.416584 123.406816 123.397606 123.387559 123.378349 123.368498 123.359288 123.349520 123.340310 123.330459 123.320412 123.311203 123.300876 123.291667 123.281816 123.272885 123.263117 123.253907 123.244335 123.235405 123.235405 123.245731 123.256419 123.267861 123.282653 123.298365 123.314831 123.327948 123.343380 123.362916 123.380303 123.404025 0.000000 0.000000 0.000000 0.000000 0.000000 0.000000 0.000000 0.000000 0.000000 0.000000 0.000000 0.000000 0.000000 0.000000 0.000000 0.000000 0.000000 0.000000 0.000000 0.000000 0.000000 0.000000 0.000000 0.000000 0.000000 0.000000
0.000000 0.000000 0.000000 0.000000 123.409048 123.399839 123.389791 123.380582 123.370731 123.361521 123.351753 123.342543 123.332692 123.322645 123.313435 123.303109 123.293899 123.284048 123.275397 123.265350 123.256140 123.246568 123.237079 123.235963 123.244614 123.254744 123.267024 123.280141 123.295574 123.311203 123.326273 123.342822 123.357056 123.378907 123.402071 0.000000 0.000000 0.000000 0.000000 0.000000 0.000000 0.000000 0.000000 0.000000 0.000000 0.000000 0.000000 0.000000 0.000000 0.000000 0.000000 0.000000 0.000000 0.000000 0.000000 0.000000 0.000000 0.000000 0.000000 0.000000 0.000000
0.000000 0.000000 0.000000 0.000000 123.411281 123.402071 123.392303 123.382814 123.372963 123.363754 123.353986 123.344776 123.334729 123.324878 123.315668 123.305342 123.296132 123.286281 123.277629 123.267582 123.258652 123.248801 123.239591 123.236521 123.243777 123.253907 123.265071 123.280141 123.293899 123.308691 123.322924 123.341706 123.356497 123.374917 123.397606 0.000000 0.000000 0.000000 0.000000 0.000000 0.000000 0.000000 0.000000 0.000000 0.000000 0.000000 0.000000 0.000000 0.000000 0.000000 0.000000 0.000000 0.000000 0.000000 0.000000 0.000000 0.000000 0.000000 0.000000 0.000000 0.000000
0.000000 0.000000 0.000000 0.000000 123.413514 123.404304 123.394536 123.385326 123.375279 123.366265 123.356218 123.347008 123.336961 123.327390 123.317901 123.307574 123.298365 123.288514 123.279862 123.269815 123.260884 123.250837 123.241823 123.237079 123.242940 123.253070 123.264512 123.277350 123.292225 123.306737 123.320412 123.337241 123.353148 123.372405 123.395652 0.000000 0.000000 0.000000 0.000000 0.000000 0.000000 0.000000 0.000000 0.000000 0.000000 0.000000 0.000000 0.000000 0.000000 0.000000 0.000000 0.000000 0.000000 0.000000 0.000000 0.000000 0.000000 0.000000 0.000000 0.000000 0.000000
0.000000 0.000000 0.000000 0.000000 123.415746 123.406537 123.396769 123.387559 123.377512 123.368498 123.358451 123.349241 123.339473 123.329622 123.320133 123.309807 123.300597 123.290746 123.282095 123.272327 123.263117 123.253070 123.244056 123.237637 123.242382 123.250837 123.264233 123.275676 123.289909 123.305621 123.319296 123.333612 123.351474 123.368219 123.391187 0.000000 0.000000 0.000000 0.000000 0.000000 0.000000 0.000000 0.000000 0.000000 0.000000 0.000000 0.000000 0.000000 0.000000 0.000000 0.000000 0.000000 0.000000 0.000000 0.000000 0.000000 0.000000 0.000000 0.000000 0.000000 0.000000
0.000000 0.000000 0.000000 0.000000 0.000000 123.409048 123.399001 123.389791 123.379744 123.370731 123.360684 123.351474 123.341706 123.331855 123.322645 123.312040 123.302830 123.293062 123.284327 123.274559 123.265350 123.255582 123.246289 123.238195 123.238754 123.249917 123.260326 123.272885 123.288514 123.302830 123.319017 123.331297 123.349241 123.366265 123.389233 123.408769 0.000000 0.000000 0.000000 0.000000 0.000000 0.000000 0.000000 0.000000 0.000000 0.000000 0.000000 0.000000 0.000000 0.000000 0.000000 0.000000 0.000000 0.000000 0.000000 0.000000 0.000000 0.000000 0.000000 0.000000 0.000000
0.000000 0.000000 0.000000 0.000000 0.000000 123.411281 123.401234 123.392024 123.381977 123.372963 123.362916 123.353707 123.343939 123.333892 123.324878 123.314273 123.305063 123.295295 123.286839 123.276792 123.267582 123.257814 123.248522 123.239033 123.238754 123.249359 123.259768 123.270652 123.284048 123.301993 123.315110 123.329901 123.346171 123.362079 123.383373 123.407374 0.000000 0.000000 0.000000 0.000000 0.000000 0.000000 0.000000 0.000000 0.000000 0.000000 0.000000 0.000000 0.000000 0.000000 0.000000 0.000000 0.000000 0.000000 0.000000 0.000000 0.000000 0.000000 0.000000 0.000000 0.000000
0.000000 0.000000 0.000000 0.000000 0.000000 123.413514 123.403467 123.394257 123.384489 123.375279 123.365149 123.355939 123.346171 123.336403 123.327110 123.316784 123.307295 123.297527 123.289072 123.279025 123.269815 123.260047 123.250837 123.241265 123.239312 123.247684 123.257814 123.268699 123.283211 123.298365 123.314552 123.329343 123.345334 123.360684 123.380303 123.401513 0.000000 0.000000 0.000000 0.000000 0.000000 0.000000 0.000000 0.000000 0.000000 0.000000 0.000000 0.000000 0.000000 0.000000 0.000000 0.000000 0.000000 0.000000 0.000000 0.000000 0.000000 0.000000 0.000000 0.000000 0.000000
0.000000 0.000000 0.000000 0.000000 0.000000 123.415746 123.405699 123.396769 123.386722 123.377512 123.367661 123.358451 123.348683 123.338636 123.329343 123.319017 123.309528 123.300039 123.291305 123.281257 123.272048 123.262280 123.253070 123.243498 123.239870 123.246010 123.257256 123.268420 123.280699 123.296969 123.310365 123.326273 123.341706 123.356776 123.374917 123.400955 0.000000 0.000000 0.000000 0.000000 0.000000 0.000000 0.000000 0.000000 0.000000 0.000000 0.000000 0.000000 0.000000 0.000000 0.000000 0.000000 0.000000 0.000000 0.000000 0.000000 0.000000 0.000000 0.000000 0.000000 0.000000
0.000000 0.000000 0.000000 0.000000 0.000000 0.000000 123.407932 123.399001 123.388954 123.379744 123.369893 123.360684 123.350916 123.340869 123.331855 123.321250 123.311761 123.302272 123.293341 123.283769 123.274280 123.264512 123.255303 123.245731 123.240428 123.246010 123.256419 123.267303 123.279025 123.294178 123.309249 123.323761 123.338636 123.355660 123.371568 123.397048 0.000000 0.000000 0.000000 0.000000 0.000000 0.000000 0.000000 0.000000 0.000000 0.000000 0.000000 0.000000 0.000000 0.000000 0.000000 0.000000 0.000000 0.000000 0.000000 0.000000 0.000000 0.000000 0.000000 0.000000 0.000000
0.000000 0.000000 0.000000 0.000000 0.000000 0.000000 123.410165 123.401234 123.391187 123.381977 123.372126 123.362916 123.353148 123.343101 123.333892 123.323482 123.313993 123.304505 123.295853 123.286002 123.276513 123.266745 123.257535 123.247963 123.240986 123.244893 123.254186 123.266187 123.276513 123.292225 123.306179 123.322366 123.336961 123.353986 123.370731 123.392582 123.415188 0.000000 0.000000 0.000000 0.000000 0.000000 0.000000 0.000000 0.000000 0.000000 0.000000 0.000000 0.000000 0.000000 0.000000 0.000000 0.000000 0.000000 0.000000 0.000000 0.000000 0.000000 0.000000 0.000000 0.000000
0.000000 0.000000 0.000000 0.000000 0.000000 0.000000 123.412676 123.403467 123.393420 123.384210 123.374359 123.365149 123.355381 123.345334 123.336124 123.325715 123.316226 123.306737 123.298086 123.288235 123.279025 123.268978 123.259768 123.250000 123.241544 123.241823 123.252512 123.263954 123.276234 123.290188 123.305342 123.321808 123.333892 123.352590 123.369335 123.387559 123.411560 0.000000 0.000000 0.000000 0.000000 0.000000 0.000000 0.000000 0.000000 0.000000 0.000000 0.000000 0.000000 0.000000 0.000000 0.000000 0.000000 0.000000 0.000000 0.000000 0.000000 0.000000 0.000000 0.000000 0.000000
0.000000 0.000000 0.000000 0.000000 0.000000 0.000000 123.414909 123.405699 123.395931 123.386442 123.376675 123.367661 123.357614 123.347846 123.338357 123.328227 123.318459 123.308970 123.300318 123.290467 123.281257 123.271210 123.262001 123.252233 123.243219 123.242103 123.251116 123.261163 123.273443 123.286839 123.301993 123.317342 123.332971 123.348683 123.364312 123.383373 123.405420 0.000000 0.000000 0.000000 0.000000 0.000000 0.000000 0.000000 0.000000 0.000000 0.000000 0.000000 0.000000 0.000000 0.000000 0.000000 0.000000 0.000000 0.000000 0.000000 0.000000 0.000000 0.000000 0.000000 0.000000
0.000000 0.000000 0.000000 0.000000 0.000000 0.000000 0.000000 123.407932 123.398164 123.388954 123.378907 123.369893 123.359846 123.350078 123.340869 123.330459 123.320691 123.311203 123.302551 123.292783 123.283490 123.273443 123.264512 123.254465 123.245452 123.242661 123.251116 123.260884 123.271769 123.286839 123.301714 123.315110 123.329901 123.345055 123.363195 123.378628 123.405141 0.000000 0.000000 0.000000 0.000000 0.000000 0.000000 0.000000 0.000000 0.000000 0.000000 0.000000 0.000000 0.000000 0.000000 0.000000 0.000000 0.000000 0.000000 0.000000 0.000000 0.000000 0.000000 0.000000 0.000000
0.000000 0.000000 0.000000 0.000000 0.000000 0.000000 0.000000 123.410165 123.400397 123.391187 123.381140 123.372126 123.362079 123.352311 123.343101 123.332692 123.322924 123.313435 123.305063 123.295016 123.285723 123.275955 123.266745 123.256977 123.247684 123.243219 123.249359 123.260047 123.271490 123.284048 123.298644 123.313714 123.327110 123.341985 123.359288 123.378628 123.400955 0.000000 0.000000 0.000000 0.000000 0.000000 0.000000 0.000000 0.000000 0.000000 0.000000 0.000000 0.000000 0.000000 0.000000 0.000000 0.000000 0.000000 0.000000 0.000000 0.000000 0.000000 0.000000 0.000000 0.000000
0.000000 0.000000 0.000000 0.000000 0.000000 0.000000 0.000000 123.412397 123.402629 123.393420 123.383373 123.374359 123.364312 123.354544 123.345334 123.334729 123.325157 123.315668 123.307295 123.297248 123.288235 123.278188 123.268978 123.259210 123.249917 123.243777 123.248801 123.257535 123.270373 123.282374 123.296690 123.312598 123.327110 123.340310 123.357893 123.374917 123.396210 0.000000 0.000000 0.000000 0.000000 0.000000 0.000000 0.000000 0.000000 0.000000 0.000000 0.000000 0.000000 0.000000 0.000000 0.000000 0.000000 0.000000 0.000000 0.000000 0.000000 0.000000 0.000000 0.000000 0.000000
0.000000 0.000000 0.000000 0.000000 0.000000 0.000000 0.000000 123.414630 123.404862 123.395652 123.385605 123.376395 123.366544 123.356776 123.347567 123.337241 123.327390 123.317901 123.309528 123.299481 123.290467 123.280420 123.271210 123.261442 123.252233 123.244335 123.245452 123.257535 123.268420 123.279583 123.294178 123.309528 123.325436 123.339752 123.355660 123.372963 123.395373 123.415467 0.000000 0.000000 0.000000 0.000000 0.000000 0.000000 0.000000 0.000000 0.000000 0.000000 0.000000 0.000000 0.000000 0.000000 0.000000 0.000000 0.000000 0.000000 0.000000 0.000000 0.000000 0.000000 0.000000
0.000000 0.000000 0.000000 0.000000 0.000000 0.000000 0.000000 0.000000 123.407095 123.398164 123.388117 123.378907 123.369056 123.359009 123.349799 123.339473 123.329622 123.320412 123.311761 123.301714 123.292504 123.282653 123.273443 123.263675 123.254465 123.244893 123.245173 123.255861 123.266187 123.277350 123.292225 123.306179 123.321250 123.335008 123.355381 123.372684 123.387001 123.414909 0.000000 0.000000 0.000000 0.000000 0.000000 0.000000 0.000000 0.000000 0.000000 0.000000 0.000000 0.000000 0.000000 0.000000 0.000000 0.000000 0.000000 0.000000 0.000000 0.000000 0.000000 0.000000 0.000000
0.000000 0.000000 0.000000 0.000000 0.000000 0.000000 0.000000 0.000000 123.409327 123.400397 123.390350 123.381140 123.371289 123.361242 123.352311 123.341706 123.331855 123.322645 123.313993 123.304225 123.294737 123.285165 123.275676 123.265908 123.256698 123.247126 123.245452 123.254186 123.264512 123.275397 123.289909 123.304784 123.319854 123.334450 123.350078 123.366823 123.386163 123.408490 0.000000 0.000000 0.000000 0.000000 0.000000 0.000000 0.000000 0.000000 0.000000 0.000000 0.000000 0.000000 0.000000 0.000000 0.000000 0.000000 0.000000 0.000000 0.000000 0.000000 0.000000 0.000000 0.000000
