FireSTARR/test/constant/O1a_S060_A090_WD270_WS020/arrival.asc
ncols         141
nrows         732
xllcorner     425603.990666
yllcorner     12675655.311160
cellsize      100.000000
NODATA_value  0.000000
[rows 189 to 215 of 732, columns 0 to 60 of 141]
0.000000 0.000000 0.000000 0.000000 0.000000 0.000000 0.000000 0.000000 0.000000 0.000000 0.000000 123.414351 123.404583 123.395373 123.385326 123.376116 123.366544 123.357335 123.348125 123.338078 123.328785 123.319017 123.308970 123.299760 123.289909 123.280699 123.270931 123.261163 123.251954 123.242661 123.232893 123.223404 123.213636 123.204343 123.194575 123.185365 123.175318 123.165746 123.156257 123.146490 123.137280 123.127233 123.118219 123.109009 123.107614 123.116544 123.129744 123.146210 123.162397 123.181458 123.215590 123.244056 123.280141 123.319854 123.358451 123.399001 0.000000 0.000000 0.000000 0.000000 0.000000
0.000000 0.000000 0.000000 0.000000 0.000000 0.000000 0.000000 0.000000 0.000000 0.000000 0.000000 123.416667 123.406816 123.397885 123.387559 123.378628 123.368777 123.359567 123.350357 123.340310 123.331018 123.321250 123.311203 123.301993 123.292225 123.283211 123.273164 123.263396 123.254186 123.244893 123.235125 123.225916 123.215869 123.206576 123.196808 123.187598 123.177830 123.167783 123.158490 123.148722 123.139512 123.129744 123.120452 123.111242 123.108172 123.115707 123.127233 123.141745 123.158769 123.177551 123.202669 123.238474 123.278746 123.314831 123.356218 123.390350 0.000000 0.000000 0.000000 0.000000 0.000000
0.000000 0.000000 0.000000 0.000000 0.000000 0.000000 0.000000 0.000000 0.000000 0.000000 0.000000 0.000000 123.409048 123.400118 123.390071 123.380861 123.371010 123.361800 123.352590 123.342822 123.333333 123.323482 123.313435 123.304505 123.294737 123.285444 123.275397 123.265629 123.256419 123.247405 123.237358 123.228148 123.218101 123.209171 123.199320 123.190110 123.180063 123.170016 123.161002 123.150955 123.142024 123.131977 123.122684 123.113474 123.108730 123.114591 123.124638 123.140908 123.156537 123.173086 123.200715 123.236521 123.270094 123.302830 123.347846 123.379744 0.000000 0.000000 0.000000 0.000000 0.000000
0.000000 0.000000 0.000000 0.000000 0.000000 0.000000 0.000000 0.000000 0.000000 0.000000 0.000000 0.000000 123.411281 123.402350 123.392303 123.383093 123.373242 123.364033 123.354823 123.345055 123.335566 123.325715 123.315947 123.306737 123.296969 123.287676 123.277629 123.267861 123.258652 123.249638 123.239591 123.230381 123.220334 123.211403 123.201273 123.192342 123.182295 123.172248 123.163235 123.153188 123.144257 123.134210 123.125000 123.115428 123.109288 123.112916 123.122963 123.137559 123.153467 123.170295 123.196808 123.232893 123.264512 123.296132 123.338357 123.374359 0.000000 0.000000 0.000000 0.000000 0.000000
0.000000 0.000000 0.000000 0.000000 0.000000 0.000000 0.000000 0.000000 0.000000 0.000000 0.000000 0.000000 123.413514 123.404583 123.394536 123.385326 123.375558 123.366265 123.357056 123.347288 123.338078 123.327948 123.318180 123.308970 123.299202 123.289909 123.280141 123.270094 123.260884 123.251675 123.241823 123.232614 123.222567 123.213636 123.203506 123.194575 123.184528 123.174481 123.165467 123.155420 123.146490 123.136442 123.127233 123.117661 123.109846 123.110684 123.121847 123.136163 123.152071 123.167504 123.195412 123.225916 123.255303 123.288235 123.333612 123.370173 123.409886 0.000000 0.000000 0.000000 0.000000
0.000000 0.000000 0.000000 0.000000 0.000000 0.000000 0.000000 0.000000 0.000000 0.000000 0.000000 0.000000 123.416025 123.406537 123.396769 123.387559 123.377791 123.368498 123.359567 123.349520 123.340310 123.330180 123.320412 123.311203 123.301435 123.292225 123.282374 123.272327 123.263396 123.253907 123.244056 123.234846 123.225078 123.215869 123.205739 123.196808 123.186761 123.176993 123.167783 123.157932 123.148722 123.138675 123.129465 123.119893 123.110684 123.110405 123.120173 123.134210 123.149839 123.165467 123.191505 123.219218 123.247963 123.283769 123.324040 123.362079 123.401234 0.000000 0.000000 0.000000 0.000000
0.000000 0.000000 0.000000 0.000000 0.000000 0.000000 0.000000 0.000000 0.000000 0.000000 0.000000 0.000000 0.000000 123.409048 123.399280 123.390071 123.380024 123.370731 123.361800 123.351753 123.342543 123.332692 123.322645 123.313714 123.303667 123.294458 123.284607 123.274559 123.265629 123.256419 123.246289 123.237358 123.227311 123.218101 123.208250 123.199040 123.189273 123.179225 123.170016 123.160165 123.150955 123.141187 123.131698 123.122126 123.112637 123.110963 123.119893 123.133093 123.145931 123.163514 123.180621 123.209171 123.242382 123.282932 123.320971 123.353707 123.391466 0.000000 0.000000 0.000000 0.000000
0.000000 0.000000 0.000000 0.000000 0.000000 0.000000 0.000000 0.000000 0.000000 0.000000 0.000000 0.000000 0.000000 123.411281 123.401513 123.392303 123.382256 123.372963 123.364033 123.353986 123.344776 123.335008 123.325157 123.315947 123.305900 123.296690 123.286839 123.277071 123.267861 123.258652 123.248522 123.239591 123.229544 123.220334 123.210287 123.201273 123.191505 123.181458 123.172248 123.162397 123.153188 123.143420 123.133931 123.124359 123.114870 123.111521 123.118498 123.128628 123.144536 123.160165 123.178388 123.204622 123.240428 123.276513 123.306737 123.344497 123.385605 0.000000 0.000000 0.000000 0.000000
0.000000 0.000000 0.000000 0.000000 0.000000 0.000000 0.000000 0.000000 0.000000 0.000000 0.000000 0.000000 0.000000 123.413514 123.403746 123.394536 123.384489 123.375279 123.366265 123.356218 123.347288 123.337241 123.327390 123.318180 123.308133 123.298923 123.289351 123.279304 123.269815 123.260884 123.251116 123.241823 123.231776 123.222567 123.212799 123.203506 123.193738 123.183691 123.174481 123.164630 123.155420 123.145652 123.136163 123.126395 123.117382 123.112079 123.116265 123.127233 123.141466 123.156816 123.176156 123.200715 123.235125 123.267024 123.301714 123.339473 123.381140 0.000000 0.000000 0.000000 0.000000
0.000000 0.000000 0.000000 0.000000 0.000000 0.000000 0.000000 0.000000 0.000000 0.000000 0.000000 0.000000 0.000000 123.415746 123.405978 123.396769 123.387001 123.377791 123.368498 123.358451 123.349520 123.339473 123.329622 123.320412 123.310365 123.301156 123.291584 123.281537 123.272327 123.263117 123.253349 123.244056 123.234288 123.224799 123.215031 123.205739 123.195971 123.186203 123.176714 123.166946 123.157653 123.147885 123.138675 123.128628 123.119614 123.112637 123.116265 123.126116 123.139512 123.155420 123.173086 123.199599 123.227311 123.259489 123.292783 123.331018 123.374359 123.409327 0.000000 0.000000 0.000000
0.000000 0.000000 0.000000 0.000000 0.000000 0.000000 0.000000 0.000000 0.000000 0.000000 0.000000 0.000000 0.000000 0.000000 123.408211 123.399001 123.389233 123.380024 123.370731 123.360684 123.351753 123.341706 123.331855 123.322645 123.312598 123.303388 123.293620 123.283769 123.274559 123.265350 123.255582 123.246289 123.236521 123.227032 123.217264 123.207971 123.198203 123.188435 123.178946 123.169178 123.159886 123.150118 123.140908 123.130861 123.121847 123.113195 123.113754 123.125279 123.137559 123.155141 123.168899 123.193180 123.222008 123.253070 123.287676 123.328227 123.360405 123.403746 0.000000 0.000000 0.000000
0.000000 0.000000 0.000000 0.000000 0.000000 0.000000 0.000000 0.000000 0.000000 0.000000 0.000000 0.000000 0.000000 0.000000 123.410444 123.401234 123.391466 123.382256 123.372963 123.363195 123.353986 123.343939 123.334171 123.324878 123.315110 123.305900 123.295853 123.286002 123.276792 123.267861 123.257814 123.248522 123.238754 123.229544 123.219497 123.210566 123.200436 123.190668 123.181458 123.171411 123.162397 123.152350 123.143141 123.133373 123.124080 123.114591 123.114033 123.123242 123.136442 123.150118 123.167783 123.184807 123.213078 123.246847 123.286839 123.320691 123.357893 123.397327 0.000000 0.000000 0.000000
0.000000 0.000000 0.000000 0.000000 0.000000 0.000000 0.000000 0.000000 0.000000 0.000000 0.000000 0.000000 0.000000 0.000000 123.412676 123.403467 123.393699 123.384489 123.375279 123.365428 123.356218 123.346171 123.336403 123.327110 123.317342 123.308133 123.298086 123.288235 123.279025 123.269815 123.260047 123.250837 123.240986 123.231776 123.222008 123.212799 123.202669 123.192901 123.183691 123.173644 123.164630 123.154583 123.145373 123.135605 123.126395 123.116823 123.114591 123.122405 123.133093 123.148443 123.165467 123.182016 123.210287 123.246010 123.278188 123.308412 123.348404 123.389233 0.000000 0.000000 0.000000
0.000000 0.000000 0.000000 0.000000 0.000000 0.000000 0.000000 0.000000 0.000000 0.000000 0.000000 0.000000 0.000000 0.000000 123.414909 123.405699 123.395931 123.386722 123.377512 123.367661 123.358451 123.348404 123.338636 123.329343 123.319575 123.310365 123.300597 123.290467 123.281257 123.272048 123.262280 123.253070 123.243219 123.234009 123.224241 123.215031 123.204901 123.195133 123.185924 123.175876 123.166946 123.156816 123.147885 123.137838 123.128628 123.119056 123.115149 123.121847 123.130861 123.147606 123.163235 123.179505 123.207971 123.242382 123.268141 123.300318 123.347567 123.381419 0.000000 0.000000 0.000000
0.000000 0.000000 0.000000 0.000000 0.000000 0.000000 0.000000 0.000000 0.000000 0.000000 0.000000 0.000000 0.000000 0.000000 0.000000 123.408211 123.398164 123.388954 123.380024 123.369893 123.360684 123.350916 123.340869 123.331576 123.321808 123.312598 123.302830 123.292783 123.283769 123.274280 123.264512 123.255303 123.245452 123.236242 123.226474 123.217264 123.207134 123.197366 123.188156 123.178388 123.169178 123.159327 123.150118 123.140071 123.130861 123.121289 123.115707 123.119614 123.130303 123.144257 123.159886 123.176993 123.204343 123.230939 123.263396 123.298365 123.341427 123.371568 123.416584 0.000000 0.000000
0.000000 0.000000 0.000000 0.000000 0.000000 0.000000 0.000000 0.000000 0.000000 0.000000 0.000000 0.000000 0.000000 0.000000 0.000000 123.410444 123.400397 123.391187 123.382256 123.372405 123.362916 123.353148 123.343101 123.334171 123.324320 123.315110 123.305063 123.295016 123.286002 123.276792 123.266745 123.257814 123.247684 123.238754 123.228707 123.219497 123.209729 123.199599 123.190668 123.180621 123.171411 123.161560 123.152350 123.142582 123.133093 123.123522 123.116265 123.118777 123.129186 123.142024 123.157374 123.175318 123.197366 123.227032 123.259489 123.291584 123.330459 123.364312 123.407095 0.000000 0.000000
0.000000 0.000000 0.000000 0.000000 0.000000 0.000000 0.000000 0.000000 0.000000 0.000000 0.000000 0.000000 0.000000 0.000000 0.000000 123.412676 123.402629 123.393420 123.384489 123.374638 123.365149 123.355381 123.345613 123.336403 123.326552 123.317342 123.307295 123.297527 123.288235 123.279025 123.268978 123.260047 123.249917 123.240986 123.230939 123.221729 123.211961 123.201831 123.192901 123.182854 123.173644 123.163793 123.154583 123.144815 123.135326 123.125558 123.116823 123.116823 123.128070 123.141466 123.155978 123.171969 123.188714 123.217822 123.250558 123.289630 123.319296 123.355660 123.400955 0.000000 0.000000
0.000000 0.000000 0.000000 0.000000 0.000000 0.000000 0.000000 0.000000 0.000000 0.000000 0.000000 0.000000 0.000000 0.000000 0.000000 123.414909 123.404862 123.395652 123.386722 123.376675 123.367661 123.357614 123.347846 123.338636 123.328785 123.319575 123.309528 123.299760 123.290467 123.281257 123.271490 123.262280 123.252233 123.243219 123.233172 123.223962 123.214194 123.204064 123.195133 123.185086 123.175876 123.166025 123.156816 123.147048 123.137838 123.127791 123.118777 123.117382 123.126116 123.137280 123.152629 123.169178 123.187040 123.213078 123.248242 123.274839 123.313156 123.352590 123.390071 0.000000 0.000000
0.000000 0.000000 0.000000 0.000000 0.000000 0.000000 0.000000 0.000000 0.000000 0.000000 0.000000 0.000000 0.000000 0.000000 0.000000 0.000000 123.407374 123.398164 123.388954 123.378907 123.369893 123.359846 123.350078 123.340869 123.331018 123.321808 123.311761 123.301993 123.292783 123.283490 123.273722 123.264512 123.254744 123.245452 123.235405 123.226195 123.216427 123.206576 123.197366 123.187598 123.178109 123.168341 123.159048 123.149280 123.140071 123.130024 123.121010 123.117940 123.125279 123.136163 123.150955 123.166584 123.185644 123.211961 123.246010 123.270373 123.307295 123.346171 123.382535 0.000000 0.000000
0.000000 0.000000 0.000000 0.000000 0.000000 0.000000 0.000000 0.000000 0.000000 0.000000 0.000000 0.000000 0.000000 0.000000 0.000000 0.000000 123.409607 123.400397 123.391187 123.381140 123.372126 123.362358 123.352311 123.343101 123.333250 123.324040 123.313993 123.304225 123.295016 123.285723 123.275955 123.266745 123.256977 123.247684 123.237637 123.228427 123.218659 123.208892 123.199599 123.189831 123.180342 123.170574 123.161281 123.151513 123.142303 123.132256 123.123242 123.118498 123.122963 123.134210 123.148164 123.164630 123.182854 123.207971 123.235963 123.269257 123.300876 123.337799 123.379186 0.000000 0.000000
0.000000 0.000000 0.000000 0.000000 0.000000 0.000000 0.000000 0.000000 0.000000 0.000000 0.000000 0.000000 0.000000 0.000000 0.000000 0.000000 123.411839 123.402629 123.393420 123.383652 123.374359 123.364591 123.354544 123.345334 123.335566 123.326273 123.316226 123.306458 123.297248 123.288235 123.278188 123.268978 123.259210 123.249917 123.239870 123.230939 123.220892 123.211124 123.201831 123.192063 123.182854 123.172807 123.163514 123.153746 123.144536 123.134768 123.125558 123.119056 123.122963 123.132256 123.146490 123.162118 123.177272 123.201273 123.227311 123.263396 123.296690 123.330459 123.366265 123.413235 0.000000
0.000000 0.000000 0.000000 0.000000 0.000000 0.000000 0.000000 0.000000 0.000000 0.000000 0.000000 0.000000 0.000000 0.000000 0.000000 0.000000 123.414072 123.404862 123.395652 123.385884 123.376675 123.366823 123.356776 123.347567 123.337799 123.328506 123.318459 123.308691 123.299481 123.290467 123.280420 123.271210 123.261442 123.252233 123.242382 123.233172 123.223125 123.213357 123.204064 123.194296 123.185086 123.175039 123.165746 123.155978 123.147048 123.137001 123.127791 123.119614 123.120173 123.131977 123.145094 123.159607 123.175597 123.200715 123.222288 123.261722 123.291584 123.322924 123.359567 123.412676 0.000000
0.000000 0.000000 0.000000 0.000000 0.000000 0.000000 0.000000 0.000000 0.000000 0.000000 0.000000 0.000000 0.000000 0.000000 0.000000 0.000000 123.416584 123.407374 123.398164 123.388117 123.378907 123.369056 123.359009 123.349799 123.340031 123.330739 123.320971 123.310924 123.301714 123.292504 123.282932 123.273443 123.263675 123.254465 123.244614 123.235405 123.225357 123.215590 123.206297 123.196250 123.187319 123.177272 123.168341 123.158211 123.149280 123.139233 123.130024 123.120452 123.120173 123.129744 123.143699 123.157653 123.173644 123.192342 123.219218 123.253907 123.282095 123.316505 123.354265 123.392582 0.000000
0.000000 0.000000 0.000000 0.000000 0.000000 0.000000 0.000000 0.000000 0.000000 0.000000 0.000000 0.000000 0.000000 0.000000 0.000000 0.000000 0.000000 123.409607 123.400397 123.390350 123.381140 123.371289 123.361242 123.352032 123.342264 123.332971 123.323203 123.313156 123.303946 123.294737 123.285165 123.275955 123.265908 123.256698 123.246847 123.237637 123.227869 123.217822 123.208612 123.198761 123.189552 123.179784 123.170574 123.160444 123.151234 123.141466 123.132256 123.122684 123.120731 123.129465 123.140350 123.154862 123.172527 123.190389 123.216148 123.250558 123.275676 123.313435 123.347008 123.385605 0.000000
0.000000 0.000000 0.000000 0.000000 0.000000 0.000000 0.000000 0.000000 0.000000 0.000000 0.000000 0.000000 0.000000 0.000000 0.000000 0.000000 0.000000 123.411839 123.402629 123.392861 123.383373 123.373522 123.363474 123.354544 123.344776 123.335566 123.325436 123.315389 123.306458 123.297248 123.287397 123.278188 123.268141 123.259210 123.249080 123.240149 123.230102 123.220055 123.211124 123.200994 123.192063 123.182016 123.172807 123.162956 123.153467 123.143978 123.134489 123.124917 123.121289 123.128349 123.137559 123.153467 123.167504 123.186203 123.215031 123.242661 123.272606 123.305900 123.340869 123.376395 0.000000
0.000000 0.000000 0.000000 0.000000 0.000000 0.000000 0.000000 0.000000 0.000000 0.000000 0.000000 0.000000 0.000000 0.000000 0.000000 0.000000 0.000000 123.414072 123.404862 123.395094 123.385605 123.375837 123.365986 123.356776 123.347008 123.337799 123.327669 123.317901 123.308691 123.299481 123.289630 123.280420 123.270373 123.261442 123.251395 123.242382 123.232335 123.222288 123.213357 123.203227 123.194296 123.184249 123.175039 123.165188 123.155699 123.145931 123.136722 123.126954 123.121847 123.126116 123.137001 123.151513 123.167225 123.182854 123.210845 123.231497 123.270373 123.300876 123.334450 123.370452 0.000000
0.000000 0.000000 0.000000 0.000000 0.000000 0.000000 0.000000 0.000000 0.000000 0.000000 0.000000 0.000000 0.000000 0.000000 0.000000 0.000000 0.000000 123.416305 123.407095 123.397327 123.388117 123.378070 123.368219 123.359009 123.349241 123.340031 123.330180 123.320133 123.310924 123.301714 123.291946 123.282653 123.272606 123.263675 123.253628 123.244614 123.234567 123.224520 123.215590 123.205459 123.196250 123.186482 123.177272 123.167225 123.158211 123.148164 123.139233 123.129186 123.122405 123.125558 123.135605 123.148443 123.165746 123.180621 123.199878 123.225916 123.265908 123.300597 123.325994 123.365707 123.416584
