FireSTARR/test/constant/O1a_S060_A090_WD270_WS020/arrival.asc
ncols         141
nrows         732
xllcorner     425603.990666
yllcorner     12675655.311160
cellsize      100.000000
NODATA_value  0.000000
[rows 135 to 161 of 732, columns 0 to 60 of 141]
0.000000 0.000000 0.000000 0.000000 0.000000 0.000000 123.412397 123.382535 123.352590 123.322645 123.301714 123.291667 123.281816 123.272606 123.263396 123.253628 123.243498 123.234567 123.225357 123.215310 123.206018 123.196250 123.187040 123.176993 123.167225 123.157932 123.148164 123.138954 123.129186 123.119893 123.109846 123.100916 123.090869 123.081855 123.076831 123.082134 123.091706 123.110405 123.130024 123.163514 123.197366 123.236242 123.277350 123.318738 123.362916 123.412676 0.000000 0.000000 0.000000 0.000000 0.000000 0.000000 0.000000 0.000000 0.000000 0.000000 0.000000 0.000000 0.000000 0.000000 0.000000
0.000000 0.000000 0.000000 0.000000 0.000000 0.000000 123.414630 123.384768 123.354823 123.324878 123.303946 123.293899 123.284327 123.274839 123.265629 123.255861 123.246010 123.236800 123.227590 123.217543 123.208250 123.198482 123.189552 123.179505 123.169458 123.160444 123.150397 123.141466 123.131419 123.122126 123.112358 123.103148 123.093380 123.083892 123.077390 123.081855 123.090310 123.107893 123.124917 123.154862 123.190389 123.235125 123.274839 123.307574 123.359288 123.405978 0.000000 0.000000 0.000000 0.000000 0.000000 0.000000 0.000000 0.000000 0.000000 0.000000 0.000000 0.000000 0.000000 0.000000 0.000000
0.000000 0.000000 0.000000 0.000000 0.000000 0.000000 0.000000 123.387001 123.357056 123.327110 123.306179 123.296411 123.286560 123.277071 123.267861 123.258093 123.248242 123.239033 123.229823 123.219776 123.210845 123.200994 123.191784 123.181737 123.171690 123.162676 123.152629 123.143699 123.133652 123.124359 123.114591 123.105381 123.095613 123.086124 123.077948 123.078506 123.089473 123.104265 123.121568 123.147048 123.185644 123.230381 123.268420 123.298365 123.354544 123.395094 0.000000 0.000000 0.000000 0.000000 0.000000 0.000000 0.000000 0.000000 0.000000 0.000000 0.000000 0.000000 0.000000 0.000000 0.000000
0.000000 0.000000 0.000000 0.000000 0.000000 0.000000 0.000000 123.389512 123.359567 123.329343 123.308412 123.298644 123.288793 123.279304 123.270094 123.260326 123.250558 123.241265 123.232056 123.222288 123.213078 123.203227 123.193738 123.183970 123.174202 123.164909 123.154862 123.145931 123.135884 123.126675 123.116823 123.107614 123.097846 123.088636 123.079064 123.078506 123.087799 123.100637 123.120731 123.145373 123.178667 123.221450 123.256977 123.287676 123.345334 123.381419 0.000000 0.000000 0.000000 0.000000 0.000000 0.000000 0.000000 0.000000 0.000000 0.000000 0.000000 0.000000 0.000000 0.000000 0.000000
0.000000 0.000000 0.000000 0.000000 0.000000 0.000000 0.000000 123.391745 123.361800 123.331855 123.310644 123.300876 123.290746 123.281816 123.272606 123.262559 123.252791 123.243498 123.234288 123.224520 123.215310 123.205459 123.195971 123.186203 123.176435 123.167225 123.157374 123.148164 123.138396 123.128907 123.119056 123.109846 123.100078 123.090869 123.081297 123.079064 123.086961 123.100357 123.116265 123.142024 123.173365 123.211124 123.250558 123.283769 123.328506 123.368777 0.000000 0.000000 0.000000 0.000000 0.000000 0.000000 0.000000 0.000000 0.000000 0.000000 0.000000 0.000000 0.000000 0.000000 0.000000
0.000000 0.000000 0.000000 0.000000 0.000000 0.000000 0.000000 123.393978 123.364033 123.334171 123.312877 123.303109 123.293062 123.284048 123.274839 123.264791 123.255024 123.245731 123.236521 123.226753 123.217543 123.207692 123.198203 123.188435 123.178667 123.169458 123.159607 123.150397 123.140629 123.131140 123.121568 123.112079 123.102311 123.093101 123.083333 123.079622 123.085287 123.099520 123.115149 123.135326 123.173644 123.202948 123.239870 123.281816 123.319017 123.366823 0.000000 0.000000 0.000000 0.000000 0.000000 0.000000 0.000000 0.000000 0.000000 0.000000 0.000000 0.000000 0.000000 0.000000 0.000000
0.000000 0.000000 0.000000 0.000000 0.000000 0.000000 0.000000 123.395931 123.366265 123.336403 123.315110 123.305342 123.295574 123.286281 123.277071 123.267024 123.257256 123.247963 123.239033 123.228986 123.220055 123.209729 123.200436 123.190947 123.180900 123.171690 123.161839 123.152629 123.142861 123.133373 123.123801 123.114312 123.104544 123.095334 123.085566 123.080180 123.085008 123.094776 123.112916 123.134489 123.160165 123.195691 123.239870 123.279304 123.315389 123.363474 123.407653 0.000000 0.000000 0.000000 0.000000 0.000000 0.000000 0.000000 0.000000 0.000000 0.000000 0.000000 0.000000 0.000000 0.000000
0.000000 0.000000 0.000000 0.000000 0.000000 0.000000 0.000000 123.398443 123.368498 123.338636 123.317622 123.307854 123.297807 123.288514 123.279304 123.269536 123.259489 123.250279 123.241265 123.231218 123.222008 123.212241 123.202669 123.193180 123.183133 123.173923 123.164072 123.154862 123.145094 123.135605 123.125837 123.116823 123.106776 123.097846 123.087799 123.080739 123.082692 123.093659 123.109846 123.126675 123.156816 123.193459 123.234009 123.272048 123.301993 123.350357 123.402350 0.000000 0.000000 0.000000 0.000000 0.000000 0.000000 0.000000 0.000000 0.000000 0.000000 0.000000 0.000000 0.000000 0.000000
0.000000 0.000000 0.000000 0.000000 0.000000 0.000000 0.000000 123.400676 123.370731 123.340869 123.319854 123.310086 123.300039 123.290746 123.281537 123.271769 123.261722 123.252512 123.243498 123.233730 123.224241 123.214473 123.204901 123.195412 123.185644 123.176156 123.166584 123.157095 123.147327 123.138117 123.128070 123.119056 123.109009 123.100078 123.090031 123.081297 123.081576 123.092264 123.107614 123.122963 123.149839 123.183133 123.222567 123.268420 123.293899 123.342264 123.390350 0.000000 0.000000 0.000000 0.000000 0.000000 0.000000 0.000000 0.000000 0.000000 0.000000 0.000000 0.000000 0.000000 0.000000
0.000000 0.000000 0.000000 0.000000 0.000000 0.000000 0.000000 123.402908 123.372963 123.343101 123.322087 123.312040 123.302272 123.293062 123.283769 123.274001 123.263954 123.255024 123.245731 123.235963 123.226474 123.216706 123.207134 123.197645 123.187877 123.178388 123.168620 123.159327 123.149559 123.140350 123.130582 123.121289 123.111242 123.102311 123.092264 123.083250 123.081855 123.090590 123.103427 123.119893 123.146210 123.178946 123.209729 123.259210 123.287676 123.332134 123.373242 0.000000 0.000000 0.000000 0.000000 0.000000 0.000000 0.000000 0.000000 0.000000 0.000000 0.000000 0.000000 0.000000 0.000000
0.000000 0.000000 0.000000 0.000000 0.000000 0.000000 0.000000 123.405141 123.375279 123.345334 123.324320 123.314273 123.304784 123.295574 123.286002 123.276234 123.266466 123.257256 123.247963 123.238195 123.228707 123.218939 123.209171 123.199878 123.190110 123.180900 123.170853 123.161839 123.151792 123.142582 123.132814 123.123522 123.113754 123.104544 123.094497 123.085287 123.082413 123.089473 123.102869 123.118498 123.139512 123.171411 123.202669 123.249638 123.287397 123.321529 123.372126 0.000000 0.000000 0.000000 0.000000 0.000000 0.000000 0.000000 0.000000 0.000000 0.000000 0.000000 0.000000 0.000000 0.000000
0.000000 0.000000 0.000000 0.000000 0.000000 0.000000 0.000000 123.407374 123.377512 123.347567 123.326831 123.316784 123.306737 123.297807 123.288235 123.278746 123.268699 123.259489 123.250279 123.240428 123.231218 123.221450 123.211403 123.202110 123.192342 123.183133 123.173086 123.164072 123.154025 123.144815 123.135047 123.125837 123.115986 123.106776 123.097008 123.087520 123.083250 123.088357 123.098404 123.118219 123.137001 123.165746 123.199599 123.243498 123.280978 123.310086 123.360125 123.414072 0.000000 0.000000 0.000000 0.000000 0.000000 0.000000 0.000000 0.000000 0.000000 0.000000 0.000000 0.000000 0.000000
0.000000 0.000000 0.000000 0.000000 0.000000 0.000000 0.000000 123.409886 123.380024 123.349799 123.329064 123.319017 123.308970 123.300039 123.290467 123.280978 123.270931 123.261722 123.252512 123.242661 123.233451 123.223683 123.213636 123.204343 123.194575 123.185365 123.175318 123.166305 123.156257 123.147327 123.137280 123.128070 123.118219 123.109009 123.099241 123.090031 123.083612 123.086403 123.097008 123.114591 123.130861 123.158490 123.196529 123.232614 123.277629 123.301993 123.350637 123.399280 0.000000 0.000000 0.000000 0.000000 0.000000 0.000000 0.000000 0.000000 0.000000 0.000000 0.000000 0.000000 0.000000
0.000000 0.000000 0.000000 0.000000 0.000000 0.000000 0.000000 123.412118 123.382256 123.352311 123.331297 123.321250 123.311203 123.302272 123.292225 123.283211 123.273164 123.263954 123.254744 123.244893 123.235684 123.225916 123.215869 123.206576 123.196808 123.187598 123.177551 123.168620 123.158769 123.149559 123.139512 123.130303 123.120452 123.111242 123.101474 123.092264 123.084171 123.085287 123.096171 123.110405 123.126395 123.154583 123.189552 123.222846 123.270094 123.297527 123.337520 123.391187 0.000000 0.000000 0.000000 0.000000 0.000000 0.000000 0.000000 0.000000 0.000000 0.000000 0.000000 0.000000 0.000000
0.000000 0.000000 0.000000 0.000000 0.000000 0.000000 0.000000 123.414351 123.384489 123.354544 123.333333 123.323482 123.313714 123.304505 123.294458 123.285444 123.275676 123.266187 123.256977 123.247126 123.237916 123.228148 123.218380 123.208892 123.199040 123.190110 123.180063 123.170853 123.161002 123.151792 123.142024 123.132535 123.122963 123.113474 123.103427 123.094497 123.084729 123.085008 123.095055 123.109846 123.125837 123.151234 123.182295 123.214473 123.261163 123.294178 123.330180 123.377512 0.000000 0.000000 0.000000 0.000000 0.000000 0.000000 0.000000 0.000000 0.000000 0.000000 0.000000 0.000000 0.000000
0.000000 0.000000 0.000000 0.000000 0.000000 0.000000 0.000000 123.416584 123.386722 123.356776 123.335566 123.325715 123.315947 123.306737 123.296690 123.287676 123.277908 123.268420 123.259489 123.249359 123.240428 123.230381 123.220613 123.211403 123.201273 123.192342 123.182295 123.173086 123.163235 123.154025 123.144257 123.134768 123.125000 123.115707 123.105939 123.096729 123.086961 123.085287 123.093380 123.106776 123.122963 123.143420 123.174481 123.206855 123.251675 123.290746 123.319575 123.370173 0.000000 0.000000 0.000000 0.000000 0.000000 0.000000 0.000000 0.000000 0.000000 0.000000 0.000000 0.000000 0.000000
0.000000 0.000000 0.000000 0.000000 0.000000 0.000000 0.000000 0.000000 123.388954 123.359009 123.338078 123.328227 123.318180 123.308970 123.299202 123.289909 123.280141 123.270652 123.261722 123.251675 123.242661 123.232614 123.222846 123.213636 123.203506 123.194575 123.184528 123.175318 123.165467 123.156257 123.146490 123.137280 123.127233 123.118219 123.108172 123.098962 123.089194 123.085845 123.092264 123.106218 123.121568 123.138954 123.171411 123.203227 123.241544 123.283769 123.315110 123.362079 123.415746 0.000000 0.000000 0.000000 0.000000 0.000000 0.000000 0.000000 0.000000 0.000000 0.000000 0.000000 0.000000
0.000000 0.000000 0.000000 0.000000 0.000000 0.000000 0.000000 0.000000 123.391187 123.361521 123.340310 123.330459 123.320412 123.311203 123.301435 123.292225 123.282374 123.273164 123.263954 123.254186 123.244893 123.234846 123.225078 123.215869 123.206018 123.196808 123.186761 123.177551 123.167783 123.158490 123.148443 123.139512 123.129465 123.120452 123.110405 123.101474 123.091427 123.086403 123.091427 123.101474 123.119056 123.134210 123.163793 123.198761 123.229823 123.280978 123.307016 123.347288 123.402350 0.000000 0.000000 0.000000 0.000000 0.000000 0.000000 0.000000 0.000000 0.000000 0.000000 0.000000 0.000000
0.000000 0.000000 0.000000 0.000000 0.000000 0.000000 0.000000 0.000000 123.393420 123.363754 123.342543 123.332692 123.322645 123.313435 123.303667 123.294458 123.284607 123.275397 123.266187 123.256419 123.247126 123.237079 123.227311 123.218101 123.208250 123.199040 123.189273 123.179784 123.170016 123.160723 123.150955 123.141745 123.131698 123.122684 123.112637 123.103427 123.093659 123.087241 123.089752 123.100357 123.116544 123.133931 123.158769 123.194017 123.227311 123.280978 123.305342 123.334729 123.395652 0.000000 0.000000 0.000000 0.000000 0.000000 0.000000 0.000000 0.000000 0.000000 0.000000 0.000000 0.000000
0.000000 0.000000 0.000000 0.000000 0.000000 0.000000 0.000000 0.000000 123.395652 123.365986 123.344776 123.334729 123.325157 123.315947 123.305900 123.296690 123.286839 123.277629 123.268420 123.258652 123.249359 123.239312 123.229544 123.220334 123.210566 123.201273 123.191505 123.182295 123.172248 123.162956 123.153188 123.143978 123.134210 123.124917 123.115149 123.105660 123.095892 123.087799 123.088078 123.099799 123.113195 123.129186 123.155699 123.187598 123.218380 123.263675 123.297527 123.333250 123.382256 0.000000 0.000000 0.000000 0.000000 0.000000 0.000000 0.000000 0.000000 0.000000 0.000000 0.000000 0.000000
0.000000 0.000000 0.000000 0.000000 0.000000 0.000000 0.000000 0.000000 123.397885 123.368219 123.347288 123.337241 123.327390 123.318180 123.308133 123.299202 123.289072 123.279862 123.270652 123.260884 123.251675 123.241823 123.231776 123.222567 123.212799 123.203506 123.193738 123.184528 123.174481 123.165188 123.155420 123.146490 123.136442 123.126954 123.117382 123.107893 123.098125 123.089194 123.088357 123.098404 123.110125 123.126954 123.148164 123.181179 123.214194 123.251954 123.294458 123.323482 123.373522 0.000000 0.000000 0.000000 0.000000 0.000000 0.000000 0.000000 0.000000 0.000000 0.000000 0.000000 0.000000
0.000000 0.000000 0.000000 0.000000 0.000000 0.000000 0.000000 0.000000 123.400397 123.370452 123.349520 123.339473 123.329622 123.320412 123.310644 123.301435 123.291305 123.282095 123.272885 123.263117 123.253907 123.244056 123.234009 123.224799 123.215031 123.205739 123.195971 123.186761 123.176714 123.167783 123.157653 123.148443 123.138675 123.129465 123.119614 123.110405 123.100357 123.091427 123.088915 123.096729 123.109567 123.125558 123.143420 123.174202 123.208250 123.241544 123.289072 123.320412 123.360405 0.000000 0.000000 0.000000 0.000000 0.000000 0.000000 0.000000 0.000000 0.000000 0.000000 0.000000 0.000000
0.000000 0.000000 0.000000 0.000000 0.000000 0.000000 0.000000 0.000000 123.402629 123.372684 123.351753 123.341706 123.331855 123.322645 123.312877 123.303667 123.293620 123.284607 123.275118 123.265350 123.256140 123.246289 123.236242 123.227032 123.217264 123.207971 123.198203 123.188993 123.179225 123.170016 123.159886 123.150676 123.140908 123.131698 123.121847 123.112637 123.102590 123.093659 123.089473 123.094776 123.105102 123.124917 123.138675 123.169458 123.201552 123.233172 123.287118 123.312319 123.355939 123.406257 0.000000 0.000000 0.000000 0.000000 0.000000 0.000000 0.000000 0.000000 0.000000 0.000000 0.000000
0.000000 0.000000 0.000000 0.000000 0.000000 0.000000 0.000000 0.000000 123.404862 123.374917 123.353986 123.343939 123.334171 123.324878 123.315110 123.305900 123.296132 123.286839 123.277350 123.267582 123.258373 123.248522 123.238754 123.229265 123.219497 123.210566 123.200436 123.191505 123.181458 123.172248 123.162397 123.152908 123.143141 123.133931 123.124080 123.114870 123.104823 123.095892 123.090031 123.094776 123.103707 123.121289 123.137559 123.164351 123.194575 123.229823 123.283769 123.309249 123.344776 123.397327 0.000000 0.000000 0.000000 0.000000 0.000000 0.000000 0.000000 0.000000 0.000000 0.000000 0.000000
0.000000 0.000000 0.000000 0.000000 0.000000 0.000000 0.000000 0.000000 123.407095 123.377233 123.356218 123.346450 123.336403 123.327110 123.317342 123.308133 123.298365 123.289072 123.279862 123.269815 123.260605 123.250837 123.240986 123.231776 123.221729 123.212799 123.202669 123.193738 123.183691 123.174481 123.164630 123.155141 123.145373 123.136163 123.126395 123.117103 123.107335 123.098125 123.090590 123.092822 123.103427 123.117382 123.136163 123.155420 123.188435 123.222567 123.272885 123.301993 123.338636 123.386442 0.000000 0.000000 0.000000 0.000000 0.000000 0.000000 0.000000 0.000000 0.000000 0.000000 0.000000
0.000000 0.000000 0.000000 0.000000 0.000000 0.000000 0.000000 0.000000 123.409607 123.379465 123.358451 123.348683 123.338636 123.329343 123.319575 123.310365 123.300597 123.291305 123.282095 123.272327 123.263117 123.253070 123.243219 123.234009 123.224241 123.215031 123.204901 123.195691 123.185924 123.176714 123.166667 123.157653 123.147606 123.138675 123.128628 123.119335 123.109567 123.100357 123.091148 123.091427 123.101753 123.115986 123.132535 123.152908 123.180900 123.216427 123.250837 123.299481 123.334450 123.378907 0.000000 0.000000 0.000000 0.000000 0.000000 0.000000 0.000000 0.000000 0.000000 0.000000 0.000000
0.000000 0.000000 0.000000 0.000000 0.000000 0.000000 0.000000 0.000000 123.411839 123.381977 123.360684 123.350916 123.340869 123.331576 123.321808 123.312598 123.302830 123.293620 123.284327 123.274559 123.265350 123.255303 123.245452 123.236242 123.226474 123.216985 123.207134 123.197924 123.188156 123.178946 123.168899 123.159886 123.149839 123.140908 123.130861 123.121847 123.111800 123.102590 123.092822 123.091706 123.100078 123.113474 123.130024 123.147048 123.177830 123.213357 123.239870 123.292783 123.317622 123.363754 123.415188 0.000000 0.000000 0.000000 0.000000 0.000000 0.000000 0.000000 0.000000 0.000000 0.000000
