FireSTARR/test/constant/O1a_S060_A090_WD270_WS020/arrival.asc
ncols         141
nrows         732
xllcorner     425603.990666
yllcorner     12675655.311160
cellsize      100.000000
NODATA_value  0.000000
[rows 378 to 404 of 732, columns 61 to 121 of 141]
123.365986 123.356218 123.346171 123.337241 123.327110 123.317901 123.308133 123.298923 123.289072 123.279583 123.269815 123.260884 123.250837 123.241544 123.231776 123.222288 123.215310 123.219497 123.227869 123.240428 123.251954 123.267303 123.281816 123.297807 123.313435 123.330180 123.349241 123.381419 123.405420 0.000000 0.000000 0.000000 0.000000 0.000000 0.000000 0.000000 0.000000 0.000000 0.000000 0.000000 0.000000 0.000000 0.000000 0.000000 0.000000 0.000000 0.000000 0.000000 0.000000 0.000000 0.000000 0.000000 0.000000 0.000000 0.000000 0.000000 0.000000 0.000000 0.000000 0.000000 0.000000
123.368219 123.358451 123.348683 123.339194 123.329343 123.320133 123.310365 123.301156 123.291305 123.282095 123.272048 123.263117 123.253070 123.244056 123.234009 123.224520 123.215869 123.216427 123.228148 123.239033 123.250279 123.265908 123.280978 123.295574 123.311482 123.330180 123.347288 123.372126 123.399001 0.000000 0.000000 0.000000 0.000000 0.000000 0.000000 0.000000 0.000000 0.000000 0.000000 0.000000 0.000000 0.000000 0.000000 0.000000 0.000000 0.000000 0.000000 0.000000 0.000000 0.000000 0.000000 0.000000 0.000000 0.000000 0.000000 0.000000 0.000000 0.000000 0.000000 0.000000 0.000000
123.370452 123.360684 123.350916 123.341427 123.331576 123.322366 123.312598 123.303388 123.293341 123.284327 123.274280 123.265350 123.255303 123.246289 123.236242 123.226753 123.217264 123.216427 123.225637 123.235684 123.247405 123.263954 123.277629 123.294178 123.308412 123.323761 123.345055 123.370731 123.393699 0.000000 0.000000 0.000000 0.000000 0.000000 0.000000 0.000000 0.000000 0.000000 0.000000 0.000000 0.000000 0.000000 0.000000 0.000000 0.000000 0.000000 0.000000 0.000000 0.000000 0.000000 0.000000 0.000000 0.000000 0.000000 0.000000 0.000000 0.000000 0.000000 0.000000 0.000000 0.000000
123.372963 123.362916 123.353148 123.343659 123.333892 123.324878 123.314831 123.305621 123.295853 123.286560 123.276792 123.267582 123.257535 123.248522 123.238474 123.228986 123.219497 123.216985 123.225357 123.234567 123.247405 123.259768 123.275955 123.291584 123.305900 123.320971 123.341427 123.361800 123.393141 0.000000 0.000000 0.000000 0.000000 0.000000 0.000000 0.000000 0.000000 0.000000 0.000000 0.000000 0.000000 0.000000 0.000000 0.000000 0.000000 0.000000 0.000000 0.000000 0.000000 0.000000 0.000000 0.000000 0.000000 0.000000 0.000000 0.000000 0.000000 0.000000 0.000000 0.000000 0.000000
123.375279 123.365149 123.355381 123.346171 123.336124 123.327110 123.317063 123.307854 123.298086 123.288793 123.279025 123.269815 123.260047 123.250558 123.240986 123.231218 123.221729 123.217543 123.223683 123.234288 123.245452 123.257814 123.273443 123.289909 123.305063 123.318738 123.335845 123.355381 123.387001 123.416305 0.000000 0.000000 0.000000 0.000000 0.000000 0.000000 0.000000 0.000000 0.000000 0.000000 0.000000 0.000000 0.000000 0.000000 0.000000 0.000000 0.000000 0.000000 0.000000 0.000000 0.000000 0.000000 0.000000 0.000000 0.000000 0.000000 0.000000 0.000000 0.000000 0.000000 0.000000
123.377512 123.367382 123.357614 123.348404 123.338357 123.329343 123.319296 123.310086 123.300318 123.291025 123.281257 123.272048 123.262280 123.253070 123.243219 123.233451 123.223962 123.218101 123.223125 123.232056 123.244614 123.257256 123.272048 123.286281 123.301156 123.317342 123.334729 123.353427 123.378628 123.411560 0.000000 0.000000 0.000000 0.000000 0.000000 0.000000 0.000000 0.000000 0.000000 0.000000 0.000000 0.000000 0.000000 0.000000 0.000000 0.000000 0.000000 0.000000 0.000000 0.000000 0.000000 0.000000 0.000000 0.000000 0.000000 0.000000 0.000000 0.000000 0.000000 0.000000 0.000000
123.379744 123.369614 123.359846 123.350637 123.340590 123.331576 123.321808 123.312598 123.302551 123.293341 123.283490 123.274280 123.264512 123.255303 123.245452 123.235684 123.226195 123.218659 123.220055 123.231218 123.242940 123.254186 123.270373 123.284607 123.299202 123.315389 123.333250 123.350357 123.375558 123.406257 0.000000 0.000000 0.000000 0.000000 0.000000 0.000000 0.000000 0.000000 0.000000 0.000000 0.000000 0.000000 0.000000 0.000000 0.000000 0.000000 0.000000 0.000000 0.000000 0.000000 0.000000 0.000000 0.000000 0.000000 0.000000 0.000000 0.000000 0.000000 0.000000 0.000000 0.000000
123.381977 123.371847 123.362079 123.352869 123.343101 123.333892 123.324040 123.314831 123.305063 123.295853 123.286002 123.276513 123.266745 123.257535 123.247684 123.237916 123.228427 123.219218 123.219497 123.231497 123.241823 123.253907 123.267303 123.282374 123.298923 123.312598 123.333612 123.348962 123.374638 123.402350 0.000000 0.000000 0.000000 0.000000 0.000000 0.000000 0.000000 0.000000 0.000000 0.000000 0.000000 0.000000 0.000000 0.000000 0.000000 0.000000 0.000000 0.000000 0.000000 0.000000 0.000000 0.000000 0.000000 0.000000 0.000000 0.000000 0.000000 0.000000 0.000000 0.000000 0.000000
123.384210 123.374359 123.364312 123.355381 123.345334 123.336124 123.326273 123.317063 123.307295 123.298086 123.288235 123.278746 123.268978 123.259768 123.249638 123.240149 123.230660 123.221450 123.220055 123.228427 123.238754 123.250558 123.263954 123.280699 123.295853 123.311761 123.326831 123.345334 123.365707 123.398443 0.000000 0.000000 0.000000 0.000000 0.000000 0.000000 0.000000 0.000000 0.000000 0.000000 0.000000 0.000000 0.000000 0.000000 0.000000 0.000000 0.000000 0.000000 0.000000 0.000000 0.000000 0.000000 0.000000 0.000000 0.000000 0.000000 0.000000 0.000000 0.000000 0.000000 0.000000
123.386442 123.376675 123.366544 123.357614 123.347567 123.338357 123.328506 123.319296 123.309528 123.300318 123.290467 123.281257 123.271210 123.262001 123.252233 123.242382 123.233172 123.223683 123.220613 123.227032 123.237637 123.248801 123.263396 123.278746 123.293341 123.309249 123.324320 123.345055 123.361800 123.390908 0.000000 0.000000 0.000000 0.000000 0.000000 0.000000 0.000000 0.000000 0.000000 0.000000 0.000000 0.000000 0.000000 0.000000 0.000000 0.000000 0.000000 0.000000 0.000000 0.000000 0.000000 0.000000 0.000000 0.000000 0.000000 0.000000 0.000000 0.000000 0.000000 0.000000 0.000000
123.388675 123.378907 123.369056 123.359846 123.349799 123.340590 123.330739 123.321529 123.311761 123.302551 123.292504 123.283490 123.273443 123.264512 123.254465 123.244614 123.235405 123.225916 123.221171 123.226753 123.237637 123.248522 123.261163 123.275676 123.289630 123.306179 123.320691 123.338636 123.358730 123.382256 123.411560 0.000000 0.000000 0.000000 0.000000 0.000000 0.000000 0.000000 0.000000 0.000000 0.000000 0.000000 0.000000 0.000000 0.000000 0.000000 0.000000 0.000000 0.000000 0.000000 0.000000 0.000000 0.000000 0.000000 0.000000 0.000000 0.000000 0.000000 0.000000 0.000000 0.000000
123.390908 123.381140 123.371289 123.362079 123.352311 123.342822 123.333250 123.324040 123.313993 123.304784 123.294737 123.285723 123.275676 123.266745 123.256698 123.246847 123.237637 123.228148 123.221729 123.225637 123.234567 123.246289 123.260884 123.274001 123.289351 123.304505 123.319575 123.337241 123.356497 123.379465 123.409607 0.000000 0.000000 0.000000 0.000000 0.000000 0.000000 0.000000 0.000000 0.000000 0.000000 0.000000 0.000000 0.000000 0.000000 0.000000 0.000000 0.000000 0.000000 0.000000 0.000000 0.000000 0.000000 0.000000 0.000000 0.000000 0.000000 0.000000 0.000000 0.000000 0.000000
123.393420 123.383373 123.373522 123.364312 123.354544 123.345334 123.335287 123.326273 123.316226 123.307016 123.297248 123.287956 123.278188 123.268978 123.258931 123.249080 123.239870 123.230381 123.222288 123.222846 123.234288 123.246568 123.256977 123.272606 123.287676 123.302551 123.316226 123.333892 123.353986 123.377512 123.405699 0.000000 0.000000 0.000000 0.000000 0.000000 0.000000 0.000000 0.000000 0.000000 0.000000 0.000000 0.000000 0.000000 0.000000 0.000000 0.000000 0.000000 0.000000 0.000000 0.000000 0.000000 0.000000 0.000000 0.000000 0.000000 0.000000 0.000000 0.000000 0.000000 0.000000
123.395652 123.385884 123.375837 123.366544 123.356776 123.347567 123.337520 123.328506 123.318459 123.309249 123.299481 123.290188 123.280420 123.270931 123.261442 123.251395 123.242103 123.232614 123.222846 123.222846 123.232893 123.242382 123.255303 123.270652 123.285165 123.301714 123.315110 123.331018 123.349241 123.372405 123.401234 0.000000 0.000000 0.000000 0.000000 0.000000 0.000000 0.000000 0.000000 0.000000 0.000000 0.000000 0.000000 0.000000 0.000000 0.000000 0.000000 0.000000 0.000000 0.000000 0.000000 0.000000 0.000000 0.000000 0.000000 0.000000 0.000000 0.000000 0.000000 0.000000 0.000000
123.397885 123.388117 123.378070 123.368777 123.359009 123.349799 123.339752 123.330739 123.320691 123.311482 123.301714 123.292504 123.282653 123.273443 123.263675 123.253628 123.244335 123.234846 123.225357 123.223404 123.231497 123.241265 123.253907 123.267024 123.282095 123.299202 123.312040 123.327948 123.347008 123.365707 123.394536 0.000000 0.000000 0.000000 0.000000 0.000000 0.000000 0.000000 0.000000 0.000000 0.000000 0.000000 0.000000 0.000000 0.000000 0.000000 0.000000 0.000000 0.000000 0.000000 0.000000 0.000000 0.000000 0.000000 0.000000 0.000000 0.000000 0.000000 0.000000 0.000000 0.000000
123.400118 123.390350 123.380303 123.371010 123.361242 123.352032 123.342264 123.332971 123.322924 123.313714 123.303946 123.294737 123.284886 123.275676 123.265629 123.255861 123.246568 123.237079 123.227590 123.223962 123.230102 123.240707 123.251675 123.264512 123.279583 123.297527 123.309807 123.325157 123.343659 123.362079 123.385884 0.000000 0.000000 0.000000 0.000000 0.000000 0.000000 0.000000 0.000000 0.000000 0.000000 0.000000 0.000000 0.000000 0.000000 0.000000 0.000000 0.000000 0.000000 0.000000 0.000000 0.000000 0.000000 0.000000 0.000000 0.000000 0.000000 0.000000 0.000000 0.000000 0.000000
123.402629 123.392582 123.382535 123.373242 123.363474 123.354544 123.344497 123.335287 123.325436 123.316226 123.306458 123.296969 123.287118 123.277908 123.267861 123.258093 123.248801 123.239312 123.229823 123.224520 123.229265 123.239312 123.251675 123.264233 123.278746 123.292504 123.308412 123.323761 123.341148 123.360684 123.385047 123.413514 0.000000 0.000000 0.000000 0.000000 0.000000 0.000000 0.000000 0.000000 0.000000 0.000000 0.000000 0.000000 0.000000 0.000000 0.000000 0.000000 0.000000 0.000000 0.000000 0.000000 0.000000 0.000000 0.000000 0.000000 0.000000 0.000000 0.000000 0.000000 0.000000
123.404862 123.394815 123.384768 123.375558 123.365707 123.356776 123.346729 123.337520 123.327669 123.318459 123.308691 123.299202 123.289351 123.280141 123.270373 123.260326 123.251116 123.241544 123.232056 123.225078 123.228427 123.237637 123.249638 123.262001 123.277071 123.291305 123.305900 123.322924 123.337799 123.359846 123.377791 123.413793 0.000000 0.000000 0.000000 0.000000 0.000000 0.000000 0.000000 0.000000 0.000000 0.000000 0.000000 0.000000 0.000000 0.000000 0.000000 0.000000 0.000000 0.000000 0.000000 0.000000 0.000000 0.000000 0.000000 0.000000 0.000000 0.000000 0.000000 0.000000 0.000000
123.407095 123.397048 123.387280 123.378070 123.367940 123.359009 123.348962 123.339752 123.329901 123.320691 123.310644 123.301435 123.291584 123.282374 123.272606 123.262559 123.253628 123.243777 123.234288 123.225637 123.225916 123.237916 123.248522 123.260047 123.274001 123.289072 123.305900 123.319575 123.337241 123.353427 123.377512 123.404862 0.000000 0.000000 0.000000 0.000000 0.000000 0.000000 0.000000 0.000000 0.000000 0.000000 0.000000 0.000000 0.000000 0.000000 0.000000 0.000000 0.000000 0.000000 0.000000 0.000000 0.000000 0.000000 0.000000 0.000000 0.000000 0.000000 0.000000 0.000000 0.000000
123.409327 123.399280 123.389512 123.380303 123.370173 123.361242 123.351195 123.341985 123.332134 123.322924 123.312877 123.303946 123.293899 123.284886 123.274839 123.264791 123.255861 123.246010 123.236800 123.227311 123.226195 123.235125 123.245173 123.257256 123.270652 123.287397 123.302551 123.315947 123.332413 123.350357 123.369893 123.397048 0.000000 0.000000 0.000000 0.000000 0.000000 0.000000 0.000000 0.000000 0.000000 0.000000 0.000000 0.000000 0.000000 0.000000 0.000000 0.000000 0.000000 0.000000 0.000000 0.000000 0.000000 0.000000 0.000000 0.000000 0.000000 0.000000 0.000000 0.000000 0.000000
123.411560 123.401513 123.391745 123.382535 123.372684 123.363195 123.353707 123.344218 123.334450 123.325436 123.315110 123.306179 123.296132 123.287118 123.277071 123.267024 123.258093 123.248242 123.239033 123.229544 123.226753 123.235125 123.244056 123.255303 123.270094 123.285444 123.300876 123.315110 123.330180 123.349241 123.369056 123.395652 0.000000 0.000000 0.000000 0.000000 0.000000 0.000000 0.000000 0.000000 0.000000 0.000000 0.000000 0.000000 0.000000 0.000000 0.000000 0.000000 0.000000 0.000000 0.000000 0.000000 0.000000 0.000000 0.000000 0.000000 0.000000 0.000000 0.000000 0.000000 0.000000
123.413793 123.403746 123.393978 123.384768 123.374917 123.365707 123.355660 123.346729 123.336682 123.327669 123.317622 123.308412 123.298644 123.289351 123.279304 123.269257 123.260326 123.250558 123.241265 123.231776 123.227311 123.233172 123.244056 123.255024 123.267582 123.282374 123.296411 123.312877 123.329064 123.345334 123.364312 123.388954 0.000000 0.000000 0.000000 0.000000 0.000000 0.000000 0.000000 0.000000 0.000000 0.000000 0.000000 0.000000 0.000000 0.000000 0.000000 0.000000 0.000000 0.000000 0.000000 0.000000 0.000000 0.000000 0.000000 0.000000 0.000000 0.000000 0.000000 0.000000 0.000000
123.416025 123.406257 123.396210 123.387001 123.377233 123.367940 123.357893 123.348962 123.338915 123.329901 123.319854 123.310644 123.300876 123.291584 123.281816 123.271490 123.262559 123.252791 123.243498 123.234009 123.227869 123.232335 123.241544 123.254744 123.265350 123.280699 123.295853 123.310365 123.326831 123.341985 123.362637 123.387280 123.415467 0.000000 0.000000 0.000000 0.000000 0.000000 0.000000 0.000000 0.000000 0.000000 0.000000 0.000000 0.000000 0.000000 0.000000 0.000000 0.000000 0.000000 0.000000 0.000000 0.000000 0.000000 0.000000 0.000000 0.000000 0.000000 0.000000 0.000000 0.000000
0.000000 123.408490 123.398722 123.389512 123.379465 123.370173 123.360125 123.351195 123.341148 123.332134 123.322087 123.312877 123.303109 123.293620 123.284048 123.273722 123.264791 123.255024 123.245731 123.236242 123.228427 123.229544 123.240707 123.252233 123.263396 123.279304 123.294458 123.309249 123.322924 123.340031 123.357893 123.380861 123.406816 0.000000 0.000000 0.000000 0.000000 0.000000 0.000000 0.000000 0.000000 0.000000 0.000000 0.000000 0.000000 0.000000 0.000000 0.000000 0.000000 0.000000 0.000000 0.000000 0.000000 0.000000 0.000000 0.000000 0.000000 0.000000 0.000000 0.000000 0.000000
0.000000 123.410723 123.400955 123.391745 123.381698 123.372405 123.362637 123.353427 123.343380 123.334171 123.324320 123.315389 123.305342 123.295853 123.286281 123.275955 123.267024 123.257256 123.247963 123.238474 123.229265 123.228986 123.239591 123.249080 123.261722 123.277350 123.291305 123.308412 123.322924 123.336682 123.355381 123.373801 123.400955 0.000000 0.000000 0.000000 0.000000 0.000000 0.000000 0.000000 0.000000 0.000000 0.000000 0.000000 0.000000 0.000000 0.000000 0.000000 0.000000 0.000000 0.000000 0.000000 0.000000 0.000000 0.000000 0.000000 0.000000 0.000000 0.000000 0.000000 0.000000
0.000000 123.412956 123.402908 123.393978 123.383931 123.374917 123.364870 123.355660 123.345892 123.336682 123.326831 123.317622 123.307574 123.297807 123.288514 123.278188 123.269257 123.259489 123.250279 123.240707 123.231218 123.229544 123.238195 123.248242 123.260605 123.273722 123.288793 123.305900 123.319017 123.335845 123.353707 123.372405 123.397606 0.000000 0.000000 0.000000 0.000000 0.000000 0.000000 0.000000 0.000000 0.000000 0.000000 0.000000 0.000000 0.000000 0.000000 0.000000 0.000000 0.000000 0.000000 0.000000 0.000000 0.000000 0.000000 0.000000 0.000000 0.000000 0.000000 0.000000 0.000000
0.000000 123.415188 123.405141 123.396210 123.386163 123.377233 123.367103 123.357893 123.348125 123.338915 123.329064 123.319854 123.309807 123.300039 123.290746 123.280420 123.271490 123.261722 123.252512 123.242940 123.233451 123.230102 123.236521 123.247405 123.258652 123.272327 123.286281 123.304225 123.316226 123.332134 123.350916 123.368219 123.392861 0.000000 0.000000 0.000000 0.000000 0.000000 0.000000 0.000000 0.000000 0.000000 0.000000 0.000000 0.000000 0.000000 0.000000 0.000000 0.000000 0.000000 0.000000 0.000000 0.000000 0.000000 0.000000 0.000000 0.000000 0.000000 0.000000 0.000000 0.000000
