FireSTARR/test/constant/O1a_S000_A000_WD135_WS020/arrival.asc
ncols         151
nrows         151
xllcorner     412803.990666
yllcorner     12747555.311160
cellsize      100.000000
NODATA_value  0.000000
[rows 54 to 80 of 151, columns 60 to 119 of 151]
123.279950 123.287437 123.291667 123.295945 123.305572 123.308781 123.315199 123.321616 123.329104 123.335473 123.342960 123.350447 123.356865 123.363283 123.368631 123.377139 123.383557 123.391044 123.397462 123.404950 123.411367 0.000000 0.000000 0.000000 0.000000 0.000000 0.000000 0.000000 0.000000 0.000000 0.000000 0.000000 0.000000 0.000000 0.000000 0.000000 0.000000 0.000000 0.000000 0.000000 0.000000 0.000000 0.000000 0.000000 0.000000 0.000000 0.000000 0.000000 0.000000 0.000000 0.000000 0.000000 0.000000 0.000000 0.000000 0.000000 0.000000 0.000000 0.000000 0.000000
123.271393 123.277810 123.284228 123.288507 123.292736 123.300224 123.308781 123.313059 123.317338 123.323756 123.334403 123.339751 123.347239 123.352587 123.360074 123.368631 123.372910 123.379279 123.386766 123.393184 123.399602 123.409228 123.415646 0.000000 0.000000 0.000000 0.000000 0.000000 0.000000 0.000000 0.000000 0.000000 0.000000 0.000000 0.000000 0.000000 0.000000 0.000000 0.000000 0.000000 0.000000 0.000000 0.000000 0.000000 0.000000 0.000000 0.000000 0.000000 0.000000 0.000000 0.000000 0.000000 0.000000 0.000000 0.000000 0.000000 0.000000 0.000000 0.000000 0.000000
123.266044 123.268184 123.277810 123.281019 123.285298 123.291667 123.299154 123.302363 123.308781 123.316268 123.322686 123.329104 123.336542 123.342960 123.351517 123.356865 123.363283 123.370770 123.378209 123.384627 123.391044 123.398532 123.404950 123.415646 0.000000 0.000000 0.000000 0.000000 0.000000 0.000000 0.000000 0.000000 0.000000 0.000000 0.000000 0.000000 0.000000 0.000000 0.000000 0.000000 0.000000 0.000000 0.000000 0.000000 0.000000 0.000000 0.000000 0.000000 0.000000 0.000000 0.000000 0.000000 0.000000 0.000000 0.000000 0.000000 0.000000 0.000000 0.000000 0.000000
123.258557 123.262836 123.264975 123.271393 123.277810 123.282089 123.286367 123.293806 123.300224 123.307711 123.311990 123.319477 123.328034 123.334403 123.340821 123.346169 123.353656 123.362213 123.367562 123.373979 123.379279 123.387836 123.397462 123.403880 123.412437 123.416667 0.000000 0.000000 0.000000 0.000000 0.000000 0.000000 0.000000 0.000000 0.000000 0.000000 0.000000 0.000000 0.000000 0.000000 0.000000 0.000000 0.000000 0.000000 0.000000 0.000000 0.000000 0.000000 0.000000 0.000000 0.000000 0.000000 0.000000 0.000000 0.000000 0.000000 0.000000 0.000000 0.000000 0.000000
123.250000 123.255348 123.259627 123.260696 123.270323 123.274602 123.277810 123.284228 123.293806 123.297015 123.305572 123.309850 123.318407 123.322686 123.332313 123.336542 123.345099 123.351517 123.359004 123.364353 123.371840 123.379279 123.386766 123.392114 123.400671 123.408159 123.414576 0.000000 0.000000 0.000000 0.000000 0.000000 0.000000 0.000000 0.000000 0.000000 0.000000 0.000000 0.000000 0.000000 0.000000 0.000000 0.000000 0.000000 0.000000 0.000000 0.000000 0.000000 0.000000 0.000000 0.000000 0.000000 0.000000 0.000000 0.000000 0.000000 0.000000 0.000000 0.000000 0.000000
123.238283 123.243631 123.251070 123.256418 123.257487 123.267114 123.271393 123.274602 123.282089 123.288507 123.295945 123.300224 123.307711 123.314129 123.321616 123.328034 123.335473 123.340821 123.347239 123.355796 123.361144 123.367562 123.377139 123.382487 123.392114 123.398532 123.406019 123.412437 0.000000 0.000000 0.000000 0.000000 0.000000 0.000000 0.000000 0.000000 0.000000 0.000000 0.000000 0.000000 0.000000 0.000000 0.000000 0.000000 0.000000 0.000000 0.000000 0.000000 0.000000 0.000000 0.000000 0.000000 0.000000 0.000000 0.000000 0.000000 0.000000 0.000000 0.000000 0.000000
123.235074 123.235074 123.243631 123.246840 123.253209 123.256418 123.264975 123.267114 123.271393 123.281019 123.287437 123.290646 123.297015 123.305572 123.311990 123.319477 123.325895 123.331243 123.337612 123.346169 123.353656 123.357935 123.366492 123.372910 123.381418 123.387836 123.398532 123.401741 123.410298 0.000000 0.000000 0.000000 0.000000 0.000000 0.000000 0.000000 0.000000 0.000000 0.000000 0.000000 0.000000 0.000000 0.000000 0.000000 0.000000 0.000000 0.000000 0.000000 0.000000 0.000000 0.000000 0.000000 0.000000 0.000000 0.000000 0.000000 0.000000 0.000000 0.000000 0.000000
123.237213 123.231865 123.231865 123.237213 123.245770 123.250000 123.253209 123.259627 123.264975 123.267114 123.274602 123.283159 123.289576 123.293806 123.301293 123.307711 123.317338 123.321616 123.329104 123.334403 123.345099 123.349378 123.357935 123.363283 123.369701 123.376070 123.385696 123.393184 123.399602 123.407089 123.414576 0.000000 0.000000 0.000000 0.000000 0.000000 0.000000 0.000000 0.000000 0.000000 0.000000 0.000000 0.000000 0.000000 0.000000 0.000000 0.000000 0.000000 0.000000 0.000000 0.000000 0.000000 0.000000 0.000000 0.000000 0.000000 0.000000 0.000000 0.000000 0.000000
123.243631 123.232935 123.228656 123.228656 123.237213 123.242562 123.246840 123.251070 123.257487 123.260696 123.264975 123.275671 123.281019 123.285298 123.292736 123.298084 123.306641 123.311990 123.320547 123.324825 123.334403 123.339751 123.346169 123.352587 123.361144 123.366492 123.373979 123.382487 123.391044 123.397462 123.404950 123.413507 0.000000 0.000000 0.000000 0.000000 0.000000 0.000000 0.000000 0.000000 0.000000 0.000000 0.000000 0.000000 0.000000 0.000000 0.000000 0.000000 0.000000 0.000000 0.000000 0.000000 0.000000 0.000000 0.000000 0.000000 0.000000 0.000000 0.000000 0.000000
123.247910 123.242562 123.229726 123.226517 123.225447 123.230796 123.240422 123.243631 123.247910 123.256418 123.260696 123.263905 123.269253 123.276741 123.282089 123.289576 123.297015 123.302363 123.309850 123.318407 123.322686 123.331243 123.337612 123.342960 123.351517 123.357935 123.365422 123.372910 123.380348 123.385696 123.395323 123.400671 123.410298 0.000000 0.000000 0.000000 0.000000 0.000000 0.000000 0.000000 0.000000 0.000000 0.000000 0.000000 0.000000 0.000000 0.000000 0.000000 0.000000 0.000000 0.000000 0.000000 0.000000 0.000000 0.000000 0.000000 0.000000 0.000000 0.000000 0.000000
123.257487 123.245770 123.238283 123.226517 123.223308 123.222239 123.230796 123.235074 123.240422 123.244701 123.253209 123.256418 123.260696 123.269253 123.272462 123.278880 123.287437 123.293806 123.301293 123.307711 123.311990 123.319477 123.326964 123.335473 123.338681 123.348308 123.355796 123.361144 123.369701 123.378209 123.385696 123.389975 123.400671 123.408159 123.415646 0.000000 0.000000 0.000000 0.000000 0.000000 0.000000 0.000000 0.000000 0.000000 0.000000 0.000000 0.000000 0.000000 0.000000 0.000000 0.000000 0.000000 0.000000 0.000000 0.000000 0.000000 0.000000 0.000000 0.000000 0.000000
123.261766 123.255348 123.244701 123.236144 123.224378 123.220099 123.220099 123.227587 123.231865 123.237213 123.243631 123.247910 123.254279 123.257487 123.263905 123.270323 123.277810 123.284228 123.289576 123.297015 123.304502 123.310920 123.318407 123.324825 123.331243 123.337612 123.346169 123.351517 123.360074 123.368631 123.372910 123.382487 123.387836 123.397462 123.404950 123.415646 0.000000 0.000000 0.000000 0.000000 0.000000 0.000000 0.000000 0.000000 0.000000 0.000000 0.000000 0.000000 0.000000 0.000000 0.000000 0.000000 0.000000 0.000000 0.000000 0.000000 0.000000 0.000000 0.000000 0.000000
123.264975 123.258557 123.248979 123.240422 123.232935 123.221169 123.216890 123.216890 123.222239 123.230796 123.235074 123.240422 123.246840 123.251070 123.255348 123.262836 123.269253 123.273532 123.279950 123.287437 123.293806 123.302363 123.307711 123.316268 123.321616 123.329104 123.336542 123.341890 123.348308 123.355796 123.365422 123.371840 123.380348 123.387836 123.395323 123.403880 123.410298 0.000000 0.000000 0.000000 0.000000 0.000000 0.000000 0.000000 0.000000 0.000000 0.000000 0.000000 0.000000 0.000000 0.000000 0.000000 0.000000 0.000000 0.000000 0.000000 0.000000 0.000000 0.000000 0.000000
123.272462 123.263905 123.255348 123.247910 123.239353 123.226517 123.217960 123.213681 123.213681 123.220099 123.228656 123.230796 123.237213 123.242562 123.247910 123.252139 123.256418 123.266044 123.272462 123.276741 123.286367 123.290646 123.300224 123.305572 123.310920 123.320547 123.326964 123.331243 123.340821 123.347239 123.356865 123.362213 123.367562 123.375000 123.384627 123.392114 123.403880 123.409228 0.000000 0.000000 0.000000 0.000000 0.000000 0.000000 0.000000 0.000000 0.000000 0.000000 0.000000 0.000000 0.000000 0.000000 0.000000 0.000000 0.000000 0.000000 0.000000 0.000000 0.000000 0.000000
123.277810 123.271393 123.259627 123.252139 123.242562 123.234004 123.225447 123.214751 123.210473 123.210473 123.216890 123.222239 123.225447 123.235074 123.238283 123.244701 123.247910 123.258557 123.262836 123.267114 123.274602 123.282089 123.289576 123.293806 123.301293 123.308781 123.317338 123.321616 123.332313 123.335473 123.342960 123.351517 123.361144 123.365422 123.373979 123.382487 123.389975 123.398532 123.408159 123.413507 0.000000 0.000000 0.000000 0.000000 0.000000 0.000000 0.000000 0.000000 0.000000 0.000000 0.000000 0.000000 0.000000 0.000000 0.000000 0.000000 0.000000 0.000000 0.000000 0.000000
123.285298 123.274602 123.266044 123.257487 123.248979 123.242562 123.230796 123.223308 123.211542 123.208333 123.207313 123.214751 123.221169 123.223308 123.230796 123.235074 123.242562 123.245770 123.251070 123.258557 123.267114 123.273532 123.278880 123.287437 123.292736 123.301293 123.308781 123.314129 123.319477 123.324825 123.334403 123.341890 123.350447 123.356865 123.364353 123.369701 123.379279 123.391044 123.397462 123.403880 123.415646 0.000000 0.000000 0.000000 0.000000 0.000000 0.000000 0.000000 0.000000 0.000000 0.000000 0.000000 0.000000 0.000000 0.000000 0.000000 0.000000 0.000000 0.000000 0.000000
123.288507 123.282089 123.272462 123.263905 123.253209 123.243631 123.236144 123.229726 123.220099 123.208333 123.205173 123.204104 123.213681 123.217960 123.220099 123.227587 123.231865 123.239353 123.241492 123.251070 123.257487 123.262836 123.270323 123.276741 123.285298 123.288507 123.294876 123.303433 123.311990 123.316268 123.324825 123.330173 123.338681 123.346169 123.354726 123.360074 123.368631 123.377139 123.385696 123.393184 123.402810 123.410298 123.416667 0.000000 0.000000 0.000000 0.000000 0.000000 0.000000 0.000000 0.000000 0.000000 0.000000 0.000000 0.000000 0.000000 0.000000 0.000000 0.000000 0.000000
123.294876 123.286367 123.278880 123.270323 123.260696 123.250000 123.240422 123.237213 123.225447 123.216890 123.206243 123.201964 123.201964 123.207313 123.215821 123.216890 123.227587 123.229726 123.236144 123.239353 123.245770 123.251070 123.260696 123.269253 123.274602 123.281019 123.287437 123.295945 123.303433 123.307711 123.314129 123.322686 123.329104 123.335473 123.345099 123.350447 123.357935 123.365422 123.375000 123.385696 123.389975 123.399602 123.410298 0.000000 0.000000 0.000000 0.000000 0.000000 0.000000 0.000000 0.000000 0.000000 0.000000 0.000000 0.000000 0.000000 0.000000 0.000000 0.000000 0.000000
123.300224 123.289576 123.283159 123.275671 123.268184 123.257487 123.250000 123.237213 123.231865 123.223308 123.214751 123.204104 123.198756 123.198756 123.206243 123.211542 123.215821 123.222239 123.226517 123.232935 123.237213 123.243631 123.251070 123.257487 123.263905 123.271393 123.278880 123.283159 123.290646 123.297015 123.306641 123.310920 123.316268 123.324825 123.334403 123.341890 123.349378 123.357935 123.364353 123.375000 123.380348 123.389975 123.397462 123.404950 123.411367 0.000000 0.000000 0.000000 0.000000 0.000000 0.000000 0.000000 0.000000 0.000000 0.000000 0.000000 0.000000 0.000000 0.000000 0.000000
123.306641 123.299154 123.289576 123.279950 123.272462 123.263905 123.253209 123.244701 123.235074 123.230796 123.220099 123.209403 123.199825 123.195547 123.195547 123.203034 123.209403 123.213681 123.221169 123.223308 123.229726 123.234004 123.239353 123.245770 123.256418 123.262836 123.269253 123.274602 123.283159 123.289576 123.298084 123.300224 123.307711 123.316268 123.324825 123.331243 123.337612 123.345099 123.353656 123.362213 123.368631 123.379279 123.386766 123.394253 123.403880 123.411367 0.000000 0.000000 0.000000 0.000000 0.000000 0.000000 0.000000 0.000000 0.000000 0.000000 0.000000 0.000000 0.000000 0.000000
123.309850 123.303433 123.293806 123.284228 123.274602 123.268184 123.260696 123.252139 123.242562 123.230796 123.225447 123.217960 123.207313 123.196616 123.192338 123.192338 123.197686 123.205173 123.212612 123.217960 123.220099 123.227587 123.230796 123.236144 123.245770 123.251070 123.258557 123.264975 123.272462 123.277810 123.285298 123.291667 123.298084 123.307711 123.311990 123.319477 123.329104 123.335473 123.345099 123.351517 123.360074 123.367562 123.377139 123.385696 123.392114 123.399602 123.407089 123.416667 0.000000 0.000000 0.000000 0.000000 0.000000 0.000000 0.000000 0.000000 0.000000 0.000000 0.000000 0.000000
123.316268 123.308781 123.300224 123.291667 123.282089 123.272462 123.264975 123.257487 123.247910 123.238283 123.228656 123.222239 123.214751 123.204104 123.193407 123.190199 123.189129 123.195547 123.203034 123.207313 123.214751 123.217960 123.224378 123.227587 123.234004 123.241492 123.251070 123.256418 123.264975 123.268184 123.277810 123.284228 123.290646 123.298084 123.301293 123.309850 123.318407 123.328034 123.333333 123.339751 123.349378 123.357935 123.366492 123.372910 123.380348 123.388905 123.398532 123.408159 0.000000 0.000000 0.000000 0.000000 0.000000 0.000000 0.000000 0.000000 0.000000 0.000000 0.000000 0.000000
123.322686 123.314129 123.304502 123.297015 123.288507 123.279950 123.270323 123.261766 123.255348 123.245770 123.236144 123.227587 123.221169 123.212612 123.203034 123.190199 123.186990 123.185920 123.194477 123.197686 123.207313 123.211542 123.214751 123.221169 123.225447 123.231865 123.240422 123.246840 123.252139 123.259627 123.264975 123.272462 123.278880 123.285298 123.292736 123.301293 123.308781 123.317338 123.322686 123.329104 123.338681 123.348308 123.354726 123.362213 123.372910 123.381418 123.386766 123.394253 123.403880 123.415646 0.000000 0.000000 0.000000 0.000000 0.000000 0.000000 0.000000 0.000000 0.000000 0.000000
123.330173 123.320547 123.309850 123.302363 123.294876 123.286367 123.275671 123.267114 123.259627 123.253209 123.241492 123.234004 123.223308 123.217960 123.207313 123.198756 123.188059 123.183781 123.183781 123.191268 123.194477 123.201964 123.209403 123.211542 123.217960 123.222239 123.228656 123.235074 123.243631 123.253209 123.259627 123.263905 123.272462 123.277810 123.285298 123.290646 123.295945 123.303433 123.311990 123.321616 123.326964 123.337612 123.345099 123.353656 123.363283 123.367562 123.376070 123.383557 123.396393 123.404950 123.415646 0.000000 0.000000 0.000000 0.000000 0.000000 0.000000 0.000000 0.000000 0.000000
123.337612 123.329104 123.317338 123.309850 123.298084 123.291667 123.284228 123.273532 123.263905 123.256418 123.250000 123.239353 123.229726 123.220099 123.213681 123.206243 123.197686 123.184850 123.180572 123.180572 123.185920 123.191268 123.201964 123.206243 123.208333 123.214751 123.219030 123.226517 123.235074 123.239353 123.247910 123.254279 123.259627 123.266044 123.273532 123.279950 123.286367 123.295945 123.302363 123.311990 123.316268 123.325895 123.332313 123.342960 123.348308 123.356865 123.368631 123.375000 123.381418 123.389975 123.402810 123.413507 0.000000 0.000000 0.000000 0.000000 0.000000 0.000000 0.000000 0.000000
123.342960 123.335473 123.328034 123.315199 123.304502 123.297015 123.288507 123.279950 123.269253 123.261766 123.253209 123.245770 123.239353 123.230796 123.219030 123.208333 123.201964 123.192338 123.181641 123.177363 123.177363 123.184850 123.190199 123.196616 123.203034 123.205173 123.211542 123.215821 123.224378 123.231865 123.240422 123.246840 123.252139 123.256418 123.266044 123.271393 123.278880 123.284228 123.291667 123.300224 123.306641 123.316268 123.322686 123.332313 123.339751 123.350447 123.355796 123.363283 123.370770 123.381418 123.392114 123.401741 0.000000 0.000000 0.000000 0.000000 0.000000 0.000000 0.000000 0.000000
123.351517 123.340821 123.330173 123.322686 123.311990 123.302363 123.292736 123.285298 123.276741 123.267114 123.258557 123.251070 123.243631 123.235074 123.224378 123.213681 123.205173 123.198756 123.191268 123.178433 123.174154 123.174154 123.181641 123.185920 123.196616 123.198756 123.203034 123.208333 123.213681 123.223308 123.227587 123.235074 123.241492 123.248979 123.254279 123.260696 123.267114 123.273532 123.281019 123.289576 123.298084 123.304502 123.310920 123.321616 123.330173 123.337612 123.344030 123.353656 123.361144 123.368631 123.377139 123.389975 123.401741 0.000000 0.000000 0.000000 0.000000 0.000000 0.000000 0.000000
