FireSTARR/test/constant/O1a_S000_A000_WD135_WS020/arrival.asc
ncols         151
nrows         151
xllcorner     412803.990666
yllcorner     12747555.311160
cellsize      100.000000
NODATA_value  0.000000
[rows 81 to 107 of 151, columns 60 to 119 of 151]
123.357935 123.349378 123.338681 123.328034 123.320547 123.309850 123.298084 123.290646 123.282089 123.276741 123.264975 123.257487 123.245770 123.240422 123.232935 123.224378 123.212612 123.201964 123.196616 123.186990 123.175224 123.172015 123.170945 123.177363 123.183781 123.190199 123.196616 123.199825 123.205173 123.209403 123.219030 123.223308 123.234004 123.240422 123.246840 123.252139 123.259627 123.264975 123.271393 123.277810 123.287437 123.294876 123.300224 123.309850 123.317338 123.325895 123.336542 123.344030 123.349378 123.356865 123.367562 123.378209 123.387836 123.408159 0.000000 0.000000 0.000000 0.000000 0.000000 0.000000
123.365422 123.356865 123.345099 123.337612 123.325895 123.314129 123.307711 123.299154 123.287437 123.278880 123.271393 123.262836 123.252139 123.242562 123.236144 123.227587 123.220099 123.208333 123.198756 123.193407 123.183781 123.172015 123.168806 123.168806 123.176293 123.183781 123.189129 123.193407 123.196616 123.201964 123.208333 123.215821 123.224378 123.229726 123.237213 123.242562 123.248979 123.257487 123.263905 123.268184 123.276741 123.284228 123.292736 123.298084 123.308781 123.317338 123.325895 123.331243 123.339751 123.347239 123.356865 123.364353 123.377139 123.389975 123.413507 0.000000 0.000000 0.000000 0.000000 0.000000
123.372910 123.362213 123.352587 123.344030 123.332313 123.322686 123.313059 123.303433 123.293806 123.286367 123.275671 123.268184 123.258557 123.250000 123.239353 123.232935 123.225447 123.217960 123.207313 123.196616 123.188059 123.180572 123.170945 123.165646 123.165646 123.170945 123.178433 123.184850 123.190199 123.194477 123.197686 123.206243 123.211542 123.219030 123.228656 123.234004 123.240422 123.244701 123.252139 123.258557 123.266044 123.273532 123.284228 123.289576 123.295945 123.304502 123.313059 123.320547 123.331243 123.338681 123.345099 123.354726 123.365422 123.373979 123.395323 0.000000 0.000000 0.000000 0.000000 0.000000
123.382487 123.370770 123.360074 123.349378 123.340821 123.331243 123.320547 123.309850 123.301293 123.291667 123.281019 123.272462 123.266044 123.255348 123.246840 123.236144 123.230796 123.222239 123.212612 123.201964 123.194477 123.186990 123.179502 123.167736 123.162437 123.162437 123.169876 123.177363 123.183781 123.186990 123.191268 123.194477 123.201964 123.210473 123.219030 123.224378 123.230796 123.235074 123.242562 123.251070 123.256418 123.262836 123.270323 123.277810 123.286367 123.294876 123.303433 123.313059 123.319477 123.325895 123.333333 123.342960 123.352587 123.365422 123.377139 123.400671 0.000000 0.000000 0.000000 0.000000
123.391044 123.378209 123.370770 123.359004 123.348308 123.339751 123.329104 123.316268 123.308781 123.297015 123.289576 123.281019 123.269253 123.264975 123.253209 123.244701 123.235074 123.227587 123.220099 123.210473 123.199825 123.191268 123.183781 123.173084 123.163507 123.159228 123.159228 123.166667 123.172015 123.178433 123.183781 123.188059 123.193407 123.200895 123.207313 123.212612 123.222239 123.227587 123.232935 123.240422 123.246840 123.253209 123.260696 123.271393 123.277810 123.283159 123.292736 123.300224 123.307711 123.317338 123.323756 123.331243 123.340821 123.352587 123.361144 123.383557 123.407089 0.000000 0.000000 0.000000
123.396393 123.385696 123.378209 123.365422 123.355796 123.346169 123.334403 123.323756 123.315199 123.306641 123.295945 123.284228 123.275671 123.266044 123.259627 123.251070 123.240422 123.230796 123.225447 123.214751 123.206243 123.198756 123.191268 123.180572 123.173084 123.160298 123.156019 123.156019 123.162437 123.170945 123.176293 123.181641 123.184850 123.189129 123.195547 123.205173 123.213681 123.217960 123.223308 123.231865 123.237213 123.243631 123.251070 123.259627 123.266044 123.272462 123.279950 123.289576 123.298084 123.307711 123.313059 123.321616 123.331243 123.340821 123.351517 123.365422 123.388905 123.412437 0.000000 0.000000
123.404950 123.394253 123.385696 123.372910 123.365422 123.353656 123.342960 123.331243 123.322686 123.313059 123.304502 123.293806 123.283159 123.274602 123.262836 123.258557 123.247910 123.238283 123.227587 123.222239 123.212612 123.205173 123.196616 123.184850 123.175224 123.166667 123.157089 123.153880 123.152810 123.159228 123.166667 123.172015 123.178433 123.182711 123.188059 123.194477 123.201964 123.209403 123.215821 123.222239 123.227587 123.236144 123.239353 123.246840 123.255348 123.262836 123.271393 123.281019 123.288507 123.297015 123.303433 123.311990 123.319477 123.326964 123.339751 123.347239 123.370770 123.394253 0.000000 0.000000
123.412437 123.403880 123.391044 123.380348 123.372910 123.360074 123.349378 123.342960 123.330173 123.320547 123.309850 123.298084 123.291667 123.281019 123.269253 123.258557 123.252139 123.243631 123.235074 123.224378 123.219030 123.209403 123.200895 123.191268 123.182711 123.173084 123.166667 123.153880 123.150671 123.149602 123.158159 123.162437 123.168806 123.174154 123.178433 123.183781 123.191268 123.197686 123.205173 123.210473 123.217960 123.225447 123.230796 123.238283 123.246840 123.252139 123.261766 123.267114 123.276741 123.286367 123.293806 123.301293 123.307711 123.317338 123.328034 123.337612 123.352587 123.377139 123.400671 0.000000
0.000000 123.412437 123.400671 123.389975 123.380348 123.367562 123.359004 123.348308 123.337612 123.326964 123.316268 123.305572 123.295945 123.289576 123.278880 123.268184 123.256418 123.252139 123.241492 123.232935 123.221169 123.215821 123.207313 123.196616 123.190199 123.179502 123.169876 123.161367 123.151741 123.147462 123.147462 123.153880 123.160298 123.166667 123.170945 123.176293 123.181641 123.190199 123.196616 123.205173 123.207313 123.216890 123.221169 123.229726 123.238283 123.241492 123.251070 123.258557 123.268184 123.275671 123.284228 123.291667 123.297015 123.305572 123.314129 123.326964 123.335473 123.359004 123.382487 123.407089
0.000000 0.000000 123.408159 123.396393 123.385696 123.373979 123.367562 123.354726 123.342960 123.336542 123.324825 123.313059 123.303433 123.294876 123.283159 123.273532 123.264975 123.253209 123.246840 123.237213 123.228656 123.220099 123.212612 123.204104 123.196616 123.185920 123.177363 123.168806 123.158159 123.148532 123.144253 123.144253 123.152810 123.159228 123.165646 123.168806 123.172015 123.178433 123.185920 123.192338 123.199825 123.206243 123.210473 123.217960 123.225447 123.231865 123.240422 123.248979 123.254279 123.263905 123.271393 123.281019 123.287437 123.294876 123.304502 123.314129 123.325895 123.340821 123.364353 123.388905
0.000000 0.000000 123.415646 123.407089 123.394253 123.383557 123.372910 123.362213 123.353656 123.341890 123.331243 123.322686 123.313059 123.301293 123.290646 123.282089 123.273532 123.262836 123.251070 123.245770 123.235074 123.226517 123.217960 123.209403 123.201964 123.190199 123.181641 123.175224 123.165646 123.154950 123.145323 123.141044 123.141044 123.147462 123.153880 123.160298 123.164576 123.168806 123.175224 123.182711 123.191268 123.196616 123.203034 123.209403 123.215821 123.224378 123.229726 123.239353 123.245770 123.254279 123.262836 123.269253 123.278880 123.286367 123.293806 123.300224 123.315199 123.322686 123.346169 123.370770
0.000000 0.000000 0.000000 123.414576 123.402810 123.394253 123.381418 123.371840 123.360074 123.349378 123.341890 123.329104 123.318407 123.308781 123.299154 123.287437 123.276741 123.268184 123.260696 123.246840 123.241492 123.234004 123.221169 123.213681 123.206243 123.199825 123.191268 123.178433 123.170945 123.161367 123.153880 123.142114 123.137836 123.137836 123.147462 123.152810 123.157089 123.160298 123.166667 123.174154 123.181641 123.189129 123.195547 123.199825 123.208333 123.212612 123.219030 123.228656 123.235074 123.242562 123.251070 123.258557 123.267114 123.275671 123.282089 123.290646 123.301293 123.311990 123.328034 123.352587
0.000000 0.000000 0.000000 0.000000 123.410298 123.399602 123.388905 123.379279 123.368631 123.361144 123.348308 123.336542 123.328034 123.315199 123.305572 123.297015 123.286367 123.275671 123.266044 123.256418 123.247910 123.239353 123.228656 123.220099 123.211542 123.203034 123.196616 123.185920 123.177363 123.169876 123.158159 123.149602 123.138905 123.135696 123.134627 123.142114 123.147462 123.152810 123.159228 123.163507 123.170945 123.177363 123.184850 123.190199 123.196616 123.204104 123.211542 123.217960 123.223308 123.234004 123.239353 123.247910 123.256418 123.263905 123.273532 123.281019 123.287437 123.302363 123.310920 123.334403
0.000000 0.000000 0.000000 0.000000 0.000000 123.407089 123.397462 123.387836 123.377139 123.366492 123.355796 123.345099 123.335473 123.324825 123.314129 123.303433 123.295945 123.284228 123.273532 123.263905 123.252139 123.244701 123.234004 123.226517 123.216890 123.207313 123.199825 123.192338 123.184850 123.174154 123.163507 123.156019 123.147462 123.135696 123.132487 123.132487 123.138905 123.146393 123.150671 123.157089 123.160298 123.168806 123.176293 123.182711 123.188059 123.195547 123.203034 123.206243 123.213681 123.222239 123.231865 123.237213 123.246840 123.254279 123.261766 123.270323 123.276741 123.287437 123.298084 123.316268
0.000000 0.000000 0.000000 0.000000 0.000000 123.415646 123.404950 123.394253 123.385696 123.373979 123.363283 123.354726 123.341890 123.331243 123.320547 123.309850 123.301293 123.289576 123.283159 123.271393 123.260696 123.250000 123.242562 123.232935 123.222239 123.214751 123.206243 123.196616 123.188059 123.179502 123.173084 123.161367 123.152810 123.143184 123.133557 123.129279 123.129279 123.135696 123.141044 123.148532 123.152810 123.159228 123.165646 123.174154 123.180572 123.184850 123.191268 123.196616 123.204104 123.211542 123.221169 123.226517 123.236144 123.245770 123.252139 123.258557 123.268184 123.274602 123.290646 123.299154
0.000000 0.000000 0.000000 0.000000 0.000000 0.000000 123.414576 123.401741 123.392114 123.382487 123.371840 123.361144 123.351517 123.340821 123.329104 123.318407 123.308781 123.297015 123.288507 123.278880 123.270323 123.257487 123.246840 123.239353 123.228656 123.221169 123.211542 123.200895 123.191268 123.185920 123.178433 123.166667 123.158159 123.149602 123.141044 123.130348 123.126070 123.126070 123.133557 123.137836 123.143184 123.150671 123.154950 123.163507 123.168806 123.178433 123.181641 123.190199 123.194477 123.203034 123.209403 123.216890 123.226517 123.235074 123.240422 123.250000 123.256418 123.264975 123.273532 123.284228
0.000000 0.000000 0.000000 0.000000 0.000000 0.000000 0.000000 123.410298 123.401741 123.391044 123.379279 123.370770 123.360074 123.350447 123.338681 123.328034 123.317338 123.305572 123.298084 123.286367 123.276741 123.266044 123.257487 123.244701 123.237213 123.227587 123.216890 123.209403 123.199825 123.188059 123.181641 123.173084 123.165646 123.154950 123.146393 123.137836 123.127139 123.122910 123.122910 123.129279 123.135696 123.139975 123.147462 123.154950 123.160298 123.167736 123.173084 123.177363 123.184850 123.193407 123.197686 123.208333 123.215821 123.221169 123.229726 123.241492 123.246840 123.254279 123.261766 123.277810
0.000000 0.000000 0.000000 0.000000 0.000000 0.000000 0.000000 0.000000 123.409228 123.397462 123.386766 123.375000 123.365422 123.355796 123.345099 123.334403 123.325895 123.316268 123.303433 123.293806 123.285298 123.272462 123.264975 123.253209 123.243631 123.231865 123.222239 123.213681 123.205173 123.194477 123.184850 123.180572 123.173084 123.161367 123.152810 123.144253 123.135696 123.123979 123.119701 123.119701 123.126070 123.133557 123.138905 123.144253 123.149602 123.157089 123.162437 123.169876 123.176293 123.183781 123.188059 123.195547 123.203034 123.211542 123.220099 123.228656 123.235074 123.243631 123.251070 123.260696
0.000000 0.000000 0.000000 0.000000 0.000000 0.000000 0.000000 0.000000 123.415646 123.407089 123.396393 123.383557 123.373979 123.363283 123.352587 123.342960 123.335473 123.321616 123.311990 123.300224 123.289576 123.279950 123.269253 123.262836 123.252139 123.240422 123.232935 123.221169 123.210473 123.203034 123.194477 123.182711 123.177363 123.167736 123.161367 123.150671 123.141044 123.131418 123.120770 123.117562 123.116492 123.122910 123.131418 123.134627 123.141044 123.148532 123.152810 123.161367 123.168806 123.172015 123.180572 123.186990 123.195547 123.203034 123.209403 123.219030 123.225447 123.236144 123.241492 123.248979
0.000000 0.000000 0.000000 0.000000 0.000000 0.000000 0.000000 0.000000 0.000000 123.415646 123.403880 123.393184 123.383557 123.372910 123.361144 123.352587 123.340821 123.330173 123.320547 123.309850 123.299154 123.288507 123.277810 123.266044 123.257487 123.248979 123.239353 123.228656 123.216890 123.206243 123.199825 123.189129 123.179502 123.173084 123.163507 123.157089 123.146393 123.136766 123.129279 123.117562 123.114353 123.114353 123.121840 123.128209 123.132487 123.136766 123.144253 123.150671 123.159228 123.165646 123.169876 123.176293 123.183781 123.193407 123.199825 123.207313 123.215821 123.223308 123.230796 123.239353
0.000000 0.000000 0.000000 0.000000 0.000000 0.000000 0.000000 0.000000 0.000000 0.000000 123.410298 123.401741 123.392114 123.378209 123.369701 123.360074 123.348308 123.336542 123.328034 123.318407 123.307711 123.297015 123.288507 123.275671 123.264975 123.255348 123.246840 123.235074 123.225447 123.215821 123.205173 123.197686 123.186990 123.176293 123.168806 123.162437 123.154950 123.143184 123.133557 123.126070 123.116492 123.111144 123.111144 123.117562 123.122910 123.131418 123.134627 123.143184 123.149602 123.153880 123.161367 123.169876 123.172015 123.181641 123.188059 123.198756 123.206243 123.212612 123.220099 123.229726
0.000000 0.000000 0.000000 0.000000 0.000000 0.000000 0.000000 0.000000 0.000000 0.000000 0.000000 123.409228 123.398532 123.387836 123.380348 123.367562 123.356865 123.346169 123.335473 123.323756 123.314129 123.305572 123.294876 123.283159 123.275671 123.262836 123.251070 123.242562 123.234004 123.224378 123.212612 123.203034 123.193407 123.185920 123.174154 123.166667 123.157089 123.148532 123.139975 123.131418 123.122910 123.112213 123.107935 123.107935 123.115422 123.119701 123.127139 123.131418 123.137836 123.145323 123.151741 123.159228 123.165646 123.170945 123.178433 123.185920 123.193407 123.201964 123.211542 123.217960
0.000000 0.000000 0.000000 0.000000 0.000000 0.000000 0.000000 0.000000 0.000000 0.000000 0.000000 0.000000 123.406019 123.396393 123.386766 123.372910 123.366492 123.354726 123.342960 123.333333 123.322686 123.313059 123.303433 123.292736 123.283159 123.270323 123.259627 123.250000 123.239353 123.231865 123.220099 123.210473 123.199825 123.192338 123.183781 123.173084 123.164576 123.153880 123.147462 123.138905 123.128209 123.118631 123.109004 123.104726 123.104726 123.111144 123.117562 123.128209 123.128209 123.135696 123.143184 123.149602 123.153880 123.163507 123.168806 123.178433 123.184850 123.192338 123.201964 123.207313
0.000000 0.000000 0.000000 0.000000 0.000000 0.000000 0.000000 0.000000 0.000000 0.000000 0.000000 0.000000 123.416667 123.403880 123.393184 123.382487 123.373979 123.361144 123.350447 123.341890 123.331243 123.321616 123.308781 123.298084 123.289576 123.278880 123.269253 123.257487 123.245770 123.236144 123.229726 123.220099 123.209403 123.198756 123.185920 123.178433 123.168806 123.161367 123.151741 123.144253 123.133557 123.125000 123.117562 123.105796 123.102587 123.101517 123.107935 123.115422 123.120770 123.125000 123.132487 123.138905 123.148532 123.152810 123.160298 123.166667 123.173084 123.181641 123.188059 123.196616
0.000000 0.000000 0.000000 0.000000 0.000000 0.000000 0.000000 0.000000 0.000000 0.000000 0.000000 0.000000 0.000000 123.415646 123.403880 123.391044 123.380348 123.369701 123.362213 123.350447 123.337612 123.329104 123.318407 123.308781 123.295945 123.287437 123.275671 123.267114 123.256418 123.243631 123.232935 123.224378 123.214751 123.205173 123.194477 123.184850 123.177363 123.165646 123.156019 123.148532 123.142114 123.130348 123.121840 123.113283 123.102587 123.099378 123.098308 123.104726 123.113283 123.121840 123.121840 123.129279 123.135696 123.144253 123.149602 123.156019 123.164576 123.173084 123.178433 123.189129
0.000000 0.000000 0.000000 0.000000 0.000000 0.000000 0.000000 0.000000 0.000000 0.000000 0.000000 0.000000 0.000000 0.000000 123.413507 123.401741 123.389975 123.379279 123.367562 123.356865 123.345099 123.337612 123.325895 123.316268 123.306641 123.295945 123.283159 123.273532 123.261766 123.252139 123.241492 123.230796 123.222239 123.212612 123.201964 123.192338 123.181641 123.174154 123.164576 123.151741 123.147462 123.135696 123.128209 123.118631 123.111144 123.099378 123.096169 123.096169 123.103656 123.109004 123.116492 123.118631 123.126070 123.135696 123.142114 123.148532 123.152810 123.161367 123.167736 123.177363
0.000000 0.000000 0.000000 0.000000 0.000000 0.000000 0.000000 0.000000 0.000000 0.000000 0.000000 0.000000 0.000000 0.000000 0.000000 123.409228 123.398532 123.389975 123.377139 123.366492 123.354726 123.342960 123.332313 123.324825 123.313059 123.302363 123.291667 123.282089 123.270323 123.261766 123.251070 123.238283 123.228656 123.220099 123.210473 123.199825 123.189129 123.180572 123.169876 123.162437 123.150671 123.143184 123.134627 123.125000 123.115422 123.106865 123.098308 123.092960 123.092960 123.100447 123.107935 123.115422 123.115422 123.123979 123.130348 123.136766 123.144253 123.151741 123.157089 123.167736
