FireSTARR/test/constant/M1M225PC_S060_A000_WD315_WS020/arrival.asc
ncols         20
nrows         21
xllcorner     424903.990666
yllcorner     12746955.311160
cellsize      100.000000
NODATA_value  0.000000
0.000000 0.000000 0.000000 0.000000 0.000000 0.000000 0.000000 0.000000 0.000000 0.000000 0.000000 0.000000 0.000000 0.000000 0.000000 123.357326 123.357326 123.373321 0.000000 0.000000 
0.000000 0.000000 0.000000 0.000000 0.000000 0.000000 0.000000 0.000000 0.000000 0.000000 0.000000 0.000000 123.406990 123.331654 123.257997 123.190659 123.115323 123.115323 123.174664 123.398992 
0.000000 0.000000 0.000000 0.000000 0.000000 0.000000 0.000000 0.000000 0.000000 0.000000 123.416667 123.349328 123.273992 123.206654 123.132997 123.065659 123.015995 123.000000 123.099328 123.307662 
0.000000 0.000000 0.000000 0.000000 0.000000 0.000000 0.000000 0.000000 0.000000 123.390995 123.323656 123.248321 123.182662 123.132997 123.091331 123.039987 123.015995 123.015995 123.132997 123.323656 
0.000000 0.000000 0.000000 0.000000 0.000000 0.000000 0.000000 0.000000 123.365323 123.299664 123.257997 123.198656 123.164987 123.107326 123.065659 123.039987 123.039987 123.065659 123.206654 123.398992 
0.000000 0.000000 0.000000 0.000000 0.000000 0.000000 123.414987 123.373321 123.323656 123.273992 123.216331 123.174664 123.115323 123.091331 123.073656 123.065659 123.081654 123.132997 123.281990 0.000000 
0.000000 0.000000 0.000000 0.000000 0.000000 0.000000 123.390995 123.349328 123.281990 123.240323 123.190659 123.140995 123.115323 123.099328 123.091331 123.107326 123.115323 123.206654 123.349328 0.000000 
0.000000 0.000000 0.000000 0.000000 0.000000 123.414987 123.349328 123.315659 123.257997 123.206654 123.164987 123.140995 123.123321 123.115323 123.123321 123.148992 123.182662 123.281990 123.416667 0.000000 
0.000000 0.000000 0.000000 0.000000 123.416667 123.375000 123.323656 123.273992 123.216331 123.190659 123.166667 123.148992 123.132997 123.148992 123.164987 123.182662 123.257997 123.349328 0.000000 0.000000 
0.000000 0.000000 0.000000 0.000000 123.390995 123.333333 123.289987 123.240323 123.216331 123.198656 123.174664 123.156990 123.174664 123.182662 123.206654 123.232326 123.323656 0.000000 0.000000 0.000000 
0.000000 0.000000 0.000000 123.406990 123.357326 123.315659 123.265995 123.240323 123.216331 123.198656 123.182662 123.198656 123.206654 123.216331 123.240323 123.299664 123.398992 0.000000 0.000000 0.000000 
0.000000 0.000000 0.000000 123.373321 123.323656 123.289987 123.265995 123.248321 123.224328 123.206654 123.216331 123.224328 123.248321 123.265995 123.273992 123.373321 0.000000 0.000000 0.000000 0.000000 
0.000000 0.000000 123.398992 123.341331 123.315659 123.291667 123.273992 123.248321 123.232326 123.240323 123.257997 123.265995 123.281990 123.307662 123.349328 0.000000 0.000000 0.000000 0.000000 0.000000 
0.000000 123.414987 123.365323 123.341331 123.315659 123.307662 123.273992 123.257997 123.257997 123.273992 123.281990 123.307662 123.323656 123.341331 123.416667 0.000000 0.000000 0.000000 0.000000 0.000000 
123.416667 123.390995 123.365323 123.349328 123.323656 123.299664 123.281990 123.281990 123.299664 123.307662 123.323656 123.349328 123.365323 123.398992 0.000000 0.000000 0.000000 0.000000 0.000000 0.000000 
123.414987 123.390995 123.373321 123.349328 123.323656 123.299664 123.299664 123.323656 123.331654 123.349328 123.365323 123.382997 123.398992 0.000000 0.000000 0.000000 0.000000 0.000000 0.000000 0.000000 
123.414987 123.398992 123.373321 123.349328 123.331654 123.323656 123.341331 123.357326 123.365323 123.390995 123.406990 0.000000 0.000000 0.000000 0.000000 0.000000 0.000000 0.000000 0.000000 0.000000 
0.000000 123.398992 123.375000 123.357326 123.349328 123.365323 123.382997 123.390995 123.406990 0.000000 0.000000 0.000000 0.000000 0.000000 0.000000 0.000000 0.000000 0.000000 0.000000 0.000000 
0.000000 123.406990 123.382997 123.373321 123.390995 123.398992 123.414987 0.000000 0.000000 0.000000 0.000000 0.000000 0.000000 0.000000 0.000000 0.000000 0.000000 0.000000 0.000000 0.000000 
0.000000 123.406990 123.398992 123.406990 123.414987 0.000000 0.000000 0.000000 0.000000 0.000000 0.000000 0.000000 0.000000 0.000000 0.000000 0.000000 0.000000 0.000000 0.000000 0.000000 
0.000000 123.416667 0.000000 0.000000 0.000000 0.000000 0.000000 0.000000 0.000000 0.000000 0.000000 0.000000 0.000000 0.000000 0.000000 0.000000 0.000000 0.000000 0.000000 0.000000 
