FireSTARR/test/constant/O1a_S060_A000_WD090_WS020/arrival.asc
ncols         747
nrows         59
xllcorner     352003.990666
yllcorner     12745855.311160
cellsize      100.000000
NODATA_value  0.000000
[rows 25 to 49 of 59, columns 570 to 626 of 747]
123.136438 123.135880 123.135322 123.134764 123.134206 123.133648 123.133090 123.132532 123.131974 123.131416 123.130859 123.130301 123.129743 123.129185 123.128627 123.128069 123.127511 123.126953 123.126395 123.125837 123.125279 123.124901 123.124343 123.123785 123.123227 123.122669 123.122111 123.121553 123.120995 123.120437 123.119879 123.119322 123.118764 123.118206 123.117648 123.117090 123.116532 123.115974 123.115416 123.114858 123.114300 123.113742 123.113184 123.112626 123.112068 123.111510 123.110952 123.110394 123.109836 123.109278 123.108720 123.108162 123.107604 123.107046 123.106489 123.105931 123.105373
123.125279 123.124901 123.124343 123.123785 123.123227 123.122669 123.122111 123.121553 123.120995 123.120437 123.119879 123.119322 123.118764 123.118206 123.117648 123.117090 123.116532 123.115974 123.115416 123.114858 123.114300 123.113742 123.113184 123.112626 123.112068 123.111510 123.110952 123.110394 123.109836 123.109278 123.108720 123.108162 123.107604 123.107046 123.106489 123.105931 123.105373 123.104815 123.104257 123.103699 123.103141 123.102583 123.102025 123.101467 123.100909 123.100351 123.099793 123.099235 123.098677 123.098119 123.097561 123.097003 123.096445 123.095887 123.095329 123.094771 123.094213
123.114300 123.113742 123.113184 123.112626 123.112068 123.111510 123.110952 123.110394 123.109836 123.109278 123.108720 123.108162 123.107604 123.107046 123.106489 123.105931 123.105373 123.104815 123.104257 123.103699 123.103141 123.102583 123.102025 123.101467 123.100909 123.100351 123.099793 123.099235 123.098677 123.098119 123.097561 123.097003 123.096445 123.095887 123.095329 123.094771 123.094213 123.093656 123.093098 123.092540 123.091982 123.091424 123.090866 123.090308 123.089750 123.089192 123.088634 123.088076 123.087518 123.086960 123.086402 123.085844 123.085286 123.084728 123.084170 123.083612 123.082955
123.103141 123.102583 123.102025 123.101467 123.100909 123.100351 123.099793 123.099235 123.098677 123.098119 123.097561 123.097003 123.096445 123.095887 123.095329 123.094771 123.094213 123.093656 123.093098 123.092540 123.091982 123.091424 123.090866 123.090308 123.089750 123.089192 123.088634 123.088076 123.087518 123.086960 123.086402 123.085844 123.085286 123.084728 123.084170 123.083612 123.082955 123.082397 123.081840 123.081282 123.080724 123.080166 123.079608 123.079050 123.078492 123.077934 123.077376 123.076818 123.076260 123.075702 123.075144 123.074586 123.074028 123.073470 123.072912 123.072354 123.071796
123.098398 123.097840 123.097282 123.096724 123.096166 123.095608 123.095050 123.094492 123.093935 123.093377 123.092819 123.092261 123.091703 123.091145 123.090587 123.090029 123.089471 123.088913 123.088355 123.087797 123.087239 123.086681 123.086123 123.085565 123.085007 123.084449 123.083891 123.083234 123.082676 123.082119 123.081561 123.081003 123.080445 123.079887 123.079329 123.078771 123.078213 123.077655 123.077097 123.076539 123.075981 123.075423 123.074865 123.074307 123.073749 123.073191 123.072633 123.072075 123.071517 123.070959 123.070401 123.069843 123.069286 123.068728 123.068170 123.067612 123.067054
123.104257 123.103699 123.103141 123.102583 123.102025 123.101467 123.100909 123.100351 123.099793 123.099235 123.098677 123.098119 123.097561 123.097003 123.096445 123.095887 123.095329 123.094771 123.094213 123.093656 123.093098 123.092540 123.091982 123.091424 123.090866 123.090308 123.089750 123.089192 123.088634 123.088076 123.087518 123.086960 123.086402 123.085844 123.085286 123.084728 123.084170 123.083612 123.083234 123.082676 123.082119 123.081561 123.081003 123.080445 123.079887 123.079329 123.078771 123.078213 123.077655 123.077097 123.076539 123.075981 123.075423 123.074865 123.074307 123.073749 123.073191
123.115416 123.114858 123.114300 123.113742 123.113184 123.112626 123.112068 123.111510 123.110952 123.110394 123.109836 123.109278 123.108720 123.108162 123.107604 123.107046 123.106489 123.105931 123.105373 123.104815 123.104257 123.103699 123.103141 123.102583 123.102025 123.101467 123.100909 123.100351 123.099793 123.099235 123.098677 123.098119 123.097561 123.097003 123.096445 123.095887 123.095329 123.094771 123.094213 123.093656 123.093098 123.092540 123.091982 123.091424 123.090866 123.090308 123.089750 123.089192 123.088634 123.088076 123.087518 123.086960 123.086402 123.085844 123.085286 123.084728 123.084170
123.126674 123.126116 123.125558 123.124901 123.124343 123.123785 123.123227 123.122669 123.122111 123.121553 123.120995 123.120437 123.119879 123.119322 123.118764 123.118206 123.117648 123.117090 123.116532 123.115974 123.115416 123.114858 123.114300 123.113742 123.113184 123.112626 123.112068 123.111510 123.110952 123.110394 123.109836 123.109278 123.108720 123.108162 123.107604 123.107046 123.106489 123.105931 123.105373 123.104815 123.104257 123.103699 123.103141 123.102583 123.102025 123.101467 123.100909 123.100351 123.099793 123.099235 123.098677 123.098119 123.097561 123.097003 123.096445 123.095887 123.095329
123.137833 123.137275 123.136717 123.136159 123.135601 123.135043 123.134485 123.133927 123.133369 123.132811 123.132253 123.131695 123.131138 123.130580 123.130022 123.129464 123.128906 123.128348 123.127790 123.127232 123.126674 123.126116 123.125558 123.124901 123.124343 123.123785 123.123227 123.122669 123.122111 123.121553 123.120995 123.120437 123.119879 123.119322 123.118764 123.118206 123.117648 123.117090 123.116532 123.115974 123.115416 123.114858 123.114300 123.113742 123.113184 123.112626 123.112068 123.111510 123.110952 123.110394 123.109836 123.109278 123.108720 123.108162 123.107604 123.107046 123.106489
123.148992 123.148434 123.147876 123.147318 123.146760 123.146202 123.145644 123.145086 123.144528 123.143971 123.143413 123.142855 123.142297 123.141739 123.141181 123.140623 123.140065 123.139507 123.138949 123.138391 123.137833 123.137275 123.136717 123.136159 123.135601 123.135043 123.134485 123.133927 123.133369 123.132811 123.132253 123.131695 123.131138 123.130580 123.130022 123.129464 123.128906 123.128348 123.127790 123.127232 123.126674 123.126116 123.125558 123.125000 123.124622 123.124064 123.123506 123.122948 123.122390 123.121832 123.121274 123.120716 123.120158 123.119600 123.119043 123.118485 123.117927
123.160151 123.159593 123.159035 123.158477 123.157919 123.157361 123.156804 123.156246 123.155688 123.155130 123.154572 123.154014 123.153456 123.152898 123.152340 123.151782 123.151224 123.150666 123.150108 123.149550 123.148992 123.148434 123.147876 123.147318 123.146760 123.146202 123.145644 123.145086 123.144528 123.143971 123.143413 123.142855 123.142297 123.141739 123.141181 123.140623 123.140065 123.139507 123.138949 123.138391 123.137833 123.137275 123.136717 123.136159 123.135601 123.135043 123.134485 123.133927 123.133369 123.132811 123.132253 123.131695 123.131138 123.130580 123.130022 123.129464 123.128906
123.171409 123.170851 123.170293 123.169735 123.169177 123.168620 123.168062 123.167504 123.166946 123.166289 123.165731 123.165173 123.164615 123.164057 123.163499 123.162941 123.162383 123.161825 123.161267 123.160709 123.160151 123.159593 123.159035 123.158477 123.157919 123.157361 123.156804 123.156246 123.155688 123.155130 123.154572 123.154014 123.153456 123.152898 123.152340 123.151782 123.151224 123.150666 123.150108 123.149550 123.148992 123.148434 123.147876 123.147318 123.146760 123.146202 123.145644 123.145086 123.144528 123.143971 123.143413 123.142855 123.142297 123.141739 123.141181 123.140623 123.140065
123.182568 123.182010 123.181453 123.180895 123.180337 123.179779 123.179221 123.178663 123.178105 123.177547 123.176989 123.176431 123.175873 123.175315 123.174757 123.174199 123.173641 123.173083 123.172525 123.171967 123.171409 123.170851 123.170293 123.169735 123.169177 123.168620 123.168062 123.167504 123.166946 123.166289 123.165731 123.165173 123.164615 123.164057 123.163499 123.162941 123.162383 123.161825 123.161267 123.160709 123.160151 123.159593 123.159035 123.158477 123.157919 123.157361 123.156804 123.156246 123.155688 123.155130 123.154572 123.154014 123.153456 123.152898 123.152340 123.151782 123.151224
123.193728 123.193170 123.192612 123.192054 123.191496 123.190938 123.190380 123.189822 123.189264 123.188706 123.188148 123.187590 123.187032 123.186474 123.185916 123.185358 123.184800 123.184242 123.183684 123.183126 123.182568 123.182010 123.181453 123.180895 123.180337 123.179779 123.179221 123.178663 123.178105 123.177547 123.176989 123.176431 123.175873 123.175315 123.174757 123.174199 123.173641 123.173083 123.172525 123.171967 123.171409 123.170851 123.170293 123.169735 123.169177 123.168620 123.168062 123.167504 123.166946 123.166289 123.165731 123.165173 123.164615 123.164057 123.163499 123.162941 123.162383
123.204887 123.204329 123.203771 123.203213 123.202655 123.202097 123.201539 123.200981 123.200423 123.199865 123.199307 123.198749 123.198191 123.197633 123.197075 123.196517 123.195959 123.195401 123.194843 123.194286 123.193728 123.193170 123.192612 123.192054 123.191496 123.190938 123.190380 123.189822 123.189264 123.188706 123.188148 123.187590 123.187032 123.186474 123.185916 123.185358 123.184800 123.184242 123.183684 123.183126 123.182568 123.182010 123.181453 123.180895 123.180337 123.179779 123.179221 123.178663 123.178105 123.177547 123.176989 123.176431 123.175873 123.175315 123.174757 123.174199 123.173641
123.215866 123.215308 123.214750 123.214192 123.213634 123.213076 123.212518 123.211960 123.211402 123.210844 123.210286 123.209728 123.209170 123.208612 123.208234 123.207676 123.207119 123.206561 123.206003 123.205445 123.204887 123.204329 123.203771 123.203213 123.202655 123.202097 123.201539 123.200981 123.200423 123.199865 123.199307 123.198749 123.198191 123.197633 123.197075 123.196517 123.195959 123.195401 123.194843 123.194286 123.193728 123.193170 123.192612 123.192054 123.191496 123.190938 123.190380 123.189822 123.189264 123.188706 123.188148 123.187590 123.187032 123.186474 123.185916 123.185358 123.184800
123.227025 123.226467 123.225909 123.225351 123.224793 123.224235 123.223677 123.223119 123.222561 123.222003 123.221445 123.220887 123.220329 123.219771 123.219213 123.218656 123.218098 123.217540 123.216982 123.216424 123.215866 123.215308 123.214750 123.214192 123.213634 123.213076 123.212518 123.211960 123.211402 123.210844 123.210286 123.209728 123.209170 123.208612 123.208234 123.207676 123.207119 123.206561 123.206003 123.205445 123.204887 123.204329 123.203771 123.203213 123.202655 123.202097 123.201539 123.200981 123.200423 123.199865 123.199307 123.198749 123.198191 123.197633 123.197075 123.196517 123.195959
123.238184 123.237626 123.237068 123.236510 123.235952 123.235394 123.234836 123.234278 123.233720 123.233162 123.232604 123.232046 123.231489 123.230931 123.230373 123.229815 123.229257 123.228699 123.228141 123.227583 123.227025 123.226467 123.225909 123.225351 123.224793 123.224235 123.223677 123.223119 123.222561 123.222003 123.221445 123.220887 123.220329 123.219771 123.219213 123.218656 123.218098 123.217540 123.216982 123.216424 123.215866 123.215308 123.214750 123.214192 123.213634 123.213076 123.212518 123.211960 123.211402 123.210844 123.210286 123.209728 123.209170 123.208612 123.208234 123.207676 123.207119
123.249343 123.248785 123.248227 123.247669 123.247111 123.246553 123.245995 123.245437 123.244879 123.244322 123.243764 123.243206 123.242648 123.242090 123.241532 123.240974 123.240416 123.239858 123.239300 123.238742 123.238184 123.237626 123.237068 123.236510 123.235952 123.235394 123.234836 123.234278 123.233720 123.233162 123.232604 123.232046 123.231489 123.230931 123.230373 123.229815 123.229257 123.228699 123.228141 123.227583 123.227025 123.226467 123.225909 123.225351 123.224793 123.224235 123.223677 123.223119 123.222561 123.222282 123.222003 123.221445 123.220887 123.220329 123.219771 123.219213 123.218656
123.260601 123.260043 123.259485 123.258927 123.258369 123.257811 123.257253 123.256695 123.256138 123.255580 123.255022 123.254464 123.253906 123.253348 123.252790 123.252232 123.251674 123.251116 123.250558 123.250000 123.249622 123.249064 123.248506 123.247948 123.247390 123.246832 123.246274 123.245716 123.245158 123.244600 123.244043 123.243485 123.242927 123.242369 123.241811 123.241253 123.240695 123.240137 123.239579 123.239021 123.238463 123.238184 123.237626 123.237068 123.236510 123.235952 123.235394 123.234836 123.234278 123.233720 123.233162 123.232604 123.232046 123.231489 123.230931 123.230373 123.229815
123.271760 123.271202 123.270644 123.270086 123.269528 123.268971 123.268413 123.267855 123.267297 123.266739 123.266181 123.265623 123.265065 123.264507 123.263949 123.263391 123.262833 123.262275 123.261717 123.261159 123.260601 123.260043 123.259485 123.258927 123.258369 123.257811 123.257532 123.256974 123.256416 123.255859 123.255301 123.254743 123.254185 123.253627 123.253069 123.252790 123.252232 123.251674 123.251116 123.250558 123.249901 123.249343 123.248785 123.248227 123.247669 123.247111 123.246553 123.245995 123.245437 123.244879 123.244322 123.243764 123.243206 123.242648 123.242090 123.241532 123.240974
123.282919 123.282361 123.281804 123.281246 123.280688 123.280130 123.279572 123.279014 123.278456 123.277898 123.277340 123.276782 123.276224 123.275666 123.275108 123.274550 123.273992 123.273434 123.272876 123.272318 123.271760 123.271202 123.270644 123.270086 123.269528 123.268971 123.268413 123.267855 123.267297 123.267297 123.266739 123.266181 123.265623 123.265065 123.264507 123.263949 123.263391 123.262833 123.262275 123.261717 123.261159 123.260601 123.260043 123.259485 123.258927 123.258369 123.257811 123.257253 123.256695 123.256138 123.255580 123.255022 123.254464 123.253906 123.253348 123.252790 123.252232
123.294177 123.293620 123.293062 123.292504 123.291946 123.291289 123.290731 123.290173 123.289615 123.289057 123.288499 123.287941 123.287383 123.286825 123.286267 123.285709 123.285151 123.284593 123.284035 123.283477 123.282919 123.282919 123.282361 123.281804 123.281246 123.280688 123.280130 123.279572 123.279014 123.278456 123.277898 123.277340 123.276782 123.276224 123.275666 123.275108 123.274550 123.273992 123.273434 123.272876 123.272318 123.271760 123.271202 123.270644 123.270086 123.269528 123.268971 123.268413 123.267855 123.267297 123.266739 123.266181 123.265623 123.265065 123.264507 123.263949 123.263391
123.305337 123.304779 123.304221 123.303663 123.303105 123.302547 123.301989 123.301431 123.300873 123.300315 123.299757 123.299199 123.298920 123.298362 123.297804 123.297246 123.296688 123.296130 123.295572 123.295014 123.294456 123.293898 123.293341 123.292783 123.292225 123.291946 123.291289 123.290731 123.290173 123.289615 123.289057 123.288499 123.287941 123.287383 123.286825 123.286267 123.285709 123.285151 123.284593 123.284035 123.283477 123.282919 123.282361 123.281804 123.281246 123.280688 123.280130 123.279572 123.279014 123.278456 123.277898 123.277340 123.276782 123.276224 123.275666 123.275108 123.274550
123.316496 123.315938 123.315380 123.314822 123.314264 123.314264 123.313706 123.313148 123.312590 123.312032 123.311474 123.310916 123.310358 123.309800 123.309242 123.308684 123.308126 123.307568 123.307010 123.306453 123.305895 123.305337 123.304779 123.304221 123.303663 123.303105 123.302547 123.301989 123.301431 123.300873 123.300315 123.299757 123.299199 123.298641 123.298083 123.297525 123.296967 123.296409 123.295851 123.295293 123.294735 123.294177 123.293620 123.293062 123.292504 123.291946 123.291289 123.290731 123.290452 123.289894 123.289336 123.288778 123.288220 123.287662 123.287104 123.286546 123.285988
