FireSTARR/test/constant/O1a_S060_A000_WD090_WS020/arrival.asc
ncols         747
nrows         59
xllcorner     352003.990666
yllcorner     12745855.311160
cellsize      100.000000
NODATA_value  0.000000
[rows 25 to 49 of 59, columns 684 to 740 of 747]
123.072912 123.072354 123.071796 123.071238 123.070680 123.070122 123.069564 123.069007 123.068449 123.067891 123.067333 123.066775 123.066217 123.065659 123.065101 123.064543 123.063985 123.063427 123.062869 123.062311 123.061753 123.061195 123.060637 123.060079 123.059521 123.058963 123.058405 123.057847 123.057289 123.056731 123.056174 123.055616 123.055058 123.054500 123.053942 123.053384 123.052826 123.052268 123.051710 123.051152 123.050594 123.050036 123.049478 123.049478 123.062311 123.069564 123.081561 123.105931 123.126395 123.149829 123.173641 123.196796 123.220887 123.242927 123.272039 123.289615 123.315380
123.061753 123.061195 123.060637 123.060079 123.059521 123.058963 123.058405 123.057847 123.057289 123.056731 123.056174 123.055616 123.055058 123.054500 123.053942 123.053384 123.052826 123.052268 123.051710 123.051152 123.050594 123.050036 123.049478 123.048920 123.048362 123.047804 123.047246 123.046688 123.046130 123.045572 123.045014 123.044456 123.043898 123.043341 123.042783 123.042225 123.041667 123.041289 123.040731 123.040173 123.039615 123.039057 123.038499 123.037941 123.037383 123.036825 123.036267 123.035709 123.035151 123.041568 123.046967 123.061753 123.085565 123.107604 123.130022 123.155967 123.180337
123.050594 123.050036 123.049478 123.048920 123.048362 123.047804 123.047246 123.046688 123.046130 123.045572 123.045014 123.044456 123.043898 123.043341 123.042783 123.042225 123.041667 123.041289 123.040731 123.040173 123.039615 123.039057 123.038499 123.037941 123.037383 123.036825 123.036267 123.035709 123.035151 123.034593 123.034035 123.033477 123.032919 123.032361 123.031804 123.031246 123.030688 123.030130 123.029572 123.029014 123.028456 123.027898 123.027340 123.026782 123.026224 123.025666 123.025108 123.024550 123.023992 123.023434 123.022876 123.022318 123.021760 123.021202 123.020923 123.028177 123.044177
123.039615 123.039057 123.038499 123.037941 123.037383 123.036825 123.036267 123.035709 123.035151 123.034593 123.034035 123.033477 123.032919 123.032361 123.031804 123.031246 123.030688 123.030130 123.029572 123.029014 123.028456 123.027898 123.027340 123.026782 123.026224 123.025666 123.025108 123.024550 123.023992 123.023434 123.022876 123.022318 123.021760 123.021202 123.020644 123.020086 123.019528 123.018971 123.018413 123.017855 123.017297 123.016739 123.016181 123.015623 123.015065 123.014507 123.013949 123.013391 123.012833 123.012275 123.011717 123.011159 123.010601 123.010043 123.009485 123.008927 123.008369
123.034593 123.034035 123.033477 123.032919 123.032361 123.031804 123.031246 123.030688 123.030130 123.029572 123.029014 123.028456 123.027898 123.027340 123.026782 123.026224 123.025666 123.025108 123.024550 123.023992 123.023434 123.022876 123.022318 123.021760 123.021202 123.020644 123.020086 123.019528 123.018971 123.018413 123.017855 123.017297 123.016739 123.016181 123.015623 123.015065 123.014507 123.013949 123.013391 123.012833 123.012275 123.011717 123.011159 123.010601 123.010043 123.009485 123.008927 123.008369 123.007811 123.007253 123.006695 123.006138 123.005580 123.005022 123.004464 123.003906 123.003348
123.040731 123.040173 123.039615 123.039057 123.038499 123.037941 123.037383 123.036825 123.036267 123.035709 123.035151 123.034593 123.034035 123.033477 123.032919 123.032361 123.031804 123.031246 123.030688 123.030130 123.029572 123.029014 123.028456 123.027898 123.027340 123.026782 123.026224 123.025666 123.025108 123.024550 123.023992 123.023434 123.022876 123.022318 123.021760 123.021202 123.020644 123.020086 123.019528 123.018971 123.018413 123.017855 123.017297 123.016739 123.016181 123.015623 123.015065 123.014507 123.013949 123.013391 123.012833 123.012275 123.011717 123.011159 123.010601 123.010043 123.009485
123.051989 123.051431 123.050873 123.050315 123.049757 123.049199 123.048641 123.048083 123.047525 123.046967 123.046409 123.045851 123.045293 123.044735 123.044177 123.043620 123.043062 123.042504 123.041946 123.041289 123.040731 123.040173 123.039615 123.039057 123.038499 123.037941 123.037383 123.036825 123.036267 123.035709 123.035151 123.034593 123.034035 123.033477 123.032919 123.032361 123.031804 123.031246 123.030688 123.030130 123.029572 123.029014 123.028456 123.027898 123.027340 123.026782 123.026224 123.025666 123.025108 123.024829 123.024271 123.023713 123.023155 123.022597 123.027061 123.037104 123.058963
123.063148 123.062590 123.062032 123.061474 123.060916 123.060358 123.059800 123.059242 123.058684 123.058126 123.057568 123.057010 123.056453 123.055895 123.055337 123.054779 123.054221 123.053663 123.053105 123.052547 123.051989 123.051431 123.050873 123.050315 123.049757 123.049199 123.048641 123.048083 123.047525 123.046967 123.046409 123.045851 123.045293 123.044735 123.044177 123.043620 123.043062 123.042504 123.041946 123.041568 123.041010 123.040452 123.039894 123.039336 123.038778 123.038220 123.037662 123.037104 123.036825 123.048083 123.058126 123.073470 123.098398 123.124064 123.146202 123.170293 123.194007
123.074307 123.073749 123.073191 123.072633 123.072075 123.071517 123.070959 123.070401 123.069843 123.069286 123.068728 123.068170 123.067612 123.067054 123.066496 123.065938 123.065380 123.064822 123.064264 123.063706 123.063148 123.062590 123.062032 123.061474 123.060916 123.060358 123.059800 123.059242 123.058684 123.058126 123.057568 123.057010 123.056453 123.055895 123.055337 123.054779 123.054221 123.053663 123.053105 123.052547 123.051989 123.051431 123.051152 123.057847 123.068170 123.076260 123.094492 123.114858 123.140065 123.164894 123.186753 123.218656 123.236510 123.258369 123.284035 123.307568 123.328492
123.085565 123.085007 123.084449 123.083891 123.083234 123.082676 123.082119 123.081561 123.081003 123.080445 123.079887 123.079329 123.078771 123.078213 123.077655 123.077097 123.076539 123.075981 123.075423 123.075144 123.074586 123.074028 123.073470 123.072912 123.072354 123.071796 123.071238 123.070680 123.070122 123.069564 123.069007 123.068449 123.067891 123.067333 123.066775 123.066496 123.065659 123.069007 123.079608 123.088355 123.096445 123.112068 123.137833 123.161546 123.182847 123.204329 123.232604 123.254464 123.279293 123.302268 123.323749 123.350072 123.371553 123.395365 0.000000 0.000000 0.000000
123.096445 123.095887 123.095329 123.094771 123.094213 123.093656 123.093098 123.092540 123.092261 123.091703 123.091145 123.090587 123.090029 123.089471 123.088913 123.088355 123.087797 123.087239 123.086681 123.086123 123.085565 123.085007 123.084449 123.083891 123.083333 123.082955 123.082397 123.081840 123.081282 123.080724 123.080166 123.079887 123.091424 123.100909 123.110394 123.115416 123.131974 123.155409 123.174757 123.199586 123.226746 123.246553 123.270923 123.297804 123.321238 123.341145 123.367927 123.392576 123.414336 0.000000 0.000000 0.000000 0.000000 0.000000 0.000000 0.000000 0.000000
123.107883 123.107325 123.106767 123.106210 123.105652 123.105094 123.104536 123.103978 123.103420 123.102862 123.102304 123.101746 123.101188 123.100630 123.100072 123.099514 123.098956 123.098398 123.097840 123.097282 123.096724 123.096166 123.095608 123.095050 123.094492 123.094213 123.100630 123.111231 123.122948 123.128627 123.136996 123.153177 123.176710 123.198749 123.218377 123.241253 123.265065 123.291010 123.315101 123.336681 123.362347 123.385043 123.410430 0.000000 0.000000 0.000000 0.000000 0.000000 0.000000 0.000000 0.000000 0.000000 0.000000 0.000000 0.000000 0.000000 0.000000
123.119043 123.118485 123.117927 123.117648 123.117090 123.116532 123.115974 123.115416 123.114858 123.114300 123.113742 123.113184 123.112626 123.112068 123.111510 123.110952 123.110394 123.109836 123.109278 123.108720 123.112626 123.121832 123.130580 123.140344 123.146760 123.154293 123.174478 123.194286 123.215587 123.239858 123.261996 123.284035 123.306174 123.331282 123.355094 123.380580 123.402619 0.000000 0.000000 0.000000 0.000000 0.000000 0.000000 0.000000 0.000000 0.000000 0.000000 0.000000 0.000000 0.000000 0.000000 0.000000 0.000000 0.000000 0.000000 0.000000 0.000000
123.130301 123.129743 123.129185 123.128627 123.128069 123.127511 123.126953 123.126395 123.125837 123.125279 123.124901 123.124343 123.123785 123.123227 123.122948 123.132811 123.142018 123.149829 123.160151 123.169456 123.175036 123.191496 123.213355 123.232604 123.255580 123.276782 123.301989 123.325423 123.348677 123.376116 123.395086 0.000000 0.000000 0.000000 0.000000 0.000000 0.000000 0.000000 0.000000 0.000000 0.000000 0.000000 0.000000 0.000000 0.000000 0.000000 0.000000 0.000000 0.000000 0.000000 0.000000 0.000000 0.000000 0.000000 0.000000 0.000000 0.000000
123.141460 123.140902 123.140344 123.139786 123.139228 123.138670 123.138112 123.137554 123.137275 123.147039 123.154572 123.164057 123.172804 123.181731 123.189264 123.195401 123.211960 123.230373 123.248506 123.275108 123.298641 123.321796 123.344771 123.365137 123.390902 123.414894 0.000000 0.000000 0.000000 0.000000 0.000000 0.000000 0.000000 0.000000 0.000000 0.000000 0.000000 0.000000 0.000000 0.000000 0.000000 0.000000 0.000000 0.000000 0.000000 0.000000 0.000000 0.000000 0.000000 0.000000 0.000000 0.000000 0.000000 0.000000 0.000000 0.000000 0.000000
123.152898 123.152340 123.151782 123.155409 123.168620 123.173641 123.183405 123.193728 123.202934 123.209170 123.216424 123.231489 123.247111 123.267297 123.291289 123.313706 123.339192 123.364021 123.384206 123.410988 0.000000 0.000000 0.000000 0.000000 0.000000 0.000000 0.000000 0.000000 0.000000 0.000000 0.000000 0.000000 0.000000 0.000000 0.000000 0.000000 0.000000 0.000000 0.000000 0.000000 0.000000 0.000000 0.000000 0.000000 0.000000 0.000000 0.000000 0.000000 0.000000 0.000000 0.000000 0.000000 0.000000 0.000000 0.000000 0.000000 0.000000
123.198470 123.204608 123.213355 123.220887 123.228699 123.237626 123.252511 123.267576 123.288778 123.313706 123.331840 123.361231 123.382532 123.405130 0.000000 0.000000 0.000000 0.000000 0.000000 0.000000 0.000000 0.000000 0.000000 0.000000 0.000000 0.000000 0.000000 0.000000 0.000000 0.000000 0.000000 0.000000 0.000000 0.000000 0.000000 0.000000 0.000000 0.000000 0.000000 0.000000 0.000000 0.000000 0.000000 0.000000 0.000000 0.000000 0.000000 0.000000 0.000000 0.000000 0.000000 0.000000 0.000000 0.000000 0.000000 0.000000 0.000000
123.259764 123.272876 123.287104 123.305895 123.327376 123.353978 123.374901 123.399829 0.000000 0.000000 0.000000 0.000000 0.000000 0.000000 0.000000 0.000000 0.000000 0.000000 0.000000 0.000000 0.000000 0.000000 0.000000 0.000000 0.000000 0.000000 0.000000 0.000000 0.000000 0.000000 0.000000 0.000000 0.000000 0.000000 0.000000 0.000000 0.000000 0.000000 0.000000 0.000000 0.000000 0.000000 0.000000 0.000000 0.000000 0.000000 0.000000 0.000000 0.000000 0.000000 0.000000 0.000000 0.000000 0.000000 0.000000 0.000000 0.000000
123.368206 123.389786 123.415731 0.000000 0.000000 0.000000 0.000000 0.000000 0.000000 0.000000 0.000000 0.000000 0.000000 0.000000 0.000000 0.000000 0.000000 0.000000 0.000000 0.000000 0.000000 0.000000 0.000000 0.000000 0.000000 0.000000 0.000000 0.000000 0.000000 0.000000 0.000000 0.000000 0.000000 0.000000 0.000000 0.000000 0.000000 0.000000 0.000000 0.000000 0.000000 0.000000 0.000000 0.000000 0.000000 0.000000 0.000000 0.000000 0.000000 0.000000 0.000000 0.000000 0.000000 0.000000 0.000000 0.000000 0.000000
0.000000 0.000000 0.000000 0.000000 0.000000 0.000000 0.000000 0.000000 0.000000 0.000000 0.000000 0.000000 0.000000 0.000000 0.000000 0.000000 0.000000 0.000000 0.000000 0.000000 0.000000 0.000000 0.000000 0.000000 0.000000 0.000000 0.000000 0.000000 0.000000 0.000000 0.000000 0.000000 0.000000 0.000000 0.000000 0.000000 0.000000 0.000000 0.000000 0.000000 0.000000 0.000000 0.000000 0.000000 0.000000 0.000000 0.000000 0.000000 0.000000 0.000000 0.000000 0.000000 0.000000 0.000000 0.000000 0.000000 0.000000
0.000000 0.000000 0.000000 0.000000 0.000000 0.000000 0.000000 0.000000 0.000000 0.000000 0.000000 0.000000 0.000000 0.000000 0.000000 0.000000 0.000000 0.000000 0.000000 0.000000 0.000000 0.000000 0.000000 0.000000 0.000000 0.000000 0.000000 0.000000 0.000000 0.000000 0.000000 0.000000 0.000000 0.000000 0.000000 0.000000 0.000000 0.000000 0.000000 0.000000 0.000000 0.000000 0.000000 0.000000 0.000000 0.000000 0.000000 0.000000 0.000000 0.000000 0.000000 0.000000 0.000000 0.000000 0.000000 0.000000 0.000000
0.000000 0.000000 0.000000 0.000000 0.000000 0.000000 0.000000 0.000000 0.000000 0.000000 0.000000 0.000000 0.000000 0.000000 0.000000 0.000000 0.000000 0.000000 0.000000 0.000000 0.000000 0.000000 0.000000 0.000000 0.000000 0.000000 0.000000 0.000000 0.000000 0.000000 0.000000 0.000000 0.000000 0.000000 0.000000 0.000000 0.000000 0.000000 0.000000 0.000000 0.000000 0.000000 0.000000 0.000000 0.000000 0.000000 0.000000 0.000000 0.000000 0.000000 0.000000 0.000000 0.000000 0.000000 0.000000 0.000000 0.000000
0.000000 0.000000 0.000000 0.000000 0.000000 0.000000 0.000000 0.000000 0.000000 0.000000 0.000000 0.000000 0.000000 0.000000 0.000000 0.000000 0.000000 0.000000 0.000000 0.000000 0.000000 0.000000 0.000000 0.000000 0.000000 0.000000 0.000000 0.000000 0.000000 0.000000 0.000000 0.000000 0.000000 0.000000 0.000000 0.000000 0.000000 0.000000 0.000000 0.000000 0.000000 0.000000 0.000000 0.000000 0.000000 0.000000 0.000000 0.000000 0.000000 0.000000 0.000000 0.000000 0.000000 0.000000 0.000000 0.000000 0.000000
0.000000 0.000000 0.000000 0.000000 0.000000 0.000000 0.000000 0.000000 0.000000 0.000000 0.000000 0.000000 0.000000 0.000000 0.000000 0.000000 0.000000 0.000000 0.000000 0.000000 0.000000 0.000000 0.000000 0.000000 0.000000 0.000000 0.000000 0.000000 0.000000 0.000000 0.000000 0.000000 0.000000 0.000000 0.000000 0.000000 0.000000 0.000000 0.000000 0.000000 0.000000 0.000000 0.000000 0.000000 0.000000 0.000000 0.000000 0.000000 0.000000 0.000000 0.000000 0.000000 0.000000 0.000000 0.000000 0.000000 0.000000
0.000000 0.000000 0.000000 0.000000 0.000000 0.000000 0.000000 0.000000 0.000000 0.000000 0.000000 0.000000 0.000000 0.000000 0.000000 0.000000 0.000000 0.000000 0.000000 0.000000 0.000000 0.000000 0.000000 0.000000 0.000000 0.000000 0.000000 0.000000 0.000000 0.000000 0.000000 0.000000 0.000000 0.000000 0.000000 0.000000 0.000000 0.000000 0.000000 0.000000 0.000000 0.000000 0.000000 0.000000 0.000000 0.000000 0.000000 0.000000 0.000000 0.000000 0.000000 0.000000 0.000000 0.000000 0.000000 0.000000 0.000000
