FireSTARR/test/constant/O1a_S060_A000_WD090_WS020/arrival.asc
ncols         747
nrows         59
xllcorner     352003.990666
yllcorner     12745855.311160
cellsize      100.000000
NODATA_value  0.000000
[rows 25 to 49 of 59, columns 171 to 227 of 747]
123.359278 123.358720 123.358162 123.357604 123.357046 123.356489 123.355931 123.355373 123.354815 123.354257 123.353699 123.353141 123.352583 123.352025 123.351467 123.350909 123.350351 123.349793 123.349235 123.348677 123.348119 123.347561 123.347003 123.346445 123.345887 123.345329 123.344771 123.344213 123.343656 123.343098 123.342540 123.341982 123.341424 123.340866 123.340308 123.339750 123.339192 123.338634 123.338076 123.337518 123.336960 123.336402 123.335844 123.335286 123.334728 123.334170 123.333612 123.332955 123.332397 123.331840 123.331282 123.330724 123.330166 123.329608 123.329050 123.328492 123.327934
123.348119 123.347561 123.347003 123.346445 123.345887 123.345329 123.344771 123.344213 123.343656 123.343098 123.342540 123.341982 123.341424 123.340866 123.340308 123.339750 123.339192 123.338634 123.338076 123.337518 123.336960 123.336402 123.335844 123.335286 123.334728 123.334170 123.333612 123.332955 123.332397 123.331840 123.331282 123.330724 123.330166 123.329608 123.329050 123.328492 123.327934 123.327376 123.326818 123.326260 123.325702 123.325144 123.324586 123.324028 123.323470 123.322912 123.322354 123.321796 123.321238 123.320680 123.320122 123.319564 123.319007 123.318449 123.317891 123.317333 123.316775
123.336960 123.336402 123.335844 123.335286 123.334728 123.334170 123.333612 123.332955 123.332397 123.331840 123.331282 123.330724 123.330166 123.329608 123.329050 123.328492 123.327934 123.327376 123.326818 123.326260 123.325702 123.325144 123.324586 123.324028 123.323470 123.322912 123.322354 123.321796 123.321238 123.320680 123.320122 123.319564 123.319007 123.318449 123.317891 123.317333 123.316775 123.316217 123.315659 123.315101 123.314543 123.313985 123.313427 123.312869 123.312311 123.311753 123.311195 123.310637 123.310079 123.309521 123.308963 123.308405 123.307847 123.307289 123.306731 123.306174 123.305616
123.325702 123.325144 123.324586 123.324028 123.323470 123.322912 123.322354 123.321796 123.321238 123.320680 123.320122 123.319564 123.319007 123.318449 123.317891 123.317333 123.316775 123.316217 123.315659 123.315101 123.314543 123.313985 123.313427 123.312869 123.312311 123.311753 123.311195 123.310637 123.310079 123.309521 123.308963 123.308405 123.307847 123.307289 123.306731 123.306174 123.305616 123.305058 123.304500 123.303942 123.303384 123.302826 123.302268 123.301710 123.301152 123.300594 123.300036 123.299478 123.298920 123.298362 123.297804 123.297246 123.296688 123.296130 123.295572 123.295014 123.294456
123.320959 123.320401 123.319843 123.319286 123.318728 123.318170 123.317612 123.317054 123.316496 123.315938 123.315380 123.314822 123.314264 123.313706 123.313148 123.312590 123.312032 123.311474 123.310916 123.310358 123.309800 123.309242 123.308684 123.308126 123.307568 123.307010 123.306453 123.305895 123.305337 123.304779 123.304221 123.303663 123.303105 123.302547 123.301989 123.301431 123.300873 123.300315 123.299757 123.299199 123.298641 123.298083 123.297525 123.296967 123.296409 123.295851 123.295293 123.294735 123.294177 123.293620 123.293062 123.292504 123.291946 123.291289 123.290731 123.290173 123.289615
123.326818 123.326260 123.325702 123.325144 123.324586 123.324028 123.323470 123.322912 123.322354 123.321796 123.321238 123.320680 123.320122 123.319564 123.319007 123.318449 123.317891 123.317333 123.316775 123.316217 123.315659 123.315101 123.314543 123.313985 123.313427 123.312869 123.312311 123.311753 123.311195 123.310637 123.310079 123.309521 123.308963 123.308405 123.307847 123.307289 123.306731 123.306174 123.305616 123.305058 123.304500 123.303942 123.303384 123.302826 123.302268 123.301710 123.301152 123.300594 123.300036 123.299478 123.298920 123.298362 123.297804 123.297246 123.296688 123.296130 123.295572
123.338076 123.337518 123.336960 123.336402 123.335844 123.335286 123.334728 123.334170 123.333612 123.332955 123.332397 123.331840 123.331282 123.330724 123.330166 123.329608 123.329050 123.328492 123.327934 123.327376 123.326818 123.326260 123.325702 123.325144 123.324586 123.324028 123.323470 123.322912 123.322354 123.321796 123.321238 123.320680 123.320122 123.319564 123.319007 123.318449 123.317891 123.317333 123.316775 123.316217 123.315659 123.315101 123.314543 123.313985 123.313427 123.312869 123.312311 123.311753 123.311195 123.310637 123.310079 123.309521 123.308963 123.308405 123.307847 123.307289 123.306731
123.349235 123.348677 123.348119 123.347561 123.347003 123.346445 123.345887 123.345329 123.344771 123.344213 123.343656 123.343098 123.342540 123.341982 123.341424 123.340866 123.340308 123.339750 123.339192 123.338634 123.338076 123.337518 123.336960 123.336402 123.335844 123.335286 123.334728 123.334170 123.333612 123.332955 123.332397 123.331840 123.331282 123.330724 123.330166 123.329608 123.329050 123.328492 123.327934 123.327376 123.326818 123.326260 123.325702 123.325144 123.324586 123.324028 123.323470 123.322912 123.322354 123.321796 123.321238 123.320680 123.320122 123.319564 123.319007 123.318449 123.317891
123.360394 123.359836 123.359278 123.358720 123.358162 123.357604 123.357046 123.356489 123.355931 123.355373 123.354815 123.354257 123.353699 123.353141 123.352583 123.352025 123.351467 123.350909 123.350351 123.349793 123.349235 123.348677 123.348119 123.347561 123.347003 123.346445 123.345887 123.345329 123.344771 123.344213 123.343656 123.343098 123.342540 123.341982 123.341424 123.340866 123.340308 123.339750 123.339192 123.338634 123.338076 123.337518 123.336960 123.336402 123.335844 123.335286 123.334728 123.334170 123.333612 123.332955 123.332397 123.331840 123.331282 123.330724 123.330166 123.329608 123.329050
123.371553 123.370995 123.370437 123.369879 123.369322 123.368764 123.368206 123.367648 123.367090 123.366532 123.365974 123.365416 123.364858 123.364300 123.363742 123.363184 123.362626 123.362068 123.361510 123.360952 123.360394 123.359836 123.359278 123.358720 123.358162 123.357604 123.357046 123.356489 123.355931 123.355373 123.354815 123.354257 123.353699 123.353141 123.352583 123.352025 123.351467 123.350909 123.350351 123.349793 123.349235 123.348677 123.348119 123.347561 123.347003 123.346445 123.345887 123.345329 123.344771 123.344213 123.343656 123.343098 123.342540 123.341982 123.341424 123.340866 123.340308
123.382811 123.382253 123.381695 123.381138 123.380580 123.380022 123.379464 123.378906 123.378348 123.377790 123.377232 123.376674 123.376116 123.375558 123.374901 123.374343 123.373785 123.373227 123.372669 123.372111 123.371553 123.370995 123.370437 123.369879 123.369322 123.368764 123.368206 123.367648 123.367090 123.366532 123.365974 123.365416 123.364858 123.364300 123.363742 123.363184 123.362626 123.362068 123.361510 123.360952 123.360394 123.359836 123.359278 123.358720 123.358162 123.357604 123.357046 123.356489 123.355931 123.355373 123.354815 123.354257 123.353699 123.353141 123.352583 123.352025 123.351467
123.393971 123.393413 123.392855 123.392297 123.391739 123.391181 123.390623 123.390065 123.389507 123.388949 123.388391 123.387833 123.387275 123.386717 123.386159 123.385601 123.385043 123.384485 123.383927 123.383369 123.382811 123.382253 123.381695 123.381138 123.380580 123.380022 123.379464 123.378906 123.378348 123.377790 123.377232 123.376674 123.376116 123.375558 123.374901 123.374343 123.373785 123.373227 123.372669 123.372111 123.371553 123.370995 123.370437 123.369879 123.369322 123.368764 123.368206 123.367648 123.367090 123.366532 123.365974 123.365416 123.364858 123.364300 123.363742 123.363184 123.362626
123.405130 123.404572 123.404014 123.403456 123.402898 123.402340 123.401782 123.401224 123.400666 123.400108 123.399550 123.398992 123.398434 123.397876 123.397318 123.396760 123.396202 123.395644 123.395086 123.394528 123.393971 123.393413 123.392855 123.392297 123.391739 123.391181 123.390623 123.390065 123.389507 123.388949 123.388391 123.387833 123.387275 123.386717 123.386159 123.385601 123.385043 123.384485 123.383927 123.383369 123.382811 123.382253 123.381695 123.381138 123.380580 123.380022 123.379464 123.378906 123.378348 123.377790 123.377232 123.376674 123.376116 123.375558 123.374901 123.374343 123.373785
123.416289 123.415731 123.415173 123.414615 123.414057 123.413499 123.412941 123.412383 123.411825 123.411267 123.410709 123.410151 123.409593 123.409035 123.408477 123.407919 123.407361 123.406804 123.406246 123.405688 123.405130 123.404572 123.404014 123.403456 123.402898 123.402340 123.401782 123.401224 123.400666 123.400108 123.399550 123.398992 123.398434 123.397876 123.397318 123.396760 123.396202 123.395644 123.395086 123.394528 123.393971 123.393413 123.392855 123.392297 123.391739 123.391181 123.390623 123.390065 123.389507 123.388949 123.388391 123.387833 123.387275 123.386717 123.386159 123.385601 123.385043
0.000000 0.000000 0.000000 0.000000 0.000000 0.000000 0.000000 0.000000 0.000000 0.000000 0.000000 0.000000 0.000000 0.000000 0.000000 0.000000 0.000000 0.000000 0.000000 123.416667 123.416289 123.415731 123.415173 123.414615 123.414057 123.413499 123.412941 123.412383 123.411825 123.411267 123.410709 123.410151 123.409593 123.409035 123.408477 123.407919 123.407361 123.406804 123.406246 123.405688 123.405130 123.404572 123.404014 123.403456 123.402898 123.402340 123.401782 123.401224 123.400666 123.400108 123.399550 123.398992 123.398434 123.397876 123.397318 123.396760 123.396202
0.000000 0.000000 0.000000 0.000000 0.000000 0.000000 0.000000 0.000000 0.000000 0.000000 0.000000 0.000000 0.000000 0.000000 0.000000 0.000000 0.000000 0.000000 0.000000 0.000000 0.000000 0.000000 0.000000 0.000000 0.000000 0.000000 0.000000 0.000000 0.000000 0.000000 0.000000 0.000000 0.000000 0.000000 0.000000 0.000000 0.000000 0.000000 0.000000 0.000000 123.416289 123.415731 123.415173 123.414615 123.414057 123.413499 123.412941 123.412383 123.411825 123.411267 123.410709 123.410151 123.409593 123.409035 123.408477 123.407919 123.407361
0.000000 0.000000 0.000000 0.000000 0.000000 0.000000 0.000000 0.000000 0.000000 0.000000 0.000000 0.000000 0.000000 0.000000 0.000000 0.000000 0.000000 0.000000 0.000000 0.000000 0.000000 0.000000 0.000000 0.000000 0.000000 0.000000 0.000000 0.000000 0.000000 0.000000 0.000000 0.000000 0.000000 0.000000 0.000000 0.000000 0.000000 0.000000 0.000000 0.000000 0.000000 0.000000 0.000000 0.000000 0.000000 0.000000 0.000000 0.000000 0.000000 0.000000 0.000000 0.000000 0.000000 0.000000 0.000000 0.000000 0.000000
0.000000 0.000000 0.000000 0.000000 0.000000 0.000000 0.000000 0.000000 0.000000 0.000000 0.000000 0.000000 0.000000 0.000000 0.000000 0.000000 0.000000 0.000000 0.000000 0.000000 0.000000 0.000000 0.000000 0.000000 0.000000 0.000000 0.000000 0.000000 0.000000 0.000000 0.000000 0.000000 0.000000 0.000000 0.000000 0.000000 0.000000 0.000000 0.000000 0.000000 0.000000 0.000000 0.000000 0.000000 0.000000 0.000000 0.000000 0.000000 0.000000 0.000000 0.000000 0.000000 0.000000 0.000000 0.000000 0.000000 0.000000
0.000000 0.000000 0.000000 0.000000 0.000000 0.000000 0.000000 0.000000 0.000000 0.000000 0.000000 0.000000 0.000000 0.000000 0.000000 0.000000 0.000000 0.000000 0.000000 0.000000 0.000000 0.000000 0.000000 0.000000 0.000000 0.000000 0.000000 0.000000 0.000000 0.000000 0.000000 0.000000 0.000000 0.000000 0.000000 0.000000 0.000000 0.000000 0.000000 0.000000 0.000000 0.000000 0.000000 0.000000 0.000000 0.000000 0.000000 0.000000 0.000000 0.000000 0.000000 0.000000 0.000000 0.000000 0.000000 0.000000 0.000000
0.000000 0.000000 0.000000 0.000000 0.000000 0.000000 0.000000 0.000000 0.000000 0.000000 0.000000 0.000000 0.000000 0.000000 0.000000 0.000000 0.000000 0.000000 0.000000 0.000000 0.000000 0.000000 0.000000 0.000000 0.000000 0.000000 0.000000 0.000000 0.000000 0.000000 0.000000 0.000000 0.000000 0.000000 0.000000 0.000000 0.000000 0.000000 0.000000 0.000000 0.000000 0.000000 0.000000 0.000000 0.000000 0.000000 0.000000 0.000000 0.000000 0.000000 0.000000 0.000000 0.000000 0.000000 0.000000 0.000000 0.000000
0.000000 0.000000 0.000000 0.000000 0.000000 0.000000 0.000000 0.000000 0.000000 0.000000 0.000000 0.000000 0.000000 0.000000 0.000000 0.000000 0.000000 0.000000 0.000000 0.000000 0.000000 0.000000 0.000000 0.000000 0.000000 0.000000 0.000000 0.000000 0.000000 0.000000 0.000000 0.000000 0.000000 0.000000 0.000000 0.000000 0.000000 0.000000 0.000000 0.000000 0.000000 0.000000 0.000000 0.000000 0.000000 0.000000 0.000000 0.000000 0.000000 0.000000 0.000000 0.000000 0.000000 0.000000 0.000000 0.000000 0.000000
0.000000 0.000000 0.000000 0.000000 0.000000 0.000000 0.000000 0.000000 0.000000 0.000000 0.000000 0.000000 0.000000 0.000000 0.000000 0.000000 0.000000 0.000000 0.000000 0.000000 0.000000 0.000000 0.000000 0.000000 0.000000 0.000000 0.000000 0.000000 0.000000 0.000000 0.000000 0.000000 0.000000 0.000000 0.000000 0.000000 0.000000 0.000000 0.000000 0.000000 0.000000 0.000000 0.000000 0.000000 0.000000 0.000000 0.000000 0.000000 0.000000 0.000000 0.000000 0.000000 0.000000 0.000000 0.000000 0.000000 0.000000
0.000000 0.000000 0.000000 0.000000 0.000000 0.000000 0.000000 0.000000 0.000000 0.000000 0.000000 0.000000 0.000000 0.000000 0.000000 0.000000 0.000000 0.000000 0.000000 0.000000 0.000000 0.000000 0.000000 0.000000 0.000000 0.000000 0.000000 0.000000 0.000000 0.000000 0.000000 0.000000 0.000000 0.000000 0.000000 0.000000 0.000000 0.000000 0.000000 0.000000 0.000000 0.000000 0.000000 0.000000 0.000000 0.000000 0.000000 0.000000 0.000000 0.000000 0.000000 0.000000 0.000000 0.000000 0.000000 0.000000 0.000000
0.000000 0.000000 0.000000 0.000000 0.000000 0.000000 0.000000 0.000000 0.000000 0.000000 0.000000 0.000000 0.000000 0.000000 0.000000 0.000000 0.000000 0.000000 0.000000 0.000000 0.000000 0.000000 0.000000 0.000000 0.000000 0.000000 0.000000 0.000000 0.000000 0.000000 0.000000 0.000000 0.000000 0.000000 0.000000 0.000000 0.000000 0.000000 0.000000 0.000000 0.000000 0.000000 0.000000 0.000000 0.000000 0.000000 0.000000 0.000000 0.000000 0.000000 0.000000 0.000000 0.000000 0.000000 0.000000 0.000000 0.000000
0.000000 0.000000 0.000000 0.000000 0.000000 0.000000 0.000000 0.000000 0.000000 0.000000 0.000000 0.000000 0.000000 0.000000 0.000000 0.000000 0.000000 0.000000 0.000000 0.000000 0.000000 0.000000 0.000000 0.000000 0.000000 0.000000 0.000000 0.000000 0.000000 0.000000 0.000000 0.000000 0.000000 0.000000 0.000000 0.000000 0.000000 0.000000 0.000000 0.000000 0.000000 0.000000 0.000000 0.000000 0.000000 0.000000 0.000000 0.000000 0.000000 0.000000 0.000000 0.000000 0.000000 0.000000 0.000000 0.000000 0.000000
