FireSTARR/test/constant/O1a_S060_A000_WD090_WS020/arrival.asc
ncols         747
nrows         59
xllcorner     352003.990666
yllcorner     12745855.311160
cellsize      100.000000
NODATA_value  0.000000
[rows 0 to 24 of 59, columns 570 to 626 of 747]
123.415731 123.415173 123.414615 123.414057 123.413499 123.412941 123.412383 123.411825 123.411267 123.410709 123.410151 123.409593 123.409035 123.408477 123.407919 123.407640 0.000000 0.000000 0.000000 0.000000 0.000000 0.000000 0.000000 0.000000 0.000000 0.000000 0.000000 0.000000 0.000000 0.000000 0.000000 0.000000 0.000000 0.000000 0.000000 0.000000 0.000000 0.000000 0.000000 0.000000 0.000000 0.000000 0.000000 0.000000 0.000000 0.000000 0.000000 0.000000 0.000000 0.000000 0.000000 0.000000 0.000000 0.000000 0.000000 0.000000 0.000000
123.404572 123.404014 123.403456 123.402898 123.402340 123.401782 123.401224 123.400666 123.400108 123.399550 123.398992 123.398434 123.397876 123.397318 123.396760 123.396202 123.395644 123.395086 123.394528 123.393971 123.393413 123.393971 123.406246 123.411825 0.000000 0.000000 0.000000 0.000000 0.000000 0.000000 0.000000 0.000000 0.000000 0.000000 0.000000 0.000000 0.000000 0.000000 0.000000 0.000000 0.000000 0.000000 0.000000 0.000000 0.000000 0.000000 0.000000 0.000000 0.000000 0.000000 0.000000 0.000000 0.000000 0.000000 0.000000 0.000000 0.000000
123.393413 123.392855 123.392297 123.391739 123.391181 123.390623 123.390065 123.389507 123.388949 123.388391 123.387833 123.387275 123.386717 123.386159 123.385601 123.385043 123.384485 123.383927 123.383369 123.382811 123.382253 123.381695 123.381138 123.380580 123.380022 123.379464 123.378906 123.382811 123.392018 123.405967 123.413778 123.413499 0.000000 0.000000 0.000000 0.000000 0.000000 0.000000 0.000000 0.000000 0.000000 0.000000 0.000000 0.000000 0.000000 0.000000 0.000000 0.000000 0.000000 0.000000 0.000000 0.000000 0.000000 0.000000 0.000000 0.000000 0.000000
123.382253 123.381695 123.381138 123.380580 123.380022 123.379464 123.378906 123.378348 123.377790 123.377232 123.376674 123.376116 123.375558 123.374901 123.374343 123.373785 123.373227 123.372669 123.372111 123.371553 123.370995 123.370437 123.369879 123.369322 123.368764 123.368206 123.367648 123.367090 123.366532 123.365974 123.365416 123.364858 123.364579 123.372111 123.384485 123.392576 123.399271 123.401224 123.411825 123.414336 0.000000 0.000000 0.000000 0.000000 0.000000 0.000000 0.000000 0.000000 0.000000 0.000000 0.000000 0.000000 0.000000 0.000000 0.000000 0.000000 0.000000
123.370995 123.370437 123.369879 123.369322 123.368764 123.368206 123.367648 123.367090 123.366532 123.365974 123.365416 123.364858 123.364300 123.363742 123.363184 123.362626 123.362068 123.361510 123.360952 123.360394 123.359836 123.359278 123.358720 123.358162 123.357604 123.357046 123.356489 123.355931 123.355373 123.354815 123.354257 123.353699 123.353141 123.352583 123.352025 123.351467 123.350909 123.350351 123.350630 123.363742 123.370437 123.382532 123.384764 123.391181 123.397597 123.402898 0.000000 0.000000 0.000000 0.000000 0.000000 0.000000 0.000000 0.000000 0.000000 0.000000 0.000000
123.360115 123.359557 123.358999 123.358441 123.357883 123.357325 123.356767 123.356210 123.355652 123.355094 123.354536 123.353978 123.353420 123.352862 123.352304 123.351746 123.351188 123.350630 123.350072 123.349514 123.348956 123.348398 123.347840 123.347282 123.346724 123.346166 123.345608 123.345050 123.344492 123.343935 123.343377 123.342819 123.342261 123.341703 123.341145 123.340587 123.340029 123.339471 123.338913 123.338355 123.337797 123.337239 123.336681 123.336123 123.342540 123.348956 123.359836 123.369879 123.370437 123.380859 123.383090 123.397039 123.407919 123.416568 0.000000 0.000000 0.000000
123.348677 123.348119 123.347561 123.347003 123.346445 123.345887 123.345329 123.344771 123.344213 123.343656 123.343098 123.342540 123.341982 123.341424 123.340866 123.340308 123.339750 123.339192 123.338634 123.338076 123.337518 123.336960 123.336402 123.335844 123.335286 123.334728 123.334170 123.333891 123.333234 123.332676 123.332119 123.331561 123.331003 123.330445 123.329887 123.329329 123.328771 123.328213 123.327655 123.327097 123.326539 123.325981 123.325423 123.324865 123.324307 123.323749 123.323191 123.322633 123.322075 123.321796 123.330166 123.338355 123.347561 123.356210 123.356210 123.366253 123.377511
123.337518 123.336960 123.336402 123.335844 123.335286 123.334728 123.334170 123.333612 123.332955 123.332397 123.331840 123.331282 123.330724 123.330166 123.329608 123.329050 123.328492 123.327934 123.327376 123.326818 123.326260 123.325702 123.325144 123.324586 123.324028 123.323470 123.322912 123.322354 123.321796 123.321238 123.320680 123.320122 123.319564 123.319007 123.318449 123.317891 123.317333 123.316775 123.316217 123.315659 123.315101 123.314543 123.313985 123.313427 123.312869 123.312311 123.311753 123.311195 123.310637 123.310079 123.309521 123.308963 123.308405 123.307847 123.307289 123.308126 123.317612
123.326260 123.325702 123.325144 123.324586 123.324028 123.323470 123.322912 123.322354 123.321796 123.321238 123.320680 123.320122 123.319564 123.319007 123.318449 123.317891 123.317333 123.316775 123.316217 123.315659 123.315101 123.314543 123.313985 123.313427 123.312869 123.312311 123.311753 123.311195 123.310637 123.310079 123.309521 123.308963 123.308405 123.307847 123.307289 123.306731 123.306174 123.305616 123.305058 123.304500 123.303942 123.303384 123.302826 123.302268 123.301710 123.301152 123.300594 123.300036 123.299478 123.298920 123.298362 123.297804 123.297246 123.296688 123.296130 123.295572 123.295014
123.315380 123.314822 123.314264 123.313706 123.313148 123.312590 123.312032 123.311474 123.310916 123.310358 123.309800 123.309242 123.308684 123.308126 123.307568 123.307010 123.306453 123.305895 123.305337 123.304779 123.304221 123.303663 123.303105 123.302547 123.301989 123.301431 123.300873 123.300315 123.299757 123.299199 123.298641 123.298083 123.297525 123.296967 123.296409 123.295851 123.295293 123.294735 123.294177 123.293620 123.293062 123.292504 123.291946 123.291289 123.290731 123.290173 123.289615 123.289057 123.288499 123.287941 123.287383 123.286825 123.286267 123.285709 123.285151 123.284593 123.284035
123.303942 123.303384 123.302826 123.302268 123.301710 123.301152 123.300594 123.300036 123.299478 123.298920 123.298362 123.297804 123.297246 123.296688 123.296130 123.295572 123.295014 123.294456 123.293898 123.293341 123.292783 123.292225 123.291946 123.291289 123.290731 123.290173 123.289615 123.289057 123.288499 123.287941 123.287383 123.286825 123.286267 123.285709 123.285151 123.284593 123.284035 123.283477 123.282919 123.282361 123.281804 123.281246 123.280688 123.280130 123.279572 123.279014 123.278456 123.277898 123.277340 123.276782 123.276224 123.275666 123.275108 123.274550 123.273992 123.273434 123.272876
123.292783 123.292225 123.291667 123.291289 123.290731 123.290173 123.289615 123.289057 123.288499 123.287941 123.287383 123.286825 123.286267 123.285709 123.285151 123.284593 123.284035 123.283477 123.282919 123.282361 123.281804 123.281246 123.280688 123.280130 123.279572 123.279014 123.278456 123.277898 123.277340 123.276782 123.276224 123.275666 123.275108 123.274550 123.273992 123.273434 123.272876 123.272318 123.271760 123.271202 123.270644 123.270086 123.269528 123.268971 123.268413 123.267855 123.267297 123.266739 123.266181 123.265623 123.265065 123.264507 123.263949 123.263391 123.262833 123.262275 123.261717
123.281804 123.281246 123.280688 123.280130 123.279572 123.279014 123.278456 123.277898 123.277340 123.276782 123.276224 123.275666 123.275108 123.274550 123.273992 123.273434 123.272876 123.272318 123.271760 123.271202 123.270644 123.270086 123.269528 123.268971 123.268413 123.267855 123.267297 123.266739 123.266181 123.265623 123.265065 123.264507 123.263949 123.263391 123.262833 123.262275 123.261717 123.261159 123.260601 123.260043 123.259485 123.258927 123.258369 123.257811 123.257253 123.256695 123.256138 123.255580 123.255022 123.254464 123.253906 123.253348 123.252790 123.252232 123.251674 123.251116 123.250558
123.270644 123.270086 123.269528 123.268971 123.268413 123.267855 123.267297 123.266739 123.266181 123.265623 123.265065 123.264507 123.263949 123.263391 123.262833 123.262275 123.261717 123.261159 123.260601 123.260043 123.259485 123.258927 123.258369 123.257811 123.257253 123.256695 123.256138 123.255580 123.255022 123.254464 123.253906 123.253348 123.252790 123.252232 123.251674 123.251116 123.250558 123.249901 123.249343 123.248785 123.248227 123.247669 123.247111 123.246553 123.245995 123.245437 123.244879 123.244322 123.243764 123.243206 123.242648 123.242090 123.241532 123.240974 123.240416 123.239858 123.239300
123.259485 123.258927 123.258369 123.257811 123.257253 123.256695 123.256138 123.255580 123.255022 123.254464 123.253906 123.253348 123.252790 123.252232 123.251674 123.251116 123.250558 123.249901 123.249343 123.248785 123.248227 123.247669 123.247111 123.246553 123.245995 123.245437 123.244879 123.244322 123.243764 123.243206 123.242648 123.242090 123.241532 123.240974 123.240416 123.239858 123.239300 123.238742 123.238184 123.237626 123.237068 123.236510 123.235952 123.235394 123.234836 123.234278 123.233720 123.233162 123.232604 123.232046 123.231489 123.230931 123.230373 123.229815 123.229257 123.228699 123.228141
123.248227 123.247669 123.247111 123.246553 123.245995 123.245437 123.244879 123.244322 123.243764 123.243206 123.242648 123.242090 123.241532 123.240974 123.240416 123.239858 123.239300 123.238742 123.238184 123.237626 123.237068 123.236510 123.235952 123.235394 123.234836 123.234278 123.233720 123.233162 123.232604 123.232046 123.231489 123.230931 123.230373 123.229815 123.229257 123.228699 123.228141 123.227583 123.227025 123.226467 123.225909 123.225351 123.224793 123.224235 123.223677 123.223119 123.222561 123.222003 123.221445 123.220887 123.220329 123.219771 123.219213 123.218656 123.218098 123.217540 123.216982
123.237068 123.236510 123.235952 123.235394 123.234836 123.234278 123.233720 123.233162 123.232604 123.232046 123.231489 123.230931 123.230373 123.229815 123.229257 123.228699 123.228141 123.227583 123.227025 123.226467 123.225909 123.225351 123.224793 123.224235 123.223677 123.223119 123.222561 123.222003 123.221445 123.220887 123.220329 123.219771 123.219213 123.218656 123.218098 123.217540 123.216982 123.216424 123.215866 123.215308 123.214750 123.214192 123.213634 123.213076 123.212518 123.211960 123.211402 123.210844 123.210286 123.209728 123.209170 123.208612 123.207955 123.207397 123.206840 123.206282 123.205724
123.225909 123.225351 123.224793 123.224235 123.223677 123.223119 123.222561 123.222003 123.221445 123.220887 123.220329 123.219771 123.219213 123.218656 123.218098 123.217540 123.216982 123.216424 123.215866 123.215308 123.214750 123.214192 123.213634 123.213076 123.212518 123.211960 123.211402 123.210844 123.210286 123.209728 123.209170 123.208612 123.207955 123.207397 123.206840 123.206282 123.205724 123.205166 123.204608 123.204050 123.203492 123.202934 123.202376 123.201818 123.201260 123.200702 123.200144 123.199586 123.199028 123.198470 123.197912 123.197354 123.196796 123.196238 123.195680 123.195122 123.194564
123.214750 123.214192 123.213634 123.213076 123.212518 123.211960 123.211402 123.210844 123.210286 123.209728 123.209170 123.208612 123.208234 123.207676 123.207119 123.206561 123.206003 123.205445 123.204887 123.204329 123.203771 123.203213 123.202655 123.202097 123.201539 123.200981 123.200423 123.199865 123.199307 123.198749 123.198191 123.197633 123.197075 123.196517 123.195959 123.195401 123.194843 123.194286 123.193728 123.193170 123.192612 123.192054 123.191496 123.190938 123.190380 123.189822 123.189264 123.188706 123.188148 123.187590 123.187032 123.186474 123.185916 123.185358 123.184800 123.184242 123.183684
123.203492 123.202934 123.202376 123.201818 123.201260 123.200702 123.200144 123.199586 123.199028 123.198470 123.197912 123.197354 123.196796 123.196238 123.195680 123.195122 123.194564 123.194007 123.193449 123.192891 123.192333 123.191775 123.191217 123.190659 123.190101 123.189543 123.188985 123.188427 123.187869 123.187311 123.186753 123.186195 123.185637 123.185079 123.184521 123.183963 123.183405 123.182847 123.182289 123.181731 123.181174 123.180616 123.180058 123.179500 123.178942 123.178384 123.177826 123.177268 123.176710 123.176152 123.175594 123.175036 123.174478 123.173920 123.173362 123.172804 123.172246
123.192333 123.191775 123.191217 123.190659 123.190101 123.189543 123.188985 123.188427 123.187869 123.187311 123.186753 123.186195 123.185637 123.185079 123.184521 123.183963 123.183405 123.182847 123.182289 123.181731 123.181174 123.180616 123.180058 123.179500 123.178942 123.178384 123.177826 123.177268 123.176710 123.176152 123.175594 123.175036 123.174478 123.173920 123.173362 123.172804 123.172246 123.171688 123.171130 123.170572 123.170014 123.169456 123.168898 123.168341 123.167783 123.167225 123.166568 123.166010 123.165452 123.164894 123.164336 123.163778 123.163220 123.162662 123.162104 123.161546 123.160988
123.181174 123.180616 123.180058 123.179500 123.178942 123.178384 123.177826 123.177268 123.176710 123.176152 123.175594 123.175036 123.174478 123.173920 123.173362 123.172804 123.172246 123.171688 123.171130 123.170572 123.170014 123.169456 123.168898 123.168341 123.167783 123.167225 123.166568 123.166010 123.165452 123.164894 123.164336 123.163778 123.163220 123.162662 123.162104 123.161546 123.160988 123.160430 123.159872 123.159314 123.158756 123.158198 123.157640 123.157082 123.156525 123.155967 123.155409 123.154851 123.154293 123.153735 123.153177 123.152619 123.152061 123.151503 123.150945 123.150387 123.149829
123.170014 123.169456 123.168898 123.168341 123.167783 123.167225 123.166667 123.166289 123.165731 123.165173 123.164615 123.164057 123.163499 123.162941 123.162383 123.161825 123.161267 123.160709 123.160151 123.159593 123.159035 123.158477 123.157919 123.157361 123.156804 123.156246 123.155688 123.155130 123.154572 123.154014 123.153456 123.152898 123.152340 123.151782 123.151224 123.150666 123.150108 123.149550 123.148992 123.148434 123.147876 123.147318 123.146760 123.146202 123.145644 123.145086 123.144528 123.143971 123.143413 123.142855 123.142297 123.141739 123.141181 123.140623 123.140065 123.139507 123.138949
123.158756 123.158198 123.157640 123.157082 123.156525 123.155967 123.155409 123.154851 123.154293 123.153735 123.153177 123.152619 123.152061 123.151503 123.150945 123.150387 123.149829 123.149271 123.148713 123.148155 123.147597 123.147039 123.146481 123.145923 123.145365 123.144807 123.144249 123.143692 123.143134 123.142576 123.142018 123.141460 123.140902 123.140344 123.139786 123.139228 123.138670 123.138112 123.137554 123.136996 123.136438 123.135880 123.135322 123.134764 123.134206 123.133648 123.133090 123.132532 123.131974 123.131416 123.130859 123.130301 123.129743 123.129185 123.128627 123.128069 123.127511
123.147597 123.147039 123.146481 123.145923 123.145365 123.144807 123.144249 123.143692 123.143134 123.142576 123.142018 123.141460 123.140902 123.140344 123.139786 123.139228 123.138670 123.138112 123.137554 123.136996 123.136438 123.135880 123.135322 123.134764 123.134206 123.133648 123.133090 123.132532 123.131974 123.131416 123.130859 123.130301 123.129743 123.129185 123.128627 123.128069 123.127511 123.126953 123.126395 123.125837 123.125279 123.124901 123.124343 123.123785 123.123227 123.122669 123.122111 123.121553 123.120995 123.120437 123.119879 123.119322 123.118764 123.118206 123.117648 123.117090 123.116532
