FireSTARR/test/constant/C2_S060_A000_WD135_WS020/arrival.asc
ncols         331
nrows         116
xllcorner     393703.990666
yllcorner     12748055.311160
cellsize      100.000000
NODATA_value  0.000000
[rows 54 to 80 of 116, columns 122 to 182 of 331]
123.386231 123.380911 123.377364 123.372938 123.369982 123.365253 123.359342 123.354613 123.349884 123.347520 123.342200 123.337471 123.335107 123.330680 123.325360 123.320040 123.314720 123.309400 123.304080 123.300533 123.297578 123.292258 123.287240 123.281920 123.276600 123.271280 123.266551 123.263596 123.261822 123.257093 123.254138 123.252956 123.248529 123.243209 123.237889 123.232569 123.229613 123.226067 123.220747 123.215427 123.211289 123.209516 123.208333 123.207453 123.206862 123.210107 123.211289 123.212471 123.214244 123.221929 123.226067 123.227249 123.236115 123.245573 123.245573 123.252364 123.262413 123.263004 123.270689 123.277782 123.278373
123.399827 123.394507 123.389187 123.383867 123.378547 123.373529 123.368209 123.365844 123.362298 123.356978 123.352249 123.348111 123.342791 123.338653 123.333333 123.331862 123.327724 123.322404 123.317084 123.311764 123.306444 123.301124 123.296987 123.293440 123.288422 123.283102 123.277782 123.272462 123.267733 123.262413 123.260049 123.258276 123.254138 123.249711 123.248529 123.244391 123.239071 123.233751 123.228431 123.225475 123.222520 123.217200 123.211880 123.208044 123.205680 123.204498 123.203315 123.203315 123.206271 123.207453 123.208044 123.209516 123.217791 123.223111 123.223111 123.232569 123.241435 123.242027 123.248529 123.258276 123.258276
123.412240 123.406920 123.401600 123.396280 123.390960 123.385640 123.380911 123.375591 123.370573 123.365253 123.362298 123.358751 123.353431 123.348111 123.342791 123.338062 123.334516 123.330680 123.327724 123.323587 123.318267 123.312947 123.307627 123.302307 123.297578 123.293440 123.290787 123.285467 123.280147 123.274827 123.269507 123.264778 123.259458 123.255911 123.254138 123.250000 123.246164 123.244391 123.239662 123.234933 123.229613 123.224293 123.221338 123.219564 123.214244 123.208924 123.203907 123.202133 123.200951 123.199769 123.199178 123.202133 123.203315 123.203315 123.207453 123.213653 123.216609 123.218973 123.228431 123.232569 123.244982
0.000000 0.000000 123.415195 123.410467 123.405147 123.399827 123.394507 123.389187 123.383867 123.378547 123.373529 123.368209 123.362889 123.357569 123.354022 123.351658 123.346338 123.341018 123.335698 123.330680 123.326542 123.323587 123.321222 123.315902 123.310582 123.305262 123.299942 123.295213 123.289604 123.287240 123.282511 123.277191 123.272462 123.266551 123.261822 123.256502 123.251773 123.250591 123.247938 123.242618 123.240253 123.236707 123.231978 123.226658 123.221338 123.217200 123.214836 123.210107 123.205089 123.200360 123.198587 123.197404 123.195631 123.195631 123.198587 123.199769 123.199769 123.203907 123.210107 123.210698 123.215427
0.000000 0.000000 0.000000 0.000000 123.416378 123.411058 123.405738 123.400418 123.395098 123.389778 123.384458 123.379138 123.374120 123.368800 123.363480 123.358751 123.352840 123.349293 123.348111 123.343382 123.338062 123.333044 123.327724 123.322404 123.318858 123.317084 123.311764 123.307036 123.301124 123.296396 123.290787 123.286058 123.283102 123.278964 123.274235 123.268915 123.263596 123.258276 123.252956 123.247938 123.246164 123.244391 123.239662 123.236707 123.234342 123.229613 123.224293 123.218973 123.213653 123.211880 123.206862 123.202133 123.196813 123.194449 123.193267 123.192084 123.191493 123.193858 123.195631 123.195631 123.203907
0.000000 0.000000 0.000000 0.000000 0.000000 0.000000 0.000000 123.412831 123.407511 123.402191 123.396871 123.391551 123.386822 123.381502 123.376182 123.371164 123.365844 123.360524 123.355204 123.350475 123.345747 123.343973 123.338062 123.333333 123.329498 123.325360 123.320631 123.315311 123.313538 123.308809 123.303489 123.298169 123.292849 123.287831 123.283102 123.278964 123.274827 123.269507 123.264187 123.259458 123.254138 123.249120 123.244391 123.242027 123.240253 123.234933 123.232569 123.231387 123.226658 123.221338 123.216018 123.210698 123.207453 123.203315 123.197995 123.192675 123.190902 123.189720 123.188538 123.187947 123.190311
0.000000 0.000000 0.000000 0.000000 0.000000 0.000000 0.000000 0.000000 0.000000 123.415195 123.410467 123.405147 123.399827 123.394507 123.389187 123.383867 123.378547 123.373529 123.368209 123.362889 123.357569 123.352249 123.347520 123.342200 123.340427 123.335698 123.330089 123.324769 123.321222 123.316493 123.311764 123.309991 123.305853 123.301124 123.295804 123.290195 123.284875 123.280147 123.274235 123.270098 123.266551 123.261231 123.256502 123.251182 123.246164 123.240844 123.237889 123.236115 123.231387 123.228431 123.227249 123.222520 123.217200 123.211880 123.206862 123.202724 123.199178 123.193858 123.189129 123.186764 123.185582
0.000000 0.000000 0.000000 0.000000 0.000000 0.000000 0.000000 0.000000 0.000000 0.000000 0.000000 123.416378 123.411058 123.405738 123.400418 123.395689 123.390369 123.385049 123.379729 123.374711 123.369391 123.364071 123.359342 123.353431 123.348702 123.343382 123.338653 123.336289 123.331862 123.326542 123.321222 123.315902 123.313538 123.308218 123.305853 123.302307 123.297578 123.291667 123.286649 123.281329 123.276600 123.271280 123.265960 123.263004 123.258867 123.253547 123.248529 123.243209 123.237889 123.234342 123.232569 123.227840 123.224293 123.223111 123.219564 123.214244 123.208924 123.203907 123.198587 123.194449 123.190902
0.000000 0.000000 0.000000 0.000000 0.000000 0.000000 0.000000 0.000000 0.000000 0.000000 0.000000 0.000000 0.000000 0.000000 123.415195 123.409875 123.404555 123.399827 123.393915 123.389187 123.383867 123.378547 123.372938 123.368209 123.362889 123.357569 123.352249 123.346929 123.341609 123.336289 123.331862 123.327724 123.324769 123.320040 123.314720 123.309400 123.304671 123.301716 123.299942 123.295213 123.289604 123.284284 123.278964 123.274235 123.268915 123.263596 123.258276 123.254138 123.250591 123.245573 123.240253 123.234933 123.230204 123.229022 123.225475 123.220747 123.218973 123.216018 123.210698 123.205680 123.200360
0.000000 0.000000 0.000000 0.000000 0.000000 0.000000 0.000000 0.000000 0.000000 0.000000 0.000000 0.000000 0.000000 0.000000 0.000000 0.000000 0.000000 123.412240 123.406920 123.401600 123.396280 123.390960 123.385640 123.380320 123.375000 123.369982 123.365253 123.359933 123.354613 123.349293 123.343973 123.338653 123.333333 123.328315 123.322995 123.320631 123.317084 123.311764 123.306444 123.301124 123.297578 123.296396 123.291378 123.286058 123.280738 123.276009 123.270689 123.265369 123.260049 123.254729 123.249120 123.245573 123.241435 123.236115 123.230795 123.226658 123.224884 123.222520 123.217200 123.215427 123.211289
0.000000 0.000000 0.000000 0.000000 0.000000 0.000000 0.000000 0.000000 0.000000 0.000000 0.000000 0.000000 0.000000 0.000000 0.000000 0.000000 0.000000 0.000000 0.000000 123.414604 123.409284 123.403964 123.398644 123.393915 123.388596 123.383276 123.377956 123.372938 123.367027 123.362298 123.356978 123.351658 123.346338 123.341018 123.336289 123.330680 123.325360 123.320040 123.317084 123.312355 123.307036 123.302307 123.296987 123.293440 123.291378 123.287240 123.282511 123.277191 123.271871 123.267142 123.261231 123.256502 123.251182 123.245573 123.240844 123.237889 123.233160 123.227840 123.223111 123.220747 123.219564
0.000000 0.000000 0.000000 0.000000 0.000000 0.000000 0.000000 0.000000 0.000000 0.000000 0.000000 0.000000 0.000000 0.000000 0.000000 0.000000 0.000000 0.000000 0.000000 0.000000 0.000000 123.415787 123.410467 123.405738 123.400418 123.395098 123.389778 123.384458 123.379138 123.374120 123.368800 123.363480 123.358160 123.352840 123.347520 123.342200 123.336880 123.331862 123.326542 123.321222 123.316493 123.312947 123.310582 123.305853 123.300533 123.295213 123.290195 123.288422 123.283102 123.277782 123.272462 123.267142 123.262413 123.259458 123.255320 123.249711 123.244391 123.239071 123.234342 123.229022 123.223702
0.000000 0.000000 0.000000 0.000000 0.000000 0.000000 0.000000 0.000000 0.000000 0.000000 0.000000 0.000000 0.000000 0.000000 0.000000 0.000000 0.000000 0.000000 0.000000 0.000000 0.000000 0.000000 0.000000 0.000000 123.412240 123.406920 123.402191 123.396871 123.391551 123.386231 123.380911 123.375591 123.370573 123.365253 123.359933 123.355204 123.349884 123.344564 123.339244 123.333924 123.328907 123.323587 123.318267 123.313538 123.308809 123.307036 123.302307 123.296987 123.291667 123.286649 123.284284 123.280147 123.274827 123.269507 123.264187 123.258867 123.255320 123.252364 123.247347 123.242618 123.236707
0.000000 0.000000 0.000000 0.000000 0.000000 0.000000 0.000000 0.000000 0.000000 0.000000 0.000000 0.000000 0.000000 0.000000 0.000000 0.000000 0.000000 0.000000 0.000000 0.000000 0.000000 0.000000 0.000000 0.000000 0.000000 0.000000 123.413422 123.408102 123.402782 123.398053 123.392142 123.387413 123.383276 123.378547 123.373529 123.368209 123.362889 123.357569 123.352249 123.346929 123.341609 123.336880 123.331271 123.325951 123.320631 123.315902 123.310582 123.305262 123.302307 123.299942 123.294622 123.289604 123.283693 123.279555 123.275418 123.270098 123.264778 123.259458 123.254729 123.251773 123.247938
0.000000 0.000000 0.000000 0.000000 0.000000 0.000000 0.000000 0.000000 0.000000 0.000000 0.000000 0.000000 0.000000 0.000000 0.000000 0.000000 0.000000 0.000000 0.000000 0.000000 0.000000 0.000000 0.000000 0.000000 0.000000 0.000000 0.000000 0.000000 123.415787 123.410467 123.405147 123.399827 123.394507 123.389187 123.384458 123.379138 123.373529 123.368209 123.363480 123.357569 123.354022 123.349293 123.343973 123.338653 123.333333 123.328315 123.322995 123.317675 123.312947 123.307036 123.302307 123.298760 123.295804 123.290787 123.285467 123.280147 123.274827 123.270098 123.267142 123.263004 123.258276
0.000000 0.000000 0.000000 0.000000 0.000000 0.000000 0.000000 0.000000 0.000000 0.000000 0.000000 0.000000 0.000000 0.000000 0.000000 0.000000 0.000000 0.000000 0.000000 0.000000 0.000000 0.000000 0.000000 0.000000 0.000000 0.000000 0.000000 0.000000 0.000000 0.000000 0.000000 123.412240 123.406920 123.401600 123.396280 123.390960 123.385640 123.380320 123.375000 123.369982 123.364662 123.359933 123.354613 123.349293 123.346338 123.341018 123.335698 123.330680 123.325360 123.320040 123.314720 123.309991 123.304671 123.299351 123.294622 123.293440 123.287831 123.282511 123.277782 123.271871 123.267142
0.000000 0.000000 0.000000 0.000000 0.000000 0.000000 0.000000 0.000000 0.000000 0.000000 0.000000 0.000000 0.000000 0.000000 0.000000 0.000000 0.000000 0.000000 0.000000 0.000000 0.000000 0.000000 0.000000 0.000000 0.000000 0.000000 0.000000 0.000000 0.000000 0.000000 0.000000 0.000000 0.000000 123.416378 123.411058 123.405738 123.400418 123.395098 123.389778 123.384458 123.379138 123.374120 123.368800 123.363480 123.358160 123.353431 123.347520 123.342791 123.337471 123.331862 123.326542 123.321813 123.316493 123.311173 123.305853 123.300533 123.295213 123.290787 123.289013 123.284875 123.279555
0.000000 0.000000 0.000000 0.000000 0.000000 0.000000 0.000000 0.000000 0.000000 0.000000 0.000000 0.000000 0.000000 0.000000 0.000000 0.000000 0.000000 0.000000 0.000000 0.000000 0.000000 0.000000 0.000000 0.000000 0.000000 0.000000 0.000000 0.000000 0.000000 0.000000 0.000000 0.000000 0.000000 0.000000 0.000000 123.415787 123.411058 123.406920 123.401600 123.396280 123.390960 123.385640 123.380911 123.375591 123.370573 123.365253 123.359933 123.354613 123.349293 123.343973 123.339244 123.333924 123.328907 123.323587 123.318267 123.312947 123.307627 123.302898 123.296987 123.292258 123.287240
0.000000 0.000000 0.000000 0.000000 0.000000 0.000000 0.000000 0.000000 0.000000 0.000000 0.000000 0.000000 0.000000 0.000000 0.000000 0.000000 0.000000 0.000000 0.000000 0.000000 0.000000 0.000000 0.000000 0.000000 0.000000 0.000000 0.000000 0.000000 0.000000 0.000000 0.000000 0.000000 0.000000 0.000000 0.000000 0.000000 0.000000 0.000000 123.412240 123.406920 123.401600 123.398053 123.393915 123.389187 123.383276 123.378547 123.373529 123.368209 123.362889 123.357569 123.352249 123.346929 123.341609 123.336289 123.331271 123.325951 123.320631 123.315311 123.309991 123.304671 123.299942
0.000000 0.000000 0.000000 0.000000 0.000000 0.000000 0.000000 0.000000 0.000000 0.000000 0.000000 0.000000 0.000000 0.000000 0.000000 0.000000 0.000000 0.000000 0.000000 0.000000 0.000000 0.000000 0.000000 0.000000 0.000000 0.000000 0.000000 0.000000 0.000000 0.000000 0.000000 0.000000 0.000000 0.000000 0.000000 0.000000 0.000000 0.000000 0.000000 0.000000 123.414604 123.409284 123.403964 123.398644 123.393324 123.389778 123.385640 123.380320 123.375000 123.369982 123.364662 123.359342 123.354022 123.348702 123.343382 123.338653 123.333044 123.327724 123.322995 123.317084 123.312355
0.000000 0.000000 0.000000 0.000000 0.000000 0.000000 0.000000 0.000000 0.000000 0.000000 0.000000 0.000000 0.000000 0.000000 0.000000 0.000000 0.000000 0.000000 0.000000 0.000000 0.000000 0.000000 0.000000 0.000000 0.000000 0.000000 0.000000 0.000000 0.000000 0.000000 0.000000 0.000000 0.000000 0.000000 0.000000 0.000000 0.000000 0.000000 0.000000 0.000000 0.000000 0.000000 123.416667 123.411649 123.406329 123.401009 123.395689 123.390369 123.385049 123.381502 123.377364 123.372347 123.367027 123.361707 123.356387 123.351067 123.345747 123.340427 123.335698 123.330680 123.325360
0.000000 0.000000 0.000000 0.000000 0.000000 0.000000 0.000000 0.000000 0.000000 0.000000 0.000000 0.000000 0.000000 0.000000 0.000000 0.000000 0.000000 0.000000 0.000000 0.000000 0.000000 0.000000 0.000000 0.000000 0.000000 0.000000 0.000000 0.000000 0.000000 0.000000 0.000000 0.000000 0.000000 0.000000 0.000000 0.000000 0.000000 0.000000 0.000000 0.000000 0.000000 0.000000 0.000000 0.000000 0.000000 123.414013 123.408693 123.403373 123.398053 123.392733 123.387413 123.382093 123.376773 123.374711 123.369391 123.364071 123.358751 123.353431 123.348111 123.342791 123.338062
0.000000 0.000000 0.000000 0.000000 0.000000 0.000000 0.000000 0.000000 0.000000 0.000000 0.000000 0.000000 0.000000 0.000000 0.000000 0.000000 0.000000 0.000000 0.000000 0.000000 0.000000 0.000000 0.000000 0.000000 0.000000 0.000000 0.000000 0.000000 0.000000 0.000000 0.000000 0.000000 0.000000 0.000000 0.000000 0.000000 0.000000 0.000000 0.000000 0.000000 0.000000 0.000000 0.000000 0.000000 0.000000 0.000000 0.000000 123.415787 123.410467 123.405147 123.399827 123.395098 123.389778 123.384458 123.379138 123.374120 123.368800 123.366435 123.362298 123.356978 123.351658
0.000000 0.000000 0.000000 0.000000 0.000000 0.000000 0.000000 0.000000 0.000000 0.000000 0.000000 0.000000 0.000000 0.000000 0.000000 0.000000 0.000000 0.000000 0.000000 0.000000 0.000000 0.000000 0.000000 0.000000 0.000000 0.000000 0.000000 0.000000 0.000000 0.000000 0.000000 0.000000 0.000000 0.000000 0.000000 0.000000 0.000000 0.000000 0.000000 0.000000 0.000000 0.000000 0.000000 0.000000 0.000000 0.000000 0.000000 0.000000 0.000000 0.000000 123.412831 123.407511 123.402191 123.396871 123.391551 123.386231 123.380911 123.376182 123.371164 123.365844 123.362298
0.000000 0.000000 0.000000 0.000000 0.000000 0.000000 0.000000 0.000000 0.000000 0.000000 0.000000 0.000000 0.000000 0.000000 0.000000 0.000000 0.000000 0.000000 0.000000 0.000000 0.000000 0.000000 0.000000 0.000000 0.000000 0.000000 0.000000 0.000000 0.000000 0.000000 0.000000 0.000000 0.000000 0.000000 0.000000 0.000000 0.000000 0.000000 0.000000 0.000000 0.000000 0.000000 0.000000 0.000000 0.000000 0.000000 0.000000 0.000000 0.000000 0.000000 0.000000 0.000000 123.415195 123.409875 123.404555 123.399235 123.393915 123.389187 123.383867 123.378547 123.372938
0.000000 0.000000 0.000000 0.000000 0.000000 0.000000 0.000000 0.000000 0.000000 0.000000 0.000000 0.000000 0.000000 0.000000 0.000000 0.000000 0.000000 0.000000 0.000000 0.000000 0.000000 0.000000 0.000000 0.000000 0.000000 0.000000 0.000000 0.000000 0.000000 0.000000 0.000000 0.000000 0.000000 0.000000 0.000000 0.000000 0.000000 0.000000 0.000000 0.000000 0.000000 0.000000 0.000000 0.000000 0.000000 0.000000 0.000000 0.000000 0.000000 0.000000 0.000000 0.000000 0.000000 0.000000 123.416667 123.411649 123.406920 123.401600 123.396280 123.390960 123.385640
0.000000 0.000000 0.000000 0.000000 0.000000 0.000000 0.000000 0.000000 0.000000 0.000000 0.000000 0.000000 0.000000 0.000000 0.000000 0.000000 0.000000 0.000000 0.000000 0.000000 0.000000 0.000000 0.000000 0.000000 0.000000 0.000000 0.000000 0.000000 0.000000 0.000000 0.000000 0.000000 0.000000 0.000000 0.000000 0.000000 0.000000 0.000000 0.000000 0.000000 0.000000 0.000000 0.000000 0.000000 0.000000 0.000000 0.000000 0.000000 0.000000 0.000000 0.000000 0.000000 0.000000 0.000000 0.000000 0.000000 0.000000 123.412831 123.409284 123.405738 123.400418
