FireSTARR/test/constant/C2_S060_A000_WD135_WS020/arrival.asc
ncols         331
nrows         116
xllcorner     393703.990666
yllcorner     12748055.311160
cellsize      100.000000
NODATA_value  0.000000
[rows 54 to 80 of 116, columns 183 to 243 of 331]
123.289013 123.296987 123.308218 123.317084 123.325951 123.333333 123.348111 123.356978 123.361115 123.368800 123.392733 123.401600 123.414013 0.000000 0.000000 0.000000 0.000000 0.000000 0.000000 0.000000 0.000000 0.000000 0.000000 0.000000 0.000000 0.000000 0.000000 0.000000 0.000000 0.000000 0.000000 0.000000 0.000000 0.000000 0.000000 0.000000 0.000000 0.000000 0.000000 0.000000 0.000000 0.000000 0.000000 0.000000 0.000000 0.000000 0.000000 0.000000 0.000000 0.000000 0.000000 0.000000 0.000000 0.000000 0.000000 0.000000 0.000000 0.000000 0.000000 0.000000 0.000000
123.266551 123.274235 123.274827 123.292849 123.292849 123.303489 123.317675 123.329498 123.330089 123.343973 123.355204 123.364071 123.366435 123.388596 123.396871 123.409875 0.000000 0.000000 0.000000 0.000000 0.000000 0.000000 0.000000 0.000000 0.000000 0.000000 0.000000 0.000000 0.000000 0.000000 0.000000 0.000000 0.000000 0.000000 0.000000 0.000000 0.000000 0.000000 0.000000 0.000000 0.000000 0.000000 0.000000 0.000000 0.000000 0.000000 0.000000 0.000000 0.000000 0.000000 0.000000 0.000000 0.000000 0.000000 0.000000 0.000000 0.000000 0.000000 0.000000 0.000000 0.000000
123.244982 123.249711 123.254729 123.263004 123.270098 123.273053 123.289013 123.289013 123.302307 123.313538 123.322404 123.334516 123.339836 123.350475 123.360524 123.368800 123.383867 123.405738 123.406329 0.000000 0.000000 0.000000 0.000000 0.000000 0.000000 0.000000 0.000000 0.000000 0.000000 0.000000 0.000000 0.000000 0.000000 0.000000 0.000000 0.000000 0.000000 0.000000 0.000000 0.000000 0.000000 0.000000 0.000000 0.000000 0.000000 0.000000 0.000000 0.000000 0.000000 0.000000 0.000000 0.000000 0.000000 0.000000 0.000000 0.000000 0.000000 0.000000 0.000000 0.000000 0.000000
123.224884 123.229022 123.236707 123.240844 123.245573 123.250591 123.258867 123.261231 123.268915 123.284875 123.284875 123.300533 123.309991 123.317084 123.330680 123.336289 123.346338 123.356387 123.374120 123.380320 123.401009 123.401600 123.414013 0.000000 0.000000 0.000000 0.000000 0.000000 0.000000 0.000000 0.000000 0.000000 0.000000 0.000000 0.000000 0.000000 0.000000 0.000000 0.000000 0.000000 0.000000 0.000000 0.000000 0.000000 0.000000 0.000000 0.000000 0.000000 0.000000 0.000000 0.000000 0.000000 0.000000 0.000000 0.000000 0.000000 0.000000 0.000000 0.000000 0.000000 0.000000
123.206862 123.206862 123.211289 123.220156 123.221338 123.231978 123.236707 123.246164 123.246164 123.255320 123.258867 123.262413 123.274235 123.281329 123.304671 123.305853 123.320631 123.328315 123.332453 123.348702 123.349293 123.369982 123.381502 123.397462 123.403373 123.409284 0.000000 0.000000 0.000000 0.000000 0.000000 0.000000 0.000000 0.000000 0.000000 0.000000 0.000000 0.000000 0.000000 0.000000 0.000000 0.000000 0.000000 0.000000 0.000000 0.000000 0.000000 0.000000 0.000000 0.000000 0.000000 0.000000 0.000000 0.000000 0.000000 0.000000 0.000000 0.000000 0.000000 0.000000 0.000000
123.192084 123.192084 123.200360 123.200951 123.203315 123.207453 123.216609 123.220156 123.227840 123.233160 123.242618 123.243800 123.251182 123.257684 123.264187 123.271280 123.278373 123.299942 123.304671 123.315902 123.323587 123.328315 123.341609 123.345747 123.365253 123.376182 123.392733 123.400418 123.405738 123.415787 0.000000 0.000000 0.000000 0.000000 0.000000 0.000000 0.000000 0.000000 0.000000 0.000000 0.000000 0.000000 0.000000 0.000000 0.000000 0.000000 0.000000 0.000000 0.000000 0.000000 0.000000 0.000000 0.000000 0.000000 0.000000 0.000000 0.000000 0.000000 0.000000 0.000000 0.000000
123.184400 123.183809 123.186764 123.187355 123.187947 123.195631 123.196813 123.198587 123.203315 123.212471 123.217791 123.223702 123.230204 123.238480 123.239662 123.246755 123.253547 123.258276 123.267733 123.276600 123.290787 123.301124 123.312355 123.323587 123.325951 123.335107 123.341609 123.368800 123.371755 123.390369 123.399827 123.401600 123.414604 0.000000 0.000000 0.000000 0.000000 0.000000 0.000000 0.000000 0.000000 0.000000 0.000000 0.000000 0.000000 0.000000 0.000000 0.000000 0.000000 0.000000 0.000000 0.000000 0.000000 0.000000 0.000000 0.000000 0.000000 0.000000 0.000000 0.000000 0.000000
123.186173 123.183218 123.182036 123.180853 123.180262 123.182627 123.183809 123.184400 123.192675 123.192675 123.195040 123.199769 123.208044 123.219564 123.222520 123.229613 123.234342 123.236707 123.244982 123.249711 123.260049 123.265369 123.269507 123.292849 123.298760 123.307627 123.317675 123.328907 123.331862 123.340427 123.366435 123.372938 123.386231 123.396871 123.401009 0.000000 0.000000 0.000000 0.000000 0.000000 0.000000 0.000000 0.000000 0.000000 0.000000 0.000000 0.000000 0.000000 0.000000 0.000000 0.000000 0.000000 0.000000 0.000000 0.000000 0.000000 0.000000 0.000000 0.000000 0.000000 0.000000
123.195040 123.189720 123.187355 123.182627 123.179671 123.177898 123.176716 123.176124 123.178489 123.179080 123.180262 123.188538 123.188538 123.190902 123.193858 123.203907 123.214244 123.217791 123.221338 123.230204 123.230795 123.240844 123.245573 123.255911 123.264187 123.280147 123.289013 123.300533 123.304080 123.314129 123.322404 123.325360 123.341018 123.365253 123.379729 123.382093 123.392142 123.412831 0.000000 0.000000 0.000000 0.000000 0.000000 0.000000 0.000000 0.000000 0.000000 0.000000 0.000000 0.000000 0.000000 0.000000 0.000000 0.000000 0.000000 0.000000 0.000000 0.000000 0.000000 0.000000 0.000000
123.206862 123.201542 123.196222 123.190902 123.186173 123.183218 123.179080 123.175533 123.174351 123.173169 123.171987 123.174942 123.175533 123.176124 123.184991 123.184991 123.187355 123.189129 123.200360 123.206862 123.211880 123.217791 123.226067 123.227249 123.237298 123.241435 123.251182 123.274235 123.276009 123.284875 123.289604 123.300533 123.309991 123.317084 123.331862 123.345156 123.356387 123.374711 123.388004 123.392733 123.402191 123.415195 0.000000 0.000000 0.000000 0.000000 0.000000 0.000000 0.000000 0.000000 0.000000 0.000000 0.000000 0.000000 0.000000 0.000000 0.000000 0.000000 0.000000 0.000000 0.000000
123.214244 123.211289 123.207453 123.202133 123.196813 123.192084 123.187947 123.182627 123.179080 123.174351 123.171987 123.170804 123.169031 123.168440 123.169622 123.171396 123.172578 123.180853 123.180853 123.183218 123.184991 123.196222 123.206271 123.208044 123.216018 123.222520 123.223111 123.233751 123.238480 123.251182 123.270689 123.272462 123.281329 123.287240 123.295804 123.305853 123.315311 123.330680 123.342200 123.352840 123.364662 123.383276 123.393324 123.408102 0.000000 0.000000 0.000000 0.000000 0.000000 0.000000 0.000000 0.000000 0.000000 0.000000 0.000000 0.000000 0.000000 0.000000 0.000000 0.000000 0.000000
123.218973 123.216609 123.215427 123.210107 123.206862 123.203315 123.197995 123.192675 123.187355 123.184991 123.180853 123.175533 123.170804 123.167849 123.166667 123.165195 123.164604 123.165195 123.167258 123.168440 123.172578 123.176716 123.180853 123.181444 123.192084 123.202133 123.206271 123.211289 123.218382 123.218973 123.233160 123.236115 123.249711 123.258867 123.267733 123.277191 123.285467 123.292849 123.301124 123.315902 123.326542 123.348702 123.350475 123.369982 123.381502 123.389187 123.409875 0.000000 0.000000 0.000000 0.000000 0.000000 0.000000 0.000000 0.000000 0.000000 0.000000 0.000000 0.000000 0.000000 0.000000
123.231978 123.226658 123.221338 123.216018 123.213062 123.211289 123.207453 123.203315 123.200360 123.195040 123.189720 123.184400 123.180262 123.177307 123.171987 123.167258 123.164013 123.162831 123.161649 123.160467 123.161649 123.163422 123.164604 123.165787 123.173169 123.176716 123.185582 123.188538 123.192084 123.202133 123.205089 123.214244 123.214836 123.228431 123.237889 123.251773 123.258867 123.265369 123.273053 123.283693 123.290195 123.306444 123.314129 123.328315 123.343973 123.348702 123.374711 123.377364 123.385049 123.414013 0.000000 0.000000 0.000000 0.000000 0.000000 0.000000 0.000000 0.000000 0.000000 0.000000 0.000000
123.243209 123.237889 123.232569 123.227249 123.221929 123.216609 123.211880 123.208924 123.207453 123.204498 123.199769 123.197404 123.192084 123.186764 123.181444 123.176716 123.174351 123.169622 123.164013 123.160467 123.159284 123.158102 123.156920 123.159875 123.159284 123.161058 123.163422 123.169031 123.172578 123.183809 123.184400 123.188538 123.198587 123.201542 123.210698 123.217791 123.224884 123.233751 123.244982 123.258276 123.263004 123.269507 123.281920 123.286649 123.302307 123.312355 123.323587 123.339836 123.354022 123.361707 123.372938 123.386822 123.400418 0.000000 0.000000 0.000000 0.000000 0.000000 0.000000 0.000000 0.000000
123.252364 123.247938 123.243800 123.238480 123.233160 123.227840 123.222520 123.217200 123.213653 123.209516 123.205089 123.203907 123.199769 123.195040 123.193267 123.189129 123.183809 123.179080 123.173169 123.170804 123.166378 123.161058 123.156920 123.155147 123.153964 123.152782 123.152782 123.155147 123.156920 123.164013 123.165195 123.168440 123.171987 123.183809 123.183809 123.194449 123.199178 123.206271 123.214836 123.220747 123.230204 123.241435 123.255320 123.264187 123.264778 123.276600 123.282511 123.298169 123.313538 123.322995 123.338062 123.350475 123.357569 123.372347 123.382684 123.408102 0.000000 0.000000 0.000000 0.000000 0.000000
123.263596 123.259458 123.254729 123.249120 123.243800 123.238480 123.233160 123.227840 123.223111 123.219564 123.214244 123.208924 123.205680 123.201542 123.199769 123.196813 123.192084 123.189720 123.186173 123.180853 123.176124 123.170213 123.166378 123.162240 123.156920 123.153373 123.151600 123.150418 123.149235 123.149235 123.151600 123.153373 123.153964 123.161649 123.164604 123.166378 123.178489 123.180262 123.190902 123.191493 123.201542 123.216609 123.217200 123.226067 123.239662 123.254729 123.260640 123.265960 123.273053 123.278373 123.307036 123.312355 123.320631 123.340427 123.348702 123.353431 123.376773 123.387413 123.404555 0.000000 0.000000
123.274827 123.269507 123.264187 123.258867 123.254729 123.251182 123.246164 123.240844 123.235524 123.230204 123.224884 123.220156 123.217200 123.212471 123.207453 123.202133 123.197404 123.195631 123.193267 123.187947 123.185582 123.182036 123.176716 123.171396 123.166378 123.161649 123.158693 123.154555 123.149235 123.148053 123.146280 123.145098 123.145098 123.148644 123.149235 123.151009 123.157511 123.161058 123.168440 123.174942 123.184991 123.186764 123.187947 123.197995 123.202133 123.213062 123.222520 123.227840 123.247347 123.255911 123.268324 123.274235 123.277782 123.301716 123.314129 123.320040 123.333924 123.349293 123.366435 123.372347 123.394507
123.285467 123.280147 123.275418 123.271871 123.266551 123.261231 123.255911 123.250591 123.248529 123.243209 123.237889 123.232569 123.227840 123.222520 123.217200 123.211880 123.208924 123.204498 123.199178 123.194449 123.190902 123.189720 123.184991 123.181444 123.179080 123.173760 123.168440 123.163422 123.158102 123.154555 123.149827 123.145689 123.143915 123.142733 123.141551 123.141551 123.143324 123.145689 123.145689 123.153373 123.156920 123.162831 123.170804 123.182036 123.182627 123.183218 123.195040 123.202133 123.208924 123.218382 123.226067 123.239662 123.252364 123.264187 123.270098 123.275418 123.299942 123.313538 123.317675 123.328907 123.345156
123.294622 123.289013 123.283693 123.280147 123.276600 123.271280 123.267733 123.263004 123.257684 123.252364 123.247347 123.244982 123.240844 123.235524 123.230204 123.225475 123.219564 123.214836 123.209516 123.203907 123.199178 123.196222 123.191493 123.187355 123.185582 123.180853 123.177307 123.176124 123.170804 123.165787 123.160467 123.155147 123.149827 123.146280 123.142142 123.140369 123.139187 123.137413 123.137413 123.139187 123.141551 123.142142 123.149827 123.153373 123.153964 123.166667 123.177898 123.179080 123.179671 123.190902 123.205089 123.205680 123.214244 123.234933 123.237298 123.247938 123.260049 123.265369 123.281329 123.294031 123.305853
123.307036 123.301716 123.296396 123.291378 123.286058 123.280738 123.276009 123.270689 123.267733 123.263004 123.257684 123.254138 123.249711 123.244391 123.240844 123.237889 123.232569 123.227249 123.222520 123.217200 123.211880 123.206271 123.201542 123.196222 123.193267 123.189129 123.183218 123.182036 123.177898 123.173760 123.171987 123.169031 123.164013 123.158693 123.153373 123.148053 123.142733 123.138004 123.136231 123.135049 123.133867 123.133867 123.135640 123.137413 123.138004 123.145689 123.149235 123.151600 123.162831 123.172578 123.175533 123.175533 123.186764 123.200951 123.202724 123.208044 123.230795 123.233751 123.244391 123.254729 123.265369
123.320040 123.314720 123.309400 123.304080 123.298760 123.294031 123.288422 123.283102 123.277782 123.273053 123.267733 123.262413 123.260049 123.254729 123.249711 123.244391 123.240253 123.236115 123.232569 123.229022 123.223702 123.218382 123.213062 123.207453 123.202724 123.197404 123.193858 123.189720 123.184400 123.179671 123.177898 123.174942 123.169622 123.167849 123.165195 123.159875 123.154555 123.149235 123.143915 123.139187 123.135049 123.132684 123.131502 123.130320 123.129729 123.131502 123.133867 123.133867 123.142142 123.145098 123.148053 123.159284 123.170213 123.170804 123.171987 123.182627 123.196813 123.199178 123.204498 123.220747 123.231387
123.333044 123.327724 123.322404 123.317084 123.311764 123.306444 123.301124 123.296396 123.290787 123.285467 123.280147 123.275418 123.270098 123.265369 123.261231 123.255911 123.251182 123.246164 123.240844 123.236115 123.231978 123.227840 123.224884 123.220156 123.214836 123.210107 123.205089 123.199769 123.194449 123.189129 123.183809 123.180853 123.176124 123.173760 123.171987 123.166378 123.164013 123.162240 123.156920 123.151600 123.146280 123.140960 123.136231 123.130911 123.128547 123.127364 123.126182 123.125591 123.127956 123.129729 123.129729 123.138004 123.139778 123.142142 123.155147 123.158693 123.167258 123.167258 123.178489 123.192675 123.196813
123.346929 123.341609 123.336289 123.331271 123.325951 123.320631 123.315311 123.309991 123.304671 123.299351 123.294031 123.289013 123.283693 123.278373 123.273053 123.267733 123.262413 123.257684 123.252364 123.246755 123.241435 123.237889 123.233751 123.228431 123.223111 123.219564 123.218382 123.213653 123.208924 123.203907 123.198587 123.193267 123.187947 123.182627 123.177307 123.172578 123.169622 123.168440 123.163422 123.160467 123.156920 123.152782 123.148053 123.142733 123.137413 123.132093 123.127364 123.124711 123.123529 123.122347 123.121755 123.124120 123.125591 123.126182 123.134458 123.137413 123.138004 123.151600 123.155738 123.162831 123.164013
123.358160 123.352840 123.348702 123.343973 123.338653 123.333044 123.328315 123.322995 123.317675 123.312355 123.307036 123.301716 123.296396 123.291378 123.286058 123.280738 123.275418 123.270098 123.265369 123.259458 123.254729 123.249120 123.243800 123.238480 123.233751 123.229613 123.225475 123.220747 123.216018 123.214244 123.210107 123.206271 123.200951 123.195631 123.190311 123.184991 123.179671 123.174351 123.169031 123.165787 123.164604 123.159284 123.156329 123.153373 123.148053 123.143915 123.139187 123.133867 123.128547 123.123529 123.121164 123.119982 123.118800 123.118209 123.119982 123.122347 123.122347 123.130320 123.133867 123.133867 123.145689
123.368209 123.362889 123.358751 123.354613 123.349293 123.343973 123.338653 123.333924 123.328315 123.323587 123.318267 123.312947 123.307627 123.302307 123.296987 123.292258 123.287240 123.281920 123.276600 123.271280 123.265960 123.260640 123.255320 123.250000 123.245573 123.241435 123.235524 123.230795 123.226067 123.222520 123.217791 123.212471 123.210107 123.205680 123.202724 123.197404 123.192084 123.186764 123.181444 123.176124 123.170804 123.165787 123.162240 123.160467 123.156920 123.152191 123.149827 123.144507 123.139187 123.135049 123.130911 123.125591 123.120573 123.117618 123.115844 123.114662 123.114071 123.116435 123.117027 123.118209 123.126773
123.380320 123.375000 123.369982 123.365253 123.359933 123.354613 123.349293 123.346929 123.341609 123.336289 123.331271 123.325951 123.320631 123.315311 123.309991 123.304671 123.299351 123.294031 123.289013 123.283693 123.278373 123.273053 123.267733 123.262413 123.257684 123.252364 123.246755 123.241435 123.236707 123.231387 123.226067 123.220747 123.218973 123.214836 123.209516 123.205089 123.202133 123.198587 123.193858 123.189129 123.183809 123.178489 123.173169 123.167849 123.162831 123.158102 123.156920 123.152782 123.148644 123.146871 123.141551 123.136822 123.130911 123.126182 123.121164 123.116435 123.113480 123.112298 123.111115 123.110524 123.112298
123.395098 123.390369 123.384458 123.379729 123.374120 123.368800 123.364071 123.358751 123.353431 123.348111 123.342791 123.337471 123.332453 123.327133 123.321813 123.316493 123.311173 123.305853 123.301124 123.295213 123.290195 123.284875 123.280147 123.274235 123.269507 123.264187 123.258867 123.253547 123.248529 123.243209 123.237889 123.232569 123.227249 123.221929 123.217200 123.214836 123.210698 123.206271 123.201542 123.199178 123.193858 123.188538 123.183218 123.178489 123.173760 123.169622 123.164013 123.158693 123.154555 123.152782 123.149827 123.144507 123.142733 123.138004 123.132684 123.127364 123.122347 123.117027 123.112298 123.109933 123.108751
