FireSTARR/test/constant/C2_S060_A000_WD135_WS020/arrival.asc
ncols         331
nrows         116
xllcorner     393703.990666
yllcorner     12748055.311160
cellsize      100.000000
NODATA_value  0.000000
[rows 27 to 53 of 116, columns 61 to 121 of 331]
123.388596 123.383276 123.377956 123.376773 123.372938 123.369982 123.368209 123.362889 123.357569 123.352249 123.347520 123.345156 123.341018 123.335698 123.330680 123.328315 123.327133 123.322404 123.317084 123.314720 123.313538 123.312355 123.311764 123.313538 123.316493 123.315902 123.318858 123.319449 123.320631 123.331862 123.333044 123.333044 123.335107 123.335698 123.338062 123.352249 123.359342 123.368800 123.377364 123.379138 123.383276 123.395098 123.400418 123.405147 123.408693 0.000000 0.000000 0.000000 0.000000 0.000000 0.000000 0.000000 0.000000 0.000000 0.000000 0.000000 0.000000 0.000000 0.000000 0.000000 0.000000
123.396871 123.393915 123.389778 123.384458 123.379138 123.374120 123.372347 123.368800 123.365844 123.362298 123.359933 123.354613 123.349293 123.344564 123.341609 123.338062 123.333044 123.327724 123.324178 123.322995 123.319449 123.314129 123.311173 123.309991 123.308218 123.307627 123.309400 123.312355 123.311764 123.314720 123.316493 123.316493 123.327724 123.328907 123.328907 123.331271 123.331271 123.335107 123.348111 123.357569 123.364662 123.372938 123.374711 123.386231 123.391551 123.396280 123.401600 123.405147 123.415787 123.415787 0.000000 0.000000 0.000000 0.000000 0.000000 0.000000 0.000000 0.000000 0.000000 0.000000 0.000000
123.408102 123.402782 123.398053 123.392733 123.389778 123.386822 123.381502 123.376773 123.371164 123.368800 123.365844 123.361707 123.359933 123.355795 123.350475 123.345747 123.340427 123.337471 123.335107 123.330089 123.324769 123.320631 123.318858 123.315311 123.309991 123.307036 123.305853 123.304671 123.304080 123.305853 123.305853 123.308218 123.311173 123.311173 123.312947 123.324178 123.325360 123.325360 123.327133 123.328315 123.342791 123.343382 123.355795 123.364071 123.369391 123.370573 123.382684 123.387413 123.392142 123.394507 123.403373 123.411649 123.411649 0.000000 0.000000 0.000000 0.000000 0.000000 0.000000 0.000000 0.000000
0.000000 123.415787 123.410467 123.405147 123.399827 123.395098 123.389778 123.385049 123.382093 123.377364 123.372347 123.367027 123.364662 123.362889 123.357569 123.355204 123.352840 123.347520 123.342791 123.337471 123.333044 123.331862 123.327133 123.321813 123.316493 123.315311 123.311764 123.306444 123.303489 123.302307 123.301124 123.299942 123.300533 123.302307 123.304080 123.305262 123.307627 123.308809 123.320040 123.320631 123.321222 123.322995 123.328907 123.338062 123.342791 123.354613 123.356978 123.365253 123.366435 123.380911 123.383276 123.388004 123.393324 123.394507 123.405147 123.408102 123.414604 0.000000 0.000000 0.000000 0.000000
0.000000 0.000000 0.000000 0.000000 123.412831 123.407511 123.402782 123.396871 123.392142 123.386822 123.381502 123.379138 123.374711 123.369391 123.364071 123.360524 123.359342 123.354613 123.351658 123.349293 123.343973 123.338653 123.333924 123.329498 123.327724 123.322995 123.317675 123.312947 123.311173 123.308809 123.303489 123.299351 123.298169 123.296987 123.295804 123.297578 123.298760 123.300533 123.302898 123.303489 123.305262 123.315902 123.317084 123.317675 123.318858 123.325951 123.334516 123.340427 123.352840 123.352840 123.361707 123.365253 123.369391 123.379138 123.384458 123.389778 123.390960 123.402191 123.409284 0.000000 0.000000
0.000000 0.000000 0.000000 0.000000 0.000000 123.415787 123.414013 123.408693 123.403964 123.398644 123.393324 123.388004 123.382684 123.377956 123.375591 123.370573 123.365253 123.359933 123.356387 123.355204 123.352249 123.347520 123.346338 123.341609 123.336289 123.331271 123.325360 123.323587 123.319449 123.314129 123.309400 123.307036 123.304080 123.299351 123.295804 123.294622 123.293440 123.292258 123.294031 123.294622 123.296396 123.299351 123.299351 123.301124 123.312355 123.312355 123.313538 123.315311 123.324178 123.330680 123.340427 123.341609 123.349293 123.357569 123.364662 123.365844 123.375000 123.380320 123.385640 123.390960 123.398644
0.000000 0.000000 0.000000 0.000000 0.000000 0.000000 0.000000 0.000000 123.412831 123.409875 123.406329 123.401009 123.395689 123.390369 123.385049 123.379729 123.375000 123.369982 123.367027 123.362298 123.356978 123.352840 123.351067 123.348111 123.343973 123.342200 123.338653 123.333044 123.328315 123.322995 123.319449 123.316493 123.311173 123.305853 123.302898 123.301124 123.296396 123.292258 123.290787 123.289604 123.288422 123.289013 123.290195 123.292258 123.295804 123.295213 123.297578 123.302898 123.308809 123.309400 123.311173 123.322404 123.327133 123.336880 123.341018 123.345156 123.353431 123.360524 123.362889 123.371755 123.376182
0.000000 0.000000 0.000000 0.000000 0.000000 0.000000 0.000000 0.000000 0.000000 0.000000 123.414604 123.409875 123.405738 123.403373 123.398644 123.393324 123.388004 123.382684 123.377364 123.372347 123.367027 123.362889 123.359342 123.354022 123.349293 123.346929 123.345156 123.339836 123.338062 123.334516 123.329498 123.324178 123.318858 123.315311 123.313538 123.308218 123.302898 123.299351 123.296396 123.292258 123.288422 123.287240 123.285467 123.284284 123.284875 123.287831 123.288422 123.291667 123.291378 123.293440 123.301124 123.304671 123.305853 123.307036 123.311173 123.322404 123.333044 123.334516 123.341609 123.349884 123.356387
0.000000 0.000000 0.000000 0.000000 0.000000 0.000000 0.000000 0.000000 0.000000 0.000000 0.000000 0.000000 123.415787 123.411058 123.405738 123.401600 123.399827 123.395098 123.389778 123.384458 123.379729 123.374711 123.369391 123.364071 123.358751 123.353431 123.351067 123.346338 123.343382 123.341018 123.336289 123.334516 123.331862 123.326542 123.321222 123.315902 123.311173 123.309400 123.305262 123.299942 123.295213 123.293440 123.288422 123.284875 123.283102 123.281920 123.280738 123.280738 123.283693 123.284875 123.285467 123.287831 123.289604 123.299942 123.300533 123.301716 123.303489 123.308809 123.318858 123.327724 123.331271
0.000000 0.000000 0.000000 0.000000 0.000000 0.000000 0.000000 0.000000 0.000000 0.000000 0.000000 0.000000 0.000000 0.000000 0.000000 123.412831 123.408102 123.402782 123.397462 123.395689 123.390369 123.385049 123.379729 123.375591 123.371755 123.366435 123.361115 123.355795 123.350475 123.346338 123.342200 123.339244 123.337471 123.332453 123.330089 123.328907 123.323587 123.318267 123.312947 123.308218 123.304671 123.301716 123.296396 123.291378 123.289604 123.285467 123.280738 123.279555 123.278373 123.276600 123.276600 123.279555 123.280738 123.281329 123.283693 123.285467 123.295213 123.296396 123.298169 123.299351 123.307036
0.000000 0.000000 0.000000 0.000000 0.000000 0.000000 0.000000 0.000000 0.000000 0.000000 0.000000 0.000000 0.000000 0.000000 0.000000 0.000000 0.000000 123.415787 123.410467 123.405147 123.399827 123.394507 123.391551 123.386822 123.381502 123.376182 123.371164 123.368209 123.364662 123.359342 123.354022 123.348702 123.343382 123.338062 123.335107 123.333924 123.329498 123.326542 123.323587 123.320040 123.315311 123.309991 123.304671 123.301124 123.298760 123.293440 123.288422 123.285467 123.281329 123.277191 123.275418 123.274235 123.273053 123.273053 123.276009 123.277191 123.277191 123.280147 123.281329 123.292849 123.292849
0.000000 0.000000 0.000000 0.000000 0.000000 0.000000 0.000000 0.000000 0.000000 0.000000 0.000000 0.000000 0.000000 0.000000 0.000000 0.000000 0.000000 0.000000 0.000000 0.000000 123.414013 123.409284 123.403373 123.398644 123.393324 123.388004 123.382684 123.377364 123.372347 123.368209 123.364071 123.360524 123.355204 123.350475 123.344564 123.339836 123.334516 123.331271 123.330089 123.326542 123.322404 123.320040 123.314720 123.312355 123.307036 123.301716 123.296987 123.295804 123.290787 123.285467 123.280738 123.278373 123.273644 123.271871 123.270689 123.269507 123.268915 123.271871 123.273053 123.273053 123.276009
0.000000 0.000000 0.000000 0.000000 0.000000 0.000000 0.000000 0.000000 0.000000 0.000000 0.000000 0.000000 0.000000 0.000000 0.000000 0.000000 0.000000 0.000000 0.000000 0.000000 0.000000 123.415195 123.413422 123.411058 123.405738 123.400418 123.395098 123.389778 123.384458 123.379729 123.374120 123.368800 123.363480 123.359342 123.357569 123.352840 123.347520 123.342200 123.336880 123.331862 123.327724 123.325951 123.322404 123.318267 123.316493 123.313538 123.308218 123.302898 123.297578 123.293440 123.291378 123.290195 123.285467 123.280147 123.274827 123.269507 123.267733 123.266551 123.265369 123.265369 123.268324
0.000000 0.000000 0.000000 0.000000 0.000000 0.000000 0.000000 0.000000 0.000000 0.000000 0.000000 0.000000 0.000000 0.000000 0.000000 0.000000 0.000000 0.000000 0.000000 0.000000 0.000000 0.000000 0.000000 123.415787 123.411058 123.409284 123.407511 123.402191 123.397462 123.391551 123.386822 123.381502 123.376182 123.371164 123.365844 123.360524 123.355795 123.353431 123.349884 123.344564 123.339244 123.333924 123.328907 123.323587 123.321813 123.320040 123.314720 123.312947 123.309991 123.304671 123.299351 123.294031 123.289604 123.287831 123.286649 123.282511 123.277191 123.271871 123.266551 123.264187 123.263004
0.000000 0.000000 0.000000 0.000000 0.000000 0.000000 0.000000 0.000000 0.000000 0.000000 0.000000 0.000000 0.000000 0.000000 0.000000 0.000000 0.000000 0.000000 0.000000 0.000000 0.000000 0.000000 0.000000 0.000000 0.000000 0.000000 123.413422 123.408102 123.405147 123.403373 123.398053 123.392733 123.387413 123.382093 123.377364 123.372938 123.368209 123.362889 123.357569 123.352840 123.349884 123.346929 123.341609 123.336289 123.331271 123.325951 123.320631 123.318267 123.317084 123.311764 123.308809 123.305853 123.300533 123.295213 123.290787 123.286649 123.283693 123.282511 123.278373 123.273053 123.267733
0.000000 0.000000 0.000000 0.000000 0.000000 0.000000 0.000000 0.000000 0.000000 0.000000 0.000000 0.000000 0.000000 0.000000 0.000000 0.000000 0.000000 0.000000 0.000000 0.000000 0.000000 0.000000 0.000000 0.000000 0.000000 0.000000 0.000000 0.000000 123.415787 123.410467 123.405147 123.401600 123.398644 123.393915 123.389187 123.383867 123.379729 123.374711 123.369391 123.364662 123.359342 123.354022 123.348702 123.345747 123.342200 123.337471 123.331862 123.326542 123.321222 123.316493 123.314720 123.312355 123.307036 123.304671 123.302307 123.296987 123.292258 123.286649 123.281920 123.280147 123.278964
0.000000 0.000000 0.000000 0.000000 0.000000 0.000000 0.000000 0.000000 0.000000 0.000000 0.000000 0.000000 0.000000 0.000000 0.000000 0.000000 0.000000 0.000000 0.000000 0.000000 0.000000 0.000000 0.000000 0.000000 0.000000 0.000000 0.000000 0.000000 0.000000 0.000000 123.416378 123.411058 123.405738 123.401009 123.397462 123.395098 123.389778 123.384458 123.379729 123.376182 123.371755 123.366435 123.361707 123.356387 123.351067 123.345747 123.341018 123.339244 123.333924 123.328907 123.323587 123.318267 123.313538 123.310582 123.308218 123.303489 123.300533 123.299351 123.294622 123.289604 123.284284
0.000000 0.000000 0.000000 0.000000 0.000000 0.000000 0.000000 0.000000 0.000000 0.000000 0.000000 0.000000 0.000000 0.000000 0.000000 0.000000 0.000000 0.000000 0.000000 0.000000 0.000000 0.000000 0.000000 0.000000 0.000000 0.000000 0.000000 0.000000 0.000000 0.000000 0.000000 0.000000 0.000000 123.414013 123.408693 123.403964 123.398053 123.393324 123.391551 123.387413 123.381502 123.376773 123.371755 123.366435 123.363480 123.358751 123.353431 123.348111 123.342791 123.337471 123.335107 123.330089 123.325360 123.320040 123.314720 123.309400 123.306444 123.305262 123.299942 123.296396 123.295213
0.000000 0.000000 0.000000 0.000000 0.000000 0.000000 0.000000 0.000000 0.000000 0.000000 0.000000 0.000000 0.000000 0.000000 0.000000 0.000000 0.000000 0.000000 0.000000 0.000000 0.000000 0.000000 0.000000 0.000000 0.000000 0.000000 0.000000 0.000000 0.000000 0.000000 0.000000 0.000000 0.000000 0.000000 0.000000 123.414604 123.409284 123.403964 123.399235 123.393915 123.389778 123.387413 123.384458 123.379138 123.374120 123.368800 123.363480 123.359342 123.355204 123.349884 123.344564 123.339244 123.333924 123.331862 123.326542 123.321222 123.315902 123.310582 123.305853 123.302307 123.301124
0.000000 0.000000 0.000000 0.000000 0.000000 0.000000 0.000000 0.000000 0.000000 0.000000 0.000000 0.000000 0.000000 0.000000 0.000000 0.000000 0.000000 0.000000 0.000000 0.000000 0.000000 0.000000 0.000000 0.000000 0.000000 0.000000 0.000000 0.000000 0.000000 0.000000 0.000000 0.000000 0.000000 0.000000 0.000000 0.000000 0.000000 123.413422 123.411649 123.406920 123.401009 123.396280 123.390960 123.385640 123.383867 123.380911 123.376182 123.371164 123.365844 123.360524 123.355204 123.349884 123.346338 123.341609 123.336289 123.331271 123.326542 123.324178 123.319449 123.314129 123.308809
0.000000 0.000000 0.000000 0.000000 0.000000 0.000000 0.000000 0.000000 0.000000 0.000000 0.000000 0.000000 0.000000 0.000000 0.000000 0.000000 0.000000 0.000000 0.000000 0.000000 0.000000 0.000000 0.000000 0.000000 0.000000 0.000000 0.000000 0.000000 0.000000 0.000000 0.000000 0.000000 0.000000 0.000000 0.000000 0.000000 0.000000 0.000000 0.000000 123.414013 123.409875 123.408102 123.402782 123.397462 123.392142 123.386822 123.382093 123.379729 123.378547 123.373529 123.368209 123.362889 123.357569 123.352249 123.346929 123.341609 123.336289 123.333044 123.331271 123.325951 123.320631
0.000000 0.000000 0.000000 0.000000 0.000000 0.000000 0.000000 0.000000 0.000000 0.000000 0.000000 0.000000 0.000000 0.000000 0.000000 0.000000 0.000000 0.000000 0.000000 0.000000 0.000000 0.000000 0.000000 0.000000 0.000000 0.000000 0.000000 0.000000 0.000000 0.000000 0.000000 0.000000 0.000000 0.000000 0.000000 0.000000 0.000000 0.000000 0.000000 0.000000 0.000000 123.416378 123.411058 123.405738 123.403373 123.399827 123.394507 123.389187 123.383867 123.378547 123.375591 123.374711 123.369982 123.364662 123.359342 123.354022 123.349293 123.343382 123.338653 123.333044 123.328907
0.000000 0.000000 0.000000 0.000000 0.000000 0.000000 0.000000 0.000000 0.000000 0.000000 0.000000 0.000000 0.000000 0.000000 0.000000 0.000000 0.000000 0.000000 0.000000 0.000000 0.000000 0.000000 0.000000 0.000000 0.000000 0.000000 0.000000 0.000000 0.000000 0.000000 0.000000 0.000000 0.000000 0.000000 0.000000 0.000000 0.000000 0.000000 0.000000 0.000000 0.000000 0.000000 0.000000 0.000000 123.412240 123.406920 123.402191 123.399235 123.396280 123.390960 123.385640 123.380911 123.375591 123.371755 123.370573 123.365844 123.360524 123.355795 123.350475 123.345156 123.339836
0.000000 0.000000 0.000000 0.000000 0.000000 0.000000 0.000000 0.000000 0.000000 0.000000 0.000000 0.000000 0.000000 0.000000 0.000000 0.000000 0.000000 0.000000 0.000000 0.000000 0.000000 0.000000 0.000000 0.000000 0.000000 0.000000 0.000000 0.000000 0.000000 0.000000 0.000000 0.000000 0.000000 0.000000 0.000000 0.000000 0.000000 0.000000 0.000000 0.000000 0.000000 0.000000 0.000000 0.000000 0.000000 0.000000 123.414604 123.409284 123.403964 123.399235 123.395689 123.392142 123.386822 123.381502 123.376182 123.371164 123.367618 123.366435 123.362298 123.357569 123.352840
0.000000 0.000000 0.000000 0.000000 0.000000 0.000000 0.000000 0.000000 0.000000 0.000000 0.000000 0.000000 0.000000 0.000000 0.000000 0.000000 0.000000 0.000000 0.000000 0.000000 0.000000 0.000000 0.000000 0.000000 0.000000 0.000000 0.000000 0.000000 0.000000 0.000000 0.000000 0.000000 0.000000 0.000000 0.000000 0.000000 0.000000 0.000000 0.000000 0.000000 0.000000 0.000000 0.000000 0.000000 0.000000 0.000000 0.000000 0.000000 123.415787 123.411058 123.405738 123.400418 123.395098 123.391551 123.389187 123.384458 123.379138 123.373529 123.368209 123.364071 123.362298
0.000000 0.000000 0.000000 0.000000 0.000000 0.000000 0.000000 0.000000 0.000000 0.000000 0.000000 0.000000 0.000000 0.000000 0.000000 0.000000 0.000000 0.000000 0.000000 0.000000 0.000000 0.000000 0.000000 0.000000 0.000000 0.000000 0.000000 0.000000 0.000000 0.000000 0.000000 0.000000 0.000000 0.000000 0.000000 0.000000 0.000000 0.000000 0.000000 0.000000 0.000000 0.000000 0.000000 0.000000 0.000000 0.000000 0.000000 0.000000 0.000000 0.000000 0.000000 123.412831 123.408102 123.402782 123.397462 123.392142 123.387413 123.385640 123.380911 123.375591 123.370573
0.000000 0.000000 0.000000 0.000000 0.000000 0.000000 0.000000 0.000000 0.000000 0.000000 0.000000 0.000000 0.000000 0.000000 0.000000 0.000000 0.000000 0.000000 0.000000 0.000000 0.000000 0.000000 0.000000 0.000000 0.000000 0.000000 0.000000 0.000000 0.000000 0.000000 0.000000 0.000000 0.000000 0.000000 0.000000 0.000000 0.000000 0.000000 0.000000 0.000000 0.000000 0.000000 0.000000 0.000000 0.000000 0.000000 0.000000 0.000000 0.000000 0.000000 0.000000 0.000000 0.000000 123.415787 123.409875 123.405147 123.399827 123.394507 123.389187 123.384458 123.380911
