FireSTARR/test/constant/C2_S060_A000_WD135_WS020/arrival.asc
ncols         331
nrows         116
xllcorner     393703.990666
yllcorner     12748055.311160
cellsize      100.000000
NODATA_value  0.000000
[rows 81 to 107 of 116, columns 244 to 304 of 331]
123.108751 123.105795 123.104613 123.103431 123.102840 123.104613 123.105204 123.106387 123.114662 123.115844 123.118209 123.130911 123.137413 123.143324 123.145098 123.157511 123.170804 123.176124 123.189129 123.205680 123.211880 123.221929 123.240253 123.240253 123.261231 123.276600 123.298169 123.308809 123.325951 123.353431 123.357569 123.377364 123.405738 123.416378 0.000000 0.000000 0.000000 0.000000 0.000000 0.000000 0.000000 0.000000 0.000000 0.000000 0.000000 0.000000 0.000000 0.000000 0.000000 0.000000 0.000000 0.000000 0.000000 0.000000 0.000000 0.000000 0.000000 0.000000 0.000000 0.000000 0.000000
123.120573 123.115253 123.110524 123.105204 123.102249 123.101067 123.099884 123.098702 123.100475 123.101067 123.102840 123.110524 123.112889 123.114662 123.127364 123.138596 123.139187 123.150418 123.161058 123.162240 123.177307 123.190902 123.205680 123.212471 123.223111 123.236115 123.249120 123.257093 123.281920 123.289604 123.316493 123.325951 123.343973 123.372938 123.381502 123.402191 0.000000 0.000000 0.000000 0.000000 0.000000 0.000000 0.000000 0.000000 0.000000 0.000000 0.000000 0.000000 0.000000 0.000000 0.000000 0.000000 0.000000 0.000000 0.000000 0.000000 0.000000 0.000000 0.000000 0.000000 0.000000
123.130320 123.128547 123.122938 123.117618 123.112298 123.107569 123.102249 123.098702 123.096929 123.095747 123.095156 123.095747 123.096929 123.098702 123.106978 123.106978 123.112298 123.122938 123.132684 123.135049 123.145689 123.152191 123.162831 123.173760 123.192084 123.198587 123.211289 123.220747 123.231387 123.252956 123.267733 123.281920 123.291378 123.310582 123.336289 123.347520 123.369982 123.380320 123.399235 0.000000 0.000000 0.000000 0.000000 0.000000 0.000000 0.000000 0.000000 0.000000 0.000000 0.000000 0.000000 0.000000 0.000000 0.000000 0.000000 0.000000 0.000000 0.000000 0.000000 0.000000 0.000000
123.137413 123.136231 123.131502 123.126182 123.124120 123.119391 123.114071 123.108751 123.103431 123.098111 123.094564 123.093382 123.092200 123.091018 123.092200 123.092791 123.094564 123.102840 123.104022 123.109342 123.118800 123.121164 123.130320 123.144507 123.145098 123.158693 123.162240 123.186173 123.195631 123.203907 123.227249 123.233751 123.247938 123.261231 123.280147 123.296987 123.309991 123.339244 123.351067 123.368800 123.380911 123.407511 0.000000 0.000000 0.000000 0.000000 0.000000 0.000000 0.000000 0.000000 0.000000 0.000000 0.000000 0.000000 0.000000 0.000000 0.000000 0.000000 0.000000 0.000000 0.000000
123.146871 123.141551 123.136231 123.133867 123.132093 123.127956 123.122938 123.120573 123.116435 123.111115 123.105795 123.100475 123.095156 123.091018 123.089836 123.088062 123.086880 123.087471 123.089244 123.091018 123.099293 123.100475 123.108160 123.116435 123.118209 123.127364 123.140960 123.141551 123.155147 123.159875 123.179671 123.190311 123.199769 123.223111 123.243209 123.243800 123.261822 123.276009 123.301716 123.325360 123.334516 123.350475 123.376182 123.380911 123.400418 0.000000 0.000000 0.000000 0.000000 0.000000 0.000000 0.000000 0.000000 0.000000 0.000000 0.000000 0.000000 0.000000 0.000000 0.000000 0.000000
123.153964 123.150418 123.148053 123.142733 123.137413 123.132684 123.129729 123.128547 123.124711 123.119982 123.115844 123.111707 123.106387 123.101067 123.095747 123.091018 123.087471 123.085698 123.084516 123.083044 123.083333 123.085107 123.086880 123.095156 123.096929 123.110524 123.112298 123.115844 123.127956 123.136822 123.137413 123.151009 123.158102 123.179080 123.195631 123.202724 123.223702 123.239071 123.240253 123.264187 123.285467 123.303489 123.320040 123.338653 123.352249 123.369982 123.393324 123.406329 0.000000 0.000000 0.000000 0.000000 0.000000 0.000000 0.000000 0.000000 0.000000 0.000000 0.000000 0.000000 0.000000
123.166378 123.161058 123.156329 123.151009 123.147462 123.145098 123.139778 123.134458 123.129729 123.125591 123.124120 123.121755 123.117027 123.111707 123.106978 123.103431 123.098111 123.092791 123.087471 123.083333 123.081862 123.080680 123.079498 123.079498 123.081271 123.082453 123.091018 123.091609 123.099293 123.108160 123.112298 123.124711 123.133276 123.133276 123.146871 123.166667 123.173169 123.184991 123.200951 123.220156 123.234933 123.260049 123.265960 123.283102 123.298169 123.323587 123.333333 123.359342 123.376182 123.402191 123.406920 0.000000 0.000000 0.000000 0.000000 0.000000 0.000000 0.000000 0.000000 0.000000 0.000000
123.176124 123.171396 123.168440 123.164013 123.158693 123.153964 123.148644 123.143324 123.141551 123.136231 123.131502 123.126182 123.121755 123.119982 123.118209 123.112889 123.108160 123.102840 123.099884 123.095156 123.089836 123.084516 123.079498 123.078315 123.077133 123.075360 123.075951 123.077724 123.078907 123.086880 123.087471 123.102249 123.104613 123.108751 123.115844 123.129138 123.129729 123.144507 123.161058 123.163422 123.186173 123.202724 123.222520 123.240253 123.254729 123.271871 123.292849 123.302898 123.328315 123.343973 123.359933 123.390369 123.397462 123.416667 0.000000 0.000000 0.000000 0.000000 0.000000 0.000000 0.000000
123.189129 123.184400 123.179080 123.173760 123.168440 123.163422 123.159875 123.155738 123.151009 123.145689 123.140369 123.137413 123.133867 123.128547 123.123529 123.118209 123.115844 123.112298 123.108751 123.106387 123.101067 123.096338 123.091018 123.085698 123.080089 123.075951 123.074178 123.072995 123.071813 123.071813 123.073587 123.074178 123.083044 123.083333 123.098702 123.100475 123.106978 123.112298 123.123529 123.125591 123.139778 123.154555 123.178489 123.189129 123.206862 123.220747 123.248529 123.259458 123.270098 123.288422 123.304080 123.325951 123.345747 123.369391 123.387413 123.409875 0.000000 0.000000 0.000000 0.000000 0.000000
123.202724 123.197404 123.192084 123.186764 123.181444 123.176716 123.170804 123.165787 123.160467 123.155147 123.150418 123.148053 123.142733 123.137413 123.132093 123.130320 123.125000 123.119982 123.115253 123.112298 123.109342 123.105204 123.103431 123.098702 123.093382 123.088062 123.082453 123.077133 123.072404 123.070631 123.069449 123.068267 123.067675 123.069449 123.072995 123.078907 123.086289 123.093973 123.096338 123.107569 123.109342 123.121164 123.122347 123.141551 123.158102 123.180853 123.185582 123.215427 123.235524 123.250000 123.260049 123.264778 123.291378 123.315902 123.329498 123.348111 123.368209 123.388596 123.413422 0.000000 0.000000
123.214836 123.210107 123.205089 123.199769 123.194449 123.189129 123.183809 123.178489 123.173760 123.168440 123.162831 123.157511 123.152782 123.147462 123.144507 123.139778 123.134458 123.129138 123.126773 123.121755 123.116435 123.111115 123.108160 123.106387 123.101658 123.098702 123.094564 123.089244 123.083924 123.078907 123.073587 123.068858 123.067084 123.065311 123.064129 123.064129 123.065902 123.074178 123.075360 123.076542 123.089836 123.092200 123.101658 123.107569 123.117027 123.124711 123.153964 123.169622 123.176124 123.200360 123.217791 123.229613 123.250000 123.259458 123.279555 123.296396 123.318267 123.330680 123.351658 123.380320 123.390369
123.227249 123.222520 123.217200 123.211880 123.206862 123.202724 123.198587 123.193267 123.187947 123.182627 123.177307 123.171987 123.166667 123.161649 123.156329 123.151600 123.145689 123.140960 123.135640 123.130320 123.125000 123.122347 123.118800 123.113480 123.108160 123.104022 123.102840 123.098111 123.094564 123.091609 123.086289 123.081271 123.075951 123.070631 123.065311 123.062947 123.061764 123.060582 123.059991 123.061173 123.069449 123.071222 123.074178 123.086289 123.088653 123.099293 123.103431 123.112298 123.133867 123.155147 123.171987 123.176716 123.190311 123.217200 123.234933 123.246755 123.258867 123.275418 123.295213 123.315311 123.341609
123.240253 123.234933 123.229613 123.224293 123.218973 123.213653 123.208333 123.203315 123.197995 123.194449 123.190311 123.184991 123.179671 123.174351 123.169622 123.164013 123.158693 123.153373 123.148053 123.142733 123.138004 123.132684 123.127364 123.121755 123.118800 123.114662 123.109342 123.104022 123.100475 123.098702 123.095747 123.091018 123.087471 123.082453 123.077133 123.071813 123.066493 123.061173 123.059400 123.058218 123.056444 123.056444 123.057627 123.066493 123.067084 123.071222 123.083333 123.084516 123.095156 123.108160 123.122938 123.138596 123.153964 123.157511 123.184400 123.203315 123.226658 123.231387 123.244391 123.257684 123.281920
123.252956 123.247938 123.242618 123.237298 123.231978 123.226658 123.221338 123.216018 123.211289 123.205680 123.200360 123.195040 123.189720 123.184991 123.182036 123.176716 123.171396 123.166378 123.161058 123.155738 123.150418 123.145098 123.140369 123.135049 123.129729 123.124711 123.118800 123.114071 123.110524 123.106387 123.101067 123.096338 123.094564 123.091018 123.086289 123.083044 123.077724 123.072404 123.067084 123.062947 123.058218 123.055262 123.054080 123.052898 123.052307 123.052898 123.062947 123.063538 123.068267 123.080680 123.080680 123.095156 123.106978 123.118800 123.136231 123.149235 123.164013 123.180262 123.195040 123.219564 123.227249
123.266551 123.261231 123.256502 123.251182 123.246164 123.240844 123.235524 123.230204 123.224884 123.220156 123.214244 123.209516 123.204498 123.199178 123.193858 123.188538 123.183218 123.178489 123.173169 123.167849 123.162831 123.157511 123.152191 123.146871 123.141551 123.136231 123.131502 123.125591 123.120573 123.115253 123.109933 123.106387 123.103431 123.098111 123.093382 123.090427 123.086880 123.081862 123.078907 123.074769 123.069449 123.064129 123.058809 123.054080 123.051716 123.050533 123.049351 123.048169 123.051124 123.057627 123.059400 123.067675 123.075951 123.075951 123.094564 123.109342 123.116435 123.135640 123.146871 123.159284 123.175533
123.281329 123.276009 123.270689 123.265369 123.260049 123.255320 123.249711 123.244391 123.239071 123.233751 123.229022 123.223702 123.218382 123.213062 123.208044 123.202724 123.197404 123.192084 123.186764 123.181444 123.176124 123.171396 123.165787 123.160467 123.155147 123.149827 123.144507 123.139778 123.134458 123.129138 123.123529 123.118800 123.113480 123.108160 123.102840 123.098702 123.095747 123.089836 123.086880 123.083924 123.078907 123.074769 123.070631 123.065902 123.060582 123.055262 123.049942 123.047578 123.046396 123.045213 123.044622 123.053489 123.053489 123.055262 123.057036 123.071222 123.079498 123.094564 123.105204 123.124711 123.136231
123.292849 123.287831 123.282511 123.277191 123.271871 123.267142 123.261231 123.256502 123.251182 123.246164 123.240253 123.235524 123.230204 123.224884 123.219564 123.214244 123.209516 123.204498 123.199178 123.193858 123.188538 123.183218 123.177898 123.172578 123.167258 123.162240 123.157511 123.152191 123.146871 123.141551 123.136231 123.130911 123.125591 123.120573 123.115844 123.110524 123.105204 123.099884 123.094564 123.090427 123.086880 123.082453 123.080680 123.075360 123.070040 123.066493 123.062947 123.057627 123.052307 123.046987 123.044031 123.042849 123.041378 123.040787 123.045804 123.049942 123.051716 123.056444 123.067084 123.078315 123.086880
123.305853 123.302307 123.296987 123.291667 123.286649 123.281329 123.276009 123.270689 123.265369 123.260640 123.255320 123.249711 123.244391 123.239071 123.234342 123.229022 123.223702 123.218382 123.213062 123.208044 123.202724 123.197404 123.192084 123.186764 123.181444 123.176124 123.171396 123.166378 123.161058 123.155738 123.150418 123.145098 123.139778 123.134458 123.129729 123.124120 123.118800 123.113480 123.108751 123.103431 123.098111 123.092791 123.087471 123.082453 123.078907 123.077133 123.071813 123.067084 123.061764 123.058218 123.053489 123.048760 123.043440 123.040195 123.039013 123.037831 123.036649 123.042258 123.045804 123.047578 123.054671
123.316493 123.311173 123.305853 123.302307 123.298169 123.293440 123.288422 123.283102 123.277782 123.272462 123.267142 123.261822 123.256502 123.251773 123.246755 123.241435 123.236115 123.230795 123.225475 123.220156 123.215427 123.210107 123.205089 123.199769 123.194449 123.189129 123.183809 123.178489 123.173169 123.168440 123.163422 123.158102 123.152782 123.147462 123.142142 123.136822 123.131502 123.126773 123.121755 123.116435 123.111115 123.105795 123.100475 123.095156 123.090427 123.084516 123.079498 123.074769 123.072995 123.069449 123.064129 123.058809 123.054671 123.049942 123.045213 123.039604 123.036649 123.034875 123.033693 123.033102 123.033693
123.329498 123.324178 123.318858 123.313538 123.308218 123.302898 123.298169 123.294622 123.291667 123.286649 123.281329 123.276009 123.271280 123.265369 123.260640 123.255320 123.249711 123.244982 123.239662 123.234342 123.229022 123.223702 123.218382 123.213062 123.208044 123.203315 123.197995 123.192675 123.187355 123.182036 123.176716 123.171396 123.166378 123.161058 123.155738 123.150418 123.145098 123.140369 123.134458 123.129729 123.124120 123.118800 123.114071 123.108160 123.103431 123.098111 123.092791 123.087471 123.082453 123.077133 123.071813 123.068267 123.065902 123.060582 123.055262 123.049942 123.044622 123.041667 123.036649 123.032511 123.031329
123.342791 123.337471 123.332453 123.327133 123.321813 123.316493 123.311173 123.305853 123.300533 123.295213 123.290787 123.288422 123.283693 123.278373 123.273053 123.267733 123.262413 123.257093 123.251773 123.246755 123.241435 123.236115 123.230795 123.225475 123.220747 123.214836 123.210107 123.205089 123.199769 123.194449 123.189129 123.183809 123.179080 123.173760 123.168440 123.162831 123.158102 123.152782 123.147462 123.142142 123.136822 123.131502 123.126182 123.121164 123.115844 123.110524 123.105204 123.099884 123.094564 123.089244 123.084516 123.079498 123.074178 123.068858 123.064720 123.061764 123.057036 123.051124 123.046396 123.041378 123.037240
123.358160 123.352840 123.347520 123.342791 123.337471 123.331862 123.327133 123.321222 123.316493 123.311173 123.305853 123.300533 123.295213 123.290195 123.284875 123.279555 123.274235 123.268915 123.263596 123.258276 123.253547 123.249120 123.244391 123.239071 123.233751 123.229022 123.223702 123.218382 123.213062 123.207453 123.202724 123.197404 123.192084 123.186764 123.181444 123.176124 123.170804 123.165787 123.160467 123.155147 123.149827 123.144507 123.139778 123.133867 123.129138 123.123529 123.118209 123.112889 123.108160 123.102840 123.097520 123.092200 123.086880 123.081862 123.076542 123.071222 123.065902 123.060582 123.058809 123.054671 123.049351
123.371164 123.365844 123.360524 123.355204 123.349884 123.344564 123.339836 123.334516 123.328907 123.323587 123.318858 123.313538 123.308218 123.302898 123.297578 123.292258 123.287240 123.281920 123.276600 123.271871 123.266551 123.261231 123.255911 123.250591 123.245573 123.240844 123.235524 123.230204 123.224884 123.219564 123.214244 123.208924 123.203907 123.198587 123.193858 123.188538 123.183218 123.177898 123.172578 123.167258 123.162240 123.156920 123.151600 123.146280 123.140960 123.135640 123.130320 123.125591 123.120573 123.115253 123.109933 123.104613 123.099293 123.093973 123.089244 123.083924 123.078907 123.073587 123.068267 123.062947 123.057627
123.383867 123.378547 123.372938 123.367618 123.362889 123.357569 123.352249 123.346929 123.341609 123.336289 123.331271 123.325951 123.320631 123.315311 123.309991 123.304671 123.299351 123.294031 123.289013 123.283693 123.278373 123.273053 123.268324 123.262413 123.257684 123.252364 123.247347 123.242027 123.236707 123.231387 123.226067 123.221929 123.217791 123.212471 123.207453 123.202133 123.196813 123.191493 123.186173 123.180853 123.175533 123.170213 123.165195 123.159875 123.154555 123.149235 123.143915 123.138596 123.133867 123.128547 123.122938 123.117618 123.112889 123.106978 123.102249 123.096929 123.091609 123.086289 123.081271 123.075951 123.070631
123.396871 123.392142 123.386822 123.381502 123.376182 123.371164 123.365844 123.360524 123.355204 123.349884 123.345156 123.339836 123.334516 123.329498 123.324178 123.318858 123.314129 123.308218 123.303489 123.298169 123.292258 123.287240 123.281920 123.276600 123.271280 123.265960 123.260640 123.255911 123.250000 123.244982 123.239662 123.234933 123.229613 123.224293 123.218973 123.213653 123.208333 123.203315 123.198587 123.192675 123.187947 123.182627 123.177307 123.171987 123.166667 123.161649 123.156920 123.151600 123.146280 123.140960 123.135640 123.130320 123.125000 123.119982 123.114662 123.109933 123.104613 123.099293 123.093973 123.088653 123.083044
123.409875 123.405147 123.399827 123.394507 123.389187 123.383867 123.378547 123.373529 123.368209 123.362889 123.357569 123.352249 123.346929 123.341609 123.336880 123.331271 123.325951 123.320631 123.315902 123.310582 123.306444 123.301716 123.296396 123.291378 123.286058 123.280738 123.275418 123.270689 123.265369 123.260049 123.254729 123.249711 123.244391 123.239071 123.233751 123.228431 123.223111 123.217791 123.212471 123.207453 123.202133 123.196813 123.191493 123.186173 123.180853 123.176124 123.170804 123.165195 123.159875 123.155147 123.149235 123.144507 123.139187 123.133867 123.128547 123.123529 123.118209 123.112889 123.107569 123.102249 123.096929
0.000000 0.000000 123.412831 123.407511 123.402191 123.396871 123.391551 123.386822 123.381502 123.376182 123.371164 123.365844 123.360524 123.355204 123.349884 123.344564 123.339836 123.334516 123.329498 123.324178 123.318858 123.313538 123.308218 123.302898 123.298169 123.292849 123.287240 123.281920 123.277191 123.271871 123.266551 123.261231 123.255911 123.250591 123.245573 123.240844 123.234933 123.230204 123.224884 123.219564 123.214244 123.208924 123.203907 123.199178 123.193858 123.188538 123.183218 123.177898 123.172578 123.167258 123.162240 123.156920 123.152191 123.146871 123.141551 123.136231 123.130911 123.126182 123.120573 123.115253 123.110524
