FireSTARR/test/constant/M1M225PC_S060_A270_WD225_WS000/arrival.asc
ncols         13
nrows         45
xllcorner     426003.990666
yllcorner     12748655.311160
cellsize      100.000000
NODATA_value  0.000000
0.000000 0.000000 0.000000 0.000000 0.000000 0.000000 123.416667 0.000000 0.000000 0.000000 0.000000 0.000000 0.000000 
0.000000 0.000000 0.000000 0.000000 0.000000 0.000000 123.409163 0.000000 0.000000 0.000000 0.000000 0.000000 0.000000 
0.000000 0.000000 0.000000 0.000000 0.000000 123.414043 123.399402 123.414043 0.000000 0.000000 0.000000 0.000000 0.000000 
0.000000 0.000000 0.000000 0.000000 0.000000 123.404282 123.389641 123.404282 0.000000 0.000000 0.000000 0.000000 0.000000 
0.000000 0.000000 0.000000 0.000000 0.000000 123.394522 123.379880 123.394522 0.000000 0.000000 0.000000 0.000000 0.000000 
0.000000 0.000000 0.000000 0.000000 0.000000 123.384761 123.367496 123.384761 123.416667 0.000000 0.000000 0.000000 0.000000 
0.000000 0.000000 0.000000 0.000000 123.414043 123.375000 123.357735 123.372376 123.409163 0.000000 0.000000 0.000000 0.000000 
0.000000 0.000000 0.000000 0.000000 123.404282 123.367496 123.347974 123.362616 123.399402 0.000000 0.000000 0.000000 0.000000 
0.000000 0.000000 0.000000 0.000000 123.394522 123.357735 123.338214 123.352855 123.389641 0.000000 0.000000 0.000000 0.000000 
0.000000 0.000000 0.000000 0.000000 123.384761 123.347974 123.330710 123.343094 123.379880 123.414043 0.000000 0.000000 0.000000 
0.000000 0.000000 0.000000 123.409163 123.372376 123.338214 123.320949 123.333333 123.367496 123.404282 0.000000 0.000000 0.000000 
0.000000 0.000000 0.000000 123.399402 123.362616 123.325829 123.311188 123.325829 123.357735 123.394522 0.000000 0.000000 0.000000 
0.000000 0.000000 0.000000 123.389641 123.352855 123.316069 123.301427 123.316069 123.347974 123.384761 0.000000 0.000000 0.000000 
0.000000 0.000000 123.416667 123.379880 123.343094 123.306308 123.289043 123.306308 123.338214 123.375000 123.414043 0.000000 0.000000 
0.000000 0.000000 123.409163 123.372376 123.333333 123.296547 123.279282 123.296547 123.330710 123.367496 123.404282 0.000000 0.000000 
0.000000 0.000000 123.399402 123.362616 123.325829 123.289043 123.269522 123.284163 123.320949 123.357735 123.394522 0.000000 0.000000 
0.000000 0.000000 123.389641 123.352855 123.316069 123.279282 123.259761 123.274402 123.311188 123.347974 123.384761 123.416667 0.000000 
0.000000 0.000000 123.379880 123.343094 123.306308 123.269522 123.250000 123.264641 123.301427 123.338214 123.372376 123.409163 0.000000 
0.000000 123.409163 123.367496 123.333333 123.296547 123.259761 123.242496 123.254880 123.291667 123.330710 123.362616 123.399402 0.000000 
0.000000 123.399402 123.357735 123.325829 123.284163 123.250000 123.232735 123.247376 123.284163 123.320949 123.352855 123.389641 0.000000 
0.000000 123.389641 123.352855 123.316069 123.274402 123.242496 123.222974 123.237616 123.274402 123.311188 123.343094 123.379880 0.000000 
0.000000 123.379880 123.343094 123.306308 123.264641 123.232735 123.213214 123.227855 123.264641 123.301427 123.333333 123.372376 123.416667 
123.414043 123.372376 123.333333 123.296547 123.254880 123.222974 123.200829 123.218094 123.254880 123.289043 123.325829 123.362616 123.409163 
123.409163 123.367496 123.325829 123.284163 123.247376 123.213214 123.191069 123.205710 123.242496 123.279282 123.316069 123.357735 123.399402 
123.404282 123.357735 123.316069 123.274402 123.237616 123.200829 123.181308 123.195949 123.232735 123.269522 123.306308 123.347974 123.394522 
123.394522 123.347974 123.306308 123.264641 123.227855 123.191069 123.171547 123.186188 123.222974 123.259761 123.296547 123.338214 123.389641 
123.394522 123.338214 123.296547 123.254880 123.218094 123.181308 123.164043 123.176427 123.213214 123.250000 123.289043 123.330710 123.384761 
123.384761 123.333333 123.289043 123.247376 123.208333 123.171547 123.154282 123.166667 123.205710 123.242496 123.284163 123.325829 123.379880 
123.379880 123.325829 123.279282 123.237616 123.200829 123.164043 123.144522 123.159163 123.195949 123.232735 123.274402 123.320949 123.372376 
0.000000 123.325829 123.269522 123.227855 123.191069 123.154282 123.134761 123.149402 123.186188 123.222974 123.264641 123.316069 123.404282 
0.000000 123.316069 123.264641 123.222974 123.181308 123.144522 123.122376 123.139641 123.176427 123.218094 123.254880 123.306308 0.000000 
0.000000 123.316069 123.259761 123.213214 123.171547 123.134761 123.112616 123.129880 123.164043 123.208333 123.250000 123.306308 0.000000 
0.000000 123.384761 123.254880 123.200829 123.159163 123.122376 123.102855 123.122376 123.154282 123.200829 123.247376 123.357735 0.000000 
0.000000 0.000000 123.247376 123.195949 123.149402 123.112616 123.093094 123.112616 123.149402 123.191069 123.237616 0.000000 0.000000 
0.000000 0.000000 123.259761 123.191069 123.144522 123.102855 123.083333 123.102855 123.139641 123.181308 123.242496 0.000000 0.000000 
0.000000 0.000000 123.330710 123.181308 123.134761 123.093094 123.075829 123.093094 123.129880 123.176427 123.301427 0.000000 0.000000 
0.000000 0.000000 123.399402 123.176427 123.125000 123.083333 123.066069 123.080710 123.122376 123.171547 123.372376 0.000000 0.000000 
0.000000 0.000000 0.000000 123.213214 123.117496 123.075829 123.056308 123.070949 123.112616 123.181308 0.000000 0.000000 0.000000 
0.000000 0.000000 0.000000 123.289043 123.107735 123.066069 123.046547 123.061188 123.107735 123.259761 0.000000 0.000000 0.000000 
0.000000 0.000000 0.000000 123.357735 123.107735 123.056308 123.034163 123.051427 123.102855 123.325829 0.000000 0.000000 0.000000 
0.000000 0.000000 0.000000 0.000000 123.166667 123.046547 123.024402 123.041667 123.139641 123.399402 0.000000 0.000000 0.000000 
0.000000 0.000000 0.000000 0.000000 123.227855 123.039043 123.014641 123.034163 123.195949 0.000000 0.000000 0.000000 0.000000 
0.000000 0.000000 0.000000 0.000000 123.301427 123.046547 123.004880 123.034163 123.269522 0.000000 0.000000 0.000000 0.000000 
0.000000 0.000000 0.000000 0.000000 123.372376 123.112616 123.000000 123.080710 123.343094 0.000000 0.000000 0.000000 0.000000 
0.000000 0.000000 0.000000 0.000000 0.000000 123.389641 123.242496 123.357735 0.000000 0.000000 0.000000 0.000000 0.000000 
