FireSTARR/test/constant/O1a_S060_A270_WD270_WS020/arrival.asc
ncols         141
nrows         732
xllcorner     425603.990666
yllcorner     12748755.311160
cellsize      100.000000
NODATA_value  0.000000
[rows 567 to 593 of 732, columns 0 to 60 of 141]
0.000000 0.000000 0.000000 0.000000 0.000000 0.000000 0.000000 0.000000 0.000000 123.388396 123.367382 123.357335 123.347567 123.337520 123.327669 123.318180 123.308412 123.299481 123.291025 123.280978 123.270931 123.261163 123.251954 123.242940 123.232893 123.223125 123.213915 123.204622 123.194854 123.184807 123.175597 123.166584 123.156537 123.147327 123.137280 123.128349 123.118498 123.109009 123.099520 123.093380 123.096450 123.110684 123.123242 123.143141 123.161002 123.183412 123.214752 123.249638 123.292783 123.320971 123.372405 0.000000 0.000000 0.000000 0.000000 0.000000 0.000000 0.000000 0.000000 0.000000 0.000000
0.000000 0.000000 0.000000 0.000000 0.000000 0.000000 0.000000 0.000000 123.416025 123.385884 123.364870 123.355102 123.345334 123.335287 123.325436 123.315947 123.306179 123.297248 123.288514 123.278746 123.268699 123.258931 123.249638 123.240707 123.230660 123.220613 123.211682 123.202390 123.192622 123.182574 123.173365 123.164072 123.154304 123.145094 123.135047 123.126116 123.115986 123.106776 123.097008 123.092822 123.099241 123.111800 123.126116 123.144257 123.161002 123.185365 123.220892 123.249638 123.296411 123.330180 123.385047 0.000000 0.000000 0.000000 0.000000 0.000000 0.000000 0.000000 0.000000 0.000000 0.000000
0.000000 0.000000 0.000000 0.000000 0.000000 0.000000 0.000000 0.000000 123.413793 123.383652 123.362637 123.352869 123.342822 123.332971 123.323203 123.313714 123.303946 123.295016 123.286281 123.276513 123.266466 123.256698 123.247405 123.238195 123.228427 123.218380 123.209450 123.200157 123.190389 123.180342 123.171132 123.161839 123.152071 123.142861 123.132814 123.123801 123.113754 123.104544 123.094776 123.092264 123.100078 123.112358 123.130024 123.146210 123.167225 123.194017 123.228986 123.258093 123.305342 123.345613 123.393699 0.000000 0.000000 0.000000 0.000000 0.000000 0.000000 0.000000 0.000000 0.000000 0.000000
0.000000 0.000000 0.000000 0.000000 0.000000 0.000000 0.000000 0.000000 123.411560 123.381419 123.360405 123.350637 123.340590 123.330739 123.320971 123.311482 123.301993 123.292783 123.284048 123.274280 123.264512 123.254465 123.245173 123.235963 123.226195 123.216148 123.206855 123.197924 123.187877 123.177830 123.168899 123.159607 123.149839 123.140629 123.130582 123.121568 123.111521 123.102311 123.092543 123.091706 123.102311 123.115428 123.133931 123.149839 123.174481 123.197645 123.237079 123.267024 123.308691 123.352032 123.402629 0.000000 0.000000 0.000000 0.000000 0.000000 0.000000 0.000000 0.000000 0.000000 0.000000
0.000000 0.000000 0.000000 0.000000 0.000000 0.000000 0.000000 0.000000 123.409327 123.379186 123.358172 123.348125 123.338357 123.328506 123.318738 123.309249 123.299481 123.290467 123.281816 123.271769 123.262001 123.252233 123.242940 123.233730 123.223962 123.213915 123.204622 123.195691 123.185644 123.175597 123.166584 123.157374 123.147606 123.138396 123.128349 123.119056 123.109288 123.100078 123.091148 123.091427 123.103148 123.117103 123.137001 123.154583 123.176156 123.204901 123.237079 123.274559 123.315389 123.367103 123.406816 0.000000 0.000000 0.000000 0.000000 0.000000 0.000000 0.000000 0.000000 0.000000 0.000000
0.000000 0.000000 0.000000 0.000000 0.000000 0.000000 0.000000 0.000000 123.406816 123.376954 123.355939 123.345892 123.336124 123.326273 123.316226 123.307016 123.297248 123.288235 123.279583 123.269536 123.259768 123.250000 123.240707 123.231497 123.221729 123.211682 123.202390 123.193459 123.183412 123.173365 123.164351 123.155141 123.145094 123.135884 123.126116 123.116823 123.107056 123.097846 123.090590 123.092822 123.106497 123.120731 123.139233 123.157374 123.179225 123.210845 123.243498 123.289351 123.325715 123.369335 123.414630 0.000000 0.000000 0.000000 0.000000 0.000000 0.000000 0.000000 0.000000 0.000000 0.000000
0.000000 0.000000 0.000000 0.000000 0.000000 0.000000 0.000000 0.000000 123.404583 123.374917 123.353707 123.343659 123.333892 123.324040 123.313993 123.305063 123.295016 123.286002 123.277350 123.267303 123.257535 123.247963 123.238474 123.228986 123.219218 123.209450 123.200157 123.191226 123.181179 123.171132 123.162118 123.152908 123.142861 123.133652 123.123801 123.114591 123.104823 123.095613 123.089752 123.093380 123.107056 123.122126 123.140350 123.157374 123.180063 123.220055 123.247126 123.292504 123.334171 123.378349 0.000000 0.000000 0.000000 0.000000 0.000000 0.000000 0.000000 0.000000 0.000000 0.000000 0.000000
0.000000 0.000000 0.000000 0.000000 0.000000 0.000000 0.000000 0.000000 123.402350 123.372405 123.351474 123.341427 123.331576 123.321808 123.311761 123.302551 123.292783 123.283769 123.275118 123.265071 123.255303 123.245731 123.236242 123.226753 123.216985 123.207134 123.197924 123.188714 123.178946 123.168899 123.159607 123.150676 123.140629 123.131419 123.121568 123.112358 123.102590 123.093380 123.089194 123.096171 123.108451 123.128349 123.142861 123.163235 123.186203 123.227032 123.258931 123.302272 123.344497 123.385884 0.000000 0.000000 0.000000 0.000000 0.000000 0.000000 0.000000 0.000000 0.000000 0.000000 0.000000
0.000000 0.000000 0.000000 0.000000 0.000000 0.000000 0.000000 0.000000 123.400118 123.370173 123.349241 123.339194 123.329343 123.319296 123.309528 123.300318 123.290746 123.281537 123.272885 123.262838 123.253070 123.243498 123.233730 123.224799 123.214752 123.204901 123.195691 123.186482 123.176435 123.166667 123.157374 123.148443 123.138396 123.129186 123.119335 123.110125 123.100357 123.091148 123.088636 123.097288 123.110963 123.128907 123.145652 123.164351 123.193459 123.227590 123.263675 123.304784 123.349241 123.395931 0.000000 0.000000 0.000000 0.000000 0.000000 0.000000 0.000000 0.000000 0.000000 0.000000 0.000000
0.000000 0.000000 0.000000 0.000000 0.000000 0.000000 0.000000 0.000000 123.397606 123.367940 123.347008 123.336961 123.327110 123.317063 123.307295 123.298086 123.288514 123.279304 123.270373 123.260605 123.250558 123.241265 123.231497 123.222567 123.212520 123.202669 123.193459 123.184249 123.174202 123.164351 123.155141 123.146210 123.136163 123.126954 123.117103 123.107893 123.098125 123.088915 123.088078 123.099520 123.112079 123.130582 123.146769 123.172807 123.200157 123.233730 123.272048 123.318459 123.356776 123.408769 0.000000 0.000000 0.000000 0.000000 0.000000 0.000000 0.000000 0.000000 0.000000 0.000000 0.000000
0.000000 0.000000 0.000000 0.000000 0.000000 0.000000 0.000000 0.000000 123.395373 123.365707 123.344497 123.334729 123.324878 123.314831 123.305063 123.295853 123.286281 123.277071 123.268141 123.258373 123.248242 123.239033 123.229265 123.220334 123.210287 123.200157 123.191226 123.182016 123.171969 123.162118 123.152908 123.143699 123.133652 123.124638 123.114591 123.105660 123.095613 123.087520 123.088357 123.100078 123.114033 123.133652 123.151234 123.172807 123.208612 123.235963 123.280420 123.324878 123.368777 0.000000 0.000000 0.000000 0.000000 0.000000 0.000000 0.000000 0.000000 0.000000 0.000000 0.000000 0.000000
0.000000 0.000000 0.000000 0.000000 0.000000 0.000000 0.000000 0.000000 123.393141 123.363195 123.342264 123.332413 123.322366 123.312598 123.302830 123.293620 123.284048 123.274839 123.265908 123.256140 123.246010 123.236800 123.227032 123.217822 123.207971 123.197924 123.188714 123.179505 123.169737 123.159886 123.150676 123.141466 123.131419 123.122405 123.112358 123.103427 123.093380 123.086961 123.090031 123.103148 123.117382 123.136163 123.154025 123.175876 123.211961 123.247126 123.289909 123.333892 123.378070 0.000000 0.000000 0.000000 0.000000 0.000000 0.000000 0.000000 0.000000 0.000000 0.000000 0.000000 0.000000
0.000000 0.000000 0.000000 0.000000 0.000000 0.000000 0.000000 0.000000 123.391187 123.360963 123.340031 123.330180 123.320133 123.310365 123.300597 123.291305 123.281816 123.272885 123.263675 123.253907 123.243777 123.234567 123.224799 123.215590 123.205739 123.195691 123.186482 123.177272 123.167504 123.157653 123.148443 123.139233 123.129186 123.120173 123.110125 123.101195 123.091148 123.086403 123.090590 123.104265 123.121568 123.137838 123.154304 123.180621 123.219776 123.257814 123.293341 123.340869 123.389233 0.000000 0.000000 0.000000 0.000000 0.000000 0.000000 0.000000 0.000000 0.000000 0.000000 0.000000 0.000000
0.000000 0.000000 0.000000 0.000000 0.000000 0.000000 0.000000 0.000000 123.388675 123.358730 123.337799 123.327669 123.317901 123.308133 123.298086 123.289072 123.279583 123.270652 123.261442 123.251395 123.241544 123.232335 123.222567 123.213357 123.203506 123.193459 123.184249 123.175039 123.165188 123.155141 123.146210 123.137001 123.127233 123.117940 123.107893 123.098683 123.088915 123.085845 123.093101 123.107056 123.125558 123.139512 123.160444 123.188156 123.227032 123.262280 123.304784 123.344218 123.395094 0.000000 0.000000 0.000000 0.000000 0.000000 0.000000 0.000000 0.000000 0.000000 0.000000 0.000000 0.000000
0.000000 0.000000 0.000000 0.000000 0.000000 0.000000 0.000000 123.416305 123.386442 123.356497 123.335287 123.325436 123.315668 123.305900 123.295853 123.286839 123.277350 123.268420 123.258931 123.249080 123.239312 123.230102 123.220334 123.211124 123.201273 123.191226 123.182016 123.172807 123.162956 123.152908 123.143978 123.134489 123.124917 123.115428 123.105660 123.096450 123.086682 123.085287 123.095613 123.108730 123.127233 123.142582 123.165746 123.205739 123.229265 123.272885 123.317063 123.355102 123.402908 0.000000 0.000000 0.000000 0.000000 0.000000 0.000000 0.000000 0.000000 0.000000 0.000000 0.000000 0.000000
0.000000 0.000000 0.000000 0.000000 0.000000 0.000000 0.000000 123.414072 123.384210 123.354265 123.333250 123.323203 123.313435 123.303667 123.293620 123.284607 123.275118 123.266187 123.256698 123.246847 123.237079 123.227869 123.218101 123.208612 123.198761 123.188993 123.179784 123.170574 123.160723 123.150676 123.141745 123.132256 123.122405 123.113195 123.103427 123.094218 123.084729 123.085008 123.096450 123.110405 123.130024 123.147885 123.169458 123.205459 123.238195 123.279862 123.320412 123.369056 0.000000 0.000000 0.000000 0.000000 0.000000 0.000000 0.000000 0.000000 0.000000 0.000000 0.000000 0.000000 0.000000
0.000000 0.000000 0.000000 0.000000 0.000000 0.000000 0.000000 123.411839 123.381977 123.352032 123.331018 123.320971 123.311203 123.301435 123.291305 123.282095 123.272885 123.263954 123.254465 123.244614 123.234846 123.225637 123.215869 123.206576 123.196529 123.186761 123.177551 123.168341 123.158490 123.148443 123.139233 123.130024 123.120173 123.110963 123.101195 123.091985 123.084171 123.085287 123.099520 123.114870 123.132814 123.149559 123.172527 123.207692 123.247684 123.285723 123.326831 123.378070 0.000000 0.000000 0.000000 0.000000 0.000000 0.000000 0.000000 0.000000 0.000000 0.000000 0.000000 0.000000 0.000000
0.000000 0.000000 0.000000 0.000000 0.000000 0.000000 0.000000 123.409607 123.379744 123.349799 123.328785 123.318738 123.308970 123.298923 123.289072 123.279862 123.270652 123.261442 123.252233 123.242382 123.232614 123.223404 123.213357 123.204343 123.194296 123.184528 123.175318 123.166025 123.155978 123.146210 123.137001 123.127791 123.117940 123.108730 123.098962 123.089473 123.083612 123.086961 123.100916 123.117661 123.133931 123.150397 123.183691 123.216985 123.253349 123.295574 123.336961 123.385047 0.000000 0.000000 0.000000 0.000000 0.000000 0.000000 0.000000 0.000000 0.000000 0.000000 0.000000 0.000000 0.000000
0.000000 0.000000 0.000000 0.000000 0.000000 0.000000 0.000000 123.407095 123.377233 123.347567 123.326552 123.316505 123.306737 123.296690 123.286839 123.277629 123.268420 123.259210 123.249917 123.240149 123.230381 123.221171 123.211124 123.202110 123.192063 123.182295 123.173086 123.163793 123.153746 123.143978 123.134768 123.125558 123.115707 123.106497 123.096729 123.087241 123.082971 123.089473 123.103427 123.120452 123.136163 123.156816 123.187598 123.223404 123.263117 123.295853 123.346450 123.394815 0.000000 0.000000 0.000000 0.000000 0.000000 0.000000 0.000000 0.000000 0.000000 0.000000 0.000000 0.000000 0.000000
0.000000 0.000000 0.000000 0.000000 0.000000 0.000000 0.000000 123.404862 123.375000 123.345334 123.324040 123.314273 123.304505 123.294458 123.284607 123.275397 123.266187 123.256977 123.247684 123.237916 123.227869 123.218939 123.208892 123.199878 123.189552 123.179784 123.170853 123.161560 123.151513 123.141745 123.132535 123.123242 123.113474 123.104265 123.094218 123.085008 123.082413 123.090590 123.104265 123.122405 123.139233 123.161839 123.193180 123.228986 123.272048 123.309807 123.361242 123.400955 0.000000 0.000000 0.000000 0.000000 0.000000 0.000000 0.000000 0.000000 0.000000 0.000000 0.000000 0.000000 0.000000
0.000000 0.000000 0.000000 0.000000 0.000000 0.000000 0.000000 123.402629 123.372963 123.342822 123.321808 123.312040 123.301993 123.292225 123.282374 123.272885 123.263954 123.254744 123.245452 123.235684 123.225637 123.216427 123.206576 123.197366 123.187319 123.177551 123.168341 123.159048 123.149280 123.139512 123.130024 123.121010 123.110963 123.102032 123.091985 123.082971 123.081855 123.092822 123.105381 123.125558 123.140071 123.164630 123.196529 123.237637 123.276513 123.318180 123.365149 123.407653 0.000000 0.000000 0.000000 0.000000 0.000000 0.000000 0.000000 0.000000 0.000000 0.000000 0.000000 0.000000 0.000000
0.000000 0.000000 0.000000 0.000000 0.000000 0.000000 0.000000 123.400397 123.370731 123.340590 123.319575 123.309807 123.299760 123.289909 123.280141 123.270652 123.262280 123.252233 123.243219 123.233451 123.223404 123.214194 123.204343 123.195133 123.185086 123.175318 123.166305 123.156816 123.147048 123.137280 123.127791 123.118777 123.108730 123.099799 123.089752 123.081297 123.081576 123.093380 123.107335 123.126675 123.144536 123.171969 123.203227 123.239870 123.279304 123.322924 123.374359 0.000000 0.000000 0.000000 0.000000 0.000000 0.000000 0.000000 0.000000 0.000000 0.000000 0.000000 0.000000 0.000000 0.000000
0.000000 0.000000 0.000000 0.000000 0.000000 0.000000 0.000000 123.398164 123.368219 123.338357 123.317342 123.307295 123.297527 123.287676 123.277629 123.268420 123.260047 123.250000 123.240986 123.230939 123.221171 123.211961 123.202110 123.192901 123.182854 123.173086 123.163793 123.154583 123.144815 123.134768 123.125558 123.116544 123.106497 123.097288 123.087520 123.080739 123.083612 123.096729 123.112079 123.129465 123.146210 123.182016 123.213078 123.254465 123.287956 123.338078 123.383373 0.000000 0.000000 0.000000 0.000000 0.000000 0.000000 0.000000 0.000000 0.000000 0.000000 0.000000 0.000000 0.000000 0.000000
0.000000 0.000000 0.000000 0.000000 0.000000 0.000000 0.000000 123.395931 123.365986 123.336124 123.314831 123.305063 123.295295 123.285444 123.275397 123.266187 123.257814 123.247684 123.238474 123.228707 123.218659 123.209729 123.199878 123.190668 123.180621 123.170574 123.161560 123.152350 123.142582 123.132535 123.123522 123.114033 123.104265 123.095055 123.085287 123.080180 123.083892 123.097567 123.117103 123.132814 123.152350 123.183970 123.219218 123.260605 123.293341 123.352032 123.392861 0.000000 0.000000 0.000000 0.000000 0.000000 0.000000 0.000000 0.000000 0.000000 0.000000 0.000000 0.000000 0.000000 0.000000
0.000000 0.000000 0.000000 0.000000 0.000000 0.000000 0.000000 123.393699 123.363754 123.333892 123.312598 123.302830 123.292783 123.283211 123.273164 123.263954 123.255582 123.245452 123.236242 123.226474 123.216427 123.207413 123.197645 123.188156 123.178388 123.168341 123.159327 123.150118 123.140350 123.130303 123.121289 123.111800 123.102032 123.092822 123.083250 123.079622 123.086403 123.100078 123.118777 123.132814 123.156816 123.184528 123.222846 123.267303 123.305621 123.356497 123.399839 0.000000 0.000000 0.000000 0.000000 0.000000 0.000000 0.000000 0.000000 0.000000 0.000000 0.000000 0.000000 0.000000 0.000000
0.000000 0.000000 0.000000 0.000000 0.000000 0.000000 0.000000 123.391466 123.361521 123.331576 123.310365 123.300597 123.290746 123.280699 123.270931 123.261722 123.253349 123.243219 123.234009 123.224241 123.214194 123.205180 123.195412 123.185924 123.176156 123.166305 123.157095 123.147885 123.137838 123.128070 123.118777 123.109567 123.099799 123.090590 123.081018 123.079064 123.088915 123.102032 123.120731 123.135884 123.160444 123.191505 123.234567 123.274001 123.317342 123.363195 123.411839 0.000000 0.000000 0.000000 0.000000 0.000000 0.000000 0.000000 0.000000 0.000000 0.000000 0.000000 0.000000 0.000000 0.000000
0.000000 0.000000 0.000000 0.000000 0.000000 0.000000 0.000000 123.389233 123.359288 123.329064 123.308133 123.298365 123.288235 123.278467 123.268699 123.259489 123.250837 123.240986 123.231776 123.221729 123.211961 123.202948 123.192901 123.183691 123.173923 123.164072 123.154583 123.145652 123.135605 123.125837 123.116544 123.107335 123.097567 123.088357 123.078785 123.078506 123.089752 123.102590 123.123242 123.141187 123.172807 123.201273 123.243498 123.279583 123.334729 123.364870 0.000000 0.000000 0.000000 0.000000 0.000000 0.000000 0.000000 0.000000 0.000000 0.000000 0.000000 0.000000 0.000000 0.000000 0.000000
