FireSTARR/test/constant/O1a_S060_A270_WD270_WS020/arrival.asc
ncols         141
nrows         732
xllcorner     425603.990666
yllcorner     12748755.311160
cellsize      100.000000
NODATA_value  0.000000
[rows 459 to 485 of 732, columns 0 to 60 of 141]
0.000000 0.000000 0.000000 0.000000 0.000000 0.000000 0.000000 0.000000 0.000000 0.000000 0.000000 0.000000 0.000000 0.000000 0.000000 0.000000 0.000000 0.000000 0.000000 0.000000 0.000000 0.000000 0.000000 0.000000 0.000000 0.000000 0.000000 0.000000 0.000000 0.000000 0.000000 123.410723 123.400955 123.391745 123.382814 123.373801 123.363754 123.353427 123.343659 123.334729 123.324878 123.315947 123.305342 123.296132 123.287397 123.277629 123.267582 123.258652 123.247963 123.239591 123.228986 123.220334 123.210287 123.201273 123.191505 123.182016 123.172248 123.162956 123.154862 123.155420 123.166584
0.000000 0.000000 0.000000 0.000000 0.000000 0.000000 0.000000 0.000000 0.000000 0.000000 0.000000 0.000000 0.000000 0.000000 0.000000 0.000000 0.000000 0.000000 0.000000 0.000000 0.000000 0.000000 0.000000 0.000000 0.000000 0.000000 0.000000 0.000000 0.000000 0.000000 0.000000 123.408490 123.398722 123.389512 123.380582 123.371568 123.361521 123.351195 123.341427 123.332413 123.322645 123.313714 123.303109 123.294458 123.285165 123.275397 123.265350 123.256419 123.245731 123.237079 123.226753 123.218101 123.208250 123.199040 123.188993 123.179784 123.170016 123.160723 123.154304 123.157374 123.170295
0.000000 0.000000 0.000000 0.000000 0.000000 0.000000 0.000000 0.000000 0.000000 0.000000 0.000000 0.000000 0.000000 0.000000 0.000000 0.000000 0.000000 0.000000 0.000000 0.000000 0.000000 0.000000 0.000000 0.000000 0.000000 0.000000 0.000000 0.000000 0.000000 0.000000 123.416305 123.405978 123.396210 123.387001 123.378349 123.369335 123.359288 123.348962 123.338915 123.330180 123.320412 123.311203 123.300876 123.292225 123.282932 123.272885 123.263117 123.253907 123.243498 123.234846 123.224520 123.215869 123.205739 123.196808 123.186761 123.177551 123.167783 123.158490 123.153746 123.158490 123.172527
0.000000 0.000000 0.000000 0.000000 0.000000 0.000000 0.000000 0.000000 0.000000 0.000000 0.000000 0.000000 0.000000 0.000000 0.000000 0.000000 0.000000 0.000000 0.000000 0.000000 0.000000 0.000000 0.000000 0.000000 0.000000 0.000000 0.000000 0.000000 0.000000 0.000000 123.414351 123.403746 123.393978 123.384768 123.376116 123.367103 123.357056 123.346729 123.336682 123.327948 123.318180 123.308970 123.298644 123.289909 123.280699 123.270652 123.260884 123.251675 123.241265 123.232614 123.222008 123.213636 123.203506 123.194575 123.184528 123.175318 123.165746 123.156257 123.153188 123.159327 123.172527
0.000000 0.000000 0.000000 0.000000 0.000000 0.000000 0.000000 0.000000 0.000000 0.000000 0.000000 0.000000 0.000000 0.000000 0.000000 0.000000 0.000000 0.000000 0.000000 0.000000 0.000000 0.000000 0.000000 0.000000 0.000000 0.000000 0.000000 0.000000 0.000000 0.000000 123.412118 123.401513 123.391745 123.382535 123.373801 123.364591 123.354823 123.344497 123.334450 123.325715 123.315947 123.306737 123.296411 123.287676 123.278467 123.268420 123.258652 123.249359 123.239033 123.230381 123.219776 123.211403 123.201273 123.192063 123.182295 123.173086 123.163514 123.154025 123.152629 123.160723 123.174202
0.000000 0.000000 0.000000 0.000000 0.000000 0.000000 0.000000 0.000000 0.000000 0.000000 0.000000 0.000000 0.000000 0.000000 0.000000 0.000000 0.000000 0.000000 0.000000 0.000000 0.000000 0.000000 0.000000 0.000000 0.000000 0.000000 0.000000 0.000000 0.000000 0.000000 123.409886 123.399280 123.389512 123.380303 123.371568 123.362358 123.352590 123.341985 123.332413 123.323482 123.313714 123.304505 123.293899 123.285444 123.276234 123.266187 123.256419 123.247126 123.236800 123.227869 123.217543 123.208892 123.199040 123.189831 123.179784 123.170853 123.161281 123.152350 123.152071 123.163514 123.176435
0.000000 0.000000 0.000000 0.000000 0.000000 0.000000 0.000000 0.000000 0.000000 0.000000 0.000000 0.000000 0.000000 0.000000 0.000000 0.000000 0.000000 0.000000 0.000000 0.000000 0.000000 0.000000 0.000000 0.000000 0.000000 0.000000 0.000000 0.000000 0.000000 123.416584 123.407653 123.397048 123.387001 123.377791 123.369335 123.360125 123.350357 123.339752 123.330180 123.321250 123.311482 123.301993 123.291584 123.283211 123.274001 123.263954 123.254186 123.244893 123.234567 123.225916 123.215310 123.206576 123.196808 123.187598 123.177551 123.168620 123.159048 123.151513 123.154025 123.163514 123.178388
0.000000 0.000000 0.000000 0.000000 0.000000 0.000000 0.000000 0.000000 0.000000 0.000000 0.000000 0.000000 0.000000 0.000000 0.000000 0.000000 0.000000 0.000000 0.000000 0.000000 0.000000 0.000000 0.000000 0.000000 0.000000 0.000000 0.000000 0.000000 0.000000 123.414351 123.405420 123.394815 123.384768 123.375558 123.367103 123.357893 123.348125 123.337520 123.327948 123.319017 123.309249 123.299760 123.289351 123.280699 123.271490 123.261722 123.251954 123.242661 123.232335 123.223683 123.213078 123.204343 123.194575 123.185365 123.175318 123.166305 123.156816 123.150955 123.154025 123.166584 123.178946
0.000000 0.000000 0.000000 0.000000 0.000000 0.000000 0.000000 0.000000 0.000000 0.000000 0.000000 0.000000 0.000000 0.000000 0.000000 0.000000 0.000000 0.000000 0.000000 0.000000 0.000000 0.000000 0.000000 0.000000 0.000000 0.000000 0.000000 0.000000 0.000000 123.412118 123.402908 123.392582 123.382535 123.373522 123.364870 123.355381 123.345613 123.335287 123.325715 123.316784 123.306737 123.297527 123.287118 123.278467 123.269257 123.259489 123.249359 123.240428 123.230102 123.221450 123.210845 123.202110 123.192342 123.183133 123.173086 123.163793 123.154583 123.150397 123.155420 123.169178 123.181458
0.000000 0.000000 0.000000 0.000000 0.000000 0.000000 0.000000 0.000000 0.000000 0.000000 0.000000 0.000000 0.000000 0.000000 0.000000 0.000000 0.000000 0.000000 0.000000 0.000000 0.000000 0.000000 0.000000 0.000000 0.000000 0.000000 0.000000 0.000000 0.000000 123.409886 123.400676 123.390350 123.380303 123.371289 123.362358 123.353148 123.343380 123.332971 123.323482 123.314552 123.304505 123.295295 123.284886 123.276234 123.267024 123.257256 123.247126 123.238195 123.227869 123.218939 123.208612 123.199878 123.190110 123.180621 123.170853 123.161560 123.152350 123.149839 123.157095 123.169737 123.183970
0.000000 0.000000 0.000000 0.000000 0.000000 0.000000 0.000000 0.000000 0.000000 0.000000 0.000000 0.000000 0.000000 0.000000 0.000000 0.000000 0.000000 0.000000 0.000000 0.000000 0.000000 0.000000 0.000000 0.000000 0.000000 0.000000 0.000000 0.000000 0.000000 123.407653 123.398443 123.388117 123.378070 123.368777 123.360125 123.350916 123.341148 123.330739 123.321250 123.312040 123.302272 123.293062 123.282653 123.274001 123.264791 123.255024 123.244893 123.235684 123.225637 123.216706 123.206297 123.197645 123.187598 123.178388 123.168620 123.159327 123.150118 123.149280 123.159886 123.170853 123.185644
0.000000 0.000000 0.000000 0.000000 0.000000 0.000000 0.000000 0.000000 0.000000 0.000000 0.000000 0.000000 0.000000 0.000000 0.000000 0.000000 0.000000 0.000000 0.000000 0.000000 0.000000 0.000000 0.000000 0.000000 0.000000 0.000000 0.000000 0.000000 123.415188 123.405420 123.396210 123.385605 123.375837 123.366544 123.357893 123.348962 123.338915 123.328506 123.319017 123.309807 123.300039 123.290746 123.280420 123.271769 123.262559 123.252512 123.242661 123.233451 123.223404 123.214473 123.203785 123.195412 123.185365 123.176156 123.166584 123.157095 123.148722 123.149001 123.160165 123.173644 123.185924
0.000000 0.000000 0.000000 0.000000 0.000000 0.000000 0.000000 0.000000 0.000000 0.000000 0.000000 0.000000 0.000000 0.000000 0.000000 0.000000 0.000000 0.000000 0.000000 0.000000 0.000000 0.000000 0.000000 0.000000 0.000000 0.000000 0.000000 0.000000 123.412956 123.403188 123.393699 123.383373 123.373522 123.364312 123.355660 123.346729 123.336403 123.326273 123.316784 123.307574 123.297807 123.288514 123.278188 123.269257 123.260047 123.250279 123.240428 123.231218 123.221171 123.212241 123.201552 123.193180 123.183133 123.173923 123.164351 123.154862 123.148164 123.150676 123.163793 123.175318 123.188156
0.000000 0.000000 0.000000 0.000000 0.000000 0.000000 0.000000 0.000000 0.000000 0.000000 0.000000 0.000000 0.000000 0.000000 0.000000 0.000000 0.000000 0.000000 0.000000 0.000000 0.000000 0.000000 0.000000 0.000000 0.000000 0.000000 0.000000 0.000000 123.410723 123.400955 123.391466 123.381140 123.371289 123.362079 123.353427 123.344218 123.334171 123.324040 123.314552 123.305342 123.295295 123.286281 123.275955 123.267024 123.257814 123.247963 123.238195 123.228986 123.218939 123.209729 123.199320 123.190947 123.180900 123.171690 123.162118 123.152629 123.147327 123.151792 123.165746 123.178109 123.190668
0.000000 0.000000 0.000000 0.000000 0.000000 0.000000 0.000000 0.000000 0.000000 0.000000 0.000000 0.000000 0.000000 0.000000 0.000000 0.000000 0.000000 0.000000 0.000000 0.000000 0.000000 0.000000 0.000000 0.000000 0.000000 0.000000 0.000000 0.000000 123.408490 123.398443 123.389233 123.378907 123.369056 123.359846 123.351195 123.341985 123.332134 123.321529 123.313156 123.302830 123.293062 123.284048 123.273722 123.264791 123.255582 123.245731 123.235963 123.226753 123.216706 123.207413 123.197087 123.188435 123.178667 123.169458 123.159886 123.150397 123.146769 123.152629 123.166025 123.178946 123.197924
0.000000 0.000000 0.000000 0.000000 0.000000 0.000000 0.000000 0.000000 0.000000 0.000000 0.000000 0.000000 0.000000 0.000000 0.000000 0.000000 0.000000 0.000000 0.000000 0.000000 0.000000 0.000000 0.000000 0.000000 0.000000 0.000000 0.000000 123.416025 123.405978 123.396210 123.387001 123.376675 123.366823 123.357335 123.348962 123.339752 123.329901 123.319296 123.310644 123.300597 123.291025 123.281537 123.271490 123.262559 123.253349 123.243498 123.233730 123.224241 123.214473 123.205180 123.194854 123.186203 123.176156 123.167225 123.157653 123.148164 123.146210 123.154025 123.167504 123.180900 123.198761
0.000000 0.000000 0.000000 0.000000 0.000000 0.000000 0.000000 0.000000 0.000000 0.000000 0.000000 0.000000 0.000000 0.000000 0.000000 0.000000 0.000000 0.000000 0.000000 0.000000 0.000000 0.000000 0.000000 0.000000 0.000000 0.000000 0.000000 123.413793 123.403746 123.393978 123.384768 123.374359 123.364591 123.355102 123.346729 123.337520 123.327390 123.317063 123.308412 123.298365 123.288793 123.279304 123.269257 123.260326 123.251116 123.241265 123.231497 123.222008 123.212241 123.202948 123.192622 123.183970 123.173923 123.164909 123.155420 123.145931 123.145652 123.156257 123.169737 123.182295 123.199320
0.000000 0.000000 0.000000 0.000000 0.000000 0.000000 0.000000 0.000000 0.000000 0.000000 0.000000 0.000000 0.000000 0.000000 0.000000 0.000000 0.000000 0.000000 0.000000 0.000000 0.000000 0.000000 0.000000 0.000000 0.000000 0.000000 0.000000 123.411560 123.401513 123.391745 123.382535 123.372126 123.362079 123.353148 123.344497 123.335008 123.325157 123.314831 123.306179 123.296411 123.286281 123.277071 123.267024 123.258093 123.248801 123.239033 123.228986 123.219776 123.210008 123.200715 123.190389 123.181737 123.171690 123.162397 123.153188 123.145094 123.146210 123.159048 123.170853 123.184807 123.202390
0.000000 0.000000 0.000000 0.000000 0.000000 0.000000 0.000000 0.000000 0.000000 0.000000 0.000000 0.000000 0.000000 0.000000 0.000000 0.000000 0.000000 0.000000 0.000000 0.000000 0.000000 0.000000 0.000000 0.000000 0.000000 0.000000 0.000000 123.409327 123.399280 123.389512 123.380303 123.369893 123.359846 123.350916 123.341985 123.332692 123.322924 123.312319 123.303946 123.294178 123.284048 123.274839 123.264791 123.255861 123.246568 123.236800 123.226753 123.217543 123.207692 123.198482 123.188156 123.179225 123.169458 123.160165 123.150955 123.144536 123.147606 123.162676 123.174202 123.190389 123.204064
0.000000 0.000000 0.000000 0.000000 0.000000 0.000000 0.000000 0.000000 0.000000 0.000000 0.000000 0.000000 0.000000 0.000000 0.000000 0.000000 0.000000 0.000000 0.000000 0.000000 0.000000 0.000000 0.000000 0.000000 0.000000 0.000000 123.416305 123.406816 123.397048 123.387001 123.378070 123.367661 123.357614 123.348404 123.339752 123.330459 123.320691 123.310086 123.301435 123.291584 123.281816 123.272606 123.262559 123.253628 123.244335 123.234567 123.224520 123.215310 123.205459 123.196250 123.185924 123.176993 123.167225 123.157932 123.148722 123.143978 123.148722 123.162956 123.175039 123.191226 123.207971
0.000000 0.000000 0.000000 0.000000 0.000000 0.000000 0.000000 0.000000 0.000000 0.000000 0.000000 0.000000 0.000000 0.000000 0.000000 0.000000 0.000000 0.000000 0.000000 0.000000 0.000000 0.000000 0.000000 0.000000 0.000000 0.000000 123.414072 123.404583 123.394815 123.384768 123.375837 123.365149 123.355381 123.346171 123.337520 123.328227 123.318459 123.308133 123.299202 123.289351 123.279583 123.270373 123.260326 123.251116 123.242103 123.232056 123.222288 123.213078 123.203227 123.194017 123.183691 123.174760 123.165188 123.155699 123.146490 123.143420 123.150118 123.162956 123.177551 123.194575 123.209171
0.000000 0.000000 0.000000 0.000000 0.000000 0.000000 0.000000 0.000000 0.000000 0.000000 0.000000 0.000000 0.000000 0.000000 0.000000 0.000000 0.000000 0.000000 0.000000 0.000000 0.000000 0.000000 0.000000 0.000000 0.000000 0.000000 123.411560 123.402350 123.392582 123.382535 123.373242 123.362916 123.353148 123.343939 123.335287 123.325994 123.315947 123.305900 123.296969 123.287118 123.277071 123.268141 123.258093 123.248801 123.239870 123.229823 123.220055 123.210845 123.200994 123.191784 123.181737 123.172527 123.162956 123.153467 123.144257 123.142861 123.152350 123.164351 123.178109 123.195971 123.213078
0.000000 0.000000 0.000000 0.000000 0.000000 0.000000 0.000000 0.000000 0.000000 0.000000 0.000000 0.000000 0.000000 0.000000 0.000000 0.000000 0.000000 0.000000 0.000000 0.000000 0.000000 0.000000 0.000000 0.000000 0.000000 0.000000 123.409327 123.400118 123.390350 123.380303 123.371010 123.360684 123.350916 123.341706 123.332971 123.323761 123.313714 123.303388 123.294737 123.284886 123.274839 123.265908 123.255861 123.246568 123.237358 123.227590 123.217822 123.208612 123.198761 123.189552 123.179505 123.170295 123.160723 123.151234 123.142303 123.142582 123.152908 123.166667 123.179225 123.197924 123.216706
0.000000 0.000000 0.000000 0.000000 0.000000 0.000000 0.000000 0.000000 0.000000 0.000000 0.000000 0.000000 0.000000 0.000000 0.000000 0.000000 0.000000 0.000000 0.000000 0.000000 0.000000 0.000000 0.000000 0.000000 0.000000 123.416305 123.407095 123.397885 123.388117 123.378070 123.368777 123.358451 123.348683 123.339473 123.330739 123.321529 123.311482 123.301156 123.292504 123.282374 123.272606 123.263675 123.253628 123.244335 123.235125 123.225357 123.215590 123.206297 123.196529 123.187040 123.177272 123.168062 123.158490 123.149001 123.141745 123.144257 123.155699 123.168620 123.181458 123.199320 123.218659
0.000000 0.000000 0.000000 0.000000 0.000000 0.000000 0.000000 0.000000 0.000000 0.000000 0.000000 0.000000 0.000000 0.000000 0.000000 0.000000 0.000000 0.000000 0.000000 0.000000 0.000000 0.000000 0.000000 0.000000 0.000000 123.414072 123.404862 123.395652 123.385605 123.375837 123.366544 123.356218 123.346450 123.336961 123.328506 123.319296 123.309249 123.298923 123.290188 123.280420 123.270373 123.261163 123.251395 123.242103 123.232893 123.222846 123.213357 123.203785 123.194296 123.184807 123.175039 123.165746 123.156257 123.146769 123.141187 123.144815 123.159327 123.171690 123.187319 123.200994 123.220613
0.000000 0.000000 0.000000 0.000000 0.000000 0.000000 0.000000 0.000000 0.000000 0.000000 0.000000 0.000000 0.000000 0.000000 0.000000 0.000000 0.000000 0.000000 0.000000 0.000000 0.000000 0.000000 0.000000 0.000000 0.000000 123.411839 123.402629 123.393420 123.383373 123.373522 123.364312 123.353986 123.343939 123.334729 123.326273 123.317063 123.307016 123.296690 123.287956 123.278188 123.268141 123.258931 123.249080 123.239870 123.230660 123.220613 123.211124 123.201552 123.192063 123.182574 123.172807 123.163514 123.154025 123.144536 123.140629 123.146490 123.159607 123.172527 123.191226 123.204901 123.223125
0.000000 0.000000 0.000000 0.000000 0.000000 0.000000 0.000000 0.000000 0.000000 0.000000 0.000000 0.000000 0.000000 0.000000 0.000000 0.000000 0.000000 0.000000 0.000000 0.000000 0.000000 0.000000 0.000000 0.000000 0.000000 123.409607 123.400118 123.391187 123.381140 123.371289 123.362079 123.351753 123.341706 123.332692 123.323761 123.314831 123.304784 123.294458 123.285723 123.275955 123.265908 123.256698 123.246847 123.237637 123.228427 123.218380 123.208892 123.199320 123.189831 123.180342 123.170574 123.161281 123.151792 123.142024 123.140071 123.148443 123.160444 123.174202 123.191505 123.210008 123.224799
