FireSTARR/test/constant/O1a_S060_A270_WD270_WS020/arrival.asc
ncols         141
nrows         732
xllcorner     425603.990666
yllcorner     12748755.311160
cellsize      100.000000
NODATA_value  0.000000
[rows 621 to 647 of 732, columns 0 to 60 of 141]
0.000000 0.000000 0.000000 0.000000 123.414909 123.385047 123.355102 123.325436 123.295574 123.265629 123.244614 123.234567 123.224799 123.214752 123.206297 123.196529 123.187319 123.177272 123.168341 123.158211 123.149280 123.139233 123.130024 123.120173 123.110125 123.101195 123.091148 123.082134 123.072366 123.062598 123.062598 123.074599 123.092822 123.107056 123.130024 123.161002 123.211682 123.246568 123.293062 123.339194 123.392303 0.000000 0.000000 0.000000 0.000000 0.000000 0.000000 0.000000 0.000000 0.000000 0.000000 0.000000 0.000000 0.000000 0.000000 0.000000 0.000000 0.000000 0.000000 0.000000 0.000000
0.000000 0.000000 0.000000 0.000000 123.412676 123.382814 123.352869 123.323203 123.293341 123.263396 123.242382 123.232335 123.222567 123.212520 123.204064 123.194296 123.185086 123.175039 123.165746 123.155978 123.147048 123.136722 123.127791 123.117940 123.107893 123.098962 123.088915 123.079622 123.070133 123.062040 123.062598 123.077669 123.093939 123.110125 123.140071 123.175876 123.218659 123.261722 123.299202 123.339194 123.407374 0.000000 0.000000 0.000000 0.000000 0.000000 0.000000 0.000000 0.000000 0.000000 0.000000 0.000000 0.000000 0.000000 0.000000 0.000000 0.000000 0.000000 0.000000 0.000000 0.000000
0.000000 0.000000 0.000000 0.000000 123.410723 123.380582 123.350916 123.320971 123.291025 123.261163 123.240149 123.230102 123.220055 123.210287 123.201831 123.192063 123.182854 123.172807 123.163514 123.153746 123.144536 123.134489 123.125558 123.115428 123.105660 123.096450 123.086682 123.077390 123.067901 123.061482 123.064273 123.078227 123.096450 123.113474 123.146769 123.185924 123.220892 123.262559 123.307854 123.347288 0.000000 0.000000 0.000000 0.000000 0.000000 0.000000 0.000000 0.000000 0.000000 0.000000 0.000000 0.000000 0.000000 0.000000 0.000000 0.000000 0.000000 0.000000 0.000000 0.000000 0.000000
0.000000 0.000000 0.000000 0.000000 123.408490 123.378349 123.348683 123.318738 123.288514 123.258652 123.237916 123.227869 123.217822 123.208250 123.199599 123.189831 123.180621 123.170574 123.161281 123.151513 123.142303 123.132256 123.123242 123.113195 123.103427 123.094218 123.084171 123.075157 123.065668 123.060924 123.067063 123.080180 123.098962 123.119614 123.150118 123.185924 123.228986 123.277071 123.320691 123.369335 0.000000 0.000000 0.000000 0.000000 0.000000 0.000000 0.000000 0.000000 0.000000 0.000000 0.000000 0.000000 0.000000 0.000000 0.000000 0.000000 0.000000 0.000000 0.000000 0.000000 0.000000
0.000000 0.000000 0.000000 0.000000 123.406257 123.376116 123.346450 123.316226 123.286281 123.256419 123.235405 123.225637 123.215590 123.205739 123.197366 123.187598 123.178388 123.168341 123.159048 123.149280 123.140071 123.130024 123.121010 123.110963 123.101195 123.091985 123.082134 123.072924 123.063435 123.060365 123.067622 123.084729 123.099799 123.125558 123.153467 123.193459 123.237079 123.282653 123.320971 123.385884 0.000000 0.000000 0.000000 0.000000 0.000000 0.000000 0.000000 0.000000 0.000000 0.000000 0.000000 0.000000 0.000000 0.000000 0.000000 0.000000 0.000000 0.000000 0.000000 0.000000 0.000000
0.000000 0.000000 0.000000 0.000000 123.403746 123.373801 123.343939 123.313993 123.284048 123.254186 123.233172 123.223404 123.213357 123.203506 123.195133 123.185086 123.175876 123.166025 123.156816 123.147048 123.137838 123.127791 123.118498 123.108730 123.098962 123.089752 123.079901 123.070412 123.061203 123.059807 123.071250 123.089473 123.104265 123.125837 123.161002 123.200715 123.253907 123.288235 123.329901 123.395931 0.000000 0.000000 0.000000 0.000000 0.000000 0.000000 0.000000 0.000000 0.000000 0.000000 0.000000 0.000000 0.000000 0.000000 0.000000 0.000000 0.000000 0.000000 0.000000 0.000000 0.000000
0.000000 0.000000 0.000000 0.000000 123.401513 123.371568 123.341706 123.311761 123.281816 123.251954 123.230939 123.221171 123.211124 123.201273 123.192901 123.182854 123.173644 123.163793 123.154583 123.144815 123.135326 123.125558 123.116265 123.106497 123.096729 123.087241 123.077669 123.068180 123.058970 123.059249 123.073482 123.090031 123.104544 123.135605 123.168899 123.210287 123.256698 123.296411 123.345613 123.407374 0.000000 0.000000 0.000000 0.000000 0.000000 0.000000 0.000000 0.000000 0.000000 0.000000 0.000000 0.000000 0.000000 0.000000 0.000000 0.000000 0.000000 0.000000 0.000000 0.000000 0.000000
0.000000 0.000000 0.000000 0.000000 123.399280 123.369335 123.339473 123.309528 123.279583 123.249638 123.228707 123.218659 123.208892 123.199040 123.190668 123.180621 123.171411 123.161560 123.152350 123.142582 123.133093 123.123242 123.114033 123.104265 123.094497 123.085008 123.075436 123.065947 123.058412 123.059807 123.074878 123.091427 123.109846 123.140071 123.180063 123.216706 123.258931 123.308970 123.361521 0.000000 0.000000 0.000000 0.000000 0.000000 0.000000 0.000000 0.000000 0.000000 0.000000 0.000000 0.000000 0.000000 0.000000 0.000000 0.000000 0.000000 0.000000 0.000000 0.000000 0.000000 0.000000
0.000000 0.000000 0.000000 0.000000 123.397048 123.367103 123.337241 123.307016 123.277350 123.247405 123.226474 123.216427 123.206576 123.196529 123.188156 123.178388 123.169178 123.159048 123.150118 123.140071 123.130861 123.121010 123.111800 123.102032 123.091985 123.082971 123.073203 123.063714 123.057854 123.060924 123.075994 123.094497 123.115707 123.144815 123.188993 123.223404 123.271210 123.309528 123.376395 0.000000 0.000000 0.000000 0.000000 0.000000 0.000000 0.000000 0.000000 0.000000 0.000000 0.000000 0.000000 0.000000 0.000000 0.000000 0.000000 0.000000 0.000000 0.000000 0.000000 0.000000 0.000000
0.000000 0.000000 0.000000 0.000000 123.394536 123.364870 123.334729 123.304784 123.275118 123.245173 123.223962 123.214194 123.204343 123.194296 123.185924 123.175876 123.166667 123.156816 123.147885 123.137838 123.128628 123.118777 123.109567 123.099799 123.089752 123.080739 123.070971 123.061482 123.057295 123.063714 123.079064 123.095334 123.119335 123.149001 123.195412 123.231218 123.279862 123.318180 123.383652 0.000000 0.000000 0.000000 0.000000 0.000000 0.000000 0.000000 0.000000 0.000000 0.000000 0.000000 0.000000 0.000000 0.000000 0.000000 0.000000 0.000000 0.000000 0.000000 0.000000 0.000000 0.000000
0.000000 0.000000 0.000000 0.000000 123.392303 123.362358 123.332692 123.302551 123.272885 123.242940 123.221729 123.211961 123.202110 123.192063 123.183691 123.173644 123.164630 123.154583 123.145373 123.135605 123.126395 123.116544 123.107335 123.097567 123.087520 123.078227 123.068738 123.059249 123.056737 123.065947 123.083250 123.096450 123.127512 123.157095 123.202110 123.250000 123.286002 123.339752 123.401234 0.000000 0.000000 0.000000 0.000000 0.000000 0.000000 0.000000 0.000000 0.000000 0.000000 0.000000 0.000000 0.000000 0.000000 0.000000 0.000000 0.000000 0.000000 0.000000 0.000000 0.000000 0.000000
0.000000 0.000000 0.000000 0.000000 123.390071 123.360125 123.330459 123.300318 123.270652 123.240707 123.219497 123.209729 123.199599 123.189831 123.181458 123.171411 123.162397 123.152350 123.143141 123.133373 123.124080 123.114312 123.105102 123.095055 123.085287 123.075994 123.066505 123.057016 123.056179 123.067622 123.086124 123.100357 123.134768 123.173365 123.207413 123.253070 123.293062 123.355381 123.405420 0.000000 0.000000 0.000000 0.000000 0.000000 0.000000 0.000000 0.000000 0.000000 0.000000 0.000000 0.000000 0.000000 0.000000 0.000000 0.000000 0.000000 0.000000 0.000000 0.000000 0.000000 0.000000
0.000000 0.000000 0.000000 0.000000 123.387838 123.357893 123.328227 123.298365 123.268141 123.238195 123.217264 123.207413 123.197366 123.187598 123.178946 123.169178 123.160165 123.150118 123.140908 123.130861 123.121847 123.111800 123.102869 123.092822 123.082971 123.073761 123.064273 123.055621 123.056179 123.070133 123.087241 123.106218 123.134768 123.178667 123.214194 123.258373 123.301714 123.361800 0.000000 0.000000 0.000000 0.000000 0.000000 0.000000 0.000000 0.000000 0.000000 0.000000 0.000000 0.000000 0.000000 0.000000 0.000000 0.000000 0.000000 0.000000 0.000000 0.000000 0.000000 0.000000 0.000000
0.000000 0.000000 0.000000 123.415467 123.385605 123.355660 123.325715 123.295853 123.265908 123.235963 123.215031 123.205180 123.195133 123.185365 123.176714 123.166946 123.157653 123.147885 123.138675 123.128628 123.119614 123.109567 123.100637 123.090590 123.080739 123.071529 123.062040 123.055063 123.057574 123.071529 123.089473 123.106497 123.140629 123.182854 123.222288 123.267861 123.317901 123.369614 0.000000 0.000000 0.000000 0.000000 0.000000 0.000000 0.000000 0.000000 0.000000 0.000000 0.000000 0.000000 0.000000 0.000000 0.000000 0.000000 0.000000 0.000000 0.000000 0.000000 0.000000 0.000000 0.000000
0.000000 0.000000 0.000000 123.413235 123.383373 123.353427 123.323482 123.293620 123.263675 123.233730 123.212799 123.202948 123.192901 123.183133 123.174481 123.164630 123.155420 123.145652 123.136163 123.126395 123.117382 123.107335 123.098125 123.088357 123.078506 123.069296 123.060086 123.054505 123.060365 123.075436 123.091985 123.112358 123.147327 123.195133 123.237079 123.273443 123.334171 123.388117 0.000000 0.000000 0.000000 0.000000 0.000000 0.000000 0.000000 0.000000 0.000000 0.000000 0.000000 0.000000 0.000000 0.000000 0.000000 0.000000 0.000000 0.000000 0.000000 0.000000 0.000000 0.000000 0.000000
0.000000 0.000000 0.000000 123.410723 123.381140 123.351195 123.321250 123.291305 123.261442 123.231497 123.210566 123.200715 123.190668 123.180900 123.172248 123.162397 123.153188 123.143420 123.133931 123.124359 123.114870 123.105102 123.095892 123.085845 123.076273 123.066784 123.057854 123.053946 123.061203 123.079901 123.093101 123.123242 123.154862 123.201552 123.244614 123.282374 123.347288 123.398722 0.000000 0.000000 0.000000 0.000000 0.000000 0.000000 0.000000 0.000000 0.000000 0.000000 0.000000 0.000000 0.000000 0.000000 0.000000 0.000000 0.000000 0.000000 0.000000 0.000000 0.000000 0.000000 0.000000
0.000000 0.000000 0.000000 123.408490 123.378907 123.348962 123.319017 123.289072 123.259210 123.229265 123.208250 123.198203 123.188435 123.178667 123.170016 123.160165 123.150955 123.141187 123.131977 123.122126 123.112637 123.102869 123.093659 123.083612 123.074040 123.064552 123.055621 123.053388 123.063714 123.082413 123.098404 123.124359 123.170295 123.204622 123.246847 123.292783 123.349520 123.401513 0.000000 0.000000 0.000000 0.000000 0.000000 0.000000 0.000000 0.000000 0.000000 0.000000 0.000000 0.000000 0.000000 0.000000 0.000000 0.000000 0.000000 0.000000 0.000000 0.000000 0.000000 0.000000 0.000000
0.000000 0.000000 0.000000 123.406257 123.376675 123.346729 123.316784 123.286560 123.256698 123.227032 123.206018 123.195971 123.186203 123.176435 123.167783 123.157932 123.148722 123.138675 123.129744 123.119614 123.110405 123.100637 123.091427 123.081576 123.071808 123.062319 123.053388 123.052830 123.067342 123.083892 123.099799 123.131977 123.177551 123.213636 123.253628 123.307016 123.360684 123.413514 0.000000 0.000000 0.000000 0.000000 0.000000 0.000000 0.000000 0.000000 0.000000 0.000000 0.000000 0.000000 0.000000 0.000000 0.000000 0.000000 0.000000 0.000000 0.000000 0.000000 0.000000 0.000000 0.000000
0.000000 0.000000 0.000000 123.404025 123.374080 123.344218 123.314273 123.284327 123.254465 123.224799 123.203506 123.193738 123.183970 123.174202 123.165467 123.155420 123.146210 123.136442 123.127512 123.117382 123.108172 123.098404 123.089194 123.079343 123.069575 123.060086 123.052272 123.053109 123.067622 123.084729 123.102590 123.142024 123.177551 123.230102 123.260047 123.325715 123.374359 0.000000 0.000000 0.000000 0.000000 0.000000 0.000000 0.000000 0.000000 0.000000 0.000000 0.000000 0.000000 0.000000 0.000000 0.000000 0.000000 0.000000 0.000000 0.000000 0.000000 0.000000 0.000000 0.000000 0.000000
0.000000 0.000000 0.000000 123.401792 123.371847 123.341985 123.312040 123.282374 123.252233 123.222567 123.201273 123.191505 123.181737 123.171969 123.163235 123.153188 123.143978 123.134210 123.125000 123.115149 123.105939 123.096171 123.086682 123.077110 123.067622 123.057854 123.051714 123.054225 123.070133 123.086403 123.108451 123.149280 123.186203 123.235684 123.270931 123.335008 123.382814 0.000000 0.000000 0.000000 0.000000 0.000000 0.000000 0.000000 0.000000 0.000000 0.000000 0.000000 0.000000 0.000000 0.000000 0.000000 0.000000 0.000000 0.000000 0.000000 0.000000 0.000000 0.000000 0.000000 0.000000
0.000000 0.000000 0.000000 123.399559 123.369614 123.339752 123.309807 123.280141 123.250000 123.220055 123.199040 123.189273 123.179225 123.169737 123.161002 123.150955 123.141745 123.131977 123.122684 123.112916 123.103707 123.093659 123.084450 123.074599 123.065389 123.055621 123.051156 123.056737 123.072366 123.088636 123.116544 123.162118 123.196529 123.240986 123.284048 123.341985 123.393420 0.000000 0.000000 0.000000 0.000000 0.000000 0.000000 0.000000 0.000000 0.000000 0.000000 0.000000 0.000000 0.000000 0.000000 0.000000 0.000000 0.000000 0.000000 0.000000 0.000000 0.000000 0.000000 0.000000 0.000000
0.000000 0.000000 0.000000 123.397327 123.367382 123.337520 123.307574 123.277908 123.247684 123.217822 123.196808 123.186761 123.176993 123.167504 123.158490 123.148722 123.139512 123.129744 123.120452 123.110405 123.101474 123.091427 123.082413 123.072366 123.063156 123.053388 123.050597 123.060365 123.077390 123.091985 123.126954 123.164072 123.203785 123.243498 123.300876 123.351753 123.395931 0.000000 0.000000 0.000000 0.000000 0.000000 0.000000 0.000000 0.000000 0.000000 0.000000 0.000000 0.000000 0.000000 0.000000 0.000000 0.000000 0.000000 0.000000 0.000000 0.000000 0.000000 0.000000 0.000000 0.000000
0.000000 0.000000 0.000000 123.395094 123.365149 123.335287 123.305342 123.275397 123.245452 123.215590 123.194575 123.184528 123.174760 123.165467 123.156257 123.146490 123.137280 123.127233 123.118219 123.108172 123.099241 123.089194 123.080180 123.070133 123.060924 123.051156 123.050039 123.060644 123.078785 123.096171 123.133093 123.166946 123.212520 123.254744 123.314552 123.362079 123.406537 0.000000 0.000000 0.000000 0.000000 0.000000 0.000000 0.000000 0.000000 0.000000 0.000000 0.000000 0.000000 0.000000 0.000000 0.000000 0.000000 0.000000 0.000000 0.000000 0.000000 0.000000 0.000000 0.000000 0.000000
0.000000 0.000000 0.000000 123.392861 123.362916 123.332971 123.303109 123.273164 123.243219 123.213357 123.192342 123.182295 123.172527 123.163235 123.154025 123.144257 123.135047 123.125000 123.115986 123.105939 123.097008 123.086961 123.077669 123.067901 123.058691 123.049481 123.049760 123.064273 123.080739 123.100078 123.136722 123.175597 123.226195 123.261442 123.323482 123.371010 0.000000 0.000000 0.000000 0.000000 0.000000 0.000000 0.000000 0.000000 0.000000 0.000000 0.000000 0.000000 0.000000 0.000000 0.000000 0.000000 0.000000 0.000000 0.000000 0.000000 0.000000 0.000000 0.000000 0.000000 0.000000
0.000000 0.000000 0.000000 123.390350 123.360684 123.330739 123.300876 123.270931 123.240986 123.211124 123.190110 123.180063 123.170016 123.161002 123.151792 123.142024 123.132814 123.122963 123.113474 123.103707 123.094497 123.084729 123.075436 123.065389 123.056458 123.048923 123.050876 123.065110 123.082692 123.104544 123.142861 123.187040 123.226753 123.272327 123.332413 123.376395 0.000000 0.000000 0.000000 0.000000 0.000000 0.000000 0.000000 0.000000 0.000000 0.000000 0.000000 0.000000 0.000000 0.000000 0.000000 0.000000 0.000000 0.000000 0.000000 0.000000 0.000000 0.000000 0.000000 0.000000 0.000000
0.000000 0.000000 0.000000 123.388117 123.358451 123.328506 123.298644 123.268699 123.238474 123.208612 123.187877 123.177830 123.167783 123.158769 123.149559 123.139791 123.130582 123.120731 123.111242 123.101474 123.092264 123.082413 123.073203 123.063156 123.054225 123.048365 123.053667 123.069017 123.084729 123.113195 123.151234 123.191505 123.236521 123.282374 123.340590 123.386722 0.000000 0.000000 0.000000 0.000000 0.000000 0.000000 0.000000 0.000000 0.000000 0.000000 0.000000 0.000000 0.000000 0.000000 0.000000 0.000000 0.000000 0.000000 0.000000 0.000000 0.000000 0.000000 0.000000 0.000000 0.000000
0.000000 0.000000 123.415746 123.385884 123.356218 123.326273 123.296411 123.266187 123.236242 123.206576 123.185644 123.175597 123.165746 123.156537 123.147327 123.137559 123.128349 123.118219 123.109009 123.099241 123.090031 123.080180 123.070971 123.060924 123.051993 123.047807 123.056458 123.073203 123.089194 123.120731 123.159327 123.200994 123.246289 123.291946 123.353986 123.395652 0.000000 0.000000 0.000000 0.000000 0.000000 0.000000 0.000000 0.000000 0.000000 0.000000 0.000000 0.000000 0.000000 0.000000 0.000000 0.000000 0.000000 0.000000 0.000000 0.000000 0.000000 0.000000 0.000000 0.000000 0.000000
