FireSTARR/test/constant/O1a_S060_A270_WD270_WS020/arrival.asc
ncols         141
nrows         732
xllcorner     425603.990666
yllcorner     12748755.311160
cellsize      100.000000
NODATA_value  0.000000
[rows 324 to 350 of 732, columns 61 to 121 of 141]
0.000000 0.000000 123.411281 123.402350 123.392861 123.383652 123.373801 123.363195 123.353427 123.344776 123.334729 123.325715 123.316505 123.307295 123.297248 123.287118 123.278188 123.268420 123.259210 123.249359 123.240149 123.231776 123.232335 123.243498 123.255303 123.267861 123.281816 123.299202 123.314831 123.330459 123.346450 123.366544 123.391466 123.413514 0.000000 0.000000 0.000000 0.000000 0.000000 0.000000 0.000000 0.000000 0.000000 0.000000 0.000000 0.000000 0.000000 0.000000 0.000000 0.000000 0.000000 0.000000 0.000000 0.000000 0.000000 0.000000 0.000000 0.000000 0.000000 0.000000 0.000000
0.000000 0.000000 123.409048 123.400118 123.390350 123.381419 123.371568 123.360963 123.351195 123.342264 123.332692 123.323482 123.314273 123.305063 123.295016 123.284607 123.275955 123.266187 123.256977 123.247126 123.237916 123.231218 123.234288 123.244056 123.258093 123.270931 123.284886 123.300039 123.315389 123.331576 123.348962 123.368219 123.393699 123.415746 0.000000 0.000000 0.000000 0.000000 0.000000 0.000000 0.000000 0.000000 0.000000 0.000000 0.000000 0.000000 0.000000 0.000000 0.000000 0.000000 0.000000 0.000000 0.000000 0.000000 0.000000 0.000000 0.000000 0.000000 0.000000 0.000000 0.000000
0.000000 123.416584 123.406816 123.398164 123.388117 123.379186 123.369056 123.358730 123.348962 123.340031 123.330459 123.320971 123.312040 123.302551 123.292783 123.282374 123.273722 123.263954 123.254465 123.244893 123.235405 123.230660 123.236242 123.245173 123.258931 123.273164 123.285444 123.304784 123.319575 123.335845 123.351195 123.371010 123.394815 0.000000 0.000000 0.000000 0.000000 0.000000 0.000000 0.000000 0.000000 0.000000 0.000000 0.000000 0.000000 0.000000 0.000000 0.000000 0.000000 0.000000 0.000000 0.000000 0.000000 0.000000 0.000000 0.000000 0.000000 0.000000 0.000000 0.000000 0.000000
0.000000 123.414351 123.404583 123.395931 123.385884 123.376675 123.366823 123.356497 123.346729 123.337799 123.327948 123.318738 123.309807 123.300318 123.290746 123.280141 123.271490 123.261722 123.252233 123.242661 123.233172 123.230102 123.236521 123.246847 123.262559 123.274280 123.287118 123.305063 123.320971 123.338078 123.353707 123.372684 123.398443 0.000000 0.000000 0.000000 0.000000 0.000000 0.000000 0.000000 0.000000 0.000000 0.000000 0.000000 0.000000 0.000000 0.000000 0.000000 0.000000 0.000000 0.000000 0.000000 0.000000 0.000000 0.000000 0.000000 0.000000 0.000000 0.000000 0.000000 0.000000
0.000000 123.412118 123.402350 123.393699 123.383652 123.374638 123.364591 123.354265 123.344497 123.335566 123.325715 123.316505 123.307295 123.298086 123.288235 123.277908 123.269257 123.259210 123.250000 123.240428 123.230939 123.229544 123.237916 123.248801 123.263954 123.276234 123.288793 123.307574 123.321529 123.341427 123.355660 123.378628 123.404583 0.000000 0.000000 0.000000 0.000000 0.000000 0.000000 0.000000 0.000000 0.000000 0.000000 0.000000 0.000000 0.000000 0.000000 0.000000 0.000000 0.000000 0.000000 0.000000 0.000000 0.000000 0.000000 0.000000 0.000000 0.000000 0.000000 0.000000 0.000000
0.000000 123.409886 123.400118 123.391187 123.381419 123.372126 123.362358 123.352032 123.342264 123.333250 123.323482 123.314273 123.305063 123.295853 123.286002 123.275676 123.267024 123.256977 123.247963 123.238195 123.229265 123.228986 123.239870 123.251395 123.264512 123.278188 123.295295 123.310644 123.325436 123.343101 123.356776 123.379744 123.410165 0.000000 0.000000 0.000000 0.000000 0.000000 0.000000 0.000000 0.000000 0.000000 0.000000 0.000000 0.000000 0.000000 0.000000 0.000000 0.000000 0.000000 0.000000 0.000000 0.000000 0.000000 0.000000 0.000000 0.000000 0.000000 0.000000 0.000000 0.000000
0.000000 123.407653 123.397885 123.388954 123.379186 123.369893 123.360125 123.349799 123.340031 123.331018 123.321250 123.312040 123.302830 123.293620 123.283769 123.273443 123.264791 123.254744 123.245731 123.235963 123.228427 123.229544 123.240428 123.254744 123.267582 123.278746 123.296411 123.311761 123.327948 123.345613 123.364033 123.387559 123.410723 0.000000 0.000000 0.000000 0.000000 0.000000 0.000000 0.000000 0.000000 0.000000 0.000000 0.000000 0.000000 0.000000 0.000000 0.000000 0.000000 0.000000 0.000000 0.000000 0.000000 0.000000 0.000000 0.000000 0.000000 0.000000 0.000000 0.000000 0.000000
123.415188 123.405420 123.395373 123.386722 123.376954 123.367661 123.357893 123.347567 123.337799 123.328785 123.319017 123.309807 123.300597 123.291305 123.281537 123.271210 123.262280 123.252512 123.243219 123.233730 123.227869 123.230939 123.241544 123.255303 123.269536 123.281537 123.298086 123.315668 123.330459 123.347846 123.365986 123.391466 123.415188 0.000000 0.000000 0.000000 0.000000 0.000000 0.000000 0.000000 0.000000 0.000000 0.000000 0.000000 0.000000 0.000000 0.000000 0.000000 0.000000 0.000000 0.000000 0.000000 0.000000 0.000000 0.000000 0.000000 0.000000 0.000000 0.000000 0.000000 0.000000
123.412956 123.403188 123.393141 123.384489 123.374638 123.365428 123.355660 123.345055 123.335566 123.326552 123.316505 123.307574 123.298365 123.289072 123.279025 123.268978 123.260047 123.250279 123.240986 123.231497 123.227311 123.232893 123.242940 123.256698 123.269815 123.283490 123.300876 123.317342 123.334450 123.349520 123.368777 123.393141 0.000000 0.000000 0.000000 0.000000 0.000000 0.000000 0.000000 0.000000 0.000000 0.000000 0.000000 0.000000 0.000000 0.000000 0.000000 0.000000 0.000000 0.000000 0.000000 0.000000 0.000000 0.000000 0.000000 0.000000 0.000000 0.000000 0.000000 0.000000 0.000000
123.410444 123.400955 123.390908 123.382256 123.372405 123.363195 123.353427 123.342822 123.333333 123.324320 123.314273 123.305342 123.295853 123.286839 123.276792 123.266745 123.257814 123.247963 123.238754 123.229265 123.226753 123.234567 123.244056 123.259210 123.272606 123.285444 123.303388 123.318180 123.338357 123.350916 123.374917 123.399559 0.000000 0.000000 0.000000 0.000000 0.000000 0.000000 0.000000 0.000000 0.000000 0.000000 0.000000 0.000000 0.000000 0.000000 0.000000 0.000000 0.000000 0.000000 0.000000 0.000000 0.000000 0.000000 0.000000 0.000000 0.000000 0.000000 0.000000 0.000000 0.000000
123.408211 123.398722 123.388675 123.380024 123.369893 123.360963 123.350916 123.340590 123.331297 123.321808 123.312040 123.302830 123.293620 123.284607 123.274559 123.264512 123.255582 123.245731 123.236521 123.227032 123.226195 123.235684 123.246568 123.260605 123.274001 123.287956 123.306458 123.322087 123.338357 123.355381 123.375837 123.403467 0.000000 0.000000 0.000000 0.000000 0.000000 0.000000 0.000000 0.000000 0.000000 0.000000 0.000000 0.000000 0.000000 0.000000 0.000000 0.000000 0.000000 0.000000 0.000000 0.000000 0.000000 0.000000 0.000000 0.000000 0.000000 0.000000 0.000000 0.000000 0.000000
123.405978 123.396490 123.386442 123.377791 123.367661 123.358730 123.348683 123.338357 123.329064 123.319575 123.309807 123.300597 123.291584 123.282095 123.272327 123.262280 123.253349 123.243498 123.234009 123.225637 123.225916 123.236800 123.248801 123.261163 123.275118 123.291584 123.307295 123.322366 123.339752 123.360684 123.383652 123.408769 0.000000 0.000000 0.000000 0.000000 0.000000 0.000000 0.000000 0.000000 0.000000 0.000000 0.000000 0.000000 0.000000 0.000000 0.000000 0.000000 0.000000 0.000000 0.000000 0.000000 0.000000 0.000000 0.000000 0.000000 0.000000 0.000000 0.000000 0.000000 0.000000
123.403746 123.394257 123.383931 123.375558 123.365428 123.356497 123.346450 123.335845 123.326831 123.317342 123.307574 123.298365 123.289351 123.279862 123.270094 123.260047 123.250837 123.241265 123.231776 123.225078 123.227590 123.237358 123.251395 123.264233 123.278188 123.293341 123.308691 123.326831 123.342264 123.363474 123.387838 123.411281 0.000000 0.000000 0.000000 0.000000 0.000000 0.000000 0.000000 0.000000 0.000000 0.000000 0.000000 0.000000 0.000000 0.000000 0.000000 0.000000 0.000000 0.000000 0.000000 0.000000 0.000000 0.000000 0.000000 0.000000 0.000000 0.000000 0.000000 0.000000 0.000000
123.401513 123.392024 123.381698 123.373242 123.363474 123.354265 123.344218 123.333612 123.324599 123.315110 123.305342 123.296132 123.286839 123.277629 123.267861 123.257814 123.248801 123.239033 123.229544 123.224520 123.229823 123.238474 123.253070 123.266187 123.278746 123.295574 123.312598 123.330739 123.344497 123.364870 123.388117 123.414072 0.000000 0.000000 0.000000 0.000000 0.000000 0.000000 0.000000 0.000000 0.000000 0.000000 0.000000 0.000000 0.000000 0.000000 0.000000 0.000000 0.000000 0.000000 0.000000 0.000000 0.000000 0.000000 0.000000 0.000000 0.000000 0.000000 0.000000 0.000000 0.000000
123.399001 123.389791 123.379465 123.370731 123.360963 123.351753 123.341985 123.331576 123.322366 123.312877 123.303109 123.293899 123.284607 123.275397 123.265629 123.255582 123.246568 123.236800 123.227311 123.223962 123.229823 123.240149 123.255861 123.267303 123.280420 123.298086 123.314273 123.333612 123.347008 123.370731 123.395373 123.416584 0.000000 0.000000 0.000000 0.000000 0.000000 0.000000 0.000000 0.000000 0.000000 0.000000 0.000000 0.000000 0.000000 0.000000 0.000000 0.000000 0.000000 0.000000 0.000000 0.000000 0.000000 0.000000 0.000000 0.000000 0.000000 0.000000 0.000000 0.000000 0.000000
123.396769 123.387559 123.377233 123.368498 123.358730 123.349520 123.339473 123.329343 123.320133 123.310644 123.300876 123.291584 123.282374 123.273164 123.263396 123.253349 123.244335 123.234567 123.225078 123.223404 123.231218 123.242103 123.257256 123.269536 123.282095 123.302272 123.314831 123.335008 123.349520 123.371847 123.398164 0.000000 0.000000 0.000000 0.000000 0.000000 0.000000 0.000000 0.000000 0.000000 0.000000 0.000000 0.000000 0.000000 0.000000 0.000000 0.000000 0.000000 0.000000 0.000000 0.000000 0.000000 0.000000 0.000000 0.000000 0.000000 0.000000 0.000000 0.000000 0.000000 0.000000
123.394536 123.385326 123.374917 123.366265 123.356497 123.347288 123.337241 123.326831 123.317901 123.308412 123.298644 123.289351 123.280141 123.270931 123.261163 123.251116 123.241823 123.232335 123.222846 123.222846 123.233451 123.244893 123.257814 123.271769 123.288235 123.303109 123.319017 123.336124 123.355381 123.375837 123.403467 0.000000 0.000000 0.000000 0.000000 0.000000 0.000000 0.000000 0.000000 0.000000 0.000000 0.000000 0.000000 0.000000 0.000000 0.000000 0.000000 0.000000 0.000000 0.000000 0.000000 0.000000 0.000000 0.000000 0.000000 0.000000 0.000000 0.000000 0.000000 0.000000 0.000000
123.392303 123.383093 123.372684 123.364033 123.354265 123.345055 123.335008 123.324599 123.315668 123.306179 123.296411 123.287118 123.277629 123.268699 123.258652 123.248801 123.239591 123.230381 123.222008 123.222846 123.233730 123.247126 123.261163 123.272048 123.290188 123.304784 123.321250 123.338915 123.359846 123.379744 123.406537 0.000000 0.000000 0.000000 0.000000 0.000000 0.000000 0.000000 0.000000 0.000000 0.000000 0.000000 0.000000 0.000000 0.000000 0.000000 0.000000 0.000000 0.000000 0.000000 0.000000 0.000000 0.000000 0.000000 0.000000 0.000000 0.000000 0.000000 0.000000 0.000000 0.000000
123.390071 123.380861 123.370452 123.361800 123.351753 123.342543 123.332971 123.322366 123.313435 123.303667 123.294178 123.284886 123.275397 123.266466 123.256419 123.246568 123.237358 123.228148 123.221450 123.224241 123.234846 123.248242 123.262838 123.274839 123.291946 123.308970 123.323761 123.341148 123.360684 123.386442 123.411560 0.000000 0.000000 0.000000 0.000000 0.000000 0.000000 0.000000 0.000000 0.000000 0.000000 0.000000 0.000000 0.000000 0.000000 0.000000 0.000000 0.000000 0.000000 0.000000 0.000000 0.000000 0.000000 0.000000 0.000000 0.000000 0.000000 0.000000 0.000000 0.000000 0.000000
123.387838 123.378628 123.368219 123.359567 123.349520 123.340310 123.330459 123.320133 123.311482 123.301435 123.291946 123.282374 123.273164 123.264233 123.254186 123.244335 123.235125 123.225916 123.220892 123.226474 123.236242 123.249917 123.263117 123.276792 123.293899 123.310086 123.327390 123.342543 123.366823 123.391466 123.412676 0.000000 0.000000 0.000000 0.000000 0.000000 0.000000 0.000000 0.000000 0.000000 0.000000 0.000000 0.000000 0.000000 0.000000 0.000000 0.000000 0.000000 0.000000 0.000000 0.000000 0.000000 0.000000 0.000000 0.000000 0.000000 0.000000 0.000000 0.000000 0.000000 0.000000
123.385605 123.376395 123.365986 123.357335 123.347288 123.338078 123.328227 123.317901 123.309249 123.299202 123.290188 123.280141 123.270931 123.261722 123.251954 123.242103 123.232893 123.223683 123.220334 123.228148 123.237358 123.252512 123.264512 123.279304 123.297248 123.311482 123.329622 123.347288 123.368498 123.392582 123.414072 0.000000 0.000000 0.000000 0.000000 0.000000 0.000000 0.000000 0.000000 0.000000 0.000000 0.000000 0.000000 0.000000 0.000000 0.000000 0.000000 0.000000 0.000000 0.000000 0.000000 0.000000 0.000000 0.000000 0.000000 0.000000 0.000000 0.000000 0.000000 0.000000 0.000000
123.383373 123.374080 123.363474 123.355102 123.345055 123.335845 123.325994 123.315668 123.307016 123.296969 123.287956 123.277908 123.268699 123.259489 123.249638 123.239870 123.230381 123.221450 123.219776 123.228427 123.239870 123.253907 123.267303 123.283211 123.299760 123.315668 123.332971 123.350637 123.369335 123.399280 0.000000 0.000000 0.000000 0.000000 0.000000 0.000000 0.000000 0.000000 0.000000 0.000000 0.000000 0.000000 0.000000 0.000000 0.000000 0.000000 0.000000 0.000000 0.000000 0.000000 0.000000 0.000000 0.000000 0.000000 0.000000 0.000000 0.000000 0.000000 0.000000 0.000000 0.000000
123.381140 123.371847 123.361242 123.352869 123.342822 123.333612 123.323761 123.313435 123.304784 123.294737 123.285444 123.275676 123.266466 123.257256 123.247405 123.237916 123.228148 123.219218 123.219497 123.230102 123.241823 123.254465 123.268420 123.284886 123.301435 123.315668 123.333250 123.354265 123.375837 123.401792 0.000000 0.000000 0.000000 0.000000 0.000000 0.000000 0.000000 0.000000 0.000000 0.000000 0.000000 0.000000 0.000000 0.000000 0.000000 0.000000 0.000000 0.000000 0.000000 0.000000 0.000000 0.000000 0.000000 0.000000 0.000000 0.000000 0.000000 0.000000 0.000000 0.000000 0.000000
123.378628 123.369614 123.359009 123.350357 123.340590 123.331297 123.321529 123.311203 123.302272 123.292504 123.283211 123.273443 123.264233 123.255024 123.245173 123.235684 123.225916 123.218659 123.220055 123.230660 123.244335 123.257814 123.271490 123.286839 123.301993 123.320133 123.335566 123.357614 123.379186 123.404304 0.000000 0.000000 0.000000 0.000000 0.000000 0.000000 0.000000 0.000000 0.000000 0.000000 0.000000 0.000000 0.000000 0.000000 0.000000 0.000000 0.000000 0.000000 0.000000 0.000000 0.000000 0.000000 0.000000 0.000000 0.000000 0.000000 0.000000 0.000000 0.000000 0.000000 0.000000
123.376395 123.367382 123.356776 123.348125 123.338357 123.329064 123.319017 123.308970 123.300039 123.290188 123.280978 123.270931 123.262001 123.252512 123.242940 123.233451 123.223683 123.218101 123.221729 123.231776 123.246010 123.259489 123.272048 123.288514 123.305900 123.324040 123.337799 123.359009 123.387838 123.407653 0.000000 0.000000 0.000000 0.000000 0.000000 0.000000 0.000000 0.000000 0.000000 0.000000 0.000000 0.000000 0.000000 0.000000 0.000000 0.000000 0.000000 0.000000 0.000000 0.000000 0.000000 0.000000 0.000000 0.000000 0.000000 0.000000 0.000000 0.000000 0.000000 0.000000 0.000000
123.374080 123.364870 123.354544 123.345892 123.336124 123.326831 123.316784 123.306737 123.297807 123.287956 123.278746 123.268699 123.259768 123.250279 123.240707 123.231218 123.221450 123.217543 123.223125 123.233451 123.249917 123.260884 123.273722 123.295574 123.307016 123.325715 123.342543 123.364312 123.388954 123.410723 0.000000 0.000000 0.000000 0.000000 0.000000 0.000000 0.000000 0.000000 0.000000 0.000000 0.000000 0.000000 0.000000 0.000000 0.000000 0.000000 0.000000 0.000000 0.000000 0.000000 0.000000 0.000000 0.000000 0.000000 0.000000 0.000000 0.000000 0.000000 0.000000 0.000000 0.000000
123.371847 123.362637 123.352311 123.343659 123.333892 123.324599 123.314552 123.304505 123.295574 123.285723 123.276513 123.266466 123.257256 123.248242 123.238195 123.228986 123.219218 123.216985 123.224799 123.235405 123.249917 123.263396 123.279862 123.296132 123.308133 123.329901 123.346729 123.365149 123.396769 123.414072 0.000000 0.000000 0.000000 0.000000 0.000000 0.000000 0.000000 0.000000 0.000000 0.000000 0.000000 0.000000 0.000000 0.000000 0.000000 0.000000 0.000000 0.000000 0.000000 0.000000 0.000000 0.000000 0.000000 0.000000 0.000000 0.000000 0.000000 0.000000 0.000000 0.000000 0.000000
