FireSTARR/test/constant/O1a_S060_A180_WD090_WS020/arrival.asc
ncols         746
nrows         75
xllcorner     426603.990666
yllcorner     12745055.311160
cellsize      100.000000
NODATA_value  0.000000
[rows 0 to 24 of 75, columns 114 to 170 of 746]
0.000000 0.000000 0.000000 0.000000 0.000000 0.000000 0.000000 0.000000 0.000000 0.000000 0.000000 0.000000 0.000000 0.000000 0.000000 0.000000 0.000000 0.000000 0.000000 0.000000 0.000000 0.000000 0.000000 0.000000 0.000000 0.000000 0.000000 0.000000 0.000000 0.000000 0.000000 0.000000 0.000000 0.000000 0.000000 0.000000 0.000000 0.000000 0.000000 0.000000 0.000000 0.000000 0.000000 0.000000 0.000000 0.000000 0.000000 0.000000 0.000000 0.000000 0.000000 0.000000 0.000000 0.000000 0.000000 0.000000 0.000000
0.000000 0.000000 0.000000 0.000000 0.000000 0.000000 0.000000 0.000000 0.000000 0.000000 0.000000 0.000000 0.000000 0.000000 0.000000 0.000000 0.000000 0.000000 0.000000 0.000000 0.000000 0.000000 0.000000 0.000000 0.000000 0.000000 0.000000 0.000000 0.000000 0.000000 0.000000 0.000000 0.000000 0.000000 0.000000 0.000000 0.000000 0.000000 0.000000 0.000000 0.000000 0.000000 0.000000 0.000000 0.000000 0.000000 0.000000 0.000000 0.000000 0.000000 0.000000 0.000000 0.000000 0.000000 0.000000 0.000000 0.000000
0.000000 0.000000 0.000000 0.000000 0.000000 0.000000 0.000000 0.000000 0.000000 0.000000 0.000000 0.000000 0.000000 0.000000 0.000000 0.000000 0.000000 0.000000 0.000000 0.000000 0.000000 0.000000 0.000000 0.000000 0.000000 0.000000 0.000000 0.000000 0.000000 0.000000 0.000000 0.000000 0.000000 0.000000 0.000000 0.000000 0.000000 0.000000 0.000000 0.000000 0.000000 0.000000 0.000000 0.000000 0.000000 0.000000 0.000000 0.000000 0.000000 0.000000 0.000000 0.000000 0.000000 0.000000 0.000000 0.000000 0.000000
0.000000 0.000000 0.000000 0.000000 0.000000 0.000000 0.000000 0.000000 0.000000 0.000000 0.000000 0.000000 0.000000 0.000000 0.000000 0.000000 0.000000 0.000000 0.000000 0.000000 0.000000 0.000000 0.000000 0.000000 0.000000 0.000000 0.000000 0.000000 0.000000 0.000000 0.000000 0.000000 0.000000 0.000000 0.000000 0.000000 0.000000 0.000000 0.000000 0.000000 0.000000 0.000000 0.000000 0.000000 0.000000 0.000000 0.000000 0.000000 0.000000 0.000000 0.000000 0.000000 0.000000 0.000000 0.000000 0.000000 0.000000
0.000000 0.000000 0.000000 0.000000 0.000000 0.000000 0.000000 0.000000 0.000000 0.000000 0.000000 0.000000 0.000000 0.000000 0.000000 0.000000 0.000000 0.000000 0.000000 0.000000 0.000000 0.000000 0.000000 0.000000 0.000000 0.000000 0.000000 0.000000 0.000000 0.000000 0.000000 0.000000 0.000000 0.000000 0.000000 0.000000 0.000000 0.000000 0.000000 0.000000 0.000000 0.000000 0.000000 0.000000 0.000000 0.000000 0.000000 0.000000 0.000000 0.000000 0.000000 0.000000 0.000000 0.000000 0.000000 0.000000 0.000000
0.000000 0.000000 0.000000 0.000000 0.000000 0.000000 0.000000 0.000000 0.000000 0.000000 0.000000 0.000000 0.000000 0.000000 0.000000 0.000000 0.000000 0.000000 0.000000 0.000000 0.000000 0.000000 0.000000 0.000000 0.000000 0.000000 0.000000 0.000000 0.000000 0.000000 0.000000 0.000000 0.000000 0.000000 0.000000 0.000000 0.000000 0.000000 0.000000 0.000000 0.000000 0.000000 0.000000 0.000000 0.000000 0.000000 0.000000 0.000000 0.000000 0.000000 0.000000 0.000000 0.000000 0.000000 0.000000 0.000000 0.000000
0.000000 0.000000 0.000000 0.000000 0.000000 0.000000 0.000000 0.000000 0.000000 0.000000 0.000000 0.000000 0.000000 0.000000 0.000000 0.000000 0.000000 0.000000 0.000000 0.000000 0.000000 0.000000 0.000000 0.000000 0.000000 0.000000 0.000000 0.000000 0.000000 0.000000 0.000000 0.000000 0.000000 0.000000 0.000000 0.000000 0.000000 0.000000 0.000000 0.000000 0.000000 0.000000 0.000000 0.000000 0.000000 0.000000 0.000000 0.000000 0.000000 0.000000 0.000000 0.000000 123.416667 123.402138 123.393185 123.379197 123.366626
0.000000 0.000000 0.000000 0.000000 0.000000 0.000000 0.000000 0.000000 0.000000 0.000000 0.000000 0.000000 0.000000 0.000000 0.000000 0.000000 0.000000 0.000000 0.000000 0.000000 0.000000 0.000000 0.000000 0.000000 0.000000 0.000000 0.000000 0.000000 0.000000 0.000000 0.000000 0.000000 0.000000 0.000000 0.000000 0.000000 0.000000 0.000000 0.000000 0.000000 0.000000 0.000000 0.000000 0.000000 0.000000 0.000000 123.405775 123.390947 123.385072 123.380316 123.357114 123.355435 123.345363 123.329715 123.329995 123.330555 123.331114
0.000000 0.000000 0.000000 0.000000 0.000000 0.000000 0.000000 0.000000 0.000000 0.000000 0.000000 0.000000 0.000000 0.000000 0.000000 0.000000 0.000000 0.000000 0.000000 0.000000 0.000000 0.000000 0.000000 0.000000 0.000000 0.000000 0.000000 0.000000 0.000000 0.000000 0.000000 0.000000 0.000000 0.000000 0.000000 0.000000 0.000000 0.000000 0.000000 123.407174 123.393185 123.380595 123.379756 123.374460 123.359352 123.347602 123.331674 123.318525 123.318804 123.319364 123.319923 123.320483 123.321043 123.321602 123.322162 123.322721 123.323281
0.000000 0.000000 0.000000 0.000000 0.000000 0.000000 0.000000 0.000000 0.000000 0.000000 0.000000 0.000000 0.000000 0.000000 0.000000 0.000000 0.000000 0.000000 0.000000 0.000000 0.000000 0.000000 0.000000 0.000000 0.000000 0.000000 0.000000 0.000000 0.000000 0.000000 0.000000 0.000000 123.414168 123.400739 123.390947 123.380875 123.368584 123.361310 123.346762 123.335292 123.329436 123.319644 123.307334 123.307893 123.308453 123.309012 123.309572 123.310131 123.310691 123.311251 123.311810 123.312370 123.312929 123.313489 123.314048 123.314608 123.315167
0.000000 0.000000 0.000000 0.000000 0.000000 0.000000 0.000000 0.000000 0.000000 0.000000 0.000000 0.000000 0.000000 0.000000 0.000000 0.000000 0.000000 0.000000 0.000000 0.000000 0.000000 0.000000 0.000000 0.000000 0.000000 123.415007 123.406054 123.400179 123.388429 123.378637 123.364947 123.348441 123.342566 123.328317 123.317126 123.310691 123.296143 123.296423 123.296982 123.297542 123.298101 123.298661 123.299220 123.299780 123.300340 123.300899 123.301459 123.302018 123.302578 123.303137 123.303697 123.304256 123.304816 123.305375 123.305935 123.306494 123.307054
0.000000 0.000000 0.000000 0.000000 0.000000 0.000000 0.000000 0.000000 0.000000 0.000000 0.000000 0.000000 0.000000 0.000000 0.000000 0.000000 0.000000 0.000000 0.000000 123.410251 123.397661 123.390667 123.375000 123.371102 123.352078 123.347042 123.335012 123.325519 123.312929 123.297542 123.284971 123.285251 123.285811 123.286370 123.286930 123.287489 123.288049 123.288608 123.289168 123.289727 123.290287 123.290846 123.291406 123.291946 123.292506 123.293066 123.293625 123.294185 123.294744 123.295304 123.295863 123.296423 123.296982 123.297542 123.298101 123.298661 123.299220
0.000000 0.000000 0.000000 0.000000 0.000000 0.000000 0.000000 0.000000 0.000000 0.000000 0.000000 0.000000 123.410811 123.401858 123.384792 123.379756 123.366626 123.363548 123.354596 123.340607 123.328317 123.313489 123.300619 123.294464 123.283293 123.273780 123.274340 123.274900 123.275459 123.276019 123.276578 123.277138 123.277697 123.278257 123.278816 123.279376 123.279935 123.280495 123.281054 123.281614 123.282174 123.282733 123.283293 123.283852 123.284412 123.284971 123.285531 123.286090 123.286650 123.287209 123.287769 123.288328 123.288888 123.289448 123.290007 123.290567 123.291126
0.000000 0.000000 0.000000 0.000000 0.000000 123.413328 123.401298 123.385911 123.385631 123.368305 123.356554 123.348161 123.340328 123.332233 123.321322 123.304256 123.300060 123.289168 123.277697 123.262590 123.262869 123.263429 123.263988 123.264548 123.265108 123.265667 123.266227 123.266786 123.267346 123.267905 123.268465 123.269024 123.269584 123.270143 123.270703 123.271263 123.271822 123.272382 123.272941 123.273501 123.274060 123.274620 123.275179 123.275739 123.276298 123.276858 123.277417 123.277977 123.278537 123.279096 123.279656 123.280215 123.280775 123.281334 123.281894 123.282453 123.283013
123.402697 123.388429 123.374460 123.364947 123.350120 123.335012 123.334452 123.322441 123.315167 123.302857 123.291126 123.277697 123.264548 123.251399 123.251679 123.252238 123.252798 123.253357 123.253917 123.254476 123.255036 123.255595 123.256155 123.256714 123.257274 123.257834 123.258393 123.258953 123.259512 123.260072 123.260631 123.261191 123.261750 123.262310 123.262869 123.263429 123.263988 123.264548 123.265108 123.265667 123.266227 123.266786 123.267346 123.267905 123.268465 123.269024 123.269584 123.270143 123.270703 123.271263 123.271822 123.272382 123.272941 123.273501 123.274060 123.274620 123.275179
123.324680 123.310131 123.307334 123.293625 123.279096 123.267626 123.259792 123.248620 123.240227 123.240787 123.241346 123.241906 123.242465 123.243025 123.243584 123.244144 123.244703 123.245263 123.245823 123.246382 123.246942 123.247501 123.248061 123.248620 123.249180 123.249739 123.250280 123.250839 123.251399 123.251958 123.252518 123.253077 123.253637 123.254197 123.254756 123.255316 123.255875 123.256435 123.256994 123.257554 123.258113 123.258673 123.259232 123.259792 123.260351 123.260911 123.261471 123.262030 123.262590 123.263149 123.263709 123.264268 123.264828 123.265387 123.265947 123.266506 123.267066
123.255316 123.244144 123.229036 123.229316 123.229876 123.230435 123.230995 123.231554 123.232114 123.232673 123.233233 123.233792 123.234352 123.234911 123.235471 123.236031 123.236590 123.237150 123.237709 123.238269 123.238828 123.239388 123.239947 123.240507 123.241066 123.241626 123.242185 123.242745 123.243305 123.243864 123.244424 123.244983 123.245543 123.246102 123.246662 123.247221 123.247781 123.248340 123.248900 123.249460 123.250000 123.250560 123.251119 123.251679 123.252238 123.252798 123.253357 123.253917 123.254476 123.255036 123.255595 123.256155 123.256714 123.257274 123.257834 123.258393 123.258953
123.219804 123.220363 123.220923 123.221483 123.222042 123.222602 123.223161 123.223721 123.224280 123.224840 123.225399 123.225959 123.226518 123.227078 123.227637 123.228197 123.228757 123.229316 123.229876 123.230435 123.230995 123.231554 123.232114 123.232673 123.233233 123.233792 123.234352 123.234911 123.235471 123.236031 123.236590 123.237150 123.237709 123.238269 123.238828 123.239388 123.239947 123.240507 123.241066 123.241626 123.242185 123.242745 123.243305 123.243864 123.244424 123.244983 123.245543 123.246102 123.246662 123.247221 123.247781 123.248340 123.248900 123.249460 123.250000 123.250560 123.251119
123.211691 123.212250 123.212810 123.213369 123.213929 123.214488 123.215048 123.215607 123.216167 123.216726 123.217286 123.217846 123.218405 123.218965 123.219524 123.220084 123.220643 123.221203 123.221762 123.222322 123.222881 123.223441 123.224000 123.224560 123.225120 123.225679 123.226239 123.226798 123.227358 123.227917 123.228477 123.229036 123.229596 123.230155 123.230715 123.231274 123.231834 123.232394 123.232953 123.233513 123.234072 123.234632 123.235191 123.235751 123.236310 123.236870 123.237429 123.237989 123.238548 123.239108 123.239668 123.240227 123.240787 123.241346 123.241906 123.242465 123.243025
123.203596 123.204156 123.204715 123.205275 123.205834 123.206394 123.206954 123.207513 123.208073 123.208613 123.209173 123.209732 123.210292 123.210851 123.211411 123.211970 123.212530 123.213089 123.213649 123.214209 123.214768 123.215328 123.215887 123.216447 123.217006 123.217566 123.218125 123.218685 123.219244 123.219804 123.220363 123.220923 123.221483 123.222042 123.222602 123.223161 123.223721 123.224280 123.224840 123.225399 123.225959 123.226518 123.227078 123.227637 123.228197 123.228757 123.229316 123.229876 123.230435 123.230995 123.231554 123.232114 123.232673 123.233233 123.233792 123.234352 123.234911
123.195763 123.196322 123.196882 123.197441 123.198001 123.198560 123.199120 123.199680 123.200239 123.200799 123.201358 123.201918 123.202477 123.203037 123.203596 123.204156 123.204715 123.205275 123.205834 123.206394 123.206954 123.207513 123.208073 123.208613 123.209173 123.209732 123.210292 123.210851 123.211411 123.211970 123.212530 123.213089 123.213649 123.214209 123.214768 123.215328 123.215887 123.216447 123.217006 123.217566 123.218125 123.218685 123.219244 123.219804 123.220363 123.220923 123.221483 123.222042 123.222602 123.223161 123.223721 123.224280 123.224840 123.225399 123.225959 123.226518 123.227078
123.187649 123.188209 123.188768 123.189328 123.189888 123.190447 123.191007 123.191566 123.192126 123.192685 123.193245 123.193804 123.194364 123.194923 123.195483 123.196043 123.196602 123.197162 123.197721 123.198281 123.198840 123.199400 123.199959 123.200519 123.201078 123.201638 123.202197 123.202757 123.203317 123.203876 123.204436 123.204995 123.205555 123.206114 123.206674 123.207233 123.207793 123.208333 123.208893 123.209452 123.210012 123.210571 123.211131 123.211691 123.212250 123.212810 123.213369 123.213929 123.214488 123.215048 123.215607 123.216167 123.216726 123.217286 123.217846 123.218405 123.218965
123.179536 123.180096 123.180655 123.181215 123.181774 123.182334 123.182893 123.183453 123.184012 123.184572 123.185131 123.185691 123.186251 123.186810 123.187370 123.187929 123.188489 123.189048 123.189608 123.190167 123.190727 123.191286 123.191846 123.192406 123.192965 123.193525 123.194084 123.194644 123.195203 123.195763 123.196322 123.196882 123.197441 123.198001 123.198560 123.199120 123.199680 123.200239 123.200799 123.201358 123.201918 123.202477 123.203037 123.203596 123.204156 123.204715 123.205275 123.205834 123.206394 123.206954 123.207513 123.208073 123.208613 123.209173 123.209732 123.210292 123.210851
123.171703 123.172262 123.172822 123.173381 123.173941 123.174500 123.175060 123.175619 123.176179 123.176738 123.177298 123.177857 123.178417 123.178977 123.179536 123.180096 123.180655 123.181215 123.181774 123.182334 123.182893 123.183453 123.184012 123.184572 123.185131 123.185691 123.186251 123.186810 123.187370 123.187929 123.188489 123.189048 123.189608 123.190167 123.190727 123.191286 123.191846 123.192406 123.192965 123.193525 123.194084 123.194644 123.195203 123.195763 123.196322 123.196882 123.197441 123.198001 123.198560 123.199120 123.199680 123.200239 123.200799 123.201358 123.201918 123.202477 123.203037
123.163608 123.164168 123.164727 123.165287 123.165846 123.166406 123.166946 123.167506 123.168066 123.168625 123.169185 123.169744 123.170304 123.170863 123.171423 123.171982 123.172542 123.173101 123.173661 123.174220 123.174780 123.175340 123.175899 123.176459 123.177018 123.177578 123.178137 123.178697 123.179256 123.179816 123.180375 123.180935 123.181494 123.182054 123.182614 123.183173 123.183733 123.184292 123.184852 123.185411 123.185971 123.186530 123.187090 123.187649 123.188209 123.188768 123.189328 123.189888 123.190447 123.191007 123.191566 123.192126 123.192685 123.193245 123.193804 123.194364 123.194923
