FireSTARR/test/constant/O1a_S060_A180_WD090_WS020/arrival.asc
ncols         746
nrows         75
xllcorner     426603.990666
yllcorner     12745055.311160
cellsize      100.000000
NODATA_value  0.000000
[rows 50 to 74 of 75, columns 342 to 398 of 746]
123.291946 123.292506 123.293066 123.293625 123.294185 123.294744 123.295304 123.295863 123.296423 123.296982 123.297542 123.298101 123.298661 123.299220 123.299780 123.300340 123.300899 123.301459 123.302018 123.302578 123.303137 123.303697 123.304256 123.304816 123.305375 123.305935 123.306494 123.307054 123.307614 123.308173 123.308733 123.309292 123.309852 123.310411 123.310971 123.311530 123.312090 123.312649 123.313209 123.313768 123.314328 123.314888 123.315447 123.316007 123.316566 123.317126 123.317685 123.318245 123.318804 123.319364 123.319923 123.320483 123.321043 123.321602 123.322162 123.322721 123.323281
123.300060 123.300619 123.301179 123.301738 123.302298 123.302857 123.303417 123.303977 123.304536 123.305096 123.305655 123.306215 123.306774 123.307334 123.307893 123.308453 123.309012 123.309572 123.310131 123.310691 123.311251 123.311810 123.312370 123.312929 123.313489 123.314048 123.314608 123.315167 123.315727 123.316286 123.316846 123.317406 123.317965 123.318525 123.319084 123.319644 123.320203 123.320763 123.321322 123.321882 123.322441 123.323001 123.323560 123.324120 123.324680 123.325239 123.325799 123.326358 123.326918 123.327477 123.328037 123.328596 123.329156 123.329715 123.330275 123.330834 123.331394
123.307893 123.308453 123.309012 123.309572 123.310131 123.310691 123.311251 123.311810 123.312370 123.312929 123.313489 123.314048 123.314608 123.315167 123.315727 123.316286 123.316846 123.317406 123.317965 123.318525 123.319084 123.319644 123.320203 123.320763 123.321322 123.321882 123.322441 123.323001 123.323560 123.324120 123.324680 123.325239 123.325799 123.326358 123.326918 123.327477 123.328037 123.328596 123.329156 123.329715 123.330275 123.330834 123.331394 123.331954 123.332513 123.333073 123.333613 123.334173 123.334732 123.335292 123.335851 123.336411 123.336970 123.337530 123.338089 123.338649 123.339209
123.316007 123.316566 123.317126 123.317685 123.318245 123.318804 123.319364 123.319923 123.320483 123.321043 123.321602 123.322162 123.322721 123.323281 123.323840 123.324400 123.324959 123.325519 123.326078 123.326638 123.327197 123.327757 123.328317 123.328876 123.329436 123.329995 123.330555 123.331114 123.331674 123.332233 123.332793 123.333333 123.333893 123.334452 123.335012 123.335571 123.336131 123.336691 123.337250 123.337810 123.338369 123.338929 123.339488 123.340048 123.340607 123.341167 123.341726 123.342286 123.342846 123.343405 123.343965 123.344524 123.345084 123.345643 123.346203 123.346762 123.347322
123.324120 123.324680 123.325239 123.325799 123.326358 123.326918 123.327477 123.328037 123.328596 123.329156 123.329715 123.330275 123.330834 123.331394 123.331954 123.332513 123.333073 123.333613 123.334173 123.334732 123.335292 123.335851 123.336411 123.336970 123.337530 123.338089 123.338649 123.339209 123.339768 123.340328 123.340887 123.341447 123.342006 123.342566 123.343125 123.343685 123.344244 123.344804 123.345363 123.345923 123.346483 123.347042 123.347602 123.348161 123.348721 123.349280 123.349840 123.350399 123.350959 123.351518 123.352078 123.352637 123.353197 123.353757 123.354316 123.354876 123.355435
123.331954 123.332513 123.333073 123.333613 123.334173 123.334732 123.335292 123.335851 123.336411 123.336970 123.337530 123.338089 123.338649 123.339209 123.339768 123.340328 123.340887 123.341447 123.342006 123.342566 123.343125 123.343685 123.344244 123.344804 123.345363 123.345923 123.346483 123.347042 123.347602 123.348161 123.348721 123.349280 123.349840 123.350399 123.350959 123.351518 123.352078 123.352637 123.353197 123.353757 123.354316 123.354876 123.355435 123.355995 123.356554 123.357114 123.357673 123.358233 123.358792 123.359352 123.359911 123.360471 123.361031 123.361590 123.362150 123.362709 123.363269
123.340048 123.340607 123.341167 123.341726 123.342286 123.342846 123.343405 123.343965 123.344524 123.345084 123.345643 123.346203 123.346762 123.347322 123.347881 123.348441 123.349000 123.349560 123.350120 123.350679 123.351239 123.351798 123.352358 123.352917 123.353477 123.354036 123.354596 123.355155 123.355715 123.356274 123.356834 123.357394 123.357953 123.358513 123.359072 123.359632 123.360191 123.360751 123.361310 123.361870 123.362429 123.362989 123.363548 123.364108 123.364668 123.365227 123.365787 123.366346 123.366906 123.367465 123.368025 123.368584 123.369144 123.369703 123.370263 123.370823 123.371382
123.348161 123.348721 123.349280 123.349840 123.350399 123.350959 123.351518 123.352078 123.352637 123.353197 123.353757 123.354316 123.354876 123.355435 123.355995 123.356554 123.357114 123.357673 123.358233 123.358792 123.359352 123.359911 123.360471 123.361031 123.361590 123.362150 123.362709 123.363269 123.363828 123.364388 123.364947 123.365507 123.366066 123.366626 123.367185 123.367745 123.368305 123.368864 123.369424 123.369983 123.370543 123.371102 123.371662 123.372221 123.372781 123.373340 123.373900 123.374460 123.375000 123.375560 123.376119 123.376679 123.377238 123.377798 123.378357 123.378917 123.379476
123.355995 123.356554 123.357114 123.357673 123.358233 123.358792 123.359352 123.359911 123.360471 123.361031 123.361590 123.362150 123.362709 123.363269 123.363828 123.364388 123.364947 123.365507 123.366066 123.366626 123.367185 123.367745 123.368305 123.368864 123.369424 123.369983 123.370543 123.371102 123.371662 123.372221 123.372781 123.373340 123.373900 123.374460 123.375000 123.375560 123.376119 123.376679 123.377238 123.377798 123.378357 123.378917 123.379476 123.380036 123.380595 123.381155 123.381714 123.382274 123.382834 123.383393 123.383953 123.384512 123.385072 123.385631 123.386191 123.386750 123.387310
123.364108 123.364668 123.365227 123.365787 123.366346 123.366906 123.367465 123.368025 123.368584 123.369144 123.369703 123.370263 123.370823 123.371382 123.371942 123.372501 123.373061 123.373620 123.374180 123.374739 123.375280 123.375839 123.376399 123.376958 123.377518 123.378077 123.378637 123.379197 123.379756 123.380316 123.380875 123.381435 123.381994 123.382554 123.383113 123.383673 123.384232 123.384792 123.385351 123.385911 123.386471 123.387030 123.387590 123.388149 123.388709 123.389268 123.389828 123.390387 123.390947 123.391506 123.392066 123.392626 123.393185 123.393745 123.394304 123.394864 123.395423
123.372221 123.372781 123.373340 123.373900 123.374460 123.375000 123.375560 123.376119 123.376679 123.377238 123.377798 123.378357 123.378917 123.379476 123.380036 123.380595 123.381155 123.381714 123.382274 123.382834 123.383393 123.383953 123.384512 123.385072 123.385631 123.386191 123.386750 123.387310 123.387869 123.388429 123.388988 123.389548 123.390108 123.390667 123.391227 123.391786 123.392346 123.392905 123.393465 123.394024 123.394584 123.395143 123.395703 123.396263 123.396822 123.397382 123.397941 123.398501 123.399060 123.399620 123.400179 123.400739 123.401298 123.401858 123.402417 123.402977 123.403537
123.380036 123.380595 123.381155 123.381714 123.382274 123.382834 123.383393 123.383953 123.384512 123.385072 123.385631 123.386191 123.386750 123.387310 123.387869 123.388429 123.388988 123.389548 123.390108 123.390667 123.391227 123.391786 123.392346 123.392905 123.393465 123.394024 123.394584 123.395143 123.395703 123.396263 123.396822 123.397382 123.397941 123.398501 123.399060 123.399620 123.400179 123.400739 123.401298 123.401858 123.402417 123.402977 123.403537 123.404096 123.404656 123.405215 123.405775 123.406334 123.406894 123.407453 123.408013 123.408572 123.409132 123.409691 123.410251 123.410811 123.411370
123.388149 123.388709 123.389268 123.389828 123.390387 123.390947 123.391506 123.392066 123.392626 123.393185 123.393745 123.394304 123.394864 123.395423 123.395983 123.396542 123.397102 123.397661 123.398221 123.398780 123.399340 123.399900 123.400459 123.401019 123.401578 123.402138 123.402697 123.403257 123.403816 123.404376 123.404935 123.405495 123.406054 123.406614 123.407174 123.407733 123.408293 123.408852 123.409412 123.409971 123.410531 123.411090 123.411650 123.412209 123.412769 123.413328 123.413888 123.414448 123.415007 123.415567 123.416126 123.416667 0.000000 0.000000 0.000000 0.000000 0.000000
123.396263 123.396822 123.397382 123.397941 123.398501 123.399060 123.399620 123.400179 123.400739 123.401298 123.401858 123.402417 123.402977 123.403537 123.404096 123.404656 123.405215 123.405775 123.406334 123.406894 123.407453 123.408013 123.408572 123.409132 123.409691 123.410251 123.410811 123.411370 123.411930 123.412489 123.413049 123.413608 123.414168 123.414727 123.415287 123.415846 123.416406 0.000000 0.000000 0.000000 0.000000 0.000000 0.000000 0.000000 0.000000 0.000000 0.000000 0.000000 0.000000 0.000000 0.000000 0.000000 0.000000 0.000000 0.000000 0.000000 0.000000
123.404096 123.404656 123.405215 123.405775 123.406334 123.406894 123.407453 123.408013 123.408572 123.409132 123.409691 123.410251 123.410811 123.411370 123.411930 123.412489 123.413049 123.413608 123.414168 123.414727 123.415287 123.415846 123.416406 0.000000 0.000000 0.000000 0.000000 0.000000 0.000000 0.000000 0.000000 0.000000 0.000000 0.000000 0.000000 0.000000 0.000000 0.000000 0.000000 0.000000 0.000000 0.000000 0.000000 0.000000 0.000000 0.000000 0.000000 0.000000 0.000000 0.000000 0.000000 0.000000 0.000000 0.000000 0.000000 0.000000 0.000000
123.412209 123.412769 123.413328 123.413888 123.414448 123.415007 123.415567 123.416126 123.416667 0.000000 0.000000 0.000000 0.000000 0.000000 0.000000 0.000000 0.000000 0.000000 0.000000 0.000000 0.000000 0.000000 0.000000 0.000000 0.000000 0.000000 0.000000 0.000000 0.000000 0.000000 0.000000 0.000000 0.000000 0.000000 0.000000 0.000000 0.000000 0.000000 0.000000 0.000000 0.000000 0.000000 0.000000 0.000000 0.000000 0.000000 0.000000 0.000000 0.000000 0.000000 0.000000 0.000000 0.000000 0.000000 0.000000 0.000000 0.000000
0.000000 0.000000 0.000000 0.000000 0.000000 0.000000 0.000000 0.000000 0.000000 0.000000 0.000000 0.000000 0.000000 0.000000 0.000000 0.000000 0.000000 0.000000 0.000000 0.000000 0.000000 0.000000 0.000000 0.000000 0.000000 0.000000 0.000000 0.000000 0.000000 0.000000 0.000000 0.000000 0.000000 0.000000 0.000000 0.000000 0.000000 0.000000 0.000000 0.000000 0.000000 0.000000 0.000000 0.000000 0.000000 0.000000 0.000000 0.000000 0.000000 0.000000 0.000000 0.000000 0.000000 0.000000 0.000000 0.000000 0.000000
0.000000 0.000000 0.000000 0.000000 0.000000 0.000000 0.000000 0.000000 0.000000 0.000000 0.000000 0.000000 0.000000 0.000000 0.000000 0.000000 0.000000 0.000000 0.000000 0.000000 0.000000 0.000000 0.000000 0.000000 0.000000 0.000000 0.000000 0.000000 0.000000 0.000000 0.000000 0.000000 0.000000 0.000000 0.000000 0.000000 0.000000 0.000000 0.000000 0.000000 0.000000 0.000000 0.000000 0.000000 0.000000 0.000000 0.000000 0.000000 0.000000 0.000000 0.000000 0.000000 0.000000 0.000000 0.000000 0.000000 0.000000
0.000000 0.000000 0.000000 0.000000 0.000000 0.000000 0.000000 0.000000 0.000000 0.000000 0.000000 0.000000 0.000000 0.000000 0.000000 0.000000 0.000000 0.000000 0.000000 0.000000 0.000000 0.000000 0.000000 0.000000 0.000000 0.000000 0.000000 0.000000 0.000000 0.000000 0.000000 0.000000 0.000000 0.000000 0.000000 0.000000 0.000000 0.000000 0.000000 0.000000 0.000000 0.000000 0.000000 0.000000 0.000000 0.000000 0.000000 0.000000 0.000000 0.000000 0.000000 0.000000 0.000000 0.000000 0.000000 0.000000 0.000000
0.000000 0.000000 0.000000 0.000000 0.000000 0.000000 0.000000 0.000000 0.000000 0.000000 0.000000 0.000000 0.000000 0.000000 0.000000 0.000000 0.000000 0.000000 0.000000 0.000000 0.000000 0.000000 0.000000 0.000000 0.000000 0.000000 0.000000 0.000000 0.000000 0.000000 0.000000 0.000000 0.000000 0.000000 0.000000 0.000000 0.000000 0.000000 0.000000 0.000000 0.000000 0.000000 0.000000 0.000000 0.000000 0.000000 0.000000 0.000000 0.000000 0.000000 0.000000 0.000000 0.000000 0.000000 0.000000 0.000000 0.000000
0.000000 0.000000 0.000000 0.000000 0.000000 0.000000 0.000000 0.000000 0.000000 0.000000 0.000000 0.000000 0.000000 0.000000 0.000000 0.000000 0.000000 0.000000 0.000000 0.000000 0.000000 0.000000 0.000000 0.000000 0.000000 0.000000 0.000000 0.000000 0.000000 0.000000 0.000000 0.000000 0.000000 0.000000 0.000000 0.000000 0.000000 0.000000 0.000000 0.000000 0.000000 0.000000 0.000000 0.000000 0.000000 0.000000 0.000000 0.000000 0.000000 0.000000 0.000000 0.000000 0.000000 0.000000 0.000000 0.000000 0.000000
0.000000 0.000000 0.000000 0.000000 0.000000 0.000000 0.000000 0.000000 0.000000 0.000000 0.000000 0.000000 0.000000 0.000000 0.000000 0.000000 0.000000 0.000000 0.000000 0.000000 0.000000 0.000000 0.000000 0.000000 0.000000 0.000000 0.000000 0.000000 0.000000 0.000000 0.000000 0.000000 0.000000 0.000000 0.000000 0.000000 0.000000 0.000000 0.000000 0.000000 0.000000 0.000000 0.000000 0.000000 0.000000 0.000000 0.000000 0.000000 0.000000 0.000000 0.000000 0.000000 0.000000 0.000000 0.000000 0.000000 0.000000
0.000000 0.000000 0.000000 0.000000 0.000000 0.000000 0.000000 0.000000 0.000000 0.000000 0.000000 0.000000 0.000000 0.000000 0.000000 0.000000 0.000000 0.000000 0.000000 0.000000 0.000000 0.000000 0.000000 0.000000 0.000000 0.000000 0.000000 0.000000 0.000000 0.000000 0.000000 0.000000 0.000000 0.000000 0.000000 0.000000 0.000000 0.000000 0.000000 0.000000 0.000000 0.000000 0.000000 0.000000 0.000000 0.000000 0.000000 0.000000 0.000000 0.000000 0.000000 0.000000 0.000000 0.000000 0.000000 0.000000 0.000000
0.000000 0.000000 0.000000 0.000000 0.000000 0.000000 0.000000 0.000000 0.000000 0.000000 0.000000 0.000000 0.000000 0.000000 0.000000 0.000000 0.000000 0.000000 0.000000 0.000000 0.000000 0.000000 0.000000 0.000000 0.000000 0.000000 0.000000 0.000000 0.000000 0.000000 0.000000 0.000000 0.000000 0.000000 0.000000 0.000000 0.000000 0.000000 0.000000 0.000000 0.000000 0.000000 0.000000 0.000000 0.000000 0.000000 0.000000 0.000000 0.000000 0.000000 0.000000 0.000000 0.000000 0.000000 0.000000 0.000000 0.000000
0.000000 0.000000 0.000000 0.000000 0.000000 0.000000 0.000000 0.000000 0.000000 0.000000 0.000000 0.000000 0.000000 0.000000 0.000000 0.000000 0.000000 0.000000 0.000000 0.000000 0.000000 0.000000 0.000000 0.000000 0.000000 0.000000 0.000000 0.000000 0.000000 0.000000 0.000000 0.000000 0.000000 0.000000 0.000000 0.000000 0.000000 0.000000 0.000000 0.000000 0.000000 0.000000 0.000000 0.000000 0.000000 0.000000 0.000000 0.000000 0.000000 0.000000 0.000000 0.000000 0.000000 0.000000 0.000000 0.000000 0.000000
