FireSTARR/test/constant/M1M225PC_S060_A090_WD180_WS020/arrival.asc
ncols         13
nrows         16
xllcorner     426003.990666
yllcorner     12747655.311160
cellsize      100.000000
NODATA_value  0.000000
0.000000 0.000000 0.000000 0.000000 0.000000 123.375000 123.351448 123.369563 0.000000 0.000000 0.000000 0.000000 0.000000 
0.000000 0.000000 0.000000 123.393115 123.333333 123.286229 123.244563 123.268115 123.327896 123.393115 0.000000 0.000000 0.000000 
0.000000 0.000000 123.393115 123.309781 123.244563 123.184781 123.143115 123.166667 123.226448 123.291667 123.375000 0.000000 0.000000 
0.000000 123.416667 123.333333 123.244563 123.161229 123.077896 123.059781 123.077896 123.161229 123.244563 123.327896 123.411229 0.000000 
0.000000 123.393115 123.309781 123.226448 123.125000 123.041667 123.000000 123.036229 123.119563 123.202896 123.291667 123.375000 0.000000 
0.000000 123.369563 123.286229 123.202896 123.119563 123.059781 123.036229 123.041667 123.119563 123.184781 123.268115 123.369563 0.000000 
0.000000 123.351448 123.268115 123.202896 123.143115 123.077896 123.059781 123.077896 123.143115 123.184781 123.268115 123.333333 123.416667 
123.416667 123.351448 123.286229 123.226448 123.161229 123.119563 123.101448 123.101448 123.161229 123.226448 123.286229 123.333333 123.411229 
0.000000 123.369563 123.309781 123.244563 123.184781 123.143115 123.143115 123.143115 123.166667 123.244563 123.309781 123.369563 123.416667 
0.000000 123.393115 123.327896 123.268115 123.202896 123.184781 123.166667 123.184781 123.202896 123.250000 123.327896 123.375000 0.000000 
0.000000 123.411229 123.351448 123.286229 123.244563 123.226448 123.202896 123.208333 123.226448 123.268115 123.327896 123.411229 0.000000 
0.000000 0.000000 123.369563 123.291667 123.268115 123.250000 123.244563 123.244563 123.268115 123.286229 123.351448 123.411229 0.000000 
0.000000 0.000000 123.375000 123.327896 123.309781 123.286229 123.286229 123.286229 123.309781 123.327896 123.369563 0.000000 0.000000 
0.000000 0.000000 123.393115 123.369563 123.351448 123.327896 123.327896 123.327896 123.351448 123.351448 123.393115 0.000000 0.000000 
0.000000 0.000000 123.411229 123.393115 123.375000 123.369563 123.351448 123.369563 123.375000 123.393115 123.411229 0.000000 0.000000 
0.000000 0.000000 0.000000 0.000000 123.411229 123.393115 123.393115 123.393115 123.411229 0.000000 0.000000 0.000000 0.000000 
