FireSTARR/Data/output/intensity_H_241_2017-08-29.asc
ncols         104
nrows         64
xllcorner     567543.378600
yllcorner     5761502.364000
cellsize      100.000000
NODATA_value  0.000000
[rows 28 to 55 of 64, columns 0 to 62 of 104]
0.000000 0.000000 0.000000 0.000000 0.000000 0.000000 0.000000 0.000000 0.000000 0.000000 0.000000 0.000000 0.000000 0.000000 0.000000 0.000000 0.000000 0.000000 0.000000 0.000000 0.026190 0.026190 0.026190 0.029762 0.029762 0.030952 0.027381 0.028571 0.027381 0.026190 0.026190 0.026190 0.021429 0.017857 0.017857 0.015476 0.014286 0.011905 0.011905 0.011905 0.001190 0.001190 0.004762 0.003571 0.003571 0.001190 0.001190 0.000000 0.000000 0.000000 0.000000 0.000000 0.000000 0.000000 0.000000 0.000000 0.000000 0.000000 0.000000 0.000000 0.000000 0.000000 0.000000
0.000000 0.000000 0.000000 0.000000 0.000000 0.000000 0.000000 0.000000 0.000000 0.000000 0.000000 0.000000 0.000000 0.000000 0.000000 0.002381 0.000000 0.017857 0.020238 0.036905 0.032143 0.029762 0.033333 0.035714 0.034524 0.033333 0.036905 0.027381 0.028571 0.028571 0.026190 0.026190 0.026190 0.017857 0.015476 0.015476 0.014286 0.011905 0.011905 0.011905 0.001190 0.001190 0.003571 0.003571 0.002381 0.001190 0.001190 0.000000 0.000000 0.000000 0.000000 0.000000 0.000000 0.000000 0.000000 0.000000 0.000000 0.000000 0.000000 0.000000 0.000000 0.000000 0.000000
0.000000 0.000000 0.000000 0.000000 0.000000 0.000000 0.000000 0.000000 0.000000 0.000000 0.000000 0.000000 0.000000 0.000000 0.000000 0.003571 0.017857 0.025000 0.025000 0.040476 0.032143 0.028571 0.035714 0.036905 0.038095 0.041667 0.039286 0.032143 0.028571 0.028571 0.026190 0.026190 0.026190 0.021429 0.014286 0.014286 0.014286 0.011905 0.013095 0.002381 0.001190 0.001190 0.002381 0.003571 0.003571 0.001190 0.001190 0.000000 0.000000 0.000000 0.000000 0.000000 0.000000 0.000000 0.000000 0.000000 0.000000 0.000000 0.000000 0.000000 0.000000 0.000000 0.000000
0.000000 0.000000 0.000000 0.000000 0.000000 0.000000 0.000000 0.000000 0.000000 0.000000 0.000000 0.000000 0.000000 0.000000 0.000000 0.000000 0.029762 0.036905 0.030952 0.001190 0.023810 0.028571 0.040476 0.046429 0.047619 0.045238 0.040476 0.035714 0.028571 0.029762 0.025000 0.023810 0.026190 0.021429 0.013095 0.013095 0.014286 0.015476 0.013095 0.001190 0.001190 0.001190 0.002381 0.004762 0.002381 0.002381 0.002381 0.000000 0.000000 0.000000 0.000000 0.000000 0.000000 0.000000 0.000000 0.000000 0.000000 0.000000 0.000000 0.000000 0.000000 0.000000 0.000000
0.000000 0.000000 0.000000 0.000000 0.000000 0.000000 0.009524 0.009524 0.000000 0.000000 0.000000 0.000000 0.000000 0.001190 0.000000 0.000000 0.042857 0.045238 0.045238 0.001190 0.001190 0.001190 0.047619 0.054762 0.052381 0.046429 0.040476 0.039286 0.030952 0.028571 0.029762 0.023810 0.025000 0.015476 0.011905 0.011905 0.016667 0.013095 0.011905 0.001190 0.001190 0.001190 0.004762 0.005952 0.002381 0.002381 0.002381 0.000000 0.000000 0.000000 0.000000 0.000000 0.000000 0.000000 0.000000 0.000000 0.000000 0.000000 0.000000 0.000000 0.000000 0.000000 0.000000
0.000000 0.000000 0.000000 0.000000 0.000000 0.000000 0.010714 0.000000 0.000000 0.000000 0.052381 0.055952 0.000000 0.061905 0.063095 0.044048 0.046429 0.047619 0.047619 0.001190 0.001190 0.001190 0.058333 0.059524 0.053571 0.045238 0.039286 0.038095 0.030952 0.028571 0.030952 0.023810 0.023810 0.016667 0.011905 0.015476 0.015476 0.014286 0.011905 0.010714 0.011905 0.002381 0.007143 0.007143 0.002381 0.002381 0.002381 0.000000 0.000000 0.000000 0.000000 0.000000 0.000000 0.000000 0.000000 0.000000 0.000000 0.000000 0.000000 0.000000 0.000000 0.000000 0.000000
0.000000 0.000000 0.001190 0.000000 0.000000 0.000000 0.010714 0.017857 0.032143 0.047619 0.055952 0.000000 0.064286 0.064286 0.067857 0.067857 0.069048 0.069048 0.067857 0.064286 0.063095 0.059524 0.059524 0.058333 0.054762 0.048810 0.038095 0.036905 0.036905 0.028571 0.026190 0.023810 0.021429 0.015476 0.013095 0.015476 0.015476 0.014286 0.011905 0.011905 0.010714 0.009524 0.002381 0.002381 0.004762 0.005952 0.004762 0.002381 0.002381 0.002381 0.002381 0.002381 0.000000 0.000000 0.000000 0.000000 0.000000 0.000000 0.000000 0.000000 0.000000 0.000000 0.000000
0.002381 0.002381 0.002381 0.001190 0.004762 0.010714 0.010714 0.017857 0.036905 0.051190 0.061905 0.066667 0.067857 0.069048 0.072619 0.071429 0.070238 0.071429 0.067857 0.065476 0.064286 0.063095 0.060714 0.058333 0.054762 0.046429 0.041667 0.038095 0.030952 0.028571 0.025000 0.022619 0.017857 0.013095 0.014286 0.015476 0.011905 0.013095 0.010714 0.009524 0.009524 0.009524 0.002381 0.002381 0.005952 0.007143 0.005952 0.002381 0.002381 0.002381 0.001190 0.002381 0.001190 0.001190 0.000000 0.000000 0.000000 0.000000 0.000000 0.000000 0.000000 0.000000 0.000000
0.002381 0.002381 0.002381 0.001190 0.004762 0.009524 0.011905 0.020238 0.042857 0.051190 0.061905 0.070238 0.069048 0.072619 0.073810 0.073810 0.073810 0.073810 0.071429 0.066667 0.063095 0.063095 0.060714 0.058333 0.053571 0.044048 0.039286 0.036905 0.030952 0.026190 0.022619 0.020238 0.014286 0.010714 0.013095 0.014286 0.013095 0.013095 0.009524 0.009524 0.009524 0.009524 0.008333 0.008333 0.007143 0.005952 0.002381 0.002381 0.002381 0.002381 0.002381 0.002381 0.001190 0.001190 0.000000 0.000000 0.000000 0.000000 0.000000 0.000000 0.000000 0.000000 0.000000
0.001190 0.002381 0.002381 0.002381 0.002381 0.007143 0.000000 0.021429 0.038095 0.059524 0.067857 0.072619 0.078571 0.079762 0.077381 0.075000 0.073810 0.075000 0.076190 0.076190 0.066667 0.064286 0.061905 0.057143 0.047619 0.044048 0.040476 0.030952 0.027381 0.002381 0.014286 0.016667 0.013095 0.011905 0.013095 0.013095 0.011905 0.011905 0.009524 0.009524 0.009524 0.009524 0.009524 0.009524 0.007143 0.005952 0.005952 0.005952 0.005952 0.002381 0.002381 0.000000 0.000000 0.000000 0.000000 0.000000 0.000000 0.000000 0.000000 0.000000 0.000000 0.000000 0.000000
0.001190 0.003571 0.002381 0.001190 0.002381 0.000000 0.010714 0.020238 0.046429 0.067857 0.078571 0.086905 0.085714 0.086905 0.083333 0.079762 0.077381 0.076190 0.076190 0.073810 0.070238 0.065476 0.057143 0.050000 0.044048 0.038095 0.032143 0.027381 0.028571 0.003571 0.003571 0.016667 0.014286 0.014286 0.013095 0.011905 0.011905 0.009524 0.008333 0.008333 0.008333 0.007143 0.009524 0.009524 0.007143 0.005952 0.005952 0.005952 0.004762 0.002381 0.002381 0.000000 0.000000 0.000000 0.000000 0.001190 0.001190 0.000000 0.000000 0.000000 0.000000 0.000000 0.000000
0.001190 0.003571 0.003571 0.002381 0.001190 0.000000 0.008333 0.000000 0.055952 0.076190 0.085714 0.091667 0.092857 0.090476 0.084524 0.082143 0.082143 0.078571 0.076190 0.072619 0.064286 0.054762 0.044048 0.040476 0.039286 0.034524 0.030952 0.028571 0.027381 0.003571 0.003571 0.016667 0.016667 0.013095 0.011905 0.010714 0.009524 0.008333 0.008333 0.008333 0.008333 0.007143 0.008333 0.005952 0.004762 0.004762 0.005952 0.005952 0.004762 0.004762 0.004762 0.002381 0.000000 0.000000 0.001190 0.001190 0.001190 0.001190 0.001190 0.001190 0.000000 0.000000 0.000000
0.000000 0.002381 0.002381 0.000000 0.000000 0.000000 0.000000 0.000000 0.065476 0.090476 0.092857 0.094048 0.094048 0.091667 0.090476 0.086905 0.083333 0.079762 0.079762 0.000000 0.000000 0.000000 0.041667 0.036905 0.036905 0.035714 0.029762 0.028571 0.025000 0.022619 0.019048 0.016667 0.014286 0.014286 0.013095 0.011905 0.010714 0.009524 0.009524 0.009524 0.009524 0.007143 0.008333 0.005952 0.005952 0.005952 0.005952 0.005952 0.005952 0.005952 0.004762 0.002381 0.001190 0.001190 0.000000 0.000000 0.001190 0.000000 0.001190 0.001190 0.000000 0.000000 0.000000
0.000000 0.000000 0.000000 0.000000 0.000000 0.000000 0.000000 0.000000 0.082143 0.101190 0.102381 0.095238 0.091667 0.095238 0.095238 0.090476 0.086905 0.083333 0.078571 0.000000 0.000000 0.000000 0.047619 0.045238 0.040476 0.036905 0.029762 0.028571 0.026190 0.022619 0.020238 0.014286 0.015476 0.013095 0.013095 0.010714 0.009524 0.009524 0.009524 0.009524 0.008333 0.007143 0.008333 0.007143 0.005952 0.005952 0.005952 0.005952 0.005952 0.005952 0.004762 0.001190 0.001190 0.001190 0.000000 0.000000 0.001190 0.001190 0.001190 0.001190 0.001190 0.001190 0.001190
0.000000 0.000000 0.000000 0.000000 0.000000 0.000000 0.000000 0.000000 0.094048 0.110714 0.109524 0.098810 0.095238 0.096429 0.000000 0.096429 0.088095 0.080952 0.078571 0.000000 0.000000 0.055952 0.050000 0.040476 0.036905 0.034524 0.027381 0.026190 0.023810 0.021429 0.016667 0.015476 0.016667 0.013095 0.013095 0.009524 0.009524 0.009524 0.009524 0.009524 0.008333 0.008333 0.008333 0.007143 0.007143 0.005952 0.005952 0.005952 0.005952 0.004762 0.003571 0.003571 0.003571 0.001190 0.001190 0.001190 0.001190 0.001190 0.001190 0.001190 0.001190 0.001190 0.000000
0.000000 0.000000 0.000000 0.000000 0.000000 0.000000 0.000000 0.000000 0.110714 0.115476 0.111905 0.104762 0.098810 0.098810 0.098810 0.094048 0.085714 0.083333 0.080952 0.000000 0.060714 0.054762 0.046429 0.039286 0.036905 0.029762 0.027381 0.025000 0.022619 0.020238 0.015476 0.016667 0.013095 0.010714 0.010714 0.009524 0.009524 0.009524 0.009524 0.008333 0.007143 0.008333 0.007143 0.005952 0.005952 0.003571 0.003571 0.002381 0.002381 0.002381 0.001190 0.001190 0.001190 0.000000 0.000000 0.000000 0.000000 0.000000 0.000000 0.000000 0.000000 0.000000 0.000000
0.000000 0.000000 0.000000 0.000000 0.000000 0.000000 0.000000 0.000000 0.122619 0.123810 0.120238 0.110714 0.103571 0.101190 0.000000 0.095238 0.084524 0.080952 0.073810 0.067857 0.055952 0.051190 0.039286 0.034524 0.033333 0.027381 0.026190 0.022619 0.020238 0.015476 0.013095 0.013095 0.011905 0.008333 0.008333 0.007143 0.007143 0.007143 0.007143 0.003571 0.003571 0.003571 0.002381 0.003571 0.002381 0.002381 0.002381 0.002381 0.002381 0.001190 0.001190 0.001190 0.001190 0.000000 0.000000 0.000000 0.000000 0.000000 0.000000 0.000000 0.000000 0.000000 0.000000
0.000000 0.000000 0.000000 0.000000 0.000000 0.129762 0.146429 0.133333 0.127381 0.122619 0.122619 0.114286 0.108333 0.102381 0.097619 0.095238 0.083333 0.078571 0.067857 0.063095 0.051190 0.046429 0.038095 0.035714 0.029762 0.026190 0.023810 0.021429 0.016667 0.015476 0.014286 0.013095 0.010714 0.001190 0.001190 0.002381 0.003571 0.003571 0.003571 0.003571 0.003571 0.003571 0.003571 0.002381 0.002381 0.002381 0.002381 0.002381 0.002381 0.001190 0.001190 0.001190 0.001190 0.001190 0.001190 0.001190 0.000000 0.000000 0.000000 0.000000 0.000000 0.000000 0.000000
0.000000 0.000000 0.000000 0.000000 0.000000 0.147619 0.146429 0.139286 0.128571 0.126190 0.126190 0.113095 0.103571 0.101190 0.095238 0.076190 0.070238 0.071429 0.063095 0.054762 0.046429 0.040476 0.035714 0.030952 0.027381 0.027381 0.021429 0.019048 0.015476 0.014286 0.014286 0.013095 0.010714 0.001190 0.001190 0.001190 0.000000 0.001190 0.000000 0.000000 0.000000 0.001190 0.000000 0.000000 0.000000 0.000000 0.000000 0.000000 0.000000 0.000000 0.000000 0.000000 0.000000 0.000000 0.000000 0.000000 0.000000 0.000000 0.000000 0.000000 0.000000 0.000000 0.000000
0.000000 0.000000 0.000000 0.000000 0.000000 0.154762 0.148810 0.145238 0.128571 0.129762 0.122619 0.110714 0.100000 0.092857 0.078571 0.067857 0.070238 0.064286 0.052381 0.045238 0.042857 0.039286 0.030952 0.028571 0.029762 0.023810 0.020238 0.019048 0.015476 0.011905 0.014286 0.011905 0.010714 0.001190 0.001190 0.001190 0.001190 0.001190 0.001190 0.000000 0.000000 0.001190 0.000000 0.000000 0.000000 0.000000 0.000000 0.000000 0.000000 0.001190 0.000000 0.000000 0.000000 0.000000 0.000000 0.000000 0.000000 0.000000 0.000000 0.000000 0.000000 0.000000 0.000000
0.000000 0.000000 0.163095 0.161905 0.158333 0.155952 0.152381 0.145238 0.135714 0.130952 0.117857 0.107143 0.089286 0.079762 0.070238 0.060714 0.061905 0.054762 0.044048 0.036905 0.034524 0.029762 0.027381 0.025000 0.026190 0.017857 0.016667 0.014286 0.011905 0.013095 0.009524 0.007143 0.007143 0.004762 0.004762 0.000000 0.000000 0.000000 0.000000 0.000000 0.000000 0.000000 0.000000 0.000000 0.000000 0.000000 0.001190 0.001190 0.001190 0.001190 0.001190 0.000000 0.000000 0.000000 0.000000 0.000000 0.000000 0.000000 0.000000 0.000000 0.000000 0.000000 0.000000
0.000000 0.000000 0.178571 0.172619 0.159524 0.155952 0.154762 0.146429 0.139286 0.125000 0.108333 0.088095 0.075000 0.066667 0.061905 0.057143 0.054762 0.036905 0.033333 0.029762 0.028571 0.025000 0.020238 0.022619 0.020238 0.017857 0.013095 0.009524 0.009524 0.008333 0.007143 0.005952 0.005952 0.003571 0.003571 0.000000 0.000000 0.000000 0.000000 0.000000 0.000000 0.000000 0.000000 0.000000 0.001190 0.001190 0.001190 0.001190 0.001190 0.001190 0.000000 0.000000 0.000000 0.000000 0.000000 0.000000 0.000000 0.000000 0.000000 0.000000 0.000000 0.000000 0.000000
0.126190 0.179762 0.186905 0.178571 0.165476 0.158333 0.158333 0.141667 0.129762 0.103571 0.082143 0.063095 0.052381 0.055952 0.052381 0.048810 0.041667 0.033333 0.028571 0.027381 0.021429 0.021429 0.021429 0.020238 0.015476 0.013095 0.009524 0.009524 0.010714 0.007143 0.007143 0.004762 0.003571 0.003571 0.003571 0.000000 0.000000 0.000000 0.000000 0.000000 0.000000 0.000000 0.000000 0.001190 0.001190 0.001190 0.001190 0.001190 0.000000 0.000000 0.000000 0.000000 0.000000 0.000000 0.000000 0.000000 0.000000 0.000000 0.000000 0.000000 0.000000 0.000000 0.000000
0.000000 0.188095 0.191667 0.190476 0.160714 0.155952 0.145238 0.122619 0.098810 0.075000 0.057143 0.048810 0.045238 0.040476 0.040476 0.034524 0.027381 0.021429 0.021429 0.021429 0.020238 0.019048 0.017857 0.013095 0.013095 0.010714 0.009524 0.011905 0.010714 0.007143 0.005952 0.007143 0.004762 0.004762 0.003571 0.003571 0.002381 0.002381 0.002381 0.002381 0.002381 0.001190 0.001190 0.001190 0.001190 0.000000 0.000000 0.000000 0.000000 0.000000 0.000000 0.000000 0.000000 0.000000 0.000000 0.000000 0.000000 0.000000 0.000000 0.000000 0.000000 0.000000 0.000000
0.000000 0.209524 0.195238 0.176190 0.147619 0.117857 0.000000 0.066667 0.055952 0.044048 0.042857 0.032143 0.025000 0.023810 0.022619 0.020238 0.017857 0.016667 0.016667 0.016667 0.019048 0.017857 0.015476 0.010714 0.009524 0.010714 0.010714 0.009524 0.008333 0.007143 0.007143 0.005952 0.004762 0.004762 0.003571 0.003571 0.003571 0.002381 0.002381 0.002381 0.002381 0.002381 0.001190 0.000000 0.000000 0.000000 0.000000 0.000000 0.000000 0.000000 0.000000 0.000000 0.000000 0.000000 0.000000 0.000000 0.000000 0.000000 0.000000 0.000000 0.000000 0.000000 0.000000
0.205952 0.171429 0.000000 0.000000 0.000000 0.000000 0.014286 0.040476 0.034524 0.027381 0.020238 0.016667 0.019048 0.020238 0.020238 0.016667 0.011905 0.015476 0.015476 0.014286 0.009524 0.010714 0.009524 0.009524 0.007143 0.011905 0.010714 0.008333 0.007143 0.007143 0.007143 0.004762 0.003571 0.004762 0.004762 0.003571 0.002381 0.002381 0.002381 0.002381 0.001190 0.001190 0.000000 0.000000 0.000000 0.000000 0.000000 0.000000 0.000000 0.000000 0.000000 0.000000 0.000000 0.000000 0.000000 0.000000 0.000000 0.000000 0.000000 0.000000 0.000000 0.000000 0.000000
0.134524 0.000000 0.000000 0.000000 0.000000 0.003571 0.007143 0.020238 0.019048 0.015476 0.011905 0.015476 0.016667 0.015476 0.010714 0.011905 0.011905 0.013095 0.010714 0.010714 0.014286 0.009524 0.009524 0.009524 0.008333 0.008333 0.007143 0.005952 0.005952 0.005952 0.003571 0.003571 0.003571 0.003571 0.003571 0.003571 0.002381 0.001190 0.001190 0.001190 0.001190 0.001190 0.001190 0.000000 0.000000 0.000000 0.000000 0.000000 0.000000 0.000000 0.000000 0.000000 0.000000 0.000000 0.000000 0.000000 0.000000 0.000000 0.000000 0.000000 0.000000 0.000000 0.000000
0.083333 0.000000 0.000000 0.000000 0.000000 0.000000 0.000000 0.011905 0.014286 0.013095 0.011905 0.013095 0.015476 0.011905 0.011905 0.013095 0.010714 0.007143 0.009524 0.008333 0.010714 0.010714 0.008333 0.005952 0.005952 0.007143 0.005952 0.005952 0.004762 0.002381 0.003571 0.003571 0.003571 0.003571 0.003571 0.002381 0.002381 0.001190 0.001190 0.001190 0.001190 0.001190 0.001190 0.001190 0.000000 0.000000 0.000000 0.000000 0.000000 0.000000 0.000000 0.000000 0.000000 0.000000 0.000000 0.000000 0.000000 0.000000 0.000000 0.000000 0.000000 0.000000 0.000000
