FireSTARR/Data/output/intensity_H_239_2017-08-27.asc
ncols         20
nrows         29
xllcorner     567543.378600
yllcorner     5761802.364000
cellsize      100.000000
NODATA_value  0.000000
0.000000 0.000000 0.000000 0.000000 0.000000 0.000000 0.002381 0.002381 0.000000 0.000000 0.000000 0.000000 0.000000 0.000000 0.000000 0.000000 0.000000 0.000000 0.000000 0.000000 
0.000000 0.000000 0.000000 0.000000 0.000000 0.000000 0.002381 0.000000 0.000000 0.000000 0.002381 0.002381 0.000000 0.001190 0.001190 0.000000 0.000000 0.000000 0.000000 0.000000 
0.000000 0.000000 0.001190 0.000000 0.000000 0.000000 0.003571 0.003571 0.003571 0.003571 0.003571 0.000000 0.002381 0.001190 0.001190 0.001190 0.001190 0.001190 0.001190 0.000000 
0.001190 0.001190 0.001190 0.001190 0.001190 0.003571 0.003571 0.004762 0.004762 0.004762 0.003571 0.003571 0.002381 0.002381 0.001190 0.001190 0.001190 0.001190 0.001190 0.000000 
0.001190 0.001190 0.001190 0.001190 0.002381 0.003571 0.003571 0.004762 0.004762 0.004762 0.004762 0.003571 0.002381 0.002381 0.002381 0.001190 0.001190 0.001190 0.001190 0.000000 
0.001190 0.001190 0.001190 0.001190 0.002381 0.003571 0.000000 0.004762 0.004762 0.004762 0.004762 0.003571 0.003571 0.002381 0.002381 0.001190 0.001190 0.001190 0.001190 0.000000 
0.001190 0.001190 0.001190 0.001190 0.002381 0.000000 0.004762 0.005952 0.004762 0.004762 0.003571 0.003571 0.003571 0.002381 0.002381 0.001190 0.001190 0.001190 0.001190 0.001190 
0.001190 0.001190 0.001190 0.001190 0.001190 0.000000 0.002381 0.000000 0.008333 0.004762 0.003571 0.003571 0.003571 0.003571 0.002381 0.001190 0.001190 0.001190 0.001190 0.001190 
0.000000 0.001190 0.001190 0.000000 0.000000 0.000000 0.000000 0.000000 0.010714 0.009524 0.004762 0.003571 0.003571 0.003571 0.002381 0.002381 0.001190 0.001190 0.001190 0.000000 
0.000000 0.000000 0.000000 0.000000 0.000000 0.000000 0.000000 0.000000 0.013095 0.011905 0.009524 0.003571 0.003571 0.003571 0.002381 0.002381 0.001190 0.001190 0.001190 0.000000 
0.000000 0.000000 0.000000 0.000000 0.000000 0.000000 0.000000 0.000000 0.014286 0.013095 0.010714 0.005952 0.003571 0.003571 0.000000 0.002381 0.001190 0.001190 0.001190 0.000000 
0.000000 0.000000 0.000000 0.000000 0.000000 0.000000 0.000000 0.000000 0.020238 0.015476 0.010714 0.005952 0.004762 0.003571 0.002381 0.002381 0.001190 0.001190 0.001190 0.000000 
0.000000 0.000000 0.000000 0.000000 0.000000 0.000000 0.000000 0.000000 0.025000 0.020238 0.013095 0.009524 0.005952 0.003571 0.000000 0.002381 0.001190 0.001190 0.001190 0.001190 
0.000000 0.000000 0.000000 0.000000 0.000000 0.048810 0.045238 0.033333 0.026190 0.021429 0.016667 0.010714 0.005952 0.003571 0.002381 0.002381 0.001190 0.001190 0.001190 0.001190 
0.000000 0.000000 0.000000 0.000000 0.000000 0.050000 0.048810 0.036905 0.026190 0.023810 0.016667 0.008333 0.005952 0.003571 0.002381 0.001190 0.001190 0.001190 0.001190 0.001190 
0.000000 0.000000 0.000000 0.000000 0.000000 0.055952 0.048810 0.041667 0.026190 0.023810 0.019048 0.010714 0.007143 0.003571 0.002381 0.001190 0.001190 0.001190 0.001190 0.000000 
0.000000 0.000000 0.080952 0.076190 0.066667 0.058333 0.050000 0.041667 0.033333 0.023810 0.016667 0.010714 0.007143 0.002381 0.002381 0.001190 0.001190 0.001190 0.001190 0.000000 
0.000000 0.000000 0.092857 0.084524 0.070238 0.058333 0.052381 0.040476 0.033333 0.022619 0.015476 0.011905 0.007143 0.002381 0.001190 0.001190 0.001190 0.001190 0.001190 0.000000 
0.095238 0.095238 0.095238 0.085714 0.069048 0.057143 0.051190 0.040476 0.033333 0.020238 0.014286 0.010714 0.002381 0.002381 0.001190 0.001190 0.001190 0.001190 0.001190 0.000000 
0.000000 0.096429 0.092857 0.086905 0.064286 0.055952 0.047619 0.036905 0.029762 0.019048 0.013095 0.004762 0.002381 0.002381 0.001190 0.001190 0.001190 0.001190 0.001190 0.000000 
0.000000 0.105952 0.088095 0.075000 0.064286 0.052381 0.000000 0.032143 0.025000 0.015476 0.009524 0.003571 0.002381 0.001190 0.001190 0.001190 0.001190 0.001190 0.000000 0.000000 
0.111905 0.102381 0.000000 0.000000 0.000000 0.000000 0.002381 0.021429 0.013095 0.009524 0.004762 0.002381 0.001190 0.001190 0.001190 0.001190 0.001190 0.001190 0.000000 0.000000 
0.092857 0.000000 0.000000 0.000000 0.000000 0.001190 0.001190 0.010714 0.008333 0.003571 0.001190 0.001190 0.001190 0.001190 0.001190 0.001190 0.001190 0.000000 0.000000 0.000000 
0.050000 0.000000 0.000000 0.000000 0.000000 0.000000 0.000000 0.004762 0.003571 0.001190 0.001190 0.001190 0.001190 0.001190 0.001190 0.001190 0.000000 0.000000 0.000000 0.000000 
0.030952 0.000000 0.000000 0.000000 0.000000 0.000000 0.000000 0.001190 0.001190 0.001190 0.001190 0.001190 0.001190 0.001190 0.001190 0.001190 0.000000 0.000000 0.000000 0.000000 
0.000000 0.000000 0.000000 0.000000 0.000000 0.000000 0.000000 0.001190 0.001190 0.001190 0.001190 0.001190 0.001190 0.001190 0.000000 0.000000 0.000000 0.000000 0.000000 0.000000 
0.000000 0.000000 0.000000 0.000000 0.001190 0.001190 0.001190 0.001190 0.001190 0.001190 0.001190 0.001190 0.000000 0.000000 0.000000 0.000000 0.000000 0.000000 0.000000 0.000000 
0.000000 0.000000 0.000000 0.000000 0.001190 0.001190 0.001190 0.001190 0.001190 0.001190 0.001190 0.000000 0.000000 0.000000 0.000000 0.000000 0.000000 0.000000 0.000000 0.000000 
0.000000 0.000000 0.000000 0.000000 0.000000 0.000000 0.001190 0.001190 0.001190 0.000000 0.000000 0.000000 0.000000 0.000000 0.000000 0.000000 0.000000 0.000000 0.000000 0.000000 
