FireSTARR/Data/output/intensity_H_245_2017-09-02.asc
ncols         127
nrows         118
xllcorner     567543.378600
yllcorner     5761502.364000
cellsize      100.000000
NODATA_value  0.000000
[rows 84 to 111 of 118, columns 0 to 62 of 127]
0.000000 0.000000 0.000000 0.000000 0.000000 0.000000 0.000000 0.000000 0.000000 0.000000 0.000000 0.000000 0.000000 0.000000 0.000000 0.003571 0.022619 0.030952 0.030952 0.051190 0.040476 0.041667 0.050000 0.051190 0.051190 0.050000 0.047619 0.041667 0.036905 0.036905 0.034524 0.034524 0.032143 0.026190 0.017857 0.020238 0.016667 0.013095 0.014286 0.002381 0.001190 0.001190 0.002381 0.005952 0.004762 0.001190 0.001190 0.000000 0.000000 0.000000 0.000000 0.000000 0.000000 0.000000 0.000000 0.000000 0.000000 0.000000 0.000000 0.000000 0.000000 0.000000 0.000000
0.000000 0.000000 0.000000 0.000000 0.000000 0.000000 0.000000 0.000000 0.000000 0.000000 0.000000 0.000000 0.000000 0.000000 0.000000 0.000000 0.034524 0.042857 0.035714 0.001190 0.032143 0.041667 0.051190 0.058333 0.059524 0.055952 0.050000 0.045238 0.036905 0.038095 0.032143 0.030952 0.032143 0.026190 0.017857 0.015476 0.017857 0.017857 0.014286 0.001190 0.001190 0.001190 0.005952 0.007143 0.002381 0.002381 0.002381 0.000000 0.000000 0.000000 0.000000 0.000000 0.000000 0.000000 0.000000 0.000000 0.000000 0.000000 0.000000 0.000000 0.000000 0.000000 0.000000
0.000000 0.000000 0.000000 0.000000 0.000000 0.000000 0.011905 0.011905 0.000000 0.000000 0.000000 0.000000 0.000000 0.001190 0.000000 0.000000 0.047619 0.051190 0.050000 0.001190 0.001190 0.001190 0.059524 0.063095 0.060714 0.054762 0.051190 0.044048 0.039286 0.038095 0.038095 0.030952 0.028571 0.017857 0.014286 0.014286 0.019048 0.014286 0.013095 0.001190 0.001190 0.001190 0.007143 0.008333 0.002381 0.002381 0.002381 0.000000 0.000000 0.000000 0.000000 0.000000 0.000000 0.000000 0.000000 0.000000 0.000000 0.000000 0.000000 0.000000 0.000000 0.000000 0.000000
0.000000 0.000000 0.000000 0.000000 0.000000 0.000000 0.013095 0.000000 0.000000 0.000000 0.061905 0.065476 0.000000 0.072619 0.076190 0.047619 0.052381 0.052381 0.052381 0.001190 0.001190 0.001190 0.069048 0.067857 0.060714 0.055952 0.047619 0.042857 0.036905 0.038095 0.038095 0.030952 0.027381 0.016667 0.014286 0.017857 0.016667 0.015476 0.013095 0.011905 0.013095 0.002381 0.010714 0.007143 0.002381 0.002381 0.002381 0.000000 0.000000 0.000000 0.000000 0.000000 0.000000 0.000000 0.000000 0.000000 0.000000 0.000000 0.000000 0.000000 0.000000 0.000000 0.000000
0.000000 0.000000 0.001190 0.000000 0.000000 0.000000 0.013095 0.022619 0.039286 0.057143 0.065476 0.000000 0.072619 0.072619 0.079762 0.083333 0.084524 0.085714 0.082143 0.077381 0.075000 0.071429 0.067857 0.065476 0.063095 0.057143 0.045238 0.042857 0.042857 0.039286 0.034524 0.028571 0.023810 0.015476 0.014286 0.016667 0.016667 0.015476 0.013095 0.013095 0.011905 0.011905 0.002381 0.002381 0.004762 0.007143 0.005952 0.002381 0.002381 0.002381 0.002381 0.002381 0.000000 0.000000 0.000000 0.000000 0.000000 0.000000 0.000000 0.000000 0.000000 0.000000 0.000000
0.002381 0.002381 0.002381 0.001190 0.004762 0.010714 0.011905 0.021429 0.041667 0.059524 0.071429 0.076190 0.076190 0.078571 0.085714 0.085714 0.082143 0.086905 0.082143 0.078571 0.073810 0.075000 0.070238 0.065476 0.061905 0.055952 0.048810 0.044048 0.039286 0.036905 0.030952 0.025000 0.017857 0.014286 0.015476 0.016667 0.013095 0.014286 0.011905 0.010714 0.010714 0.011905 0.002381 0.002381 0.005952 0.007143 0.007143 0.002381 0.002381 0.002381 0.001190 0.002381 0.001190 0.001190 0.000000 0.000000 0.000000 0.000000 0.000000 0.000000 0.000000 0.000000 0.000000
0.002381 0.002381 0.002381 0.001190 0.004762 0.009524 0.013095 0.022619 0.050000 0.059524 0.070238 0.082143 0.078571 0.083333 0.088095 0.086905 0.085714 0.085714 0.085714 0.079762 0.072619 0.071429 0.070238 0.064286 0.060714 0.053571 0.046429 0.042857 0.039286 0.030952 0.026190 0.021429 0.014286 0.013095 0.014286 0.015476 0.014286 0.014286 0.010714 0.009524 0.009524 0.010714 0.008333 0.008333 0.007143 0.005952 0.002381 0.002381 0.002381 0.002381 0.002381 0.002381 0.001190 0.001190 0.000000 0.000000 0.000000 0.000000 0.000000 0.000000 0.000000 0.000000 0.000000
0.001190 0.002381 0.002381 0.002381 0.002381 0.007143 0.000000 0.026190 0.044048 0.069048 0.077381 0.085714 0.091667 0.092857 0.092857 0.088095 0.084524 0.085714 0.089286 0.085714 0.075000 0.070238 0.069048 0.063095 0.057143 0.051190 0.048810 0.036905 0.034524 0.002381 0.017857 0.019048 0.015476 0.013095 0.014286 0.016667 0.013095 0.013095 0.009524 0.009524 0.011905 0.010714 0.009524 0.009524 0.007143 0.005952 0.005952 0.008333 0.008333 0.002381 0.002381 0.000000 0.000000 0.000000 0.001190 0.001190 0.000000 0.000000 0.000000 0.000000 0.000000 0.000000 0.000000
0.001190 0.003571 0.002381 0.001190 0.002381 0.000000 0.010714 0.023810 0.053571 0.075000 0.089286 0.101190 0.098810 0.098810 0.097619 0.094048 0.088095 0.086905 0.086905 0.082143 0.077381 0.070238 0.063095 0.057143 0.053571 0.046429 0.039286 0.035714 0.035714 0.003571 0.003571 0.019048 0.015476 0.015476 0.014286 0.013095 0.013095 0.009524 0.008333 0.009524 0.009524 0.007143 0.009524 0.009524 0.007143 0.005952 0.005952 0.008333 0.008333 0.002381 0.002381 0.000000 0.000000 0.000000 0.001190 0.001190 0.001190 0.000000 0.000000 0.000000 0.000000 0.000000 0.000000
0.001190 0.003571 0.003571 0.002381 0.001190 0.000000 0.008333 0.000000 0.063095 0.084524 0.096429 0.103571 0.105952 0.103571 0.097619 0.094048 0.092857 0.088095 0.083333 0.080952 0.067857 0.059524 0.048810 0.047619 0.047619 0.041667 0.038095 0.035714 0.033333 0.003571 0.003571 0.019048 0.019048 0.015476 0.013095 0.011905 0.010714 0.008333 0.008333 0.008333 0.009524 0.007143 0.008333 0.005952 0.004762 0.004762 0.005952 0.008333 0.007143 0.007143 0.007143 0.002381 0.000000 0.000000 0.001190 0.001190 0.001190 0.001190 0.001190 0.001190 0.000000 0.000000 0.000000
0.000000 0.002381 0.002381 0.000000 0.000000 0.000000 0.000000 0.000000 0.072619 0.098810 0.105952 0.104762 0.104762 0.103571 0.104762 0.098810 0.091667 0.086905 0.088095 0.000000 0.000000 0.000000 0.047619 0.044048 0.045238 0.042857 0.035714 0.035714 0.029762 0.028571 0.021429 0.019048 0.017857 0.016667 0.016667 0.013095 0.010714 0.009524 0.009524 0.010714 0.009524 0.007143 0.008333 0.005952 0.005952 0.005952 0.005952 0.007143 0.007143 0.007143 0.007143 0.002381 0.001190 0.001190 0.000000 0.000000 0.001190 0.000000 0.001190 0.001190 0.000000 0.000000 0.000000
0.000000 0.000000 0.000000 0.000000 0.000000 0.000000 0.000000 0.000000 0.090476 0.110714 0.113095 0.105952 0.102381 0.107143 0.108333 0.101190 0.094048 0.088095 0.088095 0.000000 0.000000 0.000000 0.052381 0.053571 0.046429 0.041667 0.034524 0.034524 0.030952 0.025000 0.022619 0.017857 0.017857 0.015476 0.015476 0.010714 0.009524 0.009524 0.009524 0.009524 0.008333 0.007143 0.008333 0.007143 0.005952 0.005952 0.007143 0.005952 0.007143 0.005952 0.007143 0.001190 0.001190 0.001190 0.000000 0.000000 0.001190 0.001190 0.001190 0.001190 0.001190 0.001190 0.001190
0.000000 0.000000 0.000000 0.000000 0.000000 0.000000 0.000000 0.000000 0.100000 0.117857 0.117857 0.105952 0.103571 0.107143 0.000000 0.104762 0.095238 0.088095 0.088095 0.000000 0.000000 0.060714 0.054762 0.048810 0.041667 0.039286 0.033333 0.029762 0.028571 0.023810 0.019048 0.019048 0.019048 0.015476 0.014286 0.009524 0.010714 0.009524 0.009524 0.009524 0.008333 0.008333 0.008333 0.007143 0.007143 0.005952 0.005952 0.007143 0.007143 0.005952 0.004762 0.004762 0.004762 0.001190 0.001190 0.001190 0.001190 0.001190 0.001190 0.001190 0.001190 0.001190 0.000000
0.000000 0.000000 0.000000 0.000000 0.000000 0.000000 0.000000 0.000000 0.117857 0.122619 0.119048 0.109524 0.105952 0.107143 0.107143 0.100000 0.094048 0.089286 0.089286 0.000000 0.066667 0.059524 0.053571 0.046429 0.041667 0.035714 0.032143 0.029762 0.025000 0.022619 0.017857 0.020238 0.015476 0.014286 0.010714 0.009524 0.009524 0.009524 0.010714 0.008333 0.007143 0.008333 0.007143 0.005952 0.005952 0.004762 0.004762 0.003571 0.002381 0.002381 0.002381 0.002381 0.001190 0.000000 0.000000 0.000000 0.000000 0.000000 0.000000 0.000000 0.000000 0.000000 0.000000
0.000000 0.000000 0.000000 0.000000 0.000000 0.000000 0.000000 0.000000 0.129762 0.130952 0.126190 0.115476 0.109524 0.109524 0.000000 0.097619 0.089286 0.088095 0.082143 0.076190 0.063095 0.055952 0.045238 0.038095 0.038095 0.032143 0.029762 0.026190 0.022619 0.017857 0.017857 0.015476 0.014286 0.009524 0.008333 0.008333 0.007143 0.007143 0.007143 0.003571 0.003571 0.003571 0.002381 0.003571 0.003571 0.002381 0.004762 0.004762 0.003571 0.002381 0.002381 0.001190 0.001190 0.000000 0.000000 0.000000 0.000000 0.000000 0.000000 0.000000 0.000000 0.000000 0.000000
0.000000 0.000000 0.000000 0.000000 0.000000 0.136905 0.155952 0.142857 0.135714 0.127381 0.126190 0.117857 0.113095 0.107143 0.104762 0.097619 0.088095 0.083333 0.073810 0.069048 0.054762 0.050000 0.041667 0.039286 0.034524 0.030952 0.028571 0.022619 0.017857 0.016667 0.015476 0.015476 0.011905 0.001190 0.001190 0.002381 0.003571 0.003571 0.003571 0.003571 0.004762 0.003571 0.003571 0.002381 0.002381 0.002381 0.004762 0.003571 0.003571 0.002381 0.001190 0.001190 0.001190 0.001190 0.001190 0.001190 0.000000 0.000000 0.000000 0.000000 0.000000 0.000000 0.000000
0.000000 0.000000 0.000000 0.000000 0.000000 0.155952 0.155952 0.146429 0.135714 0.130952 0.128571 0.117857 0.108333 0.105952 0.100000 0.079762 0.075000 0.077381 0.069048 0.058333 0.050000 0.042857 0.039286 0.035714 0.030952 0.029762 0.023810 0.020238 0.016667 0.016667 0.014286 0.013095 0.010714 0.001190 0.001190 0.001190 0.000000 0.001190 0.000000 0.000000 0.000000 0.001190 0.000000 0.001190 0.001190 0.001190 0.002381 0.002381 0.002381 0.001190 0.001190 0.000000 0.000000 0.000000 0.000000 0.000000 0.000000 0.000000 0.000000 0.000000 0.000000 0.000000 0.000000
0.000000 0.000000 0.000000 0.000000 0.000000 0.163095 0.157143 0.152381 0.133333 0.132143 0.125000 0.114286 0.103571 0.095238 0.080952 0.071429 0.075000 0.070238 0.059524 0.048810 0.046429 0.042857 0.036905 0.032143 0.032143 0.025000 0.021429 0.021429 0.016667 0.011905 0.014286 0.011905 0.010714 0.001190 0.001190 0.001190 0.001190 0.001190 0.001190 0.000000 0.000000 0.001190 0.000000 0.001190 0.002381 0.002381 0.002381 0.002381 0.002381 0.001190 0.001190 0.000000 0.000000 0.000000 0.000000 0.000000 0.000000 0.000000 0.000000 0.000000 0.000000 0.000000 0.000000
0.000000 0.000000 0.173810 0.171429 0.166667 0.164286 0.160714 0.151190 0.139286 0.133333 0.120238 0.109524 0.090476 0.080952 0.072619 0.065476 0.069048 0.060714 0.048810 0.041667 0.036905 0.030952 0.028571 0.027381 0.028571 0.019048 0.017857 0.015476 0.011905 0.013095 0.009524 0.007143 0.007143 0.004762 0.004762 0.000000 0.000000 0.000000 0.000000 0.000000 0.000000 0.000000 0.000000 0.000000 0.002381 0.002381 0.002381 0.002381 0.001190 0.001190 0.001190 0.000000 0.000000 0.000000 0.000000 0.000000 0.000000 0.000000 0.000000 0.000000 0.000000 0.000000 0.000000
0.000000 0.000000 0.190476 0.182143 0.166667 0.163095 0.159524 0.147619 0.140476 0.127381 0.110714 0.089286 0.076190 0.067857 0.064286 0.059524 0.058333 0.041667 0.038095 0.033333 0.030952 0.027381 0.022619 0.023810 0.021429 0.019048 0.014286 0.010714 0.009524 0.008333 0.007143 0.005952 0.005952 0.003571 0.003571 0.000000 0.000000 0.000000 0.000000 0.000000 0.000000 0.000000 0.000000 0.001190 0.002381 0.002381 0.002381 0.001190 0.001190 0.001190 0.000000 0.000000 0.000000 0.000000 0.000000 0.000000 0.000000 0.000000 0.000000 0.000000 0.000000 0.000000 0.000000
0.128571 0.186905 0.196429 0.186905 0.170238 0.163095 0.161905 0.142857 0.130952 0.104762 0.084524 0.065476 0.053571 0.057143 0.054762 0.052381 0.045238 0.036905 0.032143 0.030952 0.023810 0.023810 0.023810 0.022619 0.016667 0.014286 0.010714 0.010714 0.010714 0.008333 0.007143 0.004762 0.003571 0.003571 0.003571 0.000000 0.000000 0.000000 0.000000 0.000000 0.000000 0.000000 0.000000 0.003571 0.003571 0.002381 0.002381 0.001190 0.000000 0.000000 0.000000 0.000000 0.000000 0.000000 0.000000 0.000000 0.000000 0.000000 0.000000 0.000000 0.000000 0.000000 0.000000
0.000000 0.196429 0.200000 0.195238 0.163095 0.160714 0.146429 0.123810 0.100000 0.076190 0.060714 0.050000 0.046429 0.042857 0.042857 0.038095 0.030952 0.023810 0.023810 0.023810 0.022619 0.020238 0.019048 0.015476 0.014286 0.011905 0.009524 0.011905 0.010714 0.007143 0.005952 0.007143 0.004762 0.004762 0.003571 0.003571 0.002381 0.002381 0.002381 0.002381 0.003571 0.003571 0.003571 0.003571 0.003571 0.001190 0.000000 0.000000 0.000000 0.000000 0.000000 0.000000 0.000000 0.000000 0.000000 0.000000 0.000000 0.000000 0.000000 0.000000 0.000000 0.000000 0.000000
0.000000 0.216667 0.201190 0.177381 0.147619 0.117857 0.000000 0.066667 0.057143 0.046429 0.044048 0.033333 0.026190 0.026190 0.026190 0.023810 0.019048 0.019048 0.017857 0.017857 0.020238 0.019048 0.016667 0.011905 0.009524 0.010714 0.010714 0.009524 0.008333 0.007143 0.007143 0.005952 0.004762 0.004762 0.003571 0.003571 0.003571 0.002381 0.002381 0.002381 0.003571 0.003571 0.003571 0.002381 0.001190 0.001190 0.000000 0.000000 0.000000 0.000000 0.000000 0.000000 0.000000 0.000000 0.000000 0.000000 0.000000 0.000000 0.000000 0.000000 0.000000 0.000000 0.000000
0.210714 0.173810 0.000000 0.000000 0.000000 0.000000 0.015476 0.040476 0.034524 0.029762 0.020238 0.017857 0.020238 0.022619 0.023810 0.017857 0.013095 0.015476 0.016667 0.015476 0.011905 0.011905 0.009524 0.010714 0.007143 0.013095 0.010714 0.008333 0.007143 0.007143 0.007143 0.004762 0.003571 0.004762 0.004762 0.003571 0.002381 0.002381 0.002381 0.002381 0.002381 0.002381 0.002381 0.001190 0.001190 0.000000 0.000000 0.000000 0.000000 0.000000 0.000000 0.000000 0.000000 0.000000 0.000000 0.000000 0.000000 0.000000 0.000000 0.000000 0.000000 0.000000 0.000000
0.134524 0.000000 0.000000 0.000000 0.000000 0.003571 0.008333 0.021429 0.019048 0.016667 0.014286 0.017857 0.019048 0.017857 0.011905 0.013095 0.011905 0.014286 0.011905 0.013095 0.015476 0.009524 0.009524 0.009524 0.008333 0.008333 0.007143 0.005952 0.005952 0.005952 0.003571 0.003571 0.003571 0.003571 0.003571 0.003571 0.002381 0.001190 0.001190 0.001190 0.002381 0.001190 0.001190 0.001190 0.001190 0.000000 0.000000 0.000000 0.000000 0.000000 0.000000 0.000000 0.000000 0.000000 0.000000 0.000000 0.000000 0.000000 0.000000 0.000000 0.000000 0.000000 0.000000
0.083333 0.000000 0.000000 0.000000 0.000000 0.000000 0.000000 0.013095 0.015476 0.014286 0.014286 0.016667 0.017857 0.014286 0.011905 0.013095 0.010714 0.007143 0.010714 0.009524 0.010714 0.010714 0.008333 0.005952 0.005952 0.007143 0.005952 0.005952 0.004762 0.002381 0.003571 0.003571 0.003571 0.003571 0.003571 0.002381 0.002381 0.001190 0.001190 0.001190 0.001190 0.001190 0.001190 0.001190 0.000000 0.000000 0.000000 0.000000 0.000000 0.000000 0.000000 0.000000 0.000000 0.000000 0.000000 0.000000 0.000000 0.000000 0.000000 0.000000 0.000000 0.000000 0.000000
0.051190 0.000000 0.000000 0.000000 0.000000 0.000000 0.000000 0.008333 0.008333 0.009524 0.009524 0.010714 0.011905 0.010714 0.011905 0.008333 0.007143 0.009524 0.009524 0.008333 0.009524 0.009524 0.009524 0.005952 0.004762 0.005952 0.004762 0.002381 0.003571 0.003571 0.003571 0.003571 0.003571 0.002381 0.003571 0.001190 0.001190 0.001190 0.001190 0.001190 0.001190 0.001190 0.001190 0.001190 0.000000 0.000000 0.000000 0.000000 0.000000 0.000000 0.000000 0.000000 0.000000 0.000000 0.000000 0.000000 0.000000 0.000000 0.000000 0.000000 0.000000 0.000000 0.000000
0.000000 0.000000 0.000000 0.000000 0.000000 0.000000 0.000000 0.005952 0.005952 0.007143 0.005952 0.008333 0.009524 0.010714 0.004762 0.005952 0.005952 0.008333 0.008333 0.000000 0.000000 0.000000 0.005952 0.004762 0.004762 0.003571 0.003571 0.000000 0.003571 0.003571 0.003571 0.003571 0.002381 0.003571 0.001190 0.001190 0.001190 0.001190 0.001190 0.001190 0.001190 0.001190 0.001190 0.000000 0.000000 0.000000 0.000000 0.000000 0.000000 0.000000 0.000000 0.000000 0.000000 0.000000 0.000000 0.000000 0.000000 0.000000 0.000000 0.000000 0.000000 0.000000 0.000000
