FireSTARR/Data/output/intensity_H_252_2017-09-09.asc
ncols         141
nrows         129
xllcorner     566143.378600
yllcorner     5760402.364000
cellsize      100.000000
NODATA_value  0.000000
[rows 84 to 111 of 129, columns 0 to 62 of 141]
0.000000 0.000000 0.001190 0.001190 0.001190 0.001190 0.001190 0.001190 0.001190 0.001190 0.001190 0.001190 0.001190 0.000000 0.000000 0.000000 0.000000 0.000000 0.000000 0.000000 0.000000 0.000000 0.000000 0.000000 0.000000 0.000000 0.000000 0.000000 0.000000 0.003571 0.025000 0.033333 0.033333 0.054762 0.044048 0.045238 0.053571 0.058333 0.057143 0.054762 0.051190 0.045238 0.042857 0.044048 0.040476 0.040476 0.036905 0.030952 0.023810 0.026190 0.023810 0.020238 0.022619 0.002381 0.001190 0.001190 0.005952 0.008333 0.008333 0.001190 0.001190 0.000000 0.000000
0.000000 0.000000 0.001190 0.001190 0.001190 0.001190 0.001190 0.001190 0.001190 0.001190 0.001190 0.001190 0.000000 0.000000 0.000000 0.000000 0.000000 0.000000 0.000000 0.000000 0.000000 0.000000 0.000000 0.000000 0.000000 0.000000 0.000000 0.000000 0.000000 0.000000 0.036905 0.045238 0.038095 0.001190 0.035714 0.044048 0.055952 0.064286 0.065476 0.060714 0.054762 0.048810 0.041667 0.044048 0.036905 0.036905 0.039286 0.030952 0.023810 0.022619 0.025000 0.025000 0.021429 0.001190 0.001190 0.001190 0.008333 0.010714 0.002381 0.002381 0.002381 0.000000 0.000000
0.000000 0.001190 0.001190 0.001190 0.001190 0.001190 0.001190 0.001190 0.001190 0.001190 0.001190 0.001190 0.000000 0.000000 0.000000 0.000000 0.000000 0.000000 0.000000 0.000000 0.014286 0.013095 0.000000 0.000000 0.000000 0.000000 0.000000 0.001190 0.000000 0.000000 0.050000 0.053571 0.053571 0.001190 0.001190 0.001190 0.064286 0.067857 0.066667 0.060714 0.055952 0.047619 0.045238 0.044048 0.044048 0.036905 0.033333 0.023810 0.021429 0.022619 0.026190 0.021429 0.020238 0.001190 0.001190 0.001190 0.010714 0.011905 0.002381 0.002381 0.002381 0.000000 0.000000
0.000000 0.001190 0.001190 0.001190 0.001190 0.001190 0.001190 0.001190 0.001190 0.001190 0.001190 0.001190 0.001190 0.000000 0.000000 0.000000 0.000000 0.000000 0.000000 0.000000 0.015476 0.000000 0.000000 0.000000 0.063095 0.066667 0.000000 0.077381 0.080952 0.050000 0.054762 0.054762 0.054762 0.001190 0.001190 0.001190 0.073810 0.071429 0.065476 0.060714 0.052381 0.048810 0.042857 0.044048 0.044048 0.038095 0.032143 0.023810 0.022619 0.026190 0.025000 0.023810 0.020238 0.019048 0.020238 0.002381 0.014286 0.010714 0.002381 0.002381 0.002381 0.000000 0.000000
0.001190 0.001190 0.001190 0.001190 0.001190 0.001190 0.001190 0.001190 0.001190 0.001190 0.001190 0.000000 0.001190 0.000000 0.000000 0.000000 0.003571 0.000000 0.000000 0.000000 0.015476 0.026190 0.040476 0.058333 0.066667 0.000000 0.073810 0.075000 0.082143 0.086905 0.088095 0.089286 0.085714 0.080952 0.079762 0.077381 0.072619 0.070238 0.067857 0.061905 0.053571 0.050000 0.048810 0.045238 0.040476 0.034524 0.029762 0.021429 0.022619 0.025000 0.025000 0.023810 0.021429 0.019048 0.019048 0.016667 0.002381 0.002381 0.008333 0.010714 0.009524 0.002381 0.002381
0.001190 0.001190 0.001190 0.001190 0.001190 0.001190 0.001190 0.001190 0.001190 0.001190 0.000000 0.000000 0.001190 0.001190 0.004762 0.004762 0.004762 0.003571 0.007143 0.013095 0.015476 0.023810 0.044048 0.060714 0.072619 0.077381 0.077381 0.080952 0.088095 0.088095 0.084524 0.089286 0.086905 0.083333 0.079762 0.080952 0.075000 0.070238 0.066667 0.060714 0.055952 0.050000 0.046429 0.042857 0.038095 0.030952 0.025000 0.021429 0.023810 0.025000 0.021429 0.022619 0.019048 0.016667 0.015476 0.016667 0.002381 0.002381 0.010714 0.010714 0.009524 0.002381 0.002381
0.001190 0.001190 0.001190 0.001190 0.001190 0.001190 0.001190 0.001190 0.001190 0.001190 0.001190 0.001190 0.001190 0.001190 0.003571 0.003571 0.004762 0.003571 0.007143 0.011905 0.016667 0.025000 0.052381 0.060714 0.071429 0.083333 0.080952 0.085714 0.090476 0.090476 0.089286 0.089286 0.091667 0.084524 0.077381 0.076190 0.075000 0.069048 0.064286 0.060714 0.053571 0.051190 0.046429 0.038095 0.032143 0.027381 0.021429 0.020238 0.022619 0.023810 0.022619 0.021429 0.017857 0.015476 0.014286 0.015476 0.015476 0.013095 0.011905 0.010714 0.002381 0.002381 0.002381
0.000000 0.001190 0.001190 0.001190 0.001190 0.001190 0.001190 0.001190 0.001190 0.001190 0.001190 0.001190 0.001190 0.001190 0.002381 0.003571 0.003571 0.003571 0.004762 0.009524 0.000000 0.028571 0.046429 0.070238 0.078571 0.086905 0.094048 0.096429 0.095238 0.090476 0.086905 0.089286 0.092857 0.091667 0.079762 0.073810 0.073810 0.067857 0.060714 0.055952 0.054762 0.042857 0.039286 0.002381 0.022619 0.025000 0.022619 0.020238 0.021429 0.025000 0.021429 0.020238 0.015476 0.015476 0.016667 0.015476 0.016667 0.014286 0.011905 0.010714 0.009524 0.011905 0.011905
0.000000 0.001190 0.001190 0.001190 0.001190 0.001190 0.001190 0.001190 0.001190 0.001190 0.001190 0.001190 0.001190 0.001190 0.002381 0.004762 0.003571 0.002381 0.003571 0.000000 0.013095 0.027381 0.057143 0.077381 0.090476 0.103571 0.101190 0.102381 0.100000 0.096429 0.090476 0.089286 0.089286 0.085714 0.080952 0.073810 0.067857 0.060714 0.059524 0.053571 0.046429 0.041667 0.041667 0.003571 0.003571 0.023810 0.022619 0.022619 0.021429 0.021429 0.020238 0.015476 0.014286 0.015476 0.014286 0.013095 0.015476 0.014286 0.011905 0.010714 0.009524 0.011905 0.011905
0.000000 0.001190 0.001190 0.001190 0.001190 0.001190 0.001190 0.001190 0.001190 0.001190 0.001190 0.001190 0.001190 0.001190 0.002381 0.004762 0.004762 0.003571 0.002381 0.000000 0.009524 0.000000 0.065476 0.088095 0.098810 0.107143 0.110714 0.107143 0.101190 0.097619 0.096429 0.089286 0.085714 0.083333 0.072619 0.061905 0.053571 0.051190 0.053571 0.048810 0.044048 0.041667 0.041667 0.003571 0.003571 0.026190 0.026190 0.025000 0.020238 0.020238 0.017857 0.014286 0.014286 0.014286 0.014286 0.014286 0.014286 0.010714 0.010714 0.009524 0.010714 0.013095 0.011905
0.000000 0.000000 0.001190 0.001190 0.001190 0.001190 0.001190 0.001190 0.001190 0.001190 0.001190 0.001190 0.001190 0.001190 0.001190 0.003571 0.003571 0.000000 0.000000 0.000000 0.000000 0.000000 0.075000 0.101190 0.109524 0.107143 0.109524 0.108333 0.108333 0.102381 0.094048 0.090476 0.091667 0.000000 0.000000 0.000000 0.048810 0.048810 0.051190 0.048810 0.041667 0.040476 0.036905 0.038095 0.029762 0.027381 0.026190 0.025000 0.025000 0.021429 0.017857 0.016667 0.016667 0.017857 0.016667 0.014286 0.014286 0.010714 0.010714 0.010714 0.010714 0.011905 0.011905
0.000000 0.000000 0.000000 0.001190 0.001190 0.000000 0.001190 0.001190 0.001190 0.001190 0.001190 0.001190 0.001190 0.001190 0.001190 0.001190 0.000000 0.000000 0.000000 0.000000 0.000000 0.000000 0.091667 0.113095 0.116667 0.108333 0.104762 0.110714 0.111905 0.103571 0.096429 0.090476 0.090476 0.000000 0.000000 0.000000 0.055952 0.058333 0.051190 0.046429 0.038095 0.038095 0.038095 0.034524 0.030952 0.026190 0.026190 0.027381 0.025000 0.019048 0.016667 0.016667 0.016667 0.017857 0.016667 0.015476 0.015476 0.011905 0.009524 0.011905 0.011905 0.010714 0.011905
0.000000 0.000000 0.000000 0.000000 0.000000 0.000000 0.000000 0.001190 0.001190 0.000000 0.000000 0.000000 0.001190 0.001190 0.000000 0.000000 0.000000 0.000000 0.000000 0.000000 0.000000 0.000000 0.101190 0.120238 0.120238 0.109524 0.105952 0.109524 0.000000 0.107143 0.097619 0.090476 0.089286 0.000000 0.000000 0.061905 0.055952 0.051190 0.045238 0.044048 0.040476 0.036905 0.039286 0.033333 0.027381 0.027381 0.029762 0.023810 0.025000 0.017857 0.017857 0.017857 0.017857 0.019048 0.017857 0.015476 0.014286 0.010714 0.011905 0.010714 0.010714 0.011905 0.011905
0.000000 0.000000 0.000000 0.000000 0.000000 0.000000 0.000000 0.001190 0.001190 0.000000 0.000000 0.000000 0.001190 0.001190 0.000000 0.000000 0.000000 0.000000 0.000000 0.000000 0.000000 0.000000 0.120238 0.125000 0.121429 0.111905 0.108333 0.108333 0.109524 0.103571 0.095238 0.091667 0.091667 0.000000 0.066667 0.060714 0.057143 0.050000 0.046429 0.041667 0.038095 0.039286 0.034524 0.032143 0.027381 0.029762 0.026190 0.023810 0.019048 0.015476 0.015476 0.015476 0.019048 0.016667 0.014286 0.015476 0.011905 0.013095 0.013095 0.010714 0.011905 0.010714 0.009524
0.000000 0.000000 0.000000 0.000000 0.000000 0.000000 0.000000 0.000000 0.000000 0.000000 0.000000 0.000000 0.001190 0.001190 0.000000 0.000000 0.000000 0.000000 0.000000 0.000000 0.000000 0.000000 0.132143 0.133333 0.128571 0.119048 0.113095 0.111905 0.000000 0.101190 0.091667 0.090476 0.084524 0.078571 0.067857 0.060714 0.051190 0.044048 0.044048 0.039286 0.038095 0.038095 0.033333 0.028571 0.027381 0.026190 0.023810 0.019048 0.015476 0.015476 0.014286 0.015476 0.015476 0.011905 0.011905 0.011905 0.009524 0.010714 0.009524 0.008333 0.011905 0.011905 0.010714
0.000000 0.000000 0.000000 0.000000 0.000000 0.000000 0.000000 0.000000 0.000000 0.000000 0.000000 0.000000 0.000000 0.000000 0.000000 0.000000 0.000000 0.000000 0.000000 0.140476 0.158333 0.145238 0.139286 0.132143 0.130952 0.122619 0.117857 0.108333 0.105952 0.100000 0.091667 0.085714 0.076190 0.071429 0.059524 0.057143 0.047619 0.046429 0.041667 0.038095 0.038095 0.033333 0.027381 0.026190 0.025000 0.025000 0.021429 0.001190 0.001190 0.010714 0.013095 0.013095 0.013095 0.014286 0.015476 0.011905 0.009524 0.009524 0.007143 0.007143 0.010714 0.009524 0.010714
0.000000 0.000000 0.000000 0.000000 0.000000 0.000000 0.000000 0.000000 0.000000 0.000000 0.000000 0.000000 0.000000 0.000000 0.000000 0.000000 0.000000 0.000000 0.000000 0.159524 0.158333 0.148810 0.140476 0.135714 0.132143 0.122619 0.110714 0.108333 0.103571 0.083333 0.078571 0.080952 0.075000 0.063095 0.054762 0.050000 0.046429 0.042857 0.038095 0.038095 0.034524 0.030952 0.027381 0.027381 0.025000 0.023810 0.022619 0.001190 0.001190 0.001190 0.000000 0.001190 0.000000 0.000000 0.000000 0.008333 0.005952 0.005952 0.005952 0.007143 0.007143 0.007143 0.007143
0.000000 0.000000 0.000000 0.000000 0.000000 0.000000 0.000000 0.000000 0.000000 0.000000 0.000000 0.000000 0.000000 0.000000 0.000000 0.000000 0.000000 0.000000 0.000000 0.167857 0.163095 0.158333 0.138095 0.136905 0.128571 0.116667 0.105952 0.097619 0.084524 0.078571 0.080952 0.075000 0.065476 0.054762 0.053571 0.050000 0.044048 0.039286 0.040476 0.036905 0.033333 0.030952 0.026190 0.021429 0.023810 0.023810 0.021429 0.001190 0.001190 0.001190 0.001190 0.001190 0.001190 0.000000 0.003571 0.004762 0.003571 0.005952 0.007143 0.007143 0.008333 0.008333 0.009524
0.000000 0.000000 0.000000 0.000000 0.000000 0.000000 0.000000 0.000000 0.000000 0.000000 0.000000 0.000000 0.000000 0.000000 0.000000 0.000000 0.175000 0.173810 0.171429 0.171429 0.167857 0.158333 0.145238 0.138095 0.126190 0.115476 0.095238 0.084524 0.076190 0.071429 0.075000 0.067857 0.054762 0.047619 0.045238 0.038095 0.035714 0.035714 0.038095 0.030952 0.028571 0.025000 0.020238 0.022619 0.019048 0.017857 0.017857 0.015476 0.014286 0.000000 0.000000 0.000000 0.000000 0.000000 0.003571 0.003571 0.004762 0.007143 0.008333 0.008333 0.008333 0.008333 0.007143
0.000000 0.000000 0.000000 0.000000 0.000000 0.000000 0.000000 0.000000 0.000000 0.000000 0.000000 0.000000 0.000000 0.000000 0.000000 0.000000 0.191667 0.185714 0.169048 0.166667 0.167857 0.157143 0.147619 0.132143 0.116667 0.095238 0.080952 0.072619 0.070238 0.065476 0.064286 0.047619 0.045238 0.040476 0.038095 0.034524 0.029762 0.032143 0.032143 0.030952 0.025000 0.019048 0.019048 0.017857 0.017857 0.016667 0.016667 0.013095 0.013095 0.000000 0.000000 0.000000 0.000000 0.000000 0.000000 0.000000 0.000000 0.007143 0.008333 0.008333 0.008333 0.007143 0.007143
0.000000 0.000000 0.000000 0.000000 0.000000 0.000000 0.000000 0.000000 0.000000 0.000000 0.000000 0.000000 0.000000 0.000000 0.128571 0.189286 0.197619 0.189286 0.171429 0.165476 0.165476 0.148810 0.136905 0.110714 0.091667 0.072619 0.058333 0.061905 0.060714 0.058333 0.051190 0.042857 0.038095 0.038095 0.030952 0.030952 0.032143 0.032143 0.028571 0.025000 0.020238 0.019048 0.019048 0.017857 0.019048 0.015476 0.014286 0.013095 0.013095 0.000000 0.000000 0.000000 0.000000 0.000000 0.000000 0.000000 0.000000 0.010714 0.009524 0.009524 0.008333 0.007143 0.005952
0.000000 0.000000 0.000000 0.000000 0.000000 0.000000 0.000000 0.000000 0.000000 0.000000 0.000000 0.000000 0.000000 0.000000 0.000000 0.197619 0.201190 0.195238 0.163095 0.161905 0.150000 0.128571 0.104762 0.082143 0.067857 0.057143 0.052381 0.050000 0.051190 0.045238 0.038095 0.029762 0.029762 0.030952 0.029762 0.028571 0.028571 0.027381 0.025000 0.021429 0.019048 0.020238 0.019048 0.017857 0.016667 0.017857 0.014286 0.014286 0.013095 0.011905 0.011905 0.011905 0.008333 0.008333 0.009524 0.009524 0.009524 0.009524 0.009524 0.007143 0.005952 0.005952 0.005952
0.000000 0.000000 0.000000 0.000000 0.000000 0.000000 0.000000 0.000000 0.000000 0.000000 0.000000 0.000000 0.000000 0.000000 0.000000 0.217857 0.203571 0.179762 0.150000 0.122619 0.000000 0.071429 0.061905 0.051190 0.050000 0.041667 0.032143 0.032143 0.033333 0.030952 0.026190 0.026190 0.026190 0.026190 0.028571 0.028571 0.026190 0.022619 0.019048 0.020238 0.020238 0.017857 0.017857 0.016667 0.016667 0.015476 0.013095 0.013095 0.013095 0.013095 0.013095 0.010714 0.008333 0.008333 0.009524 0.009524 0.009524 0.008333 0.007143 0.007143 0.007143 0.007143 0.005952
0.000000 0.000000 0.000000 0.000000 0.000000 0.000000 0.000000 0.000000 0.000000 0.000000 0.000000 0.000000 0.000000 0.000000 0.215476 0.179762 0.000000 0.000000 0.000000 0.000000 0.016667 0.044048 0.039286 0.036905 0.028571 0.023810 0.027381 0.030952 0.032143 0.026190 0.021429 0.025000 0.027381 0.027381 0.023810 0.022619 0.021429 0.021429 0.017857 0.023810 0.020238 0.016667 0.016667 0.017857 0.017857 0.014286 0.013095 0.014286 0.014286 0.013095 0.010714 0.009524 0.008333 0.008333 0.008333 0.008333 0.008333 0.007143 0.007143 0.005952 0.005952 0.005952 0.007143
0.000000 0.000000 0.000000 0.000000 0.000000 0.000000 0.000000 0.000000 0.000000 0.000000 0.000000 0.000000 0.000000 0.000000 0.135714 0.000000 0.000000 0.000000 0.000000 0.003571 0.008333 0.023810 0.023810 0.023810 0.021429 0.026190 0.026190 0.026190 0.020238 0.022619 0.023810 0.026190 0.023810 0.023810 0.026190 0.021429 0.020238 0.020238 0.017857 0.017857 0.016667 0.015476 0.015476 0.015476 0.011905 0.013095 0.013095 0.013095 0.013095 0.011905 0.010714 0.007143 0.007143 0.007143 0.008333 0.007143 0.007143 0.007143 0.007143 0.005952 0.005952 0.005952 0.005952
0.000000 0.000000 0.000000 0.000000 0.000000 0.000000 0.000000 0.000000 0.000000 0.000000 0.000000 0.000000 0.000000 0.000000 0.084524 0.000000 0.000000 0.000000 0.000000 0.000000 0.000000 0.014286 0.017857 0.016667 0.021429 0.022619 0.028571 0.026190 0.023810 0.023810 0.021429 0.016667 0.021429 0.020238 0.021429 0.020238 0.016667 0.014286 0.014286 0.016667 0.015476 0.015476 0.014286 0.010714 0.011905 0.011905 0.011905 0.010714 0.011905 0.009524 0.009524 0.007143 0.007143 0.007143 0.007143 0.007143 0.007143 0.007143 0.005952 0.005952 0.004762 0.004762 0.004762
0.000000 0.000000 0.000000 0.000000 0.000000 0.000000 0.000000 0.000000 0.000000 0.000000 0.000000 0.000000 0.000000 0.000000 0.051190 0.000000 0.000000 0.000000 0.000000 0.000000 0.000000 0.009524 0.010714 0.011905 0.013095 0.015476 0.017857 0.019048 0.019048 0.017857 0.016667 0.019048 0.017857 0.015476 0.016667 0.017857 0.017857 0.014286 0.013095 0.015476 0.014286 0.011905 0.013095 0.011905 0.011905 0.010714 0.010714 0.009524 0.009524 0.008333 0.007143 0.007143 0.007143 0.007143 0.007143 0.007143 0.007143 0.007143 0.005952 0.004762 0.004762 0.004762 0.004762
0.000000 0.000000 0.000000 0.000000 0.000000 0.000000 0.000000 0.000000 0.000000 0.000000 0.000000 0.000000 0.000000 0.000000 0.000000 0.000000 0.000000 0.000000 0.000000 0.000000 0.000000 0.007143 0.007143 0.008333 0.009524 0.009524 0.010714 0.013095 0.008333 0.013095 0.014286 0.015476 0.015476 0.000000 0.000000 0.000000 0.013095 0.013095 0.013095 0.013095 0.013095 0.000000 0.011905 0.011905 0.010714 0.010714 0.009524 0.009524 0.007143 0.007143 0.005952 0.007143 0.007143 0.007143 0.007143 0.005952 0.005952 0.004762 0.004762 0.004762 0.004762 0.003571 0.003571
