FireSTARR/Data/output/intensity_L_252_2017-09-09.asc
ncols         151
nrows         129
xllcorner     565643.378600
yllcorner     5760802.364000
cellsize      100.000000
NODATA_value  0.000000
[rows 84 to 111 of 129, columns 0 to 62 of 151]
0.000000 0.000000 0.000000 0.000000 0.000000 0.001190 0.001190 0.001190 0.001190 0.001190 0.001190 0.000000 0.000000 0.000000 0.000000 0.000000 0.000000 0.000000 0.000000 0.000000 0.000000 0.000000 0.000000 0.000000 0.000000 0.000000 0.000000 0.000000 0.000000 0.000000 0.000000 0.000000 0.000000 0.000000 0.000000 0.000000 0.000000 0.000000 0.000000 0.000000 0.000000 0.008333 0.009524 0.009524 0.013095 0.013095 0.010714 0.011905 0.010714 0.010714 0.011905 0.005952 0.007143 0.003571 0.004762 0.001190 0.002381 0.003571 0.004762 0.002381 0.002381 0.001190 0.003571
0.000000 0.000000 0.000000 0.001190 0.001190 0.001190 0.000000 0.000000 0.001190 0.000000 0.000000 0.001190 0.000000 0.000000 0.000000 0.000000 0.000000 0.000000 0.000000 0.000000 0.000000 0.000000 0.000000 0.000000 0.000000 0.000000 0.000000 0.000000 0.000000 0.000000 0.000000 0.000000 0.000000 0.000000 0.000000 0.000000 0.000000 0.000000 0.000000 0.000000 0.000000 0.009524 0.005952 0.010714 0.008333 0.010714 0.009524 0.009524 0.009524 0.015476 0.014286 0.007143 0.007143 0.004762 0.003571 0.003571 0.003571 0.002381 0.003571 0.002381 0.002381 0.000000 0.001190
0.000000 0.000000 0.000000 0.001190 0.001190 0.000000 0.000000 0.000000 0.000000 0.000000 0.000000 0.001190 0.001190 0.001190 0.001190 0.001190 0.001190 0.001190 0.000000 0.000000 0.000000 0.000000 0.000000 0.000000 0.000000 0.000000 0.000000 0.000000 0.000000 0.000000 0.000000 0.000000 0.000000 0.005952 0.000000 0.000000 0.000000 0.000000 0.000000 0.009524 0.009524 0.010714 0.007143 0.007143 0.010714 0.010714 0.009524 0.010714 0.010714 0.010714 0.011905 0.009524 0.005952 0.003571 0.003571 0.004762 0.003571 0.003571 0.004762 0.005952 0.003571 0.001190 0.002381
0.000000 0.000000 0.001190 0.001190 0.000000 0.000000 0.000000 0.000000 0.000000 0.000000 0.000000 0.000000 0.000000 0.000000 0.000000 0.000000 0.000000 0.001190 0.001190 0.000000 0.000000 0.000000 0.000000 0.000000 0.000000 0.000000 0.000000 0.000000 0.000000 0.000000 0.000000 0.000000 0.002381 0.008333 0.011905 0.000000 0.014286 0.015476 0.004762 0.004762 0.005952 0.008333 0.007143 0.008333 0.009524 0.004762 0.011905 0.013095 0.009524 0.011905 0.009524 0.013095 0.005952 0.004762 0.002381 0.007143 0.003571 0.002381 0.003571 0.007143 0.002381 0.001190 0.001190
0.000000 0.000000 0.001190 0.000000 0.000000 0.000000 0.000000 0.000000 0.000000 0.000000 0.000000 0.000000 0.000000 0.000000 0.000000 0.000000 0.000000 0.000000 0.000000 0.000000 0.000000 0.000000 0.000000 0.000000 0.000000 0.000000 0.000000 0.005952 0.001190 0.000000 0.000000 0.000000 0.008333 0.013095 0.014286 0.017857 0.016667 0.020238 0.007143 0.005952 0.004762 0.007143 0.008333 0.007143 0.003571 0.008333 0.013095 0.017857 0.014286 0.010714 0.009524 0.013095 0.008333 0.004762 0.004762 0.005952 0.003571 0.002381 0.008333 0.004762 0.002381 0.001190 0.001190
0.000000 0.000000 0.001190 0.000000 0.000000 0.000000 0.000000 0.000000 0.000000 0.000000 0.000000 0.000000 0.000000 0.000000 0.000000 0.000000 0.000000 0.000000 0.000000 0.000000 0.000000 0.000000 0.000000 0.000000 0.000000 0.000000 0.014286 0.011905 0.001190 0.000000 0.000000 0.023810 0.022619 0.000000 0.000000 0.011905 0.011905 0.014286 0.038095 0.007143 0.009524 0.003571 0.004762 0.005952 0.003571 0.007143 0.010714 0.017857 0.014286 0.009524 0.009524 0.011905 0.013095 0.007143 0.004762 0.003571 0.003571 0.001190 0.008333 0.000000 0.002381 0.002381 0.001190
0.000000 0.001190 0.000000 0.000000 0.000000 0.000000 0.000000 0.000000 0.000000 0.000000 0.000000 0.000000 0.000000 0.000000 0.000000 0.000000 0.000000 0.000000 0.000000 0.000000 0.000000 0.000000 0.000000 0.000000 0.000000 0.008333 0.007143 0.000000 0.000000 0.000000 0.046429 0.045238 0.047619 0.000000 0.000000 0.010714 0.008333 0.008333 0.042857 0.029762 0.041667 0.007143 0.005952 0.005952 0.003571 0.007143 0.010714 0.016667 0.014286 0.009524 0.009524 0.011905 0.013095 0.008333 0.004762 0.005952 0.003571 0.000000 0.008333 0.007143 0.007143 0.003571 0.002381
0.000000 0.001190 0.000000 0.001190 0.000000 0.000000 0.000000 0.000000 0.000000 0.000000 0.000000 0.000000 0.000000 0.000000 0.000000 0.000000 0.000000 0.000000 0.000000 0.000000 0.000000 0.000000 0.000000 0.000000 0.000000 0.007143 0.000000 0.000000 0.000000 0.009524 0.008333 0.000000 0.007143 0.008333 0.014286 0.013095 0.011905 0.011905 0.046429 0.044048 0.044048 0.004762 0.005952 0.008333 0.007143 0.004762 0.013095 0.011905 0.014286 0.007143 0.008333 0.014286 0.011905 0.010714 0.008333 0.003571 0.004762 0.001190 0.003571 0.003571 0.005952 0.001190 0.001190
0.000000 0.000000 0.000000 0.000000 0.000000 0.000000 0.000000 0.000000 0.000000 0.000000 0.000000 0.000000 0.000000 0.000000 0.000000 0.000000 0.000000 0.000000 0.000000 0.000000 0.000000 0.002381 0.000000 0.000000 0.000000 0.005952 0.010714 0.008333 0.004762 0.004762 0.000000 0.005952 0.007143 0.004762 0.005952 0.005952 0.004762 0.005952 0.007143 0.004762 0.007143 0.005952 0.005952 0.005952 0.008333 0.005952 0.013095 0.013095 0.011905 0.007143 0.007143 0.013095 0.011905 0.010714 0.008333 0.007143 0.000000 0.003571 0.004762 0.003571 0.002381 0.005952 0.004762
0.001190 0.001190 0.001190 0.000000 0.000000 0.000000 0.000000 0.000000 0.000000 0.000000 0.000000 0.000000 0.000000 0.000000 0.000000 0.000000 0.000000 0.000000 0.001190 0.001190 0.001190 0.002381 0.004762 0.005952 0.005952 0.004762 0.009524 0.008333 0.005952 0.002381 0.004762 0.005952 0.005952 0.004762 0.005952 0.004762 0.002381 0.005952 0.004762 0.003571 0.003571 0.005952 0.004762 0.004762 0.007143 0.008333 0.014286 0.015476 0.013095 0.008333 0.013095 0.013095 0.009524 0.009524 0.007143 0.005952 0.000000 0.003571 0.004762 0.003571 0.001190 0.004762 0.004762
0.001190 0.001190 0.001190 0.000000 0.000000 0.000000 0.000000 0.000000 0.000000 0.000000 0.000000 0.000000 0.000000 0.000000 0.000000 0.000000 0.000000 0.000000 0.000000 0.001190 0.001190 0.002381 0.004762 0.007143 0.005952 0.007143 0.009524 0.008333 0.009524 0.008333 0.005952 0.005952 0.007143 0.003571 0.002381 0.004762 0.005952 0.004762 0.005952 0.005952 0.003571 0.005952 0.007143 0.002381 0.009524 0.009524 0.010714 0.009524 0.008333 0.009524 0.013095 0.011905 0.010714 0.008333 0.008333 0.003571 0.005952 0.004762 0.003571 0.003571 0.001190 0.001190 0.001190
0.001190 0.001190 0.001190 0.000000 0.000000 0.000000 0.000000 0.000000 0.000000 0.000000 0.000000 0.000000 0.000000 0.000000 0.000000 0.000000 0.000000 0.000000 0.000000 0.000000 0.001190 0.002381 0.003571 0.005952 0.005952 0.000000 0.007143 0.008333 0.008333 0.009524 0.009524 0.008333 0.008333 0.005952 0.003571 0.002381 0.005952 0.004762 0.002381 0.004762 0.005952 0.003571 0.005952 0.004762 0.008333 0.007143 0.011905 0.013095 0.026190 0.013095 0.009524 0.010714 0.010714 0.010714 0.002381 0.002381 0.003571 0.003571 0.001190 0.001190 0.001190 0.001190 0.000000
0.000000 0.001190 0.001190 0.001190 0.000000 0.000000 0.000000 0.000000 0.000000 0.000000 0.000000 0.000000 0.000000 0.000000 0.000000 0.000000 0.000000 0.000000 0.000000 0.000000 0.001190 0.003571 0.002381 0.002381 0.000000 0.008333 0.008333 0.009524 0.009524 0.010714 0.011905 0.013095 0.005952 0.003571 0.003571 0.005952 0.004762 0.004762 0.003571 0.004762 0.007143 0.003571 0.008333 0.005952 0.005952 0.007143 0.010714 0.005952 0.023810 0.016667 0.013095 0.008333 0.011905 0.010714 0.003571 0.003571 0.002381 0.005952 0.003571 0.001190 0.001190 0.001190 0.000000
0.000000 0.000000 0.001190 0.000000 0.000000 0.000000 0.000000 0.000000 0.000000 0.000000 0.000000 0.000000 0.000000 0.000000 0.000000 0.000000 0.000000 0.001190 0.000000 0.000000 0.001190 0.001190 0.003571 0.002381 0.000000 0.005952 0.000000 0.011905 0.007143 0.008333 0.010714 0.014286 0.013095 0.008333 0.004762 0.004762 0.005952 0.003571 0.005952 0.005952 0.005952 0.008333 0.009524 0.009524 0.008333 0.007143 0.007143 0.009524 0.022619 0.020238 0.010714 0.004762 0.005952 0.008333 0.003571 0.004762 0.007143 0.003571 0.003571 0.001190 0.001190 0.000000 0.001190
0.000000 0.000000 0.001190 0.001190 0.001190 0.000000 0.000000 0.000000 0.000000 0.000000 0.000000 0.000000 0.000000 0.000000 0.000000 0.000000 0.000000 0.001190 0.000000 0.000000 0.000000 0.001190 0.000000 0.000000 0.000000 0.000000 0.000000 0.013095 0.011905 0.014286 0.010714 0.010714 0.013095 0.009524 0.004762 0.003571 0.005952 0.004762 0.000000 0.000000 0.000000 0.011905 0.007143 0.009524 0.007143 0.007143 0.005952 0.010714 0.013095 0.009524 0.010714 0.008333 0.007143 0.003571 0.003571 0.003571 0.008333 0.004762 0.002381 0.000000 0.000000 0.000000 0.001190
0.000000 0.000000 0.001190 0.001190 0.000000 0.000000 0.000000 0.000000 0.000000 0.000000 0.000000 0.000000 0.000000 0.000000 0.000000 0.000000 0.000000 0.000000 0.000000 0.000000 0.000000 0.000000 0.000000 0.000000 0.000000 0.000000 0.000000 0.008333 0.008333 0.015476 0.014286 0.015476 0.013095 0.013095 0.007143 0.003571 0.007143 0.005952 0.000000 0.000000 0.000000 0.007143 0.003571 0.010714 0.007143 0.008333 0.008333 0.011905 0.010714 0.008333 0.011905 0.010714 0.005952 0.003571 0.002381 0.004762 0.007143 0.003571 0.001190 0.001190 0.000000 0.000000 0.000000
0.000000 0.000000 0.000000 0.000000 0.000000 0.000000 0.000000 0.000000 0.000000 0.000000 0.000000 0.000000 0.000000 0.000000 0.000000 0.000000 0.000000 0.000000 0.000000 0.000000 0.000000 0.000000 0.000000 0.000000 0.000000 0.000000 0.000000 0.009524 0.009524 0.014286 0.016667 0.014286 0.013095 0.000000 0.008333 0.003571 0.003571 0.005952 0.000000 0.000000 0.004762 0.005952 0.009524 0.009524 0.008333 0.005952 0.008333 0.011905 0.010714 0.008333 0.009524 0.007143 0.004762 0.002381 0.003571 0.003571 0.001190 0.003571 0.001190 0.001190 0.000000 0.000000 0.001190
0.000000 0.000000 0.000000 0.000000 0.000000 0.000000 0.000000 0.000000 0.000000 0.000000 0.000000 0.000000 0.000000 0.000000 0.000000 0.000000 0.000000 0.000000 0.000000 0.000000 0.000000 0.000000 0.000000 0.000000 0.000000 0.000000 0.000000 0.009524 0.013095 0.016667 0.014286 0.014286 0.010714 0.011905 0.013095 0.005952 0.003571 0.004762 0.000000 0.007143 0.007143 0.005952 0.009524 0.004762 0.008333 0.007143 0.008333 0.011905 0.010714 0.011905 0.009524 0.013095 0.003571 0.003571 0.004762 0.002381 0.003571 0.002381 0.001190 0.001190 0.000000 0.000000 0.000000
0.000000 0.000000 0.000000 0.000000 0.000000 0.000000 0.000000 0.000000 0.000000 0.000000 0.000000 0.000000 0.000000 0.000000 0.000000 0.000000 0.000000 0.000000 0.000000 0.000000 0.000000 0.000000 0.000000 0.000000 0.000000 0.000000 0.000000 0.015476 0.014286 0.016667 0.013095 0.016667 0.010714 0.000000 0.010714 0.004762 0.003571 0.005952 0.003571 0.008333 0.009524 0.008333 0.009524 0.009524 0.003571 0.005952 0.010714 0.011905 0.008333 0.007143 0.010714 0.008333 0.005952 0.004762 0.003571 0.003571 0.002381 0.001190 0.003571 0.002381 0.001190 0.002381 0.000000
0.000000 0.000000 0.000000 0.000000 0.000000 0.000000 0.000000 0.000000 0.000000 0.000000 0.000000 0.000000 0.000000 0.000000 0.000000 0.000000 0.000000 0.000000 0.000000 0.000000 0.000000 0.000000 0.000000 0.000000 0.009524 0.005952 0.008333 0.014286 0.020238 0.022619 0.015476 0.017857 0.014286 0.009524 0.011905 0.011905 0.004762 0.005952 0.011905 0.008333 0.008333 0.005952 0.004762 0.007143 0.004762 0.007143 0.010714 0.010714 0.009524 0.009524 0.008333 0.008333 0.009524 0.008333 0.002381 0.002381 0.002381 0.001190 0.003571 0.001190 0.001190 0.001190 0.002381
0.000000 0.000000 0.000000 0.000000 0.000000 0.000000 0.000000 0.000000 0.000000 0.000000 0.000000 0.000000 0.000000 0.000000 0.000000 0.000000 0.000000 0.000000 0.000000 0.000000 0.000000 0.000000 0.000000 0.000000 0.009524 0.009524 0.009524 0.011905 0.015476 0.021429 0.020238 0.019048 0.013095 0.009524 0.010714 0.013095 0.004762 0.005952 0.005952 0.005952 0.007143 0.004762 0.005952 0.005952 0.008333 0.008333 0.013095 0.008333 0.008333 0.007143 0.005952 0.004762 0.010714 0.002381 0.007143 0.000000 0.004762 0.005952 0.004762 0.004762 0.001190 0.002381 0.002381
0.000000 0.000000 0.000000 0.000000 0.000000 0.000000 0.000000 0.000000 0.000000 0.000000 0.000000 0.000000 0.000000 0.000000 0.000000 0.000000 0.000000 0.000000 0.000000 0.000000 0.000000 0.000000 0.000000 0.000000 0.010714 0.010714 0.009524 0.015476 0.016667 0.015476 0.019048 0.014286 0.013095 0.011905 0.014286 0.005952 0.003571 0.009524 0.008333 0.009524 0.005952 0.005952 0.008333 0.004762 0.008333 0.011905 0.010714 0.011905 0.007143 0.007143 0.004762 0.003571 0.008333 0.005952 0.003571 0.001190 0.001190 0.001190 0.002381 0.004762 0.003571 0.002381 0.002381
0.000000 0.000000 0.000000 0.000000 0.000000 0.000000 0.000000 0.000000 0.000000 0.000000 0.000000 0.000000 0.000000 0.000000 0.000000 0.000000 0.000000 0.000000 0.000000 0.000000 0.000000 0.014286 0.016667 0.014286 0.015476 0.014286 0.010714 0.015476 0.013095 0.019048 0.022619 0.017857 0.016667 0.011905 0.014286 0.007143 0.008333 0.010714 0.007143 0.008333 0.011905 0.008333 0.007143 0.010714 0.010714 0.014286 0.009524 0.009524 0.005952 0.003571 0.005952 0.003571 0.004762 0.004762 0.004762 0.002381 0.002381 0.001190 0.000000 0.003571 0.003571 0.001190 0.002381
0.000000 0.000000 0.000000 0.000000 0.000000 0.000000 0.000000 0.000000 0.000000 0.000000 0.000000 0.000000 0.000000 0.000000 0.000000 0.000000 0.000000 0.000000 0.000000 0.000000 0.000000 0.007143 0.011905 0.019048 0.015476 0.009524 0.013095 0.014286 0.014286 0.017857 0.020238 0.017857 0.017857 0.014286 0.016667 0.009524 0.011905 0.013095 0.008333 0.007143 0.004762 0.009524 0.009524 0.013095 0.010714 0.008333 0.010714 0.005952 0.005952 0.004762 0.003571 0.004762 0.003571 0.003571 0.003571 0.001190 0.001190 0.002381 0.002381 0.002381 0.003571 0.003571 0.001190
0.000000 0.000000 0.000000 0.000000 0.000000 0.000000 0.000000 0.000000 0.000000 0.000000 0.000000 0.000000 0.000000 0.000000 0.000000 0.000000 0.000000 0.000000 0.000000 0.007143 0.007143 0.008333 0.011905 0.020238 0.022619 0.013095 0.015476 0.013095 0.022619 0.019048 0.017857 0.016667 0.016667 0.014286 0.019048 0.019048 0.009524 0.008333 0.009524 0.004762 0.008333 0.007143 0.011905 0.007143 0.008333 0.005952 0.007143 0.007143 0.003571 0.004762 0.003571 0.004762 0.004762 0.003571 0.003571 0.003571 0.003571 0.003571 0.004762 0.003571 0.002381 0.002381 0.000000
0.000000 0.000000 0.000000 0.000000 0.000000 0.000000 0.000000 0.000000 0.000000 0.000000 0.000000 0.000000 0.000000 0.000000 0.000000 0.000000 0.000000 0.000000 0.000000 0.000000 0.013095 0.009524 0.009524 0.021429 0.023810 0.015476 0.021429 0.021429 0.023810 0.016667 0.021429 0.016667 0.015476 0.015476 0.011905 0.015476 0.009524 0.008333 0.007143 0.004762 0.007143 0.007143 0.007143 0.004762 0.007143 0.008333 0.008333 0.003571 0.001190 0.004762 0.004762 0.004762 0.004762 0.004762 0.003571 0.003571 0.001190 0.000000 0.001190 0.002381 0.003571 0.002381 0.000000
0.000000 0.000000 0.000000 0.000000 0.000000 0.000000 0.000000 0.000000 0.000000 0.000000 0.000000 0.000000 0.000000 0.000000 0.000000 0.000000 0.000000 0.000000 0.000000 0.000000 0.019048 0.013095 0.011905 0.019048 0.019048 0.000000 0.020238 0.019048 0.021429 0.015476 0.015476 0.019048 0.016667 0.013095 0.007143 0.005952 0.004762 0.003571 0.005952 0.004762 0.004762 0.004762 0.004762 0.008333 0.009524 0.008333 0.003571 0.003571 0.003571 0.004762 0.004762 0.002381 0.003571 0.002381 0.002381 0.001190 0.001190 0.000000 0.000000 0.001190 0.001190 0.003571 0.000000
0.000000 0.000000 0.000000 0.000000 0.000000 0.000000 0.000000 0.000000 0.000000 0.000000 0.000000 0.000000 0.000000 0.000000 0.000000 0.000000 0.000000 0.000000 1.000000 0.078571 0.023810 0.000000 0.000000 0.000000 0.000000 0.021429 0.020238 0.020238 0.015476 0.019048 0.019048 0.020238 0.010714 0.007143 0.009524 0.010714 0.008333 0.003571 0.003571 0.003571 0.005952 0.003571 0.003571 0.007143 0.007143 0.004762 0.003571 0.002381 0.004762 0.003571 0.002381 0.003571 0.005952 0.002381 0.002381 0.002381 0.002381 0.000000 0.000000 0.001190 0.002381 0.002381 0.000000
