FireSTARR/Data/output/wxshield_241_2017-08-29.asc
ncols         105
nrows         66
xllcorner     567443.378600
yllcorner     5761302.364000
cellsize      100.000000
NODATA_value  0.000000
[rows 28 to 55 of 66, columns 0 to 62 of 105]
0.000000 0.000000 0.000000 0.000000 0.000000 0.000000 0.000000 0.000000 0.000000 0.000000 0.000000 0.000000 0.000000 0.000000 0.000000 0.003571 0.000000 0.000000 0.000000 0.000000 0.000000 0.041667 0.040476 0.040476 0.042857 0.045238 0.046429 0.041667 0.041667 0.038095 0.039286 0.035714 0.034524 0.029762 0.025000 0.022619 0.020238 0.017857 0.015476 0.015476 0.011905 0.003571 0.001190 0.004762 0.003571 0.003571 0.001190 0.001190 0.000000 0.000000 0.000000 0.000000 0.000000 0.000000 0.000000 0.000000 0.000000 0.000000 0.000000 0.000000 0.000000 0.000000 0.000000
0.000000 0.000000 0.000000 0.000000 0.000000 0.000000 0.000000 0.000000 0.000000 0.000000 0.001190 0.000000 0.000000 0.000000 0.001190 0.005952 0.015476 0.000000 0.036905 0.041667 0.046429 0.045238 0.042857 0.044048 0.048810 0.051190 0.047619 0.048810 0.045238 0.040476 0.039286 0.036905 0.034524 0.032143 0.025000 0.022619 0.020238 0.017857 0.015476 0.015476 0.013095 0.003571 0.001190 0.003571 0.003571 0.002381 0.001190 0.001190 0.000000 0.000000 0.000000 0.000000 0.000000 0.000000 0.000000 0.000000 0.000000 0.000000 0.000000 0.000000 0.000000 0.000000 0.000000
0.000000 0.000000 0.000000 0.000000 0.000000 0.000000 0.000000 0.000000 0.000000 0.004762 0.001190 0.000000 0.000000 0.000000 0.003571 0.008333 0.025000 0.040476 0.046429 0.046429 0.047619 0.046429 0.040476 0.050000 0.051190 0.052381 0.053571 0.051190 0.048810 0.045238 0.038095 0.038095 0.034524 0.033333 0.027381 0.022619 0.020238 0.017857 0.015476 0.016667 0.004762 0.001190 0.001190 0.003571 0.004762 0.004762 0.001190 0.001190 0.000000 0.000000 0.000000 0.000000 0.000000 0.000000 0.000000 0.000000 0.000000 0.000000 0.000000 0.000000 0.000000 0.000000 0.000000
0.000000 0.000000 0.000000 0.000000 0.000000 0.000000 0.000000 0.000000 0.011905 0.010714 0.002381 0.000000 0.000000 0.017857 0.016667 0.000000 0.000000 0.053571 0.055952 0.054762 0.034524 0.034524 0.041667 0.052381 0.055952 0.055952 0.055952 0.053571 0.050000 0.046429 0.041667 0.036905 0.033333 0.034524 0.028571 0.020238 0.020238 0.016667 0.017857 0.015476 0.003571 0.001190 0.001190 0.002381 0.004762 0.002381 0.002381 0.002381 0.000000 0.000000 0.000000 0.000000 0.000000 0.000000 0.000000 0.000000 0.000000 0.000000 0.000000 0.000000 0.000000 0.000000 0.000000
0.000000 0.000000 0.000000 0.000000 0.000000 0.000000 0.000000 0.016667 0.016667 0.000000 0.000000 0.000000 0.040476 0.040476 0.041667 0.000000 0.000000 0.058333 0.059524 0.059524 0.038095 0.028571 0.034524 0.054762 0.059524 0.058333 0.055952 0.053571 0.053571 0.048810 0.044048 0.041667 0.036905 0.034524 0.023810 0.021429 0.019048 0.019048 0.015476 0.014286 0.003571 0.002381 0.002381 0.004762 0.007143 0.002381 0.002381 0.002381 0.000000 0.000000 0.000000 0.000000 0.000000 0.000000 0.000000 0.000000 0.000000 0.000000 0.000000 0.000000 0.000000 0.000000 0.000000
0.000000 0.000000 0.000000 0.000000 0.000000 0.000000 0.000000 0.017857 0.000000 0.000000 0.000000 0.060714 0.063095 0.000000 0.069048 0.070238 0.065476 0.066667 0.065476 0.061905 0.040476 0.039286 0.039286 0.064286 0.063095 0.058333 0.055952 0.054762 0.053571 0.048810 0.046429 0.042857 0.035714 0.033333 0.025000 0.021429 0.019048 0.019048 0.015476 0.014286 0.013095 0.013095 0.002381 0.008333 0.007143 0.002381 0.002381 0.002381 0.000000 0.000000 0.000000 0.000000 0.000000 0.000000 0.000000 0.000000 0.000000 0.000000 0.000000 0.000000 0.000000 0.000000 0.000000
0.000000 0.000000 0.000000 0.004762 0.000000 0.000000 0.000000 0.022619 0.030952 0.046429 0.059524 0.066667 0.000000 0.070238 0.070238 0.075000 0.073810 0.072619 0.071429 0.071429 0.069048 0.067857 0.064286 0.064286 0.063095 0.061905 0.058333 0.054762 0.052381 0.052381 0.046429 0.040476 0.039286 0.030952 0.023810 0.020238 0.020238 0.019048 0.015476 0.014286 0.015476 0.011905 0.009524 0.002381 0.002381 0.005952 0.005952 0.004762 0.002381 0.002381 0.002381 0.002381 0.002381 0.000000 0.000000 0.000000 0.000000 0.000000 0.000000 0.000000 0.000000 0.000000 0.000000
0.001190 0.003571 0.003571 0.004762 0.004762 0.011905 0.020238 0.025000 0.032143 0.048810 0.065476 0.072619 0.077381 0.075000 0.076190 0.078571 0.079762 0.076190 0.075000 0.072619 0.070238 0.069048 0.067857 0.064286 0.064286 0.061905 0.058333 0.054762 0.053571 0.050000 0.046429 0.041667 0.034524 0.027381 0.022619 0.020238 0.020238 0.014286 0.014286 0.013095 0.011905 0.010714 0.009524 0.002381 0.002381 0.007143 0.007143 0.005952 0.002381 0.002381 0.002381 0.001190 0.002381 0.001190 0.001190 0.000000 0.000000 0.000000 0.000000 0.000000 0.000000 0.000000 0.000000
0.002381 0.003571 0.003571 0.003571 0.004762 0.009524 0.021429 0.026190 0.034524 0.055952 0.066667 0.072619 0.080952 0.080952 0.083333 0.083333 0.080952 0.079762 0.077381 0.073810 0.072619 0.067857 0.067857 0.065476 0.063095 0.061905 0.058333 0.055952 0.053571 0.048810 0.044048 0.036905 0.030952 0.025000 0.019048 0.017857 0.019048 0.014286 0.014286 0.013095 0.011905 0.010714 0.009524 0.009524 0.008333 0.008333 0.005952 0.002381 0.002381 0.002381 0.002381 0.002381 0.002381 0.001190 0.001190 0.000000 0.000000 0.000000 0.000000 0.000000 0.000000 0.000000 0.000000
0.002381 0.002381 0.003571 0.003571 0.003571 0.008333 0.019048 0.000000 0.036905 0.055952 0.070238 0.077381 0.084524 0.086905 0.088095 0.086905 0.083333 0.080952 0.079762 0.078571 0.078571 0.071429 0.069048 0.066667 0.063095 0.055952 0.058333 0.054762 0.050000 0.044048 0.020238 0.023810 0.026190 0.022619 0.019048 0.019048 0.015476 0.014286 0.014286 0.013095 0.011905 0.009524 0.009524 0.009524 0.009524 0.008333 0.007143 0.005952 0.005952 0.005952 0.002381 0.002381 0.000000 0.000000 0.000000 0.000000 0.000000 0.000000 0.000000 0.000000 0.000000 0.000000 0.000000
0.002381 0.002381 0.003571 0.003571 0.003571 0.008333 0.000000 0.020238 0.034524 0.063095 0.079762 0.090476 0.095238 0.095238 0.094048 0.091667 0.088095 0.084524 0.082143 0.082143 0.077381 0.077381 0.070238 0.063095 0.058333 0.055952 0.052381 0.048810 0.047619 0.046429 0.019048 0.013095 0.026190 0.026190 0.019048 0.016667 0.014286 0.013095 0.013095 0.011905 0.009524 0.008333 0.008333 0.009524 0.009524 0.008333 0.005952 0.005952 0.005952 0.004762 0.002381 0.002381 0.000000 0.000000 0.000000 0.000000 0.001190 0.001190 0.000000 0.000000 0.000000 0.000000 0.000000
0.001190 0.002381 0.003571 0.003571 0.003571 0.004762 0.000000 0.017857 0.000000 0.067857 0.089286 0.098810 0.103571 0.102381 0.098810 0.092857 0.090476 0.089286 0.084524 0.083333 0.078571 0.070238 0.061905 0.057143 0.052381 0.053571 0.050000 0.048810 0.047619 0.045238 0.017857 0.015476 0.027381 0.025000 0.019048 0.016667 0.013095 0.013095 0.011905 0.009524 0.009524 0.008333 0.008333 0.008333 0.007143 0.005952 0.004762 0.005952 0.005952 0.004762 0.004762 0.004762 0.002381 0.000000 0.000000 0.001190 0.001190 0.001190 0.001190 0.001190 0.001190 0.000000 0.000000
0.001190 0.001190 0.002381 0.002381 0.000000 0.000000 0.000000 0.000000 0.000000 0.078571 0.100000 0.104762 0.105952 0.105952 0.100000 0.097619 0.094048 0.092857 0.088095 0.084524 0.000000 0.000000 0.000000 0.054762 0.053571 0.053571 0.052381 0.050000 0.047619 0.042857 0.033333 0.029762 0.027381 0.022619 0.020238 0.015476 0.014286 0.014286 0.011905 0.010714 0.009524 0.009524 0.008333 0.008333 0.007143 0.007143 0.005952 0.005952 0.005952 0.005952 0.005952 0.004762 0.002381 0.001190 0.001190 0.000000 0.000000 0.001190 0.000000 0.001190 0.001190 0.000000 0.000000
0.001190 0.001190 0.001190 0.000000 0.000000 0.000000 0.000000 0.000000 0.000000 0.096429 0.115476 0.115476 0.108333 0.105952 0.104762 0.101190 0.096429 0.096429 0.091667 0.084524 0.000000 0.000000 0.000000 0.058333 0.058333 0.055952 0.051190 0.050000 0.046429 0.041667 0.033333 0.030952 0.025000 0.021429 0.016667 0.015476 0.014286 0.014286 0.010714 0.010714 0.009524 0.009524 0.009524 0.009524 0.008333 0.005952 0.005952 0.005952 0.005952 0.005952 0.005952 0.004762 0.001190 0.001190 0.001190 0.000000 0.000000 0.001190 0.001190 0.001190 0.001190 0.001190 0.001190
0.001190 0.000000 0.000000 0.000000 0.000000 0.000000 0.000000 0.000000 0.000000 0.109524 0.123810 0.121429 0.111905 0.109524 0.107143 0.000000 0.101190 0.097619 0.090476 0.083333 0.000000 0.000000 0.060714 0.060714 0.055952 0.053571 0.051190 0.047619 0.042857 0.038095 0.032143 0.029762 0.026190 0.021429 0.016667 0.014286 0.013095 0.013095 0.010714 0.010714 0.009524 0.009524 0.009524 0.009524 0.007143 0.007143 0.005952 0.005952 0.005952 0.005952 0.004762 0.003571 0.003571 0.003571 0.001190 0.001190 0.001190 0.001190 0.001190 0.001190 0.001190 0.001190 0.001190
0.000000 0.000000 0.000000 0.000000 0.000000 0.000000 0.000000 0.000000 0.000000 0.125000 0.129762 0.127381 0.120238 0.110714 0.111905 0.108333 0.100000 0.094048 0.092857 0.085714 0.000000 0.069048 0.063095 0.057143 0.054762 0.052381 0.048810 0.046429 0.040476 0.035714 0.032143 0.026190 0.023810 0.019048 0.013095 0.013095 0.011905 0.013095 0.010714 0.009524 0.009524 0.009524 0.009524 0.008333 0.007143 0.005952 0.003571 0.003571 0.002381 0.002381 0.002381 0.001190 0.001190 0.001190 0.000000 0.000000 0.000000 0.000000 0.000000 0.000000 0.000000 0.000000 0.000000
0.000000 0.000000 0.000000 0.000000 0.000000 0.000000 0.000000 0.000000 0.000000 0.135714 0.136905 0.134524 0.126190 0.116667 0.115476 0.000000 0.102381 0.094048 0.090476 0.079762 0.075000 0.066667 0.061905 0.054762 0.053571 0.048810 0.047619 0.042857 0.035714 0.032143 0.028571 0.023810 0.019048 0.015476 0.011905 0.010714 0.010714 0.009524 0.010714 0.008333 0.005952 0.003571 0.003571 0.002381 0.003571 0.002381 0.002381 0.002381 0.002381 0.002381 0.001190 0.001190 0.001190 0.001190 0.000000 0.000000 0.000000 0.000000 0.000000 0.000000 0.000000 0.000000 0.000000
0.000000 0.000000 0.000000 0.000000 0.000000 0.000000 0.136905 0.152381 0.146429 0.140476 0.138095 0.134524 0.130952 0.125000 0.115476 0.108333 0.102381 0.095238 0.086905 0.076190 0.071429 0.066667 0.060714 0.052381 0.050000 0.048810 0.045238 0.040476 0.034524 0.029762 0.027381 0.022619 0.017857 0.013095 0.003571 0.002381 0.005952 0.005952 0.003571 0.003571 0.003571 0.003571 0.003571 0.003571 0.002381 0.002381 0.002381 0.002381 0.002381 0.002381 0.001190 0.001190 0.001190 0.001190 0.001190 0.001190 0.001190 0.000000 0.000000 0.000000 0.000000 0.000000 0.000000
0.000000 0.000000 0.000000 0.000000 0.000000 0.000000 0.157143 0.154762 0.152381 0.142857 0.138095 0.141667 0.129762 0.122619 0.111905 0.105952 0.089286 0.083333 0.078571 0.073810 0.066667 0.060714 0.054762 0.051190 0.047619 0.045238 0.044048 0.036905 0.033333 0.028571 0.023810 0.020238 0.016667 0.014286 0.004762 0.001190 0.002381 0.000000 0.001190 0.000000 0.000000 0.000000 0.001190 0.000000 0.000000 0.000000 0.000000 0.000000 0.000000 0.000000 0.000000 0.000000 0.000000 0.000000 0.000000 0.000000 0.000000 0.000000 0.000000 0.000000 0.000000 0.000000 0.000000
0.000000 0.000000 0.000000 0.000000 0.000000 0.000000 0.161905 0.160714 0.154762 0.145238 0.140476 0.140476 0.128571 0.116667 0.105952 0.090476 0.083333 0.079762 0.073810 0.058333 0.059524 0.055952 0.052381 0.048810 0.046429 0.046429 0.039286 0.034524 0.029762 0.023810 0.020238 0.017857 0.016667 0.011905 0.003571 0.003571 0.002381 0.001190 0.001190 0.001190 0.000000 0.000000 0.001190 0.000000 0.000000 0.000000 0.000000 0.000000 0.000000 0.000000 0.001190 0.000000 0.000000 0.000000 0.000000 0.000000 0.000000 0.000000 0.000000 0.000000 0.000000 0.000000 0.000000
0.000000 0.000000 0.000000 0.172619 0.172619 0.167857 0.165476 0.163095 0.157143 0.148810 0.144048 0.135714 0.123810 0.104762 0.094048 0.083333 0.077381 0.071429 0.061905 0.058333 0.054762 0.048810 0.046429 0.044048 0.041667 0.040476 0.030952 0.028571 0.027381 0.020238 0.017857 0.014286 0.009524 0.008333 0.008333 0.007143 0.001190 0.000000 0.000000 0.000000 0.000000 0.000000 0.000000 0.000000 0.000000 0.000000 0.000000 0.001190 0.001190 0.001190 0.001190 0.001190 0.000000 0.000000 0.000000 0.000000 0.000000 0.000000 0.000000 0.000000 0.000000 0.000000 0.000000
0.000000 0.000000 0.000000 0.183333 0.179762 0.173810 0.166667 0.163095 0.159524 0.151190 0.138095 0.127381 0.105952 0.094048 0.082143 0.077381 0.072619 0.067857 0.051190 0.054762 0.046429 0.042857 0.041667 0.038095 0.038095 0.030952 0.028571 0.025000 0.019048 0.017857 0.013095 0.010714 0.008333 0.008333 0.007143 0.005952 0.001190 0.000000 0.000000 0.000000 0.000000 0.000000 0.000000 0.000000 0.000000 0.001190 0.001190 0.001190 0.001190 0.001190 0.001190 0.000000 0.000000 0.000000 0.000000 0.000000 0.000000 0.000000 0.000000 0.000000 0.000000 0.000000 0.000000
0.000000 0.129762 0.186905 0.192857 0.186905 0.178571 0.175000 0.166667 0.155952 0.140476 0.123810 0.101190 0.080952 0.075000 0.075000 0.070238 0.061905 0.052381 0.047619 0.046429 0.040476 0.038095 0.035714 0.033333 0.028571 0.027381 0.023810 0.022619 0.017857 0.014286 0.010714 0.009524 0.007143 0.007143 0.005952 0.004762 0.001190 0.001190 0.001190 0.001190 0.001190 0.001190 0.000000 0.000000 0.001190 0.001190 0.001190 0.001190 0.001190 0.000000 0.000000 0.000000 0.000000 0.000000 0.000000 0.000000 0.000000 0.000000 0.000000 0.000000 0.000000 0.000000 0.000000
0.000000 0.000000 0.200000 0.198810 0.197619 0.179762 0.170238 0.155952 0.138095 0.110714 0.089286 0.073810 0.069048 0.065476 0.057143 0.053571 0.047619 0.042857 0.038095 0.032143 0.034524 0.034524 0.034524 0.029762 0.025000 0.023810 0.022619 0.019048 0.016667 0.013095 0.010714 0.008333 0.008333 0.008333 0.005952 0.004762 0.003571 0.002381 0.002381 0.002381 0.002381 0.002381 0.001190 0.001190 0.001190 0.001190 0.000000 0.000000 0.000000 0.000000 0.000000 0.000000 0.000000 0.000000 0.000000 0.000000 0.000000 0.000000 0.000000 0.000000 0.000000 0.000000 0.000000
0.000000 0.000000 0.223810 0.203571 0.184524 0.159524 0.133333 0.000000 0.080952 0.070238 0.064286 0.057143 0.051190 0.044048 0.044048 0.038095 0.034524 0.032143 0.029762 0.030952 0.030952 0.032143 0.029762 0.028571 0.022619 0.019048 0.017857 0.015476 0.013095 0.011905 0.009524 0.008333 0.008333 0.008333 0.007143 0.005952 0.003571 0.003571 0.002381 0.002381 0.002381 0.002381 0.002381 0.001190 0.000000 0.000000 0.000000 0.000000 0.000000 0.000000 0.000000 0.000000 0.000000 0.000000 0.000000 0.000000 0.000000 0.000000 0.000000 0.000000 0.000000 0.000000 0.000000
1.000000 0.266667 0.190476 0.000000 0.000000 0.000000 0.000000 0.059524 0.057143 0.054762 0.046429 0.040476 0.033333 0.034524 0.034524 0.030952 0.032143 0.026190 0.026190 0.027381 0.027381 0.027381 0.023810 0.021429 0.017857 0.015476 0.016667 0.013095 0.013095 0.010714 0.009524 0.008333 0.008333 0.007143 0.007143 0.004762 0.003571 0.002381 0.002381 0.002381 0.002381 0.001190 0.001190 0.000000 0.000000 0.000000 0.000000 0.000000 0.000000 0.000000 0.000000 0.000000 0.000000 0.000000 0.000000 0.000000 0.000000 0.000000 0.000000 0.000000 0.000000 0.000000 0.000000
0.000000 0.163095 0.000000 0.000000 0.000000 0.000000 0.033333 0.035714 0.041667 0.040476 0.035714 0.029762 0.028571 0.026190 0.028571 0.025000 0.025000 0.022619 0.021429 0.021429 0.020238 0.021429 0.019048 0.017857 0.015476 0.015476 0.013095 0.011905 0.009524 0.007143 0.007143 0.007143 0.007143 0.005952 0.004762 0.003571 0.003571 0.002381 0.001190 0.001190 0.001190 0.001190 0.001190 0.001190 0.000000 0.000000 0.000000 0.000000 0.000000 0.000000 0.000000 0.000000 0.000000 0.000000 0.000000 0.000000 0.000000 0.000000 0.000000 0.000000 0.000000 0.000000 0.000000
0.000000 0.102381 0.000000 0.000000 0.000000 0.000000 0.000000 0.000000 0.032143 0.034524 0.029762 0.026190 0.023810 0.025000 0.021429 0.021429 0.021429 0.020238 0.019048 0.019048 0.017857 0.017857 0.016667 0.015476 0.011905 0.011905 0.013095 0.009524 0.008333 0.007143 0.007143 0.007143 0.007143 0.005952 0.003571 0.003571 0.002381 0.002381 0.001190 0.001190 0.001190 0.001190 0.001190 0.001190 0.001190 0.000000 0.000000 0.000000 0.000000 0.000000 0.000000 0.000000 0.000000 0.000000 0.000000 0.000000 0.000000 0.000000 0.000000 0.000000 0.000000 0.000000 0.000000
