FireSTARR/Data/output/wxshield_239_2017-08-27.asc
ncols         22
nrows         31
xllcorner     567443.378600
yllcorner     5761802.364000
cellsize      100.000000
NODATA_value  0.000000
0.000000 0.000000 0.000000 0.000000 0.000000 0.000000 0.000000 0.000000 0.000000 0.001190 0.000000 0.000000 0.000000 0.000000 0.000000 0.000000 0.000000 0.000000 0.000000 0.000000 0.000000 0.000000 
0.000000 0.000000 0.000000 0.000000 0.000000 0.000000 0.000000 0.000000 0.002381 0.001190 0.000000 0.000000 0.000000 0.000000 0.000000 0.000000 0.000000 0.000000 0.000000 0.000000 0.000000 0.000000 
0.000000 0.000000 0.000000 0.000000 0.000000 0.000000 0.000000 0.004762 0.004762 0.000000 0.000000 0.000000 0.002381 0.003571 0.002381 0.000000 0.000000 0.001190 0.000000 0.000000 0.000000 0.000000 
0.000000 0.000000 0.000000 0.000000 0.000000 0.000000 0.000000 0.004762 0.000000 0.000000 0.000000 0.004762 0.004762 0.000000 0.003571 0.003571 0.002381 0.002381 0.001190 0.000000 0.000000 0.000000 
0.000000 0.000000 0.000000 0.003571 0.000000 0.000000 0.000000 0.004762 0.004762 0.004762 0.004762 0.004762 0.000000 0.004762 0.003571 0.003571 0.003571 0.002381 0.001190 0.001190 0.001190 0.000000 
0.001190 0.001190 0.001190 0.003571 0.003571 0.004762 0.004762 0.005952 0.007143 0.007143 0.007143 0.004762 0.004762 0.004762 0.004762 0.003571 0.003571 0.002381 0.001190 0.001190 0.001190 0.000000 
0.001190 0.001190 0.001190 0.002381 0.003571 0.004762 0.005952 0.009524 0.009524 0.009524 0.009524 0.009524 0.005952 0.004762 0.004762 0.004762 0.003571 0.003571 0.002381 0.001190 0.001190 0.000000 
0.001190 0.001190 0.001190 0.002381 0.002381 0.003571 0.007143 0.000000 0.011905 0.011905 0.010714 0.009524 0.009524 0.005952 0.005952 0.004762 0.003571 0.003571 0.002381 0.001190 0.001190 0.001190 
0.001190 0.001190 0.001190 0.002381 0.002381 0.003571 0.000000 0.010714 0.013095 0.011905 0.011905 0.010714 0.009524 0.008333 0.005952 0.004762 0.003571 0.003571 0.002381 0.001190 0.001190 0.001190 
0.000000 0.001190 0.001190 0.001190 0.002381 0.002381 0.000000 0.009524 0.000000 0.013095 0.013095 0.011905 0.011905 0.009524 0.008333 0.005952 0.003571 0.003571 0.002381 0.002381 0.001190 0.000000 
0.000000 0.000000 0.001190 0.001190 0.000000 0.000000 0.000000 0.000000 0.000000 0.019048 0.016667 0.013095 0.011905 0.010714 0.008333 0.005952 0.004762 0.003571 0.003571 0.002381 0.000000 0.000000 
0.000000 0.000000 0.000000 0.000000 0.000000 0.000000 0.000000 0.000000 0.000000 0.021429 0.021429 0.017857 0.013095 0.013095 0.009524 0.007143 0.004762 0.003571 0.003571 0.002381 0.000000 0.000000 
0.000000 0.000000 0.000000 0.000000 0.000000 0.000000 0.000000 0.000000 0.000000 0.022619 0.022619 0.020238 0.016667 0.013095 0.010714 0.000000 0.004762 0.003571 0.003571 0.001190 0.000000 0.000000 
0.000000 0.000000 0.000000 0.000000 0.000000 0.000000 0.000000 0.000000 0.000000 0.028571 0.025000 0.022619 0.019048 0.013095 0.013095 0.009524 0.007143 0.004762 0.002381 0.001190 0.000000 0.001190 
0.000000 0.000000 0.000000 0.000000 0.000000 0.000000 0.000000 0.000000 0.000000 0.033333 0.028571 0.023810 0.020238 0.016667 0.013095 0.000000 0.007143 0.004762 0.002381 0.001190 0.001190 0.001190 
0.000000 0.000000 0.000000 0.000000 0.000000 0.000000 0.051190 0.050000 0.046429 0.039286 0.029762 0.025000 0.022619 0.017857 0.013095 0.009524 0.008333 0.007143 0.001190 0.001190 0.001190 0.000000 
0.000000 0.000000 0.000000 0.000000 0.000000 0.000000 0.052381 0.052381 0.050000 0.040476 0.030952 0.026190 0.020238 0.019048 0.010714 0.009524 0.008333 0.007143 0.001190 0.001190 0.001190 0.000000 
0.000000 0.000000 0.000000 0.000000 0.000000 0.000000 0.058333 0.053571 0.051190 0.041667 0.030952 0.029762 0.020238 0.017857 0.010714 0.009524 0.008333 0.002381 0.001190 0.001190 0.001190 0.000000 
0.000000 0.000000 0.000000 0.089286 0.085714 0.073810 0.064286 0.055952 0.050000 0.042857 0.033333 0.029762 0.019048 0.017857 0.009524 0.009524 0.008333 0.001190 0.001190 0.001190 0.001190 0.000000 
0.000000 0.000000 0.000000 0.095238 0.088095 0.078571 0.065476 0.057143 0.050000 0.041667 0.032143 0.025000 0.020238 0.017857 0.009524 0.009524 0.007143 0.001190 0.001190 0.001190 0.001190 0.000000 
0.000000 0.096429 0.097619 0.096429 0.091667 0.078571 0.067857 0.058333 0.047619 0.041667 0.033333 0.023810 0.020238 0.015476 0.009524 0.008333 0.004762 0.002381 0.001190 0.001190 0.000000 0.000000 
0.000000 0.000000 0.098810 0.095238 0.090476 0.077381 0.065476 0.054762 0.044048 0.036905 0.027381 0.022619 0.016667 0.011905 0.009524 0.004762 0.002381 0.002381 0.001190 0.001190 0.000000 0.000000 
0.000000 0.000000 0.105952 0.090476 0.078571 0.073810 0.060714 0.000000 0.038095 0.032143 0.023810 0.015476 0.013095 0.010714 0.005952 0.004762 0.001190 0.001190 0.001190 0.000000 0.000000 0.000000 
1.000000 0.115476 0.103571 0.000000 0.000000 0.000000 0.000000 0.035714 0.027381 0.020238 0.015476 0.015476 0.011905 0.007143 0.004762 0.002381 0.001190 0.001190 0.001190 0.000000 0.000000 0.000000 
0.000000 0.094048 0.000000 0.000000 0.000000 0.000000 0.019048 0.020238 0.019048 0.015476 0.014286 0.011905 0.007143 0.003571 0.003571 0.001190 0.001190 0.001190 0.000000 0.000000 0.000000 0.000000 
0.000000 0.054762 0.000000 0.000000 0.000000 0.000000 0.000000 0.000000 0.014286 0.013095 0.009524 0.005952 0.003571 0.003571 0.002381 0.001190 0.001190 0.000000 0.000000 0.000000 0.000000 0.000000 
0.000000 0.032143 0.000000 0.000000 0.000000 0.000000 0.000000 0.000000 0.009524 0.007143 0.004762 0.003571 0.003571 0.003571 0.001190 0.001190 0.001190 0.000000 0.000000 0.000000 0.000000 0.000000 
0.000000 0.000000 0.000000 0.000000 0.000000 0.000000 0.000000 0.000000 0.004762 0.003571 0.003571 0.003571 0.002381 0.001190 0.001190 0.000000 0.000000 0.000000 0.000000 0.000000 0.000000 0.000000 
0.000000 0.000000 0.000000 0.000000 0.000000 0.001190 0.001190 0.003571 0.003571 0.003571 0.002381 0.001190 0.001190 0.000000 0.000000 0.000000 0.000000 0.000000 0.000000 0.000000 0.000000 0.000000 
0.000000 0.000000 0.000000 0.000000 0.000000 0.001190 0.001190 0.002381 0.002381 0.001190 0.001190 0.001190 0.000000 0.000000 0.000000 0.000000 0.000000 0.000000 0.000000 0.000000 0.000000 0.000000 
0.000000 0.000000 0.000000 0.000000 0.000000 0.000000 0.000000 0.001190 0.001190 0.001190 0.000000 0.000000 0.000000 0.000000 0.000000 0.000000 0.000000 0.000000 0.000000 0.000000 0.000000 0.000000 
