FireSTARR/Data/output/wxshield_252_2017-09-09.asc
ncols         151
nrows         133
xllcorner     565643.378600
yllcorner     5760402.364000
cellsize      100.000000
NODATA_value  0.000000
[rows 84 to 111 of 133, columns 0 to 62 of 151]
0.000000 0.000000 0.000000 0.000000 0.000000 0.001190 0.001190 0.001190 0.001190 0.001190 0.001190 0.000000 0.000000 0.000000 0.000000 0.000000 0.000000 0.000000 0.000000 0.000000 0.000000 0.000000 0.000000 0.000000 0.000000 0.000000 0.000000 0.000000 0.000000 0.000000 0.000000 0.000000 0.000000 0.000000 0.000000 0.000000 0.000000 0.000000 0.000000 0.000000 0.000000 0.050000 0.061905 0.064286 0.064286 0.064286 0.064286 0.063095 0.060714 0.058333 0.057143 0.051190 0.051190 0.042857 0.036905 0.034524 0.032143 0.032143 0.030952 0.029762 0.027381 0.022619 0.021429
0.000000 0.000000 0.000000 0.001190 0.001190 0.001190 0.001190 0.001190 0.001190 0.001190 0.001190 0.001190 0.000000 0.000000 0.000000 0.000000 0.000000 0.000000 0.000000 0.000000 0.000000 0.000000 0.000000 0.000000 0.000000 0.000000 0.000000 0.000000 0.000000 0.000000 0.000000 0.000000 0.000000 0.000000 0.000000 0.000000 0.000000 0.000000 0.000000 0.000000 0.000000 0.058333 0.064286 0.069048 0.067857 0.069048 0.064286 0.065476 0.065476 0.064286 0.060714 0.053571 0.051190 0.045238 0.036905 0.036905 0.034524 0.032143 0.029762 0.028571 0.025000 0.020238 0.020238
0.000000 0.000000 0.000000 0.001190 0.001190 0.001190 0.001190 0.001190 0.001190 0.001190 0.001190 0.001190 0.001190 0.001190 0.001190 0.001190 0.001190 0.001190 0.000000 0.000000 0.000000 0.000000 0.000000 0.000000 0.000000 0.000000 0.000000 0.000000 0.000000 0.000000 0.000000 0.000000 0.000000 0.008333 0.000000 0.000000 0.000000 0.000000 0.000000 0.066667 0.065476 0.063095 0.070238 0.075000 0.072619 0.069048 0.067857 0.066667 0.066667 0.065476 0.059524 0.057143 0.051190 0.045238 0.041667 0.039286 0.035714 0.036905 0.032143 0.008333 0.005952 0.015476 0.015476
0.000000 0.000000 0.001190 0.001190 0.001190 0.001190 0.001190 0.001190 0.001190 0.001190 0.001190 0.001190 0.001190 0.001190 0.001190 0.001190 0.001190 0.001190 0.001190 0.000000 0.000000 0.000000 0.000000 0.000000 0.000000 0.000000 0.000000 0.000000 0.001190 0.000000 0.000000 0.000000 0.005952 0.013095 0.026190 0.000000 0.054762 0.060714 0.070238 0.069048 0.066667 0.070238 0.077381 0.079762 0.073810 0.071429 0.070238 0.071429 0.069048 0.071429 0.063095 0.058333 0.053571 0.047619 0.044048 0.042857 0.039286 0.038095 0.032143 0.009524 0.004762 0.009524 0.013095
0.000000 0.000000 0.001190 0.001190 0.001190 0.001190 0.001190 0.001190 0.001190 0.001190 0.001190 0.001190 0.001190 0.001190 0.001190 0.001190 0.001190 0.001190 0.000000 0.000000 0.000000 0.000000 0.000000 0.000000 0.000000 0.000000 0.000000 0.005952 0.002381 0.000000 0.000000 0.000000 0.014286 0.017857 0.028571 0.055952 0.064286 0.067857 0.071429 0.064286 0.064286 0.077381 0.080952 0.078571 0.075000 0.073810 0.072619 0.073810 0.072619 0.070238 0.063095 0.059524 0.052381 0.045238 0.045238 0.041667 0.039286 0.039286 0.011905 0.007143 0.004762 0.010714 0.013095
0.000000 0.000000 0.001190 0.000000 0.000000 0.001190 0.001190 0.001190 0.001190 0.001190 0.001190 0.001190 0.001190 0.001190 0.001190 0.001190 0.001190 0.000000 0.000000 0.000000 0.000000 0.000000 0.000000 0.000000 0.000000 0.000000 0.014286 0.013095 0.002381 0.000000 0.000000 0.027381 0.030952 0.000000 0.000000 0.070238 0.075000 0.072619 0.051190 0.053571 0.066667 0.078571 0.083333 0.082143 0.078571 0.077381 0.075000 0.075000 0.073810 0.066667 0.063095 0.061905 0.053571 0.046429 0.042857 0.040476 0.039286 0.036905 0.010714 0.002381 0.004762 0.015476 0.016667
0.000000 0.001190 0.001190 0.000000 0.000000 0.001190 0.001190 0.001190 0.001190 0.001190 0.001190 0.001190 0.001190 0.001190 0.001190 0.001190 0.001190 0.000000 0.000000 0.000000 0.000000 0.000000 0.000000 0.000000 0.000000 0.028571 0.026190 0.000000 0.000000 0.000000 0.054762 0.052381 0.057143 0.000000 0.000000 0.079762 0.077381 0.077381 0.055952 0.039286 0.052381 0.082143 0.082143 0.082143 0.078571 0.079762 0.076190 0.077381 0.073810 0.071429 0.067857 0.059524 0.052381 0.045238 0.041667 0.042857 0.038095 0.034524 0.010714 0.009524 0.009524 0.020238 0.020238
0.000000 0.001190 0.001190 0.001190 0.001190 0.001190 0.001190 0.001190 0.001190 0.001190 0.001190 0.001190 0.001190 0.001190 0.001190 0.001190 0.001190 0.001190 0.000000 0.000000 0.000000 0.000000 0.000000 0.000000 0.000000 0.029762 0.000000 0.000000 0.000000 0.079762 0.079762 0.000000 0.090476 0.094048 0.085714 0.088095 0.086905 0.084524 0.057143 0.055952 0.054762 0.085714 0.083333 0.080952 0.083333 0.077381 0.078571 0.073810 0.073810 0.069048 0.067857 0.059524 0.051190 0.047619 0.044048 0.040476 0.039286 0.035714 0.033333 0.032143 0.009524 0.022619 0.019048
0.000000 0.001190 0.001190 0.001190 0.001190 0.001190 0.001190 0.001190 0.001190 0.001190 0.001190 0.001190 0.001190 0.001190 0.001190 0.001190 0.000000 0.001190 0.000000 0.000000 0.000000 0.009524 0.000000 0.000000 0.000000 0.029762 0.045238 0.059524 0.076190 0.084524 0.000000 0.088095 0.090476 0.097619 0.097619 0.096429 0.095238 0.092857 0.091667 0.090476 0.088095 0.084524 0.082143 0.083333 0.082143 0.079762 0.078571 0.076190 0.073810 0.067857 0.064286 0.057143 0.050000 0.046429 0.044048 0.041667 0.035714 0.034524 0.035714 0.029762 0.026190 0.009524 0.008333
0.001190 0.001190 0.001190 0.001190 0.001190 0.001190 0.001190 0.001190 0.001190 0.001190 0.001190 0.001190 0.001190 0.001190 0.001190 0.000000 0.000000 0.001190 0.003571 0.007143 0.007143 0.009524 0.013095 0.021429 0.027381 0.032143 0.044048 0.063095 0.079762 0.085714 0.094048 0.092857 0.095238 0.100000 0.101190 0.096429 0.096429 0.095238 0.092857 0.090476 0.090476 0.084524 0.082143 0.083333 0.080952 0.079762 0.078571 0.078571 0.072619 0.066667 0.058333 0.053571 0.047619 0.046429 0.044048 0.039286 0.033333 0.032143 0.029762 0.027381 0.026190 0.008333 0.008333
0.001190 0.001190 0.001190 0.001190 0.001190 0.001190 0.001190 0.001190 0.001190 0.001190 0.001190 0.001190 0.001190 0.001190 0.001190 0.001190 0.001190 0.001190 0.003571 0.005952 0.005952 0.008333 0.013095 0.020238 0.029762 0.034524 0.045238 0.071429 0.084524 0.088095 0.098810 0.102381 0.105952 0.107143 0.103571 0.100000 0.101190 0.097619 0.094048 0.089286 0.086905 0.084524 0.083333 0.080952 0.083333 0.079762 0.076190 0.072619 0.065476 0.059524 0.053571 0.047619 0.045238 0.042857 0.042857 0.036905 0.035714 0.032143 0.027381 0.026190 0.023810 0.022619 0.020238
0.001190 0.001190 0.001190 0.001190 0.001190 0.001190 0.001190 0.001190 0.001190 0.001190 0.001190 0.001190 0.001190 0.001190 0.001190 0.001190 0.001190 0.002381 0.003571 0.003571 0.005952 0.007143 0.009524 0.016667 0.027381 0.000000 0.048810 0.070238 0.089286 0.095238 0.105952 0.110714 0.114286 0.111905 0.105952 0.102381 0.103571 0.101190 0.097619 0.089286 0.085714 0.084524 0.083333 0.076190 0.079762 0.077381 0.073810 0.066667 0.032143 0.048810 0.047619 0.045238 0.042857 0.042857 0.040476 0.035714 0.033333 0.029762 0.027381 0.025000 0.023810 0.022619 0.020238
0.000000 0.001190 0.001190 0.001190 0.001190 0.001190 0.001190 0.001190 0.001190 0.001190 0.001190 0.001190 0.001190 0.001190 0.001190 0.001190 0.001190 0.002381 0.003571 0.003571 0.005952 0.007143 0.008333 0.010714 0.000000 0.028571 0.046429 0.079762 0.097619 0.113095 0.122619 0.120238 0.116667 0.113095 0.110714 0.105952 0.103571 0.104762 0.096429 0.092857 0.086905 0.079762 0.078571 0.079762 0.077381 0.073810 0.071429 0.066667 0.030952 0.022619 0.046429 0.047619 0.045238 0.041667 0.036905 0.033333 0.029762 0.029762 0.026190 0.022619 0.021429 0.022619 0.020238
0.000000 0.000000 0.001190 0.001190 0.001190 0.001190 0.001190 0.001190 0.001190 0.001190 0.001190 0.001190 0.001190 0.001190 0.001190 0.001190 0.001190 0.002381 0.002381 0.003571 0.005952 0.005952 0.007143 0.008333 0.000000 0.021429 0.000000 0.089286 0.111905 0.122619 0.132143 0.134524 0.127381 0.117857 0.113095 0.111905 0.107143 0.101190 0.100000 0.085714 0.077381 0.075000 0.072619 0.077381 0.073810 0.071429 0.070238 0.067857 0.029762 0.026190 0.047619 0.045238 0.044048 0.040476 0.035714 0.034524 0.030952 0.026190 0.023810 0.022619 0.021429 0.020238 0.020238
0.000000 0.000000 0.001190 0.001190 0.001190 0.000000 0.000000 0.001190 0.001190 0.001190 0.001190 0.001190 0.001190 0.001190 0.001190 0.001190 0.001190 0.002381 0.002381 0.002381 0.003571 0.004762 0.000000 0.000000 0.000000 0.000000 0.000000 0.098810 0.123810 0.135714 0.133333 0.133333 0.130952 0.125000 0.115476 0.109524 0.110714 0.107143 0.000000 0.000000 0.000000 0.073810 0.075000 0.077381 0.073810 0.071429 0.070238 0.064286 0.065476 0.054762 0.052381 0.048810 0.045238 0.040476 0.035714 0.032143 0.030952 0.026190 0.025000 0.022619 0.021429 0.020238 0.020238
0.000000 0.000000 0.001190 0.001190 0.000000 0.000000 0.000000 0.001190 0.001190 0.001190 0.000000 0.001190 0.001190 0.001190 0.001190 0.001190 0.001190 0.002381 0.002381 0.002381 0.002381 0.000000 0.000000 0.000000 0.000000 0.000000 0.000000 0.113095 0.136905 0.142857 0.136905 0.133333 0.133333 0.130952 0.117857 0.111905 0.109524 0.107143 0.000000 0.000000 0.000000 0.076190 0.080952 0.076190 0.070238 0.069048 0.066667 0.066667 0.059524 0.054762 0.051190 0.048810 0.044048 0.039286 0.033333 0.032143 0.028571 0.026190 0.023810 0.023810 0.022619 0.021429 0.021429
0.000000 0.000000 0.000000 0.000000 0.000000 0.000000 0.000000 0.000000 0.000000 0.000000 0.000000 0.000000 0.001190 0.001190 0.000000 0.000000 0.000000 0.001190 0.002381 0.000000 0.000000 0.000000 0.000000 0.000000 0.000000 0.000000 0.000000 0.130952 0.148810 0.145238 0.141667 0.138095 0.134524 0.000000 0.121429 0.114286 0.108333 0.105952 0.000000 0.000000 0.078571 0.078571 0.079762 0.072619 0.067857 0.067857 0.064286 0.064286 0.058333 0.051190 0.048810 0.047619 0.041667 0.035714 0.032143 0.032143 0.027381 0.027381 0.025000 0.025000 0.022619 0.021429 0.021429
0.000000 0.000000 0.000000 0.000000 0.000000 0.000000 0.000000 0.000000 0.000000 0.000000 0.000000 0.000000 0.001190 0.001190 0.000000 0.000000 0.000000 0.001190 0.002381 0.000000 0.000000 0.000000 0.000000 0.000000 0.000000 0.000000 0.000000 0.150000 0.158333 0.153571 0.144048 0.138095 0.134524 0.132143 0.122619 0.114286 0.110714 0.104762 0.000000 0.089286 0.082143 0.079762 0.076190 0.070238 0.066667 0.063095 0.061905 0.059524 0.057143 0.052381 0.050000 0.047619 0.036905 0.032143 0.030952 0.028571 0.028571 0.027381 0.026190 0.023810 0.022619 0.022619 0.023810
0.000000 0.000000 0.000000 0.000000 0.000000 0.000000 0.000000 0.000000 0.000000 0.000000 0.000000 0.000000 0.000000 0.000000 0.000000 0.000000 0.000000 0.001190 0.002381 0.000000 0.000000 0.000000 0.000000 0.000000 0.000000 0.000000 0.000000 0.163095 0.163095 0.163095 0.150000 0.141667 0.136905 0.000000 0.121429 0.109524 0.108333 0.101190 0.096429 0.090476 0.085714 0.076190 0.071429 0.067857 0.065476 0.060714 0.059524 0.058333 0.052381 0.048810 0.046429 0.040476 0.034524 0.029762 0.029762 0.027381 0.028571 0.026190 0.021429 0.020238 0.020238 0.021429 0.021429
0.000000 0.000000 0.000000 0.000000 0.000000 0.000000 0.000000 0.000000 0.000000 0.000000 0.000000 0.000000 0.000000 0.000000 0.000000 0.000000 0.000000 0.000000 0.000000 0.000000 0.000000 0.000000 0.000000 0.000000 0.161905 0.176190 0.173810 0.171429 0.171429 0.167857 0.155952 0.153571 0.134524 0.127381 0.123810 0.117857 0.105952 0.096429 0.094048 0.089286 0.084524 0.071429 0.067857 0.065476 0.060714 0.060714 0.057143 0.052381 0.048810 0.046429 0.044048 0.038095 0.013095 0.011905 0.022619 0.025000 0.022619 0.021429 0.022619 0.021429 0.019048 0.020238 0.019048
0.000000 0.000000 0.000000 0.000000 0.000000 0.000000 0.000000 0.000000 0.000000 0.000000 0.000000 0.000000 0.000000 0.000000 0.000000 0.000000 0.000000 0.000000 0.000000 0.000000 0.000000 0.000000 0.000000 0.000000 0.182143 0.182143 0.177381 0.172619 0.170238 0.172619 0.163095 0.147619 0.134524 0.127381 0.111905 0.104762 0.097619 0.091667 0.088095 0.083333 0.075000 0.069048 0.065476 0.061905 0.059524 0.059524 0.057143 0.051190 0.047619 0.044048 0.039286 0.035714 0.015476 0.007143 0.011905 0.000000 0.009524 0.008333 0.007143 0.005952 0.017857 0.017857 0.017857
0.000000 0.000000 0.000000 0.000000 0.000000 0.000000 0.000000 0.000000 0.000000 0.000000 0.000000 0.000000 0.000000 0.000000 0.000000 0.000000 0.000000 0.000000 0.000000 0.000000 0.000000 0.000000 0.000000 0.000000 0.190476 0.188095 0.183333 0.180952 0.173810 0.170238 0.155952 0.141667 0.129762 0.111905 0.108333 0.100000 0.091667 0.085714 0.083333 0.078571 0.072619 0.067857 0.064286 0.064286 0.059524 0.057143 0.052381 0.047619 0.044048 0.042857 0.039286 0.035714 0.014286 0.011905 0.009524 0.005952 0.005952 0.005952 0.002381 0.009524 0.014286 0.014286 0.015476
0.000000 0.000000 0.000000 0.000000 0.000000 0.000000 0.000000 0.000000 0.000000 0.000000 0.000000 0.000000 0.000000 0.000000 0.000000 0.000000 0.000000 0.000000 0.000000 0.000000 0.000000 0.210714 0.214286 0.203571 0.200000 0.192857 0.185714 0.178571 0.171429 0.166667 0.157143 0.133333 0.125000 0.105952 0.101190 0.092857 0.085714 0.085714 0.076190 0.070238 0.066667 0.060714 0.060714 0.060714 0.053571 0.052381 0.047619 0.044048 0.041667 0.036905 0.030952 0.029762 0.029762 0.026190 0.008333 0.005952 0.004762 0.004762 0.000000 0.007143 0.007143 0.009524 0.013095
0.000000 0.000000 0.000000 0.000000 0.000000 0.000000 0.000000 0.000000 0.000000 0.000000 0.000000 0.000000 0.000000 0.000000 0.000000 0.000000 0.000000 0.000000 0.000000 0.000000 0.000000 0.217857 0.220238 0.211905 0.200000 0.192857 0.185714 0.177381 0.167857 0.157143 0.135714 0.122619 0.108333 0.102381 0.092857 0.088095 0.078571 0.079762 0.069048 0.061905 0.059524 0.058333 0.057143 0.054762 0.051190 0.045238 0.042857 0.036905 0.035714 0.033333 0.029762 0.029762 0.025000 0.023810 0.007143 0.003571 0.004762 0.004762 0.004762 0.002381 0.003571 0.003571 0.010714
0.000000 0.000000 0.000000 0.000000 0.000000 0.000000 0.000000 0.000000 0.000000 0.000000 0.000000 0.000000 0.000000 0.000000 0.000000 0.000000 0.000000 0.000000 0.000000 0.146429 0.214286 0.226190 0.223810 0.215476 0.208333 0.195238 0.183333 0.167857 0.155952 0.133333 0.110714 0.100000 0.098810 0.091667 0.085714 0.078571 0.069048 0.066667 0.061905 0.054762 0.054762 0.054762 0.051190 0.047619 0.045238 0.041667 0.040476 0.036905 0.033333 0.032143 0.028571 0.027381 0.025000 0.022619 0.007143 0.007143 0.007143 0.007143 0.007143 0.005952 0.004762 0.004762 0.013095
0.000000 0.000000 0.000000 0.000000 0.000000 0.000000 0.000000 0.000000 0.000000 0.000000 0.000000 0.000000 0.000000 0.000000 0.000000 0.000000 0.000000 0.000000 0.000000 0.000000 0.236905 0.235714 0.229762 0.215476 0.203571 0.182143 0.167857 0.141667 0.121429 0.105952 0.098810 0.091667 0.083333 0.077381 0.073810 0.070238 0.059524 0.053571 0.052381 0.050000 0.050000 0.048810 0.046429 0.042857 0.041667 0.039286 0.038095 0.032143 0.030952 0.030952 0.029762 0.027381 0.025000 0.022619 0.021429 0.021429 0.017857 0.017857 0.016667 0.016667 0.014286 0.013095 0.011905
0.000000 0.000000 0.000000 0.000000 0.000000 0.000000 0.000000 0.000000 0.000000 0.000000 0.000000 0.000000 0.000000 0.000000 0.000000 0.000000 0.000000 0.000000 0.000000 0.000000 0.263095 0.242857 0.216667 0.188095 0.160714 0.000000 0.104762 0.096429 0.091667 0.084524 0.077381 0.071429 0.067857 0.060714 0.055952 0.053571 0.046429 0.044048 0.046429 0.045238 0.044048 0.041667 0.040476 0.038095 0.038095 0.034524 0.029762 0.032143 0.030952 0.028571 0.028571 0.026190 0.026190 0.023810 0.021429 0.020238 0.017857 0.017857 0.016667 0.015476 0.014286 0.014286 0.010714
0.000000 0.000000 0.000000 0.000000 0.000000 0.000000 0.000000 0.000000 0.000000 0.000000 0.000000 0.000000 0.000000 0.000000 0.000000 0.000000 0.000000 0.000000 1.000000 0.344048 0.232143 0.000000 0.000000 0.000000 0.000000 0.075000 0.078571 0.076190 0.072619 0.065476 0.059524 0.063095 0.057143 0.054762 0.055952 0.047619 0.042857 0.041667 0.041667 0.041667 0.040476 0.038095 0.035714 0.034524 0.034524 0.030952 0.030952 0.029762 0.029762 0.027381 0.025000 0.025000 0.026190 0.022619 0.021429 0.017857 0.017857 0.016667 0.015476 0.013095 0.013095 0.011905 0.010714
