FireSTARR/test/constant/C2_S060_A090_WD270_WS020/arrival.asc
ncols         131
nrows         187
xllcorner     426203.990666
yllcorner     12730355.311160
cellsize      100.000000
NODATA_value  0.000000
[rows 27 to 53 of 187, columns 0 to 60 of 131]
0.000000 0.000000 0.000000 0.000000 123.385604 123.357192 123.328781 123.299620 123.271208 123.242796 123.213635 123.184340 123.155928 123.128535 123.099239 123.077897 123.075246 123.071711 123.067293 123.062875 123.059340 123.055805 123.057573 123.076130 123.095705 123.106309 123.125884 123.142673 123.161230 123.179922 123.192293 123.214519 123.232192 123.255302 123.273859 123.291532 123.311991 123.326130 123.352774 123.366029 123.388255 123.413881 0.000000 0.000000 0.000000 0.000000 0.000000 0.000000 0.000000 0.000000 0.000000 0.000000 0.000000 0.000000 0.000000 0.000000 0.000000 0.000000 0.000000 0.000000 0.000000
0.000000 0.000000 0.000000 0.000000 123.401510 123.373098 123.344821 123.315526 123.287114 123.258837 123.229541 123.201130 123.172852 123.144441 123.115145 123.086868 123.078781 123.076130 123.072595 123.068177 123.064642 123.059340 123.058456 123.063758 123.082315 123.097472 123.118680 123.132069 123.150626 123.170201 123.187875 123.200246 123.223356 123.241029 123.257953 123.277394 123.296969 123.318177 123.337752 123.351890 123.379418 123.396208 123.415649 0.000000 0.000000 0.000000 0.000000 0.000000 0.000000 0.000000 0.000000 0.000000 0.000000 0.000000 0.000000 0.000000 0.000000 0.000000 0.000000 0.000000 0.000000
0.000000 0.000000 0.000000 0.000000 123.416667 123.388255 123.361611 123.331432 123.303154 123.275626 123.246331 123.217170 123.189642 123.160347 123.131186 123.102774 123.084217 123.082315 123.076130 123.073479 123.069060 123.065526 123.060224 123.061107 123.072595 123.086868 123.105425 123.121331 123.139139 123.158579 123.176387 123.190526 123.209217 123.233076 123.250000 123.266790 123.286230 123.301387 123.321711 123.339519 123.362494 123.380302 123.405928 0.000000 0.000000 0.000000 0.000000 0.000000 0.000000 0.000000 0.000000 0.000000 0.000000 0.000000 0.000000 0.000000 0.000000 0.000000 0.000000 0.000000 0.000000
0.000000 0.000000 0.000000 0.000000 0.000000 123.405045 123.376767 123.348356 123.319944 123.291532 123.262371 123.233076 123.205548 123.177271 123.147092 123.118680 123.091286 123.085101 123.082315 123.078781 123.074362 123.069944 123.066409 123.062875 123.064642 123.077013 123.094821 123.111611 123.129418 123.143557 123.162998 123.185224 123.198479 123.218054 123.240145 123.253535 123.275626 123.295201 123.309340 123.326130 123.347472 123.370447 123.388255 123.408579 0.000000 0.000000 0.000000 0.000000 0.000000 0.000000 0.000000 0.000000 0.000000 0.000000 0.000000 0.000000 0.000000 0.000000 0.000000 0.000000 0.000000
0.000000 0.000000 0.000000 0.000000 0.000000 0.000000 123.392673 123.364262 123.336868 123.308456 123.278277 123.248982 123.221588 123.193177 123.163881 123.135604 123.107192 123.090403 123.087752 123.082315 123.079664 123.075246 123.070828 123.067293 123.065526 123.070828 123.085984 123.101890 123.116913 123.142673 123.155045 123.170201 123.191409 123.207315 123.225123 123.248098 123.261488 123.284463 123.304038 123.317293 123.332315 123.358960 123.373098 123.399743 123.416532 0.000000 0.000000 0.000000 0.000000 0.000000 0.000000 0.000000 0.000000 0.000000 0.000000 0.000000 0.000000 0.000000 0.000000 0.000000 0.000000
0.000000 0.000000 0.000000 0.000000 0.000000 0.000000 123.409463 123.380302 123.352774 123.324362 123.294318 123.265022 123.237494 123.208333 123.179922 123.151510 123.123098 123.095705 123.091286 123.088635 123.083199 123.080548 123.076130 123.072595 123.067293 123.068177 123.079664 123.093054 123.110727 123.128535 123.145324 123.158579 123.179038 123.196711 123.215403 123.234843 123.248982 123.271208 123.287114 123.307573 123.326130 123.345705 123.360727 123.382953 123.401510 0.000000 0.000000 0.000000 0.000000 0.000000 0.000000 0.000000 0.000000 0.000000 0.000000 0.000000 0.000000 0.000000 0.000000 0.000000 0.000000
0.000000 0.000000 0.000000 0.000000 0.000000 0.000000 0.000000 123.396208 123.368680 123.339519 123.311107 123.280928 123.253535 123.225123 123.196711 123.168434 123.139139 123.111611 123.097472 123.092170 123.089519 123.085984 123.080548 123.077013 123.073479 123.069944 123.070828 123.088635 123.102774 123.117796 123.132953 123.153277 123.167550 123.186991 123.203781 123.225123 123.240145 123.257953 123.280928 123.296085 123.314642 123.335984 123.352774 123.368680 123.389139 123.411230 0.000000 0.000000 0.000000 0.000000 0.000000 0.000000 0.000000 0.000000 0.000000 0.000000 0.000000 0.000000 0.000000 0.000000 0.000000
0.000000 0.000000 0.000000 0.000000 0.000000 0.000000 0.000000 123.412998 123.384720 123.356309 123.327013 123.297852 123.269441 123.241029 123.212752 123.184340 123.155928 123.127651 123.101007 123.098356 123.093054 123.090403 123.085984 123.082315 123.077897 123.074362 123.071711 123.075246 123.096588 123.110727 123.123982 123.141790 123.156812 123.177271 123.199362 123.212752 123.232192 123.245447 123.265022 123.282696 123.304922 123.322595 123.340403 123.358076 123.380302 123.397975 123.416667 0.000000 0.000000 0.000000 0.000000 0.000000 0.000000 0.000000 0.000000 0.000000 0.000000 0.000000 0.000000 0.000000 0.000000
0.000000 0.000000 0.000000 0.000000 0.000000 0.000000 0.000000 0.000000 123.400626 123.372215 123.343937 123.313758 123.285347 123.257953 123.229541 123.200246 123.171969 123.143557 123.115145 123.103658 123.099239 123.095705 123.091286 123.086868 123.083199 123.078781 123.074362 123.074362 123.088635 123.105425 123.118680 123.128535 123.151510 123.161230 123.186107 123.202013 123.219821 123.241029 123.254418 123.272975 123.291667 123.315526 123.333199 123.345705 123.363378 123.381186 123.409463 0.000000 0.000000 0.000000 0.000000 0.000000 0.000000 0.000000 0.000000 0.000000 0.000000 0.000000 0.000000 0.000000 0.000000
0.000000 0.000000 0.000000 0.000000 0.000000 0.000000 0.000000 0.000000 123.416532 123.388255 123.359843 123.330548 123.302271 123.273859 123.245447 123.216286 123.188758 123.159463 123.131186 123.107192 123.104541 123.100123 123.096588 123.092170 123.088635 123.084217 123.080548 123.076130 123.077897 123.090403 123.112494 123.127651 123.141790 123.158579 123.175503 123.194944 123.210984 123.229541 123.248982 123.263255 123.280928 123.304038 123.319944 123.342170 123.350123 123.375884 123.390906 123.410347 0.000000 0.000000 0.000000 0.000000 0.000000 0.000000 0.000000 0.000000 0.000000 0.000000 0.000000 0.000000 0.000000
0.000000 0.000000 0.000000 0.000000 0.000000 0.000000 0.000000 0.000000 0.000000 123.404161 123.375884 123.346588 123.318177 123.289765 123.261488 123.232192 123.204664 123.175503 123.147975 123.117796 123.108960 123.105425 123.100123 123.097472 123.093054 123.089519 123.085101 123.081432 123.078781 123.081432 123.099239 123.116913 123.131186 123.147092 123.163881 123.178154 123.197595 123.219821 123.238378 123.251767 123.271208 123.292550 123.305805 123.326130 123.343937 123.360727 123.377651 123.403277 0.000000 0.000000 0.000000 0.000000 0.000000 0.000000 0.000000 0.000000 0.000000 0.000000 0.000000 0.000000 0.000000
0.000000 0.000000 0.000000 0.000000 0.000000 0.000000 0.000000 0.000000 0.000000 0.000000 123.391790 123.362494 123.335101 123.306689 123.277394 123.248982 123.220705 123.192293 123.163881 123.133837 123.113378 123.110727 123.106309 123.102774 123.098356 123.093937 123.090403 123.085984 123.080548 123.081432 123.092170 123.108960 123.125884 123.135604 123.155928 123.168434 123.185224 123.212752 123.228658 123.247215 123.262371 123.275626 123.293434 123.313758 123.335984 123.351890 123.365145 123.387371 123.405928 0.000000 0.000000 0.000000 0.000000 0.000000 0.000000 0.000000 0.000000 0.000000 0.000000 0.000000 0.000000
0.000000 0.000000 0.000000 0.000000 0.000000 0.000000 0.000000 0.000000 0.000000 0.000000 123.407696 123.378535 123.351007 123.322595 123.293434 123.265022 123.236611 123.208199 123.179922 123.150626 123.122215 123.114262 123.111611 123.107192 123.103658 123.099239 123.095705 123.091286 123.086868 123.083199 123.084217 123.095705 123.116913 123.134720 123.147092 123.163881 123.178154 123.194060 123.212752 123.233960 123.255302 123.265906 123.283579 123.304038 123.322595 123.343937 123.357192 123.373098 123.392673 123.416667 0.000000 0.000000 0.000000 0.000000 0.000000 0.000000 0.000000 0.000000 0.000000 0.000000 0.000000
0.000000 0.000000 0.000000 0.000000 0.000000 0.000000 0.000000 0.000000 0.000000 0.000000 0.000000 123.394441 123.367796 123.338635 123.310224 123.280928 123.253535 123.225123 123.196711 123.166532 123.138255 123.119564 123.116029 123.112494 123.107192 123.104541 123.100123 123.096588 123.092170 123.087752 123.085101 123.087752 123.100123 123.120447 123.137371 123.149743 123.172852 123.187875 123.202897 123.222472 123.243680 123.258837 123.271208 123.295201 123.311107 123.334217 123.347472 123.364262 123.381186 123.400626 0.000000 0.000000 0.000000 0.000000 0.000000 0.000000 0.000000 0.000000 0.000000 0.000000 0.000000
0.000000 0.000000 0.000000 0.000000 0.000000 0.000000 0.000000 0.000000 0.000000 0.000000 0.000000 123.411230 123.382953 123.355425 123.326130 123.297852 123.269441 123.241029 123.212752 123.183456 123.155045 123.125884 123.120447 123.117796 123.113378 123.109843 123.105425 123.101007 123.097472 123.093054 123.088635 123.087752 123.098356 123.108076 123.133837 123.140906 123.156812 123.176387 123.192293 123.210984 123.233960 123.252651 123.263255 123.280045 123.298736 123.319060 123.335984 123.357192 123.368680 123.391790 123.412998 0.000000 0.000000 0.000000 0.000000 0.000000 0.000000 0.000000 0.000000 0.000000 0.000000
0.000000 0.000000 0.000000 0.000000 0.000000 0.000000 0.000000 0.000000 0.000000 0.000000 0.000000 0.000000 123.398859 123.371331 123.342170 123.313758 123.285347 123.257069 123.228658 123.199362 123.171085 123.142673 123.125884 123.121331 123.117796 123.114262 123.110727 123.106309 123.102774 123.098356 123.093937 123.090403 123.091286 123.101890 123.116913 123.134720 123.145324 123.166532 123.179922 123.199362 123.219821 123.234843 123.254418 123.270324 123.288881 123.307573 123.323479 123.344821 123.366029 123.375884 123.393557 123.414765 0.000000 0.000000 0.000000 0.000000 0.000000 0.000000 0.000000 0.000000 0.000000
0.000000 0.000000 0.000000 0.000000 0.000000 0.000000 0.000000 0.000000 0.000000 0.000000 0.000000 0.000000 123.415649 123.387371 123.358960 123.330548 123.302271 123.273859 123.245447 123.215403 123.186991 123.159463 123.130302 123.125884 123.122215 123.119564 123.115145 123.111611 123.107192 123.103658 123.099239 123.094821 123.092170 123.093937 123.108960 123.123982 123.144441 123.156812 123.174620 123.190526 123.209217 123.225123 123.243680 123.263255 123.282696 123.295201 123.316409 123.331432 123.354541 123.370447 123.388255 123.403277 0.000000 0.000000 0.000000 0.000000 0.000000 0.000000 0.000000 0.000000 0.000000
0.000000 0.000000 0.000000 0.000000 0.000000 0.000000 0.000000 0.000000 0.000000 0.000000 0.000000 0.000000 0.000000 123.403277 123.374866 123.346588 123.318177 123.289765 123.260604 123.231309 123.202897 123.174620 123.145324 123.132069 123.127651 123.124866 123.120447 123.116913 123.112494 123.108076 123.104541 123.099239 123.095705 123.094821 123.102774 123.116029 123.132953 123.148859 123.160347 123.183456 123.194060 123.216286 123.238378 123.251767 123.272092 123.284463 123.304922 123.322595 123.338635 123.356309 123.377651 123.391790 123.412114 0.000000 0.000000 0.000000 0.000000 0.000000 0.000000 0.000000 0.000000
0.000000 0.000000 0.000000 0.000000 0.000000 0.000000 0.000000 0.000000 0.000000 0.000000 0.000000 0.000000 0.000000 0.000000 123.390906 123.362494 123.334217 123.304922 123.276510 123.247215 123.218937 123.190526 123.161230 123.136488 123.132069 123.129418 123.125000 123.120447 123.117796 123.113378 123.109843 123.105425 123.100123 123.096588 123.097472 123.108960 123.125000 123.141790 123.151510 123.170201 123.186107 123.198479 123.218937 123.240145 123.261488 123.275626 123.293434 123.312875 123.331432 123.347472 123.365145 123.381186 123.398859 0.000000 0.000000 0.000000 0.000000 0.000000 0.000000 0.000000 0.000000
0.000000 0.000000 0.000000 0.000000 0.000000 0.000000 0.000000 0.000000 0.000000 0.000000 0.000000 0.000000 0.000000 0.000000 123.406812 123.378535 123.350123 123.321711 123.293434 123.263255 123.234843 123.207315 123.177271 123.149743 123.139139 123.132953 123.130302 123.126767 123.121331 123.118680 123.114262 123.110727 123.105425 123.101007 123.099239 123.101007 123.113378 123.135604 123.147975 123.162998 123.177271 123.191409 123.207315 123.226890 123.248098 123.269441 123.283579 123.299620 123.316409 123.335984 123.358076 123.373982 123.387371 123.411230 0.000000 0.000000 0.000000 0.000000 0.000000 0.000000 0.000000
0.000000 0.000000 0.000000 0.000000 0.000000 0.000000 0.000000 0.000000 0.000000 0.000000 0.000000 0.000000 0.000000 0.000000 0.000000 123.394441 123.366029 123.337752 123.309340 123.280045 123.251767 123.223356 123.194060 123.166532 123.141790 123.138255 123.135604 123.131186 123.127651 123.123982 123.119564 123.115145 123.111611 123.106309 123.103658 123.101007 123.107192 123.121331 123.139139 123.155045 123.165649 123.185224 123.199362 123.214519 123.234843 123.257953 123.277394 123.290649 123.304038 123.330548 123.345705 123.359843 123.382953 123.397092 123.412114 0.000000 0.000000 0.000000 0.000000 0.000000 0.000000
0.000000 0.000000 0.000000 0.000000 0.000000 0.000000 0.000000 0.000000 0.000000 0.000000 0.000000 0.000000 0.000000 0.000000 0.000000 123.410347 123.382953 123.354541 123.326130 123.296085 123.268557 123.239262 123.210101 123.181689 123.153277 123.145324 123.139139 123.136488 123.132069 123.128535 123.124866 123.120447 123.116029 123.112494 123.108960 123.103658 123.103658 123.115145 123.132069 123.147975 123.158579 123.174620 123.193177 123.208199 123.222472 123.242796 123.265022 123.283579 123.296085 123.311991 123.330548 123.354541 123.369564 123.390906 123.408579 0.000000 0.000000 0.000000 0.000000 0.000000 0.000000
0.000000 0.000000 0.000000 0.000000 0.000000 0.000000 0.000000 0.000000 0.000000 0.000000 0.000000 0.000000 0.000000 0.000000 0.000000 0.000000 123.398859 123.370447 123.343054 123.312875 123.284463 123.256186 123.226007 123.198479 123.170201 123.147975 123.144441 123.140906 123.137371 123.132953 123.129418 123.125000 123.121331 123.117796 123.113378 123.109843 123.106309 123.107192 123.122215 123.140906 123.152394 123.168434 123.179038 123.204664 123.217170 123.234843 123.249866 123.273859 123.287114 123.303154 123.320828 123.339519 123.361611 123.377651 123.394441 123.409463 0.000000 0.000000 0.000000 0.000000 0.000000
0.000000 0.000000 0.000000 0.000000 0.000000 0.000000 0.000000 0.000000 0.000000 0.000000 0.000000 0.000000 0.000000 0.000000 0.000000 0.000000 123.415649 123.387371 123.358960 123.328781 123.300503 123.272092 123.242796 123.214519 123.186107 123.158579 123.149743 123.145324 123.142673 123.138255 123.133837 123.130302 123.126767 123.122215 123.118680 123.113378 123.110727 123.108076 123.113378 123.126767 123.148859 123.158579 123.176387 123.187875 123.205548 123.224239 123.237494 123.258837 123.282696 123.291532 123.313758 123.328781 123.348356 123.369564 123.384720 123.403277 0.000000 0.000000 0.000000 0.000000 0.000000
0.000000 0.000000 0.000000 0.000000 0.000000 0.000000 0.000000 0.000000 0.000000 0.000000 0.000000 0.000000 0.000000 0.000000 0.000000 0.000000 0.000000 123.403277 123.374866 123.344821 123.316409 123.288881 123.258837 123.231309 123.202013 123.173736 123.155045 123.150626 123.147092 123.143557 123.139139 123.135604 123.131186 123.127651 123.123098 123.119564 123.116029 123.110727 123.110727 123.123098 123.136488 123.154161 123.165649 123.181689 123.195828 123.214519 123.227774 123.245447 123.266790 123.285347 123.301387 123.319060 123.339519 123.359843 123.373982 123.393557 123.408579 0.000000 0.000000 0.000000 0.000000
0.000000 0.000000 0.000000 0.000000 0.000000 0.000000 0.000000 0.000000 0.000000 0.000000 0.000000 0.000000 0.000000 0.000000 0.000000 0.000000 0.000000 0.000000 123.390906 123.361611 123.333199 123.304922 123.275626 123.247215 123.218937 123.190526 123.162114 123.155928 123.152394 123.148859 123.144441 123.140022 123.136488 123.132069 123.128535 123.124866 123.120447 123.116913 123.112494 123.114262 123.128535 123.146208 123.159463 123.169318 123.190526 123.204664 123.224239 123.233076 123.256186 123.275626 123.294318 123.306689 123.327897 123.347472 123.361611 123.378535 123.398859 123.412998 0.000000 0.000000 0.000000
0.000000 0.000000 0.000000 0.000000 0.000000 0.000000 0.000000 0.000000 0.000000 0.000000 0.000000 0.000000 0.000000 0.000000 0.000000 0.000000 0.000000 0.000000 123.406812 123.376767 123.348356 123.320828 123.291532 123.263255 123.234843 123.206432 123.179038 123.160347 123.157696 123.153277 123.149743 123.145324 123.141790 123.137371 123.133837 123.129418 123.125000 123.120447 123.117796 123.115145 123.117796 123.137371 123.150626 123.165649 123.174620 123.196711 123.209217 123.231309 123.243680 123.262371 123.280928 123.298736 123.316409 123.338635 123.352774 123.370447 123.385604 123.407696 0.000000 0.000000 0.000000
