FireSTARR/test/constant/C2_S060_A090_WD270_WS020/arrival.asc
ncols         131
nrows         187
xllcorner     426203.990666
yllcorner     12730355.311160
cellsize      100.000000
NODATA_value  0.000000
[rows 54 to 80 of 187, columns 0 to 60 of 131]
0.000000 0.000000 0.000000 0.000000 0.000000 0.000000 0.000000 0.000000 0.000000 0.000000 0.000000 0.000000 0.000000 0.000000 0.000000 0.000000 0.000000 0.000000 0.000000 123.392673 123.364262 123.336868 123.307573 123.280045 123.250884 123.223356 123.194944 123.166532 123.162114 123.158579 123.155045 123.150626 123.146208 123.142673 123.138255 123.134720 123.130302 123.126767 123.123098 123.117796 123.116913 123.130302 123.145324 123.159463 123.170201 123.182573 123.201130 123.217170 123.234843 123.248098 123.267673 123.288881 123.303154 123.323479 123.342170 123.360727 123.381186 123.393557 123.415649 0.000000 0.000000
0.000000 0.000000 0.000000 0.000000 0.000000 0.000000 0.000000 0.000000 0.000000 0.000000 0.000000 0.000000 0.000000 0.000000 0.000000 0.000000 0.000000 0.000000 0.000000 123.409463 123.381186 123.352774 123.323479 123.296085 123.266790 123.239262 123.210984 123.181689 123.166532 123.162998 123.159463 123.155045 123.151510 123.147092 123.143557 123.139139 123.135604 123.131186 123.126767 123.123982 123.119564 123.120447 123.133837 123.148859 123.167550 123.179922 123.191409 123.208333 123.225123 123.240145 123.256186 123.280928 123.296969 123.309340 123.326130 123.350123 123.373098 123.389139 123.401510 0.000000 0.000000
0.000000 0.000000 0.000000 0.000000 0.000000 0.000000 0.000000 0.000000 0.000000 0.000000 0.000000 0.000000 0.000000 0.000000 0.000000 0.000000 0.000000 0.000000 0.000000 0.000000 123.397092 123.368680 123.339519 123.311991 123.282696 123.255302 123.226890 123.197595 123.171085 123.167550 123.164765 123.160347 123.156812 123.152394 123.148859 123.144441 123.140906 123.136488 123.132953 123.127651 123.124866 123.121331 123.123982 123.142673 123.158579 123.172852 123.186107 123.201130 123.216286 123.233960 123.246331 123.267673 123.281812 123.305805 123.319060 123.337752 123.360727 123.374866 123.397092 123.409463 0.000000
0.000000 0.000000 0.000000 0.000000 0.000000 0.000000 0.000000 0.000000 0.000000 0.000000 0.000000 0.000000 0.000000 0.000000 0.000000 0.000000 0.000000 0.000000 0.000000 0.000000 123.413881 123.385604 123.355425 123.327897 123.299620 123.272092 123.243680 123.214519 123.185224 123.173736 123.169318 123.165649 123.161230 123.157696 123.153277 123.149743 123.145324 123.141790 123.137371 123.133837 123.130302 123.124866 123.123982 123.132953 123.153277 123.162998 123.175503 123.193177 123.209217 123.225123 123.243680 123.256186 123.272092 123.293434 123.311991 123.323479 123.343937 123.362494 123.383837 123.400626 0.000000
0.000000 0.000000 0.000000 0.000000 0.000000 0.000000 0.000000 0.000000 0.000000 0.000000 0.000000 0.000000 0.000000 0.000000 0.000000 0.000000 0.000000 0.000000 0.000000 0.000000 0.000000 123.402394 123.372215 123.343937 123.315526 123.287998 123.258837 123.230425 123.201130 123.177271 123.174620 123.170201 123.166532 123.162114 123.158579 123.154161 123.150626 123.146208 123.142673 123.138255 123.134720 123.130302 123.125884 123.126767 123.138255 123.155928 123.171969 123.185224 123.197595 123.217170 123.233960 123.248098 123.264139 123.277394 123.296085 123.317293 123.330548 123.351007 123.370447 123.394441 123.405045
0.000000 0.000000 0.000000 0.000000 0.000000 0.000000 0.000000 0.000000 0.000000 0.000000 0.000000 0.000000 0.000000 0.000000 0.000000 0.000000 0.000000 0.000000 0.000000 0.000000 0.000000 0.000000 123.388255 123.359843 123.331432 123.303154 123.275626 123.247215 123.217170 123.188758 123.179038 123.175503 123.171085 123.167550 123.163881 123.159463 123.155928 123.151510 123.147092 123.143557 123.139139 123.135604 123.132069 123.128535 123.130302 123.146208 123.163881 123.179038 123.190526 123.205548 123.226007 123.237494 123.252651 123.272975 123.283579 123.304038 123.323479 123.342170 123.358960 123.378535 123.396208
0.000000 0.000000 0.000000 0.000000 0.000000 0.000000 0.000000 0.000000 0.000000 0.000000 0.000000 0.000000 0.000000 0.000000 0.000000 0.000000 0.000000 0.000000 0.000000 0.000000 0.000000 0.000000 123.405045 123.376767 123.348356 123.319944 123.291532 123.263255 123.233960 123.204664 123.183456 123.179922 123.175503 123.172852 123.168434 123.164765 123.160347 123.156812 123.152394 123.148859 123.144441 123.140906 123.136488 123.131186 123.131186 123.139139 123.153277 123.172852 123.182573 123.198479 123.214519 123.234843 123.243680 123.258837 123.280928 123.291667 123.315526 123.329664 123.350123 123.369564 123.386488
0.000000 0.000000 0.000000 0.000000 0.000000 0.000000 0.000000 0.000000 0.000000 0.000000 0.000000 0.000000 0.000000 0.000000 0.000000 0.000000 0.000000 0.000000 0.000000 0.000000 0.000000 0.000000 0.000000 123.392673 123.364262 123.335984 123.308456 123.279161 123.249866 123.221588 123.192293 123.184340 123.181689 123.177271 123.173736 123.169318 123.165649 123.161230 123.157696 123.153277 123.149743 123.145324 123.141790 123.137371 123.132953 123.133837 123.146208 123.162114 123.178154 123.189642 123.205548 123.221588 123.241029 123.256186 123.270324 123.285347 123.301387 123.316409 123.337752 123.351007 123.371331
0.000000 0.000000 0.000000 0.000000 0.000000 0.000000 0.000000 0.000000 0.000000 0.000000 0.000000 0.000000 0.000000 0.000000 0.000000 0.000000 0.000000 0.000000 0.000000 0.000000 0.000000 0.000000 0.000000 123.409463 123.381186 123.352774 123.325246 123.295201 123.265906 123.237494 123.208199 123.189642 123.186107 123.181689 123.179038 123.174620 123.170201 123.166532 123.162114 123.158579 123.154161 123.150626 123.146208 123.142673 123.138255 123.135604 123.137371 123.156812 123.170201 123.186107 123.200246 123.214519 123.229541 123.244564 123.257953 123.272975 123.294318 123.312875 123.326130 123.344821 123.360727
0.000000 0.000000 0.000000 0.000000 0.000000 0.000000 0.000000 0.000000 0.000000 0.000000 0.000000 0.000000 0.000000 0.000000 0.000000 0.000000 0.000000 0.000000 0.000000 0.000000 0.000000 0.000000 0.000000 0.000000 123.397092 123.369564 123.340403 123.311107 123.281812 123.254418 123.225123 123.196711 123.190526 123.186991 123.183456 123.179922 123.175503 123.171085 123.167550 123.163881 123.159463 123.155928 123.151510 123.147975 123.143557 123.140022 123.137371 123.144441 123.164765 123.178154 123.188758 123.204664 123.220705 123.237494 123.249866 123.263255 123.282696 123.299620 123.316409 123.334217 123.348356
0.000000 0.000000 0.000000 0.000000 0.000000 0.000000 0.000000 0.000000 0.000000 0.000000 0.000000 0.000000 0.000000 0.000000 0.000000 0.000000 0.000000 0.000000 0.000000 0.000000 0.000000 0.000000 0.000000 0.000000 123.413881 123.385604 123.356309 123.327897 123.297852 123.270324 123.241029 123.212752 123.195828 123.192293 123.188758 123.183456 123.180805 123.176387 123.172852 123.168434 123.164765 123.160347 123.156812 123.152394 123.148859 123.144441 123.140022 123.140022 123.155045 123.169318 123.186107 123.193177 123.210984 123.229541 123.247215 123.258837 123.267673 123.293434 123.303154 123.323479 123.343054
0.000000 0.000000 0.000000 0.000000 0.000000 0.000000 0.000000 0.000000 0.000000 0.000000 0.000000 0.000000 0.000000 0.000000 0.000000 0.000000 0.000000 0.000000 0.000000 0.000000 0.000000 0.000000 0.000000 0.000000 0.000000 123.401510 123.373098 123.343937 123.313758 123.286230 123.257953 123.228658 123.201130 123.196711 123.193177 123.189642 123.186107 123.181689 123.177271 123.173736 123.169318 123.165649 123.161230 123.157696 123.153277 123.149743 123.145324 123.141790 123.143557 123.158579 123.177271 123.188758 123.203781 123.218937 123.238378 123.251767 123.265022 123.276510 123.296969 123.311107 123.332315
0.000000 0.000000 0.000000 0.000000 0.000000 0.000000 0.000000 0.000000 0.000000 0.000000 0.000000 0.000000 0.000000 0.000000 0.000000 0.000000 0.000000 0.000000 0.000000 0.000000 0.000000 0.000000 0.000000 0.000000 0.000000 0.000000 123.390022 123.359843 123.330548 123.302271 123.273859 123.245447 123.217170 123.202013 123.198479 123.194060 123.190526 123.186991 123.182573 123.178154 123.174620 123.170201 123.166532 123.162998 123.158579 123.155045 123.150626 123.147092 123.144441 123.147975 123.166532 123.185224 123.196711 123.209217 123.227774 123.247215 123.254418 123.272092 123.284463 123.304922 123.319060
0.000000 0.000000 0.000000 0.000000 0.000000 0.000000 0.000000 0.000000 0.000000 0.000000 0.000000 0.000000 0.000000 0.000000 0.000000 0.000000 0.000000 0.000000 0.000000 0.000000 0.000000 0.000000 0.000000 0.000000 0.000000 0.000000 123.405928 123.376767 123.346588 123.318177 123.289765 123.262371 123.233076 123.206432 123.202897 123.199362 123.195828 123.190526 123.187875 123.183456 123.179922 123.175503 123.171969 123.167550 123.163881 123.159463 123.155928 123.151510 123.146208 123.147092 123.155928 123.175503 123.192293 123.200246 123.213635 123.238378 123.255302 123.265022 123.275626 123.292550 123.310224
0.000000 0.000000 0.000000 0.000000 0.000000 0.000000 0.000000 0.000000 0.000000 0.000000 0.000000 0.000000 0.000000 0.000000 0.000000 0.000000 0.000000 0.000000 0.000000 0.000000 0.000000 0.000000 0.000000 0.000000 0.000000 0.000000 0.000000 123.392673 123.363378 123.335101 123.305805 123.278277 123.249866 123.221588 123.209217 123.204664 123.200246 123.196711 123.192293 123.188758 123.184340 123.180805 123.176387 123.172852 123.168434 123.164765 123.160347 123.156812 123.152394 123.148859 123.150626 123.162114 123.186991 123.195828 123.207315 123.221588 123.240145 123.257953 123.267673 123.280045 123.304922
0.000000 0.000000 0.000000 0.000000 0.000000 0.000000 0.000000 0.000000 0.000000 0.000000 0.000000 0.000000 0.000000 0.000000 0.000000 0.000000 0.000000 0.000000 0.000000 0.000000 0.000000 0.000000 0.000000 0.000000 0.000000 0.000000 0.000000 123.409463 123.379418 123.351007 123.321711 123.294318 123.265022 123.237494 123.212752 123.208333 123.205548 123.201130 123.197595 123.194060 123.189642 123.185224 123.181689 123.177271 123.173736 123.169318 123.165649 123.162114 123.157696 123.154161 123.151510 123.154161 123.171969 123.187875 123.200246 123.213635 123.228658 123.249866 123.261488 123.274743 123.287114
0.000000 0.000000 0.000000 0.000000 0.000000 0.000000 0.000000 0.000000 0.000000 0.000000 0.000000 0.000000 0.000000 0.000000 0.000000 0.000000 0.000000 0.000000 0.000000 0.000000 0.000000 0.000000 0.000000 0.000000 0.000000 0.000000 0.000000 0.000000 123.396208 123.367796 123.337752 123.310224 123.280928 123.253535 123.225123 123.215403 123.210101 123.206432 123.202897 123.198479 123.194944 123.190526 123.186991 123.182573 123.179038 123.174620 123.171085 123.166532 123.162998 123.158579 123.153277 123.153277 123.166532 123.178154 123.195828 123.207315 123.221588 123.237494 123.257953 123.270324 123.280928
0.000000 0.000000 0.000000 0.000000 0.000000 0.000000 0.000000 0.000000 0.000000 0.000000 0.000000 0.000000 0.000000 0.000000 0.000000 0.000000 0.000000 0.000000 0.000000 0.000000 0.000000 0.000000 0.000000 0.000000 0.000000 0.000000 0.000000 0.000000 123.412114 123.383837 123.354541 123.326130 123.297852 123.270324 123.241029 123.218054 123.214519 123.210984 123.207315 123.203781 123.199362 123.195828 123.191409 123.187875 123.183456 123.179922 123.175503 123.171969 123.167550 123.163881 123.159463 123.155928 123.156812 123.170201 123.185224 123.202897 123.210984 123.231309 123.246331 123.265022 123.274743
0.000000 0.000000 0.000000 0.000000 0.000000 0.000000 0.000000 0.000000 0.000000 0.000000 0.000000 0.000000 0.000000 0.000000 0.000000 0.000000 0.000000 0.000000 0.000000 0.000000 0.000000 0.000000 0.000000 0.000000 0.000000 0.000000 0.000000 0.000000 0.000000 123.399743 123.370447 123.342170 123.313758 123.286230 123.257069 123.229541 123.221588 123.215403 123.212752 123.209217 123.204664 123.200246 123.196711 123.192293 123.188758 123.184340 123.180805 123.176387 123.172852 123.168434 123.164765 123.160347 123.157696 123.160347 123.175503 123.189642 123.208199 123.218054 123.234843 123.255302 123.267673
0.000000 0.000000 0.000000 0.000000 0.000000 0.000000 0.000000 0.000000 0.000000 0.000000 0.000000 0.000000 0.000000 0.000000 0.000000 0.000000 0.000000 0.000000 0.000000 0.000000 0.000000 0.000000 0.000000 0.000000 0.000000 0.000000 0.000000 0.000000 0.000000 123.416532 123.386488 123.358960 123.330548 123.302271 123.273859 123.245447 123.225123 123.220705 123.218054 123.212752 123.210101 123.205548 123.202013 123.197595 123.194060 123.189642 123.186107 123.181689 123.178154 123.173736 123.169318 123.165649 123.161230 123.160347 123.169318 123.179922 123.198479 123.212752 123.229541 123.243680 123.264139
0.000000 0.000000 0.000000 0.000000 0.000000 0.000000 0.000000 0.000000 0.000000 0.000000 0.000000 0.000000 0.000000 0.000000 0.000000 0.000000 0.000000 0.000000 0.000000 0.000000 0.000000 0.000000 0.000000 0.000000 0.000000 0.000000 0.000000 0.000000 0.000000 0.000000 123.403277 123.374866 123.346588 123.318177 123.289765 123.261488 123.232192 123.226007 123.221588 123.218937 123.213635 123.210984 123.206432 123.202897 123.198479 123.194944 123.189642 123.186991 123.182573 123.179038 123.174620 123.171085 123.166532 123.162114 123.162998 123.174620 123.193177 123.206432 123.218937 123.232192 123.251767
0.000000 0.000000 0.000000 0.000000 0.000000 0.000000 0.000000 0.000000 0.000000 0.000000 0.000000 0.000000 0.000000 0.000000 0.000000 0.000000 0.000000 0.000000 0.000000 0.000000 0.000000 0.000000 0.000000 0.000000 0.000000 0.000000 0.000000 0.000000 0.000000 0.000000 0.000000 123.391790 123.363378 123.335101 123.306689 123.277394 123.248098 123.231309 123.227774 123.224239 123.218937 123.215403 123.211868 123.206432 123.203781 123.199362 123.195828 123.192293 123.187875 123.183456 123.179922 123.175503 123.171969 123.167550 123.164765 123.166532 123.182573 123.194944 123.214519 123.222472 123.245447
0.000000 0.000000 0.000000 0.000000 0.000000 0.000000 0.000000 0.000000 0.000000 0.000000 0.000000 0.000000 0.000000 0.000000 0.000000 0.000000 0.000000 0.000000 0.000000 0.000000 0.000000 0.000000 0.000000 0.000000 0.000000 0.000000 0.000000 0.000000 0.000000 0.000000 0.000000 123.407696 123.379418 123.351007 123.322595 123.294318 123.265022 123.236611 123.232192 123.226890 123.224239 123.219821 123.217170 123.212752 123.208199 123.204664 123.200246 123.196711 123.193177 123.188758 123.184340 123.180805 123.176387 123.172852 123.167550 123.166667 123.174620 123.186107 123.203781 123.218937 123.232192
0.000000 0.000000 0.000000 0.000000 0.000000 0.000000 0.000000 0.000000 0.000000 0.000000 0.000000 0.000000 0.000000 0.000000 0.000000 0.000000 0.000000 0.000000 0.000000 0.000000 0.000000 0.000000 0.000000 0.000000 0.000000 0.000000 0.000000 0.000000 0.000000 0.000000 0.000000 0.000000 123.395324 123.367796 123.337752 123.311107 123.280928 123.253535 123.237494 123.233076 123.230425 123.226007 123.221588 123.218054 123.213635 123.210101 123.205548 123.202013 123.196711 123.194060 123.189642 123.185224 123.181689 123.178154 123.173736 123.169318 123.170201 123.183456 123.195828 123.212752 123.223356
0.000000 0.000000 0.000000 0.000000 0.000000 0.000000 0.000000 0.000000 0.000000 0.000000 0.000000 0.000000 0.000000 0.000000 0.000000 0.000000 0.000000 0.000000 0.000000 0.000000 0.000000 0.000000 0.000000 0.000000 0.000000 0.000000 0.000000 0.000000 0.000000 0.000000 0.000000 0.000000 123.411230 123.383837 123.354541 123.327013 123.297852 123.269441 123.241029 123.238378 123.233960 123.229541 123.226890 123.222472 123.218937 123.213635 123.210984 123.206432 123.202897 123.198479 123.194944 123.190526 123.186991 123.182573 123.179038 123.174620 123.171969 123.173736 123.189642 123.201130 123.221588
0.000000 0.000000 0.000000 0.000000 0.000000 0.000000 0.000000 0.000000 0.000000 0.000000 0.000000 0.000000 0.000000 0.000000 0.000000 0.000000 0.000000 0.000000 0.000000 0.000000 0.000000 0.000000 0.000000 0.000000 0.000000 0.000000 0.000000 0.000000 0.000000 0.000000 0.000000 0.000000 0.000000 123.399743 123.370447 123.342170 123.313758 123.285347 123.255302 123.244564 123.239262 123.233960 123.231309 123.227774 123.223356 123.219821 123.215403 123.211868 123.207315 123.203781 123.200246 123.195828 123.191409 123.187875 123.183456 123.179922 123.175503 123.173736 123.180805 123.193177 123.207315
0.000000 0.000000 0.000000 0.000000 0.000000 0.000000 0.000000 0.000000 0.000000 0.000000 0.000000 0.000000 0.000000 0.000000 0.000000 0.000000 0.000000 0.000000 0.000000 0.000000 0.000000 0.000000 0.000000 0.000000 0.000000 0.000000 0.000000 0.000000 0.000000 0.000000 0.000000 0.000000 0.000000 123.415649 123.387371 123.358960 123.330548 123.301387 123.272092 123.248098 123.244564 123.241029 123.236611 123.232192 123.228658 123.224239 123.220705 123.217170 123.212752 123.208333 123.204664 123.201130 123.196711 123.193177 123.188758 123.185224 123.180805 123.176387 123.176387 123.192293 123.201130
