FireSTARR/test/constant/C2_S060_A180_WD270_WS020/arrival.asc
ncols         377
nrows         63
xllcorner     426503.990666
yllcorner     12745655.311160
cellsize      100.000000
NODATA_value  0.000000
[rows 25 to 49 of 63, columns 114 to 170 of 377]
123.163903 123.165015 123.166126 123.167222 123.168334 123.169445 123.170557 123.171668 123.172780 123.173892 123.175003 123.176115 123.177226 123.178338 123.179449 123.180561 123.181672 123.182784 123.183895 123.185007 123.186118 123.187230 123.188341 123.189453 123.190564 123.191676 123.192787 123.193899 123.195010 123.196122 123.197233 123.198345 123.199456 123.200568 123.201679 123.202791 123.203903 123.205014 123.206126 123.207237 123.208333 123.209445 123.210556 123.211668 123.212779 123.213891 123.215002 123.216114 123.217225 123.218337 123.219449 123.220560 123.221672 123.222783 123.223895 123.225006 123.226118
123.156678 123.157790 123.158901 123.160013 123.161124 123.162236 123.163347 123.164459 123.165570 123.166667 123.167778 123.168890 123.170001 123.171113 123.172224 123.173336 123.174447 123.175559 123.176670 123.177782 123.178893 123.180005 123.181116 123.182228 123.183339 123.184451 123.185562 123.186674 123.187786 123.188897 123.190009 123.191120 123.192232 123.193343 123.194455 123.195566 123.196678 123.197789 123.198901 123.200012 123.201124 123.202235 123.203347 123.204458 123.205570 123.206681 123.207793 123.208889 123.210001 123.211112 123.212224 123.213335 123.214447 123.215558 123.216670 123.217781 123.218893
123.149453 123.150565 123.151676 123.152788 123.153899 123.155011 123.156123 123.157234 123.158346 123.159457 123.160569 123.161680 123.162792 123.163903 123.165015 123.166126 123.167222 123.168334 123.169445 123.170557 123.171668 123.172780 123.173892 123.175003 123.176115 123.177226 123.178338 123.179449 123.180561 123.181672 123.182784 123.183895 123.185007 123.186118 123.187230 123.188341 123.189453 123.190564 123.191676 123.192787 123.193899 123.195010 123.196122 123.197233 123.198345 123.199456 123.200568 123.201679 123.202791 123.203903 123.205014 123.206126 123.207237 123.208333 123.209445 123.210556 123.211668
123.142784 123.143896 123.145007 123.146119 123.147230 123.148342 123.149453 123.150565 123.151676 123.152788 123.153899 123.155011 123.156123 123.157234 123.158346 123.159457 123.160569 123.161680 123.162792 123.163903 123.165015 123.166126 123.167222 123.168334 123.169445 123.170557 123.171668 123.172780 123.173892 123.175003 123.176115 123.177226 123.178338 123.179449 123.180561 123.181672 123.182784 123.183895 123.185007 123.186118 123.187230 123.188341 123.189453 123.190564 123.191676 123.192787 123.193899 123.195010 123.196122 123.197233 123.198345 123.199456 123.200568 123.201679 123.202791 123.203903 123.205014
123.135559 123.136671 123.137782 123.138894 123.140005 123.141117 123.142229 123.143340 123.144452 123.145563 123.146675 123.147786 123.148898 123.150009 123.151121 123.152232 123.153344 123.154455 123.155567 123.156678 123.157790 123.158901 123.160013 123.161124 123.162236 123.163347 123.164459 123.165570 123.166667 123.167778 123.168890 123.170001 123.171113 123.172224 123.173336 123.174447 123.175559 123.176670 123.177782 123.178893 123.180005 123.181116 123.182228 123.183339 123.184451 123.185562 123.186674 123.187786 123.188897 123.190009 123.191120 123.192232 123.193343 123.194455 123.195566 123.196678 123.197789
123.128335 123.129446 123.130558 123.131669 123.132781 123.133892 123.135004 123.136115 123.137227 123.138338 123.139450 123.140561 123.141673 123.142784 123.143896 123.145007 123.146119 123.147230 123.148342 123.149453 123.150565 123.151676 123.152788 123.153899 123.155011 123.156123 123.157234 123.158346 123.159457 123.160569 123.161680 123.162792 123.163903 123.165015 123.166126 123.167222 123.168334 123.169445 123.170557 123.171668 123.172780 123.173892 123.175003 123.176115 123.177226 123.178338 123.179449 123.180561 123.181672 123.182784 123.183895 123.185007 123.186118 123.187230 123.188341 123.189453 123.190564
123.125000 123.126112 123.127223 123.128335 123.129446 123.130558 123.131669 123.132781 123.133892 123.135004 123.136115 123.137227 123.138338 123.139450 123.140561 123.141673 123.142784 123.143896 123.145007 123.146119 123.147230 123.148342 123.149453 123.150565 123.151676 123.152788 123.153899 123.155011 123.156123 123.157234 123.158346 123.159457 123.160569 123.161680 123.162792 123.163903 123.165015 123.166126 123.167222 123.168334 123.169445 123.170557 123.171668 123.172780 123.173892 123.175003 123.176115 123.177226 123.178338 123.179449 123.180561 123.181672 123.182784 123.183895 123.185007 123.186118 123.187230
123.129446 123.130558 123.131669 123.132781 123.133892 123.135004 123.136115 123.137227 123.138338 123.139450 123.140561 123.141673 123.142784 123.143896 123.145007 123.146119 123.147230 123.148342 123.149453 123.150565 123.151676 123.152788 123.153899 123.155011 123.156123 123.157234 123.158346 123.159457 123.160569 123.161680 123.162792 123.163903 123.165015 123.166126 123.167222 123.168334 123.169445 123.170557 123.171668 123.172780 123.173892 123.175003 123.176115 123.177226 123.178338 123.179449 123.180561 123.181672 123.182784 123.183895 123.185007 123.186118 123.187230 123.188341 123.189453 123.190564 123.191676
123.136671 123.137782 123.138894 123.140005 123.141117 123.142229 123.143340 123.144452 123.145563 123.146675 123.147786 123.148898 123.150009 123.151121 123.152232 123.153344 123.154455 123.155567 123.156678 123.157790 123.158901 123.160013 123.161124 123.162236 123.163347 123.164459 123.165570 123.166667 123.167778 123.168890 123.170001 123.171113 123.172224 123.173336 123.174447 123.175559 123.176670 123.177782 123.178893 123.180005 123.181116 123.182228 123.183339 123.184451 123.185562 123.186674 123.187786 123.188897 123.190009 123.191120 123.192232 123.193343 123.194455 123.195566 123.196678 123.197789 123.198901
123.143340 123.144452 123.145563 123.146675 123.147786 123.148898 123.150009 123.151121 123.152232 123.153344 123.154455 123.155567 123.156678 123.157790 123.158901 123.160013 123.161124 123.162236 123.163347 123.164459 123.165570 123.166667 123.167778 123.168890 123.170001 123.171113 123.172224 123.173336 123.174447 123.175559 123.176670 123.177782 123.178893 123.180005 123.181116 123.182228 123.183339 123.184451 123.185562 123.186674 123.187786 123.188897 123.190009 123.191120 123.192232 123.193343 123.194455 123.195566 123.196678 123.197789 123.198901 123.200012 123.201124 123.202235 123.203347 123.204458 123.205570
123.150565 123.151676 123.152788 123.153899 123.155011 123.156123 123.157234 123.158346 123.159457 123.160569 123.161680 123.162792 123.163903 123.165015 123.166126 123.167222 123.168334 123.169445 123.170557 123.171668 123.172780 123.173892 123.175003 123.176115 123.177226 123.178338 123.179449 123.180561 123.181672 123.182784 123.183895 123.185007 123.186118 123.187230 123.188341 123.189453 123.190564 123.191676 123.192787 123.193899 123.195010 123.196122 123.197233 123.198345 123.199456 123.200568 123.201679 123.202791 123.203903 123.205014 123.206126 123.207237 123.208333 123.209445 123.210556 123.211668 123.212779
123.157790 123.158901 123.160013 123.161124 123.162236 123.163347 123.164459 123.165570 123.166667 123.167778 123.168890 123.170001 123.171113 123.172224 123.173336 123.174447 123.175559 123.176670 123.177782 123.178893 123.180005 123.181116 123.182228 123.183339 123.184451 123.185562 123.186674 123.187786 123.188897 123.190009 123.191120 123.192232 123.193343 123.194455 123.195566 123.196678 123.197789 123.198901 123.200012 123.201124 123.202235 123.203347 123.204458 123.205570 123.206681 123.207793 123.208889 123.210001 123.211112 123.212224 123.213335 123.214447 123.215558 123.216670 123.217781 123.218893 123.220004
123.164459 123.165570 123.166667 123.167778 123.168890 123.170001 123.171113 123.172224 123.173336 123.174447 123.175559 123.176670 123.177782 123.178893 123.180005 123.181116 123.182228 123.183339 123.184451 123.185562 123.186674 123.187786 123.188897 123.190009 123.191120 123.192232 123.193343 123.194455 123.195566 123.196678 123.197789 123.198901 123.200012 123.201124 123.202235 123.203347 123.204458 123.205570 123.206681 123.207793 123.208889 123.210001 123.211112 123.212224 123.213335 123.214447 123.215558 123.216670 123.217781 123.218893 123.220004 123.221116 123.222227 123.223339 123.224450 123.225562 123.226673
123.171668 123.172780 123.173892 123.175003 123.176115 123.177226 123.178338 123.179449 123.180561 123.181672 123.182784 123.183895 123.185007 123.186118 123.187230 123.188341 123.189453 123.190564 123.191676 123.192787 123.193899 123.195010 123.196122 123.197233 123.198345 123.199456 123.200568 123.201679 123.202791 123.203903 123.205014 123.206126 123.207237 123.208333 123.209445 123.210556 123.211668 123.212779 123.213891 123.215002 123.216114 123.217225 123.218337 123.219449 123.220560 123.221672 123.222783 123.223895 123.225006 123.226118 123.227229 123.228341 123.229452 123.230564 123.231675 123.232787 123.233898
123.178893 123.180005 123.181116 123.182228 123.183339 123.184451 123.185562 123.186674 123.187786 123.188897 123.190009 123.191120 123.192232 123.193343 123.194455 123.195566 123.196678 123.197789 123.198901 123.200012 123.201124 123.202235 123.203347 123.204458 123.205570 123.206681 123.207793 123.208889 123.210001 123.211112 123.212224 123.213335 123.214447 123.215558 123.216670 123.217781 123.218893 123.220004 123.221116 123.222227 123.223339 123.224450 123.225562 123.226673 123.227785 123.228896 123.230008 123.231119 123.232231 123.233342 123.234454 123.235566 123.236677 123.237789 123.238900 123.240012 123.241123
123.185562 123.186674 123.187786 123.188897 123.190009 123.191120 123.192232 123.193343 123.194455 123.195566 123.196678 123.197789 123.198901 123.200012 123.201124 123.202235 123.203347 123.204458 123.205570 123.206681 123.207793 123.208889 123.210001 123.211112 123.212224 123.213335 123.214447 123.215558 123.216670 123.217781 123.218893 123.220004 123.221116 123.222227 123.223339 123.224450 123.225562 123.226673 123.227785 123.228896 123.230008 123.231119 123.232231 123.233342 123.234454 123.235566 123.236677 123.237789 123.238900 123.240012 123.241123 123.242235 123.243346 123.244458 123.245569 123.246681 123.247792
123.192787 123.193899 123.195010 123.196122 123.197233 123.198345 123.199456 123.200568 123.201679 123.202791 123.203903 123.205014 123.206126 123.207237 123.208333 123.209445 123.210556 123.211668 123.212779 123.213891 123.215002 123.216114 123.217225 123.218337 123.219449 123.220560 123.221672 123.222783 123.223895 123.225006 123.226118 123.227229 123.228341 123.229452 123.230564 123.231675 123.232787 123.233898 123.235010 123.236121 123.237233 123.238344 123.239456 123.240567 123.241679 123.242790 123.243902 123.245013 123.246125 123.247236 123.248348 123.249459 123.250556 123.251667 123.252779 123.253890 123.255002
123.200012 123.201124 123.202235 123.203347 123.204458 123.205570 123.206681 123.207793 123.208889 123.210001 123.211112 123.212224 123.213335 123.214447 123.215558 123.216670 123.217781 123.218893 123.220004 123.221116 123.222227 123.223339 123.224450 123.225562 123.226673 123.227785 123.228896 123.230008 123.231119 123.232231 123.233342 123.234454 123.235566 123.236677 123.237789 123.238900 123.240012 123.241123 123.242235 123.243346 123.244458 123.245569 123.246681 123.247792 123.248904 123.250000 123.251112 123.252223 123.253335 123.254446 123.255558 123.256669 123.257781 123.258892 123.260004 123.261115 123.262227
123.206681 123.207793 123.208889 123.210001 123.211112 123.212224 123.213335 123.214447 123.215558 123.216670 123.217781 123.218893 123.220004 123.221116 123.222227 123.223339 123.224450 123.225562 123.226673 123.227785 123.228896 123.230008 123.231119 123.232231 123.233342 123.234454 123.235566 123.236677 123.237789 123.238900 123.240012 123.241123 123.242235 123.243346 123.244458 123.245569 123.246681 123.247792 123.248904 123.250000 123.251112 123.252223 123.253335 123.254446 123.255558 123.256669 123.257781 123.258892 123.260004 123.261115 123.262227 123.263338 123.264450 123.265561 123.266673 123.267784 123.268896
123.213891 123.215002 123.216114 123.217225 123.218337 123.219449 123.220560 123.221672 123.222783 123.223895 123.225006 123.226118 123.227229 123.228341 123.229452 123.230564 123.231675 123.232787 123.233898 123.235010 123.236121 123.237233 123.238344 123.239456 123.240567 123.241679 123.242790 123.243902 123.245013 123.246125 123.247236 123.248348 123.249459 123.250556 123.251667 123.252779 123.253890 123.255002 123.256113 123.257225 123.258336 123.259448 123.260559 123.261671 123.262782 123.263894 123.265005 123.266117 123.267229 123.268340 123.269452 123.270563 123.271675 123.272786 123.273898 123.275009 123.276121
123.221116 123.222227 123.223339 123.224450 123.225562 123.226673 123.227785 123.228896 123.230008 123.231119 123.232231 123.233342 123.234454 123.235566 123.236677 123.237789 123.238900 123.240012 123.241123 123.242235 123.243346 123.244458 123.245569 123.246681 123.247792 123.248904 123.250000 123.251112 123.252223 123.253335 123.254446 123.255558 123.256669 123.257781 123.258892 123.260004 123.261115 123.262227 123.263338 123.264450 123.265561 123.266673 123.267784 123.268896 123.270007 123.271119 123.272230 123.273342 123.274453 123.275565 123.276676 123.277788 123.278899 123.280011 123.281123 123.282234 123.283346
123.228341 123.229452 123.230564 123.231675 123.232787 123.233898 123.235010 123.236121 123.237233 123.238344 123.239456 123.240567 123.241679 123.242790 123.243902 123.245013 123.246125 123.247236 123.248348 123.249459 123.250556 123.251667 123.252779 123.253890 123.255002 123.256113 123.257225 123.258336 123.259448 123.260559 123.261671 123.262782 123.263894 123.265005 123.266117 123.267229 123.268340 123.269452 123.270563 123.271675 123.272786 123.273898 123.275009 123.276121 123.277232 123.278344 123.279455 123.280567 123.281678 123.282790 123.283901 123.285013 123.286124 123.287236 123.288347 123.289459 123.290570
123.235566 123.236677 123.237789 123.238900 123.240012 123.241123 123.242235 123.243346 123.244458 123.245569 123.246681 123.247792 123.248904 123.250000 123.251112 123.252223 123.253335 123.254446 123.255558 123.256669 123.257781 123.258892 123.260004 123.261115 123.262227 123.263338 123.264450 123.265561 123.266673 123.267784 123.268896 123.270007 123.271119 123.272230 123.273342 123.274453 123.275565 123.276676 123.277788 123.278899 123.280011 123.281123 123.282234 123.283346 123.284457 123.285569 123.286680 123.287792 123.288903 123.290015 123.291126 123.292222 123.293334 123.294445 123.295557 123.296668 123.297780
123.242235 123.243346 123.244458 123.245569 123.246681 123.247792 123.248904 123.250000 123.251112 123.252223 123.253335 123.254446 123.255558 123.256669 123.257781 123.258892 123.260004 123.261115 123.262227 123.263338 123.264450 123.265561 123.266673 123.267784 123.268896 123.270007 123.271119 123.272230 123.273342 123.274453 123.275565 123.276676 123.277788 123.278899 123.280011 123.281123 123.282234 123.283346 123.284457 123.285569 123.286680 123.287792 123.288903 123.290015 123.291126 123.292222 123.293334 123.294445 123.295557 123.296668 123.297780 123.298892 123.300003 123.301115 123.302226 123.303338 123.304449
123.249459 123.250556 123.251667 123.252779 123.253890 123.255002 123.256113 123.257225 123.258336 123.259448 123.260559 123.261671 123.262782 123.263894 123.265005 123.266117 123.267229 123.268340 123.269452 123.270563 123.271675 123.272786 123.273898 123.275009 123.276121 123.277232 123.278344 123.279455 123.280567 123.281678 123.282790 123.283901 123.285013 123.286124 123.287236 123.288347 123.289459 123.290570 123.291667 123.292778 123.293890 123.295001 123.296113 123.297224 123.298336 123.299447 123.300559 123.301670 123.302782 123.303893 123.305005 123.306116 123.307228 123.308339 123.309451 123.310562 123.311674
