FireSTARR/test/constant/C2_S060_A180_WD270_WS020/arrival.asc
ncols         377
nrows         63
xllcorner     426503.990666
yllcorner     12745655.311160
cellsize      100.000000
NODATA_value  0.000000
[rows 25 to 49 of 63, columns 0 to 56 of 377]
0.000000 0.000000 0.000000 0.000000 123.363344 123.359454 123.342781 123.326124 123.319455 123.299447 123.292222 123.272786 123.267784 123.258336 123.242790 123.228341 123.216114 123.207237 123.197789 123.186118 123.170557 123.167222 123.155011 123.141117 123.127223 123.120569 123.113900 123.106119 123.098895 123.091670 123.082793 123.082793 123.072789 123.073901 123.075012 123.076124 123.077235 123.078347 123.079458 123.080570 123.081681 123.082793 123.083889 123.085001 123.086112 123.087224 123.088335 123.089447 123.090558 123.091670 123.092781 123.093893 123.095004 123.096116 123.097227 123.098339 123.099450
0.000000 0.000000 0.000000 123.325012 123.292222 123.281678 123.270563 123.253890 123.243346 123.226673 123.218893 123.202235 123.186674 123.178893 123.170557 123.156678 123.146119 123.133892 123.131113 123.115567 123.102785 123.095560 123.089447 123.081126 123.077791 123.068899 123.059451 123.060007 123.061118 123.062230 123.063341 123.064453 123.065564 123.066676 123.067787 123.068899 123.070010 123.071122 123.072233 123.073345 123.074456 123.075568 123.076679 123.077791 123.078903 123.080014 123.081126 123.082237 123.083333 123.084445 123.085556 123.086668 123.087779 123.088891 123.090002 123.091114 123.092225
0.000000 0.000000 123.343893 123.230008 123.215002 123.207793 123.193899 123.177226 123.168334 123.149453 123.142784 123.131113 123.117790 123.111677 123.100562 123.090558 123.078903 123.066676 123.066120 123.056116 123.046668 123.046113 123.047224 123.048336 123.049447 123.050559 123.051670 123.052782 123.053893 123.055005 123.056116 123.057228 123.058339 123.059451 123.060562 123.061674 123.062786 123.063897 123.065009 123.066120 123.067232 123.068343 123.069455 123.070566 123.071678 123.072789 123.073901 123.075012 123.076124 123.077235 123.078347 123.079458 123.080570 123.081681 123.082793 123.083889 123.085001
0.000000 123.362789 123.163903 123.155567 123.140005 123.133892 123.116123 123.106119 123.095004 123.081681 123.076124 123.065009 123.051670 123.042778 123.035013 123.032790 123.033901 123.035013 123.036124 123.037236 123.038347 123.039459 123.040570 123.041667 123.042778 123.043890 123.045001 123.046113 123.047224 123.048336 123.049447 123.050559 123.051670 123.052782 123.053893 123.055005 123.056116 123.057228 123.058339 123.059451 123.060562 123.061674 123.062786 123.063897 123.065009 123.066120 123.067232 123.068343 123.069455 123.070566 123.071678 123.072789 123.073901 123.075012 123.076124 123.077235 123.078347
0.000000 123.177226 123.093337 123.081681 123.070010 123.056116 123.044445 123.036124 123.030567 123.019452 123.020007 123.021119 123.022230 123.023342 123.024453 123.025565 123.026676 123.027788 123.028899 123.030011 123.031123 123.032234 123.033346 123.034457 123.035569 123.036680 123.037792 123.038903 123.040015 123.041126 123.042222 123.043334 123.044445 123.045557 123.046668 123.047780 123.048892 123.050003 123.051115 123.052226 123.053338 123.054449 123.055561 123.056672 123.057784 123.058895 123.060007 123.061118 123.062230 123.063341 123.064453 123.065564 123.066676 123.067787 123.068899 123.070010 123.071122
0.000000 123.026676 123.020007 123.006669 123.006113 123.007225 123.008336 123.009448 123.010559 123.011671 123.012782 123.013894 123.015005 123.016117 123.017229 123.018340 123.019452 123.020563 123.021675 123.022786 123.023898 123.025009 123.026121 123.027232 123.028344 123.029455 123.030567 123.031678 123.032790 123.033901 123.035013 123.036124 123.037236 123.038347 123.039459 123.040570 123.041667 123.042778 123.043890 123.045001 123.046113 123.047224 123.048336 123.049447 123.050559 123.051670 123.052782 123.053893 123.055005 123.056116 123.057228 123.058339 123.059451 123.060562 123.061674 123.062786 123.063897
123.352229 123.000000 123.000556 123.001667 123.002779 123.003890 123.005002 123.006113 123.007225 123.008336 123.009448 123.010559 123.011671 123.012782 123.013894 123.015005 123.016117 123.017229 123.018340 123.019452 123.020563 123.021675 123.022786 123.023898 123.025009 123.026121 123.027232 123.028344 123.029455 123.030567 123.031678 123.032790 123.033901 123.035013 123.036124 123.037236 123.038347 123.039459 123.040570 123.041667 123.042778 123.043890 123.045001 123.046113 123.047224 123.048336 123.049447 123.050559 123.051670 123.052782 123.053893 123.055005 123.056116 123.057228 123.058339 123.059451 123.060562
0.000000 123.036124 123.026121 123.017784 123.007781 123.008336 123.009448 123.010559 123.011671 123.012782 123.013894 123.015005 123.016117 123.017229 123.018340 123.019452 123.020563 123.021675 123.022786 123.023898 123.025009 123.026121 123.027232 123.028344 123.029455 123.030567 123.031678 123.032790 123.033901 123.035013 123.036124 123.037236 123.038347 123.039459 123.040570 123.041667 123.042778 123.043890 123.045001 123.046113 123.047224 123.048336 123.049447 123.050559 123.051670 123.052782 123.053893 123.055005 123.056116 123.057228 123.058339 123.059451 123.060562 123.061674 123.062786 123.063897 123.065009
0.000000 123.197789 123.097227 123.093893 123.070566 123.058895 123.053893 123.043334 123.031123 123.025009 123.021119 123.021675 123.022786 123.023898 123.025009 123.026121 123.027232 123.028344 123.029455 123.030567 123.031678 123.032790 123.033901 123.035013 123.036124 123.037236 123.038347 123.039459 123.040570 123.041667 123.042778 123.043890 123.045001 123.046113 123.047224 123.048336 123.049447 123.050559 123.051670 123.052782 123.053893 123.055005 123.056116 123.057228 123.058339 123.059451 123.060562 123.061674 123.062786 123.063897 123.065009 123.066120 123.067232 123.068343 123.069455 123.070566 123.071678
0.000000 123.383336 123.179449 123.167778 123.154455 123.136115 123.130558 123.111677 123.097783 123.087224 123.075568 123.069455 123.063341 123.052226 123.044445 123.034457 123.034457 123.035569 123.036680 123.037792 123.038903 123.040015 123.041126 123.042222 123.043334 123.044445 123.045557 123.046668 123.047780 123.048892 123.050003 123.051115 123.052226 123.053338 123.054449 123.055561 123.056672 123.057784 123.058895 123.060007 123.061118 123.062230 123.063341 123.064453 123.065564 123.066676 123.067787 123.068899 123.070010 123.071122 123.072233 123.073345 123.074456 123.075568 123.076679 123.077791 123.078903
0.000000 0.000000 123.364456 123.233898 123.231119 123.217225 123.198901 123.193899 123.178893 123.155567 123.147230 123.138338 123.124459 123.113900 123.103341 123.093893 123.091114 123.078347 123.066120 123.063897 123.057784 123.047780 123.048336 123.049447 123.050559 123.051670 123.052782 123.053893 123.055005 123.056116 123.057228 123.058339 123.059451 123.060562 123.061674 123.062786 123.063897 123.065009 123.066120 123.067232 123.068343 123.069455 123.070566 123.071678 123.072789 123.073901 123.075012 123.076124 123.077235 123.078347 123.079458 123.080570 123.081681 123.082793 123.083889 123.085001 123.086112
0.000000 0.000000 0.000000 123.345560 123.304449 123.292778 123.273898 123.263894 123.255558 123.235566 123.226118 123.208333 123.200012 123.181672 123.171113 123.161680 123.152788 123.138338 123.128335 123.120569 123.115567 123.101673 123.091114 123.085001 123.079458 123.070566 123.063897 123.061118 123.061674 123.062786 123.063897 123.065009 123.066120 123.067232 123.068343 123.069455 123.070566 123.071678 123.072789 123.073901 123.075012 123.076124 123.077235 123.078347 123.079458 123.080570 123.081681 123.082793 123.084445 123.085556 123.086668 123.087779 123.088891 123.090002 123.091114 123.092225 123.093337
0.000000 0.000000 0.000000 0.000000 123.372236 123.365567 123.357231 123.346116 123.321678 123.308895 123.304449 123.284457 123.280011 123.256669 123.245569 123.236677 123.218893 123.208333 123.196122 123.191120 123.176670 123.162792 123.160013 123.150009 123.139450 123.128335 123.118346 123.115567 123.102229 123.094449 123.092781 123.083889 123.075012 123.074456 123.075568 123.076679 123.077791 123.078903 123.080014 123.081126 123.082237 123.083333 123.084445 123.085556 123.086668 123.087779 123.088891 123.090002 123.091114 123.092225 123.093337 123.094449 123.095560 123.096672 123.097783 123.098895 123.100006
0.000000 0.000000 0.000000 0.000000 0.000000 0.000000 0.000000 0.000000 123.406123 123.395007 123.366679 123.360566 123.348895 123.344449 123.323345 123.306116 123.294445 123.280567 123.270563 123.261115 123.247236 123.238344 123.226673 123.213891 123.197789 123.189453 123.183895 123.173892 123.163903 123.152788 123.145563 123.142229 123.130002 123.117235 123.116679 123.106119 123.106675 123.097227 123.087779 123.088335 123.089447 123.090558 123.091670 123.092781 123.093893 123.095004 123.096116 123.097227 123.098339 123.099450 123.100562 123.101673 123.102785 123.103896 123.105008 123.106119 123.107231
0.000000 0.000000 0.000000 0.000000 0.000000 0.000000 0.000000 0.000000 0.000000 0.000000 0.000000 0.000000 0.000000 123.406678 123.392784 123.387782 123.377779 123.350562 123.346116 123.331681 123.313897 123.307228 123.297780 123.285569 123.273342 123.264450 123.252779 123.238344 123.226118 123.215002 123.211668 123.198345 123.191120 123.178338 123.170001 123.163347 123.158901 123.144452 123.132225 123.131113 123.125556 123.119458 123.111121 123.103341 123.101118 123.102229 123.103341 123.104452 123.105564 123.106675 123.107787 123.108898 123.110010 123.111121 123.112233 123.113344 123.114456
0.000000 0.000000 0.000000 0.000000 0.000000 0.000000 0.000000 0.000000 0.000000 0.000000 0.000000 0.000000 0.000000 0.000000 0.000000 0.000000 0.000000 0.000000 0.000000 123.406678 123.394452 123.377779 123.369458 123.357231 123.342225 123.330014 123.323901 123.306672 123.303893 123.285013 123.274453 123.266673 123.251112 123.241123 123.236677 123.227785 123.215558 123.205570 123.194455 123.186118 123.181116 123.167222 123.162236 123.156123 123.146119 123.142784 123.135004 123.132781 123.123904 123.114456 123.114456 123.115567 123.116679 123.117790 123.118902 123.120013 123.121125
0.000000 0.000000 0.000000 0.000000 0.000000 0.000000 0.000000 0.000000 0.000000 0.000000 0.000000 0.000000 0.000000 0.000000 0.000000 0.000000 0.000000 0.000000 0.000000 0.000000 0.000000 0.000000 0.000000 0.000000 0.000000 123.403344 123.397786 123.376667 123.370569 123.355008 123.347227 123.332793 123.320566 123.313897 123.303338 123.290015 123.281123 123.270007 123.257781 123.254446 123.242790 123.228896 123.225006 123.214447 123.202791 123.195010 123.187786 123.182228 123.169445 123.160013 123.159457 123.156123 123.146119 123.142784 123.138894 123.127779 123.128335
0.000000 0.000000 0.000000 0.000000 0.000000 0.000000 0.000000 0.000000 0.000000 0.000000 0.000000 0.000000 0.000000 0.000000 0.000000 0.000000 0.000000 0.000000 0.000000 0.000000 0.000000 0.000000 0.000000 0.000000 0.000000 0.000000 0.000000 0.000000 0.000000 0.000000 123.410569 123.403899 123.391117 123.385559 123.376112 123.363344 123.351673 123.340002 123.327235 123.315009 123.304449 123.295557 123.284457 123.275565 123.271119 123.262782 123.254446 123.240012 123.231119 123.220560 123.216670 123.201679 123.194455 123.190564 123.182784 123.172780 123.170001
0.000000 0.000000 0.000000 0.000000 0.000000 0.000000 0.000000 0.000000 0.000000 0.000000 0.000000 0.000000 0.000000 0.000000 0.000000 0.000000 0.000000 0.000000 0.000000 0.000000 0.000000 0.000000 0.000000 0.000000 0.000000 0.000000 0.000000 0.000000 0.000000 0.000000 0.000000 0.000000 0.000000 0.000000 0.000000 0.000000 0.000000 123.412792 123.395563 123.387782 123.376667 123.361121 123.356675 123.342781 123.331681 123.318899 123.313897 123.303893 123.294445 123.282234 123.276121 123.263894 123.260004 123.251667 123.241123 123.228896 123.221116
0.000000 0.000000 0.000000 0.000000 0.000000 0.000000 0.000000 0.000000 0.000000 0.000000 0.000000 0.000000 0.000000 0.000000 0.000000 0.000000 0.000000 0.000000 0.000000 0.000000 0.000000 0.000000 0.000000 0.000000 0.000000 0.000000 0.000000 0.000000 0.000000 0.000000 0.000000 0.000000 0.000000 0.000000 0.000000 0.000000 0.000000 0.000000 0.000000 0.000000 0.000000 0.000000 0.000000 123.411124 123.402788 123.391117 123.383336 123.370569 123.353341 123.348339 123.337779 123.330570 123.323345 123.308895 123.296668 123.287792 123.282234
0.000000 0.000000 0.000000 0.000000 0.000000 0.000000 0.000000 0.000000 0.000000 0.000000 0.000000 0.000000 0.000000 0.000000 0.000000 0.000000 0.000000 0.000000 0.000000 0.000000 0.000000 0.000000 0.000000 0.000000 0.000000 0.000000 0.000000 0.000000 0.000000 0.000000 0.000000 0.000000 0.000000 0.000000 0.000000 0.000000 0.000000 0.000000 0.000000 0.000000 0.000000 0.000000 0.000000 0.000000 0.000000 0.000000 0.000000 0.000000 0.000000 0.000000 123.402232 123.396675 123.381669 123.369458 123.366679 123.357231 123.348339
0.000000 0.000000 0.000000 0.000000 0.000000 0.000000 0.000000 0.000000 0.000000 0.000000 0.000000 0.000000 0.000000 0.000000 0.000000 0.000000 0.000000 0.000000 0.000000 0.000000 0.000000 0.000000 0.000000 0.000000 0.000000 0.000000 0.000000 0.000000 0.000000 0.000000 0.000000 0.000000 0.000000 0.000000 0.000000 0.000000 0.000000 0.000000 0.000000 0.000000 0.000000 0.000000 0.000000 0.000000 0.000000 0.000000 0.000000 0.000000 0.000000 0.000000 0.000000 0.000000 0.000000 0.000000 0.000000 0.000000 123.407234
0.000000 0.000000 0.000000 0.000000 0.000000 0.000000 0.000000 0.000000 0.000000 0.000000 0.000000 0.000000 0.000000 0.000000 0.000000 0.000000 0.000000 0.000000 0.000000 0.000000 0.000000 0.000000 0.000000 0.000000 0.000000 0.000000 0.000000 0.000000 0.000000 0.000000 0.000000 0.000000 0.000000 0.000000 0.000000 0.000000 0.000000 0.000000 0.000000 0.000000 0.000000 0.000000 0.000000 0.000000 0.000000 0.000000 0.000000 0.000000 0.000000 0.000000 0.000000 0.000000 0.000000 0.000000 0.000000 0.000000 0.000000
0.000000 0.000000 0.000000 0.000000 0.000000 0.000000 0.000000 0.000000 0.000000 0.000000 0.000000 0.000000 0.000000 0.000000 0.000000 0.000000 0.000000 0.000000 0.000000 0.000000 0.000000 0.000000 0.000000 0.000000 0.000000 0.000000 0.000000 0.000000 0.000000 0.000000 0.000000 0.000000 0.000000 0.000000 0.000000 0.000000 0.000000 0.000000 0.000000 0.000000 0.000000 0.000000 0.000000 0.000000 0.000000 0.000000 0.000000 0.000000 0.000000 0.000000 0.000000 0.000000 0.000000 0.000000 0.000000 0.000000 0.000000
0.000000 0.000000 0.000000 0.000000 0.000000 0.000000 0.000000 0.000000 0.000000 0.000000 0.000000 0.000000 0.000000 0.000000 0.000000 0.000000 0.000000 0.000000 0.000000 0.000000 0.000000 0.000000 0.000000 0.000000 0.000000 0.000000 0.000000 0.000000 0.000000 0.000000 0.000000 0.000000 0.000000 0.000000 0.000000 0.000000 0.000000 0.000000 0.000000 0.000000 0.000000 0.000000 0.000000 0.000000 0.000000 0.000000 0.000000 0.000000 0.000000 0.000000 0.000000 0.000000 0.000000 0.000000 0.000000 0.000000 0.000000
