FireSTARR/test/constant/C2_S060_A180_WD270_WS020/arrival.asc
ncols         377
nrows         63
xllcorner     426503.990666
yllcorner     12745655.311160
cellsize      100.000000
NODATA_value  0.000000
[rows 0 to 24 of 63, columns 171 to 227 of 377]
0.000000 0.000000 123.410569 123.407234 123.408346 123.409457 123.410569 123.411680 123.412792 123.413903 123.415015 123.416126 0.000000 0.000000 0.000000 0.000000 0.000000 0.000000 0.000000 0.000000 0.000000 0.000000 0.000000 0.000000 0.000000 0.000000 0.000000 0.000000 0.000000 0.000000 0.000000 0.000000 0.000000 0.000000 0.000000 0.000000 0.000000 0.000000 0.000000 0.000000 0.000000 0.000000 0.000000 0.000000 0.000000 0.000000 0.000000 0.000000 0.000000 0.000000 0.000000 0.000000 0.000000 0.000000 0.000000 0.000000 0.000000
123.396675 123.397786 123.398898 123.400009 123.401121 123.402232 123.403344 123.404455 123.405567 123.406678 123.407790 123.408901 123.410013 123.411124 123.412236 123.413347 123.414459 123.415570 123.416667 0.000000 0.000000 0.000000 0.000000 0.000000 0.000000 0.000000 0.000000 0.000000 0.000000 0.000000 0.000000 0.000000 0.000000 0.000000 0.000000 0.000000 0.000000 0.000000 0.000000 0.000000 0.000000 0.000000 0.000000 0.000000 0.000000 0.000000 0.000000 0.000000 0.000000 0.000000 0.000000 0.000000 0.000000 0.000000 0.000000 0.000000 0.000000
123.389450 123.390561 123.391673 123.392784 123.393896 123.395007 123.396119 123.397230 123.398342 123.399453 123.400565 123.401676 123.402788 123.403899 123.405011 123.406123 123.407234 123.408346 123.409457 123.410569 123.411680 123.412792 123.413903 123.415015 123.416126 0.000000 0.000000 0.000000 0.000000 0.000000 0.000000 0.000000 0.000000 0.000000 0.000000 0.000000 0.000000 0.000000 0.000000 0.000000 0.000000 0.000000 0.000000 0.000000 0.000000 0.000000 0.000000 0.000000 0.000000 0.000000 0.000000 0.000000 0.000000 0.000000 0.000000 0.000000 0.000000
123.382225 123.383336 123.384448 123.385559 123.386671 123.387782 123.388894 123.390005 123.391117 123.392229 123.393340 123.394452 123.395563 123.396675 123.397786 123.398898 123.400009 123.401121 123.402232 123.403344 123.404455 123.405567 123.406678 123.407790 123.408901 123.410013 123.411124 123.412236 123.413347 123.414459 123.415570 123.416667 0.000000 0.000000 0.000000 0.000000 0.000000 0.000000 0.000000 0.000000 0.000000 0.000000 0.000000 0.000000 0.000000 0.000000 0.000000 0.000000 0.000000 0.000000 0.000000 0.000000 0.000000 0.000000 0.000000 0.000000 0.000000
123.375000 123.376112 123.377223 123.378335 123.379446 123.380558 123.381669 123.382781 123.383892 123.385004 123.386115 123.387227 123.388338 123.389450 123.390561 123.391673 123.392784 123.393896 123.395007 123.396119 123.397230 123.398342 123.399453 123.400565 123.401676 123.402788 123.403899 123.405011 123.406123 123.407234 123.408346 123.409457 123.410569 123.411680 123.412792 123.413903 123.415015 123.416126 0.000000 0.000000 0.000000 0.000000 0.000000 0.000000 0.000000 0.000000 0.000000 0.000000 0.000000 0.000000 0.000000 0.000000 0.000000 0.000000 0.000000 0.000000 0.000000
123.368346 123.369458 123.370569 123.371681 123.372792 123.373904 123.375000 123.376112 123.377223 123.378335 123.379446 123.380558 123.381669 123.382781 123.383892 123.385004 123.386115 123.387227 123.388338 123.389450 123.390561 123.391673 123.392784 123.393896 123.395007 123.396119 123.397230 123.398342 123.399453 123.400565 123.401676 123.402788 123.403899 123.405011 123.406123 123.407234 123.408346 123.409457 123.410569 123.411680 123.412792 123.413903 123.415015 123.416126 0.000000 0.000000 0.000000 0.000000 0.000000 0.000000 0.000000 0.000000 0.000000 0.000000 0.000000 0.000000 0.000000
123.361121 123.362233 123.363344 123.364456 123.365567 123.366679 123.367790 123.368902 123.370013 123.371125 123.372236 123.373348 123.374459 123.375556 123.376667 123.377779 123.378890 123.380002 123.381113 123.382225 123.383336 123.384448 123.385559 123.386671 123.387782 123.388894 123.390005 123.391117 123.392229 123.393340 123.394452 123.395563 123.396675 123.397786 123.398898 123.400009 123.401121 123.402232 123.403344 123.404455 123.405567 123.406678 123.407790 123.408901 123.410013 123.411124 123.412236 123.413347 123.414459 123.415570 123.416667 0.000000 0.000000 0.000000 0.000000 0.000000 0.000000
123.353896 123.355008 123.356119 123.357231 123.358342 123.359454 123.360566 123.361677 123.362789 123.363900 123.365012 123.366123 123.367235 123.368346 123.369458 123.370569 123.371681 123.372792 123.373904 123.375000 123.376112 123.377223 123.378335 123.379446 123.380558 123.381669 123.382781 123.383892 123.385004 123.386115 123.387227 123.388338 123.389450 123.390561 123.391673 123.392784 123.393896 123.395007 123.396119 123.397230 123.398342 123.399453 123.400565 123.401676 123.402788 123.403899 123.405011 123.406123 123.407234 123.408346 123.409457 123.410569 123.411680 123.412792 123.413903 123.415015 123.416126
123.347227 123.348339 123.349450 123.350562 123.351673 123.352785 123.353896 123.355008 123.356119 123.357231 123.358342 123.359454 123.360566 123.361677 123.362789 123.363900 123.365012 123.366123 123.367235 123.368346 123.369458 123.370569 123.371681 123.372792 123.373904 123.375000 123.376112 123.377223 123.378335 123.379446 123.380558 123.381669 123.382781 123.383892 123.385004 123.386115 123.387227 123.388338 123.389450 123.390561 123.391673 123.392784 123.393896 123.395007 123.396119 123.397230 123.398342 123.399453 123.400565 123.401676 123.402788 123.403899 123.405011 123.406123 123.407234 123.408346 123.409457
123.340002 123.341114 123.342225 123.343337 123.344449 123.345560 123.346672 123.347783 123.348895 123.350006 123.351118 123.352229 123.353341 123.354452 123.355564 123.356675 123.357787 123.358898 123.360010 123.361121 123.362233 123.363344 123.364456 123.365567 123.366679 123.367790 123.368902 123.370013 123.371125 123.372236 123.373348 123.374459 123.375556 123.376667 123.377779 123.378890 123.380002 123.381113 123.382225 123.383336 123.384448 123.385559 123.386671 123.387782 123.388894 123.390005 123.391117 123.392229 123.393340 123.394452 123.395563 123.396675 123.397786 123.398898 123.400009 123.401121 123.402232
123.332793 123.333889 123.335001 123.336112 123.337224 123.338335 123.339447 123.340558 123.341670 123.342781 123.343893 123.345004 123.346116 123.347227 123.348339 123.349450 123.350562 123.351673 123.352785 123.353896 123.355008 123.356119 123.357231 123.358342 123.359454 123.360566 123.361677 123.362789 123.363900 123.365012 123.366123 123.367235 123.368346 123.369458 123.370569 123.371681 123.372792 123.373904 123.375000 123.376112 123.377223 123.378335 123.379446 123.380558 123.381669 123.382781 123.383892 123.385004 123.386115 123.387227 123.388338 123.389450 123.390561 123.391673 123.392784 123.393896 123.395007
123.326124 123.327235 123.328347 123.329458 123.330570 123.331681 123.332793 123.333889 123.335001 123.336112 123.337224 123.338335 123.339447 123.340558 123.341670 123.342781 123.343893 123.345004 123.346116 123.347227 123.348339 123.349450 123.350562 123.351673 123.352785 123.353896 123.355008 123.356119 123.357231 123.358342 123.359454 123.360566 123.361677 123.362789 123.363900 123.365012 123.366123 123.367235 123.368346 123.369458 123.370569 123.371681 123.372792 123.373904 123.375000 123.376112 123.377223 123.378335 123.379446 123.380558 123.381669 123.382781 123.383892 123.385004 123.386115 123.387227 123.388338
123.318899 123.320010 123.321122 123.322233 123.323345 123.324456 123.325568 123.326679 123.327791 123.328903 123.330014 123.331126 123.332237 123.333333 123.334445 123.335556 123.336668 123.337779 123.338891 123.340002 123.341114 123.342225 123.343337 123.344449 123.345560 123.346672 123.347783 123.348895 123.350006 123.351118 123.352229 123.353341 123.354452 123.355564 123.356675 123.357787 123.358898 123.360010 123.361121 123.362233 123.363344 123.364456 123.365567 123.366679 123.367790 123.368902 123.370013 123.371125 123.372236 123.373348 123.374459 123.375556 123.376667 123.377779 123.378890 123.380002 123.381113
123.311674 123.312786 123.313897 123.315009 123.316120 123.317232 123.318343 123.319455 123.320566 123.321678 123.322789 123.323901 123.325012 123.326124 123.327235 123.328347 123.329458 123.330570 123.331681 123.332793 123.333889 123.335001 123.336112 123.337224 123.338335 123.339447 123.340558 123.341670 123.342781 123.343893 123.345004 123.346116 123.347227 123.348339 123.349450 123.350562 123.351673 123.352785 123.353896 123.355008 123.356119 123.357231 123.358342 123.359454 123.360566 123.361677 123.362789 123.363900 123.365012 123.366123 123.367235 123.368346 123.369458 123.370569 123.371681 123.372792 123.373904
123.305005 123.306116 123.307228 123.308339 123.309451 123.310562 123.311674 123.312786 123.313897 123.315009 123.316120 123.317232 123.318343 123.319455 123.320566 123.321678 123.322789 123.323901 123.325012 123.326124 123.327235 123.328347 123.329458 123.330570 123.331681 123.332793 123.333889 123.335001 123.336112 123.337224 123.338335 123.339447 123.340558 123.341670 123.342781 123.343893 123.345004 123.346116 123.347227 123.348339 123.349450 123.350562 123.351673 123.352785 123.353896 123.355008 123.356119 123.357231 123.358342 123.359454 123.360566 123.361677 123.362789 123.363900 123.365012 123.366123 123.367235
123.297780 123.298892 123.300003 123.301115 123.302226 123.303338 123.304449 123.305561 123.306672 123.307784 123.308895 123.310007 123.311118 123.312230 123.313341 123.314453 123.315564 123.316676 123.317787 123.318899 123.320010 123.321122 123.322233 123.323345 123.324456 123.325568 123.326679 123.327791 123.328903 123.330014 123.331126 123.332237 123.333333 123.334445 123.335556 123.336668 123.337779 123.338891 123.340002 123.341114 123.342225 123.343337 123.344449 123.345560 123.346672 123.347783 123.348895 123.350006 123.351118 123.352229 123.353341 123.354452 123.355564 123.356675 123.357787 123.358898 123.360010
123.290570 123.291667 123.292778 123.293890 123.295001 123.296113 123.297224 123.298336 123.299447 123.300559 123.301670 123.302782 123.303893 123.305005 123.306116 123.307228 123.308339 123.309451 123.310562 123.311674 123.312786 123.313897 123.315009 123.316120 123.317232 123.318343 123.319455 123.320566 123.321678 123.322789 123.323901 123.325012 123.326124 123.327235 123.328347 123.329458 123.330570 123.331681 123.332793 123.333889 123.335001 123.336112 123.337224 123.338335 123.339447 123.340558 123.341670 123.342781 123.343893 123.345004 123.346116 123.347227 123.348339 123.349450 123.350562 123.351673 123.352785
123.283901 123.285013 123.286124 123.287236 123.288347 123.289459 123.290570 123.291667 123.292778 123.293890 123.295001 123.296113 123.297224 123.298336 123.299447 123.300559 123.301670 123.302782 123.303893 123.305005 123.306116 123.307228 123.308339 123.309451 123.310562 123.311674 123.312786 123.313897 123.315009 123.316120 123.317232 123.318343 123.319455 123.320566 123.321678 123.322789 123.323901 123.325012 123.326124 123.327235 123.328347 123.329458 123.330570 123.331681 123.332793 123.333889 123.335001 123.336112 123.337224 123.338335 123.339447 123.340558 123.341670 123.342781 123.343893 123.345004 123.346116
123.276676 123.277788 123.278899 123.280011 123.281123 123.282234 123.283346 123.284457 123.285569 123.286680 123.287792 123.288903 123.290015 123.291126 123.292222 123.293334 123.294445 123.295557 123.296668 123.297780 123.298892 123.300003 123.301115 123.302226 123.303338 123.304449 123.305561 123.306672 123.307784 123.308895 123.310007 123.311118 123.312230 123.313341 123.314453 123.315564 123.316676 123.317787 123.318899 123.320010 123.321122 123.322233 123.323345 123.324456 123.325568 123.326679 123.327791 123.328903 123.330014 123.331126 123.332237 123.333333 123.334445 123.335556 123.336668 123.337779 123.338891
123.269452 123.270563 123.271675 123.272786 123.273898 123.275009 123.276121 123.277232 123.278344 123.279455 123.280567 123.281678 123.282790 123.283901 123.285013 123.286124 123.287236 123.288347 123.289459 123.290570 123.291667 123.292778 123.293890 123.295001 123.296113 123.297224 123.298336 123.299447 123.300559 123.301670 123.302782 123.303893 123.305005 123.306116 123.307228 123.308339 123.309451 123.310562 123.311674 123.312786 123.313897 123.315009 123.316120 123.317232 123.318343 123.319455 123.320566 123.321678 123.322789 123.323901 123.325012 123.326124 123.327235 123.328347 123.329458 123.330570 123.331681
123.262782 123.263894 123.265005 123.266117 123.267229 123.268340 123.269452 123.270563 123.271675 123.272786 123.273898 123.275009 123.276121 123.277232 123.278344 123.279455 123.280567 123.281678 123.282790 123.283901 123.285013 123.286124 123.287236 123.288347 123.289459 123.290570 123.291667 123.292778 123.293890 123.295001 123.296113 123.297224 123.298336 123.299447 123.300559 123.301670 123.302782 123.303893 123.305005 123.306116 123.307228 123.308339 123.309451 123.310562 123.311674 123.312786 123.313897 123.315009 123.316120 123.317232 123.318343 123.319455 123.320566 123.321678 123.322789 123.323901 123.325012
123.255558 123.256669 123.257781 123.258892 123.260004 123.261115 123.262227 123.263338 123.264450 123.265561 123.266673 123.267784 123.268896 123.270007 123.271119 123.272230 123.273342 123.274453 123.275565 123.276676 123.277788 123.278899 123.280011 123.281123 123.282234 123.283346 123.284457 123.285569 123.286680 123.287792 123.288903 123.290015 123.291126 123.292222 123.293334 123.294445 123.295557 123.296668 123.297780 123.298892 123.300003 123.301115 123.302226 123.303338 123.304449 123.305561 123.306672 123.307784 123.308895 123.310007 123.311118 123.312230 123.313341 123.314453 123.315564 123.316676 123.317787
123.248348 123.249459 123.250556 123.251667 123.252779 123.253890 123.255002 123.256113 123.257225 123.258336 123.259448 123.260559 123.261671 123.262782 123.263894 123.265005 123.266117 123.267229 123.268340 123.269452 123.270563 123.271675 123.272786 123.273898 123.275009 123.276121 123.277232 123.278344 123.279455 123.280567 123.281678 123.282790 123.283901 123.285013 123.286124 123.287236 123.288347 123.289459 123.290570 123.291667 123.292778 123.293890 123.295001 123.296113 123.297224 123.298336 123.299447 123.300559 123.301670 123.302782 123.303893 123.305005 123.306116 123.307228 123.308339 123.309451 123.310562
123.241679 123.242790 123.243902 123.245013 123.246125 123.247236 123.248348 123.249459 123.250556 123.251667 123.252779 123.253890 123.255002 123.256113 123.257225 123.258336 123.259448 123.260559 123.261671 123.262782 123.263894 123.265005 123.266117 123.267229 123.268340 123.269452 123.270563 123.271675 123.272786 123.273898 123.275009 123.276121 123.277232 123.278344 123.279455 123.280567 123.281678 123.282790 123.283901 123.285013 123.286124 123.287236 123.288347 123.289459 123.290570 123.291667 123.292778 123.293890 123.295001 123.296113 123.297224 123.298336 123.299447 123.300559 123.301670 123.302782 123.303893
123.233898 123.235010 123.236121 123.237233 123.238344 123.239456 123.240567 123.241679 123.242790 123.243902 123.245013 123.246125 123.247236 123.248348 123.249459 123.250556 123.251667 123.252779 123.253890 123.255002 123.256113 123.257225 123.258336 123.259448 123.260559 123.261671 123.262782 123.263894 123.265005 123.266117 123.267229 123.268340 123.269452 123.270563 123.271675 123.272786 123.273898 123.275009 123.276121 123.277232 123.278344 123.279455 123.280567 123.281678 123.282790 123.283901 123.285013 123.286124 123.287236 123.288347 123.289459 123.290570 123.291667 123.292778 123.293890 123.295001 123.296113
