FireSTARR/test/constant/C2_S060_A180_WD270_WS020/arrival.asc
ncols         377
nrows         63
xllcorner     426503.990666
yllcorner     12745655.311160
cellsize      100.000000
NODATA_value  0.000000
[rows 0 to 24 of 63, columns 114 to 170 of 377]
0.000000 0.000000 0.000000 0.000000 0.000000 0.000000 0.000000 0.000000 0.000000 0.000000 0.000000 0.000000 0.000000 0.000000 0.000000 0.000000 0.000000 0.000000 0.000000 0.000000 0.000000 0.000000 0.000000 0.000000 0.000000 0.000000 0.000000 0.000000 0.000000 0.000000 0.000000 0.000000 0.000000 0.000000 0.000000 0.000000 0.000000 0.000000 0.000000 0.000000 0.000000 0.000000 0.000000 0.000000 0.000000 0.000000 0.000000 0.000000 0.000000 0.000000 0.000000 0.000000 0.000000 0.000000 0.000000 0.000000 0.000000
0.000000 0.000000 0.000000 0.000000 0.000000 0.000000 0.000000 0.000000 0.000000 0.000000 0.000000 0.000000 0.000000 0.000000 0.000000 0.000000 0.000000 0.000000 0.000000 0.000000 0.000000 0.000000 0.000000 0.000000 0.000000 0.000000 0.000000 0.000000 0.000000 0.000000 0.000000 0.000000 0.000000 0.000000 0.000000 0.000000 0.000000 0.000000 0.000000 0.000000 0.000000 0.000000 0.000000 0.000000 0.000000 0.000000 0.000000 0.000000 0.000000 123.415570 123.408901 123.406678 123.405011 123.403899 123.393896 123.394452 123.395563
0.000000 0.000000 0.000000 0.000000 0.000000 0.000000 0.000000 0.000000 0.000000 0.000000 0.000000 0.000000 0.000000 0.000000 0.000000 0.000000 0.000000 0.000000 0.000000 0.000000 0.000000 0.000000 0.000000 0.000000 0.000000 0.000000 0.000000 0.000000 0.000000 0.000000 0.000000 0.000000 0.000000 0.000000 0.000000 0.000000 0.000000 0.000000 0.000000 0.000000 0.000000 123.412792 123.411124 123.409457 123.401676 123.394452 123.391673 123.391117 123.380558 123.380558 123.381669 123.382781 123.383892 123.385004 123.386115 123.387227 123.388338
0.000000 0.000000 0.000000 0.000000 0.000000 0.000000 0.000000 0.000000 0.000000 0.000000 0.000000 0.000000 0.000000 0.000000 0.000000 0.000000 0.000000 0.000000 0.000000 0.000000 0.000000 0.000000 0.000000 0.000000 0.000000 0.000000 0.000000 0.000000 0.000000 0.000000 0.000000 0.000000 0.000000 0.000000 123.410013 123.406123 123.399453 123.397786 123.388338 123.388894 123.380002 123.376667 123.368902 123.366679 123.367790 123.368902 123.370013 123.371125 123.372236 123.373348 123.374459 123.375556 123.376667 123.377779 123.378890 123.380002 123.381113
0.000000 0.000000 0.000000 0.000000 0.000000 0.000000 0.000000 0.000000 0.000000 0.000000 0.000000 0.000000 0.000000 0.000000 0.000000 0.000000 0.000000 0.000000 0.000000 0.000000 0.000000 0.000000 0.000000 0.000000 0.000000 123.411680 123.411680 123.403899 123.398898 123.395563 123.386115 123.385004 123.376667 123.375000 123.366679 123.366123 123.358898 123.353341 123.353896 123.355008 123.356119 123.357231 123.358342 123.359454 123.360566 123.361677 123.362789 123.363900 123.365012 123.366123 123.367235 123.368346 123.369458 123.370569 123.371681 123.372792 123.373904
0.000000 0.000000 0.000000 0.000000 0.000000 0.000000 0.000000 0.000000 0.000000 0.000000 0.000000 0.000000 0.000000 0.000000 0.000000 0.000000 0.000000 123.416667 123.411680 123.407790 123.397786 123.390005 123.388894 123.382781 123.372236 123.371681 123.368346 123.361677 123.360010 123.352785 123.349450 123.340002 123.340558 123.341670 123.342781 123.343893 123.345004 123.346116 123.347227 123.348339 123.349450 123.350562 123.351673 123.352785 123.353896 123.355008 123.356119 123.357231 123.358342 123.359454 123.360566 123.361677 123.362789 123.363900 123.365012 123.366123 123.367235
0.000000 0.000000 0.000000 0.000000 0.000000 0.000000 0.000000 0.000000 0.000000 0.000000 0.000000 123.410013 123.402788 123.393896 123.384448 123.383892 123.376667 123.369458 123.359454 123.358898 123.357787 123.348339 123.348339 123.339447 123.337224 123.332237 123.326679 123.327791 123.328903 123.330014 123.331126 123.332237 123.333333 123.334445 123.335556 123.336668 123.337779 123.338891 123.340002 123.341114 123.342225 123.343337 123.344449 123.345560 123.346672 123.347783 123.348895 123.350006 123.351118 123.352229 123.353341 123.354452 123.355564 123.356675 123.357787 123.358898 123.360010
0.000000 0.000000 0.000000 123.415570 123.406123 123.401676 123.393340 123.380558 123.377223 123.370569 123.363344 123.362233 123.355008 123.345560 123.345560 123.336668 123.335001 123.334445 123.323901 123.321678 123.313341 123.313897 123.315009 123.316120 123.317232 123.318343 123.319455 123.320566 123.321678 123.322789 123.323901 123.325012 123.326124 123.327235 123.328347 123.329458 123.330570 123.331681 123.332793 123.333889 123.335001 123.336112 123.337224 123.338335 123.339447 123.340558 123.341670 123.342781 123.343893 123.345004 123.346116 123.347227 123.348339 123.349450 123.350562 123.351673 123.352785
123.380558 123.379446 123.369458 123.357231 123.350562 123.350006 123.341670 123.332237 123.332237 123.327235 123.321678 123.320010 123.311674 123.310562 123.300003 123.300559 123.301670 123.302782 123.303893 123.305005 123.306116 123.307228 123.308339 123.309451 123.310562 123.311674 123.312786 123.313897 123.315009 123.316120 123.317232 123.318343 123.319455 123.320566 123.321678 123.322789 123.323901 123.325012 123.326124 123.327235 123.328347 123.329458 123.330570 123.331681 123.332793 123.333889 123.335001 123.336112 123.337224 123.338335 123.339447 123.340558 123.341670 123.342781 123.343893 123.345004 123.346116
123.330014 123.324456 123.318899 123.317787 123.308339 123.308895 123.309451 123.296668 123.287236 123.286680 123.287792 123.288903 123.290015 123.291126 123.292222 123.293334 123.294445 123.295557 123.296668 123.297780 123.298892 123.300003 123.301115 123.302226 123.303338 123.304449 123.305561 123.306672 123.307784 123.308895 123.310007 123.311118 123.312230 123.313341 123.314453 123.315564 123.316676 123.317787 123.318899 123.320010 123.321122 123.322233 123.323345 123.324456 123.325568 123.326679 123.327791 123.328903 123.330014 123.331126 123.332237 123.333333 123.334445 123.335556 123.336668 123.337779 123.338891
123.293334 123.288347 123.280567 123.273342 123.273898 123.275009 123.276121 123.277232 123.278344 123.279455 123.280567 123.281678 123.282790 123.283901 123.285013 123.286124 123.287236 123.288347 123.289459 123.290570 123.291667 123.292778 123.293890 123.295001 123.296113 123.297224 123.298336 123.299447 123.300559 123.301670 123.302782 123.303893 123.305005 123.306116 123.307228 123.308339 123.309451 123.310562 123.311674 123.312786 123.313897 123.315009 123.316120 123.317232 123.318343 123.319455 123.320566 123.321678 123.322789 123.323901 123.325012 123.326124 123.327235 123.328347 123.329458 123.330570 123.331681
123.262782 123.263894 123.265005 123.266117 123.267229 123.268340 123.269452 123.270563 123.271675 123.272786 123.273898 123.275009 123.276121 123.277232 123.278344 123.279455 123.280567 123.281678 123.282790 123.283901 123.285013 123.286124 123.287236 123.288347 123.289459 123.290570 123.291667 123.292778 123.293890 123.295001 123.296113 123.297224 123.298336 123.299447 123.300559 123.301670 123.302782 123.303893 123.305005 123.306116 123.307228 123.308339 123.309451 123.310562 123.311674 123.312786 123.313897 123.315009 123.316120 123.317232 123.318343 123.319455 123.320566 123.321678 123.322789 123.323901 123.325012
123.255558 123.256669 123.257781 123.258892 123.260004 123.261115 123.262227 123.263338 123.264450 123.265561 123.266673 123.267784 123.268896 123.270007 123.271119 123.272230 123.273342 123.274453 123.275565 123.276676 123.277788 123.278899 123.280011 123.281123 123.282234 123.283346 123.284457 123.285569 123.286680 123.287792 123.288903 123.290015 123.291126 123.292222 123.293334 123.294445 123.295557 123.296668 123.297780 123.298892 123.300003 123.301115 123.302226 123.303338 123.304449 123.305561 123.306672 123.307784 123.308895 123.310007 123.311118 123.312230 123.313341 123.314453 123.315564 123.316676 123.317787
123.248348 123.249459 123.250556 123.251667 123.252779 123.253890 123.255002 123.256113 123.257225 123.258336 123.259448 123.260559 123.261671 123.262782 123.263894 123.265005 123.266117 123.267229 123.268340 123.269452 123.270563 123.271675 123.272786 123.273898 123.275009 123.276121 123.277232 123.278344 123.279455 123.280567 123.281678 123.282790 123.283901 123.285013 123.286124 123.287236 123.288347 123.289459 123.290570 123.291667 123.292778 123.293890 123.295001 123.296113 123.297224 123.298336 123.299447 123.300559 123.301670 123.302782 123.303893 123.305005 123.306116 123.307228 123.308339 123.309451 123.310562
123.241679 123.242790 123.243902 123.245013 123.246125 123.247236 123.248348 123.249459 123.250556 123.251667 123.252779 123.253890 123.255002 123.256113 123.257225 123.258336 123.259448 123.260559 123.261671 123.262782 123.263894 123.265005 123.266117 123.267229 123.268340 123.269452 123.270563 123.271675 123.272786 123.273898 123.275009 123.276121 123.277232 123.278344 123.279455 123.280567 123.281678 123.282790 123.283901 123.285013 123.286124 123.287236 123.288347 123.289459 123.290570 123.291667 123.292778 123.293890 123.295001 123.296113 123.297224 123.298336 123.299447 123.300559 123.301670 123.302782 123.303893
123.234454 123.235566 123.236677 123.237789 123.238900 123.240012 123.241123 123.242235 123.243346 123.244458 123.245569 123.246681 123.247792 123.248904 123.250000 123.251112 123.252223 123.253335 123.254446 123.255558 123.256669 123.257781 123.258892 123.260004 123.261115 123.262227 123.263338 123.264450 123.265561 123.266673 123.267784 123.268896 123.270007 123.271119 123.272230 123.273342 123.274453 123.275565 123.276676 123.277788 123.278899 123.280011 123.281123 123.282234 123.283346 123.284457 123.285569 123.286680 123.287792 123.288903 123.290015 123.291126 123.292222 123.293334 123.294445 123.295557 123.296668
123.227229 123.228341 123.229452 123.230564 123.231675 123.232787 123.233898 123.235010 123.236121 123.237233 123.238344 123.239456 123.240567 123.241679 123.242790 123.243902 123.245013 123.246125 123.247236 123.248348 123.249459 123.250556 123.251667 123.252779 123.253890 123.255002 123.256113 123.257225 123.258336 123.259448 123.260559 123.261671 123.262782 123.263894 123.265005 123.266117 123.267229 123.268340 123.269452 123.270563 123.271675 123.272786 123.273898 123.275009 123.276121 123.277232 123.278344 123.279455 123.280567 123.281678 123.282790 123.283901 123.285013 123.286124 123.287236 123.288347 123.289459
123.220560 123.221672 123.222783 123.223895 123.225006 123.226118 123.227229 123.228341 123.229452 123.230564 123.231675 123.232787 123.233898 123.235010 123.236121 123.237233 123.238344 123.239456 123.240567 123.241679 123.242790 123.243902 123.245013 123.246125 123.247236 123.248348 123.249459 123.250556 123.251667 123.252779 123.253890 123.255002 123.256113 123.257225 123.258336 123.259448 123.260559 123.261671 123.262782 123.263894 123.265005 123.266117 123.267229 123.268340 123.269452 123.270563 123.271675 123.272786 123.273898 123.275009 123.276121 123.277232 123.278344 123.279455 123.280567 123.281678 123.282790
123.213335 123.214447 123.215558 123.216670 123.217781 123.218893 123.220004 123.221116 123.222227 123.223339 123.224450 123.225562 123.226673 123.227785 123.228896 123.230008 123.231119 123.232231 123.233342 123.234454 123.235566 123.236677 123.237789 123.238900 123.240012 123.241123 123.242235 123.243346 123.244458 123.245569 123.246681 123.247792 123.248904 123.250000 123.251112 123.252223 123.253335 123.254446 123.255558 123.256669 123.257781 123.258892 123.260004 123.261115 123.262227 123.263338 123.264450 123.265561 123.266673 123.267784 123.268896 123.270007 123.271119 123.272230 123.273342 123.274453 123.275565
123.206126 123.207237 123.208333 123.209445 123.210556 123.211668 123.212779 123.213891 123.215002 123.216114 123.217225 123.218337 123.219449 123.220560 123.221672 123.222783 123.223895 123.225006 123.226118 123.227229 123.228341 123.229452 123.230564 123.231675 123.232787 123.233898 123.235010 123.236121 123.237233 123.238344 123.239456 123.240567 123.241679 123.242790 123.243902 123.245013 123.246125 123.247236 123.248348 123.249459 123.250556 123.251667 123.252779 123.253890 123.255002 123.256113 123.257225 123.258336 123.259448 123.260559 123.261671 123.262782 123.263894 123.265005 123.266117 123.267229 123.268340
123.199456 123.200568 123.201679 123.202791 123.203903 123.205014 123.206126 123.207237 123.208333 123.209445 123.210556 123.211668 123.212779 123.213891 123.215002 123.216114 123.217225 123.218337 123.219449 123.220560 123.221672 123.222783 123.223895 123.225006 123.226118 123.227229 123.228341 123.229452 123.230564 123.231675 123.232787 123.233898 123.235010 123.236121 123.237233 123.238344 123.239456 123.240567 123.241679 123.242790 123.243902 123.245013 123.246125 123.247236 123.248348 123.249459 123.250556 123.251667 123.252779 123.253890 123.255002 123.256113 123.257225 123.258336 123.259448 123.260559 123.261671
123.192232 123.193343 123.194455 123.195566 123.196678 123.197789 123.198901 123.200012 123.201124 123.202235 123.203347 123.204458 123.205570 123.206681 123.207793 123.208889 123.210001 123.211112 123.212224 123.213335 123.214447 123.215558 123.216670 123.217781 123.218893 123.220004 123.221116 123.222227 123.223339 123.224450 123.225562 123.226673 123.227785 123.228896 123.230008 123.231119 123.232231 123.233342 123.234454 123.235566 123.236677 123.237789 123.238900 123.240012 123.241123 123.242235 123.243346 123.244458 123.245569 123.246681 123.247792 123.248904 123.250000 123.251112 123.252223 123.253335 123.254446
123.185007 123.186118 123.187230 123.188341 123.189453 123.190564 123.191676 123.192787 123.193899 123.195010 123.196122 123.197233 123.198345 123.199456 123.200568 123.201679 123.202791 123.203903 123.205014 123.206126 123.207237 123.208333 123.209445 123.210556 123.211668 123.212779 123.213891 123.215002 123.216114 123.217225 123.218337 123.219449 123.220560 123.221672 123.222783 123.223895 123.225006 123.226118 123.227229 123.228341 123.229452 123.230564 123.231675 123.232787 123.233898 123.235010 123.236121 123.237233 123.238344 123.239456 123.240567 123.241679 123.242790 123.243902 123.245013 123.246125 123.247236
123.178338 123.179449 123.180561 123.181672 123.182784 123.183895 123.185007 123.186118 123.187230 123.188341 123.189453 123.190564 123.191676 123.192787 123.193899 123.195010 123.196122 123.197233 123.198345 123.199456 123.200568 123.201679 123.202791 123.203903 123.205014 123.206126 123.207237 123.208333 123.209445 123.210556 123.211668 123.212779 123.213891 123.215002 123.216114 123.217225 123.218337 123.219449 123.220560 123.221672 123.222783 123.223895 123.225006 123.226118 123.227229 123.228341 123.229452 123.230564 123.231675 123.232787 123.233898 123.235010 123.236121 123.237233 123.238344 123.239456 123.240567
123.170557 123.171668 123.172780 123.173892 123.175003 123.176115 123.177226 123.178338 123.179449 123.180561 123.181672 123.182784 123.183895 123.185007 123.186118 123.187230 123.188341 123.189453 123.190564 123.191676 123.192787 123.193899 123.195010 123.196122 123.197233 123.198345 123.199456 123.200568 123.201679 123.202791 123.203903 123.205014 123.206126 123.207237 123.208333 123.209445 123.210556 123.211668 123.212779 123.213891 123.215002 123.216114 123.217225 123.218337 123.219449 123.220560 123.221672 123.222783 123.223895 123.225006 123.226118 123.227229 123.228341 123.229452 123.230564 123.231675 123.232787
