FireSTARR/test/output/RED/RED024/2019-06-15_1628/intensity_L_172_2019-06-21.asc
ncols         741
nrows         553
xllcorner     352843.378600
yllcorner     5790202.364000
cellsize      100.000000
NODATA_value  0.000000
[rows 308 to 335 of 553, columns 504 to 566 of 741]
0.003571 0.005952 0.010714 0.008333 0.008333 0.010714 0.007143 0.008333 0.009524 0.010714 0.008333 0.010714 0.008333 0.011905 0.015476 0.011905 0.010714 0.011905 0.013095 0.010714 0.009524 0.011905 0.008333 0.008333 0.010714 0.015476 0.014286 0.011905 0.005952 0.004762 0.005952 0.004762 0.008333 0.004762 0.000000 0.000000 0.000000 0.000000 0.001190 0.001190 0.001190 0.000000 0.000000 0.000000 0.001190 0.002381 0.001190 0.001190 0.000000 0.000000 0.000000 0.000000 0.001190 0.002381 0.002381 0.002381 0.001190 0.000000 0.000000 0.001190 0.001190 0.001190 0.001190
0.007143 0.005952 0.007143 0.007143 0.009524 0.009524 0.009524 0.010714 0.008333 0.008333 0.005952 0.008333 0.007143 0.007143 0.009524 0.010714 0.011905 0.013095 0.008333 0.010714 0.008333 0.011905 0.009524 0.013095 0.014286 0.011905 0.008333 0.009524 0.005952 0.005952 0.003571 0.004762 0.008333 0.003571 0.002381 0.000000 0.000000 0.000000 0.001190 0.002381 0.002381 0.065476 0.000000 0.000000 0.000000 0.000000 0.000000 0.000000 0.001190 0.000000 0.000000 0.001190 0.001190 0.001190 0.001190 0.001190 0.000000 0.001190 0.000000 0.000000 0.001190 0.002381 0.001190
0.005952 0.005952 0.004762 0.008333 0.008333 0.009524 0.008333 0.008333 0.009524 0.009524 0.011905 0.008333 0.005952 0.005952 0.000000 0.145238 0.005952 0.007143 0.009524 0.010714 0.010714 0.013095 0.009524 0.011905 0.011905 0.009524 0.005952 0.007143 0.005952 0.003571 0.004762 0.000000 0.000000 0.000000 0.000000 0.000000 0.000000 0.000000 0.000000 0.002381 0.000000 0.000000 0.000000 0.002381 0.000000 0.000000 0.000000 0.000000 0.001190 0.001190 0.000000 0.001190 0.001190 0.001190 0.000000 0.000000 0.001190 0.000000 0.000000 0.001190 0.003571 0.002381 0.001190
0.004762 0.002381 0.003571 0.002381 0.004762 0.009524 0.008333 0.007143 0.007143 0.007143 0.008333 0.007143 0.007143 0.008333 0.000000 0.000000 0.000000 0.008333 0.011905 0.010714 0.010714 0.011905 0.011905 0.008333 0.005952 0.004762 0.004762 0.007143 0.003571 0.004762 0.002381 0.008333 0.004762 0.000000 0.000000 0.000000 0.000000 0.000000 0.000000 0.001190 0.000000 0.000000 0.000000 0.000000 0.000000 0.002381 0.001190 0.001190 0.001190 0.001190 0.001190 0.001190 0.001190 0.001190 0.001190 0.001190 0.000000 0.001190 0.000000 0.000000 0.000000 0.000000 0.000000
0.005952 0.004762 0.003571 0.001190 0.003571 0.004762 0.004762 0.007143 0.008333 0.008333 0.009524 0.009524 0.008333 0.008333 0.004762 0.000000 0.000000 0.000000 0.000000 0.000000 0.000000 0.005952 0.005952 0.004762 0.007143 0.004762 0.007143 0.009524 0.005952 0.004762 0.005952 0.004762 0.002381 0.054762 0.000000 0.000000 0.000000 0.000000 0.000000 0.000000 0.000000 0.000000 0.000000 0.000000 0.000000 0.000000 0.000000 0.000000 0.000000 0.000000 0.001190 0.000000 0.001190 0.054762 0.000000 0.000000 0.000000 0.000000 0.002381 0.001190 0.001190 0.001190 0.000000
0.000000 0.004762 0.003571 0.003571 0.003571 0.003571 0.002381 0.003571 0.007143 0.004762 0.003571 0.005952 0.005952 0.004762 0.004762 0.000000 0.000000 0.000000 0.000000 0.000000 0.000000 0.000000 0.000000 0.000000 0.000000 0.001190 0.003571 0.007143 0.004762 0.005952 0.003571 0.003571 0.003571 0.003571 0.001190 0.003571 0.001190 0.000000 0.000000 0.000000 0.000000 0.004762 0.000000 0.000000 0.000000 0.000000 0.000000 0.000000 0.000000 0.000000 0.000000 0.000000 0.000000 0.000000 0.000000 0.007143 0.002381 0.002381 0.045238 0.001190 0.001190 0.002381 0.000000
0.000000 0.004762 0.004762 0.002381 0.002381 0.003571 0.003571 0.003571 0.001190 0.002381 0.003571 0.005952 0.001190 0.001190 0.000000 0.000000 0.000000 0.000000 0.000000 0.000000 0.000000 0.000000 0.000000 0.000000 0.000000 0.000000 0.000000 0.005952 0.004762 0.004762 0.000000 0.000000 0.000000 0.000000 0.003571 0.003571 0.001190 0.001190 0.002381 0.003571 0.070238 0.000000 0.000000 0.000000 0.000000 0.002381 0.000000 0.000000 0.000000 0.000000 0.000000 0.000000 0.003571 0.003571 0.000000 0.000000 0.001190 0.002381 0.000000 0.000000 0.001190 0.001190 0.001190
0.000000 0.000000 0.003571 0.007143 0.005952 0.007143 0.004762 0.004762 0.004762 0.003571 0.002381 0.003571 0.001190 0.003571 0.000000 0.000000 0.000000 0.003571 0.004762 0.000000 0.000000 0.000000 0.000000 0.000000 0.000000 0.000000 0.000000 0.003571 0.003571 0.003571 0.002381 0.003571 0.000000 0.000000 0.000000 0.048810 0.000000 0.079762 0.075000 0.072619 0.066667 0.000000 0.000000 0.000000 0.000000 0.002381 0.038095 0.000000 0.001190 0.000000 0.007143 0.000000 0.000000 0.001190 0.000000 0.000000 0.001190 0.001190 0.001190 0.000000 0.001190 0.000000 0.001190
0.001190 0.000000 0.000000 0.000000 0.000000 0.000000 0.000000 0.004762 0.004762 0.005952 0.005952 0.003571 0.003571 0.000000 0.000000 0.000000 0.000000 0.002381 0.004762 0.003571 0.001190 0.001190 0.000000 0.000000 0.000000 0.000000 0.002381 0.003571 0.003571 0.004762 0.004762 0.003571 0.000000 0.000000 0.000000 0.000000 0.001190 0.001190 0.077381 0.057143 0.051190 0.000000 0.000000 0.000000 0.000000 0.008333 0.000000 0.000000 0.000000 0.000000 0.000000 0.003571 0.000000 0.000000 0.001190 0.001190 0.000000 0.001190 0.000000 0.000000 0.000000 0.000000 0.001190
0.002381 0.000000 0.000000 0.000000 0.000000 0.000000 0.003571 0.004762 0.003571 0.003571 0.001190 0.001190 0.001190 0.001190 0.000000 0.000000 0.001190 0.005952 0.004762 0.003571 0.002381 0.001190 0.000000 0.000000 0.000000 0.000000 0.000000 0.000000 0.000000 0.075000 0.003571 0.007143 0.000000 0.000000 0.000000 0.000000 0.000000 0.001190 0.073810 0.058333 0.052381 0.041667 0.000000 0.000000 0.000000 0.005952 0.007143 0.008333 0.040476 0.000000 0.000000 0.000000 0.000000 0.004762 0.004762 0.000000 0.000000 0.000000 0.000000 0.000000 0.001190 0.001190 0.001190
0.001190 0.000000 0.000000 0.000000 0.000000 0.000000 0.001190 0.002381 0.002381 0.002381 0.001190 0.001190 0.000000 0.002381 0.000000 0.002381 0.002381 0.005952 0.003571 0.001190 0.003571 0.000000 0.000000 0.000000 0.000000 0.000000 0.000000 0.000000 0.000000 0.000000 0.000000 0.003571 0.000000 0.000000 0.000000 0.000000 0.000000 0.002381 0.072619 0.072619 0.065476 0.064286 0.042857 0.000000 0.000000 0.004762 0.001190 0.000000 0.000000 0.001190 0.000000 0.000000 0.000000 0.000000 0.000000 0.000000 0.000000 0.000000 0.000000 0.000000 0.000000 0.000000 0.001190
0.003571 0.000000 0.008333 0.007143 0.000000 0.000000 0.003571 0.002381 0.003571 0.003571 0.005952 0.004762 0.005952 0.003571 0.004762 0.000000 0.000000 0.000000 0.000000 0.002381 0.001190 0.000000 0.000000 0.000000 0.003571 0.003571 0.003571 0.005952 0.004762 0.005952 0.003571 0.000000 0.000000 0.000000 0.000000 0.000000 0.003571 0.003571 0.002381 0.002381 0.000000 0.061905 0.050000 0.046429 0.000000 0.000000 0.008333 0.000000 0.000000 0.001190 0.000000 0.000000 0.000000 0.000000 0.000000 0.000000 0.000000 0.000000 0.000000 0.000000 0.000000 0.000000 0.000000
0.002381 0.000000 0.007143 0.005952 0.003571 0.001190 0.000000 0.002381 0.005952 0.005952 0.007143 0.005952 0.003571 0.003571 0.000000 0.000000 0.000000 0.000000 0.000000 0.000000 0.000000 0.000000 0.000000 0.007143 0.002381 0.002381 0.002381 0.002381 0.004762 0.001190 0.001190 0.003571 0.008333 0.000000 0.030952 0.002381 0.000000 0.002381 0.002381 0.001190 0.000000 0.000000 0.001190 0.051190 0.000000 0.000000 0.000000 0.014286 0.003571 0.001190 0.001190 0.000000 0.000000 0.003571 0.003571 0.002381 0.000000 0.000000 0.000000 0.000000 0.000000 0.000000 0.000000
0.005952 0.008333 0.000000 0.005952 0.004762 0.004762 0.003571 0.000000 0.008333 0.008333 0.008333 0.004762 0.004762 0.005952 0.001190 0.000000 0.003571 0.002381 0.000000 0.000000 0.000000 0.004762 0.001190 0.002381 0.010714 0.002381 0.009524 0.009524 0.008333 0.008333 0.008333 0.003571 0.008333 0.002381 0.029762 0.032143 0.033333 0.003571 0.002381 0.000000 0.000000 0.000000 0.000000 0.000000 0.000000 0.000000 0.000000 0.000000 0.001190 0.001190 0.002381 0.000000 0.000000 0.000000 0.000000 0.003571 0.000000 0.000000 0.008333 0.000000 0.000000 0.000000 0.000000
0.005952 0.007143 0.005952 0.005952 0.007143 0.009524 0.007143 0.005952 0.007143 0.007143 0.004762 0.004762 0.008333 0.001190 0.002381 0.007143 0.004762 0.004762 0.003571 0.000000 0.005952 0.002381 0.004762 0.001190 0.001190 0.008333 0.009524 0.002381 0.010714 0.007143 0.003571 0.004762 0.004762 0.002381 0.000000 0.001190 0.027381 0.001190 0.000000 0.000000 0.000000 0.000000 0.000000 0.000000 0.000000 0.000000 0.000000 0.051190 0.001190 0.000000 0.001190 0.000000 0.002381 0.001190 0.000000 0.003571 0.000000 0.013095 0.011905 0.009524 0.013095 0.000000 0.001190
0.003571 0.005952 0.000000 0.005952 0.005952 0.003571 0.003571 0.007143 0.008333 0.007143 0.005952 0.004762 0.007143 0.005952 0.003571 0.003571 0.005952 0.003571 0.002381 0.001190 0.002381 0.003571 0.003571 0.002381 0.002381 0.001190 0.009524 0.008333 0.014286 0.003571 0.004762 0.003571 0.003571 0.001190 0.000000 0.001190 0.029762 0.000000 0.000000 0.000000 0.000000 0.000000 0.000000 0.000000 0.000000 0.000000 0.000000 0.000000 0.001190 0.001190 0.001190 0.001190 0.002381 0.003571 0.001190 0.002381 0.000000 0.000000 0.000000 0.001190 0.013095 0.014286 0.000000
0.003571 0.003571 0.000000 0.000000 0.004762 0.004762 0.004762 0.003571 0.004762 0.003571 0.003571 0.007143 0.007143 0.004762 0.003571 0.005952 0.003571 0.004762 0.002381 0.002381 0.001190 0.002381 0.001190 0.003571 0.003571 0.002381 0.002381 0.002381 0.002381 0.003571 0.004762 0.004762 0.002381 0.001190 0.002381 0.001190 0.001190 0.000000 0.000000 0.000000 0.000000 0.000000 0.000000 0.000000 0.000000 0.000000 0.000000 0.000000 0.000000 0.000000 0.001190 0.001190 0.000000 0.001190 0.000000 0.000000 0.000000 0.000000 0.000000 0.001190 0.001190 0.000000 0.000000
0.002381 0.002381 0.003571 0.000000 0.004762 0.004762 0.004762 0.002381 0.002381 0.003571 0.005952 0.004762 0.005952 0.005952 0.004762 0.004762 0.003571 0.002381 0.002381 0.001190 0.002381 0.001190 0.004762 0.003571 0.002381 0.002381 0.002381 0.001190 0.002381 0.001190 0.001190 0.002381 0.002381 0.000000 0.001190 0.001190 0.000000 0.000000 0.000000 0.000000 0.000000 0.000000 0.000000 0.000000 0.000000 0.000000 0.000000 0.000000 0.000000 0.000000 0.000000 0.001190 0.001190 0.001190 0.001190 0.000000 0.000000 0.000000 0.000000 0.001190 0.000000 0.000000 0.000000
0.001190 0.002381 0.001190 0.000000 0.101190 0.003571 0.003571 0.003571 0.003571 0.003571 0.002381 0.003571 0.002381 0.003571 0.003571 0.000000 0.003571 0.002381 0.003571 0.001190 0.002381 0.001190 0.003571 0.004762 0.003571 0.002381 0.003571 0.003571 0.004762 0.003571 0.003571 0.002381 0.000000 0.000000 0.001190 0.001190 0.000000 0.000000 0.000000 0.000000 0.000000 0.001190 0.000000 0.000000 0.000000 0.000000 0.000000 0.000000 0.000000 0.000000 0.001190 0.000000 0.000000 0.000000 0.001190 0.000000 0.000000 0.000000 0.000000 0.000000 0.000000 0.000000 0.000000
0.001190 0.003571 0.003571 0.004762 0.000000 0.000000 0.002381 0.000000 0.000000 0.001190 0.000000 0.001190 0.002381 0.002381 0.002381 0.001190 0.002381 0.003571 0.004762 0.002381 0.001190 0.002381 0.002381 0.003571 0.001190 0.003571 0.004762 0.003571 0.002381 0.002381 0.001190 0.001190 0.002381 0.002381 0.000000 0.001190 0.000000 0.000000 0.000000 0.000000 0.001190 0.001190 0.000000 0.000000 0.000000 0.001190 0.000000 0.000000 0.000000 0.000000 0.000000 0.000000 0.000000 0.000000 0.000000 0.001190 0.000000 0.000000 0.000000 0.000000 0.000000 0.000000 0.000000
0.000000 0.002381 0.004762 0.003571 0.003571 0.000000 0.003571 0.003571 0.002381 0.002381 0.002381 0.003571 0.003571 0.000000 0.002381 0.001190 0.001190 0.004762 0.005952 0.004762 0.002381 0.003571 0.005952 0.003571 0.001190 0.002381 0.001190 0.002381 0.003571 0.003571 0.003571 0.002381 0.001190 0.001190 0.001190 0.000000 0.000000 0.000000 0.001190 0.001190 0.001190 0.001190 0.000000 0.000000 0.000000 0.000000 0.000000 0.000000 0.000000 0.000000 0.000000 0.000000 0.000000 0.000000 0.000000 0.001190 0.000000 0.000000 0.000000 0.001190 0.000000 0.000000 0.000000
0.003571 0.002381 0.005952 0.003571 0.003571 0.002381 0.000000 0.001190 0.001190 0.001190 0.004762 0.002381 0.002381 0.003571 0.003571 0.002381 0.002381 0.003571 0.002381 0.004762 0.004762 0.003571 0.003571 0.002381 0.000000 0.000000 0.001190 0.001190 0.001190 0.002381 0.003571 0.002381 0.001190 0.001190 0.001190 0.001190 0.000000 0.001190 0.001190 0.001190 0.001190 0.000000 0.000000 0.000000 0.000000 0.000000 0.000000 0.000000 0.000000 0.000000 0.000000 0.000000 0.000000 0.000000 0.000000 0.001190 0.000000 0.000000 0.000000 0.000000 0.000000 0.000000 0.000000
0.003571 0.002381 0.004762 0.005952 0.002381 0.001190 0.003571 0.001190 0.001190 0.001190 0.003571 0.002381 0.002381 0.004762 0.004762 0.004762 0.002381 0.004762 0.001190 0.002381 0.004762 0.004762 0.002381 0.002381 0.003571 0.000000 0.001190 0.001190 0.000000 0.002381 0.002381 0.002381 0.000000 0.001190 0.001190 0.001190 0.001190 0.001190 0.001190 0.001190 0.000000 0.000000 0.000000 0.000000 0.001190 0.000000 0.000000 0.000000 0.000000 0.000000 0.000000 0.000000 0.000000 0.000000 0.000000 0.001190 0.000000 0.001190 0.000000 0.000000 0.000000 0.000000 0.000000
0.005952 0.004762 0.003571 0.007143 0.003571 0.003571 0.002381 0.002381 0.003571 0.004762 0.002381 0.004762 0.004762 0.003571 0.004762 0.003571 0.004762 0.000000 0.001190 0.004762 0.009524 0.003571 0.007143 0.001190 0.003571 0.001190 0.001190 0.002381 0.002381 0.002381 0.002381 0.001190 0.000000 0.001190 0.001190 0.001190 0.000000 0.000000 0.000000 0.000000 0.000000 0.000000 0.000000 0.000000 0.000000 0.000000 0.000000 0.000000 0.001190 0.001190 0.001190 0.000000 0.000000 0.000000 0.000000 0.002381 0.000000 0.000000 0.000000 0.000000 0.000000 0.000000 0.000000
0.007143 0.005952 0.005952 0.001190 0.002381 0.005952 0.003571 0.007143 0.004762 0.003571 0.005952 0.005952 0.002381 0.002381 0.002381 0.001190 0.004762 0.002381 0.003571 0.002381 0.007143 0.030952 0.005952 0.020238 0.002381 0.002381 0.004762 0.003571 0.003571 0.004762 0.001190 0.000000 0.000000 0.002381 0.001190 0.001190 0.020238 0.017857 0.000000 0.000000 0.000000 0.000000 0.000000 0.000000 0.000000 0.000000 0.000000 0.000000 0.001190 0.000000 0.000000 0.048810 0.000000 0.000000 0.000000 0.001190 0.000000 0.000000 0.000000 0.000000 0.000000 0.000000 0.000000
0.007143 0.007143 0.005952 0.005952 0.005952 0.004762 0.003571 0.003571 0.003571 0.003571 0.007143 0.003571 0.004762 0.003571 0.001190 0.002381 0.002381 0.001190 0.002381 0.001190 0.000000 0.028571 0.025000 0.023810 0.022619 0.021429 0.022619 0.025000 0.002381 0.008333 0.007143 0.000000 0.000000 0.001190 0.023810 0.000000 0.027381 0.015476 0.000000 0.000000 0.000000 0.000000 0.000000 0.002381 0.000000 0.000000 0.000000 0.000000 0.001190 0.000000 0.000000 0.000000 0.000000 0.000000 0.000000 0.001190 0.001190 0.000000 0.000000 0.000000 0.000000 0.000000 0.000000
0.007143 0.007143 0.004762 0.003571 0.002381 0.004762 0.003571 0.002381 0.002381 0.001190 0.005952 0.009524 0.003571 0.002381 0.002381 0.002381 0.002381 0.034524 0.032143 0.002381 0.008333 0.000000 0.020238 0.022619 0.022619 0.021429 0.022619 0.005952 0.008333 0.008333 0.009524 0.000000 0.001190 0.000000 0.000000 0.000000 0.000000 0.000000 0.000000 0.001190 0.000000 0.000000 0.000000 0.000000 0.001190 0.001190 0.000000 0.000000 0.000000 0.000000 0.000000 0.000000 0.000000 0.000000 0.000000 0.000000 0.000000 0.000000 0.000000 0.000000 0.000000 0.000000 0.000000
0.005952 0.004762 0.005952 0.000000 0.000000 0.000000 0.002381 0.002381 0.002381 0.004762 0.005952 0.004762 0.001190 0.008333 0.002381 0.002381 0.036905 0.034524 0.001190 0.004762 0.000000 0.000000 0.000000 0.017857 0.016667 0.019048 0.022619 0.021429 0.023810 0.008333 0.008333 0.005952 0.000000 0.002381 0.000000 0.000000 0.000000 0.000000 0.000000 0.000000 0.000000 0.000000 0.001190 0.001190 0.001190 0.000000 0.000000 0.000000 0.001190 0.000000 0.000000 0.000000 0.000000 0.000000 0.001190 0.000000 0.000000 0.000000 0.000000 0.000000 0.000000 0.036905 0.000000
