FireSTARR/test/output/RED/RED024/2019-06-15_1628/intensity_H_172_2019-06-21.asc
ncols         741
nrows         582
xllcorner     352743.378600
yllcorner     5790302.364000
cellsize      100.000000
NODATA_value  0.000000
[rows 196 to 223 of 582, columns 189 to 251 of 741]
0.004762 0.002381 0.002381 0.002381 0.002381 0.002381 0.001190 0.001190 0.000000 0.000000 0.001190 0.000000 0.000000 0.000000 0.000000 0.000000 0.000000 0.000000 0.000000 0.000000 0.000000 0.000000 0.000000 0.000000 0.000000 0.000000 0.000000 0.000000 0.000000 0.070238 0.070238 0.067857 0.000000 0.000000 0.033333 0.000000 0.000000 0.000000 0.000000 0.071429 0.069048 0.000000 0.075000 0.075000 0.073810 0.080952 0.079762 0.079762 0.072619 0.072619 0.072619 0.075000 0.070238 0.071429 0.071429 0.071429 0.070238 0.071429 0.069048 0.067857 0.063095 0.064286 0.065476
0.004762 0.000000 0.000000 0.002381 0.002381 0.002381 0.001190 0.001190 0.000000 0.000000 0.001190 0.001190 0.000000 0.000000 0.000000 0.000000 0.000000 0.000000 0.000000 0.000000 0.000000 0.000000 0.000000 0.000000 0.000000 0.000000 0.000000 0.000000 0.000000 0.000000 0.075000 0.070238 0.067857 0.065476 0.051190 0.000000 0.000000 0.000000 0.000000 0.000000 0.000000 0.073810 0.075000 0.076190 0.076190 0.075000 0.077381 0.076190 0.076190 0.075000 0.075000 0.076190 0.072619 0.067857 0.067857 0.067857 0.067857 0.069048 0.067857 0.066667 0.065476 0.061905 0.061905
0.004762 0.004762 0.002381 0.002381 0.002381 0.002381 0.002381 0.001190 0.000000 0.000000 0.000000 0.001190 0.000000 0.000000 0.000000 0.000000 0.000000 0.000000 0.000000 0.000000 0.000000 0.000000 0.000000 0.000000 0.000000 0.000000 0.000000 0.000000 0.000000 0.075000 0.075000 0.073810 0.075000 0.070238 0.065476 0.036905 0.022619 0.011905 0.000000 0.000000 0.051190 0.060714 0.071429 0.076190 0.076190 0.076190 0.076190 0.077381 0.073810 0.073810 0.076190 0.075000 0.076190 0.070238 0.067857 0.067857 0.067857 0.067857 0.066667 0.064286 0.060714 0.059524 0.058333
0.007143 0.003571 0.003571 0.002381 0.002381 0.002381 0.001190 0.001190 0.001190 0.000000 0.001190 0.000000 0.000000 0.000000 0.000000 0.000000 0.000000 0.000000 0.000000 0.000000 0.000000 0.000000 0.000000 0.000000 0.000000 0.000000 0.000000 0.000000 0.073810 0.075000 0.075000 0.073810 0.072619 0.075000 0.072619 0.059524 0.022619 0.009524 0.000000 0.000000 0.000000 0.000000 0.000000 0.072619 0.075000 0.076190 0.075000 0.073810 0.073810 0.073810 0.073810 0.075000 0.076190 0.067857 0.069048 0.065476 0.064286 0.065476 0.064286 0.063095 0.058333 0.057143 0.053571
0.000000 0.002381 0.003571 0.002381 0.000000 0.001190 0.001190 0.001190 0.001190 0.000000 0.000000 0.000000 0.000000 0.000000 0.000000 0.000000 0.000000 0.000000 0.000000 0.000000 0.000000 0.000000 0.000000 0.000000 0.000000 0.064286 0.065476 0.069048 0.070238 0.070238 0.067857 0.070238 0.066667 0.071429 0.075000 0.075000 0.000000 0.000000 0.000000 0.000000 0.000000 0.000000 0.000000 0.075000 0.075000 0.077381 0.076190 0.075000 0.072619 0.071429 0.071429 0.078571 0.076190 0.075000 0.066667 0.065476 0.065476 0.064286 0.063095 0.060714 0.052381 0.051190 0.050000
0.022619 0.000000 0.000000 0.001190 0.001190 0.000000 0.001190 0.001190 0.001190 0.000000 0.000000 0.000000 0.000000 0.000000 0.000000 0.000000 0.000000 0.000000 0.000000 0.000000 0.000000 0.000000 0.000000 0.000000 0.045238 0.051190 0.060714 0.065476 0.069048 0.070238 0.067857 0.000000 0.000000 0.000000 0.000000 0.075000 0.075000 0.075000 0.076190 0.077381 0.077381 0.000000 0.076190 0.075000 0.075000 0.076190 0.076190 0.083333 0.080952 0.078571 0.073810 0.077381 0.070238 0.075000 0.066667 0.066667 0.064286 0.060714 0.057143 0.055952 0.051190 0.051190 0.048810
0.027381 0.000000 0.000000 0.000000 0.000000 0.000000 0.001190 0.001190 0.001190 0.001190 0.000000 0.000000 0.000000 0.000000 0.000000 0.000000 0.000000 0.000000 0.000000 0.000000 0.000000 0.000000 0.000000 0.000000 0.000000 0.000000 0.000000 0.000000 0.000000 0.063095 0.070238 0.071429 0.069048 0.000000 0.071429 0.069048 0.071429 0.076190 0.076190 0.077381 0.078571 0.078571 0.077381 0.076190 0.078571 0.078571 0.072619 0.079762 0.078571 0.076190 0.070238 0.070238 0.070238 0.067857 0.065476 0.058333 0.060714 0.054762 0.053571 0.052381 0.000000 0.045238 0.000000
0.035714 0.029762 0.000000 0.001190 0.000000 0.000000 0.000000 0.000000 0.000000 0.000000 0.000000 0.000000 0.000000 0.000000 0.000000 0.000000 0.000000 0.000000 0.000000 0.000000 0.000000 0.000000 0.000000 0.000000 0.000000 0.000000 0.000000 0.000000 0.057143 0.060714 0.066667 0.070238 0.072619 0.067857 0.063095 0.061905 0.064286 0.069048 0.075000 0.076190 0.077381 0.076190 0.076190 0.079762 0.076190 0.077381 0.072619 0.071429 0.076190 0.067857 0.071429 0.071429 0.070238 0.065476 0.069048 0.063095 0.058333 0.054762 0.051190 0.050000 0.047619 0.045238 0.044048
0.036905 0.030952 0.025000 0.000000 0.000000 0.000000 0.000000 0.000000 0.000000 0.000000 0.061905 0.059524 0.000000 0.000000 0.000000 0.000000 0.000000 0.002381 0.000000 0.000000 0.000000 0.000000 0.000000 0.000000 0.000000 0.000000 0.000000 0.000000 0.000000 0.048810 0.052381 0.057143 0.059524 0.059524 0.041667 0.000000 0.047619 0.051190 0.067857 0.082143 0.080952 0.076190 0.077381 0.076190 0.076190 0.076190 0.075000 0.073810 0.071429 0.072619 0.069048 0.070238 0.070238 0.064286 0.069048 0.065476 0.057143 0.052381 0.051190 0.047619 0.046429 0.041667 0.042857
0.047619 0.036905 0.027381 0.021429 0.000000 0.000000 0.000000 0.000000 0.000000 0.000000 0.061905 0.061905 0.057143 0.000000 0.025000 0.014286 0.007143 0.002381 0.002381 0.002381 0.002381 0.000000 0.000000 0.000000 0.000000 0.000000 0.000000 0.000000 0.000000 0.000000 0.039286 0.041667 0.040476 0.042857 0.040476 0.000000 0.000000 0.000000 0.000000 0.000000 0.083333 0.000000 0.084524 0.000000 0.084524 0.075000 0.075000 0.073810 0.072619 0.071429 0.070238 0.066667 0.063095 0.070238 0.069048 0.065476 0.058333 0.054762 0.051190 0.048810 0.042857 0.034524 0.035714
0.051190 0.051190 0.019048 0.017857 0.020238 0.000000 0.000000 0.000000 0.000000 0.000000 0.064286 0.059524 0.063095 0.057143 0.041667 0.015476 0.004762 0.002381 0.002381 0.002381 0.002381 0.001190 0.000000 0.000000 0.000000 0.000000 0.000000 0.000000 0.000000 0.004762 0.004762 0.000000 0.000000 0.000000 0.069048 0.000000 0.000000 0.071429 0.072619 0.083333 0.083333 0.083333 0.084524 0.084524 0.084524 0.083333 0.083333 0.073810 0.071429 0.069048 0.069048 0.073810 0.067857 0.067857 0.067857 0.059524 0.063095 0.057143 0.050000 0.041667 0.041667 0.034524 0.032143
0.021429 0.051190 0.022619 0.032143 0.019048 0.000000 0.000000 0.000000 0.000000 0.000000 0.000000 0.066667 0.064286 0.063095 0.057143 0.021429 0.000000 0.002381 0.002381 0.000000 0.000000 0.000000 0.000000 0.000000 0.000000 0.000000 0.000000 0.000000 0.000000 0.001190 0.000000 0.000000 0.072619 0.073810 0.073810 0.072619 0.072619 0.083333 0.071429 0.073810 0.082143 0.083333 0.083333 0.084524 0.084524 0.083333 0.083333 0.083333 0.083333 0.070238 0.077381 0.069048 0.067857 0.065476 0.066667 0.063095 0.059524 0.054762 0.052381 0.045238 0.042857 0.038095 0.035714
0.000000 0.025000 0.059524 0.025000 0.026190 0.055952 0.000000 0.000000 0.000000 0.000000 0.000000 0.067857 0.067857 0.066667 0.064286 0.051190 0.000000 0.000000 0.000000 0.000000 0.000000 0.045238 0.000000 0.026190 0.000000 0.000000 0.000000 0.000000 0.000000 0.000000 0.000000 0.000000 0.000000 0.094048 0.080952 0.085714 0.086905 0.084524 0.085714 0.084524 0.082143 0.083333 0.083333 0.082143 0.084524 0.084524 0.083333 0.083333 0.083333 0.083333 0.078571 0.076190 0.071429 0.073810 0.066667 0.064286 0.061905 0.059524 0.053571 0.047619 0.040476 0.038095 0.033333
0.000000 0.000000 0.057143 0.063095 0.071429 0.070238 0.000000 0.000000 0.000000 0.000000 0.000000 0.067857 0.071429 0.069048 0.070238 0.066667 0.000000 0.000000 0.000000 0.000000 0.000000 0.000000 0.048810 0.028571 0.000000 0.000000 0.000000 0.000000 0.000000 0.000000 0.000000 0.000000 0.097619 0.095238 0.075000 0.070238 0.088095 0.082143 0.084524 0.084524 0.082143 0.080952 0.079762 0.073810 0.079762 0.080952 0.077381 0.077381 0.083333 0.082143 0.080952 0.075000 0.071429 0.075000 0.066667 0.065476 0.061905 0.061905 0.055952 0.050000 0.046429 0.035714 0.030952
0.016667 0.017857 0.000000 0.059524 0.064286 0.072619 0.071429 0.061905 0.000000 0.000000 0.000000 0.000000 0.069048 0.071429 0.071429 0.070238 0.067857 0.070238 0.000000 0.000000 0.000000 0.000000 0.059524 0.042857 0.000000 0.000000 0.000000 0.000000 0.000000 0.000000 0.000000 0.100000 0.097619 0.097619 0.092857 0.073810 0.088095 0.067857 0.078571 0.077381 0.077381 0.069048 0.071429 0.070238 0.070238 0.073810 0.072619 0.075000 0.075000 0.076190 0.083333 0.075000 0.073810 0.075000 0.072619 0.065476 0.064286 0.061905 0.059524 0.051190 0.046429 0.035714 0.032143
0.000000 0.004762 0.000000 0.058333 0.069048 0.063095 0.072619 0.072619 0.072619 0.071429 0.000000 0.000000 0.000000 0.072619 0.071429 0.072619 0.073810 0.075000 0.075000 0.075000 0.071429 0.069048 0.066667 0.048810 0.027381 0.014286 0.000000 0.000000 0.000000 0.000000 0.000000 0.101190 0.102381 0.100000 0.098810 0.078571 0.089286 0.086905 0.066667 0.067857 0.072619 0.071429 0.066667 0.063095 0.064286 0.048810 0.046429 0.000000 0.079762 0.077381 0.077381 0.082143 0.072619 0.070238 0.075000 0.069048 0.063095 0.061905 0.059524 0.051190 0.042857 0.032143 0.027381
0.000000 0.000000 0.000000 0.000000 0.059524 0.065476 0.073810 0.073810 0.075000 0.075000 0.076190 0.076190 0.075000 0.075000 0.072619 0.072619 0.065476 0.036905 0.076190 0.077381 0.080952 0.078571 0.071429 0.067857 0.042857 0.014286 0.000000 0.000000 0.000000 0.000000 0.000000 0.103571 0.103571 0.102381 0.102381 0.100000 0.077381 0.089286 0.082143 0.082143 0.066667 0.066667 0.065476 0.063095 0.057143 0.044048 0.022619 0.000000 0.076190 0.080952 0.077381 0.080952 0.075000 0.070238 0.072619 0.066667 0.063095 0.057143 0.057143 0.054762 0.040476 0.029762 0.023810
0.000000 0.000000 0.000000 0.000000 0.000000 0.065476 0.073810 0.073810 0.076190 0.076190 0.076190 0.072619 0.076190 0.076190 0.075000 0.075000 0.071429 0.030952 0.076190 0.079762 0.079762 0.078571 0.079762 0.078571 0.071429 0.000000 0.000000 0.000000 0.000000 0.000000 0.000000 0.107143 0.105952 0.104762 0.103571 0.103571 0.083333 0.090476 0.071429 0.079762 0.079762 0.075000 0.061905 0.058333 0.055952 0.046429 0.019048 0.000000 0.000000 0.082143 0.077381 0.080952 0.072619 0.076190 0.070238 0.071429 0.069048 0.055952 0.054762 0.051190 0.042857 0.028571 0.021429
0.001190 0.000000 0.000000 0.000000 0.000000 0.000000 0.069048 0.073810 0.073810 0.075000 0.075000 0.075000 0.075000 0.075000 0.076190 0.076190 0.075000 0.075000 0.076190 0.076190 0.075000 0.077381 0.079762 0.078571 0.080952 0.082143 0.000000 0.000000 0.000000 0.000000 0.000000 0.107143 0.107143 0.108333 0.105952 0.102381 0.101190 0.100000 0.071429 0.066667 0.078571 0.076190 0.064286 0.061905 0.057143 0.051190 0.046429 0.000000 0.075000 0.080952 0.078571 0.082143 0.083333 0.077381 0.077381 0.070238 0.063095 0.000000 0.000000 0.057143 0.046429 0.032143 0.005952
0.000000 0.000000 0.000000 0.000000 0.000000 0.000000 0.000000 0.072619 0.075000 0.075000 0.084524 0.086905 0.075000 0.075000 0.076190 0.075000 0.088095 0.082143 0.075000 0.075000 0.075000 0.075000 0.076190 0.077381 0.080952 0.086905 0.086905 0.085714 0.085714 0.000000 0.000000 0.104762 0.107143 0.105952 0.107143 0.105952 0.101190 0.100000 0.078571 0.072619 0.070238 0.079762 0.075000 0.061905 0.059524 0.052381 0.051190 0.000000 0.075000 0.076190 0.082143 0.082143 0.082143 0.071429 0.066667 0.073810 0.065476 0.064286 0.065476 0.063095 0.057143 0.042857 0.008333
0.000000 0.000000 0.000000 0.000000 0.000000 0.000000 0.000000 0.071429 0.076190 0.076190 0.076190 0.086905 0.086905 0.088095 0.090476 0.092857 0.092857 0.090476 0.075000 0.075000 0.076190 0.075000 0.073810 0.076190 0.079762 0.079762 0.084524 0.085714 0.094048 0.088095 0.101190 0.102381 0.103571 0.105952 0.104762 0.105952 0.107143 0.102381 0.098810 0.077381 0.085714 0.083333 0.075000 0.072619 0.060714 0.055952 0.051190 0.053571 0.000000 0.000000 0.077381 0.078571 0.078571 0.077381 0.070238 0.073810 0.072619 0.066667 0.067857 0.066667 0.064286 0.058333 0.030952
0.009524 0.000000 0.000000 0.000000 0.000000 0.000000 0.015476 0.000000 0.073810 0.076190 0.076190 0.077381 0.086905 0.086905 0.089286 0.092857 0.095238 0.096429 0.075000 0.094048 0.076190 0.096429 0.078571 0.079762 0.082143 0.083333 0.090476 0.088095 0.088095 0.090476 0.090476 0.090476 0.090476 0.091667 0.102381 0.101190 0.092857 0.107143 0.103571 0.100000 0.079762 0.084524 0.078571 0.075000 0.070238 0.057143 0.050000 0.052381 0.052381 0.000000 0.000000 0.076190 0.078571 0.077381 0.077381 0.076190 0.072619 0.070238 0.065476 0.067857 0.067857 0.070238 0.035714
0.014286 0.000000 0.000000 0.000000 0.000000 0.000000 0.000000 0.000000 0.075000 0.076190 0.077381 0.084524 0.075000 0.071429 0.000000 0.086905 0.076190 0.096429 0.096429 0.096429 0.097619 0.097619 0.097619 0.097619 0.097619 0.091667 0.090476 0.084524 0.085714 0.090476 0.102381 0.103571 0.103571 0.103571 0.103571 0.092857 0.092857 0.098810 0.111905 0.108333 0.101190 0.082143 0.084524 0.072619 0.066667 0.053571 0.052381 0.051190 0.051190 0.053571 0.064286 0.073810 0.075000 0.077381 0.075000 0.077381 0.069048 0.070238 0.070238 0.065476 0.071429 0.071429 0.028571
0.016667 0.010714 0.000000 0.000000 0.000000 0.000000 0.000000 0.000000 0.075000 0.073810 0.076190 0.072619 0.067857 0.065476 0.000000 0.000000 0.089286 0.091667 0.076190 0.096429 0.097619 0.097619 0.097619 0.097619 0.097619 0.095238 0.083333 0.084524 0.102381 0.101190 0.100000 0.098810 0.091667 0.092857 0.103571 0.104762 0.103571 0.097619 0.101190 0.113095 0.110714 0.105952 0.084524 0.066667 0.055952 0.044048 0.000000 0.035714 0.000000 0.029762 0.029762 0.026190 0.000000 0.078571 0.086905 0.069048 0.067857 0.000000 0.070238 0.066667 0.070238 0.071429 0.070238
0.020238 0.013095 0.000000 0.000000 0.000000 0.000000 0.000000 0.000000 0.078571 0.075000 0.075000 0.078571 0.078571 0.070238 0.058333 0.000000 0.000000 0.089286 0.090476 0.076190 0.096429 0.094048 0.097619 0.097619 0.097619 0.096429 0.085714 0.101190 0.101190 0.098810 0.098810 0.089286 0.094048 0.092857 0.096429 0.102381 0.097619 0.103571 0.100000 0.100000 0.114286 0.114286 0.108333 0.095238 0.000000 0.023810 0.000000 0.000000 0.000000 0.000000 0.000000 0.000000 0.000000 0.000000 0.090476 0.077381 0.071429 0.073810 0.000000 0.000000 0.000000 0.000000 0.077381
0.019048 0.020238 0.000000 0.000000 0.000000 0.000000 0.075000 0.000000 0.078571 0.078571 0.079762 0.078571 0.078571 0.078571 0.073810 0.000000 0.000000 0.000000 0.075000 0.091667 0.091667 0.089286 0.078571 0.079762 0.080952 0.096429 0.095238 0.089286 0.098810 0.097619 0.097619 0.095238 0.094048 0.091667 0.095238 0.096429 0.103571 0.103571 0.098810 0.098810 0.113095 0.114286 0.114286 0.114286 0.000000 0.000000 0.000000 0.000000 0.000000 0.000000 0.000000 0.000000 0.000000 0.000000 0.102381 0.094048 0.076190 0.044048 0.048810 0.105952 0.104762 0.095238 0.080952
0.000000 0.021429 0.000000 0.000000 0.000000 0.000000 0.000000 0.079762 0.079762 0.078571 0.078571 0.078571 0.078571 0.077381 0.077381 0.079762 0.000000 0.000000 0.000000 0.088095 0.077381 0.079762 0.079762 0.080952 0.082143 0.095238 0.086905 0.097619 0.098810 0.100000 0.096429 0.090476 0.092857 0.091667 0.095238 0.095238 0.102381 0.102381 0.097619 0.113095 0.113095 0.113095 0.114286 0.114286 0.113095 0.103571 0.000000 0.000000 0.000000 0.096429 0.000000 0.050000 0.000000 0.107143 0.114286 0.113095 0.097619 0.050000 0.110714 0.110714 0.110714 0.111905 0.108333
0.000000 0.000000 0.030952 0.023810 0.020238 0.000000 0.000000 0.075000 0.072619 0.077381 0.077381 0.077381 0.077381 0.077381 0.076190 0.079762 0.076190 0.091667 0.092857 0.086905 0.075000 0.080952 0.086905 0.088095 0.086905 0.088095 0.097619 0.089286 0.090476 0.104762 0.091667 0.091667 0.091667 0.090476 0.095238 0.094048 0.089286 0.098810 0.096429 0.105952 0.101190 0.113095 0.113095 0.111905 0.114286 0.111905 0.105952 0.105952 0.109524 0.104762 0.095238 0.050000 0.108333 0.110714 0.116667 0.109524 0.117857 0.057143 0.113095 0.114286 0.113095 0.114286 0.114286
