FireSTARR/test/output/RED/RED024/2019-06-15_1628/intensity_H_172_2019-06-21.asc
ncols         741
nrows         582
xllcorner     352743.378600
yllcorner     5790302.364000
cellsize      100.000000
NODATA_value  0.000000
[rows 364 to 391 of 582, columns 315 to 377 of 741]
0.134524 0.135714 0.138095 0.138095 0.128571 0.096429 0.000000 0.000000 0.000000 0.000000 0.000000 0.000000 0.176190 0.177381 0.178571 0.177381 0.177381 0.176190 0.173810 0.173810 0.172619 0.171429 0.172619 0.173810 0.173810 0.171429 0.171429 0.163095 0.000000 0.000000 0.180952 0.182143 0.182143 0.183333 0.182143 0.180952 0.180952 0.180952 0.180952 0.183333 0.186905 0.186905 0.185714 0.188095 0.180952 0.000000 0.202381 0.203571 0.203571 0.204762 0.202381 0.190476 0.000000 0.000000 0.000000 0.000000 0.000000 0.205952 0.208333 0.198810 0.198810 0.194048 0.192857
0.119048 0.101190 0.000000 0.152381 0.151190 0.138095 0.000000 0.000000 0.000000 0.000000 0.000000 0.000000 0.173810 0.173810 0.173810 0.177381 0.177381 0.176190 0.176190 0.171429 0.170238 0.170238 0.171429 0.171429 0.170238 0.169048 0.166667 0.148810 0.109524 0.000000 0.180952 0.180952 0.180952 0.182143 0.182143 0.179762 0.179762 0.179762 0.180952 0.180952 0.183333 0.185714 0.186905 0.182143 0.164286 0.000000 0.000000 0.000000 0.201190 0.203571 0.200000 0.000000 0.144048 0.000000 0.000000 0.208333 0.209524 0.208333 0.209524 0.205952 0.207143 0.201190 0.182143
0.077381 0.000000 0.000000 0.158333 0.159524 0.155952 0.155952 0.000000 0.000000 0.000000 0.000000 0.000000 0.169048 0.169048 0.170238 0.171429 0.171429 0.171429 0.170238 0.171429 0.169048 0.169048 0.169048 0.170238 0.167857 0.167857 0.163095 0.154762 0.142857 0.000000 0.000000 0.178571 0.179762 0.179762 0.176190 0.176190 0.176190 0.177381 0.177381 0.177381 0.173810 0.179762 0.180952 0.182143 0.180952 0.177381 0.000000 0.200000 0.200000 0.201190 0.200000 0.191667 0.189286 0.000000 0.208333 0.208333 0.208333 0.208333 0.208333 0.209524 0.204762 0.198810 0.180952
0.000000 0.000000 0.159524 0.160714 0.160714 0.159524 0.159524 0.160714 0.164286 0.164286 0.164286 0.161905 0.000000 0.166667 0.166667 0.167857 0.167857 0.165476 0.165476 0.166667 0.169048 0.170238 0.167857 0.167857 0.166667 0.166667 0.163095 0.163095 0.160714 0.145238 0.000000 0.176190 0.176190 0.177381 0.177381 0.175000 0.173810 0.175000 0.172619 0.176190 0.179762 0.179762 0.183333 0.183333 0.184524 0.184524 0.183333 0.000000 0.194048 0.195238 0.192857 0.184524 0.000000 0.203571 0.204762 0.207143 0.207143 0.207143 0.205952 0.201190 0.197619 0.194048 0.184524
0.000000 0.158333 0.158333 0.158333 0.160714 0.160714 0.161905 0.164286 0.164286 0.164286 0.165476 0.163095 0.163095 0.163095 0.164286 0.166667 0.165476 0.165476 0.166667 0.166667 0.166667 0.165476 0.165476 0.165476 0.167857 0.166667 0.165476 0.164286 0.165476 0.170238 0.171429 0.171429 0.171429 0.173810 0.173810 0.171429 0.171429 0.172619 0.172619 0.175000 0.175000 0.176190 0.179762 0.182143 0.182143 0.183333 0.180952 0.183333 0.185714 0.184524 0.179762 0.152381 0.000000 0.000000 0.202381 0.203571 0.203571 0.202381 0.198810 0.198810 0.195238 0.195238 0.186905
0.158333 0.157143 0.159524 0.159524 0.159524 0.159524 0.158333 0.163095 0.163095 0.163095 0.164286 0.163095 0.164286 0.163095 0.161905 0.164286 0.163095 0.164286 0.166667 0.166667 0.166667 0.163095 0.161905 0.164286 0.165476 0.165476 0.164286 0.165476 0.169048 0.171429 0.169048 0.170238 0.169048 0.170238 0.171429 0.169048 0.169048 0.171429 0.170238 0.170238 0.175000 0.175000 0.176190 0.176190 0.180952 0.183333 0.180952 0.178571 0.177381 0.175000 0.000000 0.128571 0.000000 0.000000 0.198810 0.200000 0.197619 0.197619 0.196429 0.196429 0.196429 0.192857 0.188095
0.158333 0.157143 0.157143 0.158333 0.157143 0.158333 0.157143 0.158333 0.159524 0.160714 0.163095 0.161905 0.161905 0.161905 0.165476 0.164286 0.163095 0.164286 0.165476 0.164286 0.164286 0.161905 0.163095 0.163095 0.163095 0.161905 0.163095 0.167857 0.169048 0.169048 0.170238 0.169048 0.167857 0.169048 0.170238 0.166667 0.166667 0.166667 0.166667 0.163095 0.000000 0.170238 0.169048 0.167857 0.000000 0.176190 0.178571 0.173810 0.169048 0.165476 0.160714 0.000000 0.178571 0.190476 0.190476 0.000000 0.186905 0.186905 0.184524 0.184524 0.161905 0.000000 0.189286
0.155952 0.157143 0.155952 0.157143 0.155952 0.157143 0.157143 0.157143 0.157143 0.159524 0.160714 0.160714 0.160714 0.161905 0.160714 0.160714 0.160714 0.163095 0.163095 0.163095 0.160714 0.159524 0.160714 0.161905 0.160714 0.160714 0.160714 0.163095 0.164286 0.165476 0.165476 0.164286 0.165476 0.165476 0.164286 0.164286 0.161905 0.161905 0.160714 0.159524 0.160714 0.160714 0.158333 0.000000 0.000000 0.170238 0.170238 0.165476 0.163095 0.164286 0.000000 0.169048 0.169048 0.167857 0.175000 0.172619 0.172619 0.170238 0.166667 0.152381 0.000000 0.000000 0.000000
0.153571 0.153571 0.153571 0.154762 0.155952 0.155952 0.155952 0.158333 0.158333 0.158333 0.159524 0.159524 0.159524 0.158333 0.160714 0.160714 0.160714 0.159524 0.159524 0.160714 0.158333 0.158333 0.160714 0.161905 0.160714 0.158333 0.159524 0.161905 0.161905 0.161905 0.158333 0.161905 0.161905 0.161905 0.160714 0.158333 0.158333 0.155952 0.155952 0.000000 0.155952 0.153571 0.132143 0.000000 0.000000 0.000000 0.159524 0.000000 0.000000 0.126190 0.157143 0.159524 0.159524 0.169048 0.160714 0.165476 0.000000 0.155952 0.148810 0.136905 0.109524 0.000000 0.000000
0.151190 0.152381 0.152381 0.152381 0.154762 0.154762 0.154762 0.153571 0.154762 0.155952 0.158333 0.157143 0.158333 0.157143 0.158333 0.154762 0.158333 0.159524 0.158333 0.157143 0.157143 0.158333 0.159524 0.160714 0.159524 0.157143 0.155952 0.157143 0.155952 0.155952 0.154762 0.153571 0.154762 0.157143 0.157143 0.157143 0.154762 0.152381 0.151190 0.151190 0.147619 0.147619 0.141667 0.000000 0.000000 0.000000 0.000000 0.148810 0.147619 0.151190 0.157143 0.152381 0.147619 0.150000 0.157143 0.136905 0.144048 0.142857 0.136905 0.126190 0.000000 0.000000 0.000000
0.151190 0.150000 0.151190 0.152381 0.151190 0.150000 0.150000 0.151190 0.151190 0.150000 0.151190 0.151190 0.150000 0.151190 0.153571 0.152381 0.152381 0.152381 0.154762 0.152381 0.153571 0.152381 0.154762 0.157143 0.157143 0.152381 0.153571 0.152381 0.152381 0.153571 0.151190 0.000000 0.150000 0.151190 0.151190 0.150000 0.146429 0.142857 0.150000 0.139286 0.145238 0.146429 0.145238 0.139286 0.146429 0.152381 0.144048 0.145238 0.152381 0.145238 0.144048 0.151190 0.147619 0.150000 0.146429 0.142857 0.132143 0.135714 0.000000 0.108333 0.079762 0.000000 0.000000
0.147619 0.148810 0.150000 0.148810 0.148810 0.150000 0.148810 0.148810 0.148810 0.148810 0.147619 0.146429 0.144048 0.140476 0.000000 0.146429 0.146429 0.147619 0.148810 0.151190 0.150000 0.150000 0.151190 0.152381 0.152381 0.152381 0.151190 0.151190 0.151190 0.151190 0.144048 0.000000 0.147619 0.147619 0.145238 0.146429 0.145238 0.142857 0.136905 0.136905 0.133333 0.132143 0.141667 0.135714 0.139286 0.139286 0.138095 0.139286 0.139286 0.139286 0.146429 0.144048 0.141667 0.141667 0.141667 0.139286 0.132143 0.126190 0.000000 0.000000 0.070238 0.000000 0.000000
0.146429 0.146429 0.147619 0.147619 0.148810 0.148810 0.147619 0.146429 0.146429 0.145238 0.142857 0.142857 0.136905 0.119048 0.000000 0.000000 0.142857 0.142857 0.142857 0.146429 0.146429 0.146429 0.147619 0.146429 0.147619 0.146429 0.146429 0.146429 0.146429 0.145238 0.146429 0.146429 0.144048 0.141667 0.144048 0.145238 0.144048 0.140476 0.134524 0.134524 0.133333 0.133333 0.140476 0.133333 0.135714 0.134524 0.132143 0.139286 0.128571 0.133333 0.139286 0.000000 0.000000 0.133333 0.130952 0.127381 0.126190 0.107143 0.080952 0.000000 0.000000 0.000000 0.000000
0.138095 0.138095 0.136905 0.000000 0.145238 0.145238 0.146429 0.145238 0.145238 0.145238 0.141667 0.136905 0.135714 0.129762 0.130952 0.000000 0.140476 0.140476 0.140476 0.140476 0.140476 0.140476 0.144048 0.142857 0.145238 0.146429 0.141667 0.140476 0.141667 0.140476 0.140476 0.139286 0.000000 0.142857 0.141667 0.142857 0.139286 0.132143 0.130952 0.138095 0.130952 0.133333 0.130952 0.133333 0.138095 0.129762 0.135714 0.134524 0.134524 0.126190 0.129762 0.126190 0.125000 0.119048 0.115476 0.117857 0.109524 0.090476 0.072619 0.057143 0.000000 0.000000 0.000000
0.136905 0.135714 0.000000 0.135714 0.000000 0.142857 0.144048 0.145238 0.142857 0.140476 0.140476 0.139286 0.139286 0.139286 0.138095 0.135714 0.135714 0.139286 0.138095 0.139286 0.138095 0.138095 0.138095 0.138095 0.141667 0.140476 0.136905 0.134524 0.138095 0.135714 0.133333 0.107143 0.000000 0.136905 0.136905 0.139286 0.134524 0.138095 0.134524 0.132143 0.138095 0.132143 0.138095 0.135714 0.135714 0.135714 0.121429 0.129762 0.122619 0.115476 0.126190 0.123810 0.120238 0.114286 0.103571 0.098810 0.103571 0.079762 0.069048 0.055952 0.000000 0.000000 0.000000
0.000000 0.135714 0.135714 0.136905 0.138095 0.138095 0.139286 0.138095 0.138095 0.138095 0.138095 0.138095 0.138095 0.138095 0.136905 0.136905 0.136905 0.134524 0.135714 0.135714 0.135714 0.138095 0.138095 0.135714 0.127381 0.128571 0.139286 0.138095 0.133333 0.133333 0.129762 0.000000 0.134524 0.133333 0.133333 0.130952 0.129762 0.130952 0.130952 0.129762 0.125000 0.127381 0.132143 0.132143 0.127381 0.121429 0.123810 0.122619 0.117857 0.009524 0.108333 0.116667 0.105952 0.101190 0.097619 0.091667 0.085714 0.082143 0.066667 0.060714 0.000000 0.000000 0.000000
0.000000 0.126190 0.127381 0.127381 0.126190 0.122619 0.100000 0.000000 0.000000 0.132143 0.134524 0.138095 0.138095 0.138095 0.136905 0.135714 0.134524 0.135714 0.136905 0.135714 0.134524 0.132143 0.132143 0.133333 0.129762 0.127381 0.135714 0.133333 0.129762 0.128571 0.129762 0.130952 0.130952 0.128571 0.127381 0.126190 0.128571 0.127381 0.127381 0.127381 0.121429 0.130952 0.128571 0.125000 0.122619 0.120238 0.119048 0.115476 0.113095 0.110714 0.101190 0.097619 0.104762 0.091667 0.000000 0.085714 0.077381 0.076190 0.064286 0.059524 0.054762 0.000000 0.000000
0.000000 0.121429 0.120238 0.119048 0.119048 0.114286 0.100000 0.090476 0.000000 0.132143 0.133333 0.133333 0.134524 0.135714 0.136905 0.135714 0.134524 0.133333 0.133333 0.134524 0.135714 0.133333 0.132143 0.132143 0.128571 0.122619 0.130952 0.128571 0.125000 0.126190 0.019048 0.129762 0.128571 0.128571 0.127381 0.013095 0.015476 0.000000 0.126190 0.122619 0.119048 0.116667 0.115476 0.121429 0.119048 0.117857 0.116667 0.004762 0.000000 0.108333 0.005952 0.094048 0.090476 0.086905 0.084524 0.000000 0.075000 0.070238 0.064286 0.057143 0.051190 0.000000 0.000000
0.116667 0.119048 0.116667 0.000000 0.000000 0.105952 0.102381 0.101190 0.000000 0.000000 0.000000 0.132143 0.132143 0.132143 0.132143 0.133333 0.133333 0.129762 0.129762 0.130952 0.128571 0.129762 0.127381 0.127381 0.126190 0.119048 0.116667 0.123810 0.121429 0.114286 0.017857 0.123810 0.125000 0.121429 0.116667 0.110714 0.013095 0.000000 0.121429 0.119048 0.117857 0.119048 0.119048 0.119048 0.108333 0.114286 0.107143 0.005952 0.104762 0.101190 0.098810 0.092857 0.083333 0.086905 0.075000 0.000000 0.072619 0.065476 0.059524 0.052381 0.047619 0.036905 0.000000
0.116667 0.116667 0.115476 0.113095 0.000000 0.115476 0.115476 0.000000 0.116667 0.116667 0.000000 0.000000 0.129762 0.128571 0.127381 0.127381 0.126190 0.128571 0.127381 0.123810 0.122619 0.023810 0.025000 0.117857 0.122619 0.117857 0.019048 0.020238 0.114286 0.000000 0.000000 0.119048 0.117857 0.115476 0.113095 0.108333 0.103571 0.013095 0.000000 0.115476 0.116667 0.116667 0.115476 0.113095 0.111905 0.107143 0.104762 0.101190 0.101190 0.000000 0.096429 0.091667 0.084524 0.085714 0.000000 0.000000 0.000000 0.061905 0.058333 0.053571 0.046429 0.030952 0.000000
0.114286 0.115476 0.113095 0.113095 0.114286 0.015476 0.116667 0.116667 0.119048 0.119048 0.119048 0.116667 0.117857 0.000000 0.115476 0.000000 0.000000 0.000000 0.120238 0.117857 0.108333 0.000000 0.022619 0.115476 0.111905 0.108333 0.016667 0.113095 0.110714 0.109524 0.000000 0.111905 0.110714 0.111905 0.013095 0.109524 0.109524 0.107143 0.009524 0.111905 0.110714 0.110714 0.110714 0.108333 0.107143 0.008333 0.101190 0.098810 0.096429 0.000000 0.088095 0.004762 0.082143 0.000000 0.000000 0.000000 0.000000 0.060714 0.050000 0.047619 0.041667 0.032143 0.027381
0.113095 0.111905 0.110714 0.109524 0.110714 0.110714 0.015476 0.000000 0.116667 0.116667 0.114286 0.113095 0.096429 0.094048 0.092857 0.000000 0.000000 0.000000 0.000000 0.109524 0.107143 0.101190 0.102381 0.098810 0.104762 0.100000 0.017857 0.104762 0.000000 0.000000 0.114286 0.000000 0.109524 0.015476 0.110714 0.111905 0.111905 0.108333 0.111905 0.114286 0.111905 0.107143 0.105952 0.108333 0.104762 0.102381 0.102381 0.098810 0.086905 0.000000 0.084524 0.004762 0.079762 0.073810 0.000000 0.000000 0.000000 0.000000 0.000000 0.000000 0.035714 0.030952 0.028571
0.105952 0.000000 0.108333 0.104762 0.098810 0.085714 0.070238 0.000000 0.110714 0.110714 0.104762 0.097619 0.096429 0.095238 0.088095 0.084524 0.083333 0.000000 0.000000 0.000000 0.000000 0.102381 0.097619 0.098810 0.095238 0.091667 0.084524 0.083333 0.000000 0.000000 0.103571 0.000000 0.097619 0.000000 0.108333 0.000000 0.101190 0.105952 0.108333 0.109524 0.108333 0.107143 0.104762 0.000000 0.103571 0.098810 0.098810 0.088095 0.082143 0.078571 0.000000 0.078571 0.000000 0.000000 0.000000 0.000000 0.000000 0.000000 0.000000 0.000000 0.000000 0.029762 0.027381
0.089286 0.092857 0.000000 0.091667 0.086905 0.075000 0.070238 0.000000 0.103571 0.100000 0.000000 0.096429 0.095238 0.091667 0.089286 0.083333 0.082143 0.080952 0.080952 0.079762 0.000000 0.000000 0.091667 0.090476 0.090476 0.086905 0.000000 0.066667 0.052381 0.000000 0.000000 0.000000 0.000000 0.000000 0.000000 0.100000 0.102381 0.100000 0.000000 0.000000 0.101190 0.102381 0.098810 0.097619 0.097619 0.094048 0.085714 0.077381 0.078571 0.076190 0.076190 0.077381 0.000000 0.000000 0.000000 0.000000 0.000000 0.054762 0.052381 0.000000 0.000000 0.000000 0.025000
0.078571 0.057143 0.000000 0.000000 0.000000 0.069048 0.066667 0.000000 0.000000 0.000000 0.000000 0.095238 0.094048 0.089286 0.088095 0.086905 0.079762 0.079762 0.000000 0.089286 0.000000 0.000000 0.088095 0.089286 0.085714 0.084524 0.000000 0.000000 0.060714 0.000000 0.070238 0.000000 0.071429 0.013095 0.089286 0.091667 0.089286 0.080952 0.000000 0.000000 0.000000 0.098810 0.097619 0.097619 0.098810 0.092857 0.083333 0.077381 0.077381 0.075000 0.075000 0.071429 0.065476 0.000000 0.000000 0.000000 0.000000 0.054762 0.053571 0.050000 0.000000 0.000000 0.000000
0.059524 0.036905 0.000000 0.000000 0.000000 0.069048 0.067857 0.000000 0.000000 0.000000 0.000000 0.089286 0.088095 0.088095 0.088095 0.086905 0.000000 0.000000 0.000000 0.090476 0.090476 0.089286 0.086905 0.085714 0.085714 0.000000 0.066667 0.060714 0.061905 0.060714 0.013095 0.069048 0.070238 0.011905 0.080952 0.078571 0.080952 0.069048 0.066667 0.000000 0.000000 0.080952 0.098810 0.098810 0.095238 0.085714 0.080952 0.078571 0.000000 0.076190 0.004762 0.064286 0.063095 0.063095 0.000000 0.000000 0.000000 0.054762 0.054762 0.054762 0.000000 0.047619 0.000000
0.052381 0.000000 0.000000 0.000000 0.000000 0.000000 0.066667 0.000000 0.000000 0.000000 0.000000 0.084524 0.085714 0.086905 0.086905 0.088095 0.073810 0.072619 0.090476 0.090476 0.088095 0.073810 0.071429 0.069048 0.067857 0.052381 0.000000 0.000000 0.010714 0.057143 0.013095 0.064286 0.063095 0.010714 0.009524 0.078571 0.072619 0.067857 0.063095 0.000000 0.000000 0.000000 0.000000 0.095238 0.089286 0.084524 0.083333 0.058333 0.000000 0.076190 0.005952 0.067857 0.063095 0.061905 0.000000 0.048810 0.048810 0.000000 0.057143 0.057143 0.054762 0.052381 0.047619
0.057143 0.000000 0.000000 0.000000 0.000000 0.000000 0.063095 0.059524 0.000000 0.000000 0.000000 0.000000 0.080952 0.000000 0.082143 0.084524 0.083333 0.083333 0.069048 0.084524 0.010714 0.065476 0.065476 0.060714 0.055952 0.000000 0.000000 0.057143 0.057143 0.008333 0.007143 0.059524 0.003571 0.000000 0.000000 0.073810 0.070238 0.064286 0.059524 0.000000 0.000000 0.000000 0.000000 0.000000 0.082143 0.082143 0.083333 0.061905 0.000000 0.000000 0.073810 0.067857 0.064286 0.060714 0.000000 0.000000 0.048810 0.055952 0.055952 0.057143 0.057143 0.053571 0.051190
