FireSTARR/test/output/RED/RED024/2019-06-15_1628/intensity_L_172_2019-06-21.asc
ncols         741
nrows         553
xllcorner     352843.378600
yllcorner     5790202.364000
cellsize      100.000000
NODATA_value  0.000000
[rows 196 to 223 of 553, columns 441 to 503 of 741]
0.001190 0.003571 0.002381 0.004762 0.004762 0.000000 0.000000 0.000000 0.001190 0.000000 0.000000 0.001190 0.000000 0.000000 0.000000 0.000000 0.000000 0.000000 0.000000 0.000000 0.000000 0.000000 0.000000 0.000000 0.000000 0.000000 0.000000 0.000000 0.000000 0.000000 0.000000 0.000000 0.000000 0.000000 0.000000 0.000000 0.005952 0.000000 0.007143 0.004762 0.002381 0.001190 0.000000 0.000000 0.001190 0.001190 0.000000 0.007143 0.007143 0.000000 0.000000 0.000000 0.002381 0.003571 0.000000 0.004762 0.017857 0.019048 0.023810 0.023810 0.022619 0.003571 0.001190
0.000000 0.000000 0.000000 0.000000 0.001190 0.000000 0.000000 0.000000 0.000000 0.000000 0.000000 0.001190 0.000000 0.000000 0.000000 0.000000 0.000000 0.000000 0.000000 0.000000 0.000000 0.000000 0.000000 0.000000 0.000000 0.000000 0.000000 0.000000 0.000000 0.000000 0.000000 0.000000 0.000000 0.000000 0.000000 0.000000 0.000000 0.005952 0.009524 0.001190 0.002381 0.004762 0.000000 0.000000 0.000000 0.009524 0.008333 0.000000 0.008333 0.002381 0.000000 0.000000 0.000000 0.000000 0.008333 0.025000 0.022619 0.026190 0.026190 0.025000 0.025000 0.002381 0.003571
0.023810 0.026190 0.000000 0.000000 0.000000 0.000000 0.000000 0.000000 0.001190 0.000000 0.000000 0.000000 0.000000 0.000000 0.000000 0.001190 0.000000 0.000000 0.000000 0.000000 0.000000 0.000000 0.000000 0.000000 0.000000 0.000000 0.000000 0.000000 0.000000 0.000000 0.000000 0.000000 0.000000 0.000000 0.000000 0.000000 0.000000 0.007143 0.010714 0.003571 0.003571 0.002381 0.005952 0.000000 0.000000 0.007143 0.010714 0.000000 0.000000 0.004762 0.000000 0.000000 0.008333 0.010714 0.029762 0.029762 0.036905 0.036905 0.033333 0.030952 0.010714 0.003571 0.000000
0.011905 0.021429 0.000000 0.000000 0.000000 0.000000 0.000000 0.000000 0.000000 0.001190 0.000000 0.000000 0.000000 0.000000 0.000000 0.000000 0.000000 0.001190 0.000000 0.000000 0.000000 0.000000 0.000000 0.000000 0.000000 0.000000 0.000000 0.000000 0.000000 0.000000 0.000000 0.000000 0.000000 0.000000 0.000000 0.000000 0.005952 0.000000 0.000000 0.000000 0.011905 0.008333 0.004762 0.004762 0.007143 0.004762 0.008333 0.000000 0.010714 0.011905 0.000000 0.000000 0.004762 0.011905 0.005952 0.008333 0.041667 0.040476 0.040476 0.036905 0.000000 0.004762 0.004762
0.000000 0.019048 0.017857 0.000000 0.000000 0.001190 0.000000 0.000000 0.001190 0.001190 0.001190 0.000000 0.000000 0.000000 0.000000 0.000000 0.000000 0.000000 0.000000 0.001190 0.000000 0.000000 0.000000 0.000000 0.000000 0.000000 0.000000 0.000000 0.000000 0.000000 0.000000 0.000000 0.000000 0.000000 0.011905 0.008333 0.000000 0.000000 0.000000 0.010714 0.011905 0.010714 0.007143 0.005952 0.003571 0.008333 0.000000 0.000000 0.000000 0.011905 0.001190 0.001190 0.000000 0.010714 0.008333 0.010714 0.000000 0.054762 0.000000 0.000000 0.010714 0.009524 0.008333
0.000000 0.000000 0.039286 0.000000 0.000000 0.000000 0.000000 0.000000 0.001190 0.001190 0.000000 0.000000 0.000000 0.000000 0.000000 0.001190 0.002381 0.002381 0.001190 0.002381 0.004762 0.001190 0.000000 0.000000 0.000000 0.000000 0.000000 0.000000 0.000000 0.000000 0.000000 0.000000 0.000000 0.010714 0.011905 0.011905 0.005952 0.000000 0.000000 0.005952 0.000000 0.000000 0.008333 0.005952 0.004762 0.008333 0.011905 0.011905 0.014286 0.013095 0.000000 0.000000 0.000000 0.000000 0.000000 0.000000 0.000000 0.000000 0.000000 0.000000 0.010714 0.013095 0.010714
0.001190 0.001190 0.002381 0.000000 0.000000 0.000000 0.000000 0.000000 0.000000 0.001190 0.000000 0.000000 0.001190 0.000000 0.000000 0.000000 0.001190 0.001190 0.001190 0.001190 0.001190 0.003571 0.002381 0.001190 0.000000 0.002381 0.000000 0.000000 0.000000 0.000000 0.000000 0.000000 0.007143 0.011905 0.014286 0.010714 0.000000 0.000000 0.000000 0.000000 0.007143 0.011905 0.000000 0.000000 0.000000 0.000000 0.000000 0.009524 0.008333 0.007143 0.000000 0.000000 0.000000 0.000000 0.001190 0.000000 0.000000 0.000000 0.000000 0.000000 0.000000 0.009524 0.005952
0.002381 0.001190 0.001190 0.002381 0.002381 0.004762 0.003571 0.000000 0.000000 0.000000 0.000000 0.002381 0.001190 0.001190 0.002381 0.000000 0.002381 0.002381 0.002381 0.002381 0.001190 0.000000 0.001190 0.000000 0.002381 0.002381 0.002381 0.000000 0.000000 0.052381 0.000000 0.011905 0.008333 0.007143 0.010714 0.011905 0.003571 0.000000 0.000000 0.003571 0.004762 0.004762 0.005952 0.003571 0.000000 0.000000 0.000000 0.005952 0.000000 0.005952 0.001190 0.002381 0.001190 0.001190 0.002381 0.000000 0.001190 0.008333 0.000000 0.000000 0.000000 0.007143 0.007143
0.001190 0.002381 0.003571 0.003571 0.004762 0.004762 0.002381 0.002381 0.000000 0.000000 0.000000 0.000000 0.000000 0.003571 0.001190 0.002381 0.002381 0.003571 0.003571 0.002381 0.001190 0.000000 0.002381 0.001190 0.000000 0.000000 0.002381 0.001190 0.001190 0.013095 0.013095 0.016667 0.011905 0.005952 0.007143 0.009524 0.008333 0.000000 0.002381 0.001190 0.002381 0.002381 0.004762 0.002381 0.000000 0.007143 0.003571 0.007143 0.005952 0.007143 0.007143 0.005952 0.010714 0.001190 0.000000 0.004762 0.007143 0.008333 0.000000 0.003571 0.001190 0.008333 0.015476
0.004762 0.003571 0.003571 0.003571 0.002381 0.002381 0.001190 0.001190 0.000000 0.001190 0.001190 0.003571 0.003571 0.000000 0.000000 0.000000 0.000000 0.000000 0.003571 0.001190 0.000000 0.002381 0.001190 0.001190 0.001190 0.000000 0.001190 0.001190 0.000000 0.042857 0.010714 0.010714 0.013095 0.015476 0.010714 0.007143 0.004762 0.004762 0.002381 0.002381 0.003571 0.000000 0.000000 0.000000 0.000000 0.000000 0.000000 0.000000 0.014286 0.014286 0.014286 0.011905 0.010714 0.060714 0.000000 0.000000 0.005952 0.008333 0.000000 0.000000 0.009524 0.016667 0.036905
0.000000 0.001190 0.002381 0.002381 0.002381 0.003571 0.002381 0.001190 0.002381 0.002381 0.003571 0.004762 0.004762 0.003571 0.003571 0.000000 0.001190 0.000000 0.000000 0.001190 0.000000 0.001190 0.001190 0.001190 0.001190 0.001190 0.000000 0.002381 0.000000 0.000000 0.000000 0.000000 0.000000 0.045238 0.000000 0.000000 0.000000 0.000000 0.000000 0.000000 0.000000 0.005952 0.011905 0.007143 0.008333 0.000000 0.000000 0.041667 0.044048 0.041667 0.038095 0.038095 0.033333 0.032143 0.000000 0.000000 0.007143 0.008333 0.010714 0.000000 0.000000 0.021429 0.036905
0.000000 0.002381 0.002381 0.002381 0.002381 0.002381 0.002381 0.001190 0.003571 0.003571 0.004762 0.005952 0.005952 0.002381 0.002381 0.003571 0.000000 0.000000 0.000000 0.000000 0.000000 0.000000 0.002381 0.001190 0.001190 0.000000 0.001190 0.003571 0.000000 0.000000 0.000000 0.032143 0.032143 0.001190 0.000000 0.004762 0.000000 0.007143 0.000000 0.010714 0.008333 0.008333 0.008333 0.011905 0.016667 0.033333 0.000000 0.098810 0.033333 0.033333 0.034524 0.030952 0.033333 0.028571 0.000000 0.000000 0.019048 0.011905 0.015476 0.017857 0.013095 0.019048 0.036905
0.000000 0.003571 0.003571 0.003571 0.003571 0.005952 0.005952 0.004762 0.008333 0.007143 0.005952 0.007143 0.005952 0.004762 0.003571 0.001190 0.002381 0.002381 0.000000 0.000000 0.000000 0.003571 0.003571 0.001190 0.001190 0.000000 0.000000 0.000000 0.000000 0.000000 0.020238 0.030952 0.003571 0.005952 0.034524 0.003571 0.039286 0.033333 0.000000 0.000000 0.002381 0.008333 0.008333 0.010714 0.023810 0.036905 0.025000 0.102381 0.034524 0.035714 0.003571 0.007143 0.007143 0.030952 0.035714 0.000000 0.050000 0.042857 0.051190 0.097619 0.045238 0.044048 0.041667
0.005952 0.000000 0.000000 0.000000 0.004762 0.004762 0.009524 0.009524 0.007143 0.008333 0.005952 0.007143 0.004762 0.003571 0.003571 0.002381 0.002381 0.001190 0.001190 0.000000 0.000000 0.000000 0.002381 0.002381 0.001190 0.000000 0.000000 0.000000 0.011905 0.014286 0.021429 0.034524 0.033333 0.003571 0.032143 0.033333 0.004762 0.039286 0.034524 0.000000 0.008333 0.008333 0.010714 0.017857 0.022619 0.033333 0.019048 0.027381 0.032143 0.035714 0.003571 0.003571 0.035714 0.033333 0.029762 0.002381 0.002381 0.050000 0.104762 0.021429 0.023810 0.023810 0.032143
0.000000 0.005952 0.007143 0.011905 0.011905 0.009524 0.007143 0.008333 0.008333 0.005952 0.008333 0.000000 0.004762 0.004762 0.005952 0.004762 0.002381 0.003571 0.003571 0.000000 0.005952 0.005952 0.000000 0.000000 0.000000 0.000000 0.009524 0.009524 0.011905 0.013095 0.014286 0.022619 0.034524 0.038095 0.002381 0.004762 0.005952 0.009524 0.042857 0.016667 0.000000 0.000000 0.000000 0.000000 0.017857 0.021429 0.033333 0.039286 0.026190 0.034524 0.030952 0.002381 0.030952 0.001190 0.001190 0.001190 0.029762 0.002381 0.000000 0.023810 0.027381 0.029762 0.028571
0.007143 0.007143 0.008333 0.008333 0.004762 0.008333 0.008333 0.007143 0.004762 0.007143 0.007143 0.000000 0.004762 0.002381 0.002381 0.005952 0.003571 0.003571 0.003571 0.000000 0.004762 0.004762 0.004762 0.000000 0.000000 0.014286 0.014286 0.016667 0.010714 0.016667 0.026190 0.029762 0.032143 0.034524 0.040476 0.005952 0.039286 0.003571 0.036905 0.039286 0.033333 0.034524 0.000000 0.045238 0.008333 0.014286 0.023810 0.036905 0.029762 0.119048 0.032143 0.029762 0.001190 0.032143 0.001190 0.002381 0.003571 0.003571 0.000000 0.111905 0.032143 0.029762 0.001190
0.008333 0.005952 0.004762 0.007143 0.008333 0.008333 0.004762 0.008333 0.008333 0.005952 0.003571 0.002381 0.000000 0.000000 0.001190 0.003571 0.004762 0.000000 0.000000 0.003571 0.007143 0.011905 0.013095 0.000000 0.000000 0.033333 0.022619 0.021429 0.020238 0.025000 0.027381 0.029762 0.003571 0.033333 0.036905 0.039286 0.004762 0.003571 0.002381 0.041667 0.035714 0.003571 0.003571 0.050000 0.046429 0.021429 0.021429 0.044048 0.045238 0.028571 0.026190 0.027381 0.032143 0.003571 0.004762 0.004762 0.025000 0.004762 0.007143 0.122619 0.034524 0.033333 0.030952
0.009524 0.008333 0.007143 0.005952 0.009524 0.005952 0.009524 0.008333 0.007143 0.004762 0.007143 0.007143 0.000000 0.005952 0.004762 0.001190 0.003571 0.000000 0.000000 0.000000 0.005952 0.008333 0.007143 0.120238 0.000000 0.061905 0.063095 0.069048 0.072619 0.065476 0.053571 0.036905 0.034524 0.003571 0.003571 0.005952 0.004762 0.007143 0.040476 0.002381 0.002381 0.002381 0.051190 0.009524 0.050000 0.061905 0.051190 0.047619 0.028571 0.002381 0.004762 0.004762 0.033333 0.002381 0.002381 0.004762 0.002381 0.002381 0.007143 0.007143 0.002381 0.003571 0.002381
0.010714 0.008333 0.005952 0.005952 0.005952 0.008333 0.007143 0.008333 0.003571 0.002381 0.005952 0.003571 0.004762 0.005952 0.005952 0.003571 0.001190 0.000000 0.000000 0.000000 0.000000 0.004762 0.004762 0.007143 0.000000 0.000000 0.008333 0.005952 0.008333 0.007143 0.070238 0.067857 0.064286 0.035714 0.032143 0.003571 0.034524 0.004762 0.047619 0.042857 0.003571 0.008333 0.053571 0.007143 0.057143 0.003571 0.058333 0.060714 0.035714 0.035714 0.003571 0.030952 0.003571 0.002381 0.002381 0.002381 0.002381 0.003571 0.004762 0.002381 0.002381 0.001190 0.026190
0.009524 0.003571 0.004762 0.005952 0.004762 0.005952 0.002381 0.003571 0.005952 0.004762 0.004762 0.005952 0.004762 0.003571 0.005952 0.007143 0.004762 0.000000 0.000000 0.000000 0.000000 0.000000 0.000000 0.000000 0.000000 0.004762 0.007143 0.008333 0.005952 0.005952 0.007143 0.005952 0.071429 0.065476 0.030952 0.036905 0.040476 0.050000 0.071429 0.069048 0.067857 0.041667 0.053571 0.054762 0.007143 0.007143 0.002381 0.064286 0.003571 0.001190 0.000000 0.029762 0.004762 0.003571 0.001190 0.002381 0.003571 0.000000 0.007143 0.007143 0.007143 0.010714 0.002381
0.000000 0.000000 0.004762 0.003571 0.005952 0.007143 0.004762 0.004762 0.007143 0.003571 0.002381 0.004762 0.001190 0.002381 0.004762 0.004762 0.005952 0.000000 0.000000 0.000000 0.000000 0.000000 0.000000 0.007143 0.007143 0.005952 0.007143 0.007143 0.004762 0.002381 0.003571 0.009524 0.008333 0.000000 0.000000 0.000000 0.073810 0.077381 0.076190 0.004762 0.071429 0.071429 0.040476 0.060714 0.064286 0.004762 0.004762 0.007143 0.003571 0.003571 0.002381 0.034524 0.003571 0.002381 0.002381 0.001190 0.002381 0.000000 0.027381 0.000000 0.001190 0.011905 0.001190
0.008333 0.005952 0.003571 0.003571 0.005952 0.005952 0.004762 0.004762 0.007143 0.003571 0.002381 0.003571 0.002381 0.001190 0.004762 0.001190 0.000000 0.000000 0.004762 0.019048 0.000000 0.000000 0.008333 0.008333 0.005952 0.007143 0.010714 0.009524 0.004762 0.002381 0.004762 0.009524 0.004762 0.005952 0.005952 0.004762 0.003571 0.005952 0.004762 0.008333 0.007143 0.073810 0.077381 0.073810 0.070238 0.009524 0.004762 0.003571 0.005952 0.002381 0.001190 0.001190 0.029762 0.000000 0.004762 0.002381 0.002381 0.003571 0.001190 0.010714 0.001190 0.002381 0.003571
0.009524 0.007143 0.005952 0.004762 0.004762 0.007143 0.005952 0.004762 0.007143 0.003571 0.002381 0.000000 0.004762 0.002381 0.005952 0.008333 0.003571 0.000000 0.022619 0.000000 0.060714 0.164286 0.000000 0.000000 0.000000 0.004762 0.004762 0.008333 0.002381 0.005952 0.005952 0.007143 0.007143 0.004762 0.003571 0.003571 0.003571 0.004762 0.002381 0.003571 0.007143 0.004762 0.009524 0.009524 0.009524 0.005952 0.005952 0.003571 0.004762 0.004762 0.003571 0.003571 0.000000 0.002381 0.004762 0.003571 0.003571 0.000000 0.009524 0.010714 0.001190 0.001190 0.002381
0.008333 0.008333 0.004762 0.005952 0.008333 0.000000 0.000000 0.000000 0.000000 0.000000 0.003571 0.000000 0.007143 0.008333 0.009524 0.009524 0.005952 0.055952 0.000000 0.000000 0.000000 0.000000 0.000000 0.000000 0.000000 0.000000 0.004762 0.003571 0.000000 0.000000 0.000000 0.000000 0.000000 0.000000 0.004762 0.005952 0.010714 0.008333 0.004762 0.003571 0.009524 0.010714 0.005952 0.007143 0.004762 0.007143 0.001190 0.004762 0.004762 0.005952 0.004762 0.001190 0.003571 0.004762 0.002381 0.003571 0.000000 0.008333 0.011905 0.000000 0.001190 0.003571 0.003571
0.000000 0.000000 0.000000 0.000000 0.000000 0.000000 0.000000 0.000000 0.000000 0.000000 0.038095 0.000000 0.000000 0.005952 0.004762 0.007143 0.007143 0.060714 0.010714 0.013095 0.000000 0.000000 0.000000 0.000000 0.000000 0.000000 0.008333 0.007143 0.000000 0.000000 0.000000 0.000000 0.000000 0.000000 0.000000 0.000000 0.011905 0.011905 0.010714 0.011905 0.015476 0.015476 0.011905 0.005952 0.004762 0.004762 0.007143 0.005952 0.002381 0.004762 0.004762 0.002381 0.002381 0.003571 0.003571 0.000000 0.011905 0.001190 0.001190 0.002381 0.002381 0.002381 0.001190
0.000000 0.000000 0.000000 0.000000 0.000000 0.000000 0.000000 0.000000 0.000000 0.053571 0.058333 0.000000 0.000000 0.005952 0.002381 0.001190 0.002381 0.061905 0.063095 0.008333 0.057143 0.008333 0.000000 0.000000 0.000000 0.000000 0.000000 0.009524 0.011905 0.008333 0.008333 0.000000 0.000000 0.000000 0.000000 0.000000 0.000000 0.011905 0.011905 0.010714 0.013095 0.013095 0.003571 0.007143 0.001190 0.002381 0.003571 0.005952 0.004762 0.003571 0.003571 0.005952 0.005952 0.002381 0.002381 0.003571 0.009524 0.001190 0.001190 0.002381 0.002381 0.002381 0.001190
0.000000 0.000000 0.000000 0.000000 0.000000 0.000000 0.000000 0.000000 0.000000 0.060714 0.007143 0.007143 0.000000 0.000000 0.010714 0.008333 0.002381 0.069048 0.009524 0.058333 0.003571 0.004762 0.005952 0.008333 0.000000 0.000000 0.000000 0.000000 0.008333 0.007143 0.009524 0.008333 0.009524 0.000000 0.011905 0.000000 0.000000 0.000000 0.004762 0.007143 0.001190 0.003571 0.007143 0.005952 0.004762 0.003571 0.005952 0.004762 0.005952 0.008333 0.003571 0.003571 0.005952 0.004762 0.003571 0.002381 0.003571 0.001190 0.000000 0.001190 0.003571 0.003571 0.001190
0.005952 0.005952 0.008333 0.000000 0.000000 0.000000 0.000000 0.007143 0.007143 0.007143 0.005952 0.005952 0.010714 0.000000 0.008333 0.003571 0.005952 0.065476 0.004762 0.004762 0.003571 0.002381 0.067857 0.061905 0.063095 0.000000 0.000000 0.000000 0.013095 0.009524 0.009524 0.010714 0.008333 0.008333 0.007143 0.000000 0.000000 0.000000 0.005952 0.005952 0.003571 0.004762 0.003571 0.002381 0.004762 0.004762 0.003571 0.004762 0.003571 0.007143 0.007143 0.004762 0.005952 0.003571 0.000000 0.001190 0.002381 0.002381 0.002381 0.001190 0.003571 0.004762 0.000000
