FireSTARR/test/output/RED/RED024/2019-06-15_1628/intensity_L_168_2019-06-17.asc
ncols         214
nrows         185
xllcorner     390443.378600
yllcorner     5808602.364000
cellsize      100.000000
NODATA_value  0.000000
[rows 56 to 83 of 185, columns 126 to 188 of 214]
0.000000 0.000000 0.003571 0.004762 0.003571 0.003571 0.003571 0.044048 0.042857 0.003571 0.033333 0.004762 0.004762 0.001190 0.002381 0.002381 0.000000 0.002381 0.000000 0.004762 0.000000 0.000000 0.003571 0.007143 0.005952 0.005952 0.008333 0.005952 0.003571 0.000000 0.039286 0.025000 0.027381 0.003571 0.004762 0.002381 0.001190 0.000000 0.001190 0.001190 0.000000 0.002381 0.002381 0.000000 0.000000 0.000000 0.000000 0.002381 0.001190 0.020238 0.001190 0.001190 0.001190 0.000000 0.000000 0.003571 0.004762 0.003571 0.000000 0.000000 0.000000 0.000000 0.000000
0.002381 0.000000 0.004762 0.010714 0.008333 0.010714 0.003571 0.005952 0.045238 0.044048 0.003571 0.033333 0.036905 0.038095 0.040476 0.041667 0.042857 0.002381 0.002381 0.003571 0.003571 0.004762 0.004762 0.004762 0.003571 0.004762 0.004762 0.007143 0.008333 0.003571 0.041667 0.002381 0.038095 0.040476 0.038095 0.029762 0.000000 0.000000 0.000000 0.000000 0.000000 0.000000 0.000000 0.001190 0.000000 0.000000 0.000000 0.000000 0.001190 0.001190 0.002381 0.001190 0.002381 0.001190 0.000000 0.000000 0.001190 0.003571 0.003571 0.003571 0.000000 0.000000 0.000000
0.000000 0.013095 0.010714 0.009524 0.005952 0.011905 0.008333 0.003571 0.003571 0.051190 0.047619 0.035714 0.038095 0.042857 0.040476 0.002381 0.001190 0.001190 0.000000 0.005952 0.004762 0.001190 0.001190 0.004762 0.003571 0.004762 0.003571 0.003571 0.004762 0.045238 0.048810 0.046429 0.042857 0.001190 0.039286 0.029762 0.001190 0.000000 0.000000 0.000000 0.000000 0.000000 0.002381 0.001190 0.001190 0.001190 0.002381 0.002381 0.000000 0.001190 0.001190 0.000000 0.002381 0.001190 0.000000 0.000000 0.001190 0.000000 0.000000 0.001190 0.002381 0.000000 0.000000
0.000000 0.005952 0.000000 0.008333 0.004762 0.004762 0.003571 0.003571 0.002381 0.000000 0.050000 0.050000 0.003571 0.007143 0.005952 0.003571 0.002381 0.002381 0.003571 0.000000 0.000000 0.000000 0.004762 0.003571 0.003571 0.003571 0.003571 0.003571 0.060714 0.060714 0.055952 0.007143 0.000000 0.000000 0.002381 0.041667 0.061905 0.000000 0.000000 0.004762 0.001190 0.002381 0.001190 0.001190 0.001190 0.001190 0.001190 0.001190 0.002381 0.001190 0.002381 0.001190 0.001190 0.001190 0.000000 0.000000 0.003571 0.001190 0.000000 0.000000 0.000000 0.000000 0.000000
0.007143 0.002381 0.003571 0.004762 0.061905 0.063095 0.060714 0.002381 0.002381 0.001190 0.000000 0.048810 0.041667 0.004762 0.005952 0.047619 0.003571 0.002381 0.002381 0.000000 0.001190 0.000000 0.000000 0.003571 0.004762 0.009524 0.066667 0.007143 0.007143 0.005952 0.005952 0.055952 0.050000 0.054762 0.050000 0.080952 0.078571 0.007143 0.011905 0.004762 0.005952 0.003571 0.001190 0.002381 0.001190 0.001190 0.002381 0.000000 0.000000 0.002381 0.001190 0.023810 0.001190 0.001190 0.014286 0.011905 0.005952 0.002381 0.003571 0.000000 0.003571 0.000000 0.000000
0.003571 0.004762 0.003571 0.003571 0.002381 0.066667 0.069048 0.007143 0.007143 0.002381 0.002381 0.000000 0.000000 0.046429 0.009524 0.009524 0.008333 0.003571 0.002381 0.001190 0.001190 0.001190 0.000000 0.004762 0.008333 0.063095 0.004762 0.071429 0.004762 0.069048 0.004762 0.079762 0.105952 0.102381 0.103571 0.096429 0.010714 0.005952 0.007143 0.005952 0.008333 0.002381 0.001190 0.001190 0.001190 0.002381 0.001190 0.002381 0.002381 0.001190 0.001190 0.026190 0.001190 0.002381 0.001190 0.013095 0.011905 0.007143 0.003571 0.000000 0.004762 0.003571 0.000000
0.000000 0.000000 0.002381 0.003571 0.003571 0.002381 0.003571 0.004762 0.005952 0.003571 0.002381 0.003571 0.000000 0.000000 0.000000 0.101190 0.000000 0.000000 0.000000 0.000000 0.000000 0.000000 0.060714 0.004762 0.008333 0.003571 0.079762 0.003571 0.089286 0.114286 0.111905 0.111905 0.109524 0.016667 0.016667 0.016667 0.013095 0.011905 0.000000 0.008333 0.008333 0.004762 0.001190 0.002381 0.003571 0.003571 0.003571 0.002381 0.000000 0.000000 0.000000 0.002381 0.001190 0.019048 0.015476 0.001190 0.007143 0.005952 0.000000 0.004762 0.004762 0.003571 0.004762
0.009524 0.000000 0.001190 0.001190 0.002381 0.002381 0.003571 0.003571 0.009524 0.011905 0.008333 0.001190 0.010714 0.008333 0.000000 0.000000 0.008333 0.010714 0.007143 0.000000 0.000000 0.048810 0.060714 0.064286 0.064286 0.069048 0.084524 0.089286 0.004762 0.120238 0.013095 0.013095 0.010714 0.010714 0.008333 0.009524 0.000000 0.000000 0.000000 0.000000 0.000000 0.000000 0.000000 0.000000 0.000000 0.004762 0.003571 0.003571 0.002381 0.000000 0.000000 0.000000 0.021429 0.002381 0.003571 0.013095 0.010714 0.000000 0.000000 0.000000 0.000000 0.000000 0.003571
0.005952 0.000000 0.002381 0.005952 0.005952 0.005952 0.005952 0.005952 0.005952 0.003571 0.003571 0.003571 0.008333 0.008333 0.000000 0.009524 0.010714 0.007143 0.000000 0.000000 0.000000 0.000000 0.000000 0.000000 0.098810 0.090476 0.126190 0.127381 0.134524 0.133333 0.008333 0.008333 0.005952 0.005952 0.005952 0.004762 0.003571 0.111905 0.000000 0.013095 0.009524 0.011905 0.013095 0.011905 0.000000 0.000000 0.004762 0.002381 0.000000 0.000000 0.000000 0.000000 0.000000 0.002381 0.015476 0.009524 0.002381 0.000000 0.000000 0.000000 0.000000 0.001190 0.000000
0.003571 0.002381 0.001190 0.030952 0.010714 0.004762 0.010714 0.007143 0.010714 0.003571 0.005952 0.008333 0.005952 0.005952 0.000000 0.010714 0.005952 0.000000 0.005952 0.022619 0.000000 0.000000 0.011905 0.008333 0.000000 0.000000 0.000000 0.009524 0.011905 0.007143 0.004762 0.005952 0.005952 0.003571 0.004762 0.004762 0.004762 0.003571 0.003571 0.003571 0.009524 0.005952 0.013095 0.011905 0.009524 0.010714 0.005952 0.000000 0.000000 0.000000 0.000000 0.000000 0.000000 0.000000 0.002381 0.008333 0.003571 0.000000 0.000000 0.000000 0.000000 0.000000 0.000000
0.004762 0.005952 0.029762 0.035714 0.038095 0.016667 0.014286 0.013095 0.010714 0.013095 0.014286 0.014286 0.011905 0.008333 0.000000 0.010714 0.005952 0.022619 0.023810 0.021429 0.011905 0.020238 0.015476 0.019048 0.021429 0.015476 0.009524 0.009524 0.007143 0.007143 0.008333 0.008333 0.004762 0.005952 0.013095 0.010714 0.004762 0.003571 0.004762 0.005952 0.003571 0.004762 0.005952 0.010714 0.009524 0.011905 0.005952 0.000000 0.000000 0.000000 0.000000 0.000000 0.000000 0.001190 0.001190 0.001190 0.003571 0.000000 0.004762 0.004762 0.003571 0.004762 0.003571
0.007143 0.005952 0.035714 0.015476 0.045238 0.047619 0.013095 0.009524 0.009524 0.015476 0.020238 0.019048 0.008333 0.000000 0.000000 0.009524 0.014286 0.022619 0.022619 0.010714 0.014286 0.016667 0.019048 0.016667 0.011905 0.009524 0.010714 0.008333 0.005952 0.004762 0.003571 0.005952 0.008333 0.010714 0.014286 0.015476 0.010714 0.005952 0.004762 0.004762 0.008333 0.007143 0.004762 0.003571 0.009524 0.009524 0.010714 0.005952 0.000000 0.000000 0.000000 0.000000 0.000000 0.000000 0.001190 0.001190 0.001190 0.001190 0.001190 0.000000 0.005952 0.005952 0.003571
0.001190 0.007143 0.040476 0.005952 0.005952 0.047619 0.003571 0.014286 0.016667 0.009524 0.010714 0.020238 0.019048 0.000000 0.000000 0.025000 0.017857 0.022619 0.022619 0.017857 0.015476 0.011905 0.015476 0.013095 0.013095 0.011905 0.011905 0.009524 0.003571 0.007143 0.008333 0.009524 0.015476 0.014286 0.015476 0.014286 0.011905 0.011905 0.010714 0.009524 0.005952 0.007143 0.004762 0.003571 0.004762 0.004762 0.008333 0.007143 0.003571 0.000000 0.003571 0.000000 0.000000 0.000000 0.000000 0.001190 0.001190 0.001190 0.002381 0.001190 0.000000 0.004762 0.005952
0.004762 0.008333 0.008333 0.007143 0.007143 0.004762 0.048810 0.003571 0.011905 0.005952 0.007143 0.007143 0.008333 0.010714 0.010714 0.005952 0.008333 0.021429 0.021429 0.014286 0.015476 0.011905 0.017857 0.010714 0.014286 0.013095 0.008333 0.008333 0.007143 0.009524 0.014286 0.014286 0.015476 0.011905 0.013095 0.011905 0.010714 0.008333 0.008333 0.007143 0.008333 0.007143 0.008333 0.001190 0.002381 0.001190 0.009524 0.008333 0.005952 0.002381 0.002381 0.002381 0.001190 0.000000 0.000000 0.000000 0.000000 0.001190 0.002381 0.001190 0.001190 0.001190 0.001190
0.005952 0.008333 0.008333 0.004762 0.005952 0.007143 0.004762 0.003571 0.005952 0.007143 0.005952 0.009524 0.007143 0.010714 0.014286 0.005952 0.021429 0.016667 0.017857 0.009524 0.009524 0.010714 0.008333 0.014286 0.015476 0.016667 0.009524 0.013095 0.013095 0.013095 0.014286 0.015476 0.014286 0.011905 0.008333 0.000000 0.000000 0.002381 0.004762 0.007143 0.004762 0.004762 0.007143 0.010714 0.007143 0.001190 0.003571 0.010714 0.007143 0.002381 0.001190 0.003571 0.002381 0.000000 0.000000 0.000000 0.002381 0.002381 0.000000 0.001190 0.001190 0.001190 0.001190
0.008333 0.011905 0.008333 0.008333 0.008333 0.004762 0.002381 0.004762 0.004762 0.008333 0.008333 0.010714 0.013095 0.010714 0.011905 0.000000 0.013095 0.015476 0.011905 0.010714 0.011905 0.009524 0.009524 0.014286 0.021429 0.020238 0.022619 0.019048 0.015476 0.015476 0.015476 0.009524 0.007143 0.010714 0.004762 0.003571 0.003571 0.003571 0.004762 0.003571 0.001190 0.002381 0.004762 0.005952 0.007143 0.004762 0.005952 0.009524 0.008333 0.005952 0.002381 0.002381 0.003571 0.000000 0.000000 0.000000 0.001190 0.001190 0.002381 0.001190 0.001190 0.001190 0.002381
0.009524 0.005952 0.003571 0.008333 0.007143 0.001190 0.003571 0.005952 0.004762 0.008333 0.135714 0.013095 0.014286 0.011905 0.000000 0.000000 0.007143 0.011905 0.010714 0.008333 0.010714 0.009524 0.017857 0.017857 0.022619 0.025000 0.025000 0.022619 0.017857 0.014286 0.011905 0.010714 0.000000 0.004762 0.008333 0.005952 0.007143 0.008333 0.014286 0.008333 0.004762 0.005952 0.003571 0.003571 0.002381 0.002381 0.005952 0.008333 0.008333 0.003571 0.003571 0.002381 0.004762 0.000000 0.000000 0.000000 0.000000 0.001190 0.000000 0.001190 0.001190 0.001190 0.002381
0.004762 0.004762 0.003571 0.009524 0.004762 0.001190 0.005952 0.005952 0.007143 0.005952 0.008333 0.010714 0.015476 0.011905 0.007143 0.004762 0.004762 0.000000 0.000000 0.008333 0.013095 0.014286 0.017857 0.019048 0.025000 0.020238 0.017857 0.020238 0.019048 0.014286 0.011905 0.008333 0.008333 0.005952 0.009524 0.009524 0.014286 0.016667 0.015476 0.015476 0.011905 0.009524 0.005952 0.005952 0.001190 0.002381 0.004762 0.008333 0.007143 0.003571 0.003571 0.000000 0.002381 0.001190 0.000000 0.000000 0.000000 0.001190 0.002381 0.001190 0.002381 0.001190 0.002381
0.004762 0.005952 0.008333 0.005952 0.003571 0.001190 0.000000 0.004762 0.008333 0.008333 0.007143 0.010714 0.013095 0.011905 0.005952 0.004762 0.007143 0.011905 0.009524 0.000000 0.015476 0.016667 0.021429 0.020238 0.019048 0.019048 0.019048 0.017857 0.016667 0.014286 0.014286 0.009524 0.007143 0.014286 0.014286 0.017857 0.021429 0.026190 0.022619 0.021429 0.019048 0.014286 0.016667 0.005952 0.004762 0.003571 0.005952 0.008333 0.007143 0.004762 0.003571 0.003571 0.002381 0.004762 0.000000 0.000000 0.000000 0.001190 0.001190 0.001190 0.003571 0.004762 0.004762
0.003571 0.007143 0.007143 0.003571 0.003571 0.003571 0.000000 0.000000 0.005952 0.054762 0.007143 0.009524 0.013095 0.013095 0.007143 0.003571 0.007143 0.011905 0.009524 0.011905 0.016667 0.016667 0.019048 0.020238 0.019048 0.016667 0.015476 0.014286 0.015476 0.010714 0.009524 0.011905 0.014286 0.019048 0.022619 0.027381 0.028571 0.033333 0.032143 0.035714 0.026190 0.016667 0.019048 0.011905 0.003571 0.003571 0.009524 0.007143 0.009524 0.008333 0.004762 0.003571 0.003571 0.003571 0.000000 0.000000 0.000000 0.001190 0.001190 0.003571 0.005952 0.003571 0.001190
0.008333 0.007143 0.007143 0.002381 0.000000 0.005952 0.002381 0.003571 0.005952 0.008333 0.008333 0.008333 0.011905 0.013095 0.010714 0.008333 0.013095 0.009524 0.010714 0.011905 0.000000 0.017857 0.019048 0.013095 0.014286 0.016667 0.017857 0.019048 0.015476 0.008333 0.015476 0.016667 0.022619 0.020238 0.023810 0.023810 0.040476 0.034524 0.032143 0.032143 0.060714 0.053571 0.017857 0.011905 0.005952 0.004762 0.009524 0.009524 0.009524 0.008333 0.003571 0.005952 0.004762 0.005952 0.000000 0.002381 0.000000 0.000000 0.000000 0.003571 0.005952 0.004762 0.003571
0.007143 0.008333 0.005952 0.001190 0.003571 0.000000 0.000000 0.002381 0.003571 0.005952 0.000000 0.007143 0.008333 0.013095 0.000000 0.011905 0.009524 0.010714 0.010714 0.013095 0.000000 0.000000 0.000000 0.022619 0.015476 0.017857 0.000000 0.019048 0.013095 0.010714 0.015476 0.019048 0.022619 0.025000 0.020238 0.023810 0.041667 0.030952 0.032143 0.026190 0.058333 1.000000 0.029762 0.017857 0.008333 0.005952 0.000000 0.009524 0.009524 0.002381 0.003571 0.004762 0.003571 0.041667 0.036905 0.000000 0.000000 0.000000 0.001190 0.002381 0.005952 0.005952 0.004762
0.007143 0.008333 0.005952 0.001190 0.005952 0.005952 0.003571 0.000000 0.000000 0.000000 0.000000 0.010714 0.007143 0.010714 0.011905 0.013095 0.014286 0.010714 0.009524 0.007143 0.007143 0.000000 0.200000 0.204762 0.209524 0.219048 0.225000 0.017857 0.013095 0.014286 0.014286 0.019048 0.021429 0.029762 0.022619 0.027381 0.042857 0.000000 0.033333 0.023810 0.058333 1.000000 0.030952 0.017857 0.009524 0.003571 0.000000 0.008333 0.009524 0.005952 0.003571 0.004762 0.003571 0.045238 0.028571 0.000000 0.002381 0.000000 0.002381 0.001190 0.002381 0.001190 0.003571
0.005952 0.008333 0.005952 0.002381 0.003571 0.007143 0.005952 0.004762 0.000000 0.000000 0.000000 0.007143 0.007143 0.007143 0.009524 0.007143 0.010714 0.013095 0.009524 0.010714 0.007143 0.000000 0.128571 0.129762 0.146429 0.198810 0.227381 0.021429 0.010714 0.014286 0.013095 0.017857 0.026190 0.032143 0.021429 0.025000 0.039286 0.023810 0.034524 0.019048 0.036905 0.047619 0.026190 0.017857 0.011905 0.007143 0.007143 0.007143 0.009524 0.001190 0.003571 0.003571 0.000000 0.045238 0.025000 0.000000 0.002381 0.001190 0.002381 0.001190 0.001190 0.004762 0.000000
0.004762 0.005952 0.008333 0.003571 0.003571 0.004762 0.007143 0.004762 0.000000 0.000000 0.000000 0.004762 0.005952 0.009524 0.008333 0.007143 0.008333 0.011905 0.013095 0.008333 0.005952 0.000000 0.000000 0.123810 0.136905 0.192857 0.223810 0.017857 0.013095 0.013095 0.017857 0.000000 0.025000 0.029762 0.023810 0.026190 0.038095 0.251190 0.032143 0.032143 0.038095 0.023810 0.017857 0.017857 0.011905 0.000000 0.000000 0.000000 0.008333 0.078571 0.066667 0.067857 0.048810 0.001190 0.002381 0.002381 0.001190 0.001190 0.000000 0.002381 0.002381 0.004762 0.001190
0.004762 0.004762 0.005952 0.005952 0.013095 0.005952 0.007143 0.008333 0.004762 0.000000 0.004762 0.001190 0.004762 0.005952 0.007143 0.000000 0.015476 0.013095 0.011905 0.011905 0.011905 0.009524 0.000000 0.189286 0.197619 0.000000 0.220238 0.000000 0.016667 0.015476 0.017857 0.013095 0.021429 0.027381 0.023810 0.028571 0.028571 0.045238 0.039286 0.027381 0.033333 0.025000 0.177381 0.016667 0.000000 0.000000 0.000000 0.001190 0.072619 0.071429 0.000000 0.026190 0.027381 0.023810 0.002381 0.003571 0.000000 0.000000 0.001190 0.004762 0.011905 0.001190 0.002381
0.003571 0.005952 0.002381 0.008333 0.009524 0.003571 0.004762 0.003571 0.005952 0.000000 0.004762 0.002381 0.000000 0.002381 0.004762 0.000000 0.167857 0.013095 0.016667 0.014286 0.009524 0.013095 0.000000 0.205952 0.014286 0.010714 0.014286 0.000000 0.000000 0.016667 0.017857 0.021429 0.019048 0.025000 0.022619 0.025000 0.028571 0.026190 0.229762 0.021429 0.205952 0.190476 0.017857 0.000000 0.010714 0.103571 0.085714 0.001190 0.000000 0.060714 0.002381 0.002381 0.028571 0.001190 0.002381 0.000000 0.001190 0.002381 0.003571 0.002381 0.010714 0.001190 0.001190
0.008333 0.000000 0.005952 0.003571 0.010714 0.007143 0.003571 0.008333 0.005952 0.003571 0.007143 0.000000 0.000000 0.002381 0.003571 0.000000 0.171429 0.019048 0.171429 0.013095 0.009524 0.009524 0.019048 0.014286 0.014286 0.011905 0.013095 0.014286 0.017857 0.027381 0.019048 0.025000 0.025000 0.025000 0.027381 0.023810 0.223810 0.023810 0.217857 0.204762 0.198810 0.017857 0.165476 0.151190 0.116667 0.011905 0.090476 0.001190 0.001190 0.060714 0.001190 0.027381 0.000000 0.001190 0.001190 0.000000 0.001190 0.002381 0.005952 0.003571 0.001190 0.001190 0.001190
