FireSTARR/test/output/RED/RED024/2019-06-15_1628/intensity_M_166_2019-06-15.asc
ncols         30
nrows         25
xllcorner     404943.378600
yllcorner     5817902.364000
cellsize      100.000000
NODATA_value  0.000000
0.000000 0.000000 0.000000 0.000000 0.000000 0.000000 0.000000 0.000000 0.000000 0.000000 0.000000 0.000000 0.000000 0.000000 0.000000 0.000000 0.000000 0.000000 0.001190 0.000000 0.000000 0.000000 0.000000 0.000000 0.000000 0.000000 0.000000 0.000000 0.000000 0.000000 
0.000000 0.000000 0.000000 0.000000 0.000000 0.000000 0.000000 0.000000 0.000000 0.000000 0.000000 0.000000 0.000000 0.000000 0.000000 0.001190 0.001190 0.001190 0.001190 0.001190 0.001190 0.001190 0.000000 0.000000 0.000000 0.000000 0.000000 0.000000 0.000000 0.000000 
0.000000 0.000000 0.000000 0.000000 0.000000 0.000000 0.000000 0.000000 0.000000 0.000000 0.000000 0.000000 0.001190 0.001190 0.001190 0.001190 0.001190 0.000000 0.001190 0.001190 0.001190 0.000000 0.000000 0.001190 0.000000 0.000000 0.000000 0.000000 0.000000 0.000000 
0.000000 0.000000 0.000000 0.000000 0.000000 0.000000 0.000000 0.000000 0.001190 0.001190 0.001190 0.002381 0.003571 0.003571 0.005952 0.009524 0.000000 0.000000 0.007143 0.007143 0.005952 0.004762 0.004762 0.002381 0.000000 0.001190 0.000000 0.000000 0.000000 0.000000 
0.000000 0.000000 0.000000 0.000000 0.000000 0.000000 0.001190 0.001190 0.001190 0.003571 0.004762 0.005952 0.008333 0.011905 0.013095 0.013095 0.011905 0.010714 0.010714 0.010714 0.008333 0.005952 0.005952 0.004762 0.003571 0.002381 0.000000 0.000000 0.000000 0.000000 
0.000000 0.000000 0.000000 0.000000 0.001190 0.001190 0.001190 0.002381 0.002381 0.007143 0.009524 0.011905 0.013095 0.000000 0.009524 0.009524 0.009524 0.007143 0.003571 0.002381 0.003571 0.004762 0.007143 0.005952 0.005952 0.004762 0.002381 0.000000 0.000000 0.000000 
0.000000 0.000000 0.000000 0.002381 0.003571 0.003571 0.004762 0.008333 0.010714 0.013095 0.013095 0.010714 0.008333 0.005952 0.005952 0.004762 0.003571 0.001190 0.003571 0.003571 0.002381 0.002381 0.002381 0.001190 0.003571 0.003571 0.003571 0.001190 0.000000 0.000000 
0.000000 0.000000 0.000000 0.001190 0.005952 0.005952 0.007143 0.009524 0.015476 0.011905 0.009524 0.005952 0.001190 0.003571 0.003571 0.003571 0.003571 0.001190 0.002381 0.003571 0.002381 0.003571 0.002381 0.002381 0.001190 0.001190 0.004762 0.002381 0.000000 0.000000 
0.000000 0.001190 0.001190 0.003571 0.007143 0.005952 0.011905 0.015476 0.014286 0.007143 0.008333 0.007143 0.003571 0.002381 0.002381 0.002381 0.004762 0.007143 0.010714 0.016667 0.019048 0.023810 0.019048 0.007143 0.002381 0.002381 0.003571 0.003571 0.001190 0.000000 
0.000000 0.000000 0.002381 0.005952 0.005952 0.011905 0.013095 0.011905 0.010714 0.007143 0.007143 0.001190 0.004762 0.008333 0.005952 0.004762 0.009524 0.021429 0.041667 0.057143 0.059524 0.060714 0.034524 0.027381 0.005952 0.001190 0.002381 0.003571 0.002381 0.000000 
0.000000 0.000000 0.000000 0.000000 0.005952 0.014286 0.013095 0.000000 0.007143 0.009524 0.001190 0.003571 0.007143 0.009524 0.004762 0.011905 0.022619 0.029762 0.073810 0.076190 0.130952 0.126190 0.000000 0.030952 0.008333 0.001190 0.003571 0.000000 0.002381 0.001190 
0.000000 0.000000 0.000000 0.000000 0.000000 0.000000 0.000000 0.000000 0.007143 0.004762 0.001190 0.004762 0.007143 0.005952 0.005952 0.014286 0.025000 0.028571 0.000000 0.078571 0.138095 0.136905 0.000000 0.030952 0.007143 0.002381 0.003571 0.000000 0.002381 0.000000 
0.000000 0.000000 0.000000 0.000000 0.000000 0.000000 0.000000 0.000000 0.010714 0.001190 0.001190 0.004762 0.007143 0.007143 0.007143 0.014286 0.022619 0.030952 0.072619 0.077381 0.135714 0.123810 0.058333 0.029762 0.004762 0.002381 0.003571 0.004762 0.002381 0.000000 
0.000000 0.000000 0.000000 0.000000 0.000000 0.000000 0.000000 0.000000 0.008333 0.002381 0.001190 0.002381 0.000000 0.010714 0.009524 0.014286 0.025000 0.030952 0.000000 0.073810 0.075000 0.050000 0.042857 0.021429 0.002381 0.001190 0.000000 0.000000 0.000000 0.001190 
0.000000 0.000000 0.001190 0.000000 0.000000 0.000000 0.000000 0.000000 0.000000 0.004762 0.001190 0.002381 0.009524 0.010714 0.008333 0.015476 0.015476 0.025000 0.032143 0.036905 0.048810 0.020238 0.016667 0.000000 0.001190 0.000000 0.000000 0.000000 0.000000 0.000000 
0.001190 0.004762 0.005952 0.000000 0.000000 0.010714 0.009524 0.010714 0.000000 0.000000 0.001190 0.002381 0.002381 0.008333 0.009524 0.011905 0.016667 0.017857 0.023810 0.000000 0.014286 0.000000 0.000000 0.001190 0.000000 0.004762 0.000000 0.000000 0.000000 0.000000 
0.001190 0.005952 0.011905 0.011905 0.009524 0.005952 0.007143 0.007143 0.007143 0.004762 0.004762 0.004762 0.003571 0.005952 0.007143 0.007143 0.014286 0.000000 0.009524 0.000000 0.000000 0.000000 0.001190 0.000000 0.000000 0.000000 0.004762 0.000000 0.000000 0.000000 
0.001190 0.005952 0.010714 0.011905 0.011905 0.008333 0.000000 0.000000 0.000000 0.009524 0.000000 0.002381 0.003571 0.005952 0.007143 0.000000 0.000000 0.000000 0.000000 0.004762 0.000000 0.000000 0.000000 0.000000 0.000000 0.000000 0.000000 0.000000 0.000000 0.000000 
0.001190 0.005952 0.005952 0.008333 0.009524 0.011905 0.007143 0.005952 0.000000 0.000000 0.000000 0.002381 0.003571 0.000000 0.000000 0.000000 0.008333 0.008333 0.000000 0.002381 0.002381 0.000000 0.000000 0.000000 0.000000 0.000000 0.000000 0.000000 0.000000 0.000000 
0.000000 0.002381 0.003571 0.003571 0.003571 0.003571 0.004762 0.007143 0.010714 0.010714 0.000000 0.004762 0.003571 0.005952 0.000000 0.000000 0.008333 0.000000 0.002381 0.002381 0.003571 0.004762 0.000000 0.000000 0.000000 0.000000 0.000000 0.000000 0.000000 0.000000 
0.000000 0.000000 0.001190 0.000000 0.001190 0.001190 0.000000 0.000000 0.000000 0.011905 0.009524 0.000000 0.002381 0.004762 0.008333 0.005952 0.000000 0.000000 0.008333 0.000000 0.003571 0.004762 0.000000 0.000000 0.000000 0.000000 0.000000 0.000000 0.000000 0.000000 
0.000000 0.000000 0.000000 0.000000 0.000000 0.001190 0.005952 0.008333 0.010714 0.011905 0.011905 0.000000 0.004762 0.005952 0.007143 0.004762 0.005952 0.000000 0.000000 0.000000 0.005952 0.003571 0.000000 0.000000 0.000000 0.000000 0.000000 0.000000 0.000000 0.000000 
0.000000 0.000000 0.000000 0.000000 0.000000 0.001190 0.008333 0.008333 0.008333 0.008333 0.005952 0.000000 0.000000 0.008333 0.004762 0.001190 0.000000 0.000000 0.000000 0.000000 0.000000 0.000000 0.000000 0.000000 0.000000 0.000000 0.000000 0.000000 0.000000 0.000000 
0.000000 0.000000 0.000000 0.000000 0.000000 0.001190 0.003571 0.002381 0.004762 0.004762 0.000000 0.000000 0.002381 0.000000 0.003571 0.002381 0.000000 0.000000 0.000000 0.000000 0.000000 0.000000 0.000000 0.000000 0.000000 0.000000 0.000000 0.000000 0.000000 0.000000 
0.000000 0.000000 0.000000 0.000000 0.000000 0.000000 0.001190 0.002381 0.000000 0.000000 0.000000 0.000000 0.000000 0.000000 0.000000 0.000000 0.000000 0.000000 0.000000 0.000000 0.000000 0.000000 0.000000 0.000000 0.000000 0.000000 0.000000 0.000000 0.000000 0.000000 
