FireSTARR/test/output/RED/RED024/2019-06-15_1628/intensity_M_167_2019-06-16.asc
ncols         111
nrows         106
xllcorner     398543.378600
yllcorner     5813202.364000
cellsize      100.000000
NODATA_value  0.000000
[rows 28 to 55 of 106, columns 0 to 62 of 111]
0.000000 0.000000 0.000000 0.000000 0.000000 0.000000 0.000000 0.001190 0.000000 0.000000 0.001190 0.000000 0.001190 0.001190 0.000000 0.002381 0.002381 0.001190 0.001190 0.002381 0.004762 0.002381 0.000000 0.000000 0.000000 0.000000 0.000000 0.000000 0.000000 0.005952 0.004762 0.002381 0.004762 0.000000 0.000000 0.000000 0.000000 0.001190 0.009524 0.011905 0.010714 0.003571 0.008333 0.007143 0.000000 0.002381 0.001190 0.003571 0.003571 0.003571 0.004762 0.005952 0.002381 0.003571 0.002381 0.002381 0.000000 0.000000 0.002381 0.002381 0.001190 0.001190 0.002381
0.000000 0.000000 0.000000 0.000000 0.000000 0.000000 0.000000 0.000000 0.000000 0.000000 0.001190 0.001190 0.001190 0.000000 0.000000 0.000000 0.002381 0.002381 0.001190 0.002381 0.000000 0.003571 0.002381 0.000000 0.000000 0.000000 0.000000 0.000000 0.000000 0.000000 0.000000 0.003571 0.000000 0.000000 0.001190 0.002381 0.000000 0.000000 0.001190 0.013095 0.003571 0.009524 0.008333 0.009524 0.007143 0.000000 0.000000 0.003571 0.003571 0.003571 0.003571 0.003571 0.003571 0.001190 0.001190 0.002381 0.002381 0.000000 0.000000 0.000000 0.004762 0.000000 0.000000
0.000000 0.000000 0.000000 0.000000 0.000000 0.000000 0.000000 0.000000 0.000000 0.001190 0.001190 0.001190 0.001190 0.001190 0.001190 0.000000 0.000000 0.002381 0.002381 0.002381 0.000000 0.002381 0.003571 0.000000 0.004762 0.000000 0.000000 0.000000 0.000000 0.000000 0.000000 0.007143 0.005952 0.000000 0.004762 0.002381 0.002381 0.002381 0.003571 0.002381 0.004762 0.003571 0.008333 0.002381 0.004762 0.001190 0.000000 0.004762 0.004762 0.003571 0.002381 0.002381 0.003571 0.002381 0.002381 0.003571 0.003571 0.002381 0.002381 0.000000 0.000000 0.014286 0.013095
0.000000 0.000000 0.000000 0.000000 0.000000 0.000000 0.000000 0.000000 0.001190 0.001190 0.001190 0.001190 0.001190 0.001190 0.001190 0.001190 0.000000 0.004762 0.004762 0.002381 0.000000 0.000000 0.000000 0.003571 0.004762 0.000000 0.000000 0.000000 0.000000 0.000000 0.000000 0.000000 0.007143 0.003571 0.004762 0.005952 0.003571 0.004762 0.005952 0.005952 0.004762 0.004762 0.002381 0.004762 0.002381 0.003571 0.000000 0.004762 0.004762 0.002381 0.003571 0.002381 0.000000 0.002381 0.002381 0.003571 0.003571 0.002381 0.002381 0.000000 0.016667 0.010714 0.004762
0.000000 0.000000 0.000000 0.000000 0.000000 0.000000 0.000000 0.000000 0.000000 0.001190 0.001190 0.001190 0.002381 0.002381 0.001190 0.001190 0.000000 0.000000 0.002381 0.002381 0.002381 0.000000 0.000000 0.000000 0.003571 0.002381 0.003571 0.000000 0.000000 0.000000 0.000000 0.000000 0.000000 0.000000 0.000000 0.000000 0.000000 0.003571 0.005952 0.004762 0.003571 0.004762 0.002381 0.002381 0.002381 0.002381 0.004762 0.003571 0.035714 0.003571 0.001190 0.001190 0.001190 0.002381 0.003571 0.004762 0.003571 0.003571 0.002381 0.000000 0.010714 0.010714 0.000000
0.000000 0.000000 0.000000 0.000000 0.000000 0.000000 0.000000 0.000000 0.000000 0.001190 0.001190 0.001190 0.001190 0.001190 0.002381 0.002381 0.000000 0.000000 0.004762 0.002381 0.000000 0.000000 0.003571 0.003571 0.003571 0.002381 0.003571 0.002381 0.002381 0.002381 0.002381 0.004762 0.000000 0.000000 0.000000 0.000000 0.000000 0.000000 0.002381 0.001190 0.003571 0.003571 0.003571 0.005952 0.004762 0.005952 0.005952 0.038095 0.038095 0.040476 0.003571 0.003571 0.002381 0.002381 0.003571 0.004762 0.003571 0.005952 0.002381 0.000000 0.011905 0.007143 0.022619
0.000000 0.000000 0.000000 0.000000 0.000000 0.000000 0.000000 0.000000 0.000000 0.000000 0.001190 0.001190 0.001190 0.001190 0.002381 0.001190 0.002381 0.000000 0.004762 0.003571 0.002381 0.003571 0.000000 0.003571 0.000000 0.002381 0.004762 0.002381 0.000000 0.000000 0.004762 0.005952 0.007143 0.005952 0.000000 0.000000 0.000000 0.000000 0.000000 0.005952 0.005952 0.008333 0.007143 0.005952 0.007143 0.004762 0.004762 0.039286 0.001190 0.041667 0.046429 0.003571 0.004762 0.002381 0.002381 0.002381 0.004762 0.005952 0.000000 0.000000 0.011905 0.023810 0.022619
0.000000 0.000000 0.000000 0.000000 0.000000 0.000000 0.000000 0.000000 0.000000 0.000000 0.001190 0.001190 0.001190 0.001190 0.001190 0.001190 0.001190 0.000000 0.001190 0.000000 0.004762 0.001190 0.000000 0.000000 0.004762 0.000000 0.000000 0.004762 0.000000 0.000000 0.003571 0.004762 0.009524 0.005952 0.013095 0.005952 0.005952 0.005952 0.000000 0.003571 0.007143 0.007143 0.007143 0.003571 0.003571 0.002381 0.002381 0.040476 0.002381 0.001190 0.051190 0.001190 0.003571 0.003571 0.003571 0.003571 0.004762 0.007143 0.000000 0.000000 0.013095 0.023810 0.026190
0.000000 0.000000 0.000000 0.000000 0.000000 0.000000 0.000000 0.000000 0.000000 0.000000 0.000000 0.002381 0.002381 0.001190 0.001190 0.000000 0.001190 0.000000 0.000000 0.004762 0.004762 0.000000 0.000000 0.000000 0.003571 0.000000 0.000000 0.000000 0.000000 0.000000 0.000000 0.009524 0.010714 0.011905 0.016667 0.005952 0.004762 0.000000 0.000000 0.002381 0.003571 0.005952 0.003571 0.002381 0.002381 0.002381 0.001190 0.001190 0.001190 0.001190 0.001190 0.058333 0.003571 0.001190 0.002381 0.004762 0.004762 0.005952 0.009524 0.011905 0.010714 0.005952 0.025000
0.000000 0.000000 0.000000 0.000000 0.000000 0.000000 0.001190 0.002381 0.000000 0.000000 0.002381 0.002381 0.002381 0.000000 0.000000 0.000000 0.000000 0.000000 0.000000 0.000000 0.000000 0.000000 0.000000 0.000000 0.000000 0.000000 0.000000 0.000000 0.000000 0.000000 0.000000 0.000000 0.000000 0.011905 0.013095 0.008333 0.008333 0.007143 0.000000 0.003571 0.002381 0.002381 0.002381 0.002381 0.002381 0.000000 0.001190 0.001190 0.001190 0.001190 0.000000 0.002381 0.003571 0.004762 0.003571 0.005952 0.003571 0.005952 0.013095 0.009524 0.011905 0.021429 0.026190
0.000000 0.000000 0.000000 0.000000 0.000000 0.000000 0.002381 0.002381 0.002381 0.002381 0.002381 0.002381 0.002381 0.001190 0.000000 0.003571 0.003571 0.002381 0.002381 0.002381 0.002381 0.001190 0.000000 0.000000 0.000000 0.000000 0.000000 0.000000 0.000000 0.000000 0.000000 0.000000 0.000000 0.002381 0.013095 0.011905 0.010714 0.002381 0.005952 0.004762 0.002381 0.004762 0.003571 0.002381 0.000000 0.000000 0.000000 0.001190 0.000000 0.000000 0.002381 0.002381 0.002381 0.003571 0.004762 0.003571 0.002381 0.002381 0.009524 0.009524 0.000000 0.022619 0.004762
0.000000 0.000000 0.000000 0.000000 0.000000 0.001190 0.002381 0.002381 0.002381 0.002381 0.002381 0.002381 0.001190 0.001190 0.002381 0.002381 0.002381 0.002381 0.002381 0.002381 0.002381 0.002381 0.001190 0.000000 0.000000 0.007143 0.010714 0.000000 0.000000 0.000000 0.000000 0.000000 0.000000 0.001190 0.001190 0.001190 0.007143 0.002381 0.003571 0.003571 0.003571 0.003571 0.003571 0.000000 0.000000 0.000000 0.001190 0.001190 0.000000 0.001190 0.003571 0.003571 0.005952 0.005952 0.004762 0.000000 0.002381 0.004762 0.008333 0.000000 0.000000 0.010714 0.009524
0.000000 0.000000 0.000000 0.000000 0.000000 0.001190 0.002381 0.002381 0.002381 0.002381 0.002381 0.002381 0.001190 0.001190 0.002381 0.002381 0.001190 0.002381 0.003571 0.003571 0.003571 0.003571 0.000000 0.000000 0.009524 0.009524 0.008333 0.008333 0.004762 0.001190 0.000000 0.000000 0.001190 0.010714 0.000000 0.009524 0.001190 0.002381 0.004762 0.004762 0.003571 0.002381 0.001190 0.000000 0.000000 0.000000 0.001190 0.001190 0.000000 0.001190 0.003571 0.003571 0.003571 0.004762 0.003571 0.002381 0.004762 0.003571 0.009524 0.014286 0.011905 0.013095 0.000000
0.000000 0.000000 0.000000 0.000000 0.000000 0.000000 0.000000 0.002381 0.002381 0.002381 0.002381 0.002381 0.001190 0.001190 0.002381 0.002381 0.002381 0.001190 0.003571 0.003571 0.003571 0.003571 0.000000 0.009524 0.005952 0.007143 0.005952 0.008333 0.002381 0.003571 0.002381 0.002381 0.002381 0.013095 0.010714 0.002381 0.002381 0.003571 0.003571 0.004762 0.007143 0.001190 0.000000 0.000000 0.000000 0.000000 0.001190 0.001190 0.000000 0.001190 0.003571 0.000000 0.003571 0.004762 0.003571 0.003571 0.004762 0.005952 0.009524 0.015476 0.011905 0.013095 0.013095
0.000000 0.000000 0.000000 0.000000 0.000000 0.001190 0.001190 0.000000 0.000000 0.002381 0.002381 0.002381 0.001190 0.001190 0.001190 0.002381 0.003571 0.001190 0.002381 0.002381 0.002381 0.000000 0.000000 0.007143 0.009524 0.004762 0.003571 0.008333 0.003571 0.011905 0.003571 0.002381 0.001190 0.002381 0.009524 0.002381 0.003571 0.003571 0.003571 0.002381 0.002381 0.004762 0.000000 0.000000 0.000000 0.001190 0.001190 0.000000 0.000000 0.002381 0.002381 0.000000 0.000000 0.003571 0.064286 0.003571 0.004762 0.004762 0.009524 0.016667 0.014286 0.014286 0.014286
0.000000 0.000000 0.000000 0.000000 0.000000 0.000000 0.001190 0.001190 0.002381 0.000000 0.002381 0.002381 0.002381 0.001190 0.001190 0.001190 0.002381 0.002381 0.002381 0.002381 0.003571 0.000000 0.004762 0.007143 0.007143 0.004762 0.004762 0.010714 0.005952 0.009524 0.002381 0.002381 0.001190 0.002381 0.003571 0.002381 0.004762 0.003571 0.004762 0.008333 0.005952 0.000000 0.000000 0.000000 0.000000 0.001190 0.001190 0.001190 0.001190 0.000000 0.002381 0.002381 0.002381 0.003571 0.002381 0.003571 0.003571 0.004762 0.009524 0.014286 0.011905 0.015476 0.015476
0.000000 0.000000 0.000000 0.000000 0.000000 0.000000 0.000000 0.000000 0.000000 0.000000 0.002381 0.000000 0.002381 0.001190 0.001190 0.001190 0.001190 0.002381 0.002381 0.002381 0.000000 0.000000 0.004762 0.004762 0.008333 0.008333 0.004762 0.008333 0.007143 0.009524 0.004762 0.013095 0.017857 0.002381 0.003571 0.003571 0.003571 0.002381 0.003571 0.003571 0.004762 0.004762 0.000000 0.000000 0.000000 0.000000 0.001190 0.001190 0.001190 0.001190 0.000000 0.000000 0.003571 0.002381 0.002381 0.000000 0.002381 0.003571 0.005952 0.000000 0.009524 0.014286 0.016667
0.000000 0.000000 0.000000 0.000000 0.000000 0.000000 0.000000 0.000000 0.000000 0.000000 0.000000 0.000000 0.002381 0.002381 0.000000 0.001190 0.001190 0.001190 0.001190 0.002381 0.001190 0.000000 0.003571 0.004762 0.004762 0.007143 0.009524 0.009524 0.009524 0.009524 0.009524 0.014286 0.016667 0.019048 0.000000 0.000000 0.000000 0.002381 0.003571 0.001190 0.000000 0.000000 0.000000 0.000000 0.000000 0.000000 0.000000 0.001190 0.001190 0.001190 0.002381 0.001190 0.000000 0.000000 0.000000 0.000000 0.001190 0.004762 0.003571 0.008333 0.010714 0.009524 0.017857
0.000000 0.000000 0.000000 0.000000 0.000000 0.000000 0.000000 0.000000 0.000000 0.000000 0.000000 0.000000 0.000000 0.000000 0.000000 0.001190 0.001190 0.001190 0.001190 0.001190 0.001190 0.000000 0.000000 0.000000 0.000000 0.000000 0.005952 0.008333 0.010714 0.000000 0.009524 0.010714 0.013095 0.010714 0.000000 0.000000 0.000000 0.007143 0.003571 0.001190 0.000000 0.000000 0.000000 0.000000 0.000000 0.000000 0.000000 0.001190 0.001190 0.001190 0.001190 0.000000 0.000000 0.000000 0.000000 0.000000 0.001190 0.003571 0.003571 0.003571 0.008333 0.008333 0.013095
0.000000 0.000000 0.000000 0.000000 0.000000 0.000000 0.000000 0.000000 0.000000 0.000000 0.001190 0.001190 0.000000 0.000000 0.000000 0.000000 0.000000 0.000000 0.000000 0.001190 0.002381 0.002381 0.001190 0.000000 0.000000 0.000000 0.000000 0.000000 0.000000 0.000000 0.000000 0.008333 0.007143 0.007143 0.000000 0.000000 0.000000 0.007143 0.003571 0.000000 0.000000 0.000000 0.000000 0.000000 0.000000 0.000000 0.000000 0.000000 0.001190 0.001190 0.002381 0.002381 0.002381 0.000000 0.000000 0.000000 0.001190 0.001190 0.001190 0.001190 0.002381 0.004762 0.007143
0.000000 0.000000 0.000000 0.000000 0.000000 0.000000 0.000000 0.002381 0.000000 0.001190 0.001190 0.001190 0.000000 0.000000 0.000000 0.000000 0.000000 0.000000 0.000000 0.000000 0.000000 0.000000 0.000000 0.000000 0.000000 0.001190 0.000000 0.000000 0.000000 0.000000 0.000000 0.007143 0.005952 0.000000 0.000000 0.004762 0.009524 0.008333 0.003571 0.001190 0.001190 0.000000 0.000000 0.000000 0.000000 0.000000 0.000000 0.000000 0.001190 0.001190 0.002381 0.002381 0.003571 0.003571 0.000000 0.004762 0.000000 0.001190 0.001190 0.000000 0.000000 0.001190 0.005952
0.000000 0.000000 0.000000 0.000000 0.002381 0.000000 0.000000 0.002381 0.003571 0.004762 0.001190 0.002381 0.002381 0.003571 0.000000 0.000000 0.000000 0.000000 0.000000 0.000000 0.000000 0.000000 0.000000 0.000000 0.000000 0.000000 0.000000 0.000000 0.000000 0.000000 0.000000 0.008333 0.000000 0.000000 0.003571 0.004762 0.008333 0.007143 0.003571 0.001190 0.000000 0.000000 0.000000 0.000000 0.000000 0.000000 0.000000 0.000000 0.001190 0.000000 0.002381 0.002381 0.003571 0.002381 0.000000 0.005952 0.000000 0.001190 0.001190 0.001190 0.000000 0.019048 0.009524
0.000000 0.000000 0.000000 0.000000 0.002381 0.000000 0.000000 0.002381 0.004762 0.003571 0.003571 0.005952 0.004762 0.004762 0.003571 0.003571 0.001190 0.000000 0.000000 0.000000 0.000000 0.000000 0.000000 0.002381 0.004762 0.000000 0.000000 0.000000 0.000000 0.000000 0.000000 0.000000 0.001190 0.000000 0.000000 0.007143 0.008333 0.008333 0.003571 0.001190 0.001190 0.000000 0.000000 0.000000 0.000000 0.000000 0.000000 0.000000 0.001190 0.000000 0.000000 0.002381 0.000000 0.003571 0.002381 0.003571 0.002381 0.002381 0.001190 0.001190 0.000000 0.014286 0.008333
0.000000 0.000000 0.000000 0.001190 0.002381 0.002381 0.000000 0.000000 0.001190 0.001190 0.003571 0.003571 0.003571 0.007143 0.003571 0.001190 0.001190 0.000000 0.000000 0.002381 0.003571 0.003571 0.005952 0.004762 0.007143 0.007143 0.007143 0.007143 0.008333 0.000000 0.000000 0.000000 0.000000 0.002381 0.001190 0.002381 0.002381 0.008333 0.003571 0.002381 0.001190 0.000000 0.000000 0.000000 0.000000 0.000000 0.000000 0.000000 0.000000 0.001190 0.000000 0.000000 0.000000 0.001190 0.003571 0.002381 0.003571 0.003571 0.002381 0.003571 0.000000 0.000000 0.014286
0.000000 0.000000 0.000000 0.000000 0.000000 0.000000 0.000000 0.000000 0.003571 0.002381 0.002381 0.005952 0.004762 0.007143 0.001190 0.001190 0.001190 0.001190 0.002381 0.001190 0.001190 0.000000 0.000000 0.002381 0.008333 0.002381 0.009524 0.007143 0.008333 0.010714 0.009524 0.000000 0.000000 0.001190 0.001190 0.001190 0.003571 0.004762 0.004762 0.002381 0.002381 0.002381 0.000000 0.000000 0.000000 0.000000 0.000000 0.000000 0.059524 0.000000 0.000000 0.000000 0.000000 0.000000 0.003571 0.000000 0.000000 0.000000 0.000000 0.003571 0.000000 0.000000 0.000000
0.000000 0.000000 0.000000 0.000000 0.002381 0.000000 0.000000 0.000000 0.000000 0.001190 0.001190 0.003571 0.004762 0.007143 0.007143 0.009524 0.001190 0.001190 0.003571 0.001190 0.001190 0.001190 0.000000 0.000000 0.008333 0.002381 0.010714 0.007143 0.007143 0.008333 0.009524 0.009524 0.015476 0.000000 0.000000 0.003571 0.002381 0.003571 0.003571 0.002381 0.003571 0.002381 0.000000 0.000000 0.000000 0.000000 0.000000 0.002381 0.000000 0.000000 0.000000 0.000000 0.000000 0.000000 0.000000 0.000000 0.011905 0.009524 0.020238 0.021429 0.000000 0.019048 0.002381
0.000000 0.000000 0.000000 0.001190 0.002381 0.002381 0.002381 0.002381 0.000000 0.005952 0.005952 0.005952 0.000000 0.000000 0.000000 0.008333 0.001190 0.001190 0.000000 0.002381 0.001190 0.001190 0.000000 0.000000 0.003571 0.003571 0.003571 0.005952 0.003571 0.011905 0.009524 0.009524 0.009524 0.008333 0.000000 0.000000 0.005952 0.000000 0.005952 0.003571 0.002381 0.001190 0.000000 0.000000 0.000000 0.000000 0.002381 0.000000 0.000000 0.000000 0.000000 0.000000 0.000000 0.000000 0.000000 0.000000 0.008333 0.011905 0.010714 0.013095 0.019048 0.013095 0.016667
0.000000 0.001190 0.001190 0.001190 0.002381 0.002381 0.001190 0.001190 0.002381 0.004762 0.007143 0.005952 0.007143 0.008333 0.008333 0.001190 0.001190 0.001190 0.000000 0.000000 0.000000 0.001190 0.000000 0.001190 0.000000 0.003571 0.003571 0.005952 0.005952 0.010714 0.007143 0.005952 0.005952 0.007143 0.000000 0.003571 0.003571 0.002381 0.000000 0.000000 0.000000 0.002381 0.000000 0.000000 0.001190 0.000000 0.001190 0.001190 0.000000 0.000000 0.000000 0.000000 0.001190 0.001190 0.000000 0.000000 0.000000 0.000000 0.008333 0.009524 0.013095 0.001190 0.002381
