FireSTARR/test/output/RED/RED024/2019-06-15_1628/intensity_H_167_2019-06-16.asc
ncols         105
nrows         97
xllcorner     399043.378600
yllcorner     5813602.364000
cellsize      100.000000
NODATA_value  0.000000
[rows 56 to 83 of 97, columns 0 to 62 of 105]
0.000000 0.000000 0.000000 0.002381 0.002381 0.002381 0.002381 0.002381 0.002381 0.004762 0.005952 0.007143 0.009524 0.009524 0.010714 0.010714 0.011905 0.000000 0.000000 0.014286 0.014286 0.014286 0.000000 0.000000 0.000000 0.038095 0.042857 0.045238 0.046429 0.000000 0.000000 0.065476 0.059524 0.063095 0.058333 0.055952 0.053571 0.048810 0.000000 0.000000 0.000000 0.069048 0.075000 0.082143 0.000000 0.000000 0.000000 0.000000 0.000000 0.000000 0.000000 0.122619 0.122619 0.123810 0.125000 0.125000 0.126190 0.130952 0.133333 0.132143 0.132143 0.130952 0.129762
0.000000 0.000000 0.001190 0.002381 0.002381 0.002381 0.002381 0.002381 0.002381 0.003571 0.004762 0.004762 0.005952 0.005952 0.009524 0.008333 0.000000 0.000000 0.000000 0.000000 0.000000 0.017857 0.015476 0.017857 0.016667 0.020238 0.046429 0.047619 0.051190 0.057143 0.059524 0.069048 0.072619 0.065476 0.067857 0.072619 0.072619 0.073810 0.000000 0.000000 0.090476 0.090476 0.095238 0.100000 0.104762 0.105952 0.107143 0.110714 0.113095 0.114286 0.121429 0.122619 0.125000 0.125000 0.127381 0.127381 0.126190 0.127381 0.130952 0.129762 0.127381 0.123810 0.121429
0.000000 0.000000 0.001190 0.001190 0.002381 0.002381 0.002381 0.002381 0.002381 0.003571 0.003571 0.005952 0.005952 0.007143 0.009524 0.000000 0.000000 0.000000 0.000000 0.017857 0.015476 0.017857 0.016667 0.000000 0.000000 0.020238 0.020238 0.047619 0.051190 0.059524 0.064286 0.065476 0.071429 0.076190 0.079762 0.080952 0.073810 0.078571 0.078571 0.090476 0.091667 0.096429 0.098810 0.101190 0.105952 0.105952 0.109524 0.111905 0.111905 0.114286 0.116667 0.120238 0.122619 0.126190 0.126190 0.123810 0.123810 0.125000 0.121429 0.121429 0.122619 0.116667 0.115476
0.000000 0.000000 0.001190 0.002381 0.002381 0.002381 0.002381 0.002381 0.002381 0.003571 0.005952 0.005952 0.005952 0.008333 0.009524 0.011905 0.014286 0.015476 0.000000 0.016667 0.019048 0.020238 0.020238 0.020238 0.000000 0.019048 0.021429 0.022619 0.052381 0.054762 0.064286 0.071429 0.073810 0.076190 0.077381 0.078571 0.073810 0.084524 0.088095 0.092857 0.092857 0.096429 0.097619 0.098810 0.105952 0.104762 0.105952 0.110714 0.110714 0.111905 0.116667 0.120238 0.119048 0.123810 0.125000 0.122619 0.119048 0.117857 0.117857 0.117857 0.113095 0.111905 0.105952
0.000000 0.001190 0.001190 0.002381 0.002381 0.002381 0.002381 0.002381 0.002381 0.003571 0.004762 0.005952 0.007143 0.008333 0.010714 0.011905 0.013095 0.015476 0.016667 0.016667 0.020238 0.020238 0.021429 0.021429 0.026190 0.019048 0.040476 0.050000 0.053571 0.054762 0.065476 0.069048 0.073810 0.077381 0.080952 0.080952 0.082143 0.086905 0.085714 0.091667 0.092857 0.095238 0.096429 0.100000 0.103571 0.102381 0.103571 0.107143 0.113095 0.111905 0.115476 0.115476 0.119048 0.121429 0.119048 0.115476 0.000000 0.114286 0.111905 0.114286 0.109524 0.102381 0.102381
0.000000 0.000000 0.000000 0.000000 0.000000 0.002381 0.002381 0.002381 0.002381 0.004762 0.005952 0.005952 0.007143 0.008333 0.009524 0.010714 0.013095 0.014286 0.015476 0.015476 0.000000 0.000000 0.000000 0.022619 0.025000 0.019048 0.000000 0.000000 0.050000 0.053571 0.000000 0.069048 0.075000 0.075000 0.078571 0.080952 0.080952 0.085714 0.086905 0.090476 0.091667 0.092857 0.097619 0.096429 0.100000 0.102381 0.101190 0.104762 0.111905 0.110714 0.110714 0.110714 0.113095 0.113095 0.113095 0.110714 0.107143 0.000000 0.110714 0.109524 0.102381 0.100000 0.095238
0.000000 0.000000 0.000000 0.000000 0.000000 0.000000 0.000000 0.002381 0.003571 0.004762 0.004762 0.005952 0.007143 0.009524 0.009524 0.010714 0.011905 0.013095 0.015476 0.015476 0.000000 0.000000 0.000000 0.000000 0.027381 0.032143 0.033333 0.000000 0.047619 0.050000 0.000000 0.000000 0.073810 0.075000 0.076190 0.076190 0.083333 0.084524 0.084524 0.089286 0.088095 0.092857 0.094048 0.097619 0.100000 0.101190 0.100000 0.101190 0.104762 0.105952 0.104762 0.105952 0.105952 0.108333 0.105952 0.104762 0.105952 0.109524 0.108333 0.101190 0.100000 0.097619 0.090476
0.000000 0.000000 0.000000 0.000000 0.000000 0.000000 0.000000 0.000000 0.000000 0.004762 0.005952 0.005952 0.007143 0.007143 0.009524 0.009524 0.010714 0.011905 0.011905 0.010714 0.008333 0.000000 0.000000 0.000000 0.027381 0.032143 0.033333 0.038095 0.000000 0.055952 0.059524 0.065476 0.070238 0.072619 0.075000 0.077381 0.083333 0.082143 0.080952 0.083333 0.090476 0.091667 0.092857 0.096429 0.098810 0.097619 0.098810 0.098810 0.102381 0.104762 0.100000 0.100000 0.102381 0.102381 0.102381 0.102381 0.000000 0.104762 0.000000 0.098810 0.096429 0.092857 0.086905
0.000000 0.000000 0.000000 0.000000 0.000000 0.000000 0.000000 0.000000 0.000000 0.003571 0.004762 0.004762 0.005952 0.007143 0.008333 0.009524 0.009524 0.010714 0.010714 0.009524 0.008333 0.007143 0.000000 0.000000 0.000000 0.030952 0.033333 0.038095 0.051190 0.053571 0.058333 0.059524 0.064286 0.070238 0.071429 0.070238 0.075000 0.075000 0.077381 0.080952 0.085714 0.089286 0.091667 0.094048 0.096429 0.096429 0.096429 0.096429 0.095238 0.096429 0.098810 0.096429 0.097619 0.097619 0.097619 0.098810 0.101190 0.100000 0.096429 0.091667 0.091667 0.084524 0.083333
0.000000 0.000000 0.000000 0.000000 0.000000 0.000000 0.000000 0.000000 0.000000 0.000000 0.000000 0.000000 0.000000 0.007143 0.007143 0.007143 0.009524 0.009524 0.009524 0.010714 0.004762 0.010714 0.000000 0.013095 0.013095 0.000000 0.036905 0.039286 0.045238 0.052381 0.052381 0.055952 0.058333 0.063095 0.066667 0.066667 0.071429 0.000000 0.000000 0.079762 0.083333 0.085714 0.088095 0.091667 0.092857 0.092857 0.092857 0.092857 0.091667 0.092857 0.094048 0.092857 0.094048 0.096429 0.098810 0.098810 0.095238 0.096429 0.092857 0.090476 0.089286 0.084524 0.083333
0.000000 0.000000 0.000000 0.000000 0.000000 0.000000 0.000000 0.000000 0.000000 0.000000 0.000000 0.000000 0.000000 0.000000 0.007143 0.007143 0.008333 0.009524 0.009524 0.010714 0.010714 0.011905 0.008333 0.010714 0.013095 0.014286 0.036905 0.040476 0.040476 0.047619 0.050000 0.053571 0.055952 0.059524 0.061905 0.064286 0.000000 0.000000 0.000000 0.000000 0.075000 0.084524 0.085714 0.089286 0.090476 0.089286 0.090476 0.091667 0.091667 0.090476 0.092857 0.092857 0.092857 0.092857 0.094048 0.092857 0.091667 0.091667 0.091667 0.090476 0.085714 0.082143 0.082143
0.000000 0.000000 0.000000 0.000000 0.000000 0.000000 0.000000 0.000000 0.000000 0.000000 0.000000 0.000000 0.000000 0.000000 0.000000 0.007143 0.007143 0.009524 0.008333 0.010714 0.010714 0.011905 0.011905 0.009524 0.011905 0.014286 0.032143 0.000000 0.036905 0.038095 0.048810 0.052381 0.053571 0.054762 0.000000 0.000000 0.000000 0.000000 0.000000 0.000000 0.000000 0.078571 0.080952 0.084524 0.085714 0.086905 0.090476 0.090476 0.089286 0.089286 0.090476 0.092857 0.091667 0.091667 0.091667 0.092857 0.091667 0.090476 0.090476 0.085714 0.080952 0.079762 0.078571
0.000000 0.000000 0.000000 0.000000 0.000000 0.001190 0.000000 0.000000 0.001190 0.001190 0.000000 0.000000 0.000000 0.000000 0.000000 0.000000 0.008333 0.008333 0.008333 0.009524 0.003571 0.004762 0.011905 0.008333 0.000000 0.013095 0.000000 0.000000 0.000000 0.000000 0.040476 0.047619 0.050000 0.000000 0.000000 0.000000 0.000000 0.000000 0.000000 0.071429 0.075000 0.073810 0.075000 0.078571 0.084524 0.084524 0.085714 0.086905 0.088095 0.089286 0.088095 0.088095 0.090476 0.091667 0.091667 0.089286 0.088095 0.086905 0.084524 0.082143 0.079762 0.079762 0.076190
0.000000 0.000000 0.000000 0.000000 0.000000 0.000000 0.000000 0.001190 0.001190 0.001190 0.001190 0.001190 0.000000 0.000000 0.000000 0.000000 0.000000 0.008333 0.008333 0.002381 0.003571 0.003571 0.005952 0.010714 0.008333 0.008333 0.000000 0.000000 0.000000 0.000000 0.000000 0.000000 0.000000 0.000000 0.053571 0.059524 0.059524 0.070238 0.070238 0.070238 0.070238 0.071429 0.075000 0.077381 0.077381 0.079762 0.082143 0.083333 0.085714 0.085714 0.085714 0.085714 0.086905 0.088095 0.086905 0.085714 0.085714 0.084524 0.079762 0.079762 0.077381 0.078571 0.072619
0.000000 0.000000 0.000000 0.000000 0.000000 0.000000 0.000000 0.001190 0.001190 0.001190 0.001190 0.004762 0.004762 0.005952 0.005952 0.000000 0.007143 0.007143 0.001190 0.001190 0.000000 0.000000 0.005952 0.007143 0.004762 0.003571 0.000000 0.000000 0.000000 0.000000 0.000000 0.000000 0.000000 0.047619 0.052381 0.058333 0.059524 0.066667 0.067857 0.067857 0.067857 0.069048 0.071429 0.072619 0.076190 0.079762 0.079762 0.078571 0.079762 0.076190 0.080952 0.079762 0.084524 0.080952 0.080952 0.080952 0.082143 0.082143 0.078571 0.077381 0.075000 0.071429 0.065476
0.000000 0.000000 0.000000 0.000000 0.000000 0.000000 0.000000 0.001190 0.001190 0.001190 0.001190 0.003571 0.004762 0.005952 0.005952 0.007143 0.007143 0.007143 0.000000 0.001190 0.001190 0.000000 0.000000 0.003571 0.000000 0.000000 0.000000 0.000000 0.000000 0.021429 0.023810 0.000000 0.000000 0.040476 0.050000 0.052381 0.052381 0.058333 0.058333 0.061905 0.063095 0.064286 0.065476 0.071429 0.070238 0.070238 0.075000 0.073810 0.075000 0.073810 0.072619 0.079762 0.076190 0.077381 0.078571 0.076190 0.075000 0.073810 0.071429 0.071429 0.071429 0.060714 0.057143
0.000000 0.000000 0.000000 0.000000 0.000000 0.000000 0.000000 0.001190 0.001190 0.001190 0.001190 0.003571 0.004762 0.004762 0.004762 0.005952 0.007143 0.007143 0.001190 0.001190 0.001190 0.000000 0.000000 0.000000 0.000000 0.014286 0.017857 0.019048 0.021429 0.022619 0.025000 0.027381 0.035714 0.036905 0.041667 0.046429 0.047619 0.050000 0.053571 0.057143 0.058333 0.060714 0.064286 0.064286 0.069048 0.070238 0.072619 0.069048 0.070238 0.073810 0.075000 0.075000 0.073810 0.072619 0.071429 0.070238 0.070238 0.067857 0.067857 0.067857 0.063095 0.055952 0.053571
0.000000 0.000000 0.000000 0.000000 0.000000 0.000000 0.000000 0.001190 0.000000 0.000000 0.000000 0.000000 0.004762 0.004762 0.004762 0.004762 0.004762 0.003571 0.004762 0.000000 0.001190 0.000000 0.000000 0.000000 0.000000 0.000000 0.016667 0.020238 0.021429 0.022619 0.023810 0.025000 0.028571 0.000000 0.035714 0.000000 0.041667 0.045238 0.048810 0.048810 0.052381 0.055952 0.058333 0.060714 0.067857 0.066667 0.067857 0.067857 0.066667 0.070238 0.072619 0.070238 0.067857 0.067857 0.065476 0.066667 0.066667 0.064286 0.065476 0.059524 0.058333 0.054762 0.053571
0.000000 0.000000 0.000000 0.000000 0.000000 0.000000 0.000000 0.000000 0.000000 0.001190 0.001190 0.001190 0.000000 0.003571 0.004762 0.004762 0.004762 0.002381 0.001190 0.001190 0.001190 0.000000 0.000000 0.000000 0.000000 0.000000 0.000000 0.019048 0.021429 0.021429 0.023810 0.025000 0.025000 0.028571 0.000000 0.000000 0.039286 0.042857 0.045238 0.047619 0.048810 0.051190 0.052381 0.055952 0.058333 0.061905 0.061905 0.064286 0.063095 0.065476 0.064286 0.065476 0.066667 0.064286 0.058333 0.060714 0.059524 0.060714 0.054762 0.051190 0.052381 0.047619 0.048810
0.000000 0.000000 0.000000 0.000000 0.000000 0.000000 0.000000 0.000000 0.001190 0.001190 0.001190 0.001190 0.001190 0.001190 0.001190 0.001190 0.002381 0.001190 0.001190 0.001190 0.001190 0.000000 0.000000 0.000000 0.000000 0.000000 0.000000 0.000000 0.020238 0.010714 0.022619 0.023810 0.026190 0.026190 0.013095 0.000000 0.000000 0.040476 0.044048 0.046429 0.044048 0.047619 0.047619 0.048810 0.051190 0.054762 0.055952 0.054762 0.058333 0.059524 0.063095 0.060714 0.058333 0.054762 0.063095 0.060714 0.053571 0.052381 0.047619 0.045238 0.044048 0.036905 0.036905
0.000000 0.000000 0.000000 0.000000 0.000000 0.000000 0.000000 0.000000 0.001190 0.001190 0.000000 0.001190 0.001190 0.001190 0.001190 0.001190 0.001190 0.001190 0.001190 0.001190 0.001190 0.001190 0.000000 0.000000 0.000000 0.000000 0.000000 0.000000 0.000000 0.000000 0.021429 0.021429 0.022619 0.017857 0.011905 0.000000 0.000000 0.033333 0.038095 0.036905 0.044048 0.045238 0.044048 0.046429 0.047619 0.048810 0.051190 0.050000 0.051190 0.052381 0.053571 0.054762 0.053571 0.053571 0.054762 0.057143 0.055952 0.045238 0.040476 0.045238 0.040476 0.034524 0.032143
0.000000 0.000000 0.000000 0.000000 0.000000 0.000000 0.000000 0.000000 0.000000 0.000000 0.000000 0.001190 0.001190 0.001190 0.001190 0.001190 0.001190 0.001190 0.001190 0.001190 0.001190 0.001190 0.000000 0.000000 0.000000 0.000000 0.000000 0.000000 0.000000 0.000000 0.008333 0.020238 0.017857 0.017857 0.013095 0.000000 0.000000 0.000000 0.000000 0.000000 0.035714 0.036905 0.038095 0.039286 0.040476 0.041667 0.045238 0.046429 0.045238 0.048810 0.048810 0.052381 0.052381 0.050000 0.051190 0.051190 0.051190 0.046429 0.045238 0.039286 0.033333 0.033333 0.032143
0.000000 0.000000 0.000000 0.000000 0.000000 0.000000 0.000000 0.000000 0.000000 0.000000 0.000000 0.001190 0.001190 0.001190 0.001190 0.001190 0.001190 0.001190 0.001190 0.001190 0.001190 0.001190 0.001190 0.000000 0.000000 0.000000 0.000000 0.000000 0.000000 0.000000 0.000000 0.000000 0.011905 0.004762 0.007143 0.004762 0.000000 0.000000 0.000000 0.000000 0.000000 0.000000 0.000000 0.034524 0.038095 0.039286 0.036905 0.000000 0.041667 0.040476 0.038095 0.040476 0.046429 0.047619 0.047619 0.046429 0.044048 0.039286 0.038095 0.030952 0.028571 0.029762 0.028571
0.000000 0.000000 0.000000 0.000000 0.000000 0.000000 0.000000 0.000000 0.000000 0.000000 0.000000 0.000000 0.000000 0.000000 0.001190 0.001190 0.001190 0.001190 0.001190 0.001190 0.001190 0.001190 0.000000 0.000000 0.000000 0.000000 0.000000 0.000000 0.000000 0.000000 0.000000 0.000000 0.000000 0.003571 0.005952 0.005952 0.003571 0.002381 0.000000 0.000000 0.000000 0.000000 0.000000 0.000000 0.032143 0.032143 0.000000 0.000000 0.000000 0.036905 0.035714 0.036905 0.041667 0.042857 0.044048 0.040476 0.036905 0.034524 0.032143 0.029762 0.027381 0.026190 0.026190
0.000000 0.000000 0.000000 0.000000 0.000000 0.000000 0.000000 0.000000 0.000000 0.000000 0.000000 0.000000 0.000000 0.000000 0.000000 0.000000 0.000000 0.000000 0.000000 0.000000 0.000000 0.001190 0.000000 0.000000 0.000000 0.000000 0.000000 0.000000 0.000000 0.000000 0.000000 0.000000 0.000000 0.002381 0.004762 0.004762 0.003571 0.002381 0.002381 0.000000 0.000000 0.001190 0.000000 0.000000 0.000000 0.000000 0.000000 0.000000 0.000000 0.000000 0.030952 0.033333 0.034524 0.032143 0.032143 0.033333 0.030952 0.028571 0.028571 0.025000 0.025000 0.025000 0.021429
0.000000 0.000000 0.000000 0.000000 0.000000 0.000000 0.000000 0.000000 0.000000 0.000000 0.000000 0.000000 0.000000 0.000000 0.000000 0.000000 0.000000 0.000000 0.000000 0.000000 0.000000 0.000000 0.000000 0.000000 0.000000 0.000000 0.000000 0.000000 0.000000 0.000000 0.000000 0.000000 0.000000 0.001190 0.001190 0.001190 0.003571 0.002381 0.002381 0.002381 0.002381 0.002381 0.002381 0.001190 0.000000 0.000000 0.000000 0.000000 0.000000 0.000000 0.000000 0.000000 0.000000 0.028571 0.026190 0.025000 0.026190 0.026190 0.023810 0.020238 0.017857 0.014286 0.014286
0.000000 0.000000 0.000000 0.000000 0.000000 0.000000 0.000000 0.000000 0.000000 0.000000 0.000000 0.000000 0.000000 0.000000 0.000000 0.000000 0.000000 0.000000 0.000000 0.000000 0.000000 0.000000 0.000000 0.000000 0.000000 0.000000 0.000000 0.000000 0.000000 0.000000 0.000000 0.000000 0.000000 0.000000 0.000000 0.001190 0.003571 0.002381 0.002381 0.002381 0.002381 0.002381 0.002381 0.000000 0.000000 0.000000 0.000000 0.000000 0.000000 0.000000 0.000000 0.000000 0.000000 0.000000 0.000000 0.023810 0.023810 0.023810 0.017857 0.015476 0.013095 0.011905 0.010714
0.000000 0.000000 0.000000 0.000000 0.000000 0.000000 0.000000 0.000000 0.000000 0.000000 0.000000 0.000000 0.000000 0.000000 0.000000 0.000000 0.000000 0.000000 0.000000 0.000000 0.000000 0.000000 0.000000 0.000000 0.000000 0.000000 0.000000 0.000000 0.000000 0.000000 0.000000 0.000000 0.000000 0.000000 0.000000 0.001190 0.002381 0.002381 0.002381 0.002381 0.002381 0.002381 0.002381 0.003571 0.003571 0.004762 0.005952 0.007143 0.008333 0.000000 0.000000 0.000000 0.000000 0.000000 0.019048 0.021429 0.019048 0.016667 0.014286 0.011905 0.010714 0.010714 0.010714
