FireSTARR/test/output/RED/RED024/2019-06-15_1628/intensity_L_168_2019-06-17.asc
ncols         214
nrows         185
xllcorner     390443.378600
yllcorner     5808602.364000
cellsize      100.000000
NODATA_value  0.000000
[rows 84 to 111 of 185, columns 126 to 188 of 214]
0.000000 0.000000 0.002381 0.004762 0.004762 0.004762 0.007143 0.008333 0.007143 0.004762 0.008333 0.003571 0.003571 0.003571 0.002381 0.000000 0.000000 0.169048 0.017857 0.014286 0.010714 0.009524 0.020238 0.013095 0.020238 0.213095 0.213095 0.217857 0.017857 0.000000 0.027381 0.026190 0.029762 0.029762 0.000000 0.000000 0.000000 0.220238 0.014286 0.000000 0.000000 0.154762 0.154762 0.000000 0.097619 0.102381 0.096429 0.069048 0.065476 0.058333 0.032143 0.000000 0.000000 0.000000 0.000000 0.000000 0.000000 0.002381 0.002381 0.000000 0.000000 0.001190 0.000000
0.000000 0.009524 0.000000 0.035714 0.003571 0.002381 0.004762 0.007143 0.007143 0.007143 0.000000 0.000000 0.000000 0.000000 0.004762 0.000000 0.000000 0.000000 0.019048 0.016667 0.009524 0.010714 0.019048 0.015476 0.010714 0.021429 0.016667 0.208333 0.210714 0.000000 0.017857 0.020238 0.000000 0.000000 0.000000 0.005952 0.010714 0.192857 0.013095 0.008333 0.000000 0.000000 0.000000 0.082143 0.077381 0.055952 0.000000 0.001190 0.000000 0.000000 0.000000 0.000000 0.000000 0.000000 0.000000 0.001190 0.003571 0.004762 0.001190 0.002381 0.001190 0.002381 0.000000
0.007143 0.010714 0.014286 0.000000 0.002381 0.000000 0.007143 0.004762 0.004762 0.007143 0.007143 0.090476 0.079762 0.110714 0.111905 0.000000 0.166667 0.015476 0.021429 0.019048 0.022619 0.017857 0.017857 0.020238 0.017857 0.019048 0.013095 0.015476 0.021429 0.000000 0.011905 0.013095 0.010714 0.000000 0.000000 0.007143 0.172619 0.008333 0.008333 0.009524 0.007143 0.000000 0.061905 0.063095 0.050000 0.050000 0.001190 0.042857 0.001190 0.030952 0.030952 0.000000 0.000000 0.002381 0.008333 0.002381 0.002381 0.003571 0.002381 0.001190 0.002381 0.000000 0.000000
0.007143 0.011905 0.000000 0.000000 0.000000 0.000000 0.005952 0.004762 0.010714 0.016667 0.009524 0.094048 0.075000 0.088095 0.119048 0.161905 0.164286 0.167857 0.017857 0.022619 0.025000 0.023810 0.021429 0.020238 0.020238 0.190476 0.197619 0.200000 0.015476 0.013095 0.192857 0.011905 0.011905 0.010714 0.015476 0.167857 0.169048 0.010714 0.151190 0.010714 0.008333 0.094048 0.000000 0.071429 0.066667 0.000000 0.047619 0.044048 0.038095 0.001190 0.028571 0.026190 0.000000 0.008333 0.005952 0.005952 0.003571 0.002381 0.001190 0.000000 0.000000 0.000000 0.000000
0.005952 0.007143 0.004762 0.000000 0.000000 0.000000 0.004762 0.014286 0.019048 0.007143 0.007143 0.000000 0.000000 0.092857 0.121429 0.160714 0.003571 0.005952 0.166667 0.011905 0.017857 0.020238 0.020238 0.019048 0.022619 0.019048 0.015476 0.014286 0.014286 0.011905 0.189286 0.011905 0.015476 0.015476 0.019048 0.014286 0.157143 0.155952 0.145238 0.009524 0.013095 0.086905 0.073810 0.002381 0.067857 0.053571 0.000000 0.001190 0.001190 0.002381 0.001190 0.000000 0.000000 0.002381 0.004762 0.004762 0.002381 0.001190 0.000000 0.000000 0.000000 0.000000 0.000000
0.003571 0.005952 0.004762 0.003571 0.002381 0.000000 0.000000 0.010714 0.008333 0.000000 0.000000 0.000000 0.000000 0.000000 0.000000 0.000000 0.000000 0.002381 0.005952 0.009524 0.010714 0.013095 0.016667 0.014286 0.017857 0.011905 0.014286 0.011905 0.011905 0.015476 0.177381 0.170238 0.009524 0.011905 0.014286 0.015476 0.015476 0.009524 0.125000 0.117857 0.015476 0.008333 0.005952 0.001190 0.065476 0.003571 0.001190 0.045238 0.038095 0.000000 0.000000 0.000000 0.000000 0.000000 0.004762 0.002381 0.002381 0.000000 0.000000 0.000000 0.000000 0.000000 0.000000
0.004762 0.004762 0.002381 0.002381 0.002381 0.003571 0.005952 0.010714 0.000000 0.000000 0.000000 0.000000 0.000000 0.000000 0.000000 0.000000 0.000000 0.000000 0.003571 0.007143 0.008333 0.009524 0.011905 0.014286 0.017857 0.016667 0.016667 0.016667 0.019048 0.170238 0.016667 0.014286 0.148810 0.008333 0.009524 0.008333 0.010714 0.008333 0.001190 0.108333 0.104762 0.004762 0.078571 0.076190 0.003571 0.059524 0.060714 0.050000 0.034524 0.000000 0.000000 0.000000 0.000000 0.000000 0.000000 0.000000 0.000000 0.000000 0.000000 0.000000 0.000000 0.000000 0.000000
0.003571 0.004762 0.002381 0.003571 0.002381 0.002381 0.002381 0.004762 0.000000 0.000000 0.000000 0.000000 0.000000 0.000000 0.000000 0.001190 0.001190 0.000000 0.000000 0.007143 0.007143 0.007143 0.007143 0.010714 0.011905 0.014286 0.011905 0.013095 0.016667 0.014286 0.015476 0.140476 0.014286 0.011905 0.010714 0.008333 0.004762 0.004762 0.001190 0.086905 0.086905 0.088095 0.003571 0.003571 0.059524 0.002381 0.059524 0.046429 0.041667 0.000000 0.000000 0.000000 0.000000 0.000000 0.000000 0.000000 0.000000 0.000000 0.000000 0.000000 0.000000 0.000000 0.001190
0.008333 0.007143 0.003571 0.003571 0.003571 0.004762 0.004762 0.000000 0.000000 0.000000 0.000000 0.000000 0.000000 0.000000 0.003571 0.000000 0.152381 0.001190 0.000000 0.005952 0.007143 0.004762 0.005952 0.005952 0.008333 0.005952 0.009524 0.011905 0.010714 0.010714 0.008333 0.010714 0.130952 0.010714 0.009524 0.004762 0.005952 0.003571 0.079762 0.079762 0.007143 0.007143 0.005952 0.083333 0.073810 0.064286 0.001190 0.002381 0.044048 0.000000 0.000000 0.001190 0.000000 0.000000 0.000000 0.000000 0.000000 0.000000 0.000000 0.000000 0.000000 0.001190 0.001190
0.008333 0.011905 0.009524 0.010714 0.000000 0.000000 0.000000 0.000000 0.000000 0.000000 0.000000 0.000000 0.004762 0.002381 0.002381 0.000000 0.003571 0.001190 0.160714 0.001190 0.004762 0.004762 0.004762 0.004762 0.005952 0.004762 0.003571 0.003571 0.007143 0.010714 0.000000 0.000000 0.008333 0.008333 0.007143 0.003571 0.084524 0.079762 0.071429 0.001190 0.004762 0.004762 0.080952 0.078571 0.053571 0.001190 0.003571 0.003571 0.045238 0.000000 0.000000 0.000000 0.000000 0.000000 0.000000 0.000000 0.000000 0.000000 0.000000 0.000000 0.000000 0.001190 0.001190
0.000000 0.014286 0.011905 0.014286 0.000000 0.000000 0.000000 0.000000 0.000000 0.000000 0.000000 0.001190 0.004762 0.004762 0.002381 0.000000 0.000000 0.000000 0.000000 0.001190 0.002381 0.001190 0.003571 0.004762 0.004762 0.004762 0.007143 0.007143 0.003571 0.003571 0.001190 0.000000 0.004762 0.003571 0.004762 0.008333 0.003571 0.077381 0.067857 0.067857 0.001190 0.077381 0.076190 0.002381 0.003571 0.005952 0.042857 0.042857 0.004762 0.000000 0.000000 0.001190 0.000000 0.000000 0.000000 0.000000 0.000000 0.000000 0.000000 0.000000 0.001190 0.001190 0.000000
0.007143 0.004762 0.002381 0.007143 0.004762 0.002381 0.005952 0.005952 0.009524 0.008333 0.002381 0.004762 0.004762 0.008333 0.002381 0.002381 0.001190 0.002381 0.001190 0.001190 0.001190 0.001190 0.001190 0.000000 0.003571 0.004762 0.003571 0.002381 0.001190 0.002381 0.001190 0.004762 0.102381 0.102381 0.007143 0.004762 0.002381 0.001190 0.065476 0.065476 0.000000 0.071429 0.057143 0.001190 0.002381 0.003571 0.044048 0.002381 0.001190 0.000000 0.000000 0.001190 0.001190 0.000000 0.000000 0.000000 0.000000 0.000000 0.001190 0.001190 0.001190 0.001190 0.000000
0.004762 0.002381 0.001190 0.003571 0.004762 0.009524 0.007143 0.004762 0.007143 0.010714 0.005952 0.004762 0.003571 0.003571 0.003571 0.002381 0.003571 0.004762 0.003571 0.003571 0.001190 0.001190 0.001190 0.000000 0.001190 0.003571 0.004762 0.001190 0.000000 0.003571 0.002381 0.002381 0.098810 0.085714 0.089286 0.083333 0.077381 0.003571 0.067857 0.063095 0.003571 0.002381 0.002381 0.003571 0.003571 0.004762 0.005952 0.002381 0.001190 0.001190 0.000000 0.001190 0.001190 0.001190 0.001190 0.001190 0.001190 0.001190 0.001190 0.001190 0.000000 0.000000 0.000000
0.002381 0.005952 0.003571 0.004762 0.003571 0.007143 0.007143 0.005952 0.004762 0.008333 0.005952 0.004762 0.003571 0.002381 0.001190 0.001190 0.002381 0.001190 0.002381 0.002381 0.002381 0.001190 0.001190 0.002381 0.001190 0.000000 0.002381 0.001190 0.001190 0.002381 0.000000 0.000000 0.009524 0.001190 0.079762 0.067857 0.076190 0.002381 0.066667 0.063095 0.055952 0.002381 0.004762 0.005952 0.010714 0.010714 0.008333 0.005952 0.002381 0.000000 0.000000 0.000000 0.001190 0.000000 0.001190 0.001190 0.001190 0.001190 0.001190 0.000000 0.000000 0.000000 0.000000
0.002381 0.007143 0.004762 0.005952 0.005952 0.009524 0.003571 0.004762 0.004762 0.005952 0.009524 0.007143 0.002381 0.002381 0.003571 0.002381 0.000000 0.000000 0.002381 0.000000 0.000000 0.003571 0.001190 0.003571 0.002381 0.003571 0.004762 0.002381 0.000000 0.001190 0.002381 0.002381 0.002381 0.000000 0.000000 0.001190 0.066667 0.065476 0.002381 0.060714 0.054762 0.002381 0.002381 0.001190 0.005952 0.009524 0.005952 0.005952 0.003571 0.004762 0.004762 0.000000 0.000000 0.000000 0.000000 0.000000 0.001190 0.001190 0.000000 0.000000 0.000000 0.000000 0.000000
0.000000 0.002381 0.007143 0.004762 0.005952 0.007143 0.004762 0.005952 0.009524 0.004762 0.007143 0.008333 0.008333 0.002381 0.003571 0.001190 0.003571 0.000000 0.002381 0.002381 0.002381 0.002381 0.002381 0.004762 0.003571 0.004762 0.002381 0.001190 0.003571 0.002381 0.004762 0.003571 0.003571 0.000000 0.000000 0.000000 0.000000 0.060714 0.060714 0.003571 0.001190 0.001190 0.000000 0.009524 0.007143 0.007143 0.008333 0.005952 0.001190 0.002381 0.003571 0.002381 0.000000 0.000000 0.000000 0.000000 0.000000 0.000000 0.000000 0.000000 0.000000 0.000000 0.000000
0.001190 0.002381 0.004762 0.002381 0.003571 0.004762 0.004762 0.004762 0.005952 0.004762 0.005952 0.007143 0.010714 0.007143 0.009524 0.007143 0.005952 0.004762 0.003571 0.004762 0.001190 0.001190 0.003571 0.001190 0.004762 0.002381 0.002381 0.002381 0.000000 0.003571 0.008333 0.004762 0.002381 0.001190 0.000000 0.002381 0.000000 0.000000 0.005952 0.002381 0.002381 0.002381 0.001190 0.003571 0.009524 0.008333 0.007143 0.007143 0.003571 0.002381 0.001190 0.000000 0.001190 0.002381 0.001190 0.000000 0.000000 0.000000 0.000000 0.000000 0.000000 0.000000 0.000000
0.001190 0.002381 0.001190 0.005952 0.003571 0.002381 0.005952 0.004762 0.004762 0.007143 0.009524 0.007143 0.005952 0.005952 0.010714 0.007143 0.000000 0.008333 0.000000 0.005952 0.008333 0.005952 0.007143 0.005952 0.001190 0.002381 0.001190 0.002381 0.005952 0.007143 0.009524 0.003571 0.000000 0.001190 0.000000 0.000000 0.000000 0.000000 0.005952 0.003571 0.003571 0.001190 0.003571 0.004762 0.002381 0.009524 0.008333 0.003571 0.003571 0.003571 0.001190 0.000000 0.002381 0.001190 0.001190 0.001190 0.000000 0.000000 0.000000 0.000000 0.000000 0.000000 0.000000
0.005952 0.004762 0.002381 0.004762 0.005952 0.004762 0.007143 0.007143 0.005952 0.004762 0.003571 0.005952 0.008333 0.008333 0.005952 0.004762 0.003571 0.002381 0.005952 0.009524 0.004762 0.007143 0.004762 0.004762 0.003571 0.002381 0.001190 0.005952 0.005952 0.007143 0.003571 0.001190 0.000000 0.005952 0.004762 0.005952 0.000000 0.000000 0.005952 0.005952 0.005952 0.004762 0.004762 0.003571 0.001190 0.001190 0.003571 0.005952 0.004762 0.003571 0.001190 0.001190 0.002381 0.001190 0.000000 0.000000 0.000000 0.000000 0.000000 0.000000 0.000000 0.000000 0.000000
0.003571 0.004762 0.005952 0.001190 0.003571 0.003571 0.003571 0.004762 0.005952 0.004762 0.004762 0.004762 0.002381 0.007143 0.005952 0.004762 0.007143 0.004762 0.005952 0.007143 0.007143 0.007143 0.004762 0.003571 0.004762 0.003571 0.007143 0.004762 0.004762 0.007143 0.001190 0.001190 0.004762 0.007143 0.007143 0.003571 0.001190 0.003571 0.000000 0.004762 0.002381 0.001190 0.002381 0.002381 0.001190 0.001190 0.000000 0.004762 0.001190 0.001190 0.001190 0.003571 0.003571 0.002381 0.001190 0.000000 0.000000 0.000000 0.000000 0.000000 0.000000 0.000000 0.000000
0.004762 0.003571 0.003571 0.003571 0.001190 0.001190 0.003571 0.002381 0.005952 0.002381 0.004762 0.005952 0.007143 0.009524 0.009524 0.009524 0.007143 0.005952 0.005952 0.004762 0.005952 0.008333 0.005952 0.007143 0.008333 0.005952 0.007143 0.008333 0.009524 0.007143 0.003571 0.003571 0.003571 0.003571 0.003571 0.003571 0.000000 0.001190 0.000000 0.001190 0.001190 0.002381 0.001190 0.001190 0.000000 0.008333 0.000000 0.000000 0.001190 0.002381 0.003571 0.005952 0.002381 0.001190 0.000000 0.000000 0.000000 0.000000 0.000000 0.000000 0.000000 0.000000 0.000000
0.000000 0.005952 0.005952 0.005952 0.004762 0.002381 0.001190 0.003571 0.002381 0.003571 0.003571 0.003571 0.005952 0.003571 0.003571 0.007143 0.009524 0.008333 0.005952 0.004762 0.008333 0.007143 0.004762 0.008333 0.005952 0.005952 0.007143 0.003571 0.004762 0.005952 0.003571 0.004762 0.002381 0.003571 0.003571 0.004762 0.000000 0.000000 0.001190 0.000000 0.003571 0.002381 0.002381 0.001190 0.007143 0.004762 0.000000 0.002381 0.001190 0.001190 0.002381 0.001190 0.001190 0.000000 0.000000 0.000000 0.000000 0.000000 0.000000 0.000000 0.000000 0.000000 0.000000
0.002381 0.003571 0.003571 0.003571 0.003571 0.003571 0.004762 0.000000 0.000000 0.003571 0.002381 0.001190 0.001190 0.001190 0.001190 0.003571 0.005952 0.011905 0.009524 0.010714 0.009524 0.010714 0.008333 0.000000 0.000000 0.007143 0.005952 0.004762 0.004762 0.002381 0.003571 0.003571 0.005952 0.005952 0.003571 0.001190 0.003571 0.002381 0.003571 0.000000 0.002381 0.003571 0.003571 0.008333 0.005952 0.000000 0.000000 0.001190 0.001190 0.000000 0.002381 0.004762 0.001190 0.000000 0.000000 0.000000 0.000000 0.000000 0.000000 0.000000 0.000000 0.000000 0.000000
0.002381 0.004762 0.003571 0.004762 0.004762 0.003571 0.004762 0.005952 0.005952 0.004762 0.003571 0.002381 0.002381 0.003571 0.003571 0.005952 0.004762 0.007143 0.005952 0.005952 0.005952 0.004762 0.004762 0.003571 0.005952 0.004762 0.003571 0.003571 0.002381 0.003571 0.002381 0.003571 0.010714 0.005952 0.001190 0.003571 0.003571 0.000000 0.003571 0.004762 0.003571 0.007143 0.005952 0.003571 0.001190 0.000000 0.000000 0.000000 0.000000 0.001190 0.000000 0.002381 0.001190 0.000000 0.000000 0.000000 0.000000 0.000000 0.000000 0.000000 0.000000 0.000000 0.000000
0.005952 0.005952 0.003571 0.004762 0.003571 0.004762 0.003571 0.003571 0.003571 0.003571 0.005952 0.003571 0.003571 0.002381 0.003571 0.003571 0.003571 0.003571 0.003571 0.001190 0.002381 0.002381 0.003571 0.003571 0.003571 0.004762 0.005952 0.004762 0.003571 0.002381 0.002381 0.002381 0.003571 0.007143 0.004762 0.003571 0.001190 0.002381 0.003571 0.000000 0.002381 0.001190 0.002381 0.000000 0.000000 0.000000 0.001190 0.001190 0.001190 0.002381 0.000000 0.000000 0.000000 0.000000 0.000000 0.000000 0.000000 0.000000 0.000000 0.000000 0.000000 0.000000 0.005952
0.003571 0.005952 0.005952 0.005952 0.003571 0.003571 0.003571 0.001190 0.002381 0.002381 0.002381 0.001190 0.003571 0.003571 0.003571 0.003571 0.001190 0.003571 0.003571 0.001190 0.003571 0.002381 0.003571 0.003571 0.003571 0.003571 0.002381 0.003571 0.002381 0.001190 0.003571 0.008333 0.007143 0.008333 0.003571 0.004762 0.002381 0.002381 0.001190 0.000000 0.002381 0.003571 0.000000 0.000000 0.000000 0.001190 0.001190 0.001190 0.001190 0.000000 0.000000 0.000000 0.000000 0.000000 0.000000 0.000000 0.000000 0.000000 0.000000 0.000000 0.000000 0.000000 0.005952
0.003571 0.002381 0.004762 0.005952 0.005952 0.003571 0.002381 0.002381 0.001190 0.000000 0.000000 0.002381 0.002381 0.001190 0.001190 0.001190 0.001190 0.002381 0.003571 0.003571 0.004762 0.001190 0.001190 0.002381 0.002381 0.002381 0.003571 0.004762 0.009524 0.004762 0.005952 0.008333 0.007143 0.008333 0.000000 0.004762 0.001190 0.001190 0.001190 0.000000 0.000000 0.000000 0.000000 0.000000 0.000000 0.000000 0.000000 0.000000 0.000000 0.000000 0.000000 0.000000 0.000000 0.000000 0.000000 0.000000 0.000000 0.000000 0.000000 0.000000 0.000000 0.000000 0.000000
0.005952 0.003571 0.002381 0.004762 0.004762 0.007143 0.005952 0.005952 0.005952 0.002381 0.001190 0.001190 0.002381 0.001190 0.001190 0.002381 0.003571 0.002381 0.002381 0.002381 0.001190 0.003571 0.002381 0.001190 0.002381 0.002381 0.004762 0.002381 0.009524 0.009524 0.008333 0.007143 0.004762 0.005952 0.000000 0.000000 0.000000 0.000000 0.003571 0.000000 0.000000 0.000000 0.000000 0.000000 0.000000 0.000000 0.000000 0.000000 0.000000 0.000000 0.000000 0.000000 0.000000 0.000000 0.000000 0.000000 0.000000 0.000000 0.000000 0.000000 0.000000 0.000000 0.000000
