FireSTARR/test/output/RED/RED024/2019-06-15_1628/intensity_L_172_2019-06-21.asc
ncols         741
nrows         553
xllcorner     352843.378600
yllcorner     5790202.364000
cellsize      100.000000
NODATA_value  0.000000
[rows 224 to 251 of 553, columns 504 to 566 of 741]
0.001190 0.000000 0.003571 0.000000 0.065476 0.000000 0.000000 0.000000 0.010714 0.008333 0.010714 0.009524 0.005952 0.005952 0.000000 0.005952 0.004762 0.003571 0.003571 0.003571 0.004762 0.003571 0.004762 0.003571 0.001190 0.002381 0.004762 0.003571 0.002381 0.000000 0.003571 0.004762 0.004762 0.004762 0.004762 0.005952 0.004762 0.005952 0.036905 0.027381 0.019048 0.020238 0.000000 0.041667 0.000000 0.000000 0.046429 0.000000 0.000000 0.000000 0.000000 0.000000 0.000000 0.000000 0.000000 0.001190 0.000000 0.003571 0.000000 0.001190 0.000000 0.000000 0.000000
0.000000 0.000000 0.000000 0.000000 0.023810 0.000000 0.000000 0.000000 0.000000 0.007143 0.007143 0.005952 0.004762 0.004762 0.004762 0.005952 0.007143 0.005952 0.003571 0.004762 0.005952 0.001190 0.001190 0.004762 0.003571 0.002381 0.001190 0.005952 0.000000 0.000000 0.002381 0.050000 0.005952 0.008333 0.008333 0.009524 0.008333 0.053571 0.046429 0.071429 0.026190 0.065476 0.016667 0.011905 0.000000 0.007143 0.000000 0.000000 0.000000 0.000000 0.000000 0.000000 0.000000 0.000000 0.000000 0.000000 0.001190 0.001190 0.000000 0.000000 0.000000 0.000000 0.000000
0.000000 0.000000 0.000000 0.000000 0.000000 0.000000 0.000000 0.000000 0.007143 0.008333 0.084524 0.004762 0.004762 0.005952 0.003571 0.003571 0.004762 0.001190 0.002381 0.003571 0.005952 0.007143 0.004762 0.003571 0.003571 0.002381 0.003571 0.003571 0.000000 0.000000 0.004762 0.003571 0.053571 0.048810 0.007143 0.005952 0.054762 0.005952 0.046429 0.047619 0.044048 0.088095 0.020238 0.010714 0.013095 0.013095 0.010714 0.011905 0.017857 0.021429 0.000000 0.000000 0.000000 0.000000 0.000000 0.000000 0.000000 0.001190 0.000000 0.000000 0.000000 0.000000 0.000000
0.000000 0.000000 0.000000 0.002381 0.004762 0.004762 0.009524 0.008333 0.000000 0.003571 0.086905 0.091667 0.008333 0.004762 0.004762 0.004762 0.004762 0.004762 0.003571 0.002381 0.004762 0.005952 0.005952 0.005952 0.003571 0.003571 0.002381 0.001190 0.003571 0.003571 0.000000 0.000000 0.004762 0.004762 0.053571 0.059524 0.003571 0.003571 0.001190 0.003571 0.004762 0.051190 0.021429 0.021429 0.020238 0.019048 0.019048 0.026190 0.026190 0.026190 0.001190 0.000000 0.000000 0.000000 0.000000 0.000000 0.000000 0.000000 0.000000 0.000000 0.000000 0.000000 0.000000
0.005952 0.003571 0.001190 0.001190 0.001190 0.001190 0.002381 0.005952 0.000000 0.000000 0.085714 0.008333 0.089286 0.097619 0.004762 0.005952 0.005952 0.004762 0.005952 0.004762 0.003571 0.003571 0.002381 0.004762 0.003571 0.003571 0.003571 0.000000 0.001190 0.002381 0.004762 0.000000 0.000000 0.005952 0.009524 0.105952 0.002381 0.002381 0.002381 0.003571 0.001190 0.000000 0.000000 0.045238 0.047619 0.046429 0.044048 0.026190 0.003571 0.000000 0.002381 0.001190 0.000000 0.000000 0.000000 0.000000 0.003571 0.000000 0.000000 0.000000 0.000000 0.000000 0.001190
0.003571 0.004762 0.003571 0.002381 0.004762 0.008333 0.001190 0.004762 0.009524 0.000000 0.000000 0.000000 0.000000 0.098810 0.005952 0.005952 0.005952 0.005952 0.007143 0.005952 0.004762 0.002381 0.003571 0.001190 0.003571 0.002381 0.003571 0.001190 0.002381 0.003571 0.001190 0.002381 0.003571 0.066667 0.000000 0.105952 0.000000 0.002381 0.000000 0.000000 0.001190 0.000000 0.000000 0.000000 0.001190 0.003571 0.041667 0.039286 0.040476 0.003571 0.033333 0.000000 0.000000 0.000000 0.000000 0.000000 0.003571 0.003571 0.003571 0.000000 0.003571 0.000000 0.001190
0.003571 0.004762 0.008333 0.004762 0.002381 0.004762 0.004762 0.002381 0.000000 0.080952 0.097619 0.002381 0.103571 0.104762 0.004762 0.000000 0.009524 0.009524 0.008333 0.009524 0.010714 0.010714 0.008333 0.005952 0.005952 0.007143 0.002381 0.002381 0.002381 0.004762 0.002381 0.002381 0.002381 0.003571 0.000000 0.114286 0.000000 0.000000 0.001190 0.002381 0.003571 0.003571 0.001190 0.001190 0.000000 0.001190 0.001190 0.003571 0.000000 0.003571 0.000000 0.000000 0.000000 0.000000 0.000000 0.000000 0.000000 0.000000 0.000000 0.003571 0.003571 0.003571 0.001190
0.002381 0.002381 0.004762 0.004762 0.004762 0.003571 0.002381 0.003571 0.000000 0.091667 0.104762 0.107143 0.005952 0.007143 0.000000 0.000000 0.009524 0.008333 0.009524 0.001190 0.002381 0.002381 0.002381 0.004762 0.004762 0.005952 0.005952 0.004762 0.003571 0.002381 0.002381 0.002381 0.004762 0.001190 0.000000 0.001190 0.001190 0.001190 0.002381 0.003571 0.004762 0.004762 0.003571 0.001190 0.001190 0.000000 0.000000 0.001190 0.001190 0.001190 0.003571 0.000000 0.000000 0.000000 0.000000 0.000000 0.000000 0.000000 0.000000 0.000000 0.000000 0.002381 0.000000
0.007143 0.007143 0.005952 0.007143 0.007143 0.002381 0.003571 0.001190 0.000000 0.000000 0.111905 0.007143 0.008333 0.004762 0.004762 0.003571 0.003571 0.002381 0.002381 0.001190 0.003571 0.002381 0.003571 0.004762 0.008333 0.005952 0.003571 0.005952 0.004762 0.003571 0.000000 0.002381 0.003571 0.000000 0.000000 0.001190 0.001190 0.003571 0.003571 0.001190 0.001190 0.002381 0.001190 0.003571 0.003571 0.003571 0.000000 0.000000 0.001190 0.001190 0.003571 0.002381 0.000000 0.000000 0.000000 0.000000 0.000000 0.000000 0.000000 0.000000 0.000000 0.000000 0.000000
0.008333 0.008333 0.007143 0.008333 0.010714 0.007143 0.001190 0.002381 0.003571 0.000000 0.000000 0.115476 0.008333 0.002381 0.002381 0.001190 0.001190 0.007143 0.004762 0.003571 0.001190 0.003571 0.008333 0.004762 0.003571 0.008333 0.007143 0.002381 0.003571 0.003571 0.003571 0.002381 0.002381 0.000000 0.001190 0.000000 0.003571 0.003571 0.003571 0.003571 0.003571 0.003571 0.002381 0.002381 0.003571 0.005952 0.003571 0.001190 0.000000 0.028571 0.002381 0.002381 0.000000 0.000000 0.000000 0.000000 0.000000 0.000000 0.000000 0.000000 0.000000 0.000000 0.000000
0.005952 0.003571 0.004762 0.005952 0.004762 0.008333 0.132143 0.005952 0.008333 0.007143 0.000000 0.129762 0.007143 0.005952 0.003571 0.003571 0.004762 0.004762 0.004762 0.003571 0.005952 0.005952 0.005952 0.005952 0.004762 0.005952 0.004762 0.007143 0.004762 0.003571 0.003571 0.000000 0.001190 0.070238 0.001190 0.000000 0.000000 0.003571 0.000000 0.000000 0.004762 0.003571 0.003571 0.003571 0.005952 0.002381 0.001190 0.002381 0.004762 0.025000 0.016667 0.002381 0.002381 0.002381 0.000000 0.000000 0.000000 0.000000 0.000000 0.000000 0.000000 0.000000 0.000000
0.000000 0.000000 0.004762 0.008333 0.004762 0.000000 0.000000 0.000000 0.000000 0.009524 0.004762 0.005952 0.007143 0.005952 0.002381 0.003571 0.004762 0.005952 0.004762 0.008333 0.008333 0.003571 0.002381 0.002381 0.001190 0.001190 0.001190 0.005952 0.003571 0.002381 0.004762 0.003571 0.002381 0.073810 0.000000 0.000000 0.000000 0.002381 0.003571 0.003571 0.003571 0.004762 0.002381 0.002381 0.032143 0.034524 0.002381 0.003571 0.003571 0.020238 0.022619 0.014286 0.013095 0.002381 0.002381 0.000000 0.000000 0.002381 0.003571 0.000000 0.000000 0.000000 0.000000
0.003571 0.000000 0.000000 0.008333 0.005952 0.000000 0.000000 0.004762 0.008333 0.008333 0.007143 0.005952 0.000000 0.008333 0.005952 0.005952 0.003571 0.002381 0.002381 0.004762 0.008333 0.005952 0.003571 0.004762 0.003571 0.003571 0.001190 0.001190 0.002381 0.002381 0.002381 0.005952 0.086905 0.008333 0.000000 0.067857 0.000000 0.000000 0.004762 0.002381 0.002381 0.001190 0.000000 0.001190 0.002381 0.030952 0.005952 0.005952 0.004762 0.002381 0.019048 0.021429 0.002381 0.004762 0.002381 0.000000 0.002381 0.002381 0.002381 0.003571 0.000000 0.000000 0.000000
0.008333 0.000000 0.000000 0.007143 0.005952 0.000000 0.000000 0.010714 0.007143 0.008333 0.009524 0.004762 0.007143 0.000000 0.000000 0.000000 0.001190 0.003571 0.003571 0.003571 0.003571 0.003571 0.001190 0.002381 0.001190 0.002381 0.005952 0.001190 0.004762 0.004762 0.002381 0.007143 0.005952 0.094048 0.089286 0.083333 0.003571 0.002381 0.004762 0.002381 0.080952 0.083333 0.002381 0.076190 0.001190 0.003571 0.032143 0.003571 0.004762 0.003571 0.003571 0.001190 0.004762 0.000000 0.015476 0.016667 0.016667 0.002381 0.002381 0.003571 0.002381 0.000000 0.000000
0.000000 0.005952 0.000000 0.004762 0.004762 0.005952 0.008333 0.000000 0.008333 0.007143 0.008333 0.011905 0.007143 0.008333 0.000000 0.000000 0.008333 0.009524 0.004762 0.003571 0.005952 0.008333 0.004762 0.003571 0.002381 0.001190 0.000000 0.000000 0.000000 0.004762 0.090476 0.082143 0.008333 0.011905 0.010714 0.085714 0.000000 0.000000 0.084524 0.090476 0.092857 0.008333 0.004762 0.005952 0.004762 0.002381 0.003571 0.004762 0.002381 0.003571 0.003571 0.002381 0.002381 0.000000 0.015476 0.003571 0.001190 0.001190 0.003571 0.003571 0.001190 0.001190 0.000000
0.000000 0.004762 0.004762 0.002381 0.002381 0.007143 0.129762 0.005952 0.127381 0.004762 0.010714 0.009524 0.002381 0.004762 0.004762 0.000000 0.000000 0.004762 0.004762 0.010714 0.010714 0.010714 0.014286 0.014286 0.011905 0.000000 0.000000 0.000000 0.000000 0.002381 0.091667 0.001190 0.003571 0.004762 0.005952 0.007143 0.000000 0.002381 0.002381 0.004762 0.005952 0.005952 0.005952 0.003571 0.090476 0.084524 0.005952 0.004762 0.004762 0.004762 0.096429 0.002381 0.088095 0.083333 0.029762 0.011905 0.014286 0.002381 0.002381 0.004762 0.000000 0.000000 0.000000
0.007143 0.008333 0.009524 0.007143 0.005952 0.161905 0.152381 0.007143 0.136905 0.008333 0.010714 0.005952 0.003571 0.007143 0.001190 0.005952 0.000000 0.008333 0.000000 0.000000 0.011905 0.016667 0.013095 0.016667 0.017857 0.015476 0.010714 0.000000 0.127381 0.096429 0.107143 0.005952 0.007143 0.004762 0.005952 0.000000 0.004762 0.003571 0.003571 0.007143 0.005952 0.003571 0.005952 0.003571 0.003571 0.004762 0.003571 0.065476 0.003571 0.003571 0.004762 0.002381 0.000000 0.033333 0.028571 0.025000 0.003571 0.003571 0.003571 0.001190 0.000000 0.000000 0.000000
0.008333 0.017857 0.015476 0.016667 0.007143 0.009524 0.172619 0.176190 0.007143 0.133333 0.152381 0.146429 0.155952 0.152381 0.145238 0.004762 0.005952 0.007143 0.009524 0.009524 0.013095 0.014286 0.010714 0.010714 0.009524 0.011905 0.015476 0.009524 0.120238 0.002381 0.139286 0.205952 0.196429 0.109524 0.000000 0.000000 0.000000 0.000000 0.000000 0.000000 0.003571 0.004762 0.003571 0.002381 0.002381 0.001190 0.002381 0.002381 0.007143 0.003571 0.003571 0.003571 0.000000 0.000000 0.017857 0.021429 0.021429 0.019048 0.001190 0.001190 0.001190 0.001190 0.001190
0.017857 0.016667 0.011905 0.020238 0.013095 0.003571 0.005952 0.176190 0.179762 0.147619 0.141667 0.153571 0.148810 0.003571 0.002381 0.003571 0.000000 0.007143 0.009524 0.007143 0.008333 0.014286 0.005952 0.005952 0.003571 0.005952 0.007143 0.127381 0.138095 0.152381 0.138095 0.002381 0.130952 0.114286 0.001190 0.000000 0.000000 0.000000 0.000000 0.000000 0.003571 0.004762 0.004762 0.005952 0.003571 0.003571 0.001190 0.002381 0.002381 0.002381 0.003571 0.003571 0.000000 0.000000 0.015476 0.017857 0.000000 0.020238 0.020238 0.001190 0.000000 0.000000 0.001190
0.000000 0.011905 0.008333 0.009524 0.009524 0.008333 0.007143 0.007143 0.188095 0.180952 0.004762 0.009524 0.005952 0.003571 0.002381 0.005952 0.007143 0.000000 0.000000 0.000000 0.009524 0.007143 0.004762 0.004762 0.004762 0.008333 0.158333 0.155952 0.155952 0.011905 0.005952 0.001190 0.004762 0.130952 0.152381 0.000000 0.000000 0.013095 0.005952 0.004762 0.003571 0.001190 0.002381 0.005952 0.005952 0.002381 0.007143 0.002381 0.004762 0.004762 0.003571 0.003571 0.002381 0.000000 0.027381 0.021429 0.000000 0.001190 0.000000 0.001190 0.001190 0.001190 0.001190
0.010714 0.011905 0.223810 0.213095 0.207143 0.008333 0.005952 0.008333 0.004762 0.188095 0.148810 0.005952 0.007143 0.158333 0.003571 0.003571 0.007143 0.000000 0.001190 0.000000 0.000000 0.007143 0.007143 0.011905 0.164286 0.011905 0.011905 0.009524 0.008333 0.163095 0.150000 0.153571 0.148810 0.171429 0.166667 0.011905 0.017857 0.010714 0.011905 0.008333 0.005952 0.008333 0.008333 0.008333 0.009524 0.003571 0.001190 0.003571 0.003571 0.076190 0.003571 0.001190 0.051190 0.086905 0.066667 0.027381 0.023810 0.001190 0.020238 0.000000 0.001190 0.001190 0.001190
0.008333 0.009524 0.008333 0.238095 0.232143 0.008333 0.011905 0.005952 0.002381 0.000000 0.000000 0.155952 0.010714 0.011905 0.010714 0.003571 0.005952 0.001190 0.001190 0.001190 0.000000 0.007143 0.010714 0.166667 0.007143 0.182143 0.008333 0.186905 0.007143 0.202381 0.214286 0.207143 0.210714 0.205952 0.016667 0.011905 0.010714 0.011905 0.014286 0.007143 0.009524 0.011905 0.008333 0.009524 0.009524 0.011905 0.005952 0.003571 0.003571 0.079762 0.005952 0.005952 0.002381 0.053571 0.088095 0.072619 0.028571 0.000000 0.022619 0.021429 0.000000 0.020238 0.000000
0.008333 0.008333 0.007143 0.009524 0.008333 0.008333 0.008333 0.007143 0.004762 0.007143 0.000000 0.000000 0.000000 0.236905 0.000000 0.000000 0.000000 0.000000 0.000000 0.000000 0.147619 0.008333 0.011905 0.007143 0.195238 0.005952 0.210714 0.234524 0.232143 0.232143 0.228571 0.023810 0.023810 0.021429 0.016667 0.019048 0.000000 0.017857 0.017857 0.009524 0.009524 0.009524 0.007143 0.005952 0.005952 0.009524 0.000000 0.000000 0.000000 0.007143 0.003571 0.064286 0.057143 0.005952 0.047619 0.045238 0.000000 0.044048 0.036905 0.034524 0.020238 0.022619 0.022619
0.010714 0.013095 0.015476 0.014286 0.008333 0.008333 0.020238 0.020238 0.016667 0.004762 0.015476 0.016667 0.000000 0.000000 0.013095 0.017857 0.011905 0.000000 0.000000 0.125000 0.151190 0.164286 0.165476 0.177381 0.201190 0.210714 0.007143 0.247619 0.016667 0.016667 0.011905 0.011905 0.009524 0.011905 0.000000 0.000000 0.000000 0.000000 0.000000 0.000000 0.000000 0.000000 0.000000 0.007143 0.005952 0.005952 0.007143 0.000000 0.000000 0.000000 0.064286 0.004762 0.004762 0.046429 0.085714 0.002381 0.002381 0.002381 0.001190 0.000000 0.030952 0.026190 0.026190
0.017857 0.022619 0.013095 0.019048 0.019048 0.017857 0.019048 0.011905 0.013095 0.014286 0.017857 0.014286 0.000000 0.015476 0.015476 0.010714 0.000000 0.000000 0.000000 0.000000 0.000000 0.000000 0.210714 0.211905 0.251190 0.253571 0.258333 0.257143 0.010714 0.011905 0.008333 0.008333 0.008333 0.007143 0.005952 0.263095 0.000000 0.016667 0.014286 0.015476 0.015476 0.015476 0.000000 0.000000 0.005952 0.004762 0.000000 0.000000 0.000000 0.000000 0.000000 0.004762 0.057143 0.048810 0.041667 0.001190 0.001190 0.002381 0.002381 0.002381 0.001190 0.000000 0.000000
0.017857 0.097619 0.025000 0.016667 0.022619 0.015476 0.019048 0.008333 0.011905 0.015476 0.014286 0.014286 0.000000 0.020238 0.010714 0.000000 0.009524 0.028571 0.000000 0.000000 0.013095 0.010714 0.000000 0.000000 0.000000 0.015476 0.016667 0.011905 0.008333 0.009524 0.009524 0.010714 0.009524 0.008333 0.007143 0.005952 0.004762 0.003571 0.010714 0.009524 0.015476 0.015476 0.015476 0.013095 0.007143 0.000000 0.000000 0.000000 0.000000 0.000000 0.000000 0.000000 0.004762 0.054762 0.048810 0.003571 0.003571 0.000000 0.002381 0.001190 0.001190 0.028571 0.002381
0.100000 0.107143 0.115476 0.028571 0.022619 0.022619 0.019048 0.015476 0.019048 0.019048 0.022619 0.014286 0.000000 0.015476 0.009524 0.027381 0.025000 0.028571 0.016667 0.026190 0.021429 0.023810 0.027381 0.022619 0.019048 0.016667 0.010714 0.011905 0.013095 0.010714 0.007143 0.009524 0.016667 0.015476 0.009524 0.005952 0.007143 0.007143 0.009524 0.007143 0.008333 0.014286 0.013095 0.015476 0.008333 0.000000 0.000000 0.000000 0.000000 0.000000 0.000000 0.005952 0.004762 0.002381 0.053571 0.002381 0.052381 0.052381 0.046429 0.035714 0.032143 0.032143 0.002381
0.108333 0.029762 0.126190 0.139286 0.025000 0.021429 0.022619 0.028571 0.032143 0.034524 0.021429 0.000000 0.000000 0.014286 0.019048 0.028571 0.026190 0.015476 0.019048 0.020238 0.022619 0.021429 0.021429 0.017857 0.017857 0.016667 0.015476 0.010714 0.009524 0.010714 0.011905 0.015476 0.016667 0.017857 0.013095 0.010714 0.008333 0.007143 0.013095 0.010714 0.005952 0.004762 0.010714 0.014286 0.011905 0.007143 0.000000 0.000000 0.000000 0.000000 0.000000 0.000000 0.003571 0.003571 0.003571 0.004762 0.003571 0.002381 0.053571 0.048810 0.028571 0.030952 0.001190
