FireSTARR/test/output/RED/RED024/2019-06-15_1628/intensity_H_166_2019-06-15.asc
ncols         26
nrows         20
xllcorner     405343.378600
yllcorner     5818202.364000
cellsize      100.000000
NODATA_value  0.000000
0.000000 0.000000 0.000000 0.000000 0.000000 0.000000 0.000000 0.000000 0.000000 0.000000 0.000000 0.000000 0.000000 0.001190 0.001190 0.001190 0.001190 0.001190 0.001190 0.000000 0.000000 0.000000 0.000000 0.000000 0.000000 0.000000 
0.000000 0.000000 0.000000 0.000000 0.000000 0.000000 0.000000 0.000000 0.000000 0.002381 0.002381 0.002381 0.000000 0.000000 0.001190 0.001190 0.001190 0.001190 0.001190 0.001190 0.001190 0.000000 0.000000 0.000000 0.000000 0.000000 
0.000000 0.000000 0.000000 0.000000 0.000000 0.000000 0.000000 0.001190 0.002381 0.002381 0.002381 0.002381 0.003571 0.003571 0.003571 0.002381 0.002381 0.002381 0.001190 0.001190 0.001190 0.001190 0.001190 0.000000 0.000000 0.000000 
0.000000 0.000000 0.000000 0.000000 0.002381 0.002381 0.002381 0.003571 0.004762 0.000000 0.007143 0.007143 0.007143 0.008333 0.010714 0.010714 0.008333 0.005952 0.002381 0.002381 0.001190 0.001190 0.001190 0.001190 0.000000 0.000000 
0.000000 0.002381 0.002381 0.002381 0.002381 0.002381 0.004762 0.008333 0.011905 0.014286 0.014286 0.016667 0.019048 0.020238 0.016667 0.015476 0.013095 0.010714 0.009524 0.008333 0.003571 0.002381 0.001190 0.001190 0.000000 0.000000 
0.000000 0.002381 0.002381 0.002381 0.002381 0.007143 0.011905 0.015476 0.025000 0.026190 0.025000 0.025000 0.029762 0.027381 0.027381 0.022619 0.019048 0.017857 0.015476 0.009524 0.008333 0.004762 0.001190 0.001190 0.001190 0.000000 
0.000000 0.004762 0.004762 0.002381 0.004762 0.014286 0.017857 0.022619 0.028571 0.032143 0.040476 0.048810 0.054762 0.053571 0.045238 0.038095 0.029762 0.021429 0.019048 0.014286 0.008333 0.005952 0.002381 0.001190 0.001190 0.000000 
0.002381 0.004762 0.004762 0.007143 0.009524 0.020238 0.023810 0.033333 0.033333 0.048810 0.065476 0.075000 0.077381 0.072619 0.080952 0.084524 0.072619 0.060714 0.042857 0.022619 0.009524 0.007143 0.003571 0.001190 0.001190 0.001190 
0.002381 0.002381 0.005952 0.000000 0.020238 0.020238 0.033333 0.034524 0.045238 0.061905 0.079762 0.089286 0.092857 0.098810 0.127381 0.136905 0.166667 0.186905 0.000000 0.030952 0.009524 0.008333 0.003571 0.000000 0.001190 0.000000 
0.000000 0.000000 0.000000 0.000000 0.017857 0.026190 0.034524 0.035714 0.047619 0.063095 0.079762 0.091667 0.094048 0.103571 0.000000 0.155952 0.173810 0.179762 0.000000 0.033333 0.013095 0.008333 0.003571 0.000000 0.001190 0.000000 
0.000000 0.000000 0.000000 0.000000 0.016667 0.035714 0.036905 0.036905 0.047619 0.064286 0.078571 0.091667 0.102381 0.109524 0.145238 0.154762 0.171429 0.144048 0.052381 0.028571 0.013095 0.008333 0.003571 0.001190 0.001190 0.001190 
0.000000 0.000000 0.000000 0.000000 0.016667 0.033333 0.034524 0.034524 0.000000 0.065476 0.071429 0.092857 0.097619 0.102381 0.000000 0.128571 0.103571 0.063095 0.032143 0.020238 0.011905 0.009524 0.000000 0.000000 0.000000 0.000000 
0.000000 0.000000 0.000000 0.000000 0.000000 0.028571 0.035714 0.035714 0.047619 0.057143 0.069048 0.077381 0.085714 0.079762 0.079762 0.075000 0.053571 0.030952 0.023810 0.000000 0.010714 0.000000 0.000000 0.000000 0.000000 0.000000 
0.000000 0.003571 0.005952 0.005952 0.000000 0.000000 0.035714 0.035714 0.042857 0.051190 0.057143 0.059524 0.060714 0.063095 0.057143 0.000000 0.038095 0.000000 0.000000 0.013095 0.000000 0.003571 0.000000 0.000000 0.000000 0.000000 
0.005952 0.009524 0.009524 0.010714 0.013095 0.025000 0.026190 0.029762 0.034524 0.039286 0.042857 0.046429 0.047619 0.000000 0.036905 0.000000 0.000000 0.000000 0.011905 0.000000 0.000000 0.000000 0.001190 0.000000 0.000000 0.000000 
0.003571 0.007143 0.000000 0.000000 0.000000 0.015476 0.000000 0.027381 0.027381 0.029762 0.030952 0.000000 0.000000 0.000000 0.000000 0.013095 0.000000 0.000000 0.000000 0.000000 0.000000 0.000000 0.000000 0.000000 0.000000 0.000000 
0.000000 0.001190 0.000000 0.001190 0.000000 0.000000 0.000000 0.025000 0.023810 0.000000 0.000000 0.000000 0.002381 0.002381 0.000000 0.010714 0.009524 0.000000 0.000000 0.000000 0.000000 0.000000 0.000000 0.000000 0.000000 0.000000 
0.000000 0.000000 0.000000 0.001190 0.002381 0.002381 0.000000 0.016667 0.016667 0.008333 0.000000 0.000000 0.002381 0.000000 0.009524 0.009524 0.007143 0.003571 0.000000 0.000000 0.000000 0.000000 0.000000 0.000000 0.000000 0.000000 
0.000000 0.000000 0.000000 0.000000 0.000000 0.002381 0.007143 0.000000 0.011905 0.008333 0.002381 0.002381 0.000000 0.000000 0.002381 0.000000 0.005952 0.000000 0.000000 0.000000 0.000000 0.000000 0.000000 0.000000 0.000000 0.000000 
0.000000 0.000000 0.000000 0.000000 0.002381 0.002381 0.002381 0.000000 0.008333 0.004762 0.002381 0.001190 0.000000 0.000000 0.000000 0.000000 0.001190 0.000000 0.000000 0.000000 0.000000 0.000000 0.000000 0.000000 0.000000 0.000000 
