FireSTARR/test/output/RED/RED024/2019-06-15_1628/intensity_L_168_2019-06-17.asc
ncols         214
nrows         185
xllcorner     390443.378600
yllcorner     5808602.364000
cellsize      100.000000
NODATA_value  0.000000
[rows 56 to 83 of 185, columns 63 to 125 of 214]
0.000000 0.000000 0.000000 0.001190 0.002381 0.001190 0.001190 0.000000 0.000000 0.000000 0.000000 0.000000 0.000000 0.004762 0.000000 0.000000 0.001190 0.002381 0.003571 0.000000 0.000000 0.000000 0.001190 0.001190 0.001190 0.001190 0.000000 0.000000 0.001190 0.001190 0.002381 0.007143 0.000000 0.000000 0.001190 0.001190 0.001190 0.000000 0.000000 0.000000 0.000000 0.001190 0.013095 0.000000 0.016667 0.021429 0.021429 0.034524 0.001190 0.001190 0.003571 0.002381 0.001190 0.001190 0.001190 0.000000 0.000000 0.000000 0.000000 0.000000 0.000000 0.002381 0.001190
0.000000 0.000000 0.002381 0.002381 0.001190 0.000000 0.001190 0.000000 0.000000 0.000000 0.000000 0.000000 0.000000 0.004762 0.002381 0.000000 0.000000 0.000000 0.002381 0.000000 0.000000 0.000000 0.000000 0.001190 0.001190 0.002381 0.000000 0.000000 0.001190 0.000000 0.007143 0.007143 0.005952 0.000000 0.001190 0.000000 0.001190 0.002381 0.003571 0.001190 0.000000 0.001190 0.009524 0.005952 0.000000 0.029762 0.026190 0.032143 0.029762 0.002381 0.002381 0.001190 0.001190 0.000000 0.000000 0.000000 0.005952 0.001190 0.001190 0.002381 0.002381 0.001190 0.001190
0.000000 0.001190 0.001190 0.001190 0.002381 0.001190 0.000000 0.000000 0.005952 0.004762 0.005952 0.000000 0.000000 0.004762 0.002381 0.002381 0.000000 0.000000 0.001190 0.000000 0.000000 0.000000 0.000000 0.000000 0.001190 0.001190 0.000000 0.001190 0.000000 0.001190 0.001190 0.007143 0.001190 0.001190 0.001190 0.001190 0.001190 0.001190 0.003571 0.002381 0.010714 0.001190 0.001190 0.005952 0.000000 0.000000 0.001190 0.003571 0.038095 0.039286 0.002381 0.002381 0.042857 0.001190 0.000000 0.000000 0.001190 0.003571 0.004762 0.000000 0.001190 0.002381 0.000000
0.001190 0.000000 0.001190 0.009524 0.000000 0.000000 0.000000 0.008333 0.001190 0.007143 0.005952 0.004762 0.004762 0.003571 0.003571 0.003571 0.003571 0.003571 0.003571 0.003571 0.003571 0.000000 0.000000 0.000000 0.001190 0.001190 0.000000 0.001190 0.000000 0.001190 0.001190 0.001190 0.001190 0.000000 0.000000 0.001190 0.003571 0.002381 0.001190 0.001190 0.013095 0.002381 0.001190 0.007143 0.003571 0.000000 0.038095 0.003571 0.002381 0.042857 0.040476 0.036905 0.042857 0.000000 0.000000 0.001190 0.007143 0.004762 0.003571 0.001190 0.005952 0.003571 0.008333
0.001190 0.000000 0.000000 0.010714 0.000000 0.000000 0.000000 0.000000 0.005952 0.005952 0.000000 0.000000 0.003571 0.002381 0.003571 0.003571 0.000000 0.000000 0.000000 0.002381 0.005952 0.005952 0.000000 0.000000 0.001190 0.000000 0.001190 0.001190 0.000000 0.001190 0.000000 0.001190 0.011905 0.000000 0.001190 0.002381 0.001190 0.002381 0.002381 0.002381 0.003571 0.014286 0.008333 0.008333 0.002381 0.000000 0.000000 0.001190 0.001190 0.002381 0.044048 0.036905 0.044048 0.045238 0.050000 0.054762 0.057143 0.002381 0.008333 0.003571 0.004762 0.008333 0.007143
0.000000 0.000000 0.000000 0.011905 0.000000 0.000000 0.000000 0.001190 0.000000 0.000000 0.000000 0.000000 0.000000 0.002381 0.001190 0.001190 0.003571 0.000000 0.000000 0.005952 0.005952 0.005952 0.001190 0.000000 0.001190 0.000000 0.001190 0.001190 0.000000 0.001190 0.000000 0.000000 0.000000 0.001190 0.001190 0.002381 0.001190 0.002381 0.003571 0.003571 0.000000 0.009524 0.010714 0.003571 0.000000 0.000000 0.000000 0.000000 0.001190 0.001190 0.002381 0.044048 0.052381 0.051190 0.052381 0.055952 0.005952 0.005952 0.007143 0.005952 0.007143 0.008333 0.000000
0.000000 0.000000 0.000000 0.000000 0.011905 0.011905 0.001190 0.001190 0.000000 0.000000 0.000000 0.000000 0.000000 0.001190 0.001190 0.002381 0.004762 0.000000 0.001190 0.000000 0.000000 0.001190 0.001190 0.001190 0.001190 0.001190 0.001190 0.001190 0.000000 0.000000 0.000000 0.000000 0.000000 0.000000 0.003571 0.002381 0.002381 0.003571 0.008333 0.003571 0.003571 0.000000 0.011905 0.011905 0.001190 0.000000 0.000000 0.000000 0.000000 0.001190 0.054762 0.053571 0.052381 0.004762 0.000000 0.000000 0.005952 0.005952 0.009524 0.010714 0.013095 0.011905 0.008333
0.000000 0.000000 0.000000 0.000000 0.000000 0.010714 0.001190 0.001190 0.000000 0.004762 0.000000 0.000000 0.003571 0.001190 0.004762 0.004762 0.005952 0.000000 0.001190 0.000000 0.001190 0.001190 0.001190 0.001190 0.000000 0.000000 0.001190 0.000000 0.000000 0.001190 0.001190 0.000000 0.000000 0.000000 0.000000 0.003571 0.001190 0.003571 0.000000 0.003571 0.004762 0.004762 0.005952 0.000000 0.000000 0.000000 0.000000 0.000000 0.000000 0.002381 0.004762 0.054762 0.003571 0.004762 0.003571 0.004762 0.003571 0.064286 0.007143 0.011905 0.014286 0.004762 0.011905
0.000000 0.000000 0.000000 0.000000 0.010714 0.010714 0.001190 0.001190 0.001190 0.004762 0.000000 0.002381 0.001190 0.001190 0.000000 0.001190 0.000000 0.001190 0.001190 0.000000 0.001190 0.001190 0.001190 0.001190 0.000000 0.000000 0.000000 0.000000 0.000000 0.001190 0.001190 0.001190 0.002381 0.001190 0.000000 0.003571 0.003571 0.003571 0.011905 0.000000 0.000000 0.009524 0.010714 0.000000 0.000000 0.000000 0.000000 0.000000 0.000000 0.000000 0.002381 0.004762 0.007143 0.005952 0.003571 0.004762 0.008333 0.008333 0.014286 0.014286 0.004762 0.014286 0.008333
0.000000 0.008333 0.000000 0.009524 0.000000 0.010714 0.000000 0.000000 0.004762 0.004762 0.000000 0.000000 0.007143 0.001190 0.000000 0.000000 0.000000 0.000000 0.001190 0.000000 0.000000 0.000000 0.000000 0.000000 0.000000 0.000000 0.000000 0.000000 0.001190 0.001190 0.000000 0.001190 0.003571 0.004762 0.000000 0.000000 0.003571 0.002381 0.011905 0.000000 0.000000 0.000000 0.003571 0.001190 0.001190 0.000000 0.000000 0.000000 0.000000 0.000000 0.000000 0.000000 0.000000 0.000000 0.000000 0.009524 0.011905 0.013095 0.013095 0.001190 0.007143 0.005952 0.007143
0.007143 0.001190 0.001190 0.009524 0.000000 0.000000 0.000000 0.000000 0.004762 0.005952 0.000000 0.000000 0.000000 0.001190 0.000000 0.000000 0.000000 0.001190 0.000000 0.000000 0.000000 0.000000 0.000000 0.000000 0.000000 0.000000 0.000000 0.000000 0.001190 0.001190 0.001190 0.003571 0.002381 0.003571 0.000000 0.000000 0.003571 0.002381 0.002381 0.002381 0.005952 0.007143 0.004762 0.004762 0.001190 0.001190 0.002381 0.002381 0.005952 0.001190 0.000000 0.000000 0.000000 0.000000 0.000000 0.000000 0.008333 0.008333 0.003571 0.001190 0.000000 0.003571 0.004762
0.000000 0.008333 0.001190 0.000000 0.000000 0.000000 0.000000 0.005952 0.005952 0.005952 0.000000 0.000000 0.003571 0.000000 0.000000 0.000000 0.001190 0.000000 0.001190 0.000000 0.000000 0.000000 0.000000 0.000000 0.000000 0.000000 0.000000 0.001190 0.000000 0.000000 0.001190 0.004762 0.002381 0.005952 0.003571 0.000000 0.003571 0.004762 0.004762 0.003571 0.004762 0.007143 0.000000 0.005952 0.003571 0.001190 0.000000 0.000000 0.001190 0.002381 0.003571 0.007143 0.000000 0.000000 0.000000 0.000000 0.000000 0.008333 0.005952 0.003571 0.003571 0.004762 0.004762
0.000000 0.000000 0.000000 0.010714 0.007143 0.000000 0.000000 0.000000 0.007143 0.000000 0.000000 0.003571 0.003571 0.002381 0.000000 0.000000 0.002381 0.001190 0.000000 0.000000 0.000000 0.000000 0.000000 0.000000 0.000000 0.000000 0.000000 0.000000 0.001190 0.001190 0.001190 0.002381 0.004762 0.008333 0.004762 0.000000 0.000000 0.001190 0.005952 0.002381 0.003571 0.004762 0.008333 0.000000 0.000000 0.003571 0.000000 0.000000 0.005952 0.004762 0.025000 0.009524 0.025000 0.008333 0.007143 0.005952 0.000000 0.001190 0.001190 0.001190 0.003571 0.003571 0.003571
0.002381 0.000000 0.005952 0.007143 0.005952 0.005952 0.005952 0.000000 0.003571 0.000000 0.000000 0.000000 0.004762 0.005952 0.000000 0.000000 0.001190 0.000000 0.000000 0.000000 0.000000 0.000000 0.000000 0.000000 0.000000 0.000000 0.000000 0.000000 0.000000 0.000000 0.000000 0.001190 0.001190 0.002381 0.002381 0.027381 0.027381 0.003571 0.002381 0.002381 0.002381 0.034524 0.004762 0.000000 0.000000 0.000000 0.000000 0.000000 0.000000 0.021429 0.022619 0.027381 0.028571 0.010714 0.009524 0.000000 0.000000 0.002381 0.002381 0.001190 0.004762 0.003571 0.003571
0.000000 0.000000 0.000000 0.007143 0.007143 0.000000 0.000000 0.000000 0.000000 0.000000 0.000000 0.000000 0.000000 0.000000 0.000000 0.000000 0.000000 0.000000 0.000000 0.000000 0.000000 0.000000 0.000000 0.000000 0.000000 0.000000 0.000000 0.000000 0.000000 0.000000 0.002381 0.023810 0.022619 0.025000 0.023810 0.027381 0.028571 0.001190 0.000000 0.001190 0.001190 0.001190 0.000000 0.000000 0.000000 0.000000 0.000000 0.000000 0.000000 0.000000 0.000000 0.032143 0.029762 0.010714 0.009524 0.011905 0.000000 0.001190 0.003571 0.003571 0.001190 0.002381 0.002381
0.000000 0.000000 0.000000 0.000000 0.005952 0.000000 0.000000 0.000000 0.000000 0.000000 0.000000 0.000000 0.000000 0.000000 0.008333 0.008333 0.000000 0.001190 0.002381 0.000000 0.000000 0.000000 0.000000 0.000000 0.000000 0.000000 0.000000 0.000000 0.000000 0.001190 0.002381 0.002381 0.025000 0.000000 0.000000 0.002381 0.001190 0.000000 0.000000 0.000000 0.001190 0.000000 0.057143 0.000000 0.000000 0.000000 0.000000 0.000000 0.000000 0.000000 0.000000 0.008333 0.008333 0.010714 0.010714 0.004762 0.013095 0.000000 0.004762 0.001190 0.001190 0.002381 0.002381
0.000000 0.000000 0.000000 0.004762 0.000000 0.000000 0.000000 0.000000 0.000000 0.000000 0.000000 0.000000 0.000000 0.000000 0.007143 0.000000 0.007143 0.000000 0.000000 0.000000 0.000000 0.000000 0.000000 0.000000 0.000000 0.000000 0.000000 0.000000 0.001190 0.002381 0.002381 0.002381 0.000000 0.000000 0.000000 0.001190 0.001190 0.001190 0.001190 0.004762 0.004762 0.054762 0.060714 0.001190 0.007143 0.000000 0.000000 0.000000 0.000000 0.000000 0.000000 0.004762 0.008333 0.004762 0.013095 0.003571 0.014286 0.003571 0.004762 0.001190 0.002381 0.003571 0.008333
0.005952 0.000000 0.000000 0.001190 0.001190 0.000000 0.000000 0.000000 0.000000 0.000000 0.000000 0.000000 0.000000 0.000000 0.007143 0.000000 0.000000 0.000000 0.000000 0.000000 0.000000 0.000000 0.000000 0.000000 0.000000 0.000000 0.000000 0.000000 0.001190 0.002381 0.002381 0.002381 0.000000 0.000000 0.001190 0.001190 0.000000 0.000000 0.000000 0.004762 0.000000 0.054762 0.010714 0.000000 0.000000 0.000000 0.002381 0.004762 0.000000 0.000000 0.008333 0.015476 0.004762 0.010714 0.004762 0.002381 0.011905 0.009524 0.002381 0.002381 0.003571 0.008333 0.005952
0.005952 0.000000 0.000000 0.000000 0.000000 0.000000 0.000000 0.000000 0.000000 0.000000 0.000000 0.000000 0.000000 0.000000 0.000000 0.000000 0.000000 0.000000 0.000000 0.000000 0.000000 0.000000 0.000000 0.000000 0.000000 0.000000 0.000000 0.000000 0.001190 0.002381 0.002381 0.002381 0.001190 0.000000 0.001190 0.001190 0.000000 0.000000 0.000000 0.000000 0.000000 0.009524 0.002381 0.002381 0.001190 0.011905 0.004762 0.005952 0.004762 0.004762 0.003571 0.013095 0.013095 0.004762 0.002381 0.002381 0.010714 0.008333 0.010714 0.003571 0.004762 0.009524 0.005952
0.000000 0.000000 0.000000 0.000000 0.001190 0.000000 0.000000 0.000000 0.002381 0.000000 0.000000 0.000000 0.000000 0.000000 0.000000 0.000000 0.000000 0.000000 0.000000 0.000000 0.000000 0.000000 0.000000 0.000000 0.000000 0.000000 0.000000 0.000000 0.000000 0.001190 0.002381 0.003571 0.001190 0.000000 0.001190 0.001190 0.000000 0.000000 0.000000 0.000000 0.000000 0.009524 0.009524 0.003571 0.001190 0.009524 0.007143 0.034524 0.004762 0.003571 0.002381 0.003571 0.013095 0.005952 0.001190 0.003571 0.003571 0.001190 0.001190 0.013095 0.005952 0.004762 0.004762
0.000000 0.000000 0.000000 0.001190 0.001190 0.002381 0.000000 0.000000 0.000000 0.000000 0.000000 0.000000 0.000000 0.000000 0.000000 0.000000 0.000000 0.000000 0.000000 0.000000 0.000000 0.000000 0.001190 0.002381 0.000000 0.000000 0.000000 0.000000 0.000000 0.001190 0.002381 0.002381 0.002381 0.000000 0.000000 0.001190 0.001190 0.000000 0.000000 0.000000 0.008333 0.009524 0.010714 0.003571 0.001190 0.005952 0.003571 0.038095 0.010714 0.005952 0.007143 0.004762 0.004762 0.007143 0.001190 0.003571 0.009524 0.011905 0.010714 0.004762 0.003571 0.004762 0.004762
0.000000 0.000000 0.001190 0.001190 0.000000 0.001190 0.000000 0.000000 0.000000 0.000000 0.000000 0.000000 0.000000 0.000000 0.000000 0.000000 0.000000 0.000000 0.000000 0.000000 0.000000 0.000000 0.001190 0.002381 0.002381 0.002381 0.002381 0.002381 0.000000 0.001190 0.002381 0.002381 0.003571 0.002381 0.000000 0.000000 0.001190 0.001190 0.000000 0.000000 0.005952 0.010714 0.001190 0.002381 0.003571 0.013095 0.003571 0.034524 0.010714 0.034524 0.038095 0.003571 0.007143 0.005952 0.003571 0.002381 0.003571 0.001190 0.010714 0.011905 0.005952 0.005952 0.005952
0.000000 0.000000 0.001190 0.001190 0.000000 0.000000 0.000000 0.000000 0.000000 0.000000 0.000000 0.000000 0.000000 0.000000 0.000000 0.000000 0.000000 0.000000 0.000000 0.000000 0.000000 0.000000 0.001190 0.000000 0.002381 0.002381 0.000000 0.002381 0.002381 0.001190 0.002381 0.002381 0.003571 0.002381 0.001190 0.000000 0.000000 0.000000 0.000000 0.000000 0.005952 0.009524 0.010714 0.009524 0.001190 0.007143 0.009524 0.032143 0.034524 0.033333 0.040476 0.039286 0.000000 0.000000 0.000000 0.002381 0.003571 0.001190 0.002381 0.004762 0.005952 0.005952 0.004762
0.000000 0.000000 0.001190 0.001190 0.001190 0.000000 0.000000 0.000000 0.000000 0.000000 0.000000 0.000000 0.000000 0.000000 0.000000 0.000000 0.000000 0.000000 0.000000 0.000000 0.000000 0.001190 0.001190 0.001190 0.002381 0.002381 0.002381 0.002381 0.002381 0.000000 0.002381 0.002381 0.003571 0.002381 0.003571 0.002381 0.001190 0.001190 0.003571 0.000000 0.000000 0.000000 0.000000 0.000000 0.013095 0.009524 0.020238 0.000000 0.022619 0.021429 0.025000 0.025000 0.000000 0.000000 0.000000 0.079762 0.003571 0.001190 0.002381 0.004762 0.004762 0.004762 0.004762
0.000000 0.000000 0.001190 0.001190 0.001190 0.000000 0.000000 0.000000 0.000000 0.000000 0.000000 0.000000 0.000000 0.000000 0.000000 0.000000 0.000000 0.000000 0.000000 0.000000 0.001190 0.001190 0.001190 0.002381 0.002381 0.002381 0.002381 0.002381 0.001190 0.002381 0.000000 0.000000 0.000000 0.000000 0.000000 0.003571 0.000000 0.003571 0.002381 0.002381 0.000000 0.000000 0.005952 0.000000 0.000000 0.047619 0.000000 0.000000 0.000000 0.016667 0.020238 0.015476 0.000000 0.000000 0.000000 0.079762 0.003571 0.001190 0.001190 0.003571 0.004762 0.005952 0.004762
0.000000 0.005952 0.001190 0.001190 0.000000 0.000000 0.000000 0.000000 0.000000 0.000000 0.000000 0.000000 0.000000 0.000000 0.000000 0.000000 0.000000 0.000000 0.000000 0.000000 0.000000 0.000000 0.002381 0.002381 0.002381 0.000000 0.002381 0.002381 0.001190 0.002381 0.000000 0.000000 0.004762 0.003571 0.004762 0.004762 0.000000 0.000000 0.000000 0.000000 0.000000 0.000000 0.003571 0.001190 0.000000 0.000000 0.000000 0.000000 0.000000 0.019048 0.019048 0.000000 0.000000 0.041667 0.054762 0.079762 0.003571 0.003571 0.002381 0.003571 0.004762 0.005952 0.007143
0.000000 0.000000 0.005952 0.000000 0.000000 0.000000 0.000000 0.000000 0.000000 0.000000 0.000000 0.000000 0.000000 0.000000 0.000000 0.000000 0.000000 0.000000 0.000000 0.000000 0.001190 0.001190 0.000000 0.002381 0.002381 0.000000 0.000000 0.000000 0.002381 0.003571 0.008333 0.008333 0.000000 0.000000 0.015476 0.000000 0.000000 0.000000 0.000000 0.015476 0.000000 0.000000 0.000000 0.009524 0.000000 0.000000 0.000000 0.000000 0.000000 0.030952 0.000000 0.000000 0.033333 0.050000 0.054762 0.078571 0.003571 0.003571 0.001190 0.002381 0.003571 0.005952 0.008333
0.000000 0.000000 0.000000 0.000000 0.000000 0.000000 0.000000 0.000000 0.000000 0.000000 0.000000 0.000000 0.000000 0.000000 0.000000 0.000000 0.000000 0.000000 0.000000 0.000000 0.001190 0.002381 0.000000 0.002381 0.002381 0.000000 0.000000 0.001190 0.002381 0.003571 0.001190 0.000000 0.001190 0.001190 0.001190 0.000000 0.014286 0.016667 0.013095 0.013095 0.014286 0.014286 0.011905 0.000000 0.000000 0.000000 0.000000 0.000000 0.000000 0.000000 0.009524 0.000000 0.000000 0.071429 0.070238 0.075000 0.003571 0.004762 0.002381 0.002381 0.003571 0.000000 0.008333
