FireSTARR/test/output/RED/RED024/2019-06-15_1628/intensity_H_167_2019-06-16.asc
ncols         105
nrows         97
xllcorner     399043.378600
yllcorner     5813602.364000
cellsize      100.000000
NODATA_value  0.000000
[rows 28 to 55 of 97, columns 0 to 62 of 105]
0.000000 0.000000 0.000000 0.000000 0.000000 0.000000 0.000000 0.000000 0.000000 0.001190 0.001190 0.000000 0.004762 0.000000 0.002381 0.005952 0.005952 0.003571 0.003571 0.003571 0.003571 0.007143 0.009524 0.009524 0.013095 0.011905 0.014286 0.000000 0.000000 0.000000 0.000000 0.000000 0.000000 0.057143 0.061905 0.061905 0.064286 0.064286 0.066667 0.064286 0.060714 0.059524 0.001190 0.002381 0.004762 0.075000 0.073810 0.075000 0.069048 0.059524 0.055952 0.054762 0.047619 0.045238 0.000000 0.110714 0.123810 0.098810 0.102381 0.100000 0.127381 0.121429 0.123810
0.000000 0.000000 0.000000 0.000000 0.000000 0.000000 0.000000 0.000000 0.000000 0.001190 0.000000 0.002381 0.000000 0.000000 0.001190 0.002381 0.002381 0.005952 0.002381 0.000000 0.004762 0.003571 0.009524 0.000000 0.000000 0.014286 0.014286 0.011905 0.011905 0.000000 0.000000 0.000000 0.000000 0.000000 0.058333 0.060714 0.065476 0.067857 0.071429 0.064286 0.064286 0.067857 0.002381 0.076190 0.003571 0.003571 0.085714 0.084524 0.084524 0.079762 0.076190 0.058333 0.048810 0.000000 0.000000 0.116667 0.104762 0.108333 0.108333 0.136905 0.130952 0.127381 0.100000
0.000000 0.000000 0.000000 0.000000 0.000000 0.000000 0.000000 0.000000 0.000000 0.000000 0.000000 0.001190 0.000000 0.004762 0.005952 0.001190 0.007143 0.005952 0.005952 0.002381 0.000000 0.000000 0.003571 0.000000 0.000000 0.011905 0.011905 0.000000 0.014286 0.001190 0.029762 0.029762 0.021429 0.000000 0.067857 0.064286 0.069048 0.070238 0.077381 0.076190 0.082143 0.082143 0.003571 0.086905 0.090476 0.004762 0.101190 0.095238 0.092857 0.094048 0.100000 0.083333 0.083333 0.000000 0.000000 0.105952 0.109524 0.110714 0.108333 0.109524 0.110714 0.103571 0.102381
0.000000 0.000000 0.000000 0.000000 0.000000 0.000000 0.000000 0.000000 0.000000 0.000000 0.000000 0.000000 0.000000 0.000000 0.000000 0.002381 0.007143 0.008333 0.000000 0.002381 0.000000 0.000000 0.000000 0.000000 0.000000 0.000000 0.000000 0.000000 0.001190 0.001190 0.039286 0.040476 0.000000 0.000000 0.071429 0.072619 0.073810 0.079762 0.083333 0.083333 0.084524 0.088095 0.091667 0.095238 0.094048 0.100000 0.005952 0.101190 0.102381 0.109524 0.109524 0.111905 0.115476 0.116667 0.123810 0.128571 0.135714 0.111905 0.108333 0.111905 0.109524 0.105952 0.105952
0.000000 0.000000 0.000000 0.000000 0.000000 0.000000 0.000000 0.000000 0.000000 0.000000 0.000000 0.000000 0.000000 0.000000 0.008333 0.008333 0.008333 0.008333 0.008333 0.000000 0.000000 0.000000 0.000000 0.000000 0.000000 0.000000 0.000000 0.000000 0.000000 0.001190 0.044048 0.044048 0.046429 0.000000 0.072619 0.076190 0.083333 0.085714 0.085714 0.084524 0.090476 0.092857 0.094048 0.095238 0.100000 0.101190 0.107143 0.107143 0.107143 0.111905 0.113095 0.115476 0.117857 0.119048 0.122619 0.134524 0.115476 0.111905 0.113095 0.164286 0.166667 0.151190 0.157143
0.000000 0.000000 0.000000 0.000000 0.000000 0.000000 0.000000 0.000000 0.002381 0.000000 0.002381 0.002381 0.003571 0.005952 0.007143 0.007143 0.008333 0.008333 0.000000 0.000000 0.000000 0.000000 0.000000 0.000000 0.000000 0.000000 0.000000 0.000000 0.051190 0.030952 0.033333 0.038095 0.059524 0.047619 0.076190 0.076190 0.082143 0.083333 0.085714 0.091667 0.095238 0.096429 0.097619 0.101190 0.103571 0.104762 0.107143 0.107143 0.111905 0.110714 0.115476 0.117857 0.117857 0.120238 0.121429 0.000000 0.130952 0.150000 0.159524 0.166667 0.170238 0.158333 0.167857
0.000000 0.000000 0.000000 0.000000 0.000000 0.000000 0.000000 0.001190 0.002381 0.002381 0.002381 0.003571 0.003571 0.004762 0.005952 0.005952 0.005952 0.007143 0.000000 0.000000 0.023810 0.015476 0.000000 0.000000 0.000000 0.000000 0.000000 0.000000 0.055952 0.057143 0.061905 0.045238 0.060714 0.051190 0.077381 0.082143 0.082143 0.085714 0.092857 0.094048 0.096429 0.101190 0.102381 0.105952 0.107143 0.108333 0.109524 0.114286 0.116667 0.117857 0.000000 0.125000 0.127381 0.128571 0.000000 0.000000 0.147619 0.153571 0.167857 0.176190 0.186905 0.179762 0.178571
0.000000 0.000000 0.000000 0.000000 0.000000 0.000000 0.000000 0.001190 0.001190 0.002381 0.002381 0.003571 0.003571 0.004762 0.004762 0.004762 0.004762 0.000000 0.000000 0.014286 0.028571 0.030952 0.034524 0.035714 0.042857 0.000000 0.000000 0.053571 0.035714 0.065476 0.040476 0.067857 0.064286 0.054762 0.061905 0.084524 0.089286 0.089286 0.092857 0.097619 0.098810 0.103571 0.103571 0.107143 0.109524 0.111905 0.113095 0.117857 0.120238 0.126190 0.132143 0.134524 0.135714 0.136905 0.140476 0.150000 0.154762 0.000000 0.000000 0.171429 0.177381 0.178571 0.196429
0.000000 0.000000 0.000000 0.000000 0.000000 0.000000 0.000000 0.001190 0.001190 0.001190 0.002381 0.002381 0.003571 0.003571 0.004762 0.004762 0.004762 0.000000 0.009524 0.026190 0.030952 0.036905 0.021429 0.047619 0.048810 0.051190 0.052381 0.057143 0.036905 0.039286 0.070238 0.072619 0.073810 0.060714 0.063095 0.065476 0.091667 0.094048 0.096429 0.100000 0.105952 0.105952 0.108333 0.105952 0.110714 0.110714 0.000000 0.120238 0.125000 0.129762 0.133333 0.136905 0.138095 0.141667 0.142857 0.154762 0.160714 0.170238 0.180952 0.000000 0.184524 0.190476 0.216667
0.000000 0.000000 0.000000 0.000000 0.000000 0.000000 0.000000 0.001190 0.001190 0.001190 0.001190 0.001190 0.003571 0.003571 0.004762 0.004762 0.000000 0.000000 0.009524 0.015476 0.029762 0.033333 0.020238 0.046429 0.000000 0.051190 0.057143 0.061905 0.063095 0.045238 0.071429 0.076190 0.079762 0.078571 0.086905 0.089286 0.067857 0.098810 0.095238 0.100000 0.105952 0.108333 0.109524 0.109524 0.111905 0.113095 0.000000 0.000000 0.127381 0.009524 0.135714 0.139286 0.139286 0.142857 0.145238 0.157143 0.167857 0.177381 0.190476 0.201190 0.203571 0.207143 0.213095
0.000000 0.000000 0.000000 0.000000 0.000000 0.000000 0.000000 0.000000 0.001190 0.001190 0.001190 0.001190 0.001190 0.002381 0.002381 0.002381 0.000000 0.009524 0.009524 0.014286 0.026190 0.027381 0.019048 0.036905 0.000000 0.053571 0.059524 0.064286 0.067857 0.067857 0.070238 0.075000 0.080952 0.060714 0.063095 0.066667 0.096429 0.098810 0.101190 0.102381 0.107143 0.113095 0.114286 0.114286 0.000000 0.120238 0.126190 0.128571 0.129762 0.130952 0.133333 0.138095 0.138095 0.139286 0.146429 0.158333 0.170238 0.182143 0.189286 0.195238 0.000000 0.207143 0.215476
0.000000 0.000000 0.000000 0.000000 0.000000 0.000000 0.000000 0.000000 0.001190 0.001190 0.001190 0.001190 0.001190 0.001190 0.001190 0.000000 0.000000 0.009524 0.009524 0.019048 0.022619 0.026190 0.015476 0.022619 0.000000 0.048810 0.000000 0.000000 0.066667 0.066667 0.067857 0.073810 0.076190 0.079762 0.082143 0.066667 0.067857 0.098810 0.101190 0.105952 0.108333 0.113095 0.111905 0.114286 0.115476 0.000000 0.000000 0.123810 0.127381 0.127381 0.000000 0.135714 0.136905 0.136905 0.000000 0.147619 0.160714 0.163095 0.164286 0.135714 0.000000 0.000000 0.000000
0.000000 0.000000 0.000000 0.000000 0.000000 0.000000 0.000000 0.000000 0.000000 0.000000 0.001190 0.001190 0.001190 0.001190 0.001190 0.001190 0.000000 0.009524 0.009524 0.010714 0.013095 0.020238 0.011905 0.011905 0.000000 0.000000 0.000000 0.000000 0.000000 0.000000 0.000000 0.000000 0.077381 0.082143 0.090476 0.092857 0.095238 0.098810 0.100000 0.105952 0.109524 0.111905 0.114286 0.110714 0.109524 0.111905 0.116667 0.000000 0.000000 0.000000 0.000000 0.135714 0.135714 0.136905 0.140476 0.141667 0.139286 0.144048 0.133333 0.100000 0.075000 0.000000 0.000000
0.000000 0.000000 0.000000 0.000000 0.000000 0.000000 0.000000 0.000000 0.000000 0.000000 0.001190 0.001190 0.001190 0.001190 0.001190 0.001190 0.000000 0.000000 0.000000 0.000000 0.000000 0.011905 0.010714 0.000000 0.000000 0.000000 0.000000 0.000000 0.000000 0.000000 0.000000 0.000000 0.000000 0.083333 0.091667 0.095238 0.097619 0.100000 0.102381 0.102381 0.108333 0.107143 0.109524 0.108333 0.108333 0.110714 0.096429 0.070238 0.000000 0.000000 0.000000 0.134524 0.139286 0.139286 0.139286 0.139286 0.133333 0.129762 0.104762 0.091667 0.073810 0.000000 0.000000
0.000000 0.000000 0.000000 0.000000 0.000000 0.000000 0.000000 0.000000 0.000000 0.000000 0.000000 0.000000 0.000000 0.000000 0.001190 0.000000 0.000000 0.000000 0.000000 0.000000 0.000000 0.000000 0.000000 0.000000 0.000000 0.000000 0.000000 0.000000 0.000000 0.000000 0.000000 0.000000 0.000000 0.082143 0.094048 0.094048 0.095238 0.095238 0.101190 0.100000 0.104762 0.104762 0.105952 0.108333 0.107143 0.100000 0.088095 0.073810 0.000000 0.000000 0.000000 0.134524 0.138095 0.136905 0.140476 0.139286 0.129762 0.122619 0.108333 0.101190 0.088095 0.000000 0.000000
0.000000 0.000000 0.000000 0.000000 0.000000 0.000000 0.000000 0.000000 0.000000 0.000000 0.000000 0.000000 0.000000 0.000000 0.000000 0.000000 0.000000 0.000000 0.000000 0.000000 0.000000 0.000000 0.000000 0.000000 0.000000 0.000000 0.000000 0.000000 0.000000 0.000000 0.000000 0.000000 0.000000 0.083333 0.091667 0.095238 0.092857 0.097619 0.092857 0.095238 0.103571 0.104762 0.104762 0.102381 0.098810 0.097619 0.092857 0.085714 0.072619 0.000000 0.122619 0.134524 0.133333 0.135714 0.135714 0.000000 0.136905 0.136905 0.126190 0.117857 0.111905 0.094048 0.000000
0.000000 0.000000 0.000000 0.000000 0.000000 0.000000 0.000000 0.000000 0.000000 0.000000 0.000000 0.000000 0.000000 0.000000 0.000000 0.000000 0.000000 0.000000 0.000000 0.000000 0.000000 0.000000 0.000000 0.000000 0.000000 0.000000 0.000000 0.000000 0.000000 0.000000 0.000000 0.000000 0.000000 0.083333 0.088095 0.089286 0.092857 0.089286 0.094048 0.095238 0.100000 0.102381 0.102381 0.101190 0.101190 0.101190 0.101190 0.101190 0.104762 0.000000 0.117857 0.126190 0.128571 0.126190 0.115476 0.000000 0.000000 0.148810 0.147619 0.144048 0.164286 0.179762 0.000000
0.000000 0.000000 0.000000 0.000000 0.000000 0.001190 0.001190 0.002381 0.003571 0.005952 0.005952 0.008333 0.009524 0.000000 0.000000 0.000000 0.000000 0.000000 0.000000 0.000000 0.000000 0.000000 0.000000 0.000000 0.000000 0.000000 0.000000 0.052381 0.000000 0.000000 0.000000 0.000000 0.000000 0.077381 0.084524 0.089286 0.088095 0.089286 0.000000 0.091667 0.094048 0.000000 0.103571 0.103571 0.103571 0.103571 0.107143 0.108333 0.110714 0.116667 0.110714 0.113095 0.115476 0.113095 0.103571 0.000000 0.000000 0.151190 0.000000 0.176190 0.186905 0.195238 0.200000
0.000000 0.000000 0.000000 0.000000 0.000000 0.001190 0.000000 0.000000 0.000000 0.007143 0.009524 0.009524 0.013095 0.013095 0.010714 0.000000 0.000000 0.000000 0.000000 0.000000 0.000000 0.000000 0.014286 0.014286 0.000000 0.000000 0.000000 0.000000 0.059524 0.063095 0.064286 0.065476 0.000000 0.073810 0.076190 0.079762 0.080952 0.073810 0.000000 0.000000 0.000000 0.000000 0.102381 0.102381 0.104762 0.105952 0.107143 0.108333 0.107143 0.111905 0.107143 0.109524 0.103571 0.103571 0.096429 0.000000 0.000000 0.000000 0.173810 0.178571 0.189286 0.198810 0.200000
0.000000 0.000000 0.000000 0.000000 0.000000 0.000000 0.000000 0.000000 0.000000 0.009524 0.009524 0.010714 0.010714 0.010714 0.011905 0.011905 0.013095 0.013095 0.010714 0.000000 0.011905 0.000000 0.020238 0.021429 0.021429 0.029762 0.000000 0.000000 0.060714 0.063095 0.066667 0.067857 0.070238 0.071429 0.075000 0.073810 0.072619 0.000000 0.000000 0.000000 0.000000 0.094048 0.000000 0.001190 0.101190 0.103571 0.107143 0.105952 0.104762 0.105952 0.000000 0.000000 0.000000 0.000000 0.095238 0.000000 0.000000 0.000000 0.172619 0.176190 0.183333 0.190476 0.185714
0.000000 0.000000 0.000000 0.000000 0.000000 0.000000 0.000000 0.000000 0.000000 0.001190 0.001190 0.011905 0.011905 0.010714 0.013095 0.013095 0.013095 0.015476 0.015476 0.000000 0.017857 0.000000 0.021429 0.016667 0.030952 0.025000 0.032143 0.027381 0.000000 0.000000 0.064286 0.066667 0.067857 0.070238 0.072619 0.073810 0.072619 0.000000 0.000000 0.085714 0.084524 0.079762 0.057143 0.000000 0.101190 0.000000 0.103571 0.103571 0.102381 0.091667 0.072619 0.000000 0.000000 0.000000 0.000000 0.000000 0.000000 0.169048 0.169048 0.170238 0.164286 0.166667 0.166667
0.000000 0.000000 0.000000 0.000000 0.000000 0.000000 0.000000 0.000000 0.000000 0.000000 0.002381 0.011905 0.011905 0.013095 0.011905 0.013095 0.013095 0.015476 0.015476 0.015476 0.020238 0.017857 0.019048 0.016667 0.026190 0.030952 0.025000 0.019048 0.010714 0.000000 0.000000 0.000000 0.000000 0.000000 0.070238 0.072619 0.080952 0.082143 0.083333 0.080952 0.079762 0.065476 0.000000 0.000000 0.000000 0.000000 0.101190 0.098810 0.092857 0.076190 0.070238 0.000000 0.000000 0.000000 0.000000 0.000000 0.000000 0.000000 0.163095 0.160714 0.163095 0.157143 0.150000
0.000000 0.001190 0.001190 0.001190 0.001190 0.000000 0.000000 0.000000 0.001190 0.001190 0.010714 0.010714 0.011905 0.013095 0.013095 0.014286 0.013095 0.015476 0.014286 0.000000 0.017857 0.020238 0.023810 0.019048 0.022619 0.017857 0.017857 0.017857 0.036905 0.000000 0.044048 0.045238 0.044048 0.000000 0.000000 0.000000 0.076190 0.083333 0.080952 0.073810 0.069048 0.061905 0.055952 0.000000 0.000000 0.000000 0.091667 0.080952 0.076190 0.076190 0.069048 0.000000 0.000000 0.000000 0.000000 0.000000 0.153571 0.155952 0.000000 0.160714 0.155952 0.153571 0.147619
0.001190 0.000000 0.001190 0.001190 0.001190 0.001190 0.002381 0.000000 0.001190 0.009524 0.010714 0.010714 0.011905 0.013095 0.013095 0.013095 0.014286 0.013095 0.014286 0.000000 0.000000 0.017857 0.023810 0.019048 0.000000 0.000000 0.032143 0.032143 0.039286 0.042857 0.047619 0.050000 0.053571 0.035714 0.064286 0.000000 0.000000 0.080952 0.076190 0.073810 0.060714 0.061905 0.059524 0.059524 0.060714 0.000000 0.000000 0.073810 0.070238 0.000000 0.000000 0.000000 0.000000 0.000000 0.000000 0.000000 0.000000 0.151190 0.154762 0.154762 0.152381 0.151190 0.147619
0.000000 0.000000 0.001190 0.001190 0.001190 0.001190 0.002381 0.000000 0.001190 0.009524 0.010714 0.010714 0.010714 0.011905 0.013095 0.013095 0.013095 0.011905 0.000000 0.000000 0.000000 0.000000 0.000000 0.026190 0.026190 0.033333 0.038095 0.034524 0.040476 0.026190 0.048810 0.051190 0.034524 0.035714 0.038095 0.070238 0.072619 0.000000 0.072619 0.070238 0.069048 0.064286 0.064286 0.064286 0.064286 0.063095 0.066667 0.063095 0.000000 0.000000 0.000000 0.000000 0.000000 0.000000 0.000000 0.000000 0.147619 0.151190 0.152381 0.150000 0.148810 0.148810 0.150000
0.000000 0.000000 0.001190 0.001190 0.001190 0.001190 0.002381 0.003571 0.004762 0.009524 0.009524 0.010714 0.010714 0.000000 0.011905 0.010714 0.013095 0.011905 0.011905 0.000000 0.000000 0.000000 0.000000 0.022619 0.026190 0.029762 0.036905 0.035714 0.036905 0.021429 0.047619 0.032143 0.035714 0.000000 0.070238 0.070238 0.069048 0.067857 0.069048 0.066667 0.064286 0.061905 0.063095 0.064286 0.064286 0.064286 0.063095 0.052381 0.000000 0.000000 0.000000 0.000000 0.000000 0.000000 0.000000 0.142857 0.144048 0.148810 0.147619 0.142857 0.142857 0.146429 0.148810
0.000000 0.000000 0.001190 0.001190 0.002381 0.002381 0.002381 0.003571 0.004762 0.008333 0.009524 0.010714 0.000000 0.010714 0.010714 0.014286 0.010714 0.011905 0.013095 0.010714 0.007143 0.000000 0.000000 0.025000 0.027381 0.030952 0.032143 0.034524 0.028571 0.000000 0.000000 0.000000 0.065476 0.052381 0.057143 0.054762 0.067857 0.067857 0.000000 0.042857 0.046429 0.046429 0.061905 0.064286 0.064286 0.060714 0.055952 0.000000 0.000000 0.000000 0.000000 0.000000 0.000000 0.000000 0.135714 0.000000 0.000000 0.138095 0.140476 0.141667 0.145238 0.141667 0.140476
0.000000 0.000000 0.001190 0.002381 0.002381 0.002381 0.002381 0.002381 0.003571 0.004762 0.007143 0.010714 0.010714 0.010714 0.011905 0.011905 0.007143 0.013095 0.011905 0.013095 0.011905 0.000000 0.000000 0.000000 0.000000 0.033333 0.032143 0.033333 0.029762 0.000000 0.000000 0.064286 0.066667 0.055952 0.055952 0.055952 0.000000 0.059524 0.000000 0.046429 0.046429 0.050000 0.054762 0.054762 0.000000 0.000000 0.000000 0.000000 0.000000 0.000000 0.000000 0.000000 0.125000 0.125000 0.126190 0.127381 0.132143 0.136905 0.000000 0.138095 0.141667 0.140476 0.136905
