FireSTARR/test/output/RED/RED024/2019-06-15_1628/intensity_H_172_2019-06-21.asc
ncols         741
nrows         582
xllcorner     352743.378600
yllcorner     5790302.364000
cellsize      100.000000
NODATA_value  0.000000
[rows 420 to 447 of 582, columns 441 to 503 of 741]
0.097619 0.091667 0.094048 0.066667 0.071429 0.069048 0.098810 0.098810 0.072619 0.070238 0.061905 0.096429 0.096429 0.097619 0.097619 0.096429 0.096429 0.095238 0.094048 0.094048 0.092857 0.000000 0.091667 0.091667 0.091667 0.088095 0.084524 0.080952 0.082143 0.055952 0.055952 0.054762 0.048810 0.048810 0.050000 0.067857 0.000000 0.054762 0.079762 0.050000 0.050000 0.083333 0.080952 0.077381 0.075000 0.000000 0.000000 0.070238 0.070238 0.000000 0.000000 0.000000 0.069048 0.066667 0.045238 0.066667 0.065476 0.059524 0.000000 0.058333 0.057143 0.059524 0.057143
0.094048 0.089286 0.063095 0.085714 0.064286 0.067857 0.066667 0.065476 0.059524 0.000000 0.064286 0.092857 0.000000 0.092857 0.094048 0.095238 0.092857 0.091667 0.092857 0.090476 0.000000 0.000000 0.091667 0.090476 0.082143 0.080952 0.082143 0.077381 0.075000 0.052381 0.048810 0.039286 0.041667 0.064286 0.051190 0.052381 0.046429 0.000000 0.000000 0.078571 0.079762 0.078571 0.046429 0.076190 0.072619 0.069048 0.000000 0.000000 0.000000 0.000000 0.000000 0.000000 0.066667 0.064286 0.041667 0.040476 0.039286 0.057143 0.000000 0.058333 0.000000 0.000000 0.057143
0.089286 0.061905 0.082143 0.058333 0.054762 0.052381 0.000000 0.000000 0.000000 0.000000 0.000000 0.000000 0.000000 0.000000 0.090476 0.000000 0.089286 0.091667 0.090476 0.085714 0.000000 0.000000 0.000000 0.082143 0.082143 0.078571 0.082143 0.076190 0.073810 0.069048 0.046429 0.040476 0.048810 0.047619 0.060714 0.055952 0.036905 0.000000 0.000000 0.000000 0.076190 0.042857 0.045238 0.047619 0.070238 0.067857 0.000000 0.000000 0.059524 0.061905 0.064286 0.064286 0.000000 0.000000 0.000000 0.038095 0.036905 0.000000 0.000000 0.055952 0.000000 0.000000 0.053571
0.082143 0.054762 0.055952 0.000000 0.000000 0.046429 0.000000 0.000000 0.000000 0.000000 0.000000 0.000000 0.000000 0.000000 0.000000 0.091667 0.091667 0.088095 0.085714 0.083333 0.078571 0.075000 0.000000 0.000000 0.078571 0.078571 0.079762 0.051190 0.072619 0.065476 0.060714 0.041667 0.042857 0.058333 0.057143 0.000000 0.000000 0.013095 0.000000 0.000000 0.000000 0.000000 0.000000 0.041667 0.045238 0.067857 0.065476 0.060714 0.060714 0.063095 0.064286 0.064286 0.000000 0.000000 0.000000 0.000000 0.000000 0.000000 0.000000 0.000000 0.000000 0.000000 0.000000
0.054762 0.052381 0.048810 0.044048 0.044048 0.000000 0.000000 0.000000 0.000000 0.000000 0.000000 0.000000 0.054762 0.086905 0.054762 0.089286 0.086905 0.000000 0.000000 0.000000 0.077381 0.075000 0.000000 0.000000 0.000000 0.079762 0.078571 0.046429 0.064286 0.060714 0.042857 0.052381 0.059524 0.058333 0.000000 0.000000 0.000000 0.000000 0.000000 0.000000 0.000000 0.000000 0.000000 0.060714 0.040476 0.040476 0.063095 0.060714 0.061905 0.063095 0.063095 0.064286 0.060714 0.000000 0.000000 0.000000 0.000000 0.000000 0.000000 0.010714 0.000000 0.000000 0.000000
0.048810 0.060714 0.046429 0.047619 0.048810 0.044048 0.000000 0.057143 0.045238 0.035714 0.000000 0.000000 0.054762 0.088095 0.083333 0.051190 0.083333 0.000000 0.000000 0.077381 0.077381 0.076190 0.075000 0.000000 0.079762 0.078571 0.075000 0.041667 0.040476 0.059524 0.055952 0.058333 0.058333 0.000000 0.000000 0.000000 0.000000 0.000000 0.000000 0.000000 0.000000 0.000000 0.000000 0.000000 0.000000 0.063095 0.061905 0.059524 0.060714 0.061905 0.061905 0.060714 0.059524 0.000000 0.000000 0.000000 0.000000 0.000000 0.023810 0.021429 0.000000 0.000000 0.000000
0.046429 0.059524 0.000000 0.069048 0.053571 0.052381 0.000000 0.055952 0.054762 0.000000 0.000000 0.000000 0.053571 0.084524 0.082143 0.000000 0.000000 0.000000 0.000000 0.077381 0.077381 0.000000 0.000000 0.076190 0.076190 0.076190 0.072619 0.044048 0.038095 0.054762 0.044048 0.059524 0.057143 0.000000 0.000000 0.000000 0.000000 0.000000 0.000000 0.000000 0.000000 0.000000 0.000000 0.000000 0.000000 0.063095 0.041667 0.061905 0.058333 0.060714 0.058333 0.057143 0.053571 0.051190 0.000000 0.000000 0.029762 0.022619 0.036905 0.025000 0.020238 0.000000 0.019048
0.066667 0.064286 0.000000 0.069048 0.069048 0.059524 0.000000 0.000000 0.054762 0.052381 0.000000 0.000000 0.000000 0.054762 0.050000 0.000000 0.000000 0.000000 0.079762 0.078571 0.076190 0.075000 0.076190 0.000000 0.075000 0.073810 0.069048 0.040476 0.040476 0.040476 0.040476 0.039286 0.041667 0.033333 0.000000 0.000000 0.000000 0.000000 0.000000 0.000000 0.000000 0.000000 0.000000 0.000000 0.000000 0.063095 0.061905 0.060714 0.057143 0.060714 0.058333 0.057143 0.048810 0.051190 0.046429 0.029762 0.029762 0.038095 0.026190 0.026190 0.028571 0.029762 0.025000
0.066667 0.065476 0.069048 0.067857 0.067857 0.064286 0.060714 0.059524 0.000000 0.060714 0.000000 0.000000 0.000000 0.000000 0.000000 0.077381 0.077381 0.077381 0.078571 0.076190 0.077381 0.075000 0.072619 0.000000 0.000000 0.046429 0.066667 0.040476 0.034524 0.034524 0.035714 0.045238 0.041667 0.000000 0.000000 0.000000 0.000000 0.013095 0.013095 0.000000 0.000000 0.000000 0.000000 0.000000 0.000000 0.000000 0.060714 0.059524 0.059524 0.051190 0.054762 0.050000 0.048810 0.046429 0.035714 0.030952 0.027381 0.039286 0.039286 0.026190 0.027381 0.034524 0.026190
0.065476 0.051190 0.064286 0.000000 0.069048 0.069048 0.064286 0.066667 0.064286 0.000000 0.065476 0.063095 0.000000 0.067857 0.066667 0.000000 0.073810 0.075000 0.009524 0.076190 0.073810 0.072619 0.070238 0.063095 0.000000 0.000000 0.064286 0.033333 0.036905 0.035714 0.034524 0.033333 0.041667 0.000000 0.000000 0.000000 0.000000 0.014286 0.011905 0.010714 0.000000 0.000000 0.000000 0.000000 0.000000 0.000000 0.057143 0.055952 0.054762 0.053571 0.050000 0.050000 0.003571 0.036905 0.042857 0.039286 0.040476 0.040476 0.040476 0.038095 0.039286 0.028571 0.034524
0.051190 0.050000 0.063095 0.000000 0.066667 0.064286 0.064286 0.063095 0.066667 0.066667 0.066667 0.066667 0.065476 0.066667 0.066667 0.066667 0.067857 0.071429 0.069048 0.007143 0.071429 0.069048 0.066667 0.060714 0.041667 0.040476 0.060714 0.039286 0.035714 0.036905 0.034524 0.030952 0.040476 0.036905 0.028571 0.000000 0.000000 0.014286 0.008333 0.011905 0.007143 0.000000 0.000000 0.000000 0.000000 0.000000 0.000000 0.000000 0.000000 0.038095 0.051190 0.050000 0.048810 0.044048 0.030952 0.039286 0.000000 0.000000 0.000000 0.000000 0.040476 0.035714 0.027381
0.065476 0.053571 0.065476 0.065476 0.066667 0.064286 0.064286 0.065476 0.070238 0.071429 0.071429 0.065476 0.064286 0.063095 0.065476 0.064286 0.061905 0.061905 0.067857 0.065476 0.065476 0.066667 0.064286 0.058333 0.041667 0.039286 0.050000 0.055952 0.035714 0.035714 0.033333 0.028571 0.036905 0.028571 0.002381 0.000000 0.000000 0.014286 0.008333 0.008333 0.008333 0.008333 0.000000 0.000000 0.000000 0.000000 0.000000 0.000000 0.000000 0.000000 0.000000 0.045238 0.045238 0.044048 0.041667 0.041667 0.042857 0.041667 0.041667 0.040476 0.038095 0.036905 0.035714
0.065476 0.063095 0.063095 0.064286 0.064286 0.063095 0.064286 0.064286 0.069048 0.069048 0.070238 0.070238 0.069048 0.070238 0.067857 0.060714 0.059524 0.059524 0.067857 0.008333 0.064286 0.008333 0.057143 0.052381 0.040476 0.035714 0.051190 0.050000 0.033333 0.034524 0.029762 0.029762 0.029762 0.002381 0.000000 0.001190 0.000000 0.000000 0.008333 0.015476 0.015476 0.008333 0.008333 0.005952 0.000000 0.000000 0.000000 0.000000 0.000000 0.000000 0.000000 0.044048 0.044048 0.042857 0.040476 0.042857 0.041667 0.041667 0.041667 0.041667 0.039286 0.038095 0.036905
0.060714 0.060714 0.061905 0.000000 0.065476 0.064286 0.064286 0.064286 0.066667 0.069048 0.067857 0.069048 0.070238 0.067857 0.065476 0.065476 0.060714 0.060714 0.059524 0.063095 0.008333 0.008333 0.009524 0.051190 0.036905 0.050000 0.052381 0.038095 0.030952 0.030952 0.028571 0.028571 0.028571 0.000000 0.000000 0.000000 0.000000 0.000000 0.000000 0.015476 0.015476 0.015476 0.009524 0.008333 0.000000 0.000000 0.000000 0.000000 0.000000 0.000000 0.000000 0.042857 0.041667 0.041667 0.040476 0.042857 0.041667 0.040476 0.000000 0.041667 0.039286 0.038095 0.035714
0.060714 0.060714 0.000000 0.069048 0.066667 0.044048 0.045238 0.064286 0.065476 0.066667 0.069048 0.067857 0.067857 0.065476 0.065476 0.064286 0.064286 0.058333 0.008333 0.007143 0.007143 0.055952 0.054762 0.051190 0.050000 0.052381 0.036905 0.032143 0.038095 0.030952 0.030952 0.030952 0.026190 0.023810 0.000000 0.001190 0.000000 0.000000 0.000000 0.010714 0.015476 0.015476 0.009524 0.015476 0.000000 0.000000 0.000000 0.000000 0.000000 0.000000 0.041667 0.040476 0.040476 0.003571 0.040476 0.041667 0.040476 0.027381 0.000000 0.000000 0.038095 0.040476 0.036905
0.000000 0.000000 0.066667 0.067857 0.067857 0.065476 0.063095 0.040476 0.044048 0.065476 0.065476 0.065476 0.064286 0.063095 0.063095 0.064286 0.063095 0.061905 0.055952 0.009524 0.008333 0.055952 0.055952 0.055952 0.054762 0.038095 0.030952 0.000000 0.000000 0.029762 0.030952 0.033333 0.033333 0.032143 0.000000 0.001190 0.000000 0.000000 0.000000 0.015476 0.010714 0.015476 0.015476 0.009524 0.000000 0.000000 0.000000 0.000000 0.000000 0.000000 0.000000 0.042857 0.040476 0.002381 0.002381 0.002381 0.040476 0.040476 0.038095 0.000000 0.038095 0.036905 0.036905
0.067857 0.066667 0.066667 0.067857 0.067857 0.065476 0.061905 0.045238 0.045238 0.044048 0.044048 0.063095 0.063095 0.064286 0.063095 0.061905 0.059524 0.059524 0.058333 0.057143 0.055952 0.055952 0.055952 0.055952 0.052381 0.032143 0.032143 0.000000 0.038095 0.038095 0.028571 0.034524 0.033333 0.033333 0.000000 0.002381 0.002381 0.000000 0.000000 0.015476 0.010714 0.015476 0.010714 0.009524 0.009524 0.000000 0.000000 0.000000 0.000000 0.000000 0.000000 0.000000 0.038095 0.039286 0.040476 0.002381 0.040476 0.039286 0.039286 0.038095 0.038095 0.035714 0.035714
0.065476 0.067857 0.066667 0.065476 0.064286 0.064286 0.063095 0.059524 0.055952 0.041667 0.040476 0.044048 0.045238 0.060714 0.063095 0.000000 0.000000 0.059524 0.058333 0.053571 0.054762 0.055952 0.054762 0.053571 0.050000 0.045238 0.038095 0.038095 0.038095 0.035714 0.036905 0.034524 0.033333 0.033333 0.000000 0.000000 0.001190 0.001190 0.015476 0.015476 0.010714 0.010714 0.015476 0.015476 0.015476 0.008333 0.000000 0.000000 0.000000 0.000000 0.000000 0.042857 0.038095 0.036905 0.039286 0.040476 0.039286 0.040476 0.038095 0.039286 0.038095 0.035714 0.035714
0.066667 0.066667 0.067857 0.066667 0.063095 0.063095 0.061905 0.061905 0.059524 0.054762 0.039286 0.039286 0.060714 0.039286 0.060714 0.059524 0.058333 0.058333 0.054762 0.052381 0.052381 0.051190 0.052381 0.048810 0.047619 0.041667 0.036905 0.038095 0.039286 0.035714 0.036905 0.033333 0.033333 0.033333 0.033333 0.028571 0.001190 0.001190 0.016667 0.015476 0.015476 0.015476 0.015476 0.009524 0.015476 0.008333 0.007143 0.000000 0.000000 0.000000 0.000000 0.000000 0.000000 0.041667 0.039286 0.039286 0.039286 0.038095 0.039286 0.038095 0.038095 0.035714 0.035714
0.067857 0.066667 0.065476 0.064286 0.063095 0.064286 0.063095 0.063095 0.057143 0.053571 0.039286 0.040476 0.058333 0.059524 0.039286 0.055952 0.057143 0.055952 0.053571 0.053571 0.052381 0.052381 0.048810 0.048810 0.042857 0.042857 0.038095 0.039286 0.038095 0.036905 0.034524 0.033333 0.033333 0.001190 0.002381 0.028571 0.028571 0.017857 0.015476 0.009524 0.015476 0.015476 0.010714 0.014286 0.014286 0.008333 0.007143 0.000000 0.000000 0.000000 0.000000 0.000000 0.000000 0.040476 0.040476 0.040476 0.038095 0.039286 0.039286 0.036905 0.035714 0.035714 0.035714
0.065476 0.064286 0.061905 0.061905 0.060714 0.060714 0.060714 0.057143 0.054762 0.054762 0.042857 0.039286 0.040476 0.041667 0.040476 0.057143 0.010714 0.057143 0.055952 0.054762 0.053571 0.051190 0.048810 0.045238 0.044048 0.042857 0.038095 0.038095 0.001190 0.035714 0.035714 0.035714 0.000000 0.001190 0.001190 0.001190 0.016667 0.027381 0.000000 0.008333 0.008333 0.000000 0.010714 0.011905 0.014286 0.011905 0.011905 0.000000 0.000000 0.000000 0.000000 0.000000 0.000000 0.040476 0.039286 0.039286 0.039286 0.039286 0.039286 0.035714 0.034524 0.034524 0.035714
0.000000 0.063095 0.061905 0.061905 0.013095 0.061905 0.060714 0.058333 0.057143 0.054762 0.055952 0.041667 0.041667 0.041667 0.057143 0.008333 0.008333 0.054762 0.054762 0.050000 0.047619 0.047619 0.046429 0.045238 0.044048 0.039286 0.039286 0.036905 0.036905 0.034524 0.001190 0.000000 0.000000 0.000000 0.002381 0.001190 0.026190 0.015476 0.016667 0.000000 0.013095 0.011905 0.000000 0.000000 0.008333 0.011905 0.010714 0.000000 0.000000 0.011905 0.000000 0.000000 0.000000 0.000000 0.039286 0.040476 0.040476 0.039286 0.038095 0.036905 0.034524 0.033333 0.034524
0.000000 0.000000 0.059524 0.058333 0.011905 0.060714 0.057143 0.057143 0.057143 0.055952 0.055952 0.054762 0.054762 0.054762 0.007143 0.007143 0.008333 0.008333 0.050000 0.048810 0.048810 0.047619 0.045238 0.044048 0.042857 0.039286 0.038095 0.036905 0.036905 0.001190 0.001190 0.000000 0.028571 0.000000 0.001190 0.001190 0.026190 0.016667 0.000000 0.000000 0.000000 0.010714 0.009524 0.000000 0.000000 0.009524 0.010714 0.008333 0.000000 0.013095 0.000000 0.000000 0.000000 0.000000 0.038095 0.036905 0.036905 0.034524 0.036905 0.033333 0.034524 0.033333 0.033333
0.054762 0.055952 0.000000 0.053571 0.011905 0.011905 0.055952 0.054762 0.055952 0.055952 0.055952 0.054762 0.052381 0.052381 0.046429 0.007143 0.005952 0.005952 0.005952 0.050000 0.048810 0.046429 0.042857 0.042857 0.042857 0.039286 0.038095 0.036905 0.036905 0.036905 0.000000 0.000000 0.028571 0.028571 0.000000 0.001190 0.016667 0.015476 0.000000 0.000000 0.000000 0.011905 0.009524 0.008333 0.008333 0.008333 0.008333 0.000000 0.000000 0.014286 0.000000 0.000000 0.000000 0.000000 0.000000 0.036905 0.034524 0.033333 0.033333 0.034524 0.033333 0.032143 0.030952
0.052381 0.048810 0.000000 0.000000 0.000000 0.005952 0.004762 0.005952 0.053571 0.008333 0.053571 0.009524 0.052381 0.048810 0.046429 0.007143 0.005952 0.048810 0.048810 0.048810 0.047619 0.045238 0.040476 0.041667 0.040476 0.039286 0.038095 0.036905 0.036905 0.034524 0.000000 0.028571 0.028571 0.000000 0.016667 0.011905 0.000000 0.013095 0.010714 0.000000 0.000000 0.010714 0.008333 0.008333 0.008333 0.009524 0.000000 0.000000 0.014286 0.010714 0.010714 0.014286 0.009524 0.010714 0.000000 0.000000 0.032143 0.032143 0.033333 0.033333 0.033333 0.032143 0.032143
0.046429 0.044048 0.041667 0.000000 0.000000 0.000000 0.000000 0.000000 0.047619 0.007143 0.005952 0.005952 0.007143 0.005952 0.005952 0.005952 0.005952 0.005952 0.003571 0.003571 0.044048 0.041667 0.039286 0.040476 0.039286 0.038095 0.038095 0.035714 0.035714 0.034524 0.034524 0.000000 0.000000 0.000000 0.000000 0.011905 0.011905 0.011905 0.010714 0.000000 0.000000 0.009524 0.009524 0.000000 0.007143 0.009524 0.000000 0.000000 0.015476 0.014286 0.010714 0.014286 0.010714 0.011905 0.000000 0.000000 0.000000 0.033333 0.033333 0.033333 0.033333 0.030952 0.030952
0.045238 0.042857 0.028571 0.000000 0.000000 0.000000 0.000000 0.000000 0.000000 0.004762 0.005952 0.005952 0.004762 0.038095 0.005952 0.003571 0.004762 0.004762 0.042857 0.042857 0.044048 0.000000 0.039286 0.039286 0.038095 0.036905 0.036905 0.036905 0.036905 0.036905 0.035714 0.029762 0.000000 0.000000 0.000000 0.000000 0.000000 0.010714 0.009524 0.009524 0.000000 0.000000 0.000000 0.000000 0.000000 0.000000 0.000000 0.000000 0.015476 0.015476 0.011905 0.010714 0.010714 0.013095 0.010714 0.000000 0.000000 0.000000 0.000000 0.033333 0.000000 0.000000 0.030952
0.045238 0.000000 0.000000 0.000000 0.000000 0.000000 0.000000 0.000000 0.033333 0.003571 0.004762 0.004762 0.027381 0.039286 0.041667 0.003571 0.003571 0.003571 0.040476 0.000000 0.000000 0.000000 0.000000 0.038095 0.036905 0.036905 0.034524 0.035714 0.036905 0.034524 0.035714 0.030952 0.000000 0.000000 0.000000 0.000000 0.000000 0.000000 0.009524 0.008333 0.000000 0.000000 0.000000 0.000000 0.000000 0.000000 0.000000 0.016667 0.015476 0.015476 0.015476 0.011905 0.009524 0.014286 0.014286 0.011905 0.000000 0.000000 0.000000 0.000000 0.000000 0.000000 0.000000
