FireSTARR/test/output/RED/RED024/2019-06-15_1628/intensity_H_172_2019-06-21.asc
ncols         741
nrows         582
xllcorner     352743.378600
yllcorner     5790302.364000
cellsize      100.000000
NODATA_value  0.000000
[rows 308 to 335 of 582, columns 567 to 629 of 741]
0.114286 0.113095 0.107143 0.102381 0.000000 0.045238 0.094048 0.094048 0.000000 0.000000 0.000000 0.000000 0.070238 0.070238 0.071429 0.071429 0.071429 0.071429 0.070238 0.067857 0.067857 0.065476 0.066667 0.065476 0.066667 0.064286 0.059524 0.055952 0.000000 0.000000 0.038095 0.039286 0.039286 0.038095 0.038095 0.036905 0.036905 0.035714 0.035714 0.032143 0.030952 0.030952 0.030952 0.030952 0.029762 0.029762 0.029762 0.029762 0.029762 0.026190 0.026190 0.026190 0.025000 0.022619 0.022619 0.020238 0.020238 0.019048 0.019048 0.019048 0.017857 0.015476 0.015476
0.115476 0.113095 0.108333 0.103571 0.103571 0.100000 0.095238 0.091667 0.089286 0.083333 0.082143 0.079762 0.078571 0.000000 0.066667 0.070238 0.071429 0.071429 0.000000 0.000000 0.000000 0.065476 0.065476 0.064286 0.064286 0.065476 0.061905 0.058333 0.000000 0.000000 0.036905 0.038095 0.039286 0.038095 0.036905 0.036905 0.036905 0.035714 0.035714 0.034524 0.030952 0.030952 0.029762 0.029762 0.029762 0.029762 0.029762 0.029762 0.029762 0.027381 0.026190 0.026190 0.025000 0.023810 0.022619 0.021429 0.019048 0.020238 0.019048 0.019048 0.016667 0.015476 0.016667
0.114286 0.110714 0.107143 0.105952 0.102381 0.098810 0.092857 0.090476 0.085714 0.084524 0.082143 0.082143 0.079762 0.073810 0.000000 0.063095 0.063095 0.064286 0.070238 0.000000 0.000000 0.000000 0.065476 0.064286 0.063095 0.061905 0.059524 0.055952 0.000000 0.041667 0.039286 0.038095 0.039286 0.036905 0.036905 0.036905 0.036905 0.035714 0.035714 0.034524 0.033333 0.029762 0.029762 0.029762 0.029762 0.029762 0.029762 0.029762 0.029762 0.026190 0.025000 0.025000 0.025000 0.023810 0.022619 0.021429 0.020238 0.019048 0.020238 0.017857 0.015476 0.015476 0.016667
0.116667 0.109524 0.108333 0.107143 0.104762 0.096429 0.090476 0.088095 0.084524 0.084524 0.083333 0.080952 0.079762 0.076190 0.067857 0.000000 0.063095 0.066667 0.061905 0.060714 0.065476 0.063095 0.064286 0.000000 0.000000 0.000000 0.000000 0.000000 0.000000 0.044048 0.044048 0.039286 0.038095 0.038095 0.036905 0.036905 0.036905 0.035714 0.035714 0.035714 0.033333 0.030952 0.029762 0.029762 0.029762 0.029762 0.029762 0.029762 0.029762 0.028571 0.027381 0.025000 0.025000 0.023810 0.022619 0.021429 0.020238 0.020238 0.019048 0.016667 0.016667 0.016667 0.016667
0.116667 0.114286 0.110714 0.000000 0.000000 0.075000 0.089286 0.088095 0.083333 0.083333 0.080952 0.080952 0.079762 0.000000 0.000000 0.000000 0.000000 0.066667 0.065476 0.066667 0.061905 0.063095 0.064286 0.000000 0.000000 0.000000 0.000000 0.000000 0.002381 0.048810 0.046429 0.044048 0.039286 0.036905 0.035714 0.036905 0.036905 0.036905 0.035714 0.035714 0.034524 0.033333 0.030952 0.029762 0.029762 0.029762 0.029762 0.029762 0.029762 0.028571 0.027381 0.027381 0.025000 0.025000 0.022619 0.021429 0.021429 0.020238 0.017857 0.017857 0.017857 0.016667 0.016667
0.117857 0.119048 0.000000 0.000000 0.094048 0.091667 0.089286 0.086905 0.084524 0.080952 0.000000 0.000000 0.000000 0.076190 0.072619 0.000000 0.000000 0.000000 0.033333 0.000000 0.030952 0.063095 0.063095 0.000000 0.000000 0.000000 0.000000 0.000000 0.048810 0.047619 0.045238 0.045238 0.041667 0.040476 0.038095 0.035714 0.036905 0.036905 0.035714 0.035714 0.035714 0.033333 0.030952 0.029762 0.029762 0.029762 0.029762 0.029762 0.029762 0.029762 0.029762 0.028571 0.025000 0.025000 0.023810 0.021429 0.021429 0.021429 0.016667 0.016667 0.019048 0.016667 0.016667
0.121429 0.045238 0.000000 0.092857 0.094048 0.091667 0.091667 0.088095 0.084524 0.078571 0.077381 0.075000 0.076190 0.075000 0.072619 0.000000 0.000000 0.000000 0.000000 0.000000 0.000000 0.000000 0.000000 0.000000 0.059524 0.055952 0.055952 0.051190 0.050000 0.047619 0.047619 0.045238 0.040476 0.039286 0.039286 0.034524 0.034524 0.036905 0.035714 0.035714 0.035714 0.033333 0.033333 0.030952 0.029762 0.029762 0.029762 0.029762 0.029762 0.029762 0.028571 0.027381 0.000000 0.000000 0.022619 0.021429 0.021429 0.021429 0.016667 0.016667 0.019048 0.019048 0.016667
0.121429 0.000000 0.000000 0.091667 0.092857 0.094048 0.090476 0.088095 0.083333 0.078571 0.077381 0.076190 0.076190 0.073810 0.073810 0.073810 0.069048 0.000000 0.000000 0.000000 0.063095 0.064286 0.064286 0.063095 0.059524 0.055952 0.054762 0.054762 0.050000 0.047619 0.047619 0.045238 0.042857 0.039286 0.039286 0.038095 0.035714 0.034524 0.034524 0.035714 0.035714 0.034524 0.032143 0.030952 0.029762 0.028571 0.028571 0.029762 0.029762 0.029762 0.027381 0.027381 0.023810 0.000000 0.022619 0.021429 0.021429 0.021429 0.017857 0.016667 0.019048 0.019048 0.019048
0.000000 0.055952 0.000000 0.054762 0.053571 0.096429 0.092857 0.088095 0.082143 0.000000 0.079762 0.077381 0.076190 0.073810 0.075000 0.075000 0.069048 0.066667 0.064286 0.065476 0.063095 0.063095 0.063095 0.063095 0.061905 0.058333 0.000000 0.003571 0.048810 0.046429 0.045238 0.045238 0.042857 0.039286 0.039286 0.039286 0.036905 0.034524 0.034524 0.034524 0.034524 0.034524 0.032143 0.032143 0.029762 0.029762 0.029762 0.029762 0.029762 0.029762 0.027381 0.026190 0.025000 0.023810 0.023810 0.020238 0.020238 0.020238 0.020238 0.016667 0.016667 0.019048 0.000000
0.000000 0.053571 0.052381 0.089286 0.055952 0.095238 0.094048 0.088095 0.083333 0.000000 0.000000 0.076190 0.075000 0.075000 0.075000 0.073810 0.069048 0.066667 0.064286 0.064286 0.064286 0.063095 0.063095 0.063095 0.061905 0.060714 0.055952 0.000000 0.000000 0.000000 0.046429 0.045238 0.040476 0.039286 0.039286 0.039286 0.038095 0.035714 0.034524 0.034524 0.034524 0.034524 0.032143 0.032143 0.030952 0.029762 0.029762 0.029762 0.029762 0.029762 0.026190 0.026190 0.026190 0.023810 0.022619 0.021429 0.021429 0.020238 0.020238 0.017857 0.016667 0.016667 0.000000
0.103571 0.053571 0.050000 0.048810 0.094048 0.094048 0.091667 0.088095 0.082143 0.040476 0.041667 0.000000 0.000000 0.075000 0.075000 0.070238 0.069048 0.065476 0.064286 0.064286 0.064286 0.064286 0.064286 0.063095 0.059524 0.059524 0.055952 0.053571 0.051190 0.046429 0.046429 0.000000 0.000000 0.041667 0.039286 0.039286 0.039286 0.036905 0.035714 0.035714 0.033333 0.034524 0.032143 0.000000 0.030952 0.030952 0.030952 0.029762 0.029762 0.028571 0.027381 0.026190 0.026190 0.023810 0.022619 0.021429 0.021429 0.020238 0.020238 0.019048 0.016667 0.016667 0.017857
0.105952 0.000000 0.052381 0.048810 0.096429 0.096429 0.091667 0.039286 0.039286 0.036905 0.038095 0.002381 0.000000 0.076190 0.072619 0.071429 0.066667 0.066667 0.064286 0.064286 0.064286 0.064286 0.064286 0.064286 0.059524 0.058333 0.055952 0.052381 0.051190 0.050000 0.046429 0.045238 0.042857 0.041667 0.039286 0.040476 0.041667 0.038095 0.000000 0.000000 0.000000 0.000000 0.000000 0.000000 0.000000 0.032143 0.030952 0.030952 0.029762 0.029762 0.027381 0.026190 0.026190 0.023810 0.022619 0.021429 0.021429 0.020238 0.019048 0.019048 0.017857 0.016667 0.000000
0.102381 0.000000 0.000000 0.050000 0.097619 0.095238 0.092857 0.089286 0.080952 0.079762 0.000000 0.000000 0.075000 0.073810 0.072619 0.067857 0.066667 0.065476 0.064286 0.065476 0.064286 0.064286 0.064286 0.061905 0.060714 0.057143 0.053571 0.052381 0.048810 0.047619 0.046429 0.045238 0.041667 0.040476 0.040476 0.040476 0.040476 0.040476 0.035714 0.036905 0.000000 0.000000 0.000000 0.035714 0.034524 0.032143 0.030952 0.030952 0.030952 0.029762 0.027381 0.026190 0.026190 0.023810 0.022619 0.021429 0.021429 0.020238 0.020238 0.000000 0.019048 0.016667 0.000000
0.048810 0.100000 0.102381 0.098810 0.096429 0.091667 0.091667 0.085714 0.083333 0.080952 0.000000 0.000000 0.073810 0.072619 0.071429 0.069048 0.066667 0.065476 0.065476 0.064286 0.065476 0.064286 0.064286 0.060714 0.059524 0.057143 0.053571 0.053571 0.048810 0.048810 0.046429 0.045238 0.042857 0.041667 0.040476 0.040476 0.040476 0.040476 0.038095 0.036905 0.036905 0.034524 0.034524 0.035714 0.032143 0.030952 0.030952 0.030952 0.030952 0.028571 0.028571 0.026190 0.026190 0.023810 0.022619 0.021429 0.021429 0.000000 0.020238 0.020238 0.019048 0.017857 0.016667
0.102381 0.101190 0.100000 0.101190 0.096429 0.090476 0.089286 0.085714 0.083333 0.080952 0.076190 0.000000 0.072619 0.072619 0.071429 0.067857 0.065476 0.064286 0.064286 0.064286 0.065476 0.064286 0.063095 0.059524 0.059524 0.054762 0.053571 0.051190 0.047619 0.047619 0.048810 0.047619 0.000000 0.000000 0.000000 0.000000 0.040476 0.000000 0.039286 0.036905 0.036905 0.034524 0.034524 0.035714 0.032143 0.015476 0.015476 0.029762 0.029762 0.027381 0.025000 0.025000 0.023810 0.023810 0.022619 0.021429 0.020238 0.020238 0.020238 0.000000 0.019048 0.017857 0.016667
0.102381 0.102381 0.097619 0.100000 0.092857 0.088095 0.088095 0.083333 0.083333 0.078571 0.075000 0.073810 0.072619 0.072619 0.071429 0.067857 0.066667 0.065476 0.064286 0.065476 0.065476 0.065476 0.063095 0.059524 0.058333 0.054762 0.053571 0.051190 0.050000 0.050000 0.047619 0.047619 0.000000 0.000000 0.000000 0.000000 0.000000 0.039286 0.039286 0.036905 0.036905 0.035714 0.034524 0.001190 0.032143 0.030952 0.015476 0.029762 0.029762 0.028571 0.026190 0.026190 0.025000 0.025000 0.021429 0.021429 0.021429 0.020238 0.020238 0.020238 0.017857 0.000000 0.017857
0.104762 0.102381 0.100000 0.098810 0.094048 0.090476 0.086905 0.083333 0.083333 0.000000 0.000000 0.000000 0.000000 0.071429 0.070238 0.069048 0.069048 0.066667 0.064286 0.065476 0.065476 0.063095 0.063095 0.061905 0.055952 0.054762 0.052381 0.048810 0.050000 0.051190 0.048810 0.044048 0.042857 0.041667 0.000000 0.042857 0.041667 0.041667 0.040476 0.036905 0.035714 0.034524 0.034524 0.001190 0.030952 0.015476 0.014286 0.029762 0.029762 0.026190 0.026190 0.025000 0.025000 0.022619 0.014286 0.021429 0.011905 0.020238 0.020238 0.019048 0.017857 0.017857 0.017857
0.104762 0.102381 0.100000 0.098810 0.095238 0.088095 0.084524 0.084524 0.080952 0.076190 0.000000 0.000000 0.000000 0.000000 0.070238 0.069048 0.066667 0.065476 0.065476 0.065476 0.065476 0.063095 0.060714 0.057143 0.055952 0.054762 0.052381 0.048810 0.050000 0.051190 0.048810 0.045238 0.044048 0.044048 0.041667 0.041667 0.040476 0.040476 0.041667 0.038095 0.035714 0.034524 0.034524 0.016667 0.015476 0.015476 0.001190 0.029762 0.029762 0.027381 0.026190 0.025000 0.023810 0.022619 0.013095 0.014286 0.020238 0.011905 0.011905 0.017857 0.017857 0.019048 0.017857
0.105952 0.102381 0.101190 0.097619 0.094048 0.086905 0.084524 0.082143 0.078571 0.076190 0.000000 0.000000 0.000000 0.000000 0.071429 0.069048 0.065476 0.064286 0.065476 0.065476 0.064286 0.061905 0.060714 0.059524 0.054762 0.055952 0.051190 0.051190 0.051190 0.051190 0.050000 0.045238 0.045238 0.042857 0.041667 0.042857 0.041667 0.040476 0.041667 0.040476 0.017857 0.017857 0.015476 0.016667 0.030952 0.030952 0.014286 0.014286 0.001190 0.001190 0.001190 0.001190 0.001190 0.022619 0.022619 0.013095 0.013095 0.013095 0.019048 0.011905 0.019048 0.019048 0.017857
0.102381 0.103571 0.098810 0.092857 0.088095 0.085714 0.082143 0.082143 0.082143 0.078571 0.000000 0.000000 0.000000 0.070238 0.071429 0.069048 0.066667 0.065476 0.065476 0.065476 0.063095 0.061905 0.058333 0.055952 0.054762 0.053571 0.050000 0.051190 0.051190 0.051190 0.048810 0.046429 0.045238 0.042857 0.042857 0.042857 0.042857 0.041667 0.041667 0.040476 0.039286 0.019048 0.016667 0.016667 0.030952 0.029762 0.014286 0.026190 0.028571 0.026190 0.026190 0.025000 0.001190 0.022619 0.022619 0.013095 0.021429 0.021429 0.019048 0.011905 0.019048 0.019048 0.017857
0.103571 0.104762 0.100000 0.092857 0.089286 0.083333 0.079762 0.082143 0.082143 0.076190 0.000000 0.000000 0.071429 0.070238 0.070238 0.065476 0.064286 0.065476 0.065476 0.061905 0.060714 0.060714 0.058333 0.058333 0.054762 0.052381 0.050000 0.051190 0.051190 0.051190 0.048810 0.047619 0.045238 0.041667 0.042857 0.042857 0.042857 0.041667 0.041667 0.042857 0.040476 0.017857 0.029762 0.028571 0.028571 0.029762 0.028571 0.014286 0.001190 0.026190 0.026190 0.023810 0.001190 0.022619 0.022619 0.022619 0.013095 0.011905 0.019048 0.017857 0.017857 0.017857 0.017857
0.104762 0.102381 0.098810 0.092857 0.089286 0.083333 0.079762 0.079762 0.080952 0.078571 0.076190 0.075000 0.075000 0.071429 0.071429 0.067857 0.065476 0.063095 0.061905 0.060714 0.058333 0.057143 0.058333 0.057143 0.054762 0.052381 0.051190 0.051190 0.051190 0.000000 0.000000 0.000000 0.000000 0.000000 0.000000 0.042857 0.000000 0.000000 0.000000 0.042857 0.042857 0.000000 0.016667 0.015476 0.030952 0.028571 0.027381 0.013095 0.013095 0.025000 0.000000 0.021429 0.021429 0.022619 0.022619 0.021429 0.021429 0.019048 0.019048 0.019048 0.017857 0.017857 0.017857
0.101190 0.101190 0.098810 0.090476 0.088095 0.082143 0.079762 0.079762 0.077381 0.077381 0.073810 0.073810 0.073810 0.071429 0.069048 0.065476 0.063095 0.060714 0.059524 0.058333 0.058333 0.057143 0.058333 0.055952 0.055952 0.053571 0.051190 0.050000 0.051190 0.000000 0.046429 0.044048 0.041667 0.041667 0.041667 0.041667 0.040476 0.040476 0.042857 0.042857 0.042857 0.040476 0.034524 0.029762 0.030952 0.028571 0.001190 0.027381 0.011905 0.011905 0.000000 0.022619 0.001190 0.000000 0.021429 0.021429 0.011905 0.020238 0.019048 0.019048 0.017857 0.017857 0.017857
0.103571 0.097619 0.095238 0.088095 0.085714 0.083333 0.079762 0.079762 0.077381 0.076190 0.076190 0.075000 0.072619 0.071429 0.067857 0.063095 0.063095 0.059524 0.059524 0.058333 0.057143 0.058333 0.058333 0.054762 0.055952 0.053571 0.051190 0.050000 0.051190 0.048810 0.046429 0.000000 0.041667 0.042857 0.041667 0.042857 0.042857 0.041667 0.040476 0.041667 0.040476 0.039286 0.017857 0.011905 0.030952 0.027381 0.026190 0.027381 0.027381 0.026190 0.023810 0.000000 0.000000 0.000000 0.000000 0.021429 0.021429 0.019048 0.019048 0.017857 0.000000 0.017857 0.017857
0.097619 0.094048 0.094048 0.088095 0.084524 0.084524 0.080952 0.078571 0.075000 0.075000 0.075000 0.076190 0.070238 0.070238 0.066667 0.063095 0.060714 0.060714 0.059524 0.058333 0.057143 0.057143 0.057143 0.055952 0.055952 0.053571 0.051190 0.051190 0.050000 0.048810 0.045238 0.045238 0.042857 0.044048 0.041667 0.041667 0.041667 0.042857 0.042857 0.041667 0.040476 0.039286 0.039286 0.014286 0.013095 0.027381 0.027381 0.027381 0.026190 0.025000 0.023810 0.000000 0.000000 0.000000 0.000000 0.021429 0.000000 0.000000 0.000000 0.000000 0.000000 0.000000 0.017857
0.000000 0.003571 0.090476 0.085714 0.002381 0.083333 0.004762 0.076190 0.075000 0.075000 0.075000 0.073810 0.072619 0.070238 0.065476 0.064286 0.060714 0.060714 0.059524 0.059524 0.055952 0.055952 0.055952 0.000000 0.000000 0.053571 0.052381 0.052381 0.051190 0.047619 0.045238 0.044048 0.044048 0.001190 0.041667 0.041667 0.041667 0.042857 0.042857 0.039286 0.040476 0.040476 0.036905 0.033333 0.013095 0.027381 0.014286 0.011905 0.000000 0.000000 0.000000 0.000000 0.000000 0.000000 0.000000 0.021429 0.020238 0.019048 0.017857 0.017857 0.000000 0.016667 0.017857
0.000000 0.000000 0.000000 0.082143 0.080952 0.083333 0.004762 0.075000 0.075000 0.076190 0.076190 0.069048 0.070238 0.065476 0.065476 0.063095 0.059524 0.060714 0.060714 0.058333 0.058333 0.058333 0.000000 0.000000 0.000000 0.051190 0.050000 0.051190 0.048810 0.046429 0.045238 0.000000 0.044048 0.000000 0.001190 0.042857 0.042857 0.040476 0.039286 0.039286 0.040476 0.040476 0.038095 0.035714 0.011905 0.013095 0.013095 0.010714 0.000000 0.000000 0.000000 0.000000 0.000000 0.000000 0.021429 0.020238 0.019048 0.017857 0.019048 0.017857 0.017857 0.017857 0.017857
0.084524 0.082143 0.080952 0.082143 0.082143 0.077381 0.075000 0.073810 0.072619 0.071429 0.073810 0.069048 0.067857 0.065476 0.065476 0.060714 0.059524 0.060714 0.060714 0.059524 0.057143 0.000000 0.000000 0.000000 0.000000 0.000000 0.000000 0.000000 0.001190 0.046429 0.001190 0.000000 0.000000 0.000000 0.000000 0.042857 0.041667 0.039286 0.039286 0.040476 0.040476 0.038095 0.038095 0.014286 0.011905 0.014286 0.013095 0.001190 0.011905 0.000000 0.000000 0.000000 0.019048 0.019048 0.019048 0.019048 0.017857 0.017857 0.017857 0.017857 0.017857 0.017857 0.017857
