FireSTARR/test/output/RED/RED024/2019-06-15_1628/intensity_L_172_2019-06-21.asc
ncols         741
nrows         553
xllcorner     352843.378600
yllcorner     5790202.364000
cellsize      100.000000
NODATA_value  0.000000
[rows 280 to 307 of 553, columns 504 to 566 of 741]
0.007143 0.014286 0.016667 0.017857 0.017857 0.010714 0.017857 0.023810 0.011905 0.008333 0.005952 0.007143 0.011905 0.013095 0.014286 0.016667 0.016667 0.015476 0.009524 0.008333 0.009524 0.009524 0.010714 0.010714 0.011905 0.007143 0.008333 0.010714 0.008333 0.008333 0.242857 0.238095 0.244048 0.229762 0.217857 0.007143 0.204762 0.170238 0.005952 0.005952 0.005952 0.011905 0.014286 0.008333 0.013095 0.003571 0.001190 0.003571 0.000000 0.002381 0.003571 0.003571 0.004762 0.003571 0.003571 0.003571 0.002381 0.004762 0.004762 0.003571 0.002381 0.000000 0.000000
0.011905 0.011905 0.016667 0.014286 0.017857 0.013095 0.010714 0.014286 0.013095 0.011905 0.004762 0.005952 0.004762 0.007143 0.009524 0.007143 0.011905 0.009524 0.013095 0.015476 0.009524 0.008333 0.005952 0.003571 0.004762 0.005952 0.008333 0.008333 0.004762 0.005952 0.014286 0.003571 0.244048 0.221429 0.225000 0.008333 0.208333 0.191667 0.165476 0.003571 0.019048 0.017857 0.017857 0.021429 0.020238 0.014286 0.004762 0.000000 0.000000 0.000000 0.004762 0.005952 0.005952 0.003571 0.001190 0.003571 0.002381 0.003571 0.000000 0.002381 0.001190 0.000000 0.000000
0.011905 0.014286 0.015476 0.017857 0.019048 0.017857 0.010714 0.008333 0.014286 0.011905 0.004762 0.009524 0.007143 0.005952 0.000000 0.008333 0.011905 0.009524 0.011905 0.010714 0.009524 0.015476 0.010714 0.009524 0.009524 0.008333 0.010714 0.009524 0.009524 0.005952 0.009524 0.002381 0.000000 0.003571 0.215476 0.204762 0.007143 0.196429 0.179762 0.005952 0.008333 0.003571 0.016667 0.025000 0.016667 0.013095 0.008333 0.013095 0.011905 0.000000 0.000000 0.009524 0.007143 0.004762 0.003571 0.003571 0.004762 0.003571 0.000000 0.002381 0.002381 0.000000 0.000000
0.015476 0.011905 0.016667 0.019048 0.021429 0.014286 0.017857 0.009524 0.013095 0.015476 0.011905 0.005952 0.008333 0.007143 0.008333 0.000000 0.010714 0.011905 0.009524 0.010714 0.013095 0.010714 0.005952 0.008333 0.009524 0.007143 0.011905 0.007143 0.009524 0.007143 0.005952 0.004762 0.003571 0.000000 0.000000 0.200000 0.200000 0.010714 0.007143 0.003571 0.002381 0.019048 0.014286 0.021429 0.017857 0.013095 0.004762 0.004762 0.008333 0.009524 0.000000 0.007143 0.007143 0.008333 0.003571 0.004762 0.003571 0.004762 0.002381 0.000000 0.000000 0.001190 0.001190
0.017857 0.011905 0.014286 0.016667 0.013095 0.016667 0.010714 0.010714 0.010714 0.017857 0.015476 0.008333 0.010714 0.008333 0.007143 0.008333 0.009524 0.010714 0.004762 0.005952 0.008333 0.004762 0.007143 0.005952 0.004762 0.007143 0.005952 0.009524 0.010714 0.010714 0.008333 0.005952 0.003571 0.002381 0.000000 0.000000 0.008333 0.008333 0.004762 0.005952 0.002381 0.005952 0.023810 0.021429 0.016667 0.015476 0.008333 0.004762 0.003571 0.001190 0.013095 0.011905 0.011905 0.009524 0.003571 0.002381 0.001190 0.002381 0.001190 0.000000 0.002381 0.000000 0.000000
0.008333 0.014286 0.011905 0.008333 0.011905 0.013095 0.014286 0.013095 0.014286 0.013095 0.014286 0.011905 0.014286 0.008333 0.000000 0.008333 0.000000 0.008333 0.013095 0.011905 0.011905 0.010714 0.004762 0.005952 0.004762 0.005952 0.013095 0.010714 0.014286 0.009524 0.004762 0.004762 0.001190 0.000000 0.000000 0.000000 0.011905 0.007143 0.005952 0.004762 0.005952 0.007143 0.008333 0.022619 0.019048 0.009524 0.011905 0.011905 0.008333 0.001190 0.013095 0.005952 0.011905 0.008333 0.004762 0.002381 0.001190 0.001190 0.002381 0.000000 0.001190 0.000000 0.001190
0.010714 0.011905 0.014286 0.010714 0.013095 0.011905 0.014286 0.013095 0.014286 0.013095 0.015476 0.015476 0.009524 0.010714 0.010714 0.005952 0.010714 0.011905 0.008333 0.011905 0.010714 0.011905 0.010714 0.007143 0.005952 0.011905 0.009524 0.011905 0.011905 0.004762 0.000000 0.013095 0.005952 0.008333 0.001190 0.000000 0.010714 0.008333 0.009524 0.009524 0.007143 0.008333 0.007143 0.007143 0.009524 0.013095 0.011905 0.010714 0.009524 0.004762 0.007143 0.005952 0.009524 0.005952 0.002381 0.001190 0.001190 0.001190 0.001190 0.000000 0.002381 0.000000 0.000000
0.015476 0.005952 0.009524 0.013095 0.007143 0.014286 0.009524 0.015476 0.014286 0.014286 0.011905 0.014286 0.013095 0.011905 0.013095 0.010714 0.010714 0.010714 0.016667 0.013095 0.009524 0.007143 0.005952 0.005952 0.008333 0.008333 0.005952 0.011905 0.002381 0.005952 0.005952 0.010714 0.011905 0.005952 0.002381 0.008333 0.000000 0.008333 0.007143 0.005952 0.007143 0.004762 0.005952 0.004762 0.000000 0.011905 0.005952 0.005952 0.009524 0.016667 0.017857 0.008333 0.007143 0.008333 0.002381 0.001190 0.000000 0.000000 0.001190 0.002381 0.002381 0.000000 0.000000
0.015476 0.013095 0.007143 0.007143 0.005952 0.005952 0.011905 0.010714 0.015476 0.014286 0.013095 0.017857 0.016667 0.016667 0.011905 0.013095 0.010714 0.010714 0.009524 0.011905 0.008333 0.009524 0.010714 0.009524 0.010714 0.013095 0.011905 0.009524 0.004762 0.004762 0.007143 0.011905 0.007143 0.007143 0.003571 0.007143 0.000000 0.002381 0.003571 0.004762 0.002381 0.005952 0.003571 0.011905 0.000000 0.000000 0.005952 0.004762 0.016667 0.023810 0.009524 0.009524 0.007143 0.005952 0.000000 0.000000 0.000000 0.000000 0.001190 0.000000 0.000000 0.000000 0.002381
0.019048 0.017857 0.009524 0.005952 0.004762 0.007143 0.007143 0.011905 0.011905 0.014286 0.009524 0.007143 0.007143 0.010714 0.013095 0.015476 0.013095 0.013095 0.013095 0.011905 0.009524 0.011905 0.013095 0.013095 0.014286 0.008333 0.008333 0.009524 0.005952 0.005952 0.007143 0.009524 0.005952 0.008333 0.007143 0.004762 0.005952 0.000000 0.004762 0.005952 0.002381 0.003571 0.011905 0.010714 0.000000 0.005952 0.004762 0.003571 0.016667 0.007143 0.010714 0.007143 0.005952 0.001190 0.000000 0.000000 0.000000 0.000000 0.002381 0.002381 0.002381 0.001190 0.002381
0.013095 0.011905 0.010714 0.009524 0.010714 0.007143 0.007143 0.013095 0.011905 0.008333 0.007143 0.008333 0.004762 0.008333 0.009524 0.015476 0.013095 0.017857 0.015476 0.016667 0.014286 0.000000 0.000000 0.016667 0.011905 0.008333 0.008333 0.005952 0.005952 0.007143 0.013095 0.014286 0.009524 0.007143 0.008333 0.007143 0.004762 0.000000 0.005952 0.007143 0.009524 0.011905 0.010714 0.000000 0.000000 0.009524 0.007143 0.007143 0.015476 0.019048 0.013095 0.004762 0.003571 0.001190 0.000000 0.000000 0.000000 0.000000 0.000000 0.003571 0.000000 0.000000 0.003571
0.010714 0.013095 0.014286 0.008333 0.011905 0.008333 0.009524 0.010714 0.009524 0.014286 0.009524 0.011905 0.010714 0.011905 0.010714 0.011905 0.010714 0.008333 0.008333 0.007143 0.007143 0.005952 0.010714 0.009524 0.007143 0.007143 0.007143 0.007143 0.007143 0.013095 0.020238 0.016667 0.008333 0.010714 0.008333 0.001190 0.003571 0.005952 0.004762 0.010714 0.011905 0.007143 0.005952 0.000000 0.007143 0.005952 0.008333 0.007143 0.009524 0.014286 0.002381 0.002381 0.002381 0.000000 0.000000 0.000000 0.003571 0.000000 0.000000 0.002381 0.001190 0.034524 0.029762
0.011905 0.008333 0.007143 0.007143 0.007143 0.007143 0.011905 0.010714 0.015476 0.013095 0.010714 0.004762 0.009524 0.008333 0.009524 0.009524 0.010714 0.005952 0.004762 0.005952 0.007143 0.005952 0.008333 0.008333 0.009524 0.010714 0.009524 0.008333 0.008333 0.008333 0.010714 0.020238 0.013095 0.009524 0.002381 0.005952 0.004762 0.000000 0.004762 0.004762 0.007143 0.000000 0.000000 0.000000 0.008333 0.009524 0.007143 0.009524 0.009524 0.003571 0.001190 0.001190 0.000000 0.000000 0.000000 0.000000 0.003571 0.002381 0.002381 0.000000 0.041667 0.036905 0.002381
0.014286 0.010714 0.008333 0.008333 0.005952 0.003571 0.008333 0.008333 0.010714 0.010714 0.009524 0.009524 0.008333 0.005952 0.004762 0.008333 0.009524 0.004762 0.009524 0.005952 0.007143 0.007143 0.008333 0.008333 0.008333 0.007143 0.007143 0.009524 0.011905 0.014286 0.017857 0.017857 0.011905 0.009524 0.008333 0.003571 0.002381 0.000000 0.004762 0.005952 0.000000 0.000000 0.000000 0.009524 0.005952 0.008333 0.008333 0.009524 0.005952 0.002381 0.001190 0.000000 0.000000 0.000000 0.001190 0.003571 0.002381 0.003571 0.002381 0.001190 0.040476 0.001190 0.001190
0.019048 0.021429 0.009524 0.008333 0.008333 0.008333 0.007143 0.005952 0.008333 0.008333 0.008333 0.005952 0.003571 0.005952 0.004762 0.007143 0.007143 0.008333 0.008333 0.005952 0.004762 0.005952 0.005952 0.008333 0.007143 0.008333 0.011905 0.005952 0.015476 0.016667 0.020238 0.015476 0.000000 0.008333 0.003571 0.001190 0.001190 0.000000 0.000000 0.000000 0.000000 0.003571 0.004762 0.005952 0.007143 0.005952 0.005952 0.004762 0.002381 0.000000 0.000000 0.000000 0.000000 0.002381 0.001190 0.003571 0.003571 0.002381 0.002381 0.001190 0.001190 0.002381 0.001190
0.014286 0.021429 0.013095 0.017857 0.016667 0.014286 0.014286 0.009524 0.008333 0.004762 0.007143 0.008333 0.009524 0.008333 0.011905 0.010714 0.007143 0.008333 0.009524 0.010714 0.004762 0.008333 0.008333 0.004762 0.008333 0.005952 0.011905 0.019048 0.014286 0.014286 0.011905 0.011905 0.000000 0.000000 0.000000 0.000000 0.003571 0.000000 0.000000 0.000000 0.000000 0.003571 0.005952 0.004762 0.005952 0.005952 0.004762 0.000000 0.003571 0.001190 0.000000 0.000000 0.000000 0.003571 0.003571 0.001190 0.002381 0.002381 0.000000 0.001190 0.001190 0.002381 0.002381
0.023810 0.021429 0.016667 0.016667 0.020238 0.014286 0.013095 0.010714 0.009524 0.008333 0.007143 0.008333 0.017857 0.015476 0.020238 0.008333 0.011905 0.009524 0.010714 0.011905 0.009524 0.015476 0.010714 0.009524 0.011905 0.009524 0.013095 0.021429 0.015476 0.010714 0.008333 0.004762 0.003571 0.003571 0.005952 0.000000 0.017857 0.011905 0.000000 0.000000 0.000000 0.000000 0.000000 0.004762 0.005952 0.004762 0.005952 0.002381 0.000000 0.000000 0.001190 0.000000 0.000000 0.001190 0.002381 0.003571 0.002381 0.001190 0.000000 0.001190 0.001190 0.002381 0.002381
0.025000 0.025000 0.023810 0.019048 0.015476 0.017857 0.015476 0.011905 0.008333 0.010714 0.013095 0.014286 0.011905 0.010714 0.014286 0.017857 0.015476 0.021429 0.020238 0.020238 0.020238 0.017857 0.014286 0.015476 0.014286 0.013095 0.009524 0.007143 0.015476 0.007143 0.004762 0.004762 0.003571 0.003571 0.016667 0.011905 0.013095 0.000000 0.000000 0.000000 0.000000 0.000000 0.000000 0.000000 0.002381 0.002381 0.000000 0.000000 0.001190 0.001190 0.000000 0.000000 0.002381 0.002381 0.001190 0.003571 0.003571 0.000000 0.000000 0.001190 0.001190 0.003571 0.003571
0.019048 0.020238 0.021429 0.023810 0.020238 0.021429 0.017857 0.013095 0.013095 0.015476 0.016667 0.017857 0.019048 0.019048 0.017857 0.015476 0.015476 0.016667 0.016667 0.015476 0.017857 0.016667 0.016667 0.017857 0.013095 0.014286 0.011905 0.007143 0.008333 0.007143 0.004762 0.003571 0.000000 0.004762 0.005952 0.010714 0.013095 0.000000 0.000000 0.000000 0.000000 0.000000 0.000000 0.000000 0.002381 0.003571 0.002381 0.001190 0.000000 0.000000 0.001190 0.001190 0.001190 0.001190 0.001190 0.003571 0.001190 0.000000 0.000000 0.002381 0.001190 0.003571 0.002381
0.022619 0.022619 0.019048 0.017857 0.022619 0.017857 0.015476 0.014286 0.015476 0.014286 0.014286 0.019048 0.019048 0.017857 0.017857 0.014286 0.016667 0.011905 0.011905 0.009524 0.009524 0.008333 0.011905 0.009524 0.008333 0.008333 0.007143 0.007143 0.008333 0.004762 0.000000 0.001190 0.004762 0.007143 0.014286 0.009524 0.013095 0.000000 0.000000 0.000000 0.000000 0.000000 0.000000 0.000000 0.002381 0.002381 0.003571 0.000000 0.001190 0.002381 0.000000 0.001190 0.001190 0.001190 0.000000 0.001190 0.000000 0.001190 0.002381 0.002381 0.003571 0.003571 0.002381
0.000000 0.019048 0.021429 0.023810 0.023810 0.000000 0.022619 0.023810 0.025000 0.020238 0.016667 0.014286 0.013095 0.009524 0.007143 0.008333 0.008333 0.010714 0.007143 0.005952 0.009524 0.008333 0.005952 0.007143 0.007143 0.000000 0.000000 0.000000 0.004762 0.011905 0.000000 0.004762 0.011905 0.015476 0.013095 0.017857 0.013095 0.000000 0.000000 0.000000 0.000000 0.000000 0.000000 0.001190 0.001190 0.002381 0.002381 0.003571 0.002381 0.001190 0.002381 0.001190 0.002381 0.001190 0.003571 0.002381 0.001190 0.001190 0.003571 0.003571 0.003571 0.003571 0.002381
0.000000 0.000000 0.019048 0.014286 0.000000 0.000000 0.000000 0.023810 0.027381 0.021429 0.013095 0.009524 0.010714 0.010714 0.008333 0.013095 0.010714 0.010714 0.013095 0.008333 0.005952 0.004762 0.004762 0.004762 0.008333 0.007143 0.000000 0.005952 0.002381 0.000000 0.000000 0.007143 0.013095 0.016667 0.015476 0.014286 0.000000 0.000000 0.000000 0.000000 0.000000 0.000000 0.000000 0.000000 0.000000 0.000000 0.000000 0.001190 0.003571 0.002381 0.002381 0.002381 0.002381 0.002381 0.003571 0.001190 0.001190 0.002381 0.002381 0.003571 0.002381 0.000000 0.001190
0.000000 0.000000 0.000000 0.000000 0.000000 0.000000 0.000000 0.000000 0.015476 0.011905 0.016667 0.017857 0.015476 0.014286 0.013095 0.011905 0.013095 0.011905 0.009524 0.008333 0.008333 0.000000 0.010714 0.009524 0.005952 0.003571 0.002381 0.000000 0.002381 0.007143 0.007143 0.000000 0.000000 0.000000 0.000000 0.000000 0.000000 0.000000 0.000000 0.000000 0.000000 0.000000 0.000000 0.000000 0.000000 0.001190 0.002381 0.001190 0.001190 0.002381 0.001190 0.001190 0.001190 0.002381 0.001190 0.000000 0.000000 0.002381 0.002381 0.002381 0.000000 0.001190 0.000000
0.001190 0.000000 0.000000 0.000000 0.000000 0.000000 0.000000 0.000000 0.000000 0.000000 0.000000 0.016667 0.015476 0.015476 0.010714 0.011905 0.009524 0.008333 0.004762 0.004762 0.009524 0.010714 0.014286 0.011905 0.010714 0.007143 0.007143 0.007143 0.007143 0.003571 0.004762 0.011905 0.000000 0.000000 0.000000 0.000000 0.000000 0.000000 0.000000 0.000000 0.002381 0.000000 0.000000 0.001190 0.001190 0.001190 0.001190 0.002381 0.001190 0.002381 0.000000 0.000000 0.001190 0.002381 0.000000 0.000000 0.001190 0.001190 0.002381 0.002381 0.000000 0.000000 0.000000
0.003571 0.000000 0.000000 0.000000 0.000000 0.000000 0.000000 0.000000 0.000000 0.000000 0.000000 0.000000 0.000000 0.014286 0.015476 0.011905 0.005952 0.005952 0.004762 0.007143 0.007143 0.008333 0.000000 0.000000 0.009524 0.008333 0.007143 0.007143 0.007143 0.008333 0.003571 0.002381 0.000000 0.000000 0.000000 0.000000 0.000000 0.000000 0.000000 0.000000 0.003571 0.000000 0.000000 0.000000 0.000000 0.001190 0.001190 0.002381 0.002381 0.001190 0.000000 0.002381 0.001190 0.001190 0.000000 0.059524 0.000000 0.058333 0.057143 0.000000 0.000000 0.000000 0.000000
0.001190 0.004762 0.007143 0.007143 0.009524 0.007143 0.005952 0.000000 0.000000 0.000000 0.000000 0.000000 0.010714 0.010714 0.011905 0.008333 0.005952 0.004762 0.007143 0.004762 0.005952 0.005952 0.007143 0.007143 0.000000 0.010714 0.009524 0.009524 0.008333 0.010714 0.003571 0.004762 0.008333 0.000000 0.000000 0.000000 0.000000 0.000000 0.000000 0.000000 0.000000 0.000000 0.000000 0.000000 0.000000 0.000000 0.000000 0.001190 0.001190 0.002381 0.003571 0.001190 0.001190 0.000000 0.000000 0.001190 0.000000 0.000000 0.000000 0.000000 0.000000 0.000000 0.001190
0.003571 0.003571 0.008333 0.007143 0.007143 0.007143 0.007143 0.003571 0.007143 0.005952 0.005952 0.003571 0.004762 0.004762 0.008333 0.009524 0.010714 0.011905 0.013095 0.009524 0.009524 0.010714 0.007143 0.011905 0.010714 0.011905 0.009524 0.010714 0.011905 0.013095 0.008333 0.007143 0.007143 0.000000 0.000000 0.000000 0.000000 0.000000 0.001190 0.001190 0.001190 0.000000 0.002381 0.002381 0.000000 0.000000 0.000000 0.000000 0.002381 0.002381 0.002381 0.002381 0.001190 0.000000 0.001190 0.001190 0.001190 0.001190 0.001190 0.001190 0.001190 0.001190 0.001190
0.003571 0.005952 0.010714 0.009524 0.008333 0.008333 0.009524 0.004762 0.007143 0.007143 0.005952 0.007143 0.009524 0.008333 0.010714 0.008333 0.009524 0.010714 0.014286 0.011905 0.010714 0.009524 0.008333 0.007143 0.007143 0.011905 0.014286 0.010714 0.011905 0.005952 0.007143 0.005952 0.009524 0.005952 0.000000 0.000000 0.000000 0.000000 0.001190 0.001190 0.001190 0.001190 0.001190 0.001190 0.002381 0.002381 0.002381 0.002381 0.002381 0.001190 0.001190 0.001190 0.001190 0.002381 0.002381 0.002381 0.001190 0.001190 0.001190 0.001190 0.001190 0.001190 0.001190
