FireSTARR/test/output/RED/RED024/2019-06-15_1628/intensity_M_168_2019-06-17.asc
ncols         228
nrows         185
xllcorner     390343.378600
yllcorner     5808502.364000
cellsize      100.000000
NODATA_value  0.000000
[rows 56 to 83 of 185, columns 126 to 188 of 228]
0.008333 0.008333 0.000000 0.005952 0.005952 0.007143 0.004762 0.008333 0.007143 0.015476 0.015476 0.003571 0.015476 0.013095 0.013095 0.013095 0.013095 0.013095 0.002381 0.004762 0.004762 0.004762 0.008333 0.009524 0.007143 0.008333 0.004762 0.004762 0.003571 0.002381 0.005952 0.010714 0.000000 0.005952 0.000000 0.000000 0.008333 0.000000 0.000000 0.000000 0.000000 0.000000 0.000000 0.003571 0.003571 0.005952 0.007143 0.004762 0.005952 0.004762 0.004762 0.004762 0.003571 0.005952 0.003571 0.000000 0.000000 0.003571 0.003571 0.003571 0.003571 0.001190 0.000000
0.000000 0.000000 0.008333 0.005952 0.005952 0.007143 0.005952 0.007143 0.010714 0.008333 0.015476 0.015476 0.015476 0.011905 0.010714 0.011905 0.008333 0.005952 0.003571 0.000000 0.004762 0.007143 0.010714 0.008333 0.009524 0.008333 0.007143 0.009524 0.009524 0.009524 0.010714 0.009524 0.009524 0.010714 0.001190 0.013095 0.017857 0.002381 0.000000 0.000000 0.000000 0.000000 0.000000 0.003571 0.003571 0.003571 0.003571 0.004762 0.005952 0.004762 0.003571 0.003571 0.004762 0.004762 0.003571 0.000000 0.000000 0.003571 0.004762 0.000000 0.003571 0.003571 0.001190
0.005952 0.000000 0.009524 0.000000 0.008333 0.007143 0.010714 0.004762 0.005952 0.009524 0.010714 0.019048 0.014286 0.005952 0.005952 0.007143 0.007143 0.003571 0.002381 0.004762 0.000000 0.000000 0.000000 0.005952 0.007143 0.005952 0.007143 0.009524 0.005952 0.009524 0.008333 0.014286 0.005952 0.003571 0.002381 0.000000 0.019048 0.015476 0.000000 0.000000 0.010714 0.004762 0.003571 0.002381 0.003571 0.003571 0.003571 0.004762 0.005952 0.004762 0.004762 0.003571 0.002381 0.002381 0.003571 0.007143 0.000000 0.002381 0.004762 0.000000 0.000000 0.001190 0.001190
0.007143 0.009524 0.013095 0.010714 0.007143 0.013095 0.011905 0.014286 0.007143 0.008333 0.008333 0.011905 0.017857 0.010714 0.005952 0.005952 0.009524 0.004762 0.004762 0.002381 0.000000 0.003571 0.000000 0.000000 0.008333 0.007143 0.003571 0.016667 0.005952 0.007143 0.003571 0.004762 0.011905 0.013095 0.013095 0.021429 0.021429 0.020238 0.015476 0.010714 0.009524 0.008333 0.004762 0.003571 0.003571 0.004762 0.004762 0.004762 0.004762 0.007143 0.002381 0.003571 0.005952 0.002381 0.004762 0.002381 0.000000 0.000000 0.003571 0.003571 0.000000 0.002381 0.000000
0.000000 0.008333 0.005952 0.007143 0.009524 0.009524 0.015476 0.016667 0.011905 0.014286 0.011905 0.010714 0.000000 0.000000 0.007143 0.003571 0.001190 0.003571 0.003571 0.002381 0.004762 0.004762 0.005952 0.000000 0.005952 0.005952 0.023810 0.009524 0.022619 0.013095 0.015476 0.015476 0.013095 0.011905 0.014286 0.011905 0.010714 0.016667 0.020238 0.013095 0.009524 0.009524 0.004762 0.002381 0.003571 0.002381 0.003571 0.005952 0.005952 0.005952 0.008333 0.007143 0.003571 0.004762 0.003571 0.007143 0.003571 0.000000 0.000000 0.003571 0.000000 0.002381 0.002381
0.022619 0.000000 0.000000 0.010714 0.011905 0.011905 0.011905 0.010714 0.014286 0.009524 0.008333 0.008333 0.008333 0.000000 0.000000 0.000000 0.009524 0.000000 0.000000 0.000000 0.000000 0.000000 0.000000 0.011905 0.005952 0.005952 0.009524 0.015476 0.015476 0.017857 0.017857 0.014286 0.013095 0.013095 0.027381 0.026190 0.025000 0.023810 0.021429 0.000000 0.008333 0.005952 0.002381 0.002381 0.003571 0.002381 0.005952 0.008333 0.007143 0.000000 0.000000 0.000000 0.005952 0.009524 0.007143 0.004762 0.004762 0.004762 0.004762 0.000000 0.003571 0.003571 0.003571
0.016667 0.011905 0.000000 0.011905 0.010714 0.008333 0.007143 0.008333 0.009524 0.015476 0.013095 0.013095 0.014286 0.011905 0.009524 0.000000 0.000000 0.025000 0.021429 0.021429 0.000000 0.000000 0.010714 0.009524 0.011905 0.011905 0.011905 0.011905 0.016667 0.015476 0.013095 0.021429 0.021429 0.015476 0.016667 0.021429 0.019048 0.000000 0.000000 0.000000 0.000000 0.000000 0.000000 0.000000 0.000000 0.000000 0.005952 0.009524 0.008333 0.007143 0.000000 0.000000 0.000000 0.004762 0.005952 0.003571 0.004762 0.000000 0.000000 0.001190 0.001190 0.001190 0.000000
0.014286 0.016667 0.000000 0.015476 0.014286 0.004762 0.008333 0.013095 0.004762 0.013095 0.009524 0.020238 0.019048 0.017857 0.016667 0.000000 0.032143 0.029762 0.021429 0.000000 0.000000 0.000000 0.000000 0.000000 0.000000 0.010714 0.010714 0.011905 0.015476 0.015476 0.017857 0.014286 0.011905 0.013095 0.013095 0.020238 0.019048 0.017857 0.000000 0.000000 0.011905 0.015476 0.015476 0.014286 0.016667 0.000000 0.000000 0.010714 0.008333 0.000000 0.000000 0.000000 0.000000 0.000000 0.005952 0.004762 0.005952 0.007143 0.002381 0.001190 0.001190 0.001190 0.000000
0.013095 0.013095 0.009524 0.007143 0.079762 0.011905 0.009524 0.014286 0.007143 0.014286 0.007143 0.016667 0.015476 0.016667 0.015476 0.000000 0.022619 0.021429 0.000000 0.017857 0.046429 0.000000 0.000000 0.014286 0.019048 0.000000 0.000000 0.000000 0.033333 0.026190 0.019048 0.019048 0.017857 0.017857 0.015476 0.016667 0.019048 0.019048 0.017857 0.016667 0.022619 0.017857 0.013095 0.013095 0.013095 0.014286 0.015476 0.009524 0.000000 0.000000 0.000000 0.000000 0.000000 0.000000 0.000000 0.005952 0.005952 0.005952 0.001190 0.002381 0.002381 0.001190 0.001190
0.015476 0.017857 0.016667 0.088095 0.088095 0.091667 0.016667 0.016667 0.016667 0.016667 0.014286 0.014286 0.011905 0.015476 0.011905 0.000000 0.020238 0.016667 0.035714 0.044048 0.045238 0.019048 0.023810 0.026190 0.017857 0.021429 0.025000 0.008333 0.013095 0.021429 0.013095 0.016667 0.019048 0.016667 0.016667 0.021429 0.021429 0.013095 0.009524 0.010714 0.015476 0.017857 0.017857 0.014286 0.016667 0.010714 0.013095 0.013095 0.000000 0.000000 0.000000 0.000000 0.000000 0.000000 0.001190 0.001190 0.001190 0.005952 0.003571 0.005952 0.005952 0.005952 0.004762
0.020238 0.014286 0.008333 0.094048 0.009524 0.098810 0.101190 0.021429 0.020238 0.013095 0.032143 0.027381 0.030952 0.020238 0.000000 0.000000 0.023810 0.041667 0.035714 0.044048 0.014286 0.022619 0.023810 0.051190 0.055952 0.051190 0.010714 0.017857 0.015476 0.017857 0.016667 0.011905 0.016667 0.013095 0.025000 0.025000 0.023810 0.026190 0.013095 0.013095 0.021429 0.027381 0.025000 0.021429 0.026190 0.013095 0.013095 0.013095 0.008333 0.000000 0.000000 0.000000 0.000000 0.000000 0.000000 0.001190 0.002381 0.002381 0.003571 0.002381 0.002381 0.003571 0.003571
0.015476 0.009524 0.005952 0.098810 0.015476 0.013095 0.113095 0.009524 0.015476 0.010714 0.014286 0.015476 0.042857 0.046429 0.000000 0.000000 0.027381 0.040476 0.040476 0.045238 0.041667 0.046429 0.057143 0.052381 0.054762 0.014286 0.013095 0.016667 0.019048 0.013095 0.014286 0.014286 0.026190 0.028571 0.029762 0.028571 0.023810 0.021429 0.021429 0.022619 0.022619 0.021429 0.022619 0.017857 0.020238 0.019048 0.011905 0.009524 0.009524 0.009524 0.000000 0.005952 0.000000 0.000000 0.000000 0.000000 0.002381 0.001190 0.002381 0.000000 0.002381 0.003571 0.005952
0.009524 0.009524 0.005952 0.011905 0.015476 0.013095 0.009524 0.126190 0.016667 0.010714 0.011905 0.017857 0.014286 0.013095 0.020238 0.023810 0.021429 0.015476 0.039286 0.039286 0.045238 0.046429 0.053571 0.053571 0.028571 0.026190 0.023810 0.020238 0.015476 0.015476 0.014286 0.014286 0.033333 0.022619 0.027381 0.026190 0.022619 0.015476 0.015476 0.011905 0.014286 0.008333 0.014286 0.015476 0.016667 0.016667 0.019048 0.007143 0.007143 0.009524 0.009524 0.008333 0.007143 0.004762 0.000000 0.000000 0.000000 0.000000 0.002381 0.001190 0.001190 0.002381 0.002381
0.010714 0.007143 0.005952 0.009524 0.013095 0.014286 0.013095 0.017857 0.016667 0.014286 0.014286 0.015476 0.008333 0.011905 0.022619 0.019048 0.021429 0.035714 0.041667 0.042857 0.016667 0.016667 0.028571 0.028571 0.023810 0.026190 0.021429 0.014286 0.020238 0.016667 0.017857 0.017857 0.028571 0.028571 0.022619 0.022619 0.000000 0.000000 0.021429 0.023810 0.023810 0.016667 0.017857 0.014286 0.014286 0.016667 0.015476 0.014286 0.005952 0.011905 0.009524 0.013095 0.008333 0.007143 0.000000 0.000000 0.000000 0.003571 0.003571 0.003571 0.003571 0.002381 0.002381
0.007143 0.005952 0.002381 0.009524 0.011905 0.014286 0.017857 0.016667 0.013095 0.008333 0.013095 0.010714 0.007143 0.008333 0.019048 0.019048 0.000000 0.030952 0.011905 0.016667 0.013095 0.014286 0.032143 0.029762 0.027381 0.028571 0.025000 0.034524 0.016667 0.014286 0.038095 0.034524 0.035714 0.039286 0.027381 0.028571 0.032143 0.029762 0.028571 0.033333 0.029762 0.025000 0.019048 0.022619 0.017857 0.017857 0.014286 0.011905 0.008333 0.013095 0.009524 0.010714 0.009524 0.007143 0.000000 0.000000 0.000000 0.003571 0.002381 0.003571 0.004762 0.003571 0.003571
0.007143 0.003571 0.005952 0.011905 0.013095 0.015476 0.017857 0.016667 0.013095 0.014286 0.011905 0.000000 0.007143 0.009524 0.019048 0.000000 0.000000 0.017857 0.014286 0.013095 0.014286 0.016667 0.027381 0.023810 0.026190 0.027381 0.028571 0.032143 0.036905 0.040476 0.035714 0.036905 0.025000 0.000000 0.032143 0.029762 0.032143 0.025000 0.020238 0.021429 0.020238 0.022619 0.023810 0.023810 0.023810 0.025000 0.016667 0.013095 0.007143 0.007143 0.014286 0.010714 0.009524 0.007143 0.008333 0.000000 0.000000 0.000000 0.002381 0.002381 0.004762 0.003571 0.003571
0.009524 0.007143 0.009524 0.013095 0.013095 0.013095 0.019048 0.015476 0.011905 0.010714 0.011905 0.008333 0.010714 0.011905 0.019048 0.023810 0.020238 0.020238 0.000000 0.000000 0.028571 0.029762 0.028571 0.023810 0.027381 0.013095 0.017857 0.022619 0.042857 0.048810 0.038095 0.026190 0.027381 0.028571 0.029762 0.026190 0.021429 0.029762 0.033333 0.030952 0.026190 0.026190 0.026190 0.021429 0.022619 0.020238 0.020238 0.013095 0.008333 0.007143 0.009524 0.009524 0.010714 0.008333 0.008333 0.005952 0.000000 0.000000 0.005952 0.002381 0.003571 0.003571 0.002381
0.010714 0.009524 0.011905 0.013095 0.013095 0.013095 0.019048 0.000000 0.010714 0.009524 0.010714 0.008333 0.013095 0.016667 0.019048 0.023810 0.020238 0.017857 0.016667 0.019048 0.000000 0.028571 0.029762 0.011905 0.023810 0.025000 0.022619 0.027381 0.048810 0.026190 0.028571 0.020238 0.026190 0.028571 0.026190 0.030952 0.028571 0.032143 0.044048 0.042857 0.038095 0.034524 0.033333 0.022619 0.020238 0.019048 0.025000 0.017857 0.007143 0.009524 0.008333 0.010714 0.010714 0.007143 0.007143 0.007143 0.000000 0.000000 0.004762 0.005952 0.001190 0.004762 0.003571
0.013095 0.013095 0.008333 0.013095 0.014286 0.010714 0.009524 0.000000 0.000000 0.009524 0.136905 0.011905 0.014286 0.013095 0.019048 0.025000 0.022619 0.019048 0.016667 0.016667 0.010714 0.016667 0.017857 0.013095 0.019048 0.027381 0.023810 0.028571 0.028571 0.023810 0.027381 0.029762 0.025000 0.029762 0.025000 0.032143 0.036905 0.044048 0.058333 0.082143 0.107143 0.089286 0.078571 0.045238 0.020238 0.021429 0.028571 0.025000 0.017857 0.009524 0.010714 0.007143 0.008333 0.007143 0.008333 0.007143 0.000000 0.007143 0.004762 0.005952 0.002381 0.002381 0.005952
0.010714 0.007143 0.008333 0.008333 0.013095 0.000000 0.008333 0.007143 0.007143 0.009524 0.009524 0.011905 0.014286 0.014286 0.019048 0.023810 0.019048 0.022619 0.022619 0.017857 0.011905 0.000000 0.019048 0.019048 0.027381 0.034524 0.027381 0.028571 0.026190 0.026190 0.028571 0.023810 0.027381 0.040476 0.039286 0.034524 0.039286 0.064286 0.100000 0.150000 0.154762 0.140476 0.089286 0.066667 0.029762 0.027381 0.030952 0.028571 0.020238 0.008333 0.009524 0.008333 0.008333 0.009524 0.005952 0.000000 0.007143 0.005952 0.005952 0.007143 0.007143 0.002381 0.004762
0.007143 0.009524 0.009524 0.010714 0.011905 0.010714 0.000000 0.000000 0.007143 0.008333 0.008333 0.000000 0.013095 0.013095 0.015476 0.000000 0.017857 0.020238 0.023810 0.020238 0.015476 0.000000 0.000000 0.000000 0.022619 0.036905 0.026190 0.000000 0.022619 0.027381 0.023810 0.029762 0.033333 0.035714 0.034524 0.039286 0.054762 0.070238 0.132143 0.166667 0.216667 0.201190 0.000000 0.067857 0.038095 0.028571 0.028571 0.000000 0.013095 0.011905 0.011905 0.009524 0.010714 0.007143 0.014286 0.011905 0.007143 0.004762 0.003571 0.005952 0.003571 0.003571 0.004762
0.005952 0.004762 0.007143 0.010714 0.011905 0.008333 0.009524 0.005952 0.000000 0.000000 0.000000 0.000000 0.009524 0.013095 0.011905 0.017857 0.020238 0.016667 0.025000 0.014286 0.017857 0.015476 0.000000 0.033333 0.032143 0.034524 0.040476 0.045238 0.025000 0.026190 0.027381 0.028571 0.032143 0.030952 0.032143 0.039286 0.057143 0.066667 0.000000 0.167857 0.223810 0.213095 0.000000 0.069048 0.035714 0.030952 0.029762 0.000000 0.013095 0.010714 0.007143 0.011905 0.008333 0.009524 0.013095 0.008333 0.005952 0.002381 0.005952 0.004762 0.002381 0.003571 0.004762
0.009524 0.005952 0.007143 0.011905 0.011905 0.011905 0.008333 0.009524 0.009524 0.000000 0.000000 0.000000 0.009524 0.010714 0.008333 0.013095 0.019048 0.015476 0.020238 0.020238 0.017857 0.015476 0.000000 0.030952 0.033333 0.032143 0.032143 0.036905 0.032143 0.023810 0.023810 0.028571 0.027381 0.042857 0.040476 0.044048 0.058333 0.070238 0.111905 0.140476 0.209524 0.190476 0.109524 0.072619 0.032143 0.034524 0.026190 0.017857 0.013095 0.009524 0.008333 0.007143 0.009524 0.000000 0.013095 0.008333 0.005952 0.003571 0.003571 0.002381 0.005952 0.005952 0.003571
0.011905 0.008333 0.007143 0.009524 0.011905 0.010714 0.014286 0.011905 0.008333 0.000000 0.000000 0.000000 0.008333 0.008333 0.005952 0.008333 0.011905 0.015476 0.017857 0.013095 0.016667 0.014286 0.000000 0.000000 0.029762 0.028571 0.030952 0.027381 0.032143 0.025000 0.025000 0.030952 0.000000 0.038095 0.047619 0.054762 0.057143 0.059524 0.028571 0.104762 0.117857 0.101190 0.088095 0.052381 0.030952 0.032143 0.000000 0.000000 0.000000 0.010714 0.011905 0.015476 0.013095 0.015476 0.003571 0.004762 0.005952 0.005952 0.003571 0.003571 0.004762 0.004762 0.004762
0.014286 0.007143 0.008333 0.008333 0.013095 0.015476 0.015476 0.014286 0.013095 0.011905 0.000000 0.011905 0.005952 0.008333 0.004762 0.005952 0.000000 0.008333 0.009524 0.017857 0.019048 0.014286 0.017857 0.000000 0.033333 0.033333 0.000000 0.036905 0.000000 0.026190 0.020238 0.027381 0.030952 0.042857 0.035714 0.050000 0.052381 0.053571 0.057143 0.061905 0.083333 0.058333 0.053571 0.016667 0.038095 0.000000 0.000000 0.000000 0.007143 0.016667 0.016667 0.003571 0.017857 0.014286 0.011905 0.004762 0.003571 0.000000 0.000000 0.003571 0.003571 0.000000 0.003571
0.013095 0.013095 0.005952 0.009524 0.014286 0.015476 0.011905 0.013095 0.014286 0.011905 0.000000 0.014286 0.007143 0.007143 0.010714 0.008333 0.000000 0.036905 0.017857 0.015476 0.025000 0.022619 0.021429 0.000000 0.040476 0.023810 0.025000 0.026190 0.000000 0.000000 0.023810 0.029762 0.027381 0.036905 0.029762 0.033333 0.040476 0.044048 0.052381 0.020238 0.059524 0.014286 0.015476 0.035714 0.000000 0.021429 0.029762 0.026190 0.008333 0.010714 0.017857 0.004762 0.003571 0.010714 0.004762 0.004762 0.004762 0.003571 0.002381 0.003571 0.002381 0.000000 0.003571
0.011905 0.013095 0.000000 0.008333 0.010714 0.010714 0.007143 0.010714 0.009524 0.013095 0.005952 0.010714 0.010714 0.010714 0.005952 0.010714 0.000000 0.034524 0.015476 0.039286 0.015476 0.022619 0.027381 0.022619 0.017857 0.019048 0.025000 0.023810 0.021429 0.029762 0.041667 0.042857 0.033333 0.039286 0.036905 0.035714 0.039286 0.025000 0.040476 0.020238 0.020238 0.013095 0.029762 0.011905 0.016667 0.026190 0.013095 0.017857 0.008333 0.010714 0.015476 0.003571 0.011905 0.000000 0.005952 0.005952 0.004762 0.005952 0.003571 0.002381 0.002381 0.001190 0.001190
0.000000 0.000000 0.000000 0.008333 0.009524 0.009524 0.008333 0.007143 0.010714 0.009524 0.005952 0.009524 0.010714 0.009524 0.008333 0.014286 0.000000 0.000000 0.038095 0.013095 0.019048 0.020238 0.023810 0.027381 0.020238 0.019048 0.039286 0.039286 0.039286 0.033333 0.000000 0.030952 0.029762 0.028571 0.035714 0.000000 0.000000 0.000000 0.026190 0.030952 0.000000 0.000000 0.007143 0.010714 0.009524 0.023810 0.014286 0.010714 0.014286 0.014286 0.016667 0.015476 0.000000 0.004762 0.005952 0.007143 0.008333 0.004762 0.002381 0.002381 0.002381 0.002381 0.002381
