FireSTARR/test/output/RED/RED024/2019-06-15_1628/intensity_M_168_2019-06-17.asc
ncols         228
nrows         185
xllcorner     390343.378600
yllcorner     5808502.364000
cellsize      100.000000
NODATA_value  0.000000
[rows 84 to 111 of 185, columns 63 to 125 of 228]
0.000000 0.000000 0.000000 0.000000 0.000000 0.001190 0.002381 0.001190 0.001190 0.000000 0.000000 0.001190 0.001190 0.002381 0.002381 0.002381 0.000000 0.025000 0.000000 0.000000 0.000000 0.000000 0.000000 0.000000 0.003571 0.003571 0.004762 0.005952 0.008333 0.003571 0.010714 0.007143 0.009524 0.007143 0.008333 0.004762 0.002381 0.003571 0.005952 0.002381 0.003571 0.005952 0.007143 0.046429 0.005952 0.046429 0.013095 0.013095 0.017857 0.013095 0.000000 0.000000 0.011905 0.009524 0.014286 0.011905 0.011905 0.010714 0.008333 0.009524 0.009524 0.000000 0.000000
0.000000 0.000000 0.000000 0.000000 0.000000 0.000000 0.003571 0.001190 0.001190 0.000000 0.000000 0.001190 0.001190 0.002381 0.000000 0.000000 0.000000 0.000000 0.000000 0.000000 0.000000 0.001190 0.001190 0.002381 0.000000 0.000000 0.004762 0.001190 0.003571 0.004762 0.007143 0.008333 0.009524 0.009524 0.011905 0.002381 0.002381 0.008333 0.004762 0.002381 0.005952 0.003571 0.004762 0.046429 0.007143 0.051190 0.013095 0.021429 0.011905 0.020238 0.016667 0.032143 0.000000 0.000000 0.013095 0.013095 0.011905 0.011905 0.008333 0.013095 0.009524 0.000000 0.000000
0.003571 0.014286 0.001190 0.001190 0.001190 0.000000 0.000000 0.002381 0.000000 0.001190 0.000000 0.000000 0.000000 0.000000 0.000000 0.000000 0.000000 0.000000 0.000000 0.000000 0.000000 0.001190 0.002381 0.002381 0.002381 0.002381 0.002381 0.000000 0.007143 0.009524 0.008333 0.000000 0.000000 0.000000 0.011905 0.003571 0.004762 0.002381 0.007143 0.003571 0.005952 0.004762 0.005952 0.004762 0.007143 0.010714 0.011905 0.013095 0.020238 0.016667 0.022619 0.021429 0.016667 0.000000 0.000000 0.027381 0.000000 0.022619 0.011905 0.014286 0.010714 0.009524 0.008333
0.000000 0.013095 0.002381 0.002381 0.001190 0.000000 0.010714 0.001190 0.003571 0.001190 0.000000 0.000000 0.000000 0.000000 0.000000 0.000000 0.000000 0.000000 0.000000 0.000000 0.001190 0.002381 0.002381 0.002381 0.002381 0.001190 0.001190 0.003571 0.007143 0.010714 0.007143 0.008333 0.011905 0.013095 0.008333 0.004762 0.004762 0.002381 0.003571 0.002381 0.004762 0.002381 0.003571 0.000000 0.004762 0.007143 0.011905 0.013095 0.019048 0.017857 0.016667 0.014286 0.010714 0.000000 0.004762 0.005952 0.005952 0.000000 0.000000 0.000000 0.010714 0.008333 0.008333
0.001190 0.001190 0.001190 0.001190 0.001190 0.000000 0.000000 0.001190 0.003571 0.000000 0.000000 0.000000 0.001190 0.001190 0.000000 0.000000 0.000000 0.000000 0.000000 0.000000 0.001190 0.001190 0.002381 0.002381 0.002381 0.004762 0.003571 0.002381 0.005952 0.009524 0.011905 0.008333 0.011905 0.004762 0.008333 0.005952 0.004762 0.002381 0.002381 0.003571 0.002381 0.005952 0.002381 0.000000 0.000000 0.005952 0.008333 0.015476 0.000000 0.000000 0.011905 0.014286 0.009524 0.008333 0.004762 0.008333 0.008333 0.027381 0.011905 0.000000 0.000000 0.009524 0.010714
0.001190 0.001190 0.001190 0.002381 0.001190 0.001190 0.000000 0.000000 0.000000 0.000000 0.002381 0.001190 0.001190 0.000000 0.000000 0.000000 0.000000 0.000000 0.000000 0.001190 0.001190 0.001190 0.002381 0.002381 0.003571 0.003571 0.003571 0.003571 0.008333 0.009524 0.009524 0.000000 0.009524 0.005952 0.008333 0.008333 0.004762 0.004762 0.002381 0.003571 0.001190 0.003571 0.000000 0.000000 0.000000 0.000000 0.000000 0.009524 0.011905 0.011905 0.013095 0.015476 0.009524 0.027381 0.005952 0.007143 0.027381 0.027381 0.028571 0.013095 0.007143 0.000000 0.011905
0.010714 0.001190 0.013095 0.002381 0.001190 0.000000 0.001190 0.001190 0.001190 0.002381 0.001190 0.001190 0.001190 0.000000 0.000000 0.000000 0.000000 0.000000 0.000000 0.002381 0.002381 0.002381 0.002381 0.004762 0.005952 0.005952 0.004762 0.003571 0.007143 0.007143 0.007143 0.009524 0.010714 0.004762 0.007143 0.008333 0.005952 0.000000 0.007143 0.009524 0.002381 0.002381 0.003571 0.000000 0.000000 0.000000 0.000000 0.008333 0.007143 0.010714 0.015476 0.017857 0.013095 0.025000 0.007143 0.026190 0.027381 0.000000 0.011905 0.013095 0.015476 0.011905 0.009524
0.008333 0.008333 0.001190 0.002381 0.001190 0.000000 0.001190 0.000000 0.002381 0.002381 0.003571 0.002381 0.001190 0.000000 0.000000 0.000000 0.000000 0.001190 0.001190 0.002381 0.001190 0.001190 0.003571 0.003571 0.003571 0.004762 0.004762 0.005952 0.004762 0.004762 0.004762 0.007143 0.010714 0.007143 0.007143 0.007143 0.000000 0.003571 0.002381 0.002381 0.009524 0.001190 0.002381 0.002381 0.004762 0.000000 0.000000 0.005952 0.004762 0.008333 0.013095 0.016667 0.016667 0.000000 0.000000 0.000000 0.010714 0.019048 0.020238 0.016667 0.010714 0.010714 0.000000
0.000000 0.000000 0.000000 0.001190 0.001190 0.001190 0.001190 0.000000 0.014286 0.002381 0.003571 0.002381 0.002381 0.000000 0.000000 0.001190 0.001190 0.001190 0.000000 0.001190 0.001190 0.001190 0.002381 0.002381 0.003571 0.003571 0.003571 0.004762 0.003571 0.004762 0.004762 0.007143 0.009524 0.010714 0.009524 0.005952 0.008333 0.008333 0.002381 0.002381 0.011905 0.000000 0.002381 0.003571 0.004762 0.000000 0.000000 0.000000 0.000000 0.011905 0.015476 0.014286 0.016667 0.000000 0.000000 0.004762 0.007143 0.017857 0.016667 0.015476 0.000000 0.007143 0.000000
0.001190 0.001190 0.001190 0.001190 0.001190 0.001190 0.000000 0.000000 0.001190 0.002381 0.002381 0.002381 0.002381 0.000000 0.001190 0.001190 0.000000 0.000000 0.000000 0.001190 0.001190 0.001190 0.001190 0.002381 0.002381 0.004762 0.004762 0.002381 0.002381 0.003571 0.003571 0.004762 0.007143 0.011905 0.010714 0.009524 0.008333 0.009524 0.007143 0.008333 0.005952 0.000000 0.000000 0.005952 0.003571 0.003571 0.000000 0.000000 0.000000 0.007143 0.009524 0.013095 0.015476 0.000000 0.000000 0.008333 0.017857 0.013095 0.013095 0.014286 0.015476 0.014286 0.000000
0.001190 0.001190 0.001190 0.002381 0.003571 0.001190 0.000000 0.000000 0.001190 0.002381 0.002381 0.001190 0.001190 0.001190 0.001190 0.001190 0.000000 0.000000 0.000000 0.000000 0.001190 0.001190 0.002381 0.002381 0.002381 0.004762 0.004762 0.002381 0.002381 0.001190 0.003571 0.004762 0.005952 0.010714 0.013095 0.010714 0.009524 0.013095 0.009524 0.008333 0.000000 0.000000 0.000000 0.000000 0.000000 0.003571 0.007143 0.010714 0.009524 0.010714 0.011905 0.015476 0.013095 0.013095 0.010714 0.008333 0.003571 0.014286 0.013095 0.014286 0.013095 0.013095 0.000000
0.000000 0.001190 0.002381 0.002381 0.003571 0.002381 0.000000 0.000000 0.001190 0.002381 0.002381 0.003571 0.002381 0.000000 0.000000 0.001190 0.008333 0.000000 0.000000 0.000000 0.001190 0.002381 0.002381 0.002381 0.002381 0.003571 0.003571 0.003571 0.001190 0.001190 0.002381 0.003571 0.005952 0.008333 0.009524 0.010714 0.010714 0.010714 0.005952 0.000000 0.000000 0.000000 0.000000 0.003571 0.002381 0.003571 0.007143 0.000000 0.000000 0.011905 0.017857 0.013095 0.014286 0.007143 0.005952 0.007143 0.004762 0.003571 0.002381 0.004762 0.014286 0.010714 0.009524
0.001190 0.000000 0.000000 0.001190 0.002381 0.002381 0.001190 0.000000 0.001190 0.001190 0.002381 0.003571 0.002381 0.001190 0.000000 0.000000 0.000000 0.000000 0.000000 0.000000 0.000000 0.000000 0.001190 0.002381 0.003571 0.004762 0.002381 0.001190 0.001190 0.001190 0.001190 0.002381 0.004762 0.008333 0.008333 0.010714 0.010714 0.005952 0.003571 0.002381 0.002381 0.003571 0.000000 0.003571 0.002381 0.002381 0.004762 0.007143 0.000000 0.011905 0.020238 0.022619 0.011905 0.013095 0.010714 0.005952 0.007143 0.002381 0.004762 0.007143 0.014286 0.010714 0.011905
0.000000 0.000000 0.000000 0.001190 0.003571 0.002381 0.001190 0.001190 0.002381 0.002381 0.001190 0.002381 0.002381 0.002381 0.000000 0.002381 0.002381 0.001190 0.000000 0.000000 0.000000 0.000000 0.000000 0.000000 0.000000 0.003571 0.002381 0.000000 0.000000 0.001190 0.001190 0.002381 0.004762 0.007143 0.007143 0.009524 0.007143 0.005952 0.002381 0.002381 0.005952 0.005952 0.004762 0.003571 0.003571 0.002381 0.007143 0.011905 0.015476 0.010714 0.013095 0.010714 0.010714 0.013095 0.005952 0.010714 0.005952 0.005952 0.005952 0.005952 0.007143 0.009524 0.010714
0.001190 0.000000 0.000000 0.000000 0.002381 0.002381 0.001190 0.001190 0.001190 0.001190 0.000000 0.001190 0.002381 0.002381 0.000000 0.002381 0.001190 0.000000 0.000000 0.000000 0.000000 0.000000 0.000000 0.000000 0.000000 0.000000 0.000000 0.000000 0.000000 0.000000 0.000000 0.002381 0.004762 0.005952 0.008333 0.010714 0.007143 0.005952 0.003571 0.002381 0.003571 0.004762 0.005952 0.004762 0.000000 0.000000 0.000000 0.011905 0.016667 0.010714 0.000000 0.000000 0.010714 0.010714 0.000000 0.010714 0.005952 0.009524 0.005952 0.003571 0.008333 0.008333 0.011905
0.001190 0.001190 0.000000 0.001190 0.003571 0.002381 0.001190 0.001190 0.001190 0.002381 0.002381 0.001190 0.001190 0.000000 0.001190 0.001190 0.001190 0.000000 0.001190 0.001190 0.000000 0.000000 0.000000 0.000000 0.000000 0.000000 0.000000 0.000000 0.000000 0.000000 0.000000 0.001190 0.004762 0.005952 0.008333 0.008333 0.008333 0.004762 0.003571 0.002381 0.003571 0.004762 0.003571 0.004762 0.000000 0.000000 0.000000 0.000000 0.013095 0.013095 0.015476 0.000000 0.010714 0.008333 0.001190 0.000000 0.007143 0.007143 0.008333 0.005952 0.002381 0.005952 0.010714
0.001190 0.000000 0.000000 0.000000 0.001190 0.001190 0.002381 0.001190 0.001190 0.001190 0.001190 0.001190 0.001190 0.002381 0.003571 0.003571 0.002381 0.001190 0.001190 0.001190 0.000000 0.001190 0.000000 0.001190 0.000000 0.000000 0.000000 0.000000 0.000000 0.000000 0.000000 0.000000 0.000000 0.004762 0.008333 0.008333 0.008333 0.005952 0.004762 0.003571 0.003571 0.003571 0.005952 0.005952 0.003571 0.000000 0.000000 0.000000 0.011905 0.013095 0.016667 0.015476 0.000000 0.008333 0.005952 0.005952 0.005952 0.007143 0.007143 0.005952 0.004762 0.008333 0.011905
0.000000 0.000000 0.000000 0.001190 0.001190 0.000000 0.002381 0.001190 0.001190 0.001190 0.001190 0.001190 0.002381 0.002381 0.003571 0.002381 0.002381 0.003571 0.001190 0.000000 0.000000 0.000000 0.000000 0.000000 0.001190 0.001190 0.000000 0.000000 0.000000 0.000000 0.000000 0.000000 0.000000 0.005952 0.005952 0.007143 0.009524 0.007143 0.007143 0.005952 0.004762 0.004762 0.003571 0.003571 0.004762 0.003571 0.000000 0.000000 0.000000 0.015476 0.014286 0.013095 0.008333 0.009524 0.007143 0.008333 0.004762 0.005952 0.004762 0.008333 0.005952 0.007143 0.009524
0.000000 0.000000 0.000000 0.000000 0.000000 0.002381 0.001190 0.001190 0.001190 0.001190 0.002381 0.002381 0.001190 0.001190 0.001190 0.001190 0.002381 0.001190 0.001190 0.000000 0.001190 0.000000 0.001190 0.001190 0.000000 0.000000 0.000000 0.000000 0.000000 0.000000 0.000000 0.000000 0.000000 0.000000 0.000000 0.000000 0.000000 0.007143 0.005952 0.004762 0.004762 0.003571 0.003571 0.003571 0.008333 0.002381 0.000000 0.009524 0.010714 0.000000 0.014286 0.011905 0.009524 0.009524 0.010714 0.008333 0.008333 0.007143 0.005952 0.005952 0.005952 0.000000 0.000000
0.000000 0.000000 0.000000 0.000000 0.001190 0.002381 0.001190 0.000000 0.001190 0.002381 0.002381 0.001190 0.001190 0.001190 0.001190 0.001190 0.001190 0.001190 0.000000 0.001190 0.001190 0.001190 0.000000 0.000000 0.000000 0.000000 0.001190 0.001190 0.000000 0.000000 0.000000 0.000000 0.000000 0.000000 0.000000 0.000000 0.000000 0.000000 0.005952 0.004762 0.004762 0.004762 0.003571 0.003571 0.003571 0.002381 0.008333 0.008333 0.009524 0.010714 0.013095 0.013095 0.009524 0.010714 0.010714 0.007143 0.007143 0.004762 0.005952 0.007143 0.000000 0.000000 0.000000
0.000000 0.000000 0.000000 0.000000 0.002381 0.001190 0.001190 0.001190 0.001190 0.000000 0.000000 0.000000 0.001190 0.001190 0.001190 0.001190 0.000000 0.000000 0.001190 0.001190 0.000000 0.000000 0.000000 0.000000 0.000000 0.001190 0.001190 0.001190 0.001190 0.001190 0.001190 0.000000 0.000000 0.000000 0.000000 0.000000 0.000000 0.000000 0.000000 0.004762 0.005952 0.004762 0.004762 0.003571 0.002381 0.001190 0.003571 0.008333 0.010714 0.009524 0.013095 0.000000 0.010714 0.010714 0.008333 0.008333 0.004762 0.005952 0.000000 0.000000 0.000000 0.000000 0.000000
0.000000 0.000000 0.000000 0.000000 0.001190 0.001190 0.001190 0.001190 0.002381 0.001190 0.001190 0.000000 0.001190 0.001190 0.001190 0.001190 0.000000 0.001190 0.001190 0.001190 0.000000 0.000000 0.000000 0.000000 0.000000 0.001190 0.001190 0.001190 0.001190 0.001190 0.002381 0.002381 0.001190 0.001190 0.000000 0.000000 0.000000 0.000000 0.000000 0.000000 0.004762 0.005952 0.003571 0.003571 0.014286 0.010714 0.002381 0.005952 0.000000 0.009524 0.000000 0.000000 0.000000 0.000000 0.013095 0.010714 0.008333 0.000000 0.000000 0.000000 0.000000 0.000000 0.000000
0.000000 0.000000 0.000000 0.001190 0.001190 0.000000 0.000000 0.000000 0.000000 0.001190 0.001190 0.002381 0.001190 0.002381 0.001190 0.000000 0.000000 0.001190 0.001190 0.000000 0.000000 0.000000 0.000000 0.000000 0.001190 0.001190 0.001190 0.002381 0.002381 0.002381 0.002381 0.002381 0.002381 0.002381 0.003571 0.002381 0.000000 0.000000 0.000000 0.000000 0.000000 0.004762 0.003571 0.011905 0.015476 0.017857 0.013095 0.003571 0.008333 0.008333 0.000000 0.000000 0.000000 0.000000 0.000000 0.000000 0.000000 0.000000 0.007143 0.007143 0.005952 0.007143 0.005952
0.000000 0.000000 0.000000 0.001190 0.001190 0.000000 0.000000 0.000000 0.000000 0.000000 0.000000 0.001190 0.001190 0.002381 0.002381 0.000000 0.000000 0.001190 0.001190 0.000000 0.000000 0.000000 0.000000 0.000000 0.001190 0.001190 0.001190 0.002381 0.002381 0.001190 0.002381 0.002381 0.001190 0.002381 0.004762 0.002381 0.001190 0.001190 0.001190 0.000000 0.004762 0.005952 0.007143 0.010714 0.000000 0.000000 0.014286 0.011905 0.009524 0.008333 0.023810 0.000000 0.000000 0.000000 0.000000 0.000000 0.000000 0.007143 0.008333 0.004762 0.007143 0.003571 0.007143
0.000000 0.000000 0.000000 0.000000 0.001190 0.000000 0.000000 0.000000 0.000000 0.000000 0.001190 0.001190 0.001190 0.002381 0.001190 0.000000 0.001190 0.001190 0.001190 0.000000 0.000000 0.000000 0.000000 0.000000 0.001190 0.001190 0.001190 0.002381 0.000000 0.001190 0.002381 0.001190 0.001190 0.002381 0.004762 0.002381 0.002381 0.001190 0.002381 0.004762 0.004762 0.004762 0.000000 0.005952 0.002381 0.000000 0.000000 0.013095 0.021429 0.021429 0.027381 0.029762 0.032143 0.013095 0.010714 0.000000 0.000000 0.008333 0.004762 0.007143 0.008333 0.007143 0.005952
0.000000 0.000000 0.000000 0.000000 0.000000 0.001190 0.002381 0.000000 0.000000 0.000000 0.000000 0.001190 0.001190 0.002381 0.001190 0.000000 0.003571 0.002381 0.001190 0.000000 0.000000 0.000000 0.000000 0.000000 0.001190 0.001190 0.000000 0.000000 0.030952 0.000000 0.002381 0.001190 0.001190 0.002381 0.005952 0.004762 0.002381 0.002381 0.002381 0.001190 0.003571 0.003571 0.003571 0.003571 0.003571 0.000000 0.000000 0.000000 0.000000 0.005952 0.004762 0.013095 0.016667 0.013095 0.011905 0.013095 0.010714 0.011905 0.008333 0.009524 0.007143 0.007143 0.007143
0.002381 0.000000 0.000000 0.000000 0.000000 0.001190 0.001190 0.002381 0.003571 0.000000 0.000000 0.016667 0.000000 0.000000 0.000000 0.002381 0.003571 0.001190 0.001190 0.000000 0.001190 0.000000 0.000000 0.000000 0.001190 0.001190 0.000000 0.001190 0.000000 0.000000 0.000000 0.001190 0.000000 0.000000 0.000000 0.000000 0.003571 0.001190 0.001190 0.002381 0.002381 0.001190 0.000000 0.002381 0.002381 0.000000 0.000000 0.000000 0.000000 0.030952 0.005952 0.009524 0.011905 0.015476 0.011905 0.010714 0.010714 0.000000 0.011905 0.000000 0.008333 0.007143 0.007143
0.002381 0.000000 0.001190 0.000000 0.001190 0.001190 0.001190 0.002381 0.002381 0.000000 0.000000 0.000000 0.000000 0.001190 0.002381 0.002381 0.002381 0.001190 0.001190 0.000000 0.001190 0.001190 0.001190 0.000000 0.000000 0.000000 0.000000 0.000000 0.001190 0.000000 0.000000 0.000000 0.000000 0.002381 0.002381 0.003571 0.000000 0.004762 0.003571 0.003571 0.002381 0.003571 0.002381 0.002381 0.001190 0.000000 0.000000 0.000000 0.000000 0.000000 0.032143 0.008333 0.014286 0.015476 0.014286 0.013095 0.009524 0.010714 0.000000 0.000000 0.008333 0.005952 0.007143
