FireSTARR/test/output/RED/RED024/2019-06-15_1628/wxshield_168_2019-06-17.asc
ncols         228
nrows         186
xllcorner     390343.378600
yllcorner     5808502.364000
cellsize      100.000000
NODATA_value  0.000000
[rows 28 to 55 of 186, columns 126 to 188 of 228]
0.009524 0.009524 0.008333 0.011905 0.011905 0.011905 0.011905 0.013095 0.013095 0.011905 0.010714 0.009524 0.009524 0.009524 0.009524 0.009524 0.009524 0.009524 0.007143 0.009524 0.009524 0.009524 0.007143 0.007143 0.007143 0.007143 0.000000 0.007143 0.000000 0.000000 0.000000 0.000000 0.000000 0.000000 0.000000 0.000000 0.000000 0.000000 0.000000 0.000000 0.000000 0.000000 0.000000 0.000000 0.000000 0.000000 0.000000 0.000000 0.000000 0.000000 0.000000 0.000000 0.000000 0.000000 0.000000 0.000000 0.000000 0.000000 0.000000 0.000000 0.000000 0.000000 0.000000
0.013095 0.013095 0.013095 0.013095 0.013095 0.013095 0.013095 0.013095 0.013095 0.013095 0.011905 0.011905 0.011905 0.010714 0.009524 0.009524 0.009524 0.009524 0.005952 0.009524 0.009524 0.007143 0.007143 0.007143 0.009524 0.009524 0.009524 0.007143 0.000000 0.005952 0.000000 0.000000 0.000000 0.000000 0.000000 0.000000 0.000000 0.000000 0.000000 0.000000 0.000000 0.000000 0.000000 0.000000 0.000000 0.000000 0.000000 0.000000 0.000000 0.000000 0.000000 0.000000 0.000000 0.000000 0.000000 0.000000 0.000000 0.000000 0.000000 0.000000 0.000000 0.000000 0.000000
0.013095 0.013095 0.009524 0.013095 0.013095 0.013095 0.013095 0.013095 0.013095 0.013095 0.011905 0.011905 0.011905 0.013095 0.013095 0.011905 0.007143 0.011905 0.011905 0.011905 0.008333 0.007143 0.009524 0.010714 0.010714 0.009524 0.009524 0.008333 0.009524 0.000000 0.000000 0.000000 0.000000 0.000000 0.000000 0.000000 0.000000 0.000000 0.000000 0.000000 0.000000 0.000000 0.000000 0.000000 0.000000 0.000000 0.000000 0.000000 0.000000 0.000000 0.000000 0.000000 0.000000 0.000000 0.000000 0.000000 0.000000 0.000000 0.000000 0.000000 0.000000 0.000000 0.000000
0.014286 0.013095 0.015476 0.014286 0.014286 0.013095 0.013095 0.013095 0.014286 0.014286 0.013095 0.013095 0.013095 0.007143 0.013095 0.011905 0.011905 0.011905 0.011905 0.011905 0.011905 0.000000 0.010714 0.010714 0.010714 0.010714 0.009524 0.009524 0.009524 0.000000 0.001190 0.001190 0.001190 0.001190 0.001190 0.000000 0.000000 0.000000 0.000000 0.000000 0.000000 0.000000 0.000000 0.000000 0.000000 0.000000 0.000000 0.000000 0.000000 0.000000 0.000000 0.000000 0.000000 0.000000 0.000000 0.000000 0.000000 0.000000 0.000000 0.000000 0.000000 0.000000 0.000000
0.015476 0.014286 0.015476 0.015476 0.015476 0.015476 0.014286 0.014286 0.014286 0.014286 0.014286 0.014286 0.014286 0.013095 0.013095 0.013095 0.013095 0.013095 0.011905 0.011905 0.011905 0.011905 0.011905 0.011905 0.011905 0.010714 0.010714 0.009524 0.008333 0.000000 0.003571 0.007143 0.007143 0.007143 0.007143 0.007143 0.005952 0.000000 0.000000 0.000000 0.000000 0.000000 0.000000 0.000000 0.000000 0.000000 0.000000 0.000000 0.000000 0.000000 0.000000 0.000000 0.000000 0.000000 0.000000 0.000000 0.000000 0.000000 0.000000 0.000000 0.000000 0.000000 0.000000
0.015476 0.015476 0.015476 0.015476 0.016667 0.016667 0.015476 0.014286 0.014286 0.014286 0.014286 0.014286 0.014286 0.014286 0.014286 0.013095 0.013095 0.013095 0.013095 0.011905 0.011905 0.011905 0.011905 0.011905 0.011905 0.010714 0.010714 0.009524 0.000000 0.000000 0.004762 0.008333 0.009524 0.009524 0.009524 0.009524 0.009524 0.009524 0.008333 0.004762 0.000000 0.000000 0.000000 0.000000 0.000000 0.000000 0.000000 0.000000 0.000000 0.000000 0.000000 0.000000 0.000000 0.000000 0.000000 0.000000 0.000000 0.000000 0.000000 0.000000 0.000000 0.000000 0.000000
0.016667 0.016667 0.016667 0.016667 0.016667 0.016667 0.016667 0.016667 0.016667 0.015476 0.014286 0.014286 0.014286 0.014286 0.014286 0.014286 0.013095 0.013095 0.013095 0.011905 0.011905 0.011905 0.011905 0.011905 0.011905 0.010714 0.010714 0.007143 0.000000 0.004762 0.007143 0.007143 0.007143 0.009524 0.009524 0.009524 0.009524 0.009524 0.009524 0.007143 0.001190 0.000000 0.000000 0.000000 0.000000 0.000000 0.000000 0.000000 0.000000 0.000000 0.000000 0.000000 0.000000 0.000000 0.000000 0.000000 0.000000 0.000000 0.000000 0.000000 0.000000 0.000000 0.000000
0.016667 0.016667 0.016667 0.016667 0.017857 0.017857 0.017857 0.016667 0.016667 0.017857 0.017857 0.015476 0.014286 0.014286 0.014286 0.014286 0.014286 0.013095 0.013095 0.011905 0.011905 0.011905 0.011905 0.011905 0.011905 0.011905 0.011905 0.010714 0.007143 0.005952 0.010714 0.010714 0.010714 0.010714 0.009524 0.009524 0.009524 0.009524 0.009524 0.000000 0.000000 0.000000 0.000000 0.000000 0.000000 0.000000 0.000000 0.000000 0.000000 0.000000 0.000000 0.000000 0.000000 0.000000 0.000000 0.000000 0.000000 0.000000 0.000000 0.000000 0.000000 0.000000 0.000000
0.016667 0.017857 0.017857 0.017857 0.017857 0.017857 0.019048 0.019048 0.019048 0.019048 0.017857 0.017857 0.016667 0.014286 0.014286 0.000000 0.017857 0.015476 0.014286 0.013095 0.011905 0.008333 0.009524 0.011905 0.011905 0.013095 0.011905 0.011905 0.010714 0.011905 0.000000 0.011905 0.011905 0.011905 0.010714 0.009524 0.009524 0.009524 0.009524 0.005952 0.008333 0.000000 0.000000 0.000000 0.000000 0.000000 0.000000 0.000000 0.000000 0.000000 0.000000 0.000000 0.000000 0.000000 0.000000 0.000000 0.000000 0.000000 0.000000 0.000000 0.000000 0.000000 0.000000
0.016667 0.016667 0.017857 0.017857 0.017857 0.019048 0.019048 0.019048 0.019048 0.019048 0.020238 0.020238 0.019048 0.017857 0.000000 0.000000 0.000000 0.019048 0.020238 0.011905 0.011905 0.011905 0.010714 0.010714 0.013095 0.013095 0.013095 0.013095 0.011905 0.010714 0.011905 0.000000 0.011905 0.011905 0.011905 0.009524 0.009524 0.009524 0.005952 0.009524 0.008333 0.008333 0.000000 0.000000 0.000000 0.000000 0.000000 0.000000 0.000000 0.000000 0.000000 0.000000 0.000000 0.000000 0.000000 0.000000 0.000000 0.000000 0.000000 0.000000 0.000000 0.000000 0.000000
0.017857 0.016667 0.017857 0.017857 0.019048 0.019048 0.019048 0.019048 0.019048 0.020238 0.021429 0.022619 0.022619 0.013095 0.000000 0.000000 0.000000 0.021429 0.022619 0.015476 0.013095 0.011905 0.011905 0.016667 0.013095 0.013095 0.013095 0.013095 0.013095 0.000000 0.000000 0.011905 0.011905 0.011905 0.011905 0.010714 0.010714 0.010714 0.009524 0.009524 0.008333 0.008333 0.008333 0.000000 0.000000 0.000000 0.000000 0.000000 0.000000 0.000000 0.000000 0.000000 0.000000 0.000000 0.000000 0.000000 0.000000 0.000000 0.000000 0.000000 0.000000 0.000000 0.000000
0.017857 0.017857 0.000000 0.017857 0.019048 0.019048 0.019048 0.020238 0.021429 0.022619 0.021429 0.000000 0.023810 0.025000 0.000000 0.027381 0.000000 0.000000 0.016667 0.025000 0.025000 0.022619 0.021429 0.021429 0.020238 0.016667 0.015476 0.015476 0.015476 0.013095 0.013095 0.013095 0.011905 0.013095 0.013095 0.013095 0.013095 0.010714 0.010714 0.010714 0.010714 0.009524 0.007143 0.007143 0.004762 0.002381 0.000000 0.000000 0.000000 0.000000 0.000000 0.000000 0.000000 0.000000 0.000000 0.000000 0.000000 0.000000 0.000000 0.000000 0.000000 0.000000 0.000000
0.000000 0.000000 0.017857 0.017857 0.019048 0.019048 0.000000 0.014286 0.000000 0.000000 0.000000 0.025000 0.028571 0.028571 0.028571 0.028571 0.028571 0.000000 0.028571 0.028571 0.028571 0.027381 0.023810 0.023810 0.021429 0.019048 0.020238 0.016667 0.015476 0.015476 0.015476 0.014286 0.000000 0.014286 0.013095 0.013095 0.014286 0.013095 0.011905 0.011905 0.011905 0.009524 0.007143 0.005952 0.005952 0.002381 0.002381 0.002381 0.002381 0.002381 0.000000 0.000000 0.000000 0.000000 0.000000 0.000000 0.000000 0.000000 0.000000 0.000000 0.000000 0.000000 0.000000
0.016667 0.000000 0.000000 0.000000 0.000000 0.000000 0.000000 0.013095 0.000000 0.000000 0.000000 0.000000 0.030952 0.029762 0.029762 0.029762 0.030952 0.029762 0.029762 0.029762 0.029762 0.028571 0.027381 0.023810 0.023810 0.022619 0.022619 0.020238 0.019048 0.015476 0.015476 0.000000 0.000000 0.015476 0.009524 0.014286 0.014286 0.014286 0.014286 0.014286 0.013095 0.011905 0.004762 0.007143 0.003571 0.002381 0.002381 0.002381 0.002381 0.002381 0.002381 0.000000 0.000000 0.000000 0.000000 0.000000 0.000000 0.000000 0.000000 0.000000 0.000000 0.000000 0.000000
0.000000 0.000000 0.000000 0.000000 0.000000 0.000000 0.000000 0.000000 0.000000 0.000000 0.000000 0.030952 0.030952 0.020238 0.030952 0.032143 0.030952 0.032143 0.032143 0.032143 0.030952 0.030952 0.030952 0.029762 0.027381 0.025000 0.025000 0.023810 0.022619 0.019048 0.019048 0.000000 0.000000 0.016667 0.015476 0.014286 0.014286 0.016667 0.015476 0.011905 0.014286 0.011905 0.011905 0.010714 0.007143 0.003571 0.002381 0.003571 0.004762 0.003571 0.004762 0.003571 0.004762 0.000000 0.000000 0.000000 0.000000 0.000000 0.000000 0.000000 0.000000 0.000000 0.000000
0.000000 0.000000 0.000000 0.000000 0.000000 0.000000 0.038095 0.035714 0.033333 0.029762 0.029762 0.000000 0.028571 0.020238 0.021429 0.033333 0.035714 0.035714 0.033333 0.033333 0.033333 0.030952 0.030952 0.030952 0.030952 0.027381 0.026190 0.027381 0.025000 0.022619 0.021429 0.020238 0.020238 0.000000 0.000000 0.016667 0.017857 0.013095 0.013095 0.015476 0.015476 0.014286 0.015476 0.014286 0.010714 0.003571 0.003571 0.004762 0.004762 0.004762 0.007143 0.007143 0.007143 0.007143 0.000000 0.000000 0.000000 0.000000 0.000000 0.000000 0.000000 0.000000 0.000000
0.000000 0.038095 0.000000 0.040476 0.040476 0.040476 0.040476 0.038095 0.035714 0.033333 0.032143 0.000000 0.000000 0.020238 0.032143 0.020238 0.027381 0.036905 0.038095 0.036905 0.034524 0.034524 0.034524 0.033333 0.033333 0.029762 0.028571 0.028571 0.027381 0.025000 0.022619 0.021429 0.020238 0.020238 0.000000 0.000000 0.017857 0.016667 0.014286 0.020238 0.019048 0.017857 0.016667 0.016667 0.000000 0.000000 0.010714 0.010714 0.010714 0.010714 0.007143 0.008333 0.008333 0.008333 0.007143 0.000000 0.000000 0.000000 0.000000 0.000000 0.000000 0.000000 0.000000
0.039286 0.038095 0.042857 0.042857 0.041667 0.042857 0.040476 0.040476 0.040476 0.035714 0.034524 0.030952 0.000000 0.000000 0.000000 0.000000 0.028571 0.039286 0.039286 0.039286 0.038095 0.036905 0.035714 0.036905 0.035714 0.033333 0.030952 0.030952 0.029762 0.025000 0.023810 0.023810 0.022619 0.020238 0.020238 0.017857 0.014286 0.000000 0.013095 0.022619 0.021429 0.020238 0.020238 0.019048 0.000000 0.000000 0.000000 0.016667 0.015476 0.011905 0.010714 0.008333 0.008333 0.007143 0.000000 0.000000 0.000000 0.000000 0.000000 0.000000 0.000000 0.000000 0.000000
0.040476 0.038095 0.038095 0.044048 0.044048 0.044048 0.045238 0.046429 0.044048 0.044048 0.039286 0.000000 0.023810 0.030952 0.040476 0.028571 0.029762 0.039286 0.000000 0.041667 0.042857 0.041667 0.041667 0.041667 0.040476 0.038095 0.036905 0.035714 0.034524 0.027381 0.025000 0.025000 0.023810 0.022619 0.021429 0.020238 0.020238 0.000000 0.015476 0.023810 0.023810 0.022619 0.021429 0.020238 0.019048 0.019048 0.019048 0.000000 0.017857 0.017857 0.015476 0.011905 0.009524 0.008333 0.000000 0.000000 0.000000 0.000000 0.000000 0.000000 0.000000 0.000000 0.000000
0.039286 0.040476 0.040476 0.044048 0.044048 0.044048 0.047619 0.047619 0.048810 0.048810 0.045238 0.000000 0.032143 0.029762 0.033333 0.046429 0.045238 0.000000 0.000000 0.045238 0.045238 0.046429 0.045238 0.044048 0.045238 0.041667 0.039286 0.036905 0.036905 0.032143 0.028571 0.026190 0.023810 0.022619 0.021429 0.021429 0.023810 0.000000 0.025000 0.023810 0.023810 0.023810 0.022619 0.020238 0.021429 0.021429 0.021429 0.020238 0.019048 0.017857 0.017857 0.016667 0.011905 0.009524 0.008333 0.000000 0.000000 0.000000 0.000000 0.000000 0.000000 0.000000 0.000000
0.047619 0.050000 0.050000 0.048810 0.048810 0.050000 0.051190 0.051190 0.048810 0.048810 0.048810 0.045238 0.000000 0.032143 0.050000 0.051190 0.052381 0.054762 0.051190 0.048810 0.048810 0.048810 0.046429 0.046429 0.047619 0.045238 0.042857 0.038095 0.038095 0.033333 0.030952 0.027381 0.026190 0.022619 0.022619 0.022619 0.025000 0.025000 0.025000 0.025000 0.023810 0.023810 0.023810 0.022619 0.021429 0.021429 0.021429 0.020238 0.019048 0.019048 0.019048 0.017857 0.015476 0.010714 0.009524 0.008333 0.000000 0.000000 0.000000 0.000000 0.000000 0.000000 0.000000
0.050000 0.050000 0.050000 0.052381 0.051190 0.051190 0.051190 0.051190 0.051190 0.048810 0.048810 0.048810 0.000000 0.000000 0.033333 0.054762 0.057143 0.057143 0.053571 0.053571 0.052381 0.052381 0.050000 0.048810 0.048810 0.050000 0.044048 0.046429 0.041667 0.039286 0.036905 0.033333 0.028571 0.027381 0.023810 0.023810 0.023810 0.025000 0.000000 0.025000 0.025000 0.023810 0.023810 0.023810 0.023810 0.022619 0.022619 0.020238 0.020238 0.019048 0.019048 0.019048 0.015476 0.011905 0.009524 0.008333 0.000000 0.000000 0.000000 0.000000 0.000000 0.000000 0.000000
0.053571 0.053571 0.053571 0.053571 0.053571 0.052381 0.052381 0.052381 0.051190 0.033333 0.053571 0.054762 0.055952 0.000000 0.036905 0.057143 0.057143 0.058333 0.058333 0.055952 0.057143 0.054762 0.055952 0.054762 0.053571 0.051190 0.048810 0.048810 0.047619 0.047619 0.040476 0.038095 0.034524 0.028571 0.025000 0.023810 0.020238 0.025000 0.000000 0.000000 0.027381 0.000000 0.000000 0.032143 0.030952 0.027381 0.027381 0.020238 0.019048 0.019048 0.019048 0.019048 0.016667 0.010714 0.009524 0.009524 0.009524 0.000000 0.000000 0.000000 0.000000 0.000000 0.000000
0.054762 0.054762 0.055952 0.000000 0.000000 0.053571 0.053571 0.052381 0.000000 0.000000 0.000000 0.000000 0.058333 0.059524 0.058333 0.058333 0.059524 0.059524 0.060714 0.061905 0.061905 0.061905 0.060714 0.058333 0.055952 0.054762 0.051190 0.051190 0.048810 0.047619 0.046429 0.042857 0.039286 0.032143 0.028571 0.023810 0.020238 0.023810 0.021429 0.000000 0.028571 0.030952 0.033333 0.032143 0.032143 0.030952 0.028571 0.020238 0.017857 0.019048 0.019048 0.019048 0.014286 0.014286 0.009524 0.009524 0.009524 0.009524 0.008333 0.008333 0.005952 0.005952 0.000000
0.058333 0.055952 0.054762 0.052381 0.000000 0.000000 0.057143 0.057143 0.000000 0.000000 0.061905 0.060714 0.060714 0.061905 0.061905 0.000000 0.060714 0.060714 0.063095 0.063095 0.063095 0.063095 0.063095 0.061905 0.060714 0.058333 0.057143 0.053571 0.048810 0.048810 0.047619 0.046429 0.040476 0.036905 0.033333 0.023810 0.026190 0.023810 0.019048 0.000000 0.000000 0.032143 0.032143 0.032143 0.032143 0.032143 0.030952 0.029762 0.021429 0.023810 0.021429 0.020238 0.017857 0.013095 0.014286 0.013095 0.010714 0.009524 0.008333 0.008333 0.008333 0.005952 0.005952
0.061905 0.059524 0.060714 0.060714 0.000000 0.000000 0.066667 0.064286 0.000000 0.000000 0.064286 0.061905 0.061905 0.063095 0.063095 0.063095 0.000000 0.000000 0.000000 0.063095 0.064286 0.064286 0.064286 0.064286 0.061905 0.059524 0.059524 0.058333 0.053571 0.050000 0.047619 0.045238 0.044048 0.039286 0.034524 0.033333 0.023810 0.022619 0.022619 0.028571 0.028571 0.032143 0.030952 0.027381 0.027381 0.034524 0.025000 0.032143 0.030952 0.022619 0.026190 0.025000 0.023810 0.020238 0.016667 0.016667 0.000000 0.008333 0.007143 0.007143 0.008333 0.005952 0.005952
0.067857 0.064286 0.060714 0.000000 0.073810 0.000000 0.070238 0.069048 0.065476 0.065476 0.000000 0.065476 0.064286 0.063095 0.066667 0.066667 0.063095 0.000000 0.000000 0.065476 0.065476 0.065476 0.066667 0.066667 0.065476 0.061905 0.059524 0.059524 0.055952 0.000000 0.048810 0.000000 0.042857 0.027381 0.028571 0.034524 0.035714 0.034524 0.026190 0.000000 0.000000 0.030952 0.030952 0.029762 0.039286 0.038095 0.036905 0.035714 0.030952 0.030952 0.029762 0.025000 0.023810 0.021429 0.016667 0.016667 0.000000 0.007143 0.008333 0.008333 0.008333 0.007143 0.005952
0.075000 0.070238 0.000000 0.000000 0.080952 0.082143 0.077381 0.072619 0.069048 0.052381 0.065476 0.047619 0.064286 0.066667 0.066667 0.066667 0.064286 0.065476 0.000000 0.000000 0.065476 0.066667 0.067857 0.070238 0.067857 0.066667 0.065476 0.063095 0.000000 0.000000 0.000000 0.000000 0.039286 0.030952 0.034524 0.036905 0.036905 0.036905 0.038095 0.000000 0.042857 0.042857 0.042857 0.042857 0.040476 0.039286 0.038095 0.029762 0.027381 0.033333 0.033333 0.029762 0.026190 0.014286 0.019048 0.010714 0.009524 0.008333 0.007143 0.007143 0.007143 0.007143 0.005952
