FireSTARR/test/output/RED/RED024/2019-06-15_1628/wxshield_166_2019-06-15.asc
ncols         32
nrows         26
xllcorner     404743.378600
yllcorner     5817802.364000
cellsize      100.000000
NODATA_value  0.000000
0.000000 0.000000 0.000000 0.000000 0.000000 0.000000 0.000000 0.000000 0.000000 0.000000 0.000000 0.000000 0.000000 0.000000 0.000000 0.000000 0.000000 0.000000 0.001190 0.001190 0.001190 0.000000 0.000000 0.000000 0.000000 0.000000 0.000000 0.000000 0.000000 0.000000 0.000000 0.000000 
0.000000 0.000000 0.000000 0.000000 0.000000 0.000000 0.000000 0.000000 0.000000 0.000000 0.000000 0.000000 0.000000 0.000000 0.000000 0.002381 0.002381 0.002381 0.002381 0.003571 0.003571 0.003571 0.002381 0.001190 0.000000 0.000000 0.000000 0.000000 0.000000 0.000000 0.000000 0.000000 
0.000000 0.000000 0.000000 0.000000 0.000000 0.000000 0.000000 0.000000 0.000000 0.000000 0.000000 0.000000 0.001190 0.003571 0.003571 0.003571 0.004762 0.003571 0.004762 0.005952 0.005952 0.005952 0.005952 0.004762 0.003571 0.003571 0.000000 0.000000 0.000000 0.000000 0.000000 0.000000 
0.000000 0.000000 0.000000 0.000000 0.000000 0.000000 0.000000 0.000000 0.000000 0.000000 0.003571 0.003571 0.003571 0.003571 0.010714 0.013095 0.013095 0.014286 0.000000 0.000000 0.008333 0.008333 0.007143 0.007143 0.007143 0.004762 0.003571 0.003571 0.000000 0.000000 0.000000 0.000000 
0.000000 0.000000 0.000000 0.000000 0.000000 0.000000 0.000000 0.003571 0.003571 0.003571 0.004762 0.007143 0.010714 0.015476 0.015476 0.015476 0.016667 0.015476 0.015476 0.014286 0.014286 0.014286 0.010714 0.008333 0.007143 0.007143 0.005952 0.004762 0.002381 0.000000 0.000000 0.000000 
0.000000 0.000000 0.000000 0.000000 0.001190 0.003571 0.003571 0.003571 0.007143 0.008333 0.011905 0.015476 0.016667 0.019048 0.020238 0.000000 0.019048 0.019048 0.017857 0.017857 0.014286 0.014286 0.011905 0.010714 0.009524 0.008333 0.008333 0.005952 0.003571 0.002381 0.000000 0.000000 
0.000000 0.000000 0.000000 0.002381 0.003571 0.003571 0.007143 0.010714 0.011905 0.016667 0.017857 0.019048 0.021429 0.022619 0.021429 0.021429 0.021429 0.023810 0.023810 0.023810 0.026190 0.023810 0.020238 0.019048 0.014286 0.011905 0.008333 0.005952 0.004762 0.002381 0.001190 0.000000 
0.000000 0.000000 0.000000 0.002381 0.003571 0.005952 0.010714 0.011905 0.016667 0.016667 0.021429 0.021429 0.023810 0.023810 0.026190 0.030952 0.029762 0.032143 0.040476 0.040476 0.046429 0.040476 0.033333 0.026190 0.022619 0.017857 0.011905 0.007143 0.005952 0.004762 0.002381 0.000000 
0.000000 0.000000 0.002381 0.003571 0.005952 0.009524 0.011905 0.015476 0.019048 0.021429 0.023810 0.023810 0.026190 0.030952 0.034524 0.039286 0.052381 0.065476 0.079762 0.077381 0.077381 0.073810 0.075000 0.059524 0.044048 0.032143 0.015476 0.009524 0.005952 0.004762 0.003571 0.000000 
0.000000 0.000000 0.002381 0.000000 0.005952 0.011905 0.013095 0.020238 0.021429 0.023810 0.025000 0.028571 0.032143 0.036905 0.040476 0.067857 0.086905 0.096429 0.103571 0.120238 0.147619 0.160714 0.146429 0.132143 0.088095 0.050000 0.022619 0.010714 0.005952 0.005952 0.004762 0.002381 
0.000000 0.000000 0.000000 0.000000 0.000000 0.000000 0.013095 0.020238 0.022619 0.000000 0.028571 0.029762 0.035714 0.041667 0.057143 0.085714 0.102381 0.117857 0.132143 0.154762 0.217857 0.230952 0.300000 0.319048 1.000000 0.064286 0.027381 0.013095 0.007143 0.000000 0.004762 0.002381 
0.000000 0.000000 0.000000 0.000000 0.000000 0.004762 0.005952 0.005952 0.008333 0.010714 0.026190 0.030952 0.039286 0.042857 0.059524 0.083333 0.102381 0.120238 0.136905 0.158333 0.000000 0.252381 0.314286 0.323810 1.000000 0.067857 0.029762 0.015476 0.007143 0.000000 0.004762 0.002381 
0.000000 0.000000 0.000000 0.000000 0.000000 0.000000 0.000000 0.000000 0.001190 0.010714 0.029762 0.036905 0.040476 0.044048 0.061905 0.086905 0.102381 0.120238 0.142857 0.165476 0.228571 0.250000 0.308333 0.273810 0.121429 0.064286 0.028571 0.015476 0.007143 0.005952 0.004762 0.003571 
0.000000 0.000000 0.000000 0.000000 0.000000 0.000000 0.000000 0.000000 0.002381 0.009524 0.028571 0.035714 0.038095 0.041667 0.000000 0.089286 0.098810 0.120238 0.138095 0.157143 0.061905 0.221429 0.195238 0.133333 0.091667 0.051190 0.022619 0.013095 0.000000 0.000000 0.000000 0.002381 
0.000000 0.000000 0.002381 0.002381 0.003571 0.000000 0.004762 0.005952 0.000000 0.011905 0.000000 0.034524 0.038095 0.041667 0.065476 0.078571 0.094048 0.109524 0.116667 0.122619 0.139286 0.135714 0.121429 0.077381 0.059524 0.021429 0.021429 0.000000 0.000000 0.000000 0.000000 0.000000 
0.000000 0.002381 0.004762 0.007143 0.008333 0.000000 0.007143 0.016667 0.019048 0.020238 0.000000 0.000000 0.038095 0.042857 0.051190 0.069048 0.080952 0.085714 0.090476 0.098810 0.097619 0.033333 0.069048 0.026190 0.019048 0.022619 0.000000 0.008333 0.005952 0.000000 0.000000 0.000000 
0.002381 0.001190 0.004762 0.009524 0.011905 0.014286 0.015476 0.017857 0.020238 0.021429 0.022619 0.030952 0.032143 0.038095 0.044048 0.052381 0.058333 0.066667 0.072619 0.022619 0.058333 0.020238 0.020238 0.015476 0.016667 0.010714 0.005952 0.005952 0.005952 0.000000 0.000000 0.000000 
0.000000 0.002381 0.005952 0.008333 0.011905 0.014286 0.015476 0.017857 0.007143 0.007143 0.010714 0.027381 0.000000 0.033333 0.035714 0.041667 0.044048 0.000000 0.000000 0.000000 0.020238 0.022619 0.000000 0.000000 0.005952 0.005952 0.000000 0.002381 0.001190 0.000000 0.000000 0.000000 
0.000000 0.002381 0.004762 0.008333 0.008333 0.013095 0.013095 0.013095 0.010714 0.009524 0.007143 0.009524 0.000000 0.028571 0.029762 0.000000 0.000000 0.000000 0.010714 0.011905 0.010714 0.016667 0.014286 0.000000 0.000000 0.000000 0.000000 0.000000 0.000000 0.000000 0.000000 0.000000 
0.000000 0.002381 0.003571 0.008333 0.008333 0.009524 0.009524 0.008333 0.008333 0.010714 0.014286 0.015476 0.000000 0.022619 0.021429 0.014286 0.000000 0.000000 0.010714 0.009524 0.013095 0.013095 0.010714 0.008333 0.000000 0.000000 0.000000 0.000000 0.000000 0.000000 0.000000 0.000000 
0.000000 0.001190 0.003571 0.003571 0.005952 0.005952 0.005952 0.007143 0.003571 0.005952 0.007143 0.015476 0.017857 0.007143 0.015476 0.014286 0.010714 0.010714 0.004762 0.008333 0.011905 0.005952 0.010714 0.005952 0.001190 0.000000 0.000000 0.000000 0.000000 0.000000 0.000000 0.000000 
0.000000 0.000000 0.000000 0.001190 0.003571 0.004762 0.004762 0.007143 0.010714 0.011905 0.013095 0.014286 0.014286 0.007143 0.013095 0.011905 0.010714 0.007143 0.007143 0.004762 0.004762 0.004762 0.007143 0.005952 0.001190 0.000000 0.000000 0.000000 0.000000 0.000000 0.000000 0.000000 
0.000000 0.000000 0.000000 0.000000 0.001190 0.002381 0.004762 0.007143 0.009524 0.013095 0.011905 0.010714 0.008333 0.004762 0.004762 0.009524 0.005952 0.005952 0.003571 0.000000 0.000000 0.003571 0.002381 0.001190 0.000000 0.000000 0.000000 0.000000 0.000000 0.000000 0.000000 0.000000 
0.000000 0.000000 0.000000 0.000000 0.000000 0.002381 0.004762 0.007143 0.007143 0.007143 0.008333 0.008333 0.003571 0.004762 0.005952 0.002381 0.003571 0.003571 0.001190 0.000000 0.000000 0.000000 0.001190 0.001190 0.000000 0.000000 0.000000 0.000000 0.000000 0.000000 0.000000 0.000000 
0.000000 0.000000 0.000000 0.000000 0.000000 0.001190 0.002381 0.002381 0.004762 0.004762 0.004762 0.005952 0.002381 0.002381 0.001190 0.003571 0.002381 0.001190 0.000000 0.000000 0.000000 0.000000 0.000000 0.000000 0.000000 0.000000 0.000000 0.000000 0.000000 0.000000 0.000000 0.000000 
0.000000 0.000000 0.000000 0.000000 0.000000 0.000000 0.001190 0.002381 0.002381 0.002381 0.002381 0.001190 0.001190 0.001190 0.001190 0.000000 0.000000 0.000000 0.000000 0.000000 0.000000 0.000000 0.000000 0.000000 0.000000 0.000000 0.000000 0.000000 0.000000 0.000000 0.000000 0.000000 
