FireSTARR/test/output/RED/RED024/2019-06-15_1628/wxshield_168_2019-06-17.asc
ncols         228
nrows         186
xllcorner     390343.378600
yllcorner     5808502.364000
cellsize      100.000000
NODATA_value  0.000000
[rows 84 to 111 of 186, columns 63 to 125 of 228]
0.000000 0.000000 0.000000 0.000000 0.044048 0.044048 0.045238 0.046429 0.047619 0.047619 0.050000 0.050000 0.051190 0.052381 0.055952 0.055952 0.059524 0.065476 0.065476 0.065476 0.000000 0.065476 0.066667 0.067857 0.072619 0.075000 0.075000 0.076190 0.076190 0.085714 0.088095 0.085714 0.084524 0.084524 0.083333 0.083333 0.084524 0.085714 0.085714 0.072619 0.073810 0.073810 0.076190 0.082143 0.082143 0.084524 0.107143 0.098810 0.000000 0.000000 0.000000 0.000000 0.177381 0.185714 0.185714 0.189286 0.107143 0.214286 0.221429 0.221429 0.221429 0.198810 0.000000
0.000000 0.000000 0.000000 0.000000 0.000000 0.044048 0.045238 0.046429 0.047619 0.047619 0.047619 0.048810 0.051190 0.052381 0.054762 0.055952 0.000000 0.039286 0.000000 0.000000 0.000000 0.000000 0.000000 0.000000 0.077381 0.077381 0.079762 0.080952 0.079762 0.083333 0.089286 0.089286 0.089286 0.088095 0.091667 0.092857 0.094048 0.092857 0.094048 0.095238 0.090476 0.090476 0.089286 0.080952 0.097619 0.097619 0.120238 0.125000 0.128571 0.129762 0.000000 0.000000 0.182143 0.190476 0.195238 0.203571 0.209524 0.210714 0.216667 0.215476 0.202381 0.000000 0.000000
0.000000 0.000000 0.000000 0.000000 0.000000 0.000000 0.014286 0.047619 0.048810 0.047619 0.000000 0.048810 0.051190 0.051190 0.000000 0.000000 0.000000 0.000000 0.000000 0.069048 0.069048 0.069048 0.072619 0.076190 0.000000 0.078571 0.079762 0.080952 0.082143 0.084524 0.086905 0.091667 0.092857 0.094048 0.096429 0.097619 0.101190 0.102381 0.105952 0.105952 0.108333 0.105952 0.107143 0.080952 0.110714 0.091667 0.125000 0.129762 0.140476 0.138095 0.142857 0.144048 0.000000 0.000000 0.197619 0.203571 0.203571 0.207143 0.207143 0.204762 0.201190 0.000000 0.000000
0.023810 0.026190 0.036905 0.036905 0.035714 0.000000 0.000000 0.047619 0.048810 0.048810 0.000000 0.000000 0.000000 0.000000 0.000000 0.072619 0.073810 0.072619 0.072619 0.071429 0.071429 0.072619 0.077381 0.079762 0.080952 0.080952 0.080952 0.000000 0.085714 0.089286 0.088095 0.000000 0.000000 0.000000 0.097619 0.103571 0.105952 0.108333 0.111905 0.113095 0.115476 0.114286 0.117857 0.127381 0.132143 0.128571 0.130952 0.130952 0.142857 0.144048 0.141667 0.123810 0.097619 0.000000 0.000000 0.101190 0.000000 0.103571 0.204762 0.208333 0.215476 0.217857 0.220238
0.013095 0.028571 0.045238 0.044048 0.044048 0.045238 0.023810 0.048810 0.052381 0.055952 0.058333 0.000000 0.000000 0.070238 0.072619 0.073810 0.075000 0.075000 0.073810 0.075000 0.075000 0.076190 0.079762 0.082143 0.083333 0.084524 0.083333 0.085714 0.088095 0.092857 0.092857 0.097619 0.096429 0.097619 0.101190 0.108333 0.111905 0.111905 0.114286 0.115476 0.117857 0.120238 0.119048 0.000000 0.132143 0.133333 0.134524 0.138095 0.146429 0.134524 0.126190 0.120238 0.128571 0.000000 0.134524 0.135714 0.132143 0.000000 0.000000 0.000000 0.210714 0.213095 0.213095
0.045238 0.045238 0.045238 0.045238 0.046429 0.045238 0.048810 0.051190 0.053571 0.000000 0.000000 0.065476 0.066667 0.070238 0.072619 0.073810 0.073810 0.075000 0.075000 0.076190 0.076190 0.078571 0.082143 0.083333 0.085714 0.085714 0.085714 0.086905 0.091667 0.094048 0.096429 0.096429 0.097619 0.101190 0.104762 0.105952 0.113095 0.113095 0.114286 0.116667 0.119048 0.117857 0.114286 0.000000 0.000000 0.134524 0.138095 0.139286 0.000000 0.000000 0.130952 0.135714 0.138095 0.140476 0.142857 0.145238 0.146429 0.142857 0.170238 0.000000 0.000000 0.207143 0.203571
0.045238 0.045238 0.046429 0.047619 0.048810 0.050000 0.048810 0.000000 0.000000 0.060714 0.065476 0.065476 0.066667 0.070238 0.071429 0.075000 0.075000 0.073810 0.076190 0.076190 0.077381 0.082143 0.084524 0.084524 0.084524 0.084524 0.085714 0.089286 0.092857 0.096429 0.096429 0.000000 0.098810 0.100000 0.102381 0.105952 0.113095 0.113095 0.114286 0.117857 0.117857 0.114286 0.000000 0.000000 0.000000 0.000000 0.000000 0.144048 0.133333 0.142857 0.141667 0.141667 0.144048 0.135714 0.147619 0.148810 0.147619 0.148810 0.157143 0.191667 0.197619 0.000000 0.196429
0.027381 0.045238 0.030952 0.052381 0.053571 0.052381 0.055952 0.055952 0.059524 0.064286 0.065476 0.066667 0.069048 0.071429 0.072619 0.076190 0.075000 0.073810 0.073810 0.077381 0.078571 0.082143 0.085714 0.086905 0.090476 0.090476 0.090476 0.089286 0.094048 0.095238 0.095238 0.097619 0.100000 0.098810 0.102381 0.105952 0.109524 0.000000 0.114286 0.113095 0.115476 0.098810 0.088095 0.000000 0.000000 0.000000 0.000000 0.138095 0.141667 0.140476 0.144048 0.142857 0.141667 0.134524 0.150000 0.144048 0.147619 0.084524 0.192857 0.194048 0.190476 0.185714 0.185714
0.025000 0.026190 0.051190 0.052381 0.053571 0.054762 0.055952 0.059524 0.061905 0.064286 0.065476 0.065476 0.067857 0.070238 0.073810 0.076190 0.076190 0.076190 0.077381 0.079762 0.080952 0.083333 0.085714 0.086905 0.089286 0.090476 0.090476 0.091667 0.092857 0.094048 0.095238 0.096429 0.098810 0.101190 0.103571 0.108333 0.000000 0.116667 0.116667 0.116667 0.101190 0.097619 0.090476 0.082143 0.075000 0.000000 0.000000 0.139286 0.138095 0.140476 0.142857 0.142857 0.138095 0.000000 0.000000 0.000000 0.192857 0.186905 0.190476 0.183333 0.185714 0.184524 0.000000
0.000000 0.000000 0.000000 0.051190 0.052381 0.055952 0.058333 0.059524 0.025000 0.063095 0.065476 0.065476 0.066667 0.070238 0.072619 0.075000 0.077381 0.077381 0.078571 0.079762 0.082143 0.083333 0.086905 0.088095 0.090476 0.090476 0.091667 0.094048 0.092857 0.095238 0.095238 0.097619 0.097619 0.103571 0.107143 0.108333 0.111905 0.113095 0.111905 0.104762 0.097619 0.092857 0.091667 0.089286 0.089286 0.000000 0.000000 0.000000 0.000000 0.144048 0.139286 0.139286 0.133333 0.000000 0.000000 0.188095 0.197619 0.189286 0.188095 0.184524 0.000000 0.166667 0.000000
0.047619 0.050000 0.050000 0.051190 0.052381 0.054762 0.057143 0.059524 0.060714 0.063095 0.065476 0.065476 0.066667 0.070238 0.073810 0.075000 0.078571 0.078571 0.078571 0.079762 0.082143 0.083333 0.084524 0.088095 0.090476 0.091667 0.091667 0.094048 0.094048 0.095238 0.096429 0.097619 0.101190 0.104762 0.107143 0.108333 0.108333 0.110714 0.104762 0.097619 0.095238 0.000000 0.000000 0.100000 0.104762 0.105952 0.000000 0.000000 0.000000 0.148810 0.153571 0.153571 0.158333 0.000000 0.000000 0.186905 0.190476 0.189286 0.188095 0.182143 0.170238 0.153571 0.000000
0.047619 0.050000 0.051190 0.053571 0.057143 0.055952 0.057143 0.058333 0.059524 0.061905 0.063095 0.065476 0.066667 0.070238 0.073810 0.073810 0.000000 0.000000 0.077381 0.079762 0.082143 0.083333 0.083333 0.086905 0.090476 0.091667 0.094048 0.094048 0.094048 0.094048 0.095238 0.097619 0.100000 0.104762 0.108333 0.107143 0.107143 0.104762 0.096429 0.094048 0.000000 0.000000 0.000000 0.000000 0.000000 0.117857 0.120238 0.122619 0.122619 0.127381 0.164286 0.171429 0.175000 0.179762 0.185714 0.190476 0.196429 0.196429 0.195238 0.194048 0.190476 0.190476 0.000000
0.044048 0.047619 0.051190 0.051190 0.053571 0.055952 0.057143 0.058333 0.059524 0.060714 0.063095 0.065476 0.066667 0.066667 0.066667 0.063095 0.023810 0.000000 0.000000 0.000000 0.079762 0.082143 0.083333 0.084524 0.090476 0.091667 0.094048 0.094048 0.095238 0.095238 0.096429 0.100000 0.100000 0.103571 0.107143 0.107143 0.104762 0.095238 0.094048 0.000000 0.000000 0.000000 0.000000 0.120238 0.122619 0.123810 0.121429 0.000000 0.000000 0.132143 0.139286 0.173810 0.178571 0.182143 0.186905 0.190476 0.190476 0.200000 0.205952 0.205952 0.205952 0.210714 0.213095
0.042857 0.000000 0.000000 0.048810 0.051190 0.054762 0.058333 0.058333 0.059524 0.059524 0.063095 0.063095 0.064286 0.064286 0.059524 0.000000 0.045238 0.000000 0.000000 0.000000 0.000000 0.000000 0.083333 0.085714 0.091667 0.095238 0.095238 0.095238 0.095238 0.095238 0.095238 0.098810 0.100000 0.104762 0.105952 0.108333 0.107143 0.104762 0.104762 0.102381 0.104762 0.104762 0.000000 0.122619 0.126190 0.128571 0.129762 0.123810 0.000000 0.133333 0.141667 0.144048 0.182143 0.180952 0.184524 0.189286 0.192857 0.200000 0.202381 0.207143 0.207143 0.220238 0.223810
0.041667 0.000000 0.000000 0.047619 0.054762 0.052381 0.055952 0.058333 0.059524 0.058333 0.059524 0.061905 0.060714 0.059524 0.000000 0.045238 0.044048 0.038095 0.000000 0.000000 0.000000 0.000000 0.000000 0.000000 0.000000 0.095238 0.096429 0.096429 0.096429 0.096429 0.096429 0.097619 0.100000 0.104762 0.105952 0.108333 0.108333 0.109524 0.109524 0.114286 0.116667 0.120238 0.125000 0.127381 0.128571 0.129762 0.133333 0.138095 0.138095 0.136905 0.166667 0.178571 0.180952 0.179762 0.183333 0.191667 0.194048 0.200000 0.205952 0.215476 0.217857 0.222619 0.227381
0.033333 0.000000 0.000000 0.000000 0.051190 0.054762 0.054762 0.057143 0.058333 0.057143 0.058333 0.059524 0.058333 0.052381 0.000000 0.046429 0.044048 0.041667 0.038095 0.000000 0.000000 0.000000 0.000000 0.000000 0.000000 0.000000 0.000000 0.000000 0.000000 0.096429 0.097619 0.097619 0.101190 0.105952 0.104762 0.107143 0.107143 0.110714 0.114286 0.116667 0.119048 0.122619 0.125000 0.127381 0.000000 0.000000 0.000000 0.139286 0.141667 0.135714 0.061905 0.063095 0.177381 0.177381 0.076190 0.192857 0.200000 0.201190 0.205952 0.210714 0.213095 0.217857 0.226190
0.032143 0.023810 0.000000 0.048810 0.050000 0.052381 0.054762 0.055952 0.058333 0.059524 0.058333 0.054762 0.051190 0.000000 0.044048 0.046429 0.046429 0.044048 0.040476 0.036905 0.000000 0.000000 0.000000 0.000000 0.000000 0.000000 0.000000 0.000000 0.000000 0.000000 0.000000 0.097619 0.100000 0.103571 0.105952 0.105952 0.108333 0.111905 0.113095 0.116667 0.119048 0.122619 0.121429 0.114286 0.000000 0.000000 0.000000 0.000000 0.146429 0.147619 0.139286 0.061905 0.177381 0.167857 0.076190 0.079762 0.197619 0.201190 0.204762 0.208333 0.211905 0.213095 0.216667
0.038095 0.036905 0.000000 0.047619 0.050000 0.051190 0.053571 0.052381 0.057143 0.058333 0.054762 0.052381 0.048810 0.047619 0.047619 0.047619 0.048810 0.045238 0.046429 0.045238 0.000000 0.040476 0.000000 0.039286 0.000000 0.000000 0.000000 0.000000 0.000000 0.000000 0.000000 0.000000 0.000000 0.104762 0.107143 0.108333 0.108333 0.110714 0.113095 0.116667 0.119048 0.119048 0.115476 0.091667 0.073810 0.000000 0.000000 0.000000 0.147619 0.154762 0.164286 0.166667 0.066667 0.179762 0.184524 0.188095 0.195238 0.200000 0.202381 0.204762 0.211905 0.207143 0.211905
0.042857 0.044048 0.044048 0.046429 0.047619 0.048810 0.051190 0.053571 0.053571 0.055952 0.053571 0.047619 0.050000 0.046429 0.047619 0.051190 0.048810 0.048810 0.047619 0.050000 0.048810 0.047619 0.044048 0.044048 0.042857 0.041667 0.000000 0.000000 0.000000 0.000000 0.000000 0.000000 0.000000 0.105952 0.105952 0.108333 0.108333 0.109524 0.111905 0.113095 0.115476 0.115476 0.101190 0.091667 0.083333 0.079762 0.000000 0.000000 0.000000 0.159524 0.165476 0.170238 0.170238 0.178571 0.183333 0.186905 0.191667 0.196429 0.198810 0.200000 0.203571 0.203571 0.209524
0.042857 0.044048 0.045238 0.045238 0.047619 0.051190 0.048810 0.053571 0.054762 0.052381 0.051190 0.051190 0.053571 0.053571 0.052381 0.055952 0.053571 0.054762 0.053571 0.051190 0.052381 0.051190 0.050000 0.050000 0.050000 0.045238 0.042857 0.000000 0.000000 0.000000 0.000000 0.000000 0.000000 0.000000 0.000000 0.000000 0.000000 0.108333 0.109524 0.110714 0.111905 0.111905 0.108333 0.102381 0.092857 0.097619 0.000000 0.120238 0.121429 0.000000 0.165476 0.167857 0.170238 0.178571 0.179762 0.184524 0.185714 0.186905 0.192857 0.196429 0.198810 0.000000 0.000000
0.042857 0.042857 0.044048 0.046429 0.047619 0.050000 0.048810 0.050000 0.051190 0.050000 0.052381 0.053571 0.054762 0.053571 0.053571 0.055952 0.055952 0.055952 0.057143 0.058333 0.057143 0.057143 0.057143 0.053571 0.053571 0.054762 0.053571 0.052381 0.000000 0.000000 0.000000 0.000000 0.000000 0.000000 0.000000 0.000000 0.000000 0.000000 0.107143 0.109524 0.105952 0.109524 0.109524 0.111905 0.111905 0.114286 0.116667 0.116667 0.120238 0.125000 0.160714 0.166667 0.170238 0.173810 0.180952 0.178571 0.182143 0.185714 0.188095 0.189286 0.000000 0.000000 0.000000
0.041667 0.042857 0.041667 0.042857 0.046429 0.046429 0.047619 0.048810 0.050000 0.051190 0.054762 0.053571 0.055952 0.057143 0.058333 0.057143 0.057143 0.057143 0.058333 0.058333 0.057143 0.057143 0.058333 0.058333 0.058333 0.058333 0.059524 0.059524 0.058333 0.055952 0.053571 0.000000 0.000000 0.000000 0.000000 0.000000 0.000000 0.000000 0.000000 0.105952 0.105952 0.107143 0.113095 0.117857 0.115476 0.117857 0.119048 0.119048 0.121429 0.125000 0.159524 0.055952 0.163095 0.165476 0.173810 0.178571 0.177381 0.176190 0.000000 0.000000 0.000000 0.000000 0.000000
0.040476 0.042857 0.041667 0.041667 0.041667 0.046429 0.045238 0.046429 0.048810 0.050000 0.050000 0.053571 0.055952 0.055952 0.059524 0.059524 0.059524 0.060714 0.060714 0.060714 0.059524 0.060714 0.063095 0.063095 0.063095 0.060714 0.063095 0.063095 0.060714 0.061905 0.059524 0.055952 0.054762 0.051190 0.000000 0.000000 0.000000 0.000000 0.000000 0.000000 0.105952 0.105952 0.110714 0.113095 0.104762 0.108333 0.115476 0.109524 0.051190 0.116667 0.054762 0.055952 0.055952 0.057143 0.165476 0.170238 0.172619 0.000000 0.000000 0.000000 0.000000 0.000000 0.000000
0.038095 0.038095 0.038095 0.042857 0.042857 0.041667 0.000000 0.000000 0.048810 0.051190 0.050000 0.052381 0.053571 0.054762 0.057143 0.057143 0.060714 0.061905 0.063095 0.061905 0.060714 0.061905 0.063095 0.065476 0.065476 0.065476 0.066667 0.067857 0.070238 0.072619 0.073810 0.072619 0.072619 0.067857 0.060714 0.057143 0.000000 0.000000 0.000000 0.000000 0.000000 0.103571 0.104762 0.095238 0.101190 0.107143 0.107143 0.108333 0.107143 0.104762 0.048810 0.047619 0.048810 0.057143 0.058333 0.000000 0.000000 0.000000 0.171429 0.175000 0.182143 0.190476 0.196429
0.036905 0.036905 0.038095 0.039286 0.039286 0.000000 0.000000 0.000000 0.000000 0.045238 0.048810 0.053571 0.053571 0.057143 0.057143 0.058333 0.000000 0.064286 0.063095 0.063095 0.063095 0.063095 0.064286 0.065476 0.066667 0.069048 0.070238 0.071429 0.075000 0.075000 0.075000 0.078571 0.078571 0.078571 0.084524 0.084524 0.083333 0.085714 0.085714 0.000000 0.102381 0.102381 0.094048 0.092857 0.000000 0.000000 0.100000 0.102381 0.097619 0.082143 0.051190 0.036905 0.000000 0.000000 0.000000 0.000000 0.060714 0.167857 0.176190 0.180952 0.186905 0.190476 0.195238
0.035714 0.036905 0.038095 0.039286 0.035714 0.000000 0.000000 0.000000 0.000000 0.046429 0.050000 0.052381 0.053571 0.057143 0.057143 0.000000 0.064286 0.061905 0.063095 0.063095 0.064286 0.065476 0.065476 0.067857 0.067857 0.070238 0.071429 0.072619 0.000000 0.077381 0.078571 0.079762 0.080952 0.085714 0.090476 0.090476 0.095238 0.096429 0.097619 0.101190 0.100000 0.098810 0.000000 0.080952 0.050000 0.000000 0.000000 0.094048 0.053571 0.055952 0.063095 0.063095 0.066667 0.126190 0.135714 0.055952 0.060714 0.169048 0.172619 0.177381 0.182143 0.188095 0.186905
0.034524 0.035714 0.038095 0.033333 0.030952 0.026190 0.022619 0.000000 0.000000 0.000000 0.048810 0.051190 0.054762 0.057143 0.059524 0.059524 0.063095 0.063095 0.061905 0.064286 0.064286 0.066667 0.066667 0.067857 0.069048 0.070238 0.070238 0.067857 0.051190 0.000000 0.078571 0.083333 0.085714 0.090476 0.092857 0.092857 0.095238 0.097619 0.097619 0.096429 0.096429 0.089286 0.069048 0.064286 0.052381 0.000000 0.000000 0.000000 0.000000 0.115476 0.121429 0.130952 0.136905 0.141667 0.152381 0.157143 0.161905 0.161905 0.164286 0.171429 0.178571 0.180952 0.179762
0.034524 0.034524 0.033333 0.032143 0.027381 0.025000 0.023810 0.020238 0.019048 0.000000 0.000000 0.030952 0.000000 0.054762 0.000000 0.061905 0.064286 0.064286 0.064286 0.064286 0.064286 0.066667 0.066667 0.066667 0.066667 0.067857 0.064286 0.061905 0.000000 0.000000 0.000000 0.083333 0.000000 0.000000 0.000000 0.000000 0.094048 0.094048 0.096429 0.094048 0.086905 0.072619 0.069048 0.059524 0.052381 0.000000 0.000000 0.000000 0.000000 0.059524 0.132143 0.136905 0.141667 0.151190 0.153571 0.155952 0.155952 0.000000 0.158333 0.000000 0.166667 0.172619 0.178571
