FireSTARR/test/output/RED/RED024/2019-06-15_1628/wxshield_168_2019-06-17.asc
ncols         228
nrows         186
xllcorner     390343.378600
yllcorner     5808502.364000
cellsize      100.000000
NODATA_value  0.000000
[rows 112 to 139 of 186, columns 63 to 125 of 228]
0.032143 0.034524 0.032143 0.030952 0.030952 0.027381 0.028571 0.026190 0.023810 0.000000 0.000000 0.000000 0.054762 0.057143 0.060714 0.063095 0.061905 0.065476 0.065476 0.065476 0.065476 0.064286 0.065476 0.065476 0.000000 0.000000 0.060714 0.055952 0.050000 0.000000 0.000000 0.000000 0.000000 0.085714 0.089286 0.090476 0.000000 0.092857 0.091667 0.088095 0.079762 0.070238 0.066667 0.060714 0.054762 0.000000 0.000000 0.000000 0.000000 0.000000 0.060714 0.142857 0.145238 0.148810 0.151190 0.150000 0.147619 0.145238 0.000000 0.000000 0.161905 0.170238 0.172619
0.032143 0.032143 0.034524 0.034524 0.033333 0.032143 0.032143 0.026190 0.023810 0.000000 0.000000 0.055952 0.057143 0.058333 0.060714 0.061905 0.063095 0.065476 0.066667 0.066667 0.066667 0.063095 0.064286 0.061905 0.000000 0.061905 0.059524 0.053571 0.046429 0.039286 0.000000 0.000000 0.084524 0.086905 0.088095 0.089286 0.090476 0.089286 0.085714 0.078571 0.073810 0.067857 0.067857 0.060714 0.053571 0.000000 0.000000 0.000000 0.000000 0.000000 0.000000 0.000000 0.144048 0.113095 0.144048 0.141667 0.142857 0.133333 0.091667 0.000000 0.000000 0.166667 0.169048
0.035714 0.035714 0.038095 0.039286 0.038095 0.038095 0.038095 0.039286 0.000000 0.000000 0.054762 0.054762 0.057143 0.058333 0.059524 0.061905 0.063095 0.065476 0.066667 0.064286 0.064286 0.064286 0.061905 0.000000 0.066667 0.066667 0.064286 0.036905 0.000000 0.000000 0.000000 0.000000 0.083333 0.084524 0.000000 0.088095 0.086905 0.083333 0.080952 0.077381 0.071429 0.067857 0.065476 0.059524 0.052381 0.046429 0.000000 0.000000 0.000000 0.000000 0.000000 0.000000 0.000000 0.000000 0.136905 0.135714 0.134524 0.115476 0.086905 0.000000 0.000000 0.157143 0.161905
0.032143 0.035714 0.038095 0.039286 0.039286 0.040476 0.042857 0.045238 0.048810 0.052381 0.053571 0.057143 0.057143 0.057143 0.059524 0.061905 0.063095 0.063095 0.063095 0.064286 0.064286 0.064286 0.065476 0.066667 0.066667 0.066667 0.066667 0.067857 0.069048 0.075000 0.078571 0.079762 0.082143 0.076190 0.000000 0.084524 0.083333 0.080952 0.079762 0.073810 0.071429 0.067857 0.064286 0.058333 0.051190 0.047619 0.000000 0.000000 0.000000 0.000000 0.000000 0.000000 0.000000 0.000000 0.102381 0.129762 0.120238 0.102381 0.088095 0.000000 0.000000 0.000000 0.000000
0.035714 0.035714 0.039286 0.039286 0.040476 0.041667 0.044048 0.046429 0.050000 0.053571 0.055952 0.055952 0.055952 0.054762 0.058333 0.059524 0.061905 0.061905 0.061905 0.065476 0.065476 0.065476 0.066667 0.066667 0.066667 0.067857 0.067857 0.071429 0.073810 0.076190 0.078571 0.077381 0.000000 0.059524 0.000000 0.080952 0.077381 0.077381 0.073810 0.072619 0.070238 0.064286 0.059524 0.054762 0.047619 0.047619 0.038095 0.000000 0.029762 0.027381 0.000000 0.000000 0.000000 0.000000 0.000000 0.000000 0.109524 0.085714 0.086905 0.070238 0.000000 0.000000 0.000000
0.034524 0.034524 0.039286 0.040476 0.040476 0.040476 0.041667 0.045238 0.050000 0.053571 0.053571 0.054762 0.055952 0.055952 0.057143 0.058333 0.060714 0.000000 0.000000 0.000000 0.000000 0.000000 0.066667 0.067857 0.067857 0.069048 0.071429 0.072619 0.073810 0.075000 0.076190 0.000000 0.000000 0.000000 0.000000 0.000000 0.073810 0.073810 0.072619 0.071429 0.067857 0.060714 0.058333 0.054762 0.047619 0.046429 0.039286 0.034524 0.000000 0.027381 0.027381 0.000000 0.000000 0.000000 0.000000 0.000000 0.000000 0.078571 0.083333 0.070238 0.059524 0.045238 0.000000
0.030952 0.034524 0.036905 0.039286 0.038095 0.039286 0.040476 0.041667 0.047619 0.052381 0.052381 0.055952 0.055952 0.057143 0.057143 0.057143 0.058333 0.059524 0.063095 0.063095 0.065476 0.065476 0.066667 0.069048 0.070238 0.071429 0.072619 0.072619 0.071429 0.071429 0.070238 0.044048 0.032143 0.000000 0.000000 0.000000 0.000000 0.000000 0.000000 0.000000 0.000000 0.057143 0.055952 0.053571 0.047619 0.046429 0.039286 0.036905 0.022619 0.027381 0.026190 0.026190 0.000000 0.000000 0.000000 0.000000 0.000000 0.075000 0.077381 0.072619 0.066667 0.053571 0.051190
0.030952 0.033333 0.033333 0.035714 0.038095 0.038095 0.040476 0.042857 0.045238 0.052381 0.052381 0.053571 0.054762 0.000000 0.000000 0.057143 0.060714 0.060714 0.063095 0.065476 0.065476 0.065476 0.065476 0.067857 0.071429 0.071429 0.071429 0.071429 0.070238 0.067857 0.040476 0.035714 0.032143 0.000000 0.000000 0.000000 0.000000 0.000000 0.000000 0.000000 0.000000 0.000000 0.054762 0.051190 0.047619 0.042857 0.038095 0.036905 0.034524 0.029762 0.027381 0.025000 0.021429 0.000000 0.000000 0.000000 0.000000 0.071429 0.065476 0.065476 0.067857 0.061905 0.055952
0.000000 0.000000 0.000000 0.000000 0.000000 0.000000 0.000000 0.000000 0.046429 0.000000 0.000000 0.055952 0.054762 0.055952 0.057143 0.058333 0.059524 0.060714 0.063095 0.061905 0.065476 0.065476 0.066667 0.065476 0.069048 0.070238 0.070238 0.070238 0.000000 0.000000 0.000000 0.000000 0.000000 0.000000 0.000000 0.000000 0.000000 0.000000 0.000000 0.000000 0.000000 0.000000 0.000000 0.000000 0.046429 0.042857 0.038095 0.035714 0.034524 0.032143 0.027381 0.025000 0.022619 0.016667 0.015476 0.000000 0.000000 0.000000 0.000000 0.063095 0.070238 0.070238 0.066667
0.017857 0.019048 0.025000 0.025000 0.030952 0.027381 0.000000 0.000000 0.000000 0.051190 0.053571 0.052381 0.053571 0.055952 0.057143 0.057143 0.059524 0.060714 0.000000 0.063095 0.065476 0.065476 0.065476 0.065476 0.066667 0.000000 0.069048 0.061905 0.000000 0.000000 0.000000 0.000000 0.017857 0.019048 0.020238 0.000000 0.000000 0.000000 0.000000 0.000000 0.000000 0.000000 0.000000 0.000000 0.000000 0.042857 0.034524 0.035714 0.033333 0.030952 0.025000 0.026190 0.020238 0.017857 0.015476 0.000000 0.000000 0.000000 0.000000 0.064286 0.076190 0.076190 0.071429
0.022619 0.027381 0.027381 0.036905 0.038095 0.039286 0.040476 0.046429 0.052381 0.052381 0.053571 0.053571 0.000000 0.055952 0.055952 0.057143 0.000000 0.000000 0.000000 0.060714 0.061905 0.063095 0.064286 0.063095 0.057143 0.000000 0.000000 0.000000 0.000000 0.021429 0.021429 0.020238 0.019048 0.021429 0.021429 0.022619 0.022619 0.022619 0.021429 0.021429 0.021429 0.000000 0.000000 0.000000 0.000000 0.000000 0.000000 0.000000 0.033333 0.029762 0.025000 0.021429 0.021429 0.019048 0.014286 0.000000 0.000000 0.000000 0.000000 0.000000 0.000000 0.077381 0.073810
0.030952 0.032143 0.036905 0.038095 0.040476 0.041667 0.041667 0.045238 0.048810 0.051190 0.053571 0.052381 0.054762 0.054762 0.054762 0.053571 0.000000 0.000000 0.057143 0.058333 0.059524 0.061905 0.061905 0.059524 0.000000 0.000000 0.027381 0.025000 0.023810 0.021429 0.023810 0.021429 0.020238 0.021429 0.021429 0.023810 0.023810 0.023810 0.023810 0.022619 0.023810 0.026190 0.027381 0.026190 0.028571 0.028571 0.029762 0.030952 0.030952 0.028571 0.025000 0.022619 0.000000 0.000000 0.000000 0.000000 0.000000 0.000000 0.000000 0.000000 0.000000 0.076190 0.078571
0.030952 0.032143 0.038095 0.039286 0.040476 0.040476 0.041667 0.042857 0.048810 0.051190 0.054762 0.054762 0.053571 0.053571 0.051190 0.000000 0.000000 0.000000 0.058333 0.058333 0.058333 0.058333 0.055952 0.053571 0.041667 0.034524 0.030952 0.028571 0.025000 0.022619 0.025000 0.022619 0.022619 0.022619 0.023810 0.023810 0.023810 0.023810 0.023810 0.023810 0.025000 0.027381 0.027381 0.026190 0.027381 0.028571 0.028571 0.029762 0.029762 0.027381 0.025000 0.025000 0.022619 0.000000 0.000000 0.019048 0.019048 0.019048 0.000000 0.000000 0.000000 0.000000 0.077381
0.029762 0.032143 0.035714 0.038095 0.040476 0.040476 0.030952 0.042857 0.042857 0.050000 0.051190 0.053571 0.052381 0.051190 0.051190 0.052381 0.053571 0.055952 0.057143 0.058333 0.058333 0.058333 0.054762 0.048810 0.041667 0.035714 0.030952 0.028571 0.028571 0.023810 0.025000 0.000000 0.000000 0.022619 0.022619 0.023810 0.023810 0.025000 0.025000 0.025000 0.023810 0.026190 0.026190 0.026190 0.026190 0.026190 0.027381 0.028571 0.028571 0.026190 0.026190 0.023810 0.022619 0.021429 0.014286 0.022619 0.021429 0.020238 0.020238 0.000000 0.000000 0.000000 0.000000
0.028571 0.030952 0.034524 0.036905 0.036905 0.033333 0.040476 0.041667 0.042857 0.047619 0.045238 0.048810 0.051190 0.051190 0.051190 0.051190 0.052381 0.054762 0.055952 0.057143 0.058333 0.055952 0.051190 0.046429 0.041667 0.034524 0.029762 0.029762 0.029762 0.025000 0.023810 0.000000 0.000000 0.000000 0.022619 0.025000 0.025000 0.025000 0.025000 0.025000 0.023810 0.026190 0.026190 0.026190 0.026190 0.026190 0.027381 0.027381 0.026190 0.027381 0.025000 0.025000 0.021429 0.022619 0.022619 0.022619 0.021429 0.021429 0.020238 0.000000 0.000000 0.000000 0.000000
0.026190 0.029762 0.030952 0.034524 0.025000 0.028571 0.038095 0.039286 0.041667 0.035714 0.046429 0.047619 0.051190 0.051190 0.051190 0.051190 0.051190 0.052381 0.053571 0.054762 0.053571 0.052381 0.047619 0.044048 0.040476 0.035714 0.032143 0.029762 0.028571 0.025000 0.023810 0.022619 0.022619 0.023810 0.023810 0.023810 0.025000 0.025000 0.025000 0.025000 0.025000 0.023810 0.026190 0.026190 0.026190 0.026190 0.027381 0.027381 0.026190 0.026190 0.026190 0.022619 0.023810 0.023810 0.023810 0.022619 0.022619 0.022619 0.022619 0.000000 0.000000 0.000000 0.000000
0.023810 0.029762 0.028571 0.030952 0.028571 0.029762 0.028571 0.029762 0.028571 0.029762 0.030952 0.046429 0.050000 0.051190 0.051190 0.051190 0.051190 0.052381 0.053571 0.051190 0.050000 0.046429 0.044048 0.041667 0.038095 0.035714 0.033333 0.029762 0.026190 0.025000 0.025000 0.023810 0.022619 0.022619 0.023810 0.023810 0.025000 0.025000 0.025000 0.025000 0.025000 0.025000 0.025000 0.026190 0.026190 0.027381 0.027381 0.027381 0.027381 0.027381 0.025000 0.023810 0.022619 0.000000 0.023810 0.022619 0.010714 0.000000 0.025000 0.025000 0.023810 0.022619 0.021429
0.023810 0.025000 0.027381 0.027381 0.027381 0.023810 0.000000 0.000000 0.032143 0.028571 0.028571 0.045238 0.047619 0.050000 0.051190 0.051190 0.051190 0.051190 0.048810 0.048810 0.046429 0.045238 0.042857 0.040476 0.036905 0.034524 0.033333 0.029762 0.026190 0.025000 0.025000 0.023810 0.022619 0.022619 0.023810 0.023810 0.023810 0.025000 0.025000 0.025000 0.025000 0.025000 0.023810 0.023810 0.023810 0.026190 0.027381 0.027381 0.026190 0.026190 0.023810 0.000000 0.000000 0.000000 0.000000 0.000000 0.000000 0.000000 0.000000 0.025000 0.023810 0.023810 0.023810
0.017857 0.022619 0.023810 0.026190 0.025000 0.000000 0.000000 0.000000 0.032143 0.029762 0.028571 0.044048 0.040476 0.047619 0.050000 0.050000 0.051190 0.048810 0.047619 0.046429 0.042857 0.042857 0.040476 0.039286 0.036905 0.034524 0.032143 0.029762 0.025000 0.025000 0.025000 0.025000 0.022619 0.022619 0.022619 0.023810 0.023810 0.025000 0.025000 0.025000 0.025000 0.025000 0.025000 0.026190 0.026190 0.026190 0.026190 0.026190 0.025000 0.025000 0.023810 0.021429 0.000000 0.000000 0.000000 0.000000 0.000000 0.000000 0.000000 0.000000 0.026190 0.025000 0.025000
0.019048 0.022619 0.023810 0.023810 0.000000 0.000000 0.000000 0.000000 0.028571 0.030952 0.029762 0.041667 0.044048 0.044048 0.046429 0.047619 0.048810 0.046429 0.046429 0.044048 0.042857 0.039286 0.039286 0.036905 0.035714 0.033333 0.033333 0.032143 0.025000 0.025000 0.026190 0.025000 0.022619 0.022619 0.011905 0.023810 0.023810 0.025000 0.025000 0.025000 0.025000 0.025000 0.026190 0.026190 0.026190 0.026190 0.026190 0.026190 0.025000 0.025000 0.023810 0.020238 0.000000 0.000000 0.000000 0.000000 0.000000 0.000000 0.000000 0.000000 0.000000 0.027381 0.026190
0.020238 0.021429 0.022619 0.022619 0.022619 0.025000 0.027381 0.028571 0.028571 0.030952 0.029762 0.029762 0.042857 0.042857 0.042857 0.042857 0.040476 0.042857 0.041667 0.042857 0.041667 0.038095 0.036905 0.035714 0.033333 0.034524 0.030952 0.027381 0.025000 0.025000 0.025000 0.023810 0.022619 0.022619 0.023810 0.023810 0.025000 0.023810 0.023810 0.025000 0.025000 0.025000 0.026190 0.026190 0.026190 0.026190 0.026190 0.026190 0.027381 0.025000 0.000000 0.000000 0.000000 0.000000 0.000000 0.000000 0.000000 0.000000 0.000000 0.000000 0.000000 0.027381 0.027381
0.019048 0.019048 0.021429 0.019048 0.022619 0.025000 0.027381 0.028571 0.027381 0.028571 0.025000 0.029762 0.039286 0.041667 0.042857 0.039286 0.036905 0.039286 0.039286 0.040476 0.038095 0.036905 0.035714 0.035714 0.033333 0.032143 0.029762 0.026190 0.025000 0.022619 0.022619 0.021429 0.023810 0.025000 0.023810 0.023810 0.013095 0.025000 0.023810 0.023810 0.025000 0.026190 0.026190 0.026190 0.026190 0.027381 0.027381 0.027381 0.028571 0.000000 0.000000 0.000000 0.000000 0.000000 0.000000 0.000000 0.000000 0.000000 0.000000 0.000000 0.000000 0.000000 0.000000
0.019048 0.019048 0.019048 0.019048 0.020238 0.026190 0.025000 0.028571 0.028571 0.026190 0.025000 0.034524 0.035714 0.034524 0.038095 0.038095 0.039286 0.036905 0.036905 0.036905 0.035714 0.033333 0.034524 0.032143 0.032143 0.029762 0.028571 0.026190 0.026190 0.023810 0.021429 0.021429 0.023810 0.023810 0.025000 0.013095 0.022619 0.013095 0.023810 0.025000 0.025000 0.025000 0.026190 0.025000 0.025000 0.026190 0.027381 0.028571 0.028571 0.000000 0.000000 0.000000 0.000000 0.000000 0.000000 0.000000 0.000000 0.000000 0.000000 0.000000 0.000000 0.000000 0.000000
0.019048 0.017857 0.019048 0.000000 0.000000 0.021429 0.025000 0.000000 0.026190 0.021429 0.032143 0.033333 0.032143 0.030952 0.030952 0.032143 0.034524 0.034524 0.035714 0.035714 0.036905 0.035714 0.032143 0.032143 0.028571 0.028571 0.028571 0.026190 0.026190 0.022619 0.020238 0.021429 0.023810 0.022619 0.026190 0.025000 0.013095 0.013095 0.013095 0.013095 0.014286 0.027381 0.026190 0.026190 0.026190 0.026190 0.028571 0.028571 0.014286 0.029762 0.027381 0.000000 0.000000 0.000000 0.000000 0.000000 0.000000 0.000000 0.000000 0.000000 0.000000 0.000000 0.000000
0.015476 0.013095 0.000000 0.000000 0.000000 0.000000 0.000000 0.000000 0.022619 0.021429 0.032143 0.032143 0.021429 0.029762 0.029762 0.028571 0.000000 0.032143 0.032143 0.030952 0.034524 0.033333 0.029762 0.029762 0.025000 0.027381 0.026190 0.026190 0.023810 0.020238 0.020238 0.021429 0.022619 0.022619 0.023810 0.026190 0.023810 0.023810 0.023810 0.015476 0.028571 0.028571 0.027381 0.027381 0.025000 0.000000 0.000000 0.000000 0.000000 0.000000 0.034524 0.029762 0.026190 0.000000 0.000000 0.000000 0.000000 0.000000 0.000000 0.000000 0.000000 0.000000 0.000000
0.014286 0.013095 0.000000 0.000000 0.000000 0.000000 0.000000 0.000000 0.019048 0.019048 0.029762 0.028571 0.020238 0.021429 0.028571 0.025000 0.028571 0.000000 0.030952 0.029762 0.029762 0.027381 0.027381 0.027381 0.025000 0.026190 0.026190 0.025000 0.020238 0.021429 0.020238 0.020238 0.020238 0.022619 0.022619 0.023810 0.026190 0.026190 0.028571 0.030952 0.029762 0.028571 0.028571 0.028571 0.026190 0.000000 0.000000 0.000000 0.000000 0.036905 0.034524 0.034524 0.035714 0.033333 0.000000 0.000000 0.000000 0.000000 0.000000 0.000000 0.000000 0.000000 0.054762
0.011905 0.011905 0.000000 0.000000 0.000000 0.000000 0.000000 0.000000 0.000000 0.019048 0.026190 0.023810 0.020238 0.019048 0.026190 0.022619 0.020238 0.000000 0.029762 0.028571 0.028571 0.026190 0.028571 0.027381 0.022619 0.023810 0.023810 0.017857 0.019048 0.020238 0.020238 0.019048 0.020238 0.022619 0.022619 0.025000 0.028571 0.029762 0.030952 0.032143 0.032143 0.032143 0.032143 0.032143 0.030952 0.000000 0.000000 0.000000 0.000000 0.039286 0.039286 0.040476 0.039286 0.041667 0.041667 0.041667 0.040476 0.000000 0.000000 0.000000 0.000000 0.055952 0.055952
0.010714 0.008333 0.007143 0.004762 0.000000 0.000000 0.000000 0.000000 0.000000 0.000000 0.022619 0.021429 0.016667 0.017857 0.017857 0.017857 0.019048 0.027381 0.027381 0.027381 0.028571 0.028571 0.025000 0.025000 0.023810 0.016667 0.016667 0.016667 0.017857 0.019048 0.019048 0.020238 0.020238 0.022619 0.022619 0.025000 0.000000 0.029762 0.000000 0.000000 0.000000 0.032143 0.032143 0.034524 0.035714 0.038095 0.039286 0.038095 0.038095 0.041667 0.044048 0.044048 0.045238 0.044048 0.045238 0.045238 0.050000 0.050000 0.052381 0.053571 0.054762 0.055952 0.055952
