FireSTARR/test/output/RED/RED024/2019-06-15_1628/wxshield_168_2019-06-17.asc
ncols         228
nrows         186
xllcorner     390343.378600
yllcorner     5808502.364000
cellsize      100.000000
NODATA_value  0.000000
[rows 56 to 83 of 186, columns 63 to 125 of 228]
0.000000 0.000000 0.000000 0.014286 0.015476 0.016667 0.016667 0.016667 0.017857 0.019048 0.019048 0.020238 0.020238 0.021429 0.016667 0.025000 0.025000 0.027381 0.021429 0.021429 0.000000 0.000000 0.000000 0.034524 0.036905 0.036905 0.035714 0.035714 0.035714 0.034524 0.034524 0.030952 0.019048 0.000000 0.000000 0.041667 0.041667 0.040476 0.039286 0.041667 0.040476 0.038095 0.036905 0.027381 0.000000 0.021429 0.034524 0.035714 0.047619 0.075000 0.075000 0.078571 0.079762 0.079762 0.080952 0.079762 0.080952 0.080952 0.082143 0.080952 0.078571 0.000000 0.083333
0.000000 0.000000 0.014286 0.016667 0.016667 0.016667 0.017857 0.017857 0.017857 0.016667 0.019048 0.020238 0.020238 0.021429 0.016667 0.016667 0.025000 0.025000 0.021429 0.016667 0.000000 0.000000 0.000000 0.000000 0.035714 0.035714 0.036905 0.035714 0.035714 0.035714 0.039286 0.025000 0.029762 0.028571 0.000000 0.042857 0.042857 0.042857 0.042857 0.040476 0.039286 0.039286 0.035714 0.025000 0.021429 0.000000 0.040476 0.041667 0.047619 0.048810 0.079762 0.080952 0.080952 0.082143 0.083333 0.083333 0.083333 0.072619 0.084524 0.088095 0.088095 0.085714 0.089286
0.000000 0.000000 0.015476 0.015476 0.016667 0.016667 0.017857 0.017857 0.016667 0.015476 0.015476 0.016667 0.019048 0.000000 0.016667 0.017857 0.017857 0.022619 0.020238 0.016667 0.000000 0.000000 0.000000 0.000000 0.000000 0.035714 0.036905 0.036905 0.036905 0.034524 0.042857 0.041667 0.028571 0.044048 0.044048 0.044048 0.044048 0.044048 0.042857 0.041667 0.041667 0.026190 0.035714 0.033333 0.028571 0.000000 0.000000 0.059524 0.063095 0.051190 0.052381 0.080952 0.080952 0.055952 0.084524 0.088095 0.085714 0.089286 0.095238 0.095238 0.092857 0.092857 0.094048
0.013095 0.013095 0.015476 0.015476 0.009524 0.016667 0.019048 0.017857 0.017857 0.019048 0.016667 0.015476 0.016667 0.016667 0.016667 0.019048 0.020238 0.020238 0.019048 0.020238 0.017857 0.015476 0.000000 0.000000 0.000000 0.036905 0.036905 0.036905 0.034524 0.041667 0.042857 0.042857 0.044048 0.045238 0.045238 0.044048 0.045238 0.046429 0.045238 0.040476 0.040476 0.027381 0.035714 0.033333 0.023810 0.013095 0.000000 0.048810 0.070238 0.071429 0.054762 0.054762 0.053571 0.057143 0.085714 0.088095 0.088095 0.090476 0.102381 0.104762 0.104762 0.108333 0.108333
0.013095 0.011905 0.015476 0.015476 0.010714 0.017857 0.017857 0.019048 0.019048 0.016667 0.017857 0.000000 0.000000 0.017857 0.019048 0.020238 0.020238 0.025000 0.025000 0.026190 0.021429 0.019048 0.022619 0.000000 0.000000 0.039286 0.039286 0.039286 0.039286 0.036905 0.041667 0.039286 0.044048 0.029762 0.045238 0.045238 0.047619 0.047619 0.046429 0.042857 0.042857 0.042857 0.028571 0.023810 0.023810 0.005952 0.000000 0.000000 0.078571 0.077381 0.073810 0.055952 0.052381 0.057143 0.059524 0.060714 0.066667 0.067857 0.103571 0.097619 0.108333 0.111905 0.116667
0.010714 0.011905 0.000000 0.000000 0.011905 0.017857 0.019048 0.020238 0.020238 0.020238 0.022619 0.000000 0.000000 0.000000 0.019048 0.023810 0.022619 0.022619 0.027381 0.027381 0.025000 0.027381 0.027381 0.033333 0.000000 0.039286 0.039286 0.039286 0.039286 0.039286 0.039286 0.042857 0.041667 0.000000 0.045238 0.047619 0.047619 0.046429 0.047619 0.042857 0.042857 0.000000 0.035714 0.022619 0.014286 0.005952 0.000000 0.000000 0.080952 0.083333 0.080952 0.071429 0.058333 0.065476 0.064286 0.065476 0.071429 0.101190 0.101190 0.101190 0.114286 0.100000 0.100000
0.000000 0.000000 0.000000 0.000000 0.000000 0.011905 0.011905 0.020238 0.019048 0.020238 0.022619 0.022619 0.022619 0.023810 0.026190 0.025000 0.021429 0.022619 0.030952 0.032143 0.030952 0.000000 0.034524 0.035714 0.035714 0.039286 0.039286 0.039286 0.039286 0.039286 0.042857 0.042857 0.000000 0.000000 0.000000 0.050000 0.047619 0.045238 0.047619 0.041667 0.042857 0.042857 0.000000 0.026190 0.022619 0.007143 0.000000 0.000000 0.000000 0.000000 0.096429 0.069048 0.070238 0.071429 0.110714 0.000000 0.000000 0.114286 0.108333 0.132143 0.113095 0.110714 0.113095
0.000000 0.000000 0.000000 0.000000 0.000000 0.008333 0.010714 0.019048 0.020238 0.021429 0.020238 0.023810 0.025000 0.021429 0.026190 0.023810 0.023810 0.023810 0.033333 0.035714 0.034524 0.032143 0.035714 0.034524 0.038095 0.000000 0.000000 0.039286 0.039286 0.039286 0.044048 0.044048 0.041667 0.038095 0.000000 0.000000 0.051190 0.050000 0.050000 0.000000 0.042857 0.044048 0.046429 0.042857 0.000000 0.000000 0.000000 0.000000 0.000000 0.000000 0.107143 0.114286 0.070238 0.116667 0.121429 0.126190 0.129762 0.130952 0.082143 0.140476 0.132143 0.123810 0.141667
0.000000 0.000000 0.000000 0.000000 0.000000 0.010714 0.010714 0.019048 0.020238 0.021429 0.019048 0.023810 0.020238 0.026190 0.027381 0.028571 0.033333 0.034524 0.035714 0.035714 0.035714 0.033333 0.038095 0.038095 0.038095 0.000000 0.000000 0.039286 0.038095 0.039286 0.040476 0.042857 0.041667 0.042857 0.042857 0.000000 0.051190 0.050000 0.051190 0.035714 0.000000 0.000000 0.055952 0.055952 0.000000 0.000000 0.000000 0.000000 0.000000 0.000000 0.000000 0.119048 0.123810 0.128571 0.134524 0.138095 0.141667 0.147619 0.147619 0.147619 0.147619 0.155952 0.133333
0.000000 0.000000 0.008333 0.014286 0.009524 0.015476 0.010714 0.019048 0.017857 0.019048 0.019048 0.000000 0.025000 0.014286 0.028571 0.028571 0.033333 0.034524 0.000000 0.033333 0.038095 0.038095 0.038095 0.000000 0.000000 0.000000 0.000000 0.000000 0.038095 0.039286 0.044048 0.045238 0.046429 0.047619 0.046429 0.000000 0.051190 0.052381 0.052381 0.048810 0.000000 0.000000 0.000000 0.065476 0.064286 0.064286 0.000000 0.000000 0.000000 0.000000 0.000000 0.000000 0.000000 0.000000 0.000000 0.000000 0.148810 0.144048 0.148810 0.154762 0.164286 0.154762 0.159524
0.000000 0.007143 0.014286 0.014286 0.009524 0.017857 0.017857 0.019048 0.017857 0.016667 0.016667 0.000000 0.000000 0.000000 0.028571 0.000000 0.000000 0.000000 0.036905 0.036905 0.038095 0.000000 0.000000 0.033333 0.029762 0.027381 0.026190 0.000000 0.039286 0.040476 0.042857 0.044048 0.046429 0.048810 0.048810 0.000000 0.051190 0.051190 0.053571 0.053571 0.054762 0.058333 0.061905 0.064286 0.064286 0.067857 0.067857 0.067857 0.073810 0.072619 0.076190 0.000000 0.000000 0.000000 0.000000 0.000000 0.000000 0.161905 0.165476 0.169048 0.171429 0.172619 0.170238
0.000000 0.000000 0.008333 0.015476 0.017857 0.017857 0.017857 0.017857 0.016667 0.014286 0.009524 0.000000 0.000000 0.021429 0.000000 0.000000 0.000000 0.029762 0.036905 0.035714 0.036905 0.000000 0.035714 0.035714 0.033333 0.027381 0.027381 0.000000 0.038095 0.042857 0.042857 0.042857 0.047619 0.047619 0.048810 0.051190 0.000000 0.050000 0.051190 0.052381 0.054762 0.059524 0.059524 0.000000 0.061905 0.059524 0.067857 0.000000 0.000000 0.076190 0.077381 0.077381 0.079762 0.000000 0.000000 0.000000 0.000000 0.000000 0.165476 0.169048 0.175000 0.179762 0.182143
0.008333 0.000000 0.000000 0.000000 0.010714 0.015476 0.016667 0.016667 0.015476 0.013095 0.000000 0.000000 0.015476 0.017857 0.013095 0.000000 0.000000 0.032143 0.033333 0.035714 0.033333 0.035714 0.035714 0.034524 0.034524 0.000000 0.000000 0.000000 0.000000 0.041667 0.042857 0.044048 0.045238 0.047619 0.051190 0.050000 0.000000 0.053571 0.054762 0.055952 0.058333 0.057143 0.057143 0.060714 0.000000 0.000000 0.057143 0.000000 0.000000 0.076190 0.078571 0.077381 0.084524 0.089286 0.103571 0.096429 0.083333 0.000000 0.179762 0.179762 0.183333 0.186905 0.189286
0.005952 0.005952 0.000000 0.013095 0.014286 0.015476 0.015476 0.015476 0.015476 0.014286 0.000000 0.014286 0.016667 0.015476 0.013095 0.000000 0.030952 0.032143 0.032143 0.034524 0.034524 0.034524 0.034524 0.000000 0.039286 0.036905 0.000000 0.000000 0.000000 0.000000 0.044048 0.045238 0.044048 0.044048 0.044048 0.046429 0.027381 0.027381 0.051190 0.052381 0.058333 0.058333 0.034524 0.050000 0.000000 0.000000 0.000000 0.000000 0.000000 0.000000 0.075000 0.080952 0.089286 0.097619 0.120238 0.120238 0.000000 0.000000 0.182143 0.186905 0.185714 0.189286 0.202381
0.010714 0.009524 0.000000 0.000000 0.015476 0.016667 0.017857 0.016667 0.017857 0.015476 0.015476 0.000000 0.000000 0.000000 0.000000 0.000000 0.000000 0.000000 0.034524 0.033333 0.034524 0.000000 0.041667 0.042857 0.042857 0.041667 0.041667 0.000000 0.000000 0.045238 0.045238 0.047619 0.023810 0.022619 0.025000 0.023810 0.027381 0.028571 0.055952 0.055952 0.058333 0.057143 0.054762 0.000000 0.000000 0.000000 0.000000 0.000000 0.000000 0.000000 0.000000 0.000000 0.096429 0.097619 0.135714 0.139286 0.141667 0.000000 0.189286 0.196429 0.200000 0.207143 0.210714
0.009524 0.013095 0.000000 0.017857 0.019048 0.015476 0.017857 0.017857 0.017857 0.016667 0.014286 0.000000 0.000000 0.000000 0.000000 0.028571 0.029762 0.000000 0.034524 0.035714 0.000000 0.000000 0.042857 0.042857 0.042857 0.045238 0.045238 0.045238 0.046429 0.046429 0.047619 0.048810 0.050000 0.025000 0.054762 0.055952 0.057143 0.057143 0.057143 0.058333 0.057143 0.055952 0.000000 0.057143 0.000000 0.000000 0.000000 0.000000 0.000000 0.000000 0.000000 0.000000 0.145238 0.123810 0.130952 0.136905 0.159524 0.152381 0.194048 0.200000 0.207143 0.211905 0.217857
0.015476 0.015476 0.000000 0.019048 0.016667 0.021429 0.021429 0.020238 0.017857 0.014286 0.000000 0.000000 0.035714 0.034524 0.034524 0.032143 0.039286 0.033333 0.038095 0.036905 0.000000 0.041667 0.042857 0.042857 0.044048 0.045238 0.045238 0.045238 0.046429 0.047619 0.052381 0.051190 0.053571 0.054762 0.054762 0.055952 0.057143 0.057143 0.057143 0.058333 0.060714 0.059524 0.054762 0.060714 0.104762 0.094048 0.000000 0.000000 0.000000 0.000000 0.000000 0.000000 0.153571 0.159524 0.165476 0.145238 0.170238 0.159524 0.202381 0.204762 0.210714 0.216667 0.222619
0.010714 0.011905 0.017857 0.000000 0.020238 0.019048 0.022619 0.000000 0.000000 0.000000 0.000000 0.000000 0.036905 0.036905 0.039286 0.032143 0.040476 0.040476 0.042857 0.042857 0.042857 0.042857 0.042857 0.044048 0.044048 0.045238 0.045238 0.045238 0.046429 0.048810 0.051190 0.053571 0.054762 0.057143 0.055952 0.055952 0.057143 0.057143 0.058333 0.058333 0.060714 0.000000 0.054762 0.111905 0.121429 0.122619 0.122619 0.122619 0.122619 0.000000 0.000000 0.152381 0.132143 0.165476 0.135714 0.175000 0.176190 0.164286 0.166667 0.211905 0.219048 0.221429 0.229762
0.013095 0.011905 0.000000 0.000000 0.000000 0.022619 0.025000 0.025000 0.000000 0.000000 0.000000 0.036905 0.036905 0.038095 0.040476 0.040476 0.042857 0.042857 0.042857 0.042857 0.042857 0.042857 0.042857 0.044048 0.000000 0.000000 0.045238 0.046429 0.046429 0.047619 0.052381 0.052381 0.055952 0.055952 0.057143 0.057143 0.055952 0.057143 0.058333 0.057143 0.055952 0.000000 0.110714 0.127381 0.132143 0.132143 0.120238 0.141667 0.142857 0.146429 0.151190 0.150000 0.135714 0.138095 0.186905 0.191667 0.196429 0.167857 0.172619 0.184524 0.221429 0.227381 0.235714
0.000000 0.000000 0.000000 0.000000 0.023810 0.027381 0.032143 0.030952 0.030952 0.027381 0.000000 0.000000 0.036905 0.036905 0.000000 0.040476 0.041667 0.041667 0.041667 0.042857 0.044048 0.045238 0.045238 0.046429 0.046429 0.047619 0.000000 0.000000 0.046429 0.045238 0.050000 0.053571 0.055952 0.055952 0.057143 0.057143 0.057143 0.055952 0.055952 0.054762 0.000000 0.000000 0.108333 0.116667 0.132143 0.132143 0.117857 0.140476 0.103571 0.153571 0.155952 0.166667 0.171429 0.145238 0.192857 0.200000 0.205952 0.209524 0.215476 0.217857 0.186905 0.230952 0.238095
0.000000 0.022619 0.000000 0.000000 0.026190 0.034524 0.035714 0.035714 0.033333 0.033333 0.000000 0.036905 0.000000 0.000000 0.000000 0.000000 0.000000 0.000000 0.000000 0.045238 0.045238 0.045238 0.045238 0.046429 0.047619 0.047619 0.047619 0.047619 0.000000 0.046429 0.047619 0.053571 0.054762 0.055952 0.054762 0.055952 0.055952 0.055952 0.051190 0.051190 0.000000 0.103571 0.108333 0.114286 0.126190 0.127381 0.117857 0.133333 0.096429 0.157143 0.165476 0.178571 0.182143 0.186905 0.190476 0.197619 0.204762 0.167857 0.179762 0.182143 0.230952 0.239286 0.245238
0.025000 0.023810 0.022619 0.027381 0.033333 0.036905 0.036905 0.039286 0.039286 0.038095 0.038095 0.039286 0.036905 0.000000 0.044048 0.045238 0.044048 0.045238 0.046429 0.047619 0.046429 0.000000 0.048810 0.047619 0.047619 0.047619 0.048810 0.048810 0.047619 0.048810 0.046429 0.050000 0.052381 0.054762 0.052381 0.054762 0.055952 0.053571 0.050000 0.000000 0.000000 0.101190 0.104762 0.119048 0.120238 0.120238 0.119048 0.119048 0.095238 0.155952 0.098810 0.109524 0.183333 0.189286 0.194048 0.198810 0.201190 0.204762 0.209524 0.182143 0.190476 0.244048 0.248810
0.026190 0.028571 0.027381 0.029762 0.033333 0.039286 0.040476 0.040476 0.039286 0.039286 0.038095 0.038095 0.044048 0.045238 0.046429 0.046429 0.045238 0.046429 0.050000 0.050000 0.051190 0.050000 0.048810 0.048810 0.000000 0.051190 0.051190 0.000000 0.050000 0.050000 0.047619 0.050000 0.050000 0.048810 0.052381 0.053571 0.051190 0.051190 0.050000 0.044048 0.000000 0.100000 0.103571 0.104762 0.111905 0.116667 0.108333 0.102381 0.090476 0.094048 0.105952 0.109524 0.111905 0.000000 0.000000 0.000000 0.204762 0.210714 0.220238 0.228571 0.233333 0.245238 0.248810
0.028571 0.028571 0.027381 0.033333 0.034524 0.040476 0.041667 0.042857 0.042857 0.041667 0.042857 0.040476 0.039286 0.045238 0.047619 0.047619 0.048810 0.052381 0.051190 0.052381 0.053571 0.054762 0.053571 0.053571 0.052381 0.051190 0.051190 0.051190 0.051190 0.051190 0.000000 0.047619 0.047619 0.047619 0.050000 0.048810 0.050000 0.050000 0.047619 0.041667 0.000000 0.000000 0.000000 0.000000 0.000000 0.104762 0.101190 0.088095 0.000000 0.091667 0.092857 0.098810 0.092857 0.000000 0.000000 0.000000 0.104762 0.216667 0.225000 0.232143 0.240476 0.244048 0.254762
0.000000 0.029762 0.033333 0.029762 0.033333 0.040476 0.041667 0.042857 0.042857 0.042857 0.044048 0.046429 0.047619 0.048810 0.048810 0.048810 0.048810 0.052381 0.052381 0.058333 0.057143 0.058333 0.055952 0.054762 0.054762 0.054762 0.052381 0.052381 0.052381 0.052381 0.048810 0.000000 0.000000 0.000000 0.000000 0.000000 0.035714 0.000000 0.046429 0.040476 0.036905 0.032143 0.000000 0.013095 0.000000 0.000000 0.069048 0.000000 0.000000 0.000000 0.082143 0.080952 0.069048 0.000000 0.000000 0.000000 0.107143 0.220238 0.228571 0.232143 0.240476 0.245238 0.255952
0.000000 0.033333 0.022619 0.038095 0.033333 0.041667 0.042857 0.045238 0.045238 0.045238 0.046429 0.047619 0.048810 0.051190 0.053571 0.053571 0.054762 0.055952 0.060714 0.060714 0.060714 0.060714 0.060714 0.060714 0.057143 0.055952 0.057143 0.054762 0.055952 0.057143 0.055952 0.000000 0.000000 0.039286 0.033333 0.039286 0.034524 0.000000 0.000000 0.000000 0.000000 0.000000 0.000000 0.022619 0.020238 0.000000 0.000000 0.000000 0.000000 0.000000 0.073810 0.070238 0.000000 0.000000 0.073810 0.086905 0.108333 0.223810 0.227381 0.232143 0.235714 0.242857 0.246429
0.000000 0.035714 0.035714 0.016667 0.044048 0.045238 0.045238 0.046429 0.046429 0.047619 0.046429 0.048810 0.051190 0.051190 0.055952 0.055952 0.057143 0.061905 0.063095 0.061905 0.063095 0.061905 0.061905 0.061905 0.059524 0.060714 0.063095 0.064286 0.064286 0.060714 0.064286 0.064286 0.065476 0.000000 0.000000 0.058333 0.000000 0.000000 0.000000 0.000000 0.032143 0.000000 0.000000 0.000000 0.028571 0.000000 0.000000 0.000000 0.000000 0.000000 0.089286 0.000000 0.000000 0.061905 0.077381 0.088095 0.104762 0.222619 0.226190 0.230952 0.238095 0.235714 0.246429
0.000000 0.033333 0.032143 0.000000 0.044048 0.044048 0.045238 0.046429 0.047619 0.047619 0.048810 0.050000 0.053571 0.053571 0.057143 0.057143 0.058333 0.065476 0.065476 0.065476 0.065476 0.064286 0.064286 0.064286 0.065476 0.067857 0.072619 0.071429 0.071429 0.072619 0.075000 0.077381 0.077381 0.078571 0.077381 0.077381 0.073810 0.061905 0.064286 0.058333 0.048810 0.051190 0.054762 0.052381 0.000000 0.000000 0.000000 0.000000 0.000000 0.000000 0.000000 0.151190 0.000000 0.000000 0.100000 0.104762 0.107143 0.217857 0.225000 0.232143 0.233333 0.234524 0.000000
