FireSTARR/test/constant/M1M225PC_S000_A270_WD045_WS020/arrival.asc
ncols         22
nrows         22
xllcorner     424703.990666
yllcorner     12746855.311160
cellsize      100.000000
NODATA_value  0.000000
0.000000 0.000000 0.000000 0.000000 0.000000 0.000000 0.000000 0.000000 0.000000 0.000000 0.000000 0.000000 0.000000 0.000000 0.000000 0.000000 0.000000 123.412727 123.340879 123.321849 123.405182 0.000000 
0.000000 0.000000 0.000000 0.000000 0.000000 0.000000 0.000000 0.000000 0.000000 0.000000 0.000000 0.000000 0.000000 0.000000 123.405182 123.340879 123.272636 123.204394 123.132545 123.105970 123.162727 123.405182 
0.000000 0.000000 0.000000 0.000000 0.000000 0.000000 0.000000 0.000000 0.000000 0.000000 0.000000 0.000000 123.405182 123.333333 123.265091 123.204394 123.132545 123.064303 123.015091 123.000000 123.105970 123.321849 
0.000000 0.000000 0.000000 0.000000 0.000000 0.000000 0.000000 0.000000 0.000000 0.000000 0.000000 123.390091 123.321849 123.250000 123.181758 123.113515 123.071849 123.037727 123.015091 123.015091 123.132545 123.340879 
0.000000 0.000000 0.000000 0.000000 0.000000 0.000000 0.000000 0.000000 0.000000 0.000000 123.371061 123.299212 123.230970 123.162727 123.132545 123.098424 123.056758 123.037727 123.037727 123.064303 123.204394 123.405182 
0.000000 0.000000 0.000000 0.000000 0.000000 0.000000 0.000000 0.000000 123.416667 123.348424 123.280182 123.215879 123.181758 123.147636 123.113515 123.079394 123.064303 123.056758 123.071849 123.132545 123.272636 0.000000 
0.000000 0.000000 0.000000 0.000000 0.000000 0.000000 0.000000 123.397636 123.329394 123.272636 123.238515 123.204394 123.166667 123.140091 123.105970 123.079394 123.079394 123.098424 123.113515 123.204394 123.340879 0.000000 
0.000000 0.000000 0.000000 0.000000 0.000000 0.000000 123.382545 123.321849 123.299212 123.257545 123.223424 123.189303 123.155182 123.121061 123.105970 123.098424 123.113515 123.132545 123.181758 123.265091 123.405182 0.000000 
0.000000 0.000000 0.000000 0.000000 0.000000 123.382545 123.348424 123.314303 123.280182 123.246061 123.208333 123.181758 123.147636 123.121061 123.121061 123.132545 123.147636 123.162727 123.250000 123.333333 0.000000 0.000000 
0.000000 0.000000 0.000000 0.000000 123.412727 123.363515 123.333333 123.291667 123.265091 123.230970 123.196849 123.166667 123.147636 123.140091 123.155182 123.166667 123.181758 123.230970 123.321849 123.405182 0.000000 0.000000 
0.000000 0.000000 0.000000 0.000000 123.390091 123.348424 123.314303 123.287727 123.246061 123.215879 123.189303 123.166667 123.162727 123.174212 123.189303 123.196849 123.215879 123.299212 123.390091 0.000000 0.000000 0.000000 
0.000000 0.000000 0.000000 123.412727 123.371061 123.333333 123.306758 123.272636 123.246061 123.208333 123.189303 123.189303 123.196849 123.208333 123.223424 123.238515 123.280182 123.371061 0.000000 0.000000 0.000000 0.000000 
0.000000 0.000000 0.000000 123.390091 123.355970 123.329394 123.299212 123.265091 123.230970 123.208333 123.204394 123.223424 123.230970 123.238515 123.265091 123.272636 123.348424 0.000000 0.000000 0.000000 0.000000 0.000000 
0.000000 0.000000 123.412727 123.382545 123.348424 123.314303 123.287727 123.250000 123.230970 123.230970 123.238515 123.246061 123.257545 123.272636 123.299212 123.329394 123.416667 0.000000 0.000000 0.000000 0.000000 0.000000 
0.000000 0.000000 123.397636 123.363515 123.329394 123.306758 123.272636 123.250000 123.250000 123.265091 123.272636 123.280182 123.299212 123.306758 123.321849 123.397636 0.000000 0.000000 0.000000 0.000000 0.000000 0.000000 
0.000000 123.416667 123.390091 123.355970 123.329394 123.291667 123.272636 123.272636 123.280182 123.287727 123.306758 123.314303 123.333333 123.355970 123.382545 0.000000 0.000000 0.000000 0.000000 0.000000 0.000000 0.000000 
0.000000 123.405182 123.375000 123.348424 123.314303 123.291667 123.291667 123.306758 123.314303 123.329394 123.333333 123.348424 123.363515 123.382545 0.000000 0.000000 0.000000 0.000000 0.000000 0.000000 0.000000 0.000000 
0.000000 123.397636 123.371061 123.340879 123.314303 123.314303 123.321849 123.329394 123.348424 123.355970 123.371061 123.390091 123.405182 0.000000 0.000000 0.000000 0.000000 0.000000 0.000000 0.000000 0.000000 0.000000 
0.000000 123.390091 123.355970 123.340879 123.333333 123.348424 123.363515 123.363515 123.375000 123.390091 123.405182 123.416667 0.000000 0.000000 0.000000 0.000000 0.000000 0.000000 0.000000 0.000000 0.000000 0.000000 
123.412727 123.382545 123.355970 123.355970 123.371061 123.375000 123.390091 123.397636 123.412727 0.000000 0.000000 0.000000 0.000000 0.000000 0.000000 0.000000 0.000000 0.000000 0.000000 0.000000 0.000000 0.000000 
123.405182 123.382545 123.375000 123.390091 123.405182 123.405182 0.000000 0.000000 0.000000 0.000000 0.000000 0.000000 0.000000 0.000000 0.000000 0.000000 0.000000 0.000000 0.000000 0.000000 0.000000 0.000000 
123.405182 123.397636 123.412727 123.416667 0.000000 0.000000 0.000000 0.000000 0.000000 0.000000 0.000000 0.000000 0.000000 0.000000 0.000000 0.000000 0.000000 0.000000 0.000000 0.000000 0.000000 0.000000 
