FireSTARR/test/constant/C2_S060_A270_WD045_WS020/arrival.asc
ncols         70
nrows         74
xllcorner     420303.990666
yllcorner     12748155.311160
cellsize      100.000000
NODATA_value  0.000000
[rows 26 to 51 of 74, columns 0 to 58 of 70]
0.000000 0.000000 0.000000 0.000000 0.000000 0.000000 0.000000 0.000000 0.000000 123.408448 123.400086 123.389634 123.377091 123.366781 123.356329 123.345876 123.335424 123.323024 123.312572 123.304210 123.295848 123.283448 123.275086 123.264634 123.254181 123.252091 123.256272 123.258362 123.258362 123.260453 123.264634 123.268815 123.270905 123.272996 123.277177 123.279267 123.283448 123.285539 123.289720 123.293757 123.297938 123.302119 123.308391 123.312572 123.318843 123.323024 123.327205 123.352148 123.377091 123.402177 0.000000 0.000000 0.000000 0.000000 0.000000 0.000000 0.000000 0.000000 0.000000
0.000000 0.000000 0.000000 0.000000 0.000000 0.000000 0.000000 0.000000 0.000000 123.412629 123.402177 123.391724 123.381272 123.375000 123.360510 123.352148 123.337514 123.329296 123.318843 123.308391 123.297938 123.289720 123.279267 123.266724 123.256272 123.248053 123.245962 123.248053 123.252091 123.254181 123.254181 123.258362 123.260453 123.264634 123.266724 123.270905 123.275086 123.277177 123.279267 123.283448 123.287629 123.291667 123.300029 123.304210 123.308391 123.314662 123.318843 123.331386 123.358419 123.383362 123.408448 0.000000 0.000000 0.000000 0.000000 0.000000 0.000000 0.000000 0.000000
0.000000 0.000000 0.000000 0.000000 0.000000 0.000000 0.000000 0.000000 0.000000 0.000000 123.408448 123.397996 123.385453 123.375000 123.366781 123.354238 123.343786 123.333333 123.320934 123.312572 123.300029 123.291667 123.281358 123.272996 123.262543 123.252091 123.241781 123.239691 123.243872 123.245962 123.248053 123.250000 123.252091 123.256272 123.260453 123.260453 123.264634 123.266724 123.270905 123.275086 123.279267 123.283448 123.287629 123.291667 123.297938 123.302119 123.308391 123.312572 123.337514 123.362600 123.389634 123.414720 0.000000 0.000000 0.000000 0.000000 0.000000 0.000000 0.000000
0.000000 0.000000 0.000000 0.000000 0.000000 0.000000 0.000000 0.000000 0.000000 0.000000 123.412629 123.402177 123.389634 123.379181 123.368872 123.360510 123.350057 123.337514 123.325115 123.314662 123.304210 123.293757 123.283448 123.275086 123.264634 123.254181 123.243872 123.235510 123.233419 123.237600 123.237600 123.241781 123.243872 123.245962 123.250000 123.252091 123.254181 123.258362 123.260453 123.264634 123.268815 123.272996 123.275086 123.283448 123.289720 123.293757 123.300029 123.302119 123.318843 123.343786 123.370962 123.395905 0.000000 0.000000 0.000000 0.000000 0.000000 0.000000 0.000000
0.000000 0.000000 0.000000 0.000000 0.000000 0.000000 0.000000 0.000000 0.000000 0.000000 0.000000 123.404267 123.393815 123.385453 123.375000 123.362600 123.352148 123.339605 123.331386 123.320934 123.308391 123.297938 123.287629 123.277177 123.268815 123.258362 123.245962 123.237600 123.229238 123.227148 123.231329 123.233419 123.235510 123.239691 123.239691 123.243872 123.245962 123.250000 123.252091 123.256272 123.258362 123.264634 123.266724 123.272996 123.277177 123.283448 123.285539 123.291667 123.300029 123.325115 123.352148 123.377091 123.402177 0.000000 0.000000 0.000000 0.000000 0.000000 0.000000
0.000000 0.000000 0.000000 0.000000 0.000000 0.000000 0.000000 0.000000 0.000000 0.000000 0.000000 123.412629 123.400086 123.389634 123.377091 123.366781 123.356329 123.345876 123.335424 123.323024 123.312572 123.300029 123.289720 123.279267 123.270905 123.260453 123.250000 123.239691 123.231329 123.222967 123.220876 123.225057 123.227148 123.229238 123.231329 123.235510 123.237600 123.239691 123.243872 123.245962 123.250000 123.254181 123.258362 123.260453 123.266724 123.272996 123.277177 123.283448 123.285539 123.306300 123.331386 123.358419 123.383362 123.408448 0.000000 0.000000 0.000000 0.000000 0.000000
0.000000 0.000000 0.000000 0.000000 0.000000 0.000000 0.000000 0.000000 0.000000 0.000000 0.000000 123.416667 123.406358 123.393815 123.381272 123.368872 123.358419 123.347967 123.339605 123.329296 123.316753 123.306300 123.295848 123.285539 123.272996 123.264634 123.254181 123.245962 123.233419 123.222967 123.214605 123.214605 123.218786 123.222967 123.222967 123.227148 123.229238 123.229238 123.235510 123.239691 123.241781 123.243872 123.248053 123.252091 123.258362 123.262543 123.268815 123.270905 123.277177 123.287629 123.312572 123.337514 123.364691 123.389634 123.414720 0.000000 0.000000 0.000000 0.000000
0.000000 0.000000 0.000000 0.000000 0.000000 0.000000 0.000000 0.000000 0.000000 0.000000 0.000000 0.000000 123.410539 123.400086 123.385453 123.377091 123.364691 123.354238 123.341695 123.331386 123.320934 123.310481 123.297938 123.289720 123.277177 123.266724 123.258362 123.248053 123.237600 123.227148 123.214605 123.208333 123.208333 123.212514 123.214605 123.216695 123.220876 123.220876 123.225057 123.229238 123.231329 123.235510 123.237600 123.241781 123.245962 123.250000 123.256272 123.262543 123.266724 123.270905 123.293757 123.318843 123.343786 123.368872 123.395905 0.000000 0.000000 0.000000 0.000000
0.000000 0.000000 0.000000 0.000000 0.000000 0.000000 0.000000 0.000000 0.000000 0.000000 0.000000 0.000000 0.000000 123.406358 123.391724 123.381272 123.368872 123.356329 123.347967 123.333333 123.325115 123.314662 123.304210 123.291667 123.281358 123.270905 123.258362 123.252091 123.241781 123.231329 123.220876 123.208333 123.202205 123.204296 123.206386 123.210424 123.210424 123.212514 123.214605 123.220876 123.222967 123.227148 123.229238 123.233419 123.237600 123.241781 123.248053 123.254181 123.256272 123.262543 123.275086 123.300029 123.325115 123.350057 123.375000 123.402177 0.000000 0.000000 0.000000
0.000000 0.000000 0.000000 0.000000 0.000000 0.000000 0.000000 0.000000 0.000000 0.000000 0.000000 0.000000 0.000000 123.412629 123.400086 123.389634 123.373053 123.364691 123.354238 123.339605 123.327205 123.316753 123.308391 123.297938 123.287629 123.275086 123.266724 123.254181 123.243872 123.233419 123.225057 123.214605 123.202205 123.195934 123.198024 123.202205 123.202205 123.204296 123.206386 123.210424 123.212514 123.218786 123.220876 123.222967 123.229238 123.231329 123.233419 123.241781 123.248053 123.254181 123.256272 123.281358 123.306300 123.331386 123.356329 123.383362 123.408448 0.000000 0.000000
0.000000 0.000000 0.000000 0.000000 0.000000 0.000000 0.000000 0.000000 0.000000 0.000000 0.000000 0.000000 0.000000 0.000000 123.404267 123.393815 123.381272 123.373053 123.356329 123.345876 123.333333 123.323024 123.312572 123.300029 123.289720 123.279267 123.268815 123.256272 123.245962 123.235510 123.227148 123.216695 123.206386 123.195934 123.189662 123.193843 123.193843 123.198024 123.200115 123.202205 123.206386 123.208333 123.210424 123.214605 123.218786 123.220876 123.225057 123.233419 123.237600 123.239691 123.245962 123.262543 123.287629 123.312572 123.337514 123.362600 123.389634 123.414720 0.000000
0.000000 0.000000 0.000000 0.000000 0.000000 0.000000 0.000000 0.000000 0.000000 0.000000 0.000000 0.000000 0.000000 0.000000 123.410539 123.402177 123.385453 123.375000 123.364691 123.354238 123.337514 123.327205 123.316753 123.306300 123.295848 123.283448 123.270905 123.262543 123.252091 123.241781 123.231329 123.220876 123.212514 123.200115 123.189662 123.183391 123.185481 123.189662 123.191753 123.193843 123.193843 123.198024 123.202205 123.204296 123.208333 123.210424 123.216695 123.220876 123.225057 123.231329 123.237600 123.243872 123.268815 123.293757 123.318843 123.343786 123.368872 123.395905 0.000000
0.000000 0.000000 0.000000 0.000000 0.000000 0.000000 0.000000 0.000000 0.000000 0.000000 0.000000 0.000000 0.000000 0.000000 123.414720 123.406358 123.393815 123.381272 123.368872 123.356329 123.347967 123.335424 123.320934 123.308391 123.297938 123.285539 123.277177 123.266724 123.254181 123.243872 123.233419 123.222967 123.214605 123.204296 123.191753 123.183391 123.177119 123.181300 123.183391 123.185481 123.187572 123.187572 123.193843 123.195934 123.200115 123.202205 123.204296 123.208333 123.214605 123.220876 123.225057 123.229238 123.248053 123.275086 123.300029 123.325115 123.350057 123.375000 123.402177
0.000000 0.000000 0.000000 0.000000 0.000000 0.000000 0.000000 0.000000 0.000000 0.000000 0.000000 0.000000 0.000000 0.000000 0.000000 123.408448 123.400086 123.387543 123.373053 123.362600 123.352148 123.339605 123.329296 123.314662 123.304210 123.291667 123.283448 123.268815 123.258362 123.248053 123.237600 123.229238 123.216695 123.206386 123.198024 123.185481 123.175029 123.170848 123.175029 123.177119 123.179210 123.179210 123.181300 123.187572 123.189662 123.193843 123.195934 123.200115 123.206386 123.210424 123.216695 123.220876 123.229238 123.256272 123.281358 123.306300 123.331386 123.356329 123.381272
0.000000 0.000000 0.000000 0.000000 0.000000 0.000000 0.000000 0.000000 0.000000 0.000000 0.000000 0.000000 0.000000 0.000000 0.000000 123.416667 123.402177 123.393815 123.379181 123.368872 123.356329 123.343786 123.333333 123.323024 123.310481 123.295848 123.283448 123.275086 123.264634 123.254181 123.239691 123.231329 123.220876 123.212514 123.200115 123.189662 123.179210 123.168757 123.164720 123.168757 123.170848 123.170848 123.172938 123.179210 123.181300 123.185481 123.187572 123.189662 123.193843 123.198024 123.208333 123.210424 123.214605 123.237600 123.262543 123.287629 123.312572 123.337514 123.362600
0.000000 0.000000 0.000000 0.000000 0.000000 0.000000 0.000000 0.000000 0.000000 0.000000 0.000000 0.000000 0.000000 0.000000 0.000000 0.000000 123.408448 123.397996 123.385453 123.375000 123.362600 123.350057 123.339605 123.325115 123.316753 123.302119 123.291667 123.277177 123.266724 123.258362 123.245962 123.235510 123.222967 123.212514 123.204296 123.191753 123.183391 123.170848 123.162629 123.158448 123.162629 123.162629 123.166667 123.168757 123.172938 123.177119 123.177119 123.181300 123.185481 123.191753 123.195934 123.202205 123.204296 123.216695 123.241781 123.268815 123.293757 123.318843 123.343786
0.000000 0.000000 0.000000 0.000000 0.000000 0.000000 0.000000 0.000000 0.000000 0.000000 0.000000 0.000000 0.000000 0.000000 0.000000 0.000000 0.000000 123.406358 123.389634 123.377091 123.366781 123.356329 123.345876 123.333333 123.320934 123.308391 123.295848 123.287629 123.272996 123.262543 123.252091 123.237600 123.227148 123.216695 123.208333 123.198024 123.185481 123.175029 123.166667 123.156358 123.152177 123.156358 123.158448 123.160539 123.162629 123.168757 123.170848 123.172938 123.177119 123.177119 123.183391 123.189662 123.195934 123.198024 123.222967 123.250000 123.275086 123.300029 123.325115
0.000000 0.000000 0.000000 0.000000 0.000000 0.000000 0.000000 0.000000 0.000000 0.000000 0.000000 0.000000 0.000000 0.000000 0.000000 0.000000 0.000000 123.410539 123.397996 123.387543 123.375000 123.362600 123.347967 123.337514 123.325115 123.312572 123.304210 123.291667 123.277177 123.266724 123.254181 123.243872 123.233419 123.222967 123.212514 123.200115 123.189662 123.181300 123.168757 123.158448 123.150086 123.145905 123.150086 123.152177 123.154267 123.158448 123.162629 123.162629 123.166667 123.168757 123.175029 123.179210 123.185481 123.189662 123.204296 123.229238 123.254181 123.281358 123.306300
0.000000 0.000000 0.000000 0.000000 0.000000 0.000000 0.000000 0.000000 0.000000 0.000000 0.000000 0.000000 0.000000 0.000000 0.000000 0.000000 0.000000 0.000000 123.404267 123.393815 123.379181 123.366781 123.354238 123.343786 123.331386 123.320934 123.308391 123.295848 123.283448 123.272996 123.260453 123.248053 123.237600 123.225057 123.214605 123.206386 123.193843 123.181300 123.172938 123.162629 123.154267 123.143815 123.141724 123.143815 123.145905 123.147996 123.152177 123.154267 123.156358 123.160539 123.162629 123.168757 123.172938 123.179210 123.185481 123.210424 123.235510 123.262543 123.287629
0.000000 0.000000 0.000000 0.000000 0.000000 0.000000 0.000000 0.000000 0.000000 0.000000 0.000000 0.000000 0.000000 0.000000 0.000000 0.000000 0.000000 0.000000 123.408448 123.400086 123.385453 123.375000 123.362600 123.350057 123.335424 123.325115 123.310481 123.300029 123.289720 123.279267 123.264634 123.254181 123.243872 123.231329 123.220876 123.210424 123.198024 123.185481 123.177119 123.164720 123.156358 123.145905 123.135453 123.135453 123.137543 123.139634 123.141724 123.145905 123.147996 123.152177 123.154267 123.156358 123.166667 123.168757 123.172938 123.191753 123.216695 123.241781 123.266724
0.000000 0.000000 0.000000 0.000000 0.000000 0.000000 0.000000 0.000000 0.000000 0.000000 0.000000 0.000000 0.000000 0.000000 0.000000 0.000000 0.000000 0.000000 0.000000 123.410539 123.391724 123.381272 123.366781 123.356329 123.339605 123.329296 123.316753 123.308391 123.295848 123.285539 123.272996 123.258362 123.245962 123.233419 123.222967 123.212514 123.202205 123.191753 123.179210 123.168757 123.160539 123.147996 123.139634 123.129181 123.129181 123.131272 123.133362 123.135453 123.139634 123.143815 123.145905 123.150086 123.152177 123.158448 123.164720 123.172938 123.198024 123.222967 123.248053
0.000000 0.000000 0.000000 0.000000 0.000000 0.000000 0.000000 0.000000 0.000000 0.000000 0.000000 0.000000 0.000000 0.000000 0.000000 0.000000 0.000000 0.000000 0.000000 0.000000 123.414720 123.391724 123.373053 123.362600 123.347967 123.337514 123.323024 123.314662 123.300029 123.287629 123.275086 123.266724 123.254181 123.241781 123.229238 123.216695 123.206386 123.193843 123.183391 123.172938 123.160539 123.152177 123.141724 123.131272 123.123053 123.123053 123.123053 123.127091 123.131272 123.133362 123.135453 123.139634 123.141724 123.150086 123.154267 123.156358 123.179210 123.204296 123.229238
0.000000 0.000000 0.000000 0.000000 0.000000 0.000000 0.000000 0.000000 0.000000 0.000000 0.000000 0.000000 0.000000 0.000000 0.000000 0.000000 0.000000 0.000000 0.000000 0.000000 0.000000 0.000000 123.395905 123.373053 123.354238 123.343786 123.329296 123.318843 123.306300 123.295848 123.281358 123.270905 123.258362 123.245962 123.233419 123.222967 123.212514 123.198024 123.187572 123.177119 123.166667 123.156358 123.145905 123.135453 123.127091 123.116781 123.116781 123.118872 123.120962 123.125000 123.127091 123.129181 123.135453 123.139634 123.141724 123.150086 123.160539 123.185481 123.210424
0.000000 0.000000 0.000000 0.000000 0.000000 0.000000 0.000000 0.000000 0.000000 0.000000 0.000000 0.000000 0.000000 0.000000 0.000000 0.000000 0.000000 0.000000 0.000000 0.000000 0.000000 0.000000 0.000000 123.402177 123.379181 123.354238 123.335424 123.325115 123.310481 123.300029 123.285539 123.275086 123.264634 123.252091 123.239691 123.229238 123.214605 123.202205 123.191753 123.181300 123.170848 123.160539 123.150086 123.139634 123.129181 123.118872 123.110510 123.110510 123.112600 123.114691 123.118872 123.123053 123.127091 123.127091 123.131272 123.139634 123.141724 123.166667 123.191753
0.000000 0.000000 0.000000 0.000000 0.000000 0.000000 0.000000 0.000000 0.000000 0.000000 0.000000 0.000000 0.000000 0.000000 0.000000 0.000000 0.000000 0.000000 0.000000 0.000000 0.000000 0.000000 0.000000 0.000000 123.408448 123.383362 123.360510 123.337514 123.316753 123.308391 123.293757 123.281358 123.270905 123.256272 123.245962 123.235510 123.222967 123.212514 123.198024 123.187572 123.177119 123.162629 123.152177 123.141724 123.131272 123.120962 123.112600 123.104238 123.104238 123.106329 123.110510 123.114691 123.114691 123.118872 123.123053 123.127091 123.133362 123.147996 123.172938
0.000000 0.000000 0.000000 0.000000 0.000000 0.000000 0.000000 0.000000 0.000000 0.000000 0.000000 0.000000 0.000000 0.000000 0.000000 0.000000 0.000000 0.000000 0.000000 0.000000 0.000000 0.000000 0.000000 0.000000 0.000000 123.414720 123.391724 123.366781 123.341695 123.318843 123.300029 123.289720 123.275086 123.262543 123.252091 123.239691 123.227148 123.214605 123.204296 123.191753 123.181300 123.168757 123.158448 123.147996 123.137543 123.125000 123.116781 123.104238 123.097967 123.097967 123.100057 123.104238 123.106329 123.108419 123.112600 123.114691 123.123053 123.129181 123.154267
