FireSTARR/test/constant/O1a_S060_A180_WD315_WS020/arrival.asc
ncols         742
nrows         96
xllcorner     426603.990666
yllcorner     12740455.311160
cellsize      100.000000
NODATA_value  0.000000
[rows 27 to 53 of 96, columns 180 to 239 of 742]
123.149272 123.150667 123.152899 123.154573 123.156526 123.157921 123.159874 123.161827 123.163222 123.164896 123.166946 123.168341 123.170294 123.172247 123.173642 123.175315 123.177547 123.179221 123.180616 123.182290 123.184522 123.186196 123.187591 123.189544 123.191497 123.192892 123.194566 123.196519 123.198472 123.199867 123.201541 123.203773 123.205168 123.206842 123.208612 123.210844 123.212239 123.214192 123.216145 123.217540 123.219214 123.221167 123.223120 123.224515 123.226189 123.228421 123.230095 123.231490 123.233164 123.235396 123.236791 123.238465 123.240418 123.242371 123.243766 123.245161 123.247393 123.249066 123.250558 123.253069
123.138671 123.140066 123.141461 123.143414 123.145646 123.147041 123.148436 123.150667 123.152341 123.154015 123.155410 123.157921 123.159316 123.160711 123.162664 123.164617 123.166291 123.168341 123.169736 123.171410 123.173084 123.175315 123.176710 123.178105 123.180058 123.182011 123.183685 123.185080 123.187312 123.188986 123.190381 123.192055 123.194287 123.195961 123.197356 123.199309 123.201262 123.202657 123.204331 123.206284 123.208237 123.210286 123.211681 123.213634 123.215587 123.216982 123.218656 123.220609 123.222562 123.223957 123.225631 123.227863 123.229258 123.230932 123.232606 123.234838 123.236233 123.237628 123.239860 123.241534
123.128069 123.129464 123.131696 123.133370 123.135323 123.136718 123.138671 123.140624 123.142298 123.143693 123.145925 123.147599 123.148994 123.150667 123.152899 123.154573 123.155968 123.157921 123.159874 123.161269 123.162943 123.164896 123.166667 123.168341 123.170573 123.171968 123.173642 123.175315 123.177547 123.178942 123.180337 123.182569 123.184522 123.185917 123.187312 123.189823 123.191218 123.192892 123.194566 123.196798 123.198193 123.199588 123.201541 123.203494 123.205168 123.206563 123.208612 123.210286 123.211960 123.213913 123.215308 123.216982 123.219214 123.220888 123.222283 123.223957 123.226189 123.227584 123.229258 123.231211
123.116813 123.119045 123.120719 123.122393 123.123787 123.125837 123.127511 123.129464 123.131417 123.132812 123.134207 123.136718 123.138113 123.139787 123.141461 123.143693 123.145088 123.146483 123.148436 123.150388 123.152062 123.153457 123.155689 123.157363 123.159037 123.160432 123.162943 123.164338 123.165733 123.167783 123.169457 123.170852 123.173363 123.174757 123.176431 123.178105 123.180337 123.181732 123.183127 123.185080 123.187033 123.188707 123.190102 123.192334 123.194008 123.195403 123.197077 123.199309 123.200983 123.202378 123.204331 123.206284 123.207679 123.209728 123.211402 123.212797 123.214750 123.216703 123.218377 123.219772
123.106769 123.108443 123.109838 123.112070 123.113744 123.115139 123.116813 123.119045 123.120719 123.122114 123.124066 123.125837 123.127232 123.129464 123.131138 123.132533 123.134486 123.136439 123.138113 123.139508 123.141461 123.143414 123.144809 123.146483 123.148715 123.150388 123.151783 123.153457 123.155689 123.157084 123.158758 123.160711 123.162664 123.164059 123.165733 123.167783 123.169736 123.171410 123.173363 123.175315 123.176710 123.178105 123.180337 123.182011 123.183685 123.185359 123.187591 123.188986 123.190381 123.192334 123.194287 123.195961 123.197356 123.199588 123.201262 123.202657 123.204331 123.206563 123.208237 123.210007
123.101189 123.101747 123.102305 123.102863 123.103421 123.105095 123.106490 123.108164 123.109838 123.112070 123.113465 123.115139 123.117092 123.119045 123.120440 123.121835 123.124066 123.125558 123.127232 123.129464 123.130859 123.132533 123.134486 123.136439 123.137834 123.139229 123.141740 123.143135 123.144809 123.146483 123.148715 123.150109 123.151504 123.153736 123.155410 123.157084 123.158479 123.160711 123.162385 123.163780 123.165733 123.167504 123.168899 123.171131 123.172805 123.174479 123.175873 123.178384 123.179779 123.181174 123.183127 123.185080 123.186754 123.188149 123.190381 123.192055 123.193729 123.195124 123.197356 123.199030
123.106211 123.105374 123.105095 123.104537 123.103700 123.103979 123.104537 123.105095 123.105653 123.106211 123.106769 123.107327 123.107885 123.108443 123.109838 123.111791 123.113465 123.114860 123.117092 123.118766 123.120161 123.121835 123.124066 123.125279 123.127511 123.129185 123.130580 123.132254 123.134486 123.136160 123.137555 123.139508 123.141461 123.143135 123.144530 123.146483 123.148436 123.149830 123.151504 123.153736 123.155410 123.156805 123.158479 123.160711 123.162106 123.163780 123.165733 123.167225 123.168899 123.171131 123.172805 123.174200 123.176152 123.178105 123.179500 123.181174 123.183127 123.185080 123.186475 123.188149
123.117929 123.116255 123.115697 123.115139 123.114302 123.114023 123.113465 123.112628 123.112070 123.111233 123.110675 123.110117 123.109559 123.108722 123.109001 123.109559 123.110117 123.110675 123.111233 123.111791 123.112349 123.112907 123.113465 123.114860 123.117092 123.118487 123.120161 123.122114 123.124066 123.125279 123.127511 123.128906 123.130580 123.132533 123.134486 123.136160 123.138113 123.139787 123.141740 123.143693 123.145088 123.146762 123.148994 123.150388 123.152341 123.154015 123.155968 123.157921 123.159316 123.160990 123.163222 123.164617 123.166291 123.168341 123.169736 123.171410 123.173642 123.175315 123.176710 123.178384
123.129743 123.129464 123.128348 123.127511 123.126116 123.125558 123.125000 123.124345 123.123509 123.122114 123.121277 123.120998 123.120161 123.119882 123.119324 123.118487 123.117650 123.117092 123.116534 123.115697 123.115139 123.114302 123.113744 123.114023 123.114581 123.115139 123.115697 123.116255 123.116813 123.117371 123.117929 123.118487 123.119882 123.122114 123.123787 123.125279 123.127232 123.128906 123.130301 123.132533 123.134207 123.136160 123.137555 123.139508 123.141461 123.143135 123.144530 123.146762 123.148436 123.149830 123.151504 123.153736 123.155410 123.156805 123.158758 123.160711 123.162106 123.163780 123.165733 123.167225
123.147599 123.145646 123.143693 123.141740 123.140066 123.139787 123.138950 123.136997 123.135323 123.134486 123.133928 123.133370 123.131696 123.131417 123.130580 123.129743 123.129743 123.128348 123.126953 123.126674 123.126116 123.125558 123.124903 123.124066 123.123230 123.122672 123.121835 123.121556 123.120719 123.119882 123.119045 123.118766 123.119045 123.119603 123.120161 123.120719 123.121277 123.121835 123.122393 123.122951 123.123509 123.124903 123.126953 123.128906 123.130301 123.131975 123.134207 123.135881 123.137276 123.138950 123.141182 123.142856 123.144251 123.146204 123.148157 123.149551 123.151225 123.153178 123.155131 123.156526
123.165175 123.163501 123.161548 123.160711 123.158479 123.156805 123.155131 123.154294 123.152899 123.151225 123.149272 123.148436 123.146762 123.145367 123.144530 123.143693 123.141461 123.140345 123.139787 123.138671 123.137555 123.136718 123.136439 123.135881 123.135044 123.134765 123.132812 123.132254 123.131696 123.131138 123.130580 123.130022 123.129185 123.128627 123.127790 123.127232 123.126116 123.125558 123.124903 123.124066 123.123787 123.124066 123.124624 123.125279 123.125837 123.126395 123.126953 123.127511 123.128069 123.128627 123.130301 123.132254 123.133928 123.135323 123.137555 123.139229 123.140624 123.142298 123.144530 123.146204
123.184243 123.182011 123.180337 123.178663 123.177268 123.175036 123.173921 123.172805 123.170573 123.169736 123.167225 123.166012 123.164338 123.162385 123.160711 123.159874 123.158758 123.156805 123.154852 123.152899 123.152620 123.150946 123.150109 123.148436 123.147599 123.145646 123.145367 123.144809 123.143135 123.142298 123.142019 123.141461 123.140903 123.140066 123.138950 123.137834 123.137276 123.136718 123.136439 123.135323 123.134765 123.133928 123.133370 123.132533 123.132254 123.131417 123.130580 123.130022 123.129185 123.128906 123.129185 123.129743 123.130301 123.130859 123.131417 123.131975 123.132533 123.133091 123.133649 123.135323
123.205168 123.203773 123.199588 123.197914 123.196519 123.194287 123.190939 123.190660 123.189265 123.187870 123.185917 123.183685 123.182011 123.180337 123.180058 123.178384 123.175315 123.174200 123.173363 123.170573 123.169178 123.168620 123.166291 123.165454 123.164059 123.162385 123.160432 123.158479 123.157921 123.156526 123.155968 123.154015 123.153178 123.152341 123.150667 123.150667 123.150109 123.148157 123.147878 123.147041 123.146483 123.145925 123.144530 123.143693 123.142577 123.142298 123.142019 123.141461 123.140624 123.139787 123.138950 123.138392 123.137555 123.136997 123.136160 123.135602 123.135323 123.134207 123.133928 123.134207
123.224515 123.223399 123.221167 123.220330 123.218935 123.215866 123.214750 123.211681 123.209170 123.207679 123.206005 123.203494 123.200704 123.198472 123.196519 123.196240 123.194008 123.192892 123.191218 123.189265 123.188707 123.186475 123.184243 123.183127 123.181453 123.179779 123.178105 123.176431 123.175594 123.173363 123.171968 123.171689 123.169736 123.168620 123.166012 123.164338 123.163780 123.163222 123.161269 123.159874 123.159037 123.158479 123.157084 123.155968 123.155410 123.154015 123.153178 123.152620 123.152062 123.151504 123.150388 123.149551 123.148994 123.147878 123.147599 123.146762 123.146204 123.145646 123.144530 123.143972
123.244603 123.242650 123.241813 123.240976 123.237628 123.235954 123.234001 123.231769 123.230374 123.228979 123.227863 123.225352 123.223120 123.220888 123.218935 123.217540 123.215308 123.213634 123.210844 123.207958 123.206005 123.204331 123.202378 123.200983 123.199588 123.199030 123.197077 123.195682 123.193729 123.191776 123.191497 123.189265 123.187591 123.186196 123.184243 123.182011 123.181174 123.178384 123.178105 123.177268 123.175873 123.173642 123.171968 123.170015 123.169736 123.169178 123.167225 123.165454 123.164896 123.163780 123.162664 123.161548 123.160990 123.159595 123.158758 123.158479 123.157642 123.157084 123.155968 123.155131
123.264787 123.263113 123.260881 123.258370 123.256417 123.255022 123.254185 123.252232 123.250279 123.248230 123.246835 123.244603 123.242929 123.241813 123.239860 123.237628 123.235117 123.234280 123.231769 123.229816 123.228979 123.227026 123.224236 123.221446 123.219214 123.217540 123.216424 123.213076 123.211681 123.209728 123.208237 123.206563 123.205168 123.204889 123.202378 123.201541 123.199588 123.198751 123.196519 123.194287 123.193171 123.191218 123.189265 123.187870 123.186754 123.184522 123.183406 123.183127 123.181732 123.179779 123.178105 123.176710 123.175315 123.174757 123.171968 123.171131 123.170294 123.169457 123.168341 123.167225
123.290733 123.287106 123.285432 123.281805 123.279573 123.278457 123.274551 123.272878 123.270088 123.268135 123.266182 123.263950 123.263113 123.260881 123.260602 123.256975 123.255859 123.254185 123.253069 123.250837 123.249066 123.248230 123.244882 123.243208 123.240976 123.238744 123.238186 123.235675 123.233164 123.230653 123.228979 123.227305 123.225910 123.223957 123.220888 123.219214 123.217261 123.215308 123.214471 123.212518 123.210844 123.208612 123.208237 123.207121 123.205168 123.203773 123.202099 123.200704 123.198751 123.196798 123.195403 123.193450 123.191776 123.190102 123.189823 123.188428 123.187312 123.186475 123.184522 123.182011
123.320682 123.317334 123.309522 123.307290 123.303942 123.301989 123.300315 123.296968 123.294736 123.292783 123.290454 123.285990 123.283758 123.282084 123.280410 123.277341 123.274830 123.272320 123.271762 123.269809 123.268414 123.266182 123.264508 123.262555 123.261718 123.260881 123.259207 123.255580 123.253906 123.252511 123.250558 123.248509 123.246835 123.244882 123.242092 123.240139 123.237907 123.235396 123.233443 123.232885 123.230095 123.228421 123.225910 123.225352 123.223120 123.220888 123.219772 123.218377 123.216424 123.215587 123.213634 123.211960 123.210286 123.209728 123.207400 123.204889 123.204331 123.202099 123.199588 123.199309
123.344772 123.340866 123.338355 123.338076 123.335286 123.331563 123.327378 123.324309 123.320961 123.316497 123.313428 123.311754 123.308406 123.306174 123.303942 123.301989 123.300036 123.297805 123.293062 123.291291 123.289896 123.286548 123.284874 123.283758 123.281247 123.277899 123.277341 123.275388 123.273715 123.272041 123.270088 123.268414 123.267019 123.266182 123.263113 123.260602 123.259207 123.257254 123.255022 123.254185 123.251116 123.249624 123.247672 123.245440 123.243766 123.242092 123.239860 123.237628 123.235675 123.233722 123.231769 123.230932 123.228421 123.226747 123.225352 123.224515 123.222283 123.220888 123.219214 123.219214
123.376674 123.374624 123.368487 123.362349 123.359559 123.355095 123.353700 123.350631 123.348957 123.347283 123.345330 123.339750 123.334728 123.332679 123.327657 123.325704 123.322077 123.320403 123.318450 123.316218 123.314544 123.310917 123.309801 123.307569 123.303663 123.301989 123.299479 123.297526 123.295015 123.293620 123.291291 123.288501 123.286827 123.285153 123.283200 123.281526 123.279573 123.277899 123.274551 123.274272 123.272878 123.270367 123.267856 123.265345 123.264787 123.263113 123.260881 123.258649 123.256975 123.253348 123.251953 123.249345 123.248509 123.247114 123.244882 123.242929 123.241255 123.237907 123.237628 123.236791
123.408479 123.406805 123.404573 123.398436 123.395367 123.392298 123.386160 123.383928 123.374066 123.370161 123.368766 123.366813 123.363186 123.360675 123.359559 123.356211 123.353142 123.344772 123.342261 123.341982 123.336123 123.335565 123.331842 123.329331 123.327657 123.325704 123.324867 123.320961 123.318171 123.317334 123.315381 123.312591 123.308964 123.305616 123.303942 123.303105 123.301431 123.298084 123.296131 123.293062 123.292504 123.290733 123.289059 123.286827 123.284316 123.281805 123.280131 123.279294 123.277341 123.275109 123.273994 123.272320 123.270367 123.267298 123.266740 123.263392 123.261718 123.260044 123.259486 123.256138
0.000000 0.000000 0.000000 0.000000 0.000000 0.000000 0.000000 123.415733 123.413501 123.405968 123.400667 123.397878 123.395367 123.386439 123.381975 123.380022 123.379185 123.377511 123.374066 123.372114 123.366813 123.363744 123.360954 123.353979 123.352026 123.348399 123.345330 123.342819 123.340866 123.339471 123.337518 123.336123 123.333237 123.329610 123.326262 123.325983 123.324030 123.320682 123.318729 123.315660 123.314265 123.312033 123.311196 123.307290 123.305616 123.303942 123.301710 123.299200 123.297247 123.295015 123.294178 123.291946 123.289059 123.287943 123.286269 123.284595 123.282363 123.280131 123.279573 123.277620
0.000000 0.000000 0.000000 0.000000 0.000000 0.000000 0.000000 0.000000 0.000000 0.000000 0.000000 0.000000 0.000000 0.000000 0.000000 123.414617 123.409595 123.406526 123.398157 123.395646 123.392577 123.390066 123.387834 123.387276 123.384486 123.379743 123.375837 123.373509 123.370719 123.363465 123.360396 123.358443 123.354816 123.352584 123.350073 123.347841 123.344772 123.343098 123.341982 123.340587 123.338355 123.335007 123.331842 123.331563 123.328773 123.326262 123.323751 123.321519 123.319287 123.317055 123.315660 123.311754 123.309243 123.308685 123.306732 123.304500 123.302547 123.300873 123.299200 123.298363
0.000000 0.000000 0.000000 0.000000 0.000000 0.000000 0.000000 0.000000 0.000000 0.000000 0.000000 0.000000 0.000000 0.000000 0.000000 0.000000 0.000000 0.000000 0.000000 0.000000 0.000000 0.000000 0.000000 123.414338 123.407084 123.405131 123.402620 123.400667 123.397878 123.396204 123.393135 123.389508 123.384486 123.381696 123.378627 123.375558 123.370161 123.368487 123.365976 123.361512 123.359280 123.357606 123.355932 123.353979 123.351189 123.348678 123.346446 123.344493 123.343098 123.341424 123.336402 123.335565 123.333237 123.330447 123.327936 123.327099 123.325704 123.323472 123.320961 123.317892
0.000000 0.000000 0.000000 0.000000 0.000000 0.000000 0.000000 0.000000 0.000000 0.000000 0.000000 0.000000 0.000000 0.000000 0.000000 0.000000 0.000000 0.000000 0.000000 0.000000 0.000000 0.000000 0.000000 0.000000 0.000000 0.000000 0.000000 0.000000 0.000000 0.000000 0.000000 123.414617 123.411827 123.409037 123.406526 123.404294 123.401504 123.399551 123.395367 123.390903 123.388113 123.383370 123.379464 123.377511 123.375279 123.369882 123.367929 123.365697 123.364581 123.361791 123.359559 123.358722 123.355932 123.353421 123.351747 123.346725 123.345051 123.343656 123.341982 123.339750
0.000000 0.000000 0.000000 0.000000 0.000000 0.000000 0.000000 0.000000 0.000000 0.000000 0.000000 0.000000 0.000000 0.000000 0.000000 0.000000 0.000000 0.000000 0.000000 0.000000 0.000000 0.000000 0.000000 0.000000 0.000000 0.000000 0.000000 0.000000 0.000000 0.000000 0.000000 0.000000 0.000000 0.000000 0.000000 0.000000 0.000000 0.000000 0.000000 0.000000 123.416012 123.414338 123.412106 123.408200 123.402341 123.398994 123.395088 123.390624 123.388392 123.386718 123.383091 123.381696 123.378348 123.375279 123.373787 123.371277 123.369882 123.367650 123.365418 123.361791
0.000000 0.000000 0.000000 0.000000 0.000000 0.000000 0.000000 0.000000 0.000000 0.000000 0.000000 0.000000 0.000000 0.000000 0.000000 0.000000 0.000000 0.000000 0.000000 0.000000 0.000000 0.000000 0.000000 0.000000 0.000000 0.000000 0.000000 0.000000 0.000000 0.000000 0.000000 0.000000 0.000000 0.000000 0.000000 0.000000 0.000000 0.000000 0.000000 0.000000 0.000000 0.000000 0.000000 0.000000 0.000000 0.000000 0.000000 0.000000 0.000000 123.416012 123.411269 123.410432 123.402062 123.400109 123.397878 123.395646 123.392577 123.390903 123.388392 123.385602
