FireSTARR/test/constant/O1a_S060_A180_WD315_WS020/arrival.asc
ncols         742
nrows         96
xllcorner     426603.990666
yllcorner     12740455.311160
cellsize      100.000000
NODATA_value  0.000000
[rows 0 to 26 of 96, columns 120 to 179 of 742]
0.000000 0.000000 0.000000 0.000000 0.000000 0.000000 0.000000 0.000000 0.000000 0.000000 0.000000 0.000000 0.000000 0.000000 0.000000 0.000000 0.000000 0.000000 0.000000 0.000000 0.000000 0.000000 0.000000 0.000000 0.000000 0.000000 0.000000 0.000000 0.000000 0.000000 0.000000 0.000000 0.000000 0.000000 0.000000 0.000000 0.000000 0.000000 0.000000 0.000000 0.000000 0.000000 0.000000 0.000000 0.000000 0.000000 0.000000 0.000000 0.000000 0.000000 0.000000 0.000000 0.000000 0.000000 0.000000 0.000000 0.000000 0.000000 0.000000 0.000000
0.000000 0.000000 0.000000 0.000000 0.000000 0.000000 0.000000 0.000000 0.000000 0.000000 0.000000 0.000000 0.000000 0.000000 0.000000 0.000000 0.000000 0.000000 0.000000 0.000000 0.000000 0.000000 0.000000 0.000000 0.000000 0.000000 0.000000 0.000000 0.000000 0.000000 0.000000 0.000000 0.000000 0.000000 0.000000 0.000000 0.000000 0.000000 0.000000 0.000000 0.000000 0.000000 0.000000 0.000000 0.000000 0.000000 0.000000 0.000000 0.000000 0.000000 0.000000 0.000000 0.000000 0.000000 0.000000 0.000000 0.000000 0.000000 0.000000 0.000000
0.000000 0.000000 0.000000 0.000000 0.000000 0.000000 0.000000 0.000000 0.000000 0.000000 0.000000 0.000000 0.000000 0.000000 0.000000 0.000000 0.000000 0.000000 0.000000 0.000000 0.000000 0.000000 0.000000 0.000000 0.000000 0.000000 0.000000 0.000000 0.000000 0.000000 0.000000 0.000000 0.000000 0.000000 0.000000 0.000000 0.000000 0.000000 0.000000 0.000000 0.000000 0.000000 0.000000 0.000000 0.000000 0.000000 0.000000 0.000000 0.000000 0.000000 0.000000 0.000000 0.000000 0.000000 0.000000 0.000000 0.000000 0.000000 0.000000 0.000000
0.000000 0.000000 0.000000 0.000000 0.000000 0.000000 0.000000 0.000000 0.000000 0.000000 0.000000 0.000000 0.000000 0.000000 0.000000 0.000000 0.000000 0.000000 0.000000 0.000000 0.000000 0.000000 0.000000 0.000000 0.000000 0.000000 0.000000 0.000000 0.000000 0.000000 0.000000 0.000000 0.000000 0.000000 0.000000 0.000000 0.000000 0.000000 0.000000 0.000000 0.000000 0.000000 0.000000 0.000000 0.000000 0.000000 0.000000 0.000000 0.000000 0.000000 0.000000 0.000000 0.000000 0.000000 0.000000 0.000000 0.000000 0.000000 0.000000 0.000000
123.400388 123.402062 123.403736 123.405968 123.407363 123.409316 123.410990 123.412943 123.414896 123.416291 0.000000 0.000000 0.000000 0.000000 0.000000 0.000000 0.000000 0.000000 0.000000 0.000000 0.000000 0.000000 0.000000 0.000000 0.000000 0.000000 0.000000 0.000000 0.000000 0.000000 0.000000 0.000000 0.000000 0.000000 0.000000 0.000000 0.000000 0.000000 0.000000 0.000000 0.000000 0.000000 0.000000 0.000000 0.000000 0.000000 0.000000 0.000000 0.000000 0.000000 0.000000 0.000000 0.000000 0.000000 0.000000 0.000000 0.000000 0.000000 0.000000 0.000000
123.374903 123.376674 123.378348 123.380022 123.381417 123.383649 123.385323 123.386718 123.388671 123.390066 123.392019 123.393693 123.395088 123.397320 123.398994 123.400667 123.402062 123.403736 123.405410 123.407084 123.409316 123.410711 123.412106 123.414059 123.416012 0.000000 0.000000 0.000000 0.000000 0.000000 0.000000 0.000000 0.000000 0.000000 0.000000 0.000000 0.000000 0.000000 0.000000 0.000000 0.000000 0.000000 0.000000 0.000000 0.000000 0.000000 0.000000 0.000000 0.000000 0.000000 0.000000 0.000000 0.000000 0.000000 0.000000 0.000000 0.000000 0.000000 0.000000 0.000000
123.348957 123.350352 123.352584 123.354258 123.355653 123.357606 123.359559 123.361233 123.362628 123.364581 123.366813 123.368208 123.369603 123.371835 123.373509 123.375000 123.377232 123.378627 123.380301 123.382254 123.384207 123.385602 123.386997 123.389229 123.390345 123.392577 123.393972 123.395646 123.397599 123.399551 123.400946 123.402341 123.404573 123.406247 123.407921 123.409595 123.411827 123.413222 123.415175 0.000000 0.000000 0.000000 0.000000 0.000000 0.000000 0.000000 0.000000 0.000000 0.000000 0.000000 0.000000 0.000000 0.000000 0.000000 0.000000 0.000000 0.000000 0.000000 0.000000 0.000000
123.323751 123.325146 123.327378 123.329052 123.330447 123.332121 123.334170 123.335565 123.337797 123.339471 123.341145 123.342261 123.343935 123.345888 123.347841 123.349236 123.350631 123.352584 123.353979 123.355653 123.357885 123.359559 123.360954 123.362628 123.364860 123.366255 123.367929 123.369603 123.371835 123.373230 123.374624 123.376953 123.378627 123.380022 123.381696 123.383928 123.385602 123.386997 123.388950 123.390903 123.392298 123.393972 123.395925 123.397878 123.399272 123.400946 123.403178 123.404852 123.406526 123.408200 123.410153 123.412106 123.413501 123.415175 0.000000 0.000000 0.000000 0.000000 0.000000 0.000000
123.298084 123.299479 123.301152 123.302826 123.304221 123.306174 123.308127 123.309522 123.311196 123.313149 123.315102 123.316497 123.318171 123.320403 123.321798 123.323751 123.325425 123.327378 123.329331 123.330726 123.332400 123.334449 123.335844 123.337797 123.339750 123.341145 123.342819 123.345051 123.346725 123.348120 123.349794 123.352026 123.353421 123.355095 123.357048 123.359001 123.360396 123.361791 123.364023 123.365697 123.367371 123.369045 123.371277 123.372672 123.374066 123.376395 123.377790 123.379464 123.381696 123.383091 123.384765 123.386439 123.388671 123.390345 123.391740 123.393693 123.395646 123.397320 123.398715 123.400667
123.272041 123.273436 123.275667 123.277341 123.278736 123.280689 123.282642 123.284316 123.285711 123.287664 123.289617 123.291012 123.293341 123.294736 123.296689 123.298363 123.300315 123.301989 123.303663 123.305058 123.306732 123.308964 123.310638 123.312033 123.313986 123.315939 123.317613 123.319008 123.321240 123.322914 123.324309 123.325983 123.328215 123.329889 123.331284 123.333237 123.335286 123.336960 123.338355 123.340308 123.342261 123.343656 123.345330 123.347283 123.349236 123.350631 123.352305 123.354537 123.356211 123.357606 123.359280 123.361512 123.362907 123.364581 123.366534 123.368487 123.369882 123.371277 123.373509 123.375000
123.247114 123.248509 123.250558 123.252232 123.254185 123.256138 123.257533 123.259207 123.261439 123.263113 123.264508 123.266461 123.267856 123.269530 123.271762 123.273157 123.275109 123.276783 123.278736 123.280689 123.282084 123.283758 123.285990 123.287385 123.289059 123.290733 123.292504 123.294178 123.296410 123.298084 123.299757 123.301431 123.303384 123.305337 123.306732 123.308406 123.310638 123.312033 123.313707 123.315381 123.317613 123.319008 123.320403 123.322356 123.323751 123.325425 123.327378 123.329331 123.330726 123.332400 123.334449 123.336402 123.338076 123.340029 123.341982 123.343377 123.345051 123.347283 123.348678 123.350352
123.221725 123.223120 123.224794 123.227026 123.228421 123.230095 123.232048 123.234001 123.235396 123.236791 123.239023 123.240697 123.242371 123.244045 123.246277 123.247672 123.249066 123.251395 123.252790 123.254464 123.256696 123.258091 123.259765 123.261439 123.263671 123.265066 123.266461 123.268693 123.270367 123.272041 123.273436 123.275667 123.277341 123.278736 123.280689 123.282642 123.284316 123.285711 123.287664 123.289617 123.291291 123.293341 123.294736 123.296968 123.298363 123.300315 123.302268 123.303663 123.305337 123.307569 123.309243 123.310638 123.312312 123.314544 123.315939 123.317613 123.319566 123.321519 123.322914 123.324588
123.203494 123.204889 123.206284 123.208237 123.210286 123.211681 123.213355 123.215308 123.217261 123.218656 123.220330 123.222562 123.223957 123.225631 123.227305 123.229537 123.230932 123.232327 123.234559 123.236233 123.237907 123.239302 123.241534 123.243208 123.244882 123.246556 123.248787 123.250000 123.251953 123.253627 123.255301 123.256975 123.259207 123.260602 123.262834 123.264229 123.266182 123.268135 123.269530 123.271204 123.273436 123.275109 123.276504 123.278178 123.280410 123.281805 123.283479 123.285432 123.287385 123.288780 123.290454 123.292504 123.294457 123.296689 123.298084 123.299757 123.301989 123.303663 123.305058 123.306732
123.192334 123.194566 123.195961 123.197356 123.199588 123.201262 123.202936 123.204331 123.206842 123.208237 123.210007 123.211960 123.213355 123.214750 123.217261 123.218656 123.220330 123.222004 123.224236 123.225631 123.227026 123.228979 123.230932 123.232606 123.234001 123.236233 123.237907 123.239302 123.240976 123.243208 123.244882 123.246277 123.248230 123.250000 123.251674 123.253348 123.255301 123.257254 123.258649 123.260323 123.262555 123.263950 123.265624 123.267298 123.269530 123.271204 123.272599 123.274551 123.276504 123.277899 123.279573 123.281526 123.283479 123.284874 123.286548 123.288780 123.290454 123.291946 123.293899 123.295294
123.182011 123.183685 123.185917 123.187312 123.188707 123.190939 123.192613 123.194287 123.195682 123.197914 123.199588 123.201262 123.202936 123.205168 123.206563 123.207958 123.210286 123.211960 123.213355 123.215587 123.217261 123.219214 123.220609 123.222562 123.224794 123.226189 123.227584 123.229816 123.231490 123.233164 123.234559 123.237070 123.238465 123.240139 123.241813 123.244045 123.245440 123.246835 123.248787 123.250558 123.252232 123.254464 123.255859 123.257533 123.258928 123.260323 123.262276 123.263950 123.265345 123.267298 123.269251 123.270646 123.272320 123.274551 123.276225 123.277620 123.279294 123.281526 123.282921 123.284595
123.171968 123.173921 123.175315 123.176989 123.178942 123.180895 123.182290 123.183964 123.186196 123.187591 123.189823 123.191218 123.193171 123.195124 123.196519 123.198193 123.200425 123.202099 123.203494 123.205168 123.207400 123.208612 123.210844 123.212518 123.213913 123.215587 123.217819 123.219493 123.220888 123.222841 123.224794 123.226468 123.227863 123.229816 123.231769 123.233164 123.234838 123.237070 123.238744 123.240139 123.241813 123.244045 123.245440 123.247114 123.249066 123.250558 123.252232 123.254464 123.256138 123.257533 123.259486 123.261439 123.262834 123.264508 123.266461 123.268414 123.269809 123.271483 123.273715 123.275109
123.162106 123.163780 123.165175 123.167225 123.169178 123.170573 123.172526 123.174479 123.176152 123.177547 123.179779 123.181453 123.182848 123.184522 123.186754 123.188428 123.189823 123.191776 123.193729 123.195124 123.196798 123.198751 123.200704 123.202099 123.203773 123.206005 123.207679 123.209170 123.211123 123.212518 123.214192 123.216424 123.218098 123.219493 123.221167 123.223399 123.224794 123.226468 123.228421 123.230374 123.231769 123.233443 123.235396 123.237349 123.238744 123.240418 123.242650 123.244045 123.245719 123.247393 123.249624 123.251116 123.252511 123.254743 123.256417 123.257812 123.259486 123.261718 123.263392 123.264787
123.150667 123.152341 123.153736 123.155410 123.157921 123.159316 123.160711 123.162664 123.164617 123.166291 123.168062 123.169736 123.171131 123.173084 123.175036 123.176710 123.178105 123.180058 123.182011 123.183685 123.185080 123.187312 123.188986 123.190381 123.192055 123.194287 123.195961 123.197356 123.199309 123.201262 123.202657 123.204331 123.206284 123.208237 123.209728 123.211960 123.213355 123.215029 123.216703 123.218935 123.220330 123.221725 123.223957 123.225631 123.227305 123.228700 123.231211 123.232606 123.234280 123.235954 123.238186 123.239581 123.240976 123.242929 123.244882 123.246556 123.247951 123.250000 123.251953 123.253348
123.139787 123.141461 123.143693 123.145088 123.146483 123.148436 123.150388 123.152062 123.153457 123.155689 123.157363 123.158758 123.160432 123.162664 123.164338 123.165733 123.167783 123.169457 123.170852 123.173084 123.174757 123.176152 123.177826 123.180058 123.181732 123.183685 123.185359 123.187312 123.189265 123.190660 123.192334 123.194566 123.195961 123.197635 123.199309 123.201541 123.202936 123.204331 123.206563 123.208237 123.209728 123.211960 123.213355 123.215029 123.216982 123.218935 123.220330 123.221725 123.223957 123.225631 123.227305 123.228979 123.231211 123.232606 123.234838 123.236233 123.238186 123.240139 123.241534 123.243208
123.128906 123.130580 123.131975 123.134207 123.135881 123.137276 123.139229 123.141182 123.142856 123.144251 123.146204 123.148157 123.149551 123.151225 123.153457 123.155131 123.156526 123.158200 123.160432 123.162106 123.163501 123.165454 123.166946 123.168620 123.170852 123.172526 123.173921 123.175873 123.177826 123.179500 123.180895 123.182848 123.184801 123.186196 123.187870 123.190102 123.191776 123.193171 123.194845 123.197077 123.198472 123.200146 123.202099 123.204052 123.205447 123.206842 123.209170 123.211123 123.212518 123.214750 123.216424 123.218098 123.219493 123.221725 123.223399 123.225073 123.226747 123.228979 123.230374 123.231769
123.118487 123.120161 123.122393 123.123787 123.125279 123.127232 123.129185 123.130580 123.132254 123.134486 123.136160 123.137555 123.139229 123.141461 123.142856 123.144530 123.146483 123.148436 123.149830 123.151504 123.153457 123.155410 123.156805 123.158479 123.160711 123.162106 123.164338 123.165733 123.167783 123.169457 123.171131 123.172805 123.173642 123.175873 123.177547 123.179221 123.180616 123.183127 123.184522 123.186196 123.187870 123.190102 123.191776 123.193171 123.195124 123.197356 123.198751 123.200146 123.202099 123.204052 123.205726 123.207121 123.209170 123.211402 123.212797 123.214192 123.216424 123.218098 123.220051 123.221446
123.108164 123.109838 123.112070 123.113744 123.115139 123.117092 123.119045 123.120719 123.122672 123.124066 123.126395 123.127790 123.129743 123.131696 123.133091 123.134765 123.136718 123.138671 123.140066 123.141740 123.143972 123.145367 123.147041 123.148715 123.150946 123.152620 123.154015 123.155968 123.157921 123.159595 123.160990 123.162943 123.164896 123.166291 123.168341 123.170015 123.171968 123.173642 123.175594 123.177547 123.178942 123.180616 123.182848 123.184243 123.186196 123.187870 123.189823 123.191218 123.191776 123.192892 123.195124 123.196798 123.198193 123.199867 123.202099 123.203494 123.205168 123.207121 123.208612 123.210286
123.097562 123.098957 123.100631 123.102863 123.104258 123.105932 123.107606 123.109838 123.111233 123.112907 123.114860 123.116813 123.118208 123.119603 123.121835 123.123509 123.125000 123.127232 123.128627 123.130022 123.132254 123.134207 123.135602 123.137276 123.139508 123.140903 123.143135 123.144530 123.146483 123.148436 123.149830 123.151504 123.153736 123.155410 123.156805 123.158479 123.160711 123.162385 123.163780 123.165733 123.167225 123.168899 123.171131 123.172805 123.174200 123.176152 123.178105 123.179779 123.181174 123.183127 123.185080 123.186475 123.188149 123.190381 123.192055 123.193450 123.195124 123.197356 123.198751 123.200425
123.086960 123.088913 123.090308 123.091982 123.094214 123.095888 123.097283 123.098957 123.101189 123.102584 123.104258 123.106211 123.108164 123.109559 123.110954 123.113186 123.114860 123.116534 123.118208 123.120440 123.121835 123.123509 123.125279 123.127511 123.129464 123.130859 123.133091 123.134765 123.136439 123.137834 123.140345 123.141740 123.143135 123.145088 123.147041 123.148715 123.150109 123.152062 123.154015 123.155689 123.157084 123.159316 123.160990 123.162385 123.164059 123.166291 123.167504 123.169736 123.171410 123.173084 123.174479 123.176989 123.178384 123.179779 123.181732 123.183685 123.185359 123.186754 123.188707 123.190660
123.075983 123.077657 123.079331 123.081563 123.082958 123.084728 123.086681 123.088076 123.089750 123.091982 123.093377 123.095051 123.096725 123.098957 123.100352 123.102026 123.103979 123.105932 123.107327 123.108722 123.111233 123.112628 123.114302 123.115976 123.118208 123.119603 123.120998 123.122951 123.124903 123.126953 123.128348 123.130301 123.132254 123.133928 123.135323 123.137276 123.139229 123.140624 123.142298 123.144530 123.146204 123.147878 123.149551 123.151504 123.153457 123.154852 123.156526 123.158758 123.160432 123.161827 123.163501 123.165733 123.166946 123.169178 123.170852 123.172805 123.174200 123.176152 123.178105 123.179500
123.067334 123.067892 123.069008 123.070403 123.072356 123.074309 123.075983 123.077378 123.079331 123.081284 123.082958 123.085007 123.086402 123.087797 123.089750 123.091703 123.093377 123.094772 123.097004 123.098678 123.100073 123.101747 123.103979 123.105653 123.107048 123.109001 123.110954 123.112628 123.114023 123.115976 123.117929 123.119324 123.120998 123.123230 123.124903 123.126674 123.128348 123.130301 123.132254 123.133649 123.135044 123.137555 123.138950 123.140624 123.142298 123.144530 123.145925 123.147599 123.149272 123.151504 123.152899 123.154294 123.156526 123.158200 123.159874 123.161269 123.163780 123.165175 123.166570 123.168899
123.069287 123.068450 123.068450 123.069008 123.069566 123.070124 123.070682 123.071240 123.071798 123.072356 123.072914 123.074309 123.075983 123.077657 123.079610 123.081563 123.082958 123.085007 123.086681 123.088076 123.089750 123.091982 123.093377 123.095051 123.097004 123.098957 123.100352 123.102026 123.104258 123.105932 123.107327 123.109001 123.111233 123.112628 123.114302 123.115976 123.118208 123.119603 123.120998 123.123230 123.124903 123.126953 123.128348 123.130301 123.132254 123.133928 123.135323 123.137555 123.139229 123.140624 123.142298 123.144530 123.146204 123.147599 123.149551 123.151504 123.152899 123.154573 123.156526 123.158479
