FireSTARR/test/constant/O1a_S060_A180_WD315_WS020/arrival.asc
ncols         742
nrows         96
xllcorner     426603.990666
yllcorner     12740455.311160
cellsize      100.000000
NODATA_value  0.000000
[rows 54 to 80 of 96, columns 420 to 479 of 742]
123.282084 123.283758 123.285432 123.287664 123.289059 123.290454 123.292504 123.294178 123.295852 123.298084 123.299479 123.300873 123.303105 123.304779 123.306453 123.307848 123.310080 123.311754 123.313428 123.315102 123.317334 123.318729 123.320124 123.322077 123.324030 123.325704 123.327099 123.329331 123.331005 123.332400 123.334728 123.336123 123.337518 123.339750 123.341424 123.343377 123.344772 123.346725 123.348678 123.350352 123.351747 123.353979 123.355653 123.357327 123.358722 123.361233 123.362628 123.364023 123.365976 123.367929 123.369603 123.370998 123.372951 123.374903 123.376395 123.378627 123.380022 123.381417 123.383370 123.385323
123.271483 123.273436 123.274830 123.276225 123.278457 123.280131 123.281805 123.283479 123.285711 123.287106 123.289338 123.290733 123.292783 123.294178 123.296131 123.298084 123.299757 123.301152 123.303105 123.305058 123.306732 123.308127 123.310359 123.312033 123.313986 123.315381 123.317334 123.319287 123.320682 123.322356 123.324588 123.326262 123.327657 123.329331 123.331563 123.333237 123.335007 123.336681 123.338634 123.340029 123.341982 123.343935 123.345609 123.347004 123.349236 123.350910 123.352305 123.353979 123.356211 123.357885 123.359280 123.361233 123.362907 123.364023 123.365976 123.367929 123.369324 123.370998 123.373230 123.374624
123.260881 123.262276 123.264229 123.266182 123.267856 123.269251 123.271483 123.273157 123.274551 123.276225 123.278457 123.280131 123.281526 123.283479 123.285432 123.286827 123.288501 123.290454 123.291946 123.293899 123.295852 123.297526 123.298921 123.300873 123.302826 123.304221 123.305895 123.308127 123.309801 123.311196 123.312870 123.315102 123.316497 123.318171 123.320124 123.322077 123.323472 123.325146 123.327099 123.329052 123.330447 123.332121 123.333891 123.335565 123.337518 123.339471 123.340866 123.342540 123.344772 123.346446 123.347841 123.349515 123.351747 123.353142 123.354816 123.356769 123.358722 123.360117 123.361512 123.363744
123.250279 123.252511 123.254185 123.255580 123.257254 123.259486 123.261160 123.262555 123.264508 123.266461 123.267856 123.269530 123.271483 123.273436 123.274830 123.276504 123.278736 123.280131 123.281805 123.283479 123.285711 123.287106 123.288501 123.290733 123.292225 123.293899 123.296131 123.297526 123.299200 123.301152 123.303105 123.304500 123.305895 123.308127 123.309801 123.311475 123.313149 123.315381 123.316776 123.318450 123.320124 123.322356 123.323751 123.325146 123.327378 123.329052 123.330726 123.332121 123.334170 123.335565 123.337797 123.339471 123.341145 123.342540 123.344772 123.346446 123.348120 123.349794 123.352026 123.353421
123.239860 123.241534 123.242929 123.244603 123.246835 123.248509 123.249903 123.252232 123.253627 123.255301 123.257254 123.259207 123.260602 123.262276 123.264508 123.265903 123.267577 123.269251 123.271483 123.272878 123.274551 123.276504 123.278457 123.279852 123.281247 123.283758 123.285153 123.286827 123.288501 123.290733 123.291946 123.293899 123.295852 123.297247 123.298921 123.301152 123.302547 123.304221 123.305895 123.308127 123.309522 123.310917 123.313149 123.314823 123.316497 123.317892 123.320403 123.321798 123.323193 123.325146 123.327099 123.328773 123.330168 123.332400 123.333891 123.335565 123.337797 123.339192 123.340587 123.342540
123.236233 123.236791 123.237349 123.237907 123.238465 123.239023 123.239860 123.241255 123.242929 123.244882 123.246835 123.248230 123.249624 123.251953 123.253348 123.255301 123.257254 123.258649 123.260323 123.262276 123.264229 123.265624 123.267298 123.269530 123.270925 123.272878 123.274551 123.276504 123.278457 123.279852 123.281526 123.283758 123.285153 123.286827 123.288501 123.290733 123.291946 123.294178 123.295852 123.297247 123.298921 123.301152 123.302547 123.304221 123.306174 123.308127 123.309522 123.310917 123.313149 123.314823 123.316497 123.318171 123.320403 123.321798 123.323193 123.325146 123.327099 123.328773 123.330168 123.332400
123.243208 123.242650 123.241813 123.241534 123.240976 123.239860 123.239581 123.240139 123.240697 123.241255 123.241813 123.242371 123.242929 123.243487 123.244045 123.244882 123.246556 123.247951 123.249624 123.251953 123.253348 123.255022 123.256975 123.258928 123.260323 123.261718 123.263950 123.265624 123.267298 123.268972 123.271204 123.272599 123.274830 123.276225 123.278178 123.280410 123.281805 123.283479 123.285432 123.287385 123.288780 123.290175 123.292225 123.294736 123.296131 123.297526 123.299757 123.301431 123.303105 123.304500 123.306732 123.308406 123.309801 123.311754 123.313707 123.315381 123.316776 123.318729 123.320682 123.322077
123.254743 123.254185 123.253627 123.252790 123.251674 123.251116 123.250558 123.249624 123.248787 123.248230 123.247393 123.247114 123.246556 123.245719 123.244882 123.244603 123.245161 123.245719 123.246277 123.246835 123.247393 123.247951 123.248509 123.249066 123.249903 123.251674 123.253348 123.254743 123.256975 123.258649 123.260044 123.261718 123.263950 123.265624 123.267019 123.268972 123.270925 123.272320 123.273994 123.276225 123.277899 123.279294 123.280968 123.283200 123.284874 123.286269 123.288222 123.290454 123.291667 123.293620 123.295573 123.296968 123.298363 123.300873 123.302268 123.303942 123.305616 123.307848 123.309243 123.310638
123.265345 123.264508 123.263671 123.263392 123.262555 123.261718 123.261439 123.260602 123.260323 123.259765 123.259207 123.258370 123.257812 123.256696 123.256138 123.255580 123.254743 123.254185 123.253348 123.252790 123.251953 123.251395 123.250558 123.249903 123.249624 123.250279 123.250837 123.251395 123.251953 123.252511 123.253069 123.253627 123.254185 123.255022 123.256696 123.258091 123.260323 123.261997 123.263671 123.265066 123.267577 123.268972 123.270367 123.272320 123.274272 123.275946 123.277341 123.279573 123.281247 123.282642 123.284316 123.286548 123.288222 123.289617 123.291570 123.293620 123.295015 123.296410 123.298642 123.300315
123.277062 123.275946 123.275667 123.275388 123.274830 123.273157 123.272599 123.271762 123.270925 123.270367 123.269251 123.268693 123.268693 123.267298 123.266740 123.266461 123.265624 123.265345 123.264508 123.263950 123.263113 123.262276 123.261718 123.261160 123.260323 123.259765 123.258928 123.258370 123.257812 123.257254 123.256138 123.255859 123.255022 123.254743 123.255301 123.255859 123.256417 123.256975 123.257533 123.258091 123.258649 123.259207 123.260323 123.261718 123.263392 123.265345 123.267298 123.268693 123.270367 123.272320 123.274272 123.275667 123.277341 123.279573 123.280968 123.282642 123.284316 123.286548 123.287943 123.289338
123.287943 123.286827 123.286548 123.285990 123.285153 123.284316 123.283758 123.283479 123.282363 123.281805 123.281247 123.280968 123.280410 123.279573 123.277899 123.277341 123.276504 123.275946 123.275109 123.274551 123.273994 123.273157 123.272599 123.272041 123.271483 123.270646 123.270367 123.270088 123.268693 123.268135 123.267298 123.266740 123.265903 123.265066 123.264787 123.263950 123.263671 123.262834 123.262276 123.261160 123.261160 123.260044 123.259765 123.260323 123.260881 123.261439 123.261997 123.262555 123.263113 123.263671 123.264229 123.265345 123.267019 123.268414 123.270367 123.272599 123.273994 123.275946 123.277620 123.279573
123.301431 123.300594 123.300315 123.299200 123.297805 123.296410 123.295015 123.295015 123.293899 123.292783 123.292225 123.291570 123.291012 123.289896 123.289338 123.289059 123.288222 123.287385 123.286827 123.286269 123.285990 123.285153 123.283479 123.282921 123.282363 123.281526 123.280689 123.280131 123.279573 123.278736 123.278178 123.277620 123.276783 123.276504 123.275388 123.275667 123.274551 123.273715 123.273157 123.272599 123.271762 123.270646 123.270367 123.269809 123.269251 123.268693 123.267856 123.267298 123.266182 123.266182 123.265066 123.264787 123.265345 123.265903 123.266461 123.267019 123.267577 123.268135 123.268693 123.269251
123.315939 123.314265 123.312870 123.311196 123.310359 123.309522 123.308406 123.307848 123.307290 123.306732 123.306174 123.305058 123.303384 123.301989 123.301431 123.300036 123.300036 123.298642 123.297805 123.296968 123.296689 123.295852 123.295015 123.294457 123.294178 123.293341 123.292504 123.291946 123.291291 123.291012 123.289338 123.288501 123.287943 123.287385 123.286548 123.285711 123.285153 123.284316 123.283758 123.283479 123.282642 123.281805 123.280968 123.280968 123.280131 123.279294 123.278736 123.278178 123.277341 123.276504 123.275946 123.275388 123.274551 123.274272 123.273715 123.272878 123.272320 123.271204 123.271204 123.270088
123.334449 123.332679 123.330447 123.329331 123.328215 123.326541 123.324588 123.322914 123.321798 123.320124 123.317892 123.317334 123.316218 123.315381 123.313986 123.313428 123.312870 123.312312 123.310917 123.310359 123.309801 123.307569 123.307290 123.306453 123.305337 123.304221 123.303663 123.302826 123.302268 123.301431 123.300873 123.300036 123.299479 123.299479 123.298084 123.297805 123.296689 123.296410 123.295573 123.294178 123.293341 123.292783 123.292225 123.291291 123.291012 123.289896 123.289338 123.289059 123.288501 123.287943 123.286827 123.286269 123.285990 123.284874 123.284316 123.283758 123.283200 123.282084 123.281526 123.280968
123.353421 123.351747 123.349236 123.348120 123.346725 123.345051 123.343656 123.342540 123.340587 123.337518 123.337239 123.334728 123.334170 123.332400 123.330447 123.329331 123.327657 123.325704 123.323472 123.323193 123.321798 123.321240 123.319845 123.319008 123.318729 123.317892 123.316776 123.315939 123.313707 123.313428 123.312870 123.312312 123.311475 123.309801 123.309243 123.308685 123.308127 123.307290 123.306453 123.305895 123.305058 123.304779 123.303663 123.303105 123.302826 123.301710 123.301710 123.300036 123.299200 123.298642 123.297805 123.296968 123.296689 123.295852 123.295015 123.294736 123.294178 123.293341 123.292504 123.291946
123.369045 123.368208 123.366255 123.364581 123.364023 123.363186 123.362349 123.359838 123.357885 123.355653 123.354816 123.354537 123.352305 123.350631 123.349794 123.347283 123.345609 123.343656 123.342261 123.340029 123.339192 123.338634 123.336681 123.333612 123.332679 123.330726 123.329331 123.328215 123.328215 123.326820 123.325425 123.324588 123.324030 123.323193 123.322914 123.321798 123.319566 123.319008 123.318450 123.317892 123.317055 123.315660 123.314823 123.314544 123.313707 123.312870 123.312312 123.311475 123.310917 123.310080 123.309522 123.308685 123.308127 123.307848 123.307011 123.306453 123.305058 123.304221 123.303663 123.302547
123.388950 123.385881 123.385602 123.385044 123.382812 123.378906 123.378627 123.376674 123.374624 123.373787 123.371835 123.370440 123.369603 123.368766 123.368208 123.365418 123.364302 123.361512 123.360396 123.360675 123.359001 123.356211 123.353700 123.353700 123.352026 123.350352 123.347841 123.345609 123.345051 123.344214 123.342540 123.341424 123.338355 123.336402 123.335565 123.333891 123.332958 123.332121 123.331284 123.330447 123.329889 123.328773 123.328215 123.327378 123.326541 123.324867 123.324030 123.323193 123.322914 123.321240 123.320682 123.320124 123.319287 123.318729 123.317892 123.317055 123.316497 123.315939 123.315381 123.314265
123.405410 123.403457 123.402341 123.400667 123.398994 123.397320 123.395646 123.395088 123.393693 123.391740 123.391182 123.388392 123.385881 123.385602 123.384486 123.382254 123.380580 123.378906 123.376395 123.376116 123.375279 123.374903 123.372951 123.370998 123.369045 123.366813 123.366255 123.365418 123.363744 123.362070 123.360675 123.359559 123.357048 123.353421 123.352863 123.351189 123.350631 123.350073 123.348120 123.346725 123.344493 123.343098 123.341703 123.339750 123.338355 123.338076 123.336960 123.336123 123.335565 123.334728 123.334449 123.333237 123.331005 123.330447 123.329610 123.328773 123.328494 123.327099 123.326541 123.325704
0.000000 0.000000 0.000000 0.000000 0.000000 123.415175 123.414338 123.413222 123.410711 123.409316 123.407921 123.406247 123.404573 123.402899 123.401504 123.400667 123.398994 123.397320 123.396483 123.394530 123.392856 123.390903 123.389229 123.388113 123.385323 123.384765 123.383091 123.381417 123.381138 123.380022 123.378069 123.376953 123.374903 123.372951 123.371835 123.371277 123.369882 123.368487 123.365976 123.364023 123.361791 123.360396 123.358443 123.357606 123.356211 123.355932 123.353700 123.352305 123.350631 123.348678 123.347004 123.346167 123.344214 123.343656 123.342540 123.341703 123.341424 123.340308 123.340029 123.339192
0.000000 0.000000 0.000000 0.000000 0.000000 0.000000 0.000000 0.000000 0.000000 0.000000 0.000000 0.000000 0.000000 0.000000 0.000000 0.000000 0.000000 123.415175 123.412943 123.412106 123.411269 123.409316 123.407084 123.406526 123.404852 123.402899 123.401783 123.401783 123.399551 123.397320 123.395088 123.393414 123.392019 123.390345 123.389787 123.388392 123.386439 123.385602 123.384765 123.382533 123.380580 123.380022 123.377790 123.377511 123.375558 123.373509 123.370440 123.369882 123.368208 123.365976 123.364581 123.362628 123.362070 123.361512 123.359838 123.357885 123.355653 123.354258 123.352584 123.352026
0.000000 0.000000 0.000000 0.000000 0.000000 0.000000 0.000000 0.000000 0.000000 0.000000 0.000000 0.000000 0.000000 0.000000 0.000000 0.000000 0.000000 0.000000 0.000000 0.000000 0.000000 0.000000 0.000000 0.000000 0.000000 0.000000 0.000000 0.000000 123.416012 123.414617 123.412943 123.412106 123.411548 123.408758 123.407921 123.407084 123.403178 123.402899 123.401225 123.399272 123.396762 123.396204 123.394530 123.393972 123.393135 123.391461 123.390624 123.388671 123.386997 123.385323 123.384765 123.382812 123.380301 123.377790 123.377232 123.375279 123.373509 123.371835 123.370161 123.368487
0.000000 0.000000 0.000000 0.000000 0.000000 0.000000 0.000000 0.000000 0.000000 0.000000 0.000000 0.000000 0.000000 0.000000 0.000000 0.000000 0.000000 0.000000 0.000000 0.000000 0.000000 0.000000 0.000000 0.000000 0.000000 0.000000 0.000000 0.000000 0.000000 0.000000 0.000000 0.000000 0.000000 0.000000 0.000000 0.000000 0.000000 0.000000 0.000000 0.000000 123.416291 123.414338 123.413501 123.411827 123.409037 123.408200 123.406805 123.404852 123.402341 123.401504 123.400109 123.399551 123.398715 123.397041 123.396483 123.394530 123.392856 123.391740 123.390066 123.388671
0.000000 0.000000 0.000000 0.000000 0.000000 0.000000 0.000000 0.000000 0.000000 0.000000 0.000000 0.000000 0.000000 0.000000 0.000000 0.000000 0.000000 0.000000 0.000000 0.000000 0.000000 0.000000 0.000000 0.000000 0.000000 0.000000 0.000000 0.000000 0.000000 0.000000 0.000000 0.000000 0.000000 0.000000 0.000000 0.000000 0.000000 0.000000 0.000000 0.000000 0.000000 0.000000 0.000000 0.000000 0.000000 0.000000 0.000000 0.000000 0.000000 0.000000 0.000000 0.000000 123.414617 123.414617 123.412664 123.410711 123.409037 123.407642 123.407084 123.405131
0.000000 0.000000 0.000000 0.000000 0.000000 0.000000 0.000000 0.000000 0.000000 0.000000 0.000000 0.000000 0.000000 0.000000 0.000000 0.000000 0.000000 0.000000 0.000000 0.000000 0.000000 0.000000 0.000000 0.000000 0.000000 0.000000 0.000000 0.000000 0.000000 0.000000 0.000000 0.000000 0.000000 0.000000 0.000000 0.000000 0.000000 0.000000 0.000000 0.000000 0.000000 0.000000 0.000000 0.000000 0.000000 0.000000 0.000000 0.000000 0.000000 0.000000 0.000000 0.000000 0.000000 0.000000 0.000000 0.000000 0.000000 0.000000 0.000000 0.000000
0.000000 0.000000 0.000000 0.000000 0.000000 0.000000 0.000000 0.000000 0.000000 0.000000 0.000000 0.000000 0.000000 0.000000 0.000000 0.000000 0.000000 0.000000 0.000000 0.000000 0.000000 0.000000 0.000000 0.000000 0.000000 0.000000 0.000000 0.000000 0.000000 0.000000 0.000000 0.000000 0.000000 0.000000 0.000000 0.000000 0.000000 0.000000 0.000000 0.000000 0.000000 0.000000 0.000000 0.000000 0.000000 0.000000 0.000000 0.000000 0.000000 0.000000 0.000000 0.000000 0.000000 0.000000 0.000000 0.000000 0.000000 0.000000 0.000000 0.000000
0.000000 0.000000 0.000000 0.000000 0.000000 0.000000 0.000000 0.000000 0.000000 0.000000 0.000000 0.000000 0.000000 0.000000 0.000000 0.000000 0.000000 0.000000 0.000000 0.000000 0.000000 0.000000 0.000000 0.000000 0.000000 0.000000 0.000000 0.000000 0.000000 0.000000 0.000000 0.000000 0.000000 0.000000 0.000000 0.000000 0.000000 0.000000 0.000000 0.000000 0.000000 0.000000 0.000000 0.000000 0.000000 0.000000 0.000000 0.000000 0.000000 0.000000 0.000000 0.000000 0.000000 0.000000 0.000000 0.000000 0.000000 0.000000 0.000000 0.000000
0.000000 0.000000 0.000000 0.000000 0.000000 0.000000 0.000000 0.000000 0.000000 0.000000 0.000000 0.000000 0.000000 0.000000 0.000000 0.000000 0.000000 0.000000 0.000000 0.000000 0.000000 0.000000 0.000000 0.000000 0.000000 0.000000 0.000000 0.000000 0.000000 0.000000 0.000000 0.000000 0.000000 0.000000 0.000000 0.000000 0.000000 0.000000 0.000000 0.000000 0.000000 0.000000 0.000000 0.000000 0.000000 0.000000 0.000000 0.000000 0.000000 0.000000 0.000000 0.000000 0.000000 0.000000 0.000000 0.000000 0.000000 0.000000 0.000000 0.000000
