FireSTARR/test/constant/O1a_S060_A180_WD315_WS020/arrival.asc
ncols         742
nrows         96
xllcorner     426603.990666
yllcorner     12740455.311160
cellsize      100.000000
NODATA_value  0.000000
[rows 0 to 26 of 96, columns 60 to 119 of 742]
123.407921 123.408758 123.409595 123.411269 123.412943 123.413501 123.413501 123.415733 0.000000 0.000000 0.000000 0.000000 0.000000 0.000000 0.000000 0.000000 0.000000 0.000000 0.000000 0.000000 0.000000 0.000000 0.000000 0.000000 0.000000 0.000000 0.000000 0.000000 0.000000 0.000000 0.000000 0.000000 0.000000 0.000000 0.000000 0.000000 0.000000 0.000000 0.000000 0.000000 0.000000 0.000000 0.000000 0.000000 0.000000 0.000000 0.000000 0.000000 0.000000 0.000000 0.000000 0.000000 0.000000 0.000000 0.000000 0.000000 0.000000 0.000000 0.000000 0.000000
123.378348 123.378627 123.380580 123.381975 123.383649 123.385602 123.387555 123.388392 123.390624 123.392019 123.393414 123.395367 123.397320 123.398994 123.400388 123.402620 123.404294 123.405689 123.407363 123.408479 123.410432 123.411827 123.413222 123.415454 0.000000 0.000000 0.000000 0.000000 0.000000 0.000000 0.000000 0.000000 0.000000 0.000000 0.000000 0.000000 0.000000 0.000000 0.000000 0.000000 0.000000 0.000000 0.000000 0.000000 0.000000 0.000000 0.000000 0.000000 0.000000 0.000000 0.000000 0.000000 0.000000 0.000000 0.000000 0.000000 0.000000 0.000000 0.000000 0.000000
123.350631 123.352305 123.353700 123.355653 123.357606 123.359001 123.360675 123.362907 123.364581 123.366534 123.367929 123.367929 123.370161 123.371556 123.373230 123.375000 123.377232 123.378627 123.380580 123.382533 123.383928 123.385602 123.386997 123.389229 123.390624 123.392019 123.394251 123.395925 123.397599 123.398994 123.401225 123.402899 123.404294 123.406247 123.408200 123.409595 123.410990 123.412664 123.414338 123.416570 0.000000 0.000000 0.000000 0.000000 0.000000 0.000000 0.000000 0.000000 0.000000 0.000000 0.000000 0.000000 0.000000 0.000000 0.000000 0.000000 0.000000 0.000000 0.000000 0.000000
123.324867 123.326541 123.328215 123.328215 123.330168 123.331842 123.333237 123.335286 123.337239 123.338634 123.340308 123.342540 123.343935 123.345609 123.347283 123.349515 123.350910 123.352305 123.353979 123.355653 123.357048 123.358722 123.360117 123.362070 123.364023 123.365697 123.367650 123.369324 123.371277 123.373230 123.374624 123.376116 123.378069 123.379743 123.381138 123.383091 123.384486 123.385881 123.388113 123.389787 123.391461 123.393135 123.395367 123.396762 123.398157 123.400109 123.402062 123.403736 123.405131 123.407363 123.409037 123.410990 123.412385 123.414338 123.416291 0.000000 0.000000 0.000000 0.000000 0.000000
123.296968 123.298642 123.300594 123.302547 123.303942 123.305337 123.307569 123.309243 123.310917 123.312591 123.314823 123.316218 123.317334 123.319008 123.320682 123.322356 123.324588 123.325983 123.328215 123.329610 123.331563 123.333333 123.335007 123.336402 123.338355 123.340029 123.341424 123.343656 123.345330 123.346725 123.348399 123.350631 123.352305 123.353700 123.355653 123.357606 123.359001 123.360675 123.362628 123.364581 123.365976 123.367650 123.369882 123.371277 123.372951 123.374624 123.376395 123.378348 123.379743 123.381417 123.383649 123.385323 123.386718 123.388392 123.390624 123.391740 123.393414 123.395088 123.396483 123.398715
123.270925 123.272878 123.274830 123.276225 123.277620 123.279015 123.280689 123.282642 123.284595 123.285990 123.287664 123.289617 123.291570 123.293341 123.294736 123.296689 123.298642 123.300036 123.301710 123.303942 123.305616 123.307011 123.308685 123.310917 123.312312 123.313986 123.315939 123.317892 123.319287 123.320682 123.322914 123.324588 123.326262 123.327936 123.330168 123.331563 123.332958 123.335286 123.336960 123.338355 123.340587 123.342261 123.343935 123.345888 123.347004 123.348678 123.350352 123.352026 123.354258 123.355653 123.357048 123.359001 123.360954 123.362628 123.364023 123.366255 123.367929 123.369324 123.370998 123.373230
123.245161 123.246556 123.248787 123.250279 123.252511 123.253906 123.255580 123.257812 123.259486 123.261439 123.262834 123.264787 123.266740 123.268135 123.269809 123.271483 123.273436 123.274830 123.276783 123.278736 123.280131 123.281805 123.284037 123.285153 123.286827 123.288501 123.289896 123.291946 123.293341 123.295294 123.297247 123.298921 123.300315 123.302547 123.304221 123.305895 123.307290 123.309522 123.311196 123.312312 123.314265 123.315660 123.317055 123.319287 123.320961 123.322635 123.324309 123.326541 123.327936 123.330168 123.331563 123.333612 123.335844 123.337239 123.338634 123.340308 123.341982 123.343377 123.345609 123.347283
123.219493 123.220888 123.222841 123.224794 123.226189 123.227863 123.230095 123.231769 123.233722 123.234838 123.236512 123.237907 123.239860 123.241813 123.243487 123.245440 123.246835 123.249066 123.250558 123.252511 123.254464 123.255859 123.257533 123.259486 123.260602 123.262555 123.264229 123.265624 123.267577 123.269530 123.270925 123.272599 123.274551 123.275946 123.277620 123.279573 123.281526 123.282921 123.284595 123.286827 123.288222 123.290175 123.291667 123.293899 123.295573 123.297247 123.298642 123.301152 123.302547 123.303942 123.305895 123.307848 123.309522 123.310917 123.313149 123.315381 123.316776 123.318171 123.320124 123.322077
123.194287 123.195124 123.197077 123.198472 123.200146 123.202378 123.204052 123.205447 123.207121 123.208891 123.210286 123.211960 123.213634 123.215866 123.217261 123.218656 123.220888 123.222562 123.224236 123.225631 123.227863 123.229537 123.230932 123.232885 123.234838 123.236512 123.237907 123.239860 123.241813 123.243487 123.244882 123.247114 123.248787 123.250558 123.252232 123.254185 123.256138 123.257533 123.258928 123.261439 123.262834 123.264508 123.266182 123.268414 123.269809 123.271204 123.273157 123.275388 123.276783 123.278178 123.280410 123.282084 123.283758 123.285153 123.287664 123.289059 123.290454 123.292504 123.294178 123.295573
123.167783 123.169736 123.171131 123.172805 123.174479 123.176152 123.178384 123.179779 123.181174 123.183406 123.185080 123.187033 123.188428 123.190381 123.192334 123.194008 123.195403 123.197635 123.199309 123.200704 123.202378 123.204889 123.206284 123.207679 123.209728 123.211681 123.213355 123.215029 123.217261 123.218656 123.220051 123.221725 123.223678 123.225073 123.227026 123.228979 123.230653 123.232048 123.234280 123.235954 123.237349 123.239023 123.240697 123.242371 123.244045 123.246277 123.247672 123.249066 123.251116 123.252790 123.254464 123.256696 123.258091 123.259486 123.261439 123.263671 123.265066 123.266461 123.268693 123.270367
123.141740 123.143693 123.145646 123.147320 123.148715 123.150667 123.152620 123.154015 123.155689 123.157921 123.159595 123.160990 123.162664 123.164896 123.166570 123.168341 123.170015 123.171410 123.173084 123.175315 123.176989 123.178384 123.180337 123.182290 123.183964 123.185359 123.187312 123.189265 123.190660 123.192334 123.194566 123.196240 123.197635 123.199309 123.201541 123.202936 123.204610 123.206563 123.208333 123.210286 123.211681 123.213634 123.215587 123.216982 123.218656 123.220888 123.222562 123.223957 123.225631 123.227863 123.229537 123.230932 123.232885 123.234838 123.236233 123.237907 123.239860 123.241813 123.243208 123.244882
123.117092 123.118487 123.120161 123.122114 123.124066 123.125279 123.127511 123.128906 123.130580 123.132533 123.134486 123.135881 123.137276 123.139508 123.141182 123.142856 123.144530 123.146762 123.148157 123.149830 123.151504 123.153736 123.155131 123.156526 123.158758 123.160432 123.162106 123.163780 123.165733 123.167225 123.169178 123.171131 123.172805 123.174200 123.176152 123.178105 123.179500 123.181174 123.183406 123.185080 123.186475 123.188149 123.190381 123.191776 123.193450 123.195403 123.197356 123.198751 123.200425 123.202378 123.204331 123.205726 123.207400 123.209170 123.210844 123.212797 123.214750 123.216145 123.217819 123.220051
123.098399 123.099794 123.101468 123.103700 123.105095 123.106769 123.108722 123.110675 123.112070 123.113465 123.115976 123.117371 123.119045 123.120719 123.122951 123.124345 123.126116 123.128069 123.129464 123.131138 123.133370 123.134765 123.136439 123.138113 123.140345 123.141740 123.143135 123.145367 123.147041 123.148715 123.150109 123.152620 123.154015 123.155689 123.157363 123.159595 123.160990 123.162385 123.164338 123.166291 123.167783 123.170015 123.171410 123.173084 123.174757 123.176989 123.178384 123.179779 123.182011 123.183685 123.185638 123.187033 123.188986 123.190939 123.192613 123.194008 123.196240 123.197914 123.199588 123.200983
123.087797 123.089471 123.090866 123.092819 123.094772 123.096167 123.097841 123.100073 123.101747 123.103142 123.104816 123.107048 123.108443 123.110117 123.112070 123.114023 123.115418 123.117092 123.119324 123.120998 123.122393 123.124066 123.125837 123.127511 123.129464 123.131417 123.132812 123.134486 123.136718 123.138392 123.139787 123.141461 123.143693 123.145088 123.146762 123.148715 123.150667 123.152062 123.153457 123.155968 123.157363 123.159037 123.160711 123.162943 123.164338 123.165733 123.168062 123.169457 123.171131 123.173363 123.174757 123.176431 123.178105 123.180337 123.181732 123.183127 123.185359 123.187033 123.188986 123.190660
123.077378 123.078773 123.080447 123.082679 123.084170 123.085844 123.087518 123.089750 123.091145 123.092819 123.094493 123.096725 123.098120 123.099515 123.101747 123.103421 123.105095 123.106490 123.109001 123.110396 123.111791 123.113744 123.115697 123.117371 123.118766 123.120998 123.122672 123.124066 123.126395 123.127790 123.129185 123.131138 123.133091 123.134765 123.136160 123.138392 123.140066 123.141461 123.143135 123.145367 123.147041 123.148436 123.150388 123.152341 123.154015 123.155410 123.157642 123.159316 123.160711 123.162385 123.164617 123.166291 123.168062 123.169736 123.171689 123.173642 123.175036 123.176710 123.178942 123.180337
123.067055 123.068729 123.070682 123.072635 123.074030 123.075704 123.077936 123.079610 123.081005 123.082679 123.085007 123.086402 123.087797 123.089750 123.091703 123.093377 123.094772 123.097004 123.098678 123.100073 123.101747 123.103979 123.105653 123.107048 123.109001 123.110954 123.112349 123.114023 123.115976 123.117929 123.119324 123.120998 123.123230 123.124903 123.126395 123.128627 123.130022 123.131696 123.133649 123.135602 123.136997 123.138392 123.140903 123.142298 123.143972 123.145646 123.147878 123.149272 123.150667 123.152620 123.154573 123.156247 123.157642 123.159874 123.161548 123.162943 123.164617 123.166667 123.168341 123.170015
123.055895 123.057848 123.059522 123.060917 123.063149 123.064823 123.066218 123.067892 123.070124 123.071798 123.073193 123.075146 123.077099 123.078494 123.080168 123.082121 123.083612 123.085286 123.087518 123.089192 123.090587 123.092540 123.094493 123.095888 123.097562 123.099794 123.101468 123.102863 123.104537 123.106769 123.108164 123.109838 123.111791 123.114023 123.115418 123.116813 123.118766 123.120719 123.122393 123.123787 123.125837 123.128069 123.130022 123.131696 123.133649 123.135602 123.136997 123.138671 123.140903 123.142298 123.144530 123.145925 123.147878 123.149830 123.151225 123.152899 123.155131 123.156805 123.158200 123.159874
123.045294 123.046968 123.048921 123.050873 123.052268 123.053942 123.055895 123.057848 123.059243 123.060917 123.063149 123.064544 123.066218 123.067892 123.070124 123.071519 123.072914 123.075146 123.076820 123.078773 123.080168 123.082121 123.083891 123.085565 123.087797 123.089192 123.090866 123.092540 123.094772 123.096167 123.097562 123.099794 123.101468 123.103142 123.104537 123.106769 123.108443 123.110117 123.111791 123.114023 123.115418 123.116813 123.118766 123.120719 123.122393 123.123787 123.125837 123.127511 123.129185 123.131417 123.132812 123.134207 123.136439 123.138113 123.140066 123.141461 123.143414 123.145367 123.147041 123.148436
123.034595 123.036827 123.038222 123.039896 123.041667 123.043899 123.045294 123.047247 123.049479 123.050873 123.052268 123.054500 123.056174 123.057848 123.059243 123.061754 123.063149 123.064823 123.066497 123.068729 123.070124 123.071519 123.073472 123.075425 123.077099 123.078494 123.080726 123.082400 123.083891 123.086123 123.087518 123.088913 123.091145 123.092819 123.094493 123.095888 123.098399 123.099794 123.101189 123.103142 123.105095 123.106769 123.108164 123.110117 123.112070 123.113465 123.115139 123.117371 123.119045 123.120440 123.122114 123.124345 123.125837 123.127511 123.129464 123.131417 123.132812 123.134207 123.136439 123.138113
123.033479 123.034037 123.034595 123.035153 123.035711 123.036269 123.036827 123.037664 123.038222 123.039617 123.041667 123.043620 123.045015 123.046689 123.048921 123.050315 123.051989 123.053942 123.055895 123.057290 123.058685 123.060917 123.062591 123.064265 123.065939 123.068171 123.069566 123.071240 123.072914 123.075146 123.076541 123.077936 123.080168 123.081842 123.083333 123.085565 123.086960 123.088634 123.090587 123.092540 123.093935 123.095330 123.097562 123.099236 123.100910 123.102584 123.104816 123.106211 123.107606 123.109559 123.111512 123.113186 123.114581 123.116813 123.118487 123.119882 123.121556 123.123787 123.125000 123.127232
123.044178 123.043620 123.042225 123.041667 123.041012 123.039896 123.039896 123.038780 123.038222 123.038780 123.039338 123.039896 123.040454 123.041012 123.041570 123.041946 123.042504 123.043062 123.045294 123.046968 123.048363 123.050036 123.052268 123.053942 123.055337 123.057290 123.059243 123.060638 123.062312 123.064265 123.066218 123.067613 123.069287 123.071519 123.072914 123.074588 123.076262 123.078494 123.079889 123.081284 123.083612 123.085286 123.086960 123.088913 123.090866 123.092261 123.093935 123.096167 123.097562 123.099236 123.100910 123.103142 123.104537 123.106211 123.108164 123.110117 123.111512 123.112907 123.115418 123.116813
123.063149 123.060080 123.059522 123.057011 123.055058 123.053105 123.051431 123.050873 123.049757 123.048921 123.048921 123.047526 123.046968 123.045573 123.045294 123.044178 123.043341 123.043341 123.043620 123.044178 123.044736 123.045294 123.045852 123.046410 123.046968 123.047526 123.048084 123.050315 123.051989 123.053663 123.055058 123.057290 123.058964 123.060638 123.062312 123.064544 123.065939 123.067892 123.069566 123.071519 123.073472 123.074867 123.076541 123.078773 123.080168 123.082121 123.083612 123.085844 123.087518 123.089192 123.090587 123.093098 123.094493 123.095888 123.097841 123.099794 123.101468 123.102863 123.105095 123.106769
123.082958 123.082679 123.080447 123.078215 123.076262 123.074588 123.072635 123.069566 123.067613 123.065660 123.064265 123.062312 123.060359 123.058964 123.057011 123.056732 123.055895 123.054500 123.054221 123.053942 123.052547 123.051710 123.050594 123.050315 123.049479 123.048642 123.048363 123.048921 123.049479 123.050036 123.050594 123.051152 123.051710 123.052268 123.052826 123.053384 123.055058 123.057290 123.058685 123.060359 123.062312 123.064265 123.065660 123.067334 123.069287 123.071240 123.072635 123.074309 123.076541 123.077936 123.079610 123.081284 123.083333 123.085286 123.086681 123.088634 123.090587 123.091982 123.093656 123.095609
123.109280 123.105653 123.101189 123.098399 123.096446 123.095330 123.093656 123.092819 123.089471 123.087518 123.086123 123.083891 123.081284 123.079331 123.076820 123.075146 123.073193 123.071519 123.069845 123.068171 123.065102 123.063428 123.062870 123.062312 123.061475 123.060917 123.059801 123.059522 123.058127 123.057569 123.057011 123.056174 123.055058 123.054221 123.053384 123.053384 123.053942 123.054500 123.055058 123.055616 123.056174 123.056732 123.057290 123.057848 123.058685 123.060080 123.062312 123.063986 123.065381 123.067334 123.069287 123.070961 123.072914 123.074588 123.076541 123.078494 123.079889 123.081563 123.083612 123.085007
123.137555 123.135323 123.132812 123.128627 123.122114 123.120161 123.118487 123.115139 123.110117 123.108164 123.105932 123.103142 123.102305 123.100631 123.098399 123.096446 123.094772 123.092540 123.090308 123.089192 123.087518 123.083612 123.081284 123.080447 123.079052 123.077099 123.075983 123.073193 123.070961 123.069287 123.068450 123.067892 123.067613 123.066497 123.066218 123.064823 123.063986 123.063149 123.062033 123.061754 123.060638 123.060080 123.059243 123.058406 123.058406 123.058964 123.059522 123.060080 123.060638 123.061196 123.061754 123.062312 123.062870 123.063707 123.065381 123.067334 123.069287 123.070682 123.072077 123.074588
123.175315 123.166012 123.164059 123.162106 123.156526 123.153457 123.146483 123.143693 123.138113 123.136439 123.133649 123.131138 123.125558 123.124624 123.120161 123.117371 123.115418 123.112907 123.110954 123.109280 123.107885 123.105932 123.103979 123.102026 123.100073 123.098399 123.096446 123.093377 123.092819 123.090587 123.088634 123.087797 123.084449 123.082400 123.081842 123.079610 123.076820 123.075704 123.074309 123.073472 123.072914 123.072635 123.070961 123.070682 123.069845 123.069008 123.067892 123.066776 123.066497 123.065660 123.064823 123.063986 123.063428 123.063428 123.063986 123.064544 123.065102 123.065660 123.066218 123.066776
123.214471 123.207400 123.197356 123.195403 123.192055 123.188428 123.182569 123.175873 123.173642 123.169736 123.166012 123.160711 123.157921 123.151783 123.149272 123.144809 123.143135 123.140066 123.135881 123.133370 123.129743 123.126674 123.124066 123.122672 123.120161 123.118766 123.115418 123.114860 123.114023 123.111512 123.109838 123.107885 123.106490 123.103142 123.101468 123.100073 123.097562 123.096167 123.095330 123.093377 123.090866 123.088355 123.086960 123.085286 123.082958 123.080726 123.079889 123.079331 123.078494 123.077936 123.076541 123.076262 123.075425 123.074588 123.073751 123.072356 123.071798 123.071240 123.070682 123.069566
