FireSTARR/test/constant/O1a_S000_A270_WD270_WS000/arrival.asc
ncols         112
nrows         112
xllcorner     421103.990666
yllcorner     12743255.311160
cellsize      100.000000
NODATA_value  0.000000
[rows 75 to 99 of 112, columns 0 to 56 of 112]
0.000000 0.000000 0.000000 0.000000 0.000000 0.000000 0.000000 0.000000 123.412550 123.408795 123.401285 123.393775 123.386265 123.378755 123.370883 123.363373 123.355863 123.348353 123.340843 123.332972 123.325462 123.317952 123.310442 123.302932 123.295422 123.287550 123.280040 123.272530 123.265020 123.257510 123.249638 123.242128 123.234618 123.227108 123.219598 123.215843 123.207972 123.200462 123.196707 123.189197 123.185442 123.177932 123.174177 123.170422 123.166305 123.166305 123.162550 123.158795 123.158795 123.155040 123.151285 123.151285 123.147530 123.143775 123.143775 123.140020 123.143775
0.000000 0.000000 0.000000 0.000000 0.000000 0.000000 0.000000 0.000000 123.416305 123.408795 123.401285 123.393775 123.386265 123.378755 123.370883 123.363373 123.355863 123.348353 123.340843 123.333333 123.329217 123.321707 123.314197 123.306687 123.299177 123.291305 123.283795 123.276285 123.268775 123.261265 123.253755 123.245883 123.238373 123.230863 123.227108 123.219598 123.212088 123.207972 123.200462 123.196707 123.189197 123.185442 123.177932 123.177932 123.174177 123.170422 123.170422 123.166305 123.166305 123.162550 123.158795 123.158795 123.155040 123.151285 123.151285 123.147530 123.151285
0.000000 0.000000 0.000000 0.000000 0.000000 0.000000 0.000000 0.000000 0.000000 123.412550 123.405040 123.397530 123.390020 123.382510 123.374638 123.367128 123.359618 123.352108 123.344598 123.337088 123.329217 123.321707 123.314197 123.306687 123.299177 123.295422 123.287550 123.280040 123.272530 123.265020 123.257510 123.249638 123.242128 123.234618 123.227108 123.223353 123.219598 123.212088 123.207972 123.200462 123.196707 123.189197 123.185442 123.185442 123.181687 123.177932 123.177932 123.174177 123.174177 123.170422 123.166305 123.166305 123.162550 123.158795 123.158795 123.155040 123.158795
0.000000 0.000000 0.000000 0.000000 0.000000 0.000000 0.000000 0.000000 0.000000 123.416305 123.408795 123.401285 123.393775 123.386265 123.378755 123.370883 123.363373 123.355863 123.348353 123.340843 123.332972 123.325462 123.317952 123.314197 123.306687 123.299177 123.291305 123.283795 123.276285 123.268775 123.261265 123.253755 123.245883 123.238373 123.234618 123.227108 123.223353 123.219598 123.212088 123.207972 123.200462 123.196707 123.192952 123.192952 123.189197 123.185442 123.185442 123.181687 123.181687 123.177932 123.174177 123.170422 123.170422 123.166305 123.166305 123.162550 123.166305
0.000000 0.000000 0.000000 0.000000 0.000000 0.000000 0.000000 0.000000 0.000000 0.000000 123.412550 123.405040 123.397530 123.390020 123.382510 123.374638 123.367128 123.359618 123.352108 123.344598 123.337088 123.329217 123.325462 123.317952 123.310442 123.302932 123.295422 123.287550 123.280040 123.272530 123.265020 123.257510 123.249638 123.245883 123.238373 123.234618 123.230863 123.223353 123.215843 123.212088 123.207972 123.204217 123.200462 123.200462 123.196707 123.192952 123.192952 123.189197 123.189197 123.185442 123.181687 123.177932 123.177932 123.174177 123.174177 123.170422 123.170422
0.000000 0.000000 0.000000 0.000000 0.000000 0.000000 0.000000 0.000000 0.000000 0.000000 123.416305 123.408795 123.401285 123.393775 123.386265 123.378755 123.370883 123.363373 123.355863 123.348353 123.340843 123.333333 123.329217 123.321707 123.314197 123.306687 123.299177 123.291305 123.283795 123.276285 123.268775 123.261265 123.257510 123.249638 123.245883 123.238373 123.234618 123.227108 123.223353 123.219598 123.212088 123.208333 123.207972 123.207972 123.204217 123.200462 123.200462 123.196707 123.196707 123.192952 123.189197 123.185442 123.185442 123.181687 123.181687 123.177932 123.177932
0.000000 0.000000 0.000000 0.000000 0.000000 0.000000 0.000000 0.000000 0.000000 0.000000 0.000000 123.412550 123.405040 123.397530 123.390020 123.382510 123.374638 123.367128 123.359618 123.352108 123.344598 123.337088 123.329217 123.321707 123.314197 123.306687 123.299177 123.291667 123.287550 123.280040 123.272530 123.268775 123.261265 123.257510 123.249638 123.245883 123.238373 123.234618 123.230863 123.223353 123.219598 123.215843 123.215843 123.212088 123.212088 123.207972 123.207972 123.204217 123.204217 123.200462 123.196707 123.192952 123.192952 123.189197 123.189197 123.185442 123.185442
0.000000 0.000000 0.000000 0.000000 0.000000 0.000000 0.000000 0.000000 0.000000 0.000000 0.000000 123.416305 123.408795 123.401285 123.393775 123.386265 123.378755 123.370883 123.363373 123.355863 123.348353 123.340843 123.332972 123.325462 123.317952 123.310442 123.302932 123.299177 123.291305 123.283795 123.276285 123.272530 123.268775 123.261265 123.257510 123.249638 123.245883 123.238373 123.234618 123.230863 123.227108 123.223353 123.223353 123.219598 123.219598 123.215843 123.215843 123.212088 123.208333 123.207972 123.204217 123.200462 123.200462 123.196707 123.196707 123.192952 123.192952
0.000000 0.000000 0.000000 0.000000 0.000000 0.000000 0.000000 0.000000 0.000000 0.000000 0.000000 123.416667 123.412550 123.405040 123.397530 123.390020 123.382510 123.374638 123.367128 123.359618 123.352108 123.344598 123.337088 123.329217 123.321707 123.314197 123.310442 123.302932 123.295422 123.291305 123.283795 123.280040 123.272530 123.268775 123.261265 123.257510 123.249638 123.245883 123.238373 123.238373 123.234618 123.230863 123.230863 123.227108 123.227108 123.223353 123.223353 123.219598 123.215843 123.215843 123.212088 123.207972 123.207972 123.204217 123.204217 123.200462 123.200462
0.000000 0.000000 0.000000 0.000000 0.000000 0.000000 0.000000 0.000000 0.000000 0.000000 0.000000 0.000000 123.412550 123.405040 123.397530 123.390020 123.382510 123.378755 123.370883 123.363373 123.355863 123.348353 123.340843 123.332972 123.325462 123.317952 123.310442 123.306687 123.299177 123.295422 123.287550 123.283795 123.280040 123.272530 123.265020 123.261265 123.257510 123.249638 123.245883 123.245883 123.242128 123.238373 123.238373 123.234618 123.234618 123.230863 123.230863 123.227108 123.223353 123.223353 123.219598 123.215843 123.215843 123.212088 123.208333 123.207972 123.207972
0.000000 0.000000 0.000000 0.000000 0.000000 0.000000 0.000000 0.000000 0.000000 0.000000 0.000000 0.000000 123.416305 123.408795 123.401285 123.397530 123.390020 123.382510 123.374638 123.367128 123.359618 123.352108 123.344598 123.337088 123.329217 123.321707 123.317952 123.310442 123.306687 123.299177 123.295422 123.287550 123.283795 123.276285 123.272530 123.268775 123.261265 123.257510 123.253755 123.250000 123.249638 123.245883 123.245883 123.242128 123.242128 123.238373 123.238373 123.234618 123.230863 123.230863 123.227108 123.223353 123.223353 123.219598 123.215843 123.215843 123.215843
0.000000 0.000000 0.000000 0.000000 0.000000 0.000000 0.000000 0.000000 0.000000 0.000000 0.000000 0.000000 0.000000 123.412550 123.408795 123.401285 123.393775 123.386265 123.378755 123.370883 123.363373 123.355863 123.348353 123.340843 123.332972 123.329217 123.321707 123.317952 123.310442 123.306687 123.299177 123.295422 123.287550 123.283795 123.280040 123.272530 123.265020 123.265020 123.261265 123.257510 123.257510 123.253755 123.253755 123.249638 123.249638 123.245883 123.245883 123.242128 123.238373 123.238373 123.234618 123.230863 123.230863 123.227108 123.223353 123.223353 123.223353
0.000000 0.000000 0.000000 0.000000 0.000000 0.000000 0.000000 0.000000 0.000000 0.000000 0.000000 0.000000 0.000000 123.416667 123.412550 123.405040 123.397530 123.390020 123.382510 123.374638 123.367128 123.359618 123.352108 123.344598 123.340843 123.332972 123.329217 123.321707 123.317952 123.310442 123.306687 123.299177 123.295422 123.287550 123.283795 123.276285 123.272530 123.272530 123.268775 123.265020 123.265020 123.261265 123.261265 123.257510 123.257510 123.253755 123.250000 123.249638 123.245883 123.245883 123.242128 123.238373 123.238373 123.234618 123.230863 123.230863 123.230863
0.000000 0.000000 0.000000 0.000000 0.000000 0.000000 0.000000 0.000000 0.000000 0.000000 0.000000 0.000000 0.000000 0.000000 123.412550 123.405040 123.397530 123.390020 123.382510 123.375000 123.370883 123.363373 123.355863 123.348353 123.344598 123.337088 123.332972 123.329217 123.321707 123.317952 123.310442 123.306687 123.299177 123.295422 123.291305 123.283795 123.280040 123.280040 123.276285 123.272530 123.272530 123.268775 123.268775 123.265020 123.265020 123.261265 123.257510 123.257510 123.253755 123.253755 123.249638 123.245883 123.245883 123.242128 123.238373 123.238373 123.238373
0.000000 0.000000 0.000000 0.000000 0.000000 0.000000 0.000000 0.000000 0.000000 0.000000 0.000000 0.000000 0.000000 0.000000 123.416305 123.408795 123.401285 123.393775 123.386265 123.382510 123.374638 123.367128 123.359618 123.355863 123.348353 123.344598 123.337088 123.332972 123.325462 123.321707 123.317952 123.310442 123.306687 123.299177 123.295422 123.291305 123.287550 123.287550 123.283795 123.280040 123.280040 123.276285 123.276285 123.272530 123.272530 123.268775 123.265020 123.265020 123.261265 123.261265 123.257510 123.253755 123.250000 123.249638 123.245883 123.245883 123.245883
0.000000 0.000000 0.000000 0.000000 0.000000 0.000000 0.000000 0.000000 0.000000 0.000000 0.000000 0.000000 0.000000 0.000000 0.000000 123.412550 123.405040 123.397530 123.393775 123.386265 123.378755 123.370883 123.367128 123.359618 123.355863 123.348353 123.344598 123.337088 123.332972 123.329217 123.321707 123.317952 123.310442 123.306687 123.299177 123.299177 123.295422 123.291667 123.291305 123.287550 123.287550 123.283795 123.283795 123.280040 123.280040 123.276285 123.272530 123.272530 123.268775 123.268775 123.265020 123.261265 123.257510 123.257510 123.253755 123.253755 123.253755
0.000000 0.000000 0.000000 0.000000 0.000000 0.000000 0.000000 0.000000 0.000000 0.000000 0.000000 0.000000 0.000000 0.000000 0.000000 123.416305 123.408795 123.401285 123.393775 123.390020 123.382510 123.378755 123.370883 123.367128 123.359618 123.355863 123.348353 123.344598 123.340843 123.332972 123.329217 123.321707 123.317952 123.310442 123.306687 123.306687 123.302932 123.299177 123.299177 123.295422 123.295422 123.291305 123.291305 123.287550 123.287550 123.283795 123.280040 123.280040 123.276285 123.276285 123.272530 123.268775 123.265020 123.265020 123.261265 123.261265 123.261265
0.000000 0.000000 0.000000 0.000000 0.000000 0.000000 0.000000 0.000000 0.000000 0.000000 0.000000 0.000000 0.000000 0.000000 0.000000 0.000000 123.412550 123.405040 123.401285 123.393775 123.390020 123.382510 123.378755 123.370883 123.367128 123.359618 123.355863 123.348353 123.344598 123.340843 123.332972 123.329217 123.321707 123.317952 123.314197 123.314197 123.310442 123.306687 123.306687 123.302932 123.302932 123.299177 123.299177 123.295422 123.295422 123.291305 123.287550 123.287550 123.283795 123.283795 123.280040 123.276285 123.272530 123.272530 123.268775 123.268775 123.268775
0.000000 0.000000 0.000000 0.000000 0.000000 0.000000 0.000000 0.000000 0.000000 0.000000 0.000000 0.000000 0.000000 0.000000 0.000000 0.000000 123.416305 123.412550 123.405040 123.401285 123.393775 123.390020 123.382510 123.378755 123.370883 123.367128 123.359618 123.355863 123.348353 123.344598 123.337088 123.332972 123.325462 123.325462 123.321707 123.321707 123.317952 123.314197 123.314197 123.310442 123.310442 123.306687 123.306687 123.302932 123.302932 123.299177 123.295422 123.295422 123.291305 123.291305 123.287550 123.283795 123.280040 123.280040 123.276285 123.276285 123.276285
0.000000 0.000000 0.000000 0.000000 0.000000 0.000000 0.000000 0.000000 0.000000 0.000000 0.000000 0.000000 0.000000 0.000000 0.000000 0.000000 0.000000 123.416305 123.408795 123.405040 123.397530 123.393775 123.386265 123.382510 123.378755 123.370883 123.367128 123.359618 123.355863 123.348353 123.344598 123.337088 123.332972 123.332972 123.329217 123.329217 123.325462 123.321707 123.321707 123.317952 123.317952 123.314197 123.314197 123.310442 123.310442 123.306687 123.302932 123.302932 123.299177 123.295422 123.295422 123.291305 123.287550 123.287550 123.283795 123.283795 123.283795
0.000000 0.000000 0.000000 0.000000 0.000000 0.000000 0.000000 0.000000 0.000000 0.000000 0.000000 0.000000 0.000000 0.000000 0.000000 0.000000 0.000000 0.000000 123.416305 123.408795 123.405040 123.397530 123.393775 123.390020 123.382510 123.378755 123.370883 123.367128 123.359618 123.355863 123.348353 123.344598 123.340843 123.340843 123.337088 123.333333 123.332972 123.329217 123.329217 123.325462 123.325462 123.321707 123.321707 123.317952 123.317952 123.314197 123.310442 123.310442 123.306687 123.302932 123.302932 123.299177 123.295422 123.295422 123.291305 123.291305 123.291305
0.000000 0.000000 0.000000 0.000000 0.000000 0.000000 0.000000 0.000000 0.000000 0.000000 0.000000 0.000000 0.000000 0.000000 0.000000 0.000000 0.000000 0.000000 0.000000 123.416305 123.408795 123.405040 123.397530 123.393775 123.386265 123.382510 123.378755 123.370883 123.367128 123.359618 123.355863 123.352108 123.348353 123.348353 123.344598 123.340843 123.340843 123.337088 123.337088 123.332972 123.332972 123.329217 123.329217 123.325462 123.325462 123.321707 123.317952 123.317952 123.314197 123.310442 123.310442 123.306687 123.302932 123.302932 123.299177 123.299177 123.299177
0.000000 0.000000 0.000000 0.000000 0.000000 0.000000 0.000000 0.000000 0.000000 0.000000 0.000000 0.000000 0.000000 0.000000 0.000000 0.000000 0.000000 0.000000 0.000000 0.000000 123.416305 123.412550 123.405040 123.401285 123.393775 123.390020 123.382510 123.378755 123.370883 123.367128 123.359618 123.359618 123.355863 123.355863 123.352108 123.348353 123.348353 123.344598 123.344598 123.340843 123.340843 123.337088 123.337088 123.332972 123.332972 123.329217 123.325462 123.325462 123.321707 123.317952 123.317952 123.314197 123.310442 123.310442 123.306687 123.306687 123.306687
0.000000 0.000000 0.000000 0.000000 0.000000 0.000000 0.000000 0.000000 0.000000 0.000000 0.000000 0.000000 0.000000 0.000000 0.000000 0.000000 0.000000 0.000000 0.000000 0.000000 0.000000 123.416305 123.408795 123.405040 123.397530 123.393775 123.386265 123.382510 123.378755 123.370883 123.367128 123.367128 123.363373 123.363373 123.359618 123.355863 123.355863 123.352108 123.352108 123.348353 123.348353 123.344598 123.344598 123.340843 123.340843 123.337088 123.332972 123.332972 123.329217 123.325462 123.325462 123.321707 123.317952 123.317952 123.314197 123.314197 123.314197
0.000000 0.000000 0.000000 0.000000 0.000000 0.000000 0.000000 0.000000 0.000000 0.000000 0.000000 0.000000 0.000000 0.000000 0.000000 0.000000 0.000000 0.000000 0.000000 0.000000 0.000000 0.000000 123.416305 123.408795 123.405040 123.401285 123.393775 123.390020 123.382510 123.378755 123.374638 123.374638 123.370883 123.370883 123.367128 123.363373 123.363373 123.359618 123.359618 123.355863 123.355863 123.352108 123.352108 123.348353 123.348353 123.344598 123.340843 123.340843 123.337088 123.332972 123.332972 123.329217 123.325462 123.325462 123.321707 123.321707 123.321707
