FireSTARR/test/constant/O1a_S000_A270_WD270_WS000/arrival.asc
ncols         112
nrows         112
xllcorner     421103.990666
yllcorner     12743255.311160
cellsize      100.000000
NODATA_value  0.000000
[rows 0 to 24 of 112, columns 0 to 56 of 112]
0.000000 0.000000 0.000000 0.000000 0.000000 0.000000 0.000000 0.000000 0.000000 0.000000 0.000000 0.000000 0.000000 0.000000 0.000000 0.000000 0.000000 0.000000 0.000000 0.000000 0.000000 0.000000 0.000000 0.000000 0.000000 0.000000 0.000000 0.000000 0.000000 0.000000 0.000000 0.000000 0.000000 0.000000 0.000000 0.000000 0.000000 0.000000 0.000000 0.000000 0.000000 0.000000 0.000000 0.000000 0.000000 0.000000 0.000000 0.000000 0.000000 0.000000 0.000000 0.000000 0.000000 0.000000 0.000000 123.416667 0.000000
0.000000 0.000000 0.000000 0.000000 0.000000 0.000000 0.000000 0.000000 0.000000 0.000000 0.000000 0.000000 0.000000 0.000000 0.000000 0.000000 0.000000 0.000000 0.000000 0.000000 0.000000 0.000000 0.000000 0.000000 0.000000 0.000000 0.000000 0.000000 0.000000 0.000000 0.000000 0.000000 0.000000 0.000000 0.000000 0.000000 0.000000 0.000000 0.000000 0.000000 0.000000 0.000000 0.000000 0.000000 0.000000 0.000000 0.000000 0.000000 0.000000 0.000000 0.000000 0.000000 123.416305 123.416305 123.412550 123.412550 123.412550
0.000000 0.000000 0.000000 0.000000 0.000000 0.000000 0.000000 0.000000 0.000000 0.000000 0.000000 0.000000 0.000000 0.000000 0.000000 0.000000 0.000000 0.000000 0.000000 0.000000 0.000000 0.000000 0.000000 0.000000 0.000000 0.000000 0.000000 0.000000 0.000000 0.000000 0.000000 0.000000 0.000000 0.000000 0.000000 0.000000 0.000000 0.000000 0.000000 0.000000 0.000000 0.000000 0.000000 0.000000 0.000000 0.000000 0.000000 0.000000 0.000000 0.000000 123.416305 123.416305 123.408795 123.408795 123.405040 123.405040 123.405040
0.000000 0.000000 0.000000 0.000000 0.000000 0.000000 0.000000 0.000000 0.000000 0.000000 0.000000 0.000000 0.000000 0.000000 0.000000 0.000000 0.000000 0.000000 0.000000 0.000000 0.000000 0.000000 0.000000 0.000000 0.000000 0.000000 0.000000 0.000000 0.000000 0.000000 0.000000 0.000000 0.000000 0.000000 0.000000 0.000000 0.000000 0.000000 0.000000 0.000000 0.000000 0.000000 0.000000 0.000000 0.000000 0.000000 0.000000 123.416305 123.412550 123.412550 123.408795 123.408795 123.401285 123.401285 123.397530 123.397530 123.397530
0.000000 0.000000 0.000000 0.000000 0.000000 0.000000 0.000000 0.000000 0.000000 0.000000 0.000000 0.000000 0.000000 0.000000 0.000000 0.000000 0.000000 0.000000 0.000000 0.000000 0.000000 0.000000 0.000000 0.000000 0.000000 0.000000 0.000000 0.000000 0.000000 0.000000 0.000000 0.000000 0.000000 0.000000 0.000000 0.000000 0.000000 0.000000 0.000000 0.000000 0.000000 0.000000 0.000000 123.416305 123.416305 123.412550 123.412550 123.408795 123.405040 123.405040 123.401285 123.401285 123.393775 123.393775 123.390020 123.390020 123.390020
0.000000 0.000000 0.000000 0.000000 0.000000 0.000000 0.000000 0.000000 0.000000 0.000000 0.000000 0.000000 0.000000 0.000000 0.000000 0.000000 0.000000 0.000000 0.000000 0.000000 0.000000 0.000000 0.000000 0.000000 0.000000 0.000000 0.000000 0.000000 0.000000 0.000000 0.000000 0.000000 0.000000 0.000000 0.000000 0.000000 0.000000 0.000000 0.000000 0.000000 123.416305 123.412550 123.412550 123.408795 123.408795 123.405040 123.405040 123.401285 123.397530 123.397530 123.393775 123.393775 123.386265 123.386265 123.382510 123.382510 123.382510
0.000000 0.000000 0.000000 0.000000 0.000000 0.000000 0.000000 0.000000 0.000000 0.000000 0.000000 0.000000 0.000000 0.000000 0.000000 0.000000 0.000000 0.000000 0.000000 0.000000 0.000000 0.000000 0.000000 0.000000 0.000000 0.000000 0.000000 0.000000 0.000000 0.000000 0.000000 0.000000 0.000000 0.000000 0.000000 0.000000 0.000000 0.000000 123.416305 123.412550 123.408795 123.405040 123.405040 123.401285 123.401285 123.397530 123.397530 123.393775 123.390020 123.390020 123.386265 123.386265 123.378755 123.378755 123.374638 123.374638 123.374638
0.000000 0.000000 0.000000 0.000000 0.000000 0.000000 0.000000 0.000000 0.000000 0.000000 0.000000 0.000000 0.000000 0.000000 0.000000 0.000000 0.000000 0.000000 0.000000 0.000000 0.000000 0.000000 0.000000 0.000000 0.000000 0.000000 0.000000 0.000000 0.000000 0.000000 0.000000 0.000000 0.000000 0.000000 123.416305 123.416305 123.412550 123.412550 123.408795 123.405040 123.401285 123.397530 123.397530 123.393775 123.393775 123.390020 123.390020 123.386265 123.382510 123.382510 123.378755 123.378755 123.374638 123.370883 123.367128 123.367128 123.367128
0.000000 0.000000 0.000000 0.000000 0.000000 0.000000 0.000000 0.000000 0.000000 0.000000 0.000000 0.000000 0.000000 0.000000 0.000000 0.000000 0.000000 0.000000 0.000000 0.000000 0.000000 0.000000 0.000000 0.000000 0.000000 0.000000 0.000000 0.000000 0.000000 0.000000 0.000000 123.416667 123.416305 123.412550 123.408795 123.408795 123.405040 123.405040 123.401285 123.397530 123.393775 123.390020 123.390020 123.386265 123.386265 123.382510 123.382510 123.378755 123.374638 123.374638 123.370883 123.370883 123.367128 123.363373 123.359618 123.359618 123.359618
0.000000 0.000000 0.000000 0.000000 0.000000 0.000000 0.000000 0.000000 0.000000 0.000000 0.000000 0.000000 0.000000 0.000000 0.000000 0.000000 0.000000 0.000000 0.000000 0.000000 0.000000 0.000000 0.000000 0.000000 0.000000 0.000000 0.000000 0.000000 123.416305 123.416305 123.412550 123.412550 123.408795 123.405040 123.401285 123.401285 123.397530 123.397530 123.393775 123.390020 123.386265 123.382510 123.382510 123.378755 123.378755 123.374638 123.374638 123.370883 123.367128 123.367128 123.363373 123.363373 123.359618 123.355863 123.352108 123.352108 123.352108
0.000000 0.000000 0.000000 0.000000 0.000000 0.000000 0.000000 0.000000 0.000000 0.000000 0.000000 0.000000 0.000000 0.000000 0.000000 0.000000 0.000000 0.000000 0.000000 0.000000 0.000000 0.000000 0.000000 0.000000 0.000000 0.000000 123.416667 123.412550 123.408795 123.408795 123.405040 123.405040 123.401285 123.397530 123.393775 123.393775 123.390020 123.390020 123.386265 123.382510 123.378755 123.375000 123.374638 123.374638 123.370883 123.367128 123.367128 123.363373 123.359618 123.359618 123.355863 123.355863 123.352108 123.348353 123.344598 123.344598 123.344598
0.000000 0.000000 0.000000 0.000000 0.000000 0.000000 0.000000 0.000000 0.000000 0.000000 0.000000 0.000000 0.000000 0.000000 0.000000 0.000000 0.000000 0.000000 0.000000 0.000000 0.000000 0.000000 0.000000 0.000000 0.000000 123.416305 123.412550 123.408795 123.401285 123.401285 123.397530 123.397530 123.393775 123.390020 123.386265 123.386265 123.382510 123.382510 123.378755 123.374638 123.370883 123.370883 123.367128 123.367128 123.363373 123.359618 123.359618 123.355863 123.352108 123.352108 123.348353 123.348353 123.344598 123.340843 123.337088 123.337088 123.337088
0.000000 0.000000 0.000000 0.000000 0.000000 0.000000 0.000000 0.000000 0.000000 0.000000 0.000000 0.000000 0.000000 0.000000 0.000000 0.000000 0.000000 0.000000 0.000000 0.000000 0.000000 0.000000 0.000000 123.416667 123.416305 123.408795 123.405040 123.401285 123.397530 123.393775 123.390020 123.390020 123.386265 123.382510 123.378755 123.378755 123.374638 123.374638 123.370883 123.367128 123.363373 123.363373 123.359618 123.359618 123.355863 123.352108 123.352108 123.348353 123.344598 123.344598 123.340843 123.340843 123.337088 123.332972 123.329217 123.329217 123.329217
0.000000 0.000000 0.000000 0.000000 0.000000 0.000000 0.000000 0.000000 0.000000 0.000000 0.000000 0.000000 0.000000 0.000000 0.000000 0.000000 0.000000 0.000000 0.000000 0.000000 0.000000 0.000000 123.416305 123.412550 123.408795 123.401285 123.401285 123.393775 123.390020 123.386265 123.382510 123.382510 123.378755 123.374638 123.370883 123.370883 123.367128 123.367128 123.363373 123.359618 123.355863 123.355863 123.352108 123.352108 123.348353 123.344598 123.344598 123.340843 123.337088 123.337088 123.332972 123.332972 123.329217 123.325462 123.321707 123.321707 123.321707
0.000000 0.000000 0.000000 0.000000 0.000000 0.000000 0.000000 0.000000 0.000000 0.000000 0.000000 0.000000 0.000000 0.000000 0.000000 0.000000 0.000000 0.000000 0.000000 0.000000 0.000000 123.416305 123.412550 123.405040 123.401285 123.397530 123.393775 123.390020 123.382510 123.378755 123.374638 123.374638 123.370883 123.367128 123.363373 123.363373 123.359618 123.359618 123.355863 123.352108 123.348353 123.348353 123.344598 123.344598 123.340843 123.337088 123.337088 123.332972 123.329217 123.329217 123.325462 123.325462 123.321707 123.317952 123.314197 123.314197 123.314197
0.000000 0.000000 0.000000 0.000000 0.000000 0.000000 0.000000 0.000000 0.000000 0.000000 0.000000 0.000000 0.000000 0.000000 0.000000 0.000000 0.000000 0.000000 0.000000 0.000000 123.416305 123.408795 123.405040 123.401285 123.393775 123.390020 123.386265 123.382510 123.378755 123.374638 123.367128 123.367128 123.363373 123.359618 123.355863 123.355863 123.352108 123.352108 123.348353 123.344598 123.340843 123.340843 123.337088 123.337088 123.332972 123.332972 123.329217 123.325462 123.321707 123.321707 123.317952 123.317952 123.314197 123.310442 123.306687 123.306687 123.306687
0.000000 0.000000 0.000000 0.000000 0.000000 0.000000 0.000000 0.000000 0.000000 0.000000 0.000000 0.000000 0.000000 0.000000 0.000000 0.000000 0.000000 0.000000 0.000000 123.416305 123.408795 123.405040 123.397530 123.393775 123.390020 123.382510 123.378755 123.374638 123.370883 123.367128 123.359618 123.359618 123.355863 123.352108 123.348353 123.348353 123.344598 123.344598 123.340843 123.337088 123.332972 123.332972 123.329217 123.329217 123.325462 123.325462 123.321707 123.317952 123.314197 123.314197 123.310442 123.310442 123.306687 123.302932 123.299177 123.299177 123.299177
0.000000 0.000000 0.000000 0.000000 0.000000 0.000000 0.000000 0.000000 0.000000 0.000000 0.000000 0.000000 0.000000 0.000000 0.000000 0.000000 0.000000 0.000000 123.416305 123.408795 123.405040 123.397530 123.393775 123.386265 123.382510 123.378755 123.374638 123.367128 123.367128 123.363373 123.355863 123.352108 123.348353 123.344598 123.340843 123.340843 123.337088 123.337088 123.332972 123.329217 123.325462 123.325462 123.321707 123.321707 123.317952 123.317952 123.314197 123.310442 123.306687 123.306687 123.302932 123.302932 123.299177 123.295422 123.291305 123.291305 123.291305
0.000000 0.000000 0.000000 0.000000 0.000000 0.000000 0.000000 0.000000 0.000000 0.000000 0.000000 0.000000 0.000000 0.000000 0.000000 0.000000 0.000000 123.416305 123.408795 123.405040 123.397530 123.393775 123.386265 123.382510 123.375000 123.370883 123.367128 123.359618 123.359618 123.355863 123.348353 123.344598 123.340843 123.337088 123.333333 123.332972 123.332972 123.329217 123.325462 123.321707 123.317952 123.317952 123.314197 123.314197 123.310442 123.310442 123.306687 123.302932 123.299177 123.299177 123.295422 123.295422 123.291305 123.287550 123.283795 123.283795 123.283795
0.000000 0.000000 0.000000 0.000000 0.000000 0.000000 0.000000 0.000000 0.000000 0.000000 0.000000 0.000000 0.000000 0.000000 0.000000 0.000000 123.416305 123.412550 123.405040 123.397530 123.393775 123.386265 123.382510 123.374638 123.370883 123.363373 123.363373 123.355863 123.352108 123.348353 123.344598 123.340843 123.332972 123.329217 123.329217 123.325462 123.325462 123.321707 123.317952 123.314197 123.310442 123.310442 123.306687 123.306687 123.302932 123.302932 123.299177 123.295422 123.291305 123.291305 123.287550 123.287550 123.283795 123.280040 123.276285 123.276285 123.276285
0.000000 0.000000 0.000000 0.000000 0.000000 0.000000 0.000000 0.000000 0.000000 0.000000 0.000000 0.000000 0.000000 0.000000 0.000000 0.000000 123.412550 123.405040 123.401285 123.393775 123.386265 123.382510 123.375000 123.370883 123.367128 123.359618 123.355863 123.352108 123.344598 123.340843 123.340843 123.332972 123.329217 123.321707 123.321707 123.317952 123.317952 123.314197 123.310442 123.306687 123.302932 123.302932 123.299177 123.299177 123.295422 123.295422 123.291305 123.287550 123.283795 123.283795 123.280040 123.280040 123.276285 123.272530 123.268775 123.268775 123.268775
0.000000 0.000000 0.000000 0.000000 0.000000 0.000000 0.000000 0.000000 0.000000 0.000000 0.000000 0.000000 0.000000 0.000000 0.000000 123.416305 123.408795 123.401285 123.393775 123.390020 123.382510 123.374638 123.370883 123.363373 123.359618 123.355863 123.348353 123.344598 123.340843 123.333333 123.332972 123.329217 123.321707 123.317952 123.314197 123.310442 123.310442 123.306687 123.302932 123.299177 123.295422 123.295422 123.291305 123.291305 123.287550 123.287550 123.283795 123.280040 123.276285 123.276285 123.272530 123.272530 123.268775 123.265020 123.261265 123.261265 123.261265
0.000000 0.000000 0.000000 0.000000 0.000000 0.000000 0.000000 0.000000 0.000000 0.000000 0.000000 0.000000 0.000000 0.000000 0.000000 123.412550 123.405040 123.397530 123.390020 123.382510 123.378755 123.370883 123.367128 123.359618 123.355863 123.348353 123.344598 123.337088 123.332972 123.329217 123.325462 123.321707 123.317952 123.314197 123.306687 123.302932 123.302932 123.299177 123.295422 123.291305 123.291305 123.287550 123.283795 123.283795 123.280040 123.280040 123.276285 123.272530 123.268775 123.268775 123.265020 123.265020 123.261265 123.257510 123.253755 123.253755 123.253755
0.000000 0.000000 0.000000 0.000000 0.000000 0.000000 0.000000 0.000000 0.000000 0.000000 0.000000 0.000000 0.000000 0.000000 123.416667 123.412550 123.405040 123.397530 123.390020 123.382510 123.374638 123.367128 123.359618 123.355863 123.348353 123.344598 123.337088 123.332972 123.325462 123.321707 123.317952 123.314197 123.310442 123.306687 123.299177 123.295422 123.295422 123.291305 123.287550 123.283795 123.283795 123.280040 123.276285 123.276285 123.272530 123.272530 123.268775 123.265020 123.261265 123.261265 123.257510 123.257510 123.253755 123.249638 123.245883 123.245883 123.245883
0.000000 0.000000 0.000000 0.000000 0.000000 0.000000 0.000000 0.000000 0.000000 0.000000 0.000000 0.000000 0.000000 0.000000 123.416305 123.408795 123.401285 123.393775 123.386265 123.378755 123.370883 123.363373 123.355863 123.348353 123.344598 123.337088 123.332972 123.329217 123.321707 123.317952 123.310442 123.306687 123.302932 123.302932 123.295422 123.291305 123.287550 123.283795 123.280040 123.276285 123.276285 123.272530 123.268775 123.268775 123.265020 123.265020 123.261265 123.257510 123.253755 123.253755 123.249638 123.249638 123.245883 123.242128 123.238373 123.238373 123.238373
