FireSTARR/test/constant/O1a_S000_A270_WD270_WS000/arrival.asc
ncols         112
nrows         112
xllcorner     421103.990666
yllcorner     12743255.311160
cellsize      100.000000
NODATA_value  0.000000
[rows 50 to 74 of 112, columns 0 to 56 of 112]
0.000000 0.000000 123.416305 123.408795 123.401285 123.393775 123.386265 123.378755 123.370883 123.363373 123.355863 123.348353 123.340843 123.332972 123.325462 123.317952 123.310442 123.302932 123.295422 123.287550 123.280040 123.272530 123.265020 123.257510 123.249638 123.242128 123.234618 123.227108 123.219598 123.212088 123.204217 123.196707 123.189197 123.181687 123.174177 123.166305 123.158795 123.151285 123.143775 123.136265 123.128755 123.124638 123.117128 123.109618 123.102108 123.094598 123.087088 123.079217 123.071707 123.064197 123.056687 123.052932 123.049177 123.045422 123.045422 123.041305 123.045422
0.000000 0.000000 123.412550 123.405040 123.397530 123.390020 123.382510 123.374638 123.367128 123.359618 123.352108 123.344598 123.337088 123.329217 123.321707 123.314197 123.306687 123.299177 123.291305 123.283795 123.276285 123.268775 123.261265 123.253755 123.245883 123.238373 123.230863 123.223353 123.215843 123.208333 123.204217 123.196707 123.189197 123.181687 123.174177 123.166305 123.158795 123.151285 123.143775 123.136265 123.128755 123.120883 123.113373 123.105863 123.098353 123.090843 123.082972 123.075462 123.067952 123.060442 123.052932 123.045422 123.041305 123.041305 123.037550 123.033795 123.037550
0.000000 123.416305 123.408795 123.401285 123.393775 123.386265 123.378755 123.370883 123.363373 123.355863 123.348353 123.340843 123.332972 123.325462 123.317952 123.310442 123.302932 123.295422 123.287550 123.280040 123.272530 123.265020 123.257510 123.249638 123.242128 123.234618 123.227108 123.219598 123.212088 123.204217 123.196707 123.189197 123.181687 123.174177 123.166667 123.162550 123.155040 123.147530 123.140020 123.132510 123.124638 123.117128 123.109618 123.102108 123.094598 123.087088 123.079217 123.071707 123.064197 123.056687 123.049177 123.041305 123.033795 123.033795 123.030040 123.026285 123.030040
0.000000 123.412550 123.405040 123.397530 123.390020 123.382510 123.374638 123.367128 123.359618 123.352108 123.344598 123.337088 123.329217 123.321707 123.314197 123.306687 123.299177 123.291305 123.283795 123.276285 123.268775 123.261265 123.253755 123.245883 123.238373 123.230863 123.223353 123.215843 123.207972 123.200462 123.192952 123.185442 123.177932 123.170422 123.162550 123.155040 123.147530 123.140020 123.132510 123.125000 123.120883 123.113373 123.105863 123.098353 123.090843 123.082972 123.075462 123.067952 123.060442 123.052932 123.045422 123.037550 123.030040 123.026285 123.022530 123.018775 123.022530
123.416305 123.408795 123.401285 123.393775 123.386265 123.378755 123.370883 123.363373 123.355863 123.348353 123.340843 123.332972 123.325462 123.317952 123.310442 123.302932 123.295422 123.287550 123.280040 123.272530 123.265020 123.257510 123.249638 123.242128 123.234618 123.227108 123.219598 123.212088 123.207972 123.200462 123.192952 123.185442 123.177932 123.170422 123.162550 123.155040 123.147530 123.140020 123.132510 123.124638 123.117128 123.109618 123.102108 123.094598 123.087088 123.079217 123.071707 123.064197 123.056687 123.049177 123.041305 123.033795 123.026285 123.018775 123.015020 123.011265 123.015020
123.412550 123.405040 123.397530 123.390020 123.382510 123.374638 123.367128 123.359618 123.352108 123.344598 123.337088 123.329217 123.321707 123.314197 123.306687 123.299177 123.291305 123.283795 123.276285 123.268775 123.261265 123.253755 123.245883 123.238373 123.230863 123.223353 123.215843 123.207972 123.200462 123.192952 123.185442 123.177932 123.170422 123.166305 123.158795 123.151285 123.143775 123.136265 123.128755 123.120883 123.113373 123.105863 123.098353 123.090843 123.082972 123.075462 123.067952 123.060442 123.052932 123.045422 123.037550 123.030040 123.022530 123.015020 123.007510 123.003755 123.007510
123.412550 123.405040 123.397530 123.390020 123.382510 123.374638 123.367128 123.359618 123.352108 123.344598 123.337088 123.329217 123.321707 123.314197 123.306687 123.299177 123.291305 123.283795 123.276285 123.268775 123.261265 123.253755 123.245883 123.238373 123.230863 123.223353 123.215843 123.207972 123.200462 123.192952 123.185442 123.177932 123.170422 123.162550 123.155040 123.147530 123.140020 123.132510 123.124638 123.117128 123.109618 123.102108 123.094598 123.087088 123.082972 123.075462 123.067952 123.060442 123.052932 123.045422 123.037550 123.030040 123.022530 123.015020 123.007510 123.000000 123.003755
123.412550 123.405040 123.397530 123.390020 123.382510 123.374638 123.367128 123.359618 123.352108 123.344598 123.337088 123.329217 123.321707 123.314197 123.306687 123.299177 123.291305 123.283795 123.276285 123.268775 123.261265 123.253755 123.245883 123.238373 123.230863 123.223353 123.215843 123.208333 123.204217 123.196707 123.189197 123.181687 123.174177 123.166305 123.158795 123.151285 123.143775 123.136265 123.128755 123.120883 123.113373 123.105863 123.098353 123.090843 123.082972 123.075462 123.067952 123.060442 123.052932 123.045422 123.037550 123.030040 123.022530 123.015020 123.007510 123.007510 123.007510
123.416305 123.408795 123.401285 123.393775 123.386265 123.378755 123.370883 123.363373 123.355863 123.348353 123.340843 123.332972 123.325462 123.317952 123.310442 123.302932 123.295422 123.287550 123.280040 123.272530 123.265020 123.257510 123.249638 123.242128 123.234618 123.227108 123.219598 123.212088 123.204217 123.196707 123.189197 123.181687 123.174177 123.166305 123.158795 123.151285 123.143775 123.136265 123.128755 123.124638 123.117128 123.109618 123.102108 123.094598 123.087088 123.079217 123.071707 123.064197 123.056687 123.049177 123.041305 123.033795 123.026285 123.018775 123.015020 123.015020 123.015020
0.000000 123.412550 123.405040 123.397530 123.390020 123.382510 123.374638 123.367128 123.359618 123.352108 123.344598 123.337088 123.329217 123.321707 123.314197 123.306687 123.299177 123.291305 123.283795 123.276285 123.268775 123.261265 123.253755 123.245883 123.238373 123.230863 123.223353 123.215843 123.207972 123.200462 123.192952 123.185442 123.177932 123.170422 123.162550 123.155040 123.147530 123.140020 123.132510 123.124638 123.117128 123.109618 123.102108 123.094598 123.087088 123.082972 123.075462 123.067952 123.060442 123.052932 123.045422 123.037550 123.030040 123.026285 123.022530 123.022530 123.022530
0.000000 123.416305 123.408795 123.401285 123.393775 123.386265 123.378755 123.370883 123.363373 123.355863 123.348353 123.340843 123.332972 123.325462 123.317952 123.310442 123.302932 123.295422 123.287550 123.280040 123.272530 123.265020 123.257510 123.249638 123.242128 123.234618 123.227108 123.219598 123.212088 123.204217 123.196707 123.189197 123.181687 123.174177 123.166305 123.158795 123.151285 123.143775 123.136265 123.128755 123.120883 123.113373 123.105863 123.098353 123.090843 123.083333 123.079217 123.071707 123.064197 123.056687 123.049177 123.041305 123.037550 123.033795 123.030040 123.030040 123.030040
0.000000 123.416305 123.408795 123.401285 123.393775 123.386265 123.378755 123.370883 123.363373 123.355863 123.348353 123.340843 123.333333 123.329217 123.321707 123.314197 123.306687 123.299177 123.291305 123.283795 123.276285 123.268775 123.261265 123.253755 123.245883 123.238373 123.230863 123.223353 123.215843 123.207972 123.200462 123.192952 123.185442 123.177932 123.170422 123.162550 123.155040 123.147530 123.140020 123.132510 123.124638 123.117128 123.109618 123.102108 123.094598 123.087088 123.079217 123.071707 123.067952 123.060442 123.052932 123.045422 123.041305 123.041305 123.037550 123.037550 123.037550
0.000000 0.000000 123.412550 123.405040 123.397530 123.390020 123.382510 123.374638 123.367128 123.359618 123.352108 123.344598 123.337088 123.332972 123.325462 123.317952 123.310442 123.302932 123.295422 123.287550 123.280040 123.272530 123.265020 123.257510 123.249638 123.242128 123.234618 123.227108 123.219598 123.212088 123.204217 123.196707 123.189197 123.181687 123.174177 123.166305 123.158795 123.151285 123.143775 123.136265 123.128755 123.120883 123.113373 123.105863 123.098353 123.090843 123.082972 123.079217 123.071707 123.064197 123.060442 123.052932 123.049177 123.045422 123.045422 123.045422 123.045422
0.000000 0.000000 123.416305 123.408795 123.401285 123.393775 123.386265 123.378755 123.374638 123.367128 123.359618 123.352108 123.344598 123.337088 123.329217 123.321707 123.314197 123.306687 123.299177 123.291305 123.283795 123.276285 123.268775 123.261265 123.253755 123.245883 123.238373 123.230863 123.223353 123.215843 123.207972 123.200462 123.192952 123.185442 123.177932 123.170422 123.162550 123.155040 123.147530 123.140020 123.132510 123.124638 123.117128 123.109618 123.102108 123.094598 123.090843 123.082972 123.075462 123.071707 123.064197 123.060442 123.056687 123.052932 123.052932 123.052932 123.052932
0.000000 0.000000 0.000000 123.412550 123.405040 123.397530 123.390020 123.382510 123.374638 123.367128 123.359618 123.352108 123.344598 123.337088 123.329217 123.321707 123.314197 123.306687 123.299177 123.291667 123.287550 123.280040 123.272530 123.265020 123.257510 123.249638 123.242128 123.234618 123.227108 123.219598 123.212088 123.204217 123.196707 123.189197 123.181687 123.174177 123.166305 123.158795 123.151285 123.143775 123.136265 123.128755 123.120883 123.113373 123.105863 123.102108 123.094598 123.087088 123.079217 123.075462 123.071707 123.067952 123.064197 123.060442 123.060442 123.060442 123.060442
0.000000 0.000000 0.000000 123.416305 123.408795 123.401285 123.393775 123.386265 123.378755 123.370883 123.363373 123.355863 123.348353 123.340843 123.332972 123.325462 123.317952 123.310442 123.302932 123.295422 123.287550 123.280040 123.272530 123.265020 123.257510 123.250000 123.245883 123.238373 123.230863 123.223353 123.215843 123.207972 123.200462 123.192952 123.185442 123.177932 123.170422 123.162550 123.155040 123.147530 123.140020 123.132510 123.124638 123.117128 123.113373 123.105863 123.098353 123.090843 123.087088 123.079217 123.079217 123.075462 123.071707 123.067952 123.067952 123.067952 123.067952
0.000000 0.000000 0.000000 0.000000 123.412550 123.405040 123.397530 123.390020 123.382510 123.374638 123.367128 123.359618 123.352108 123.344598 123.337088 123.329217 123.321707 123.314197 123.306687 123.299177 123.291305 123.283795 123.276285 123.268775 123.261265 123.253755 123.249638 123.242128 123.234618 123.227108 123.219598 123.212088 123.204217 123.196707 123.189197 123.181687 123.174177 123.166305 123.158795 123.151285 123.143775 123.136265 123.128755 123.120883 123.117128 123.109618 123.102108 123.098353 123.090843 123.087088 123.083333 123.082972 123.079217 123.075462 123.075462 123.075462 123.075462
0.000000 0.000000 0.000000 0.000000 123.416305 123.408795 123.401285 123.393775 123.386265 123.378755 123.370883 123.363373 123.355863 123.348353 123.340843 123.332972 123.325462 123.317952 123.310442 123.302932 123.295422 123.287550 123.280040 123.272530 123.265020 123.261265 123.253755 123.245883 123.238373 123.230863 123.223353 123.215843 123.207972 123.200462 123.192952 123.185442 123.177932 123.170422 123.162550 123.155040 123.147530 123.140020 123.132510 123.124638 123.117128 123.113373 123.105863 123.102108 123.098353 123.094598 123.090843 123.090843 123.087088 123.082972 123.082972 123.082972 123.082972
0.000000 0.000000 0.000000 0.000000 0.000000 123.412550 123.405040 123.397530 123.390020 123.382510 123.374638 123.367128 123.359618 123.352108 123.344598 123.337088 123.329217 123.321707 123.314197 123.306687 123.299177 123.291305 123.283795 123.276285 123.268775 123.261265 123.253755 123.249638 123.242128 123.234618 123.227108 123.219598 123.212088 123.204217 123.196707 123.189197 123.181687 123.174177 123.166305 123.158795 123.151285 123.143775 123.136265 123.128755 123.124638 123.117128 123.113373 123.105863 123.105863 123.102108 123.098353 123.098353 123.094598 123.090843 123.090843 123.087088 123.090843
0.000000 0.000000 0.000000 0.000000 0.000000 123.416305 123.408795 123.401285 123.393775 123.386265 123.378755 123.370883 123.363373 123.355863 123.348353 123.340843 123.332972 123.325462 123.317952 123.310442 123.302932 123.295422 123.287550 123.280040 123.272530 123.265020 123.257510 123.250000 123.245883 123.238373 123.230863 123.223353 123.215843 123.207972 123.200462 123.192952 123.185442 123.177932 123.170422 123.162550 123.155040 123.147530 123.140020 123.136265 123.128755 123.124638 123.120883 123.113373 123.113373 123.109618 123.105863 123.105863 123.102108 123.098353 123.098353 123.094598 123.098353
0.000000 0.000000 0.000000 0.000000 0.000000 0.000000 123.412550 123.405040 123.397530 123.390020 123.382510 123.374638 123.367128 123.359618 123.352108 123.344598 123.337088 123.329217 123.321707 123.314197 123.306687 123.299177 123.291305 123.283795 123.276285 123.268775 123.261265 123.253755 123.245883 123.238373 123.230863 123.223353 123.215843 123.207972 123.200462 123.192952 123.185442 123.177932 123.170422 123.166305 123.158795 123.151285 123.147530 123.140020 123.136265 123.128755 123.124638 123.120883 123.120883 123.117128 123.113373 123.113373 123.109618 123.105863 123.105863 123.102108 123.105863
0.000000 0.000000 0.000000 0.000000 0.000000 0.000000 123.412550 123.405040 123.397530 123.390020 123.382510 123.375000 123.370883 123.363373 123.355863 123.348353 123.340843 123.332972 123.325462 123.317952 123.310442 123.302932 123.295422 123.287550 123.280040 123.272530 123.265020 123.257510 123.249638 123.242128 123.234618 123.227108 123.219598 123.212088 123.204217 123.196707 123.189197 123.181687 123.177932 123.170422 123.162550 123.158795 123.151285 123.147530 123.140020 123.136265 123.132510 123.128755 123.128755 123.124638 123.120883 123.120883 123.117128 123.113373 123.113373 123.109618 123.113373
0.000000 0.000000 0.000000 0.000000 0.000000 0.000000 123.416305 123.408795 123.401285 123.393775 123.386265 123.378755 123.374638 123.367128 123.359618 123.352108 123.344598 123.337088 123.329217 123.321707 123.314197 123.306687 123.299177 123.291305 123.283795 123.276285 123.268775 123.261265 123.253755 123.245883 123.238373 123.230863 123.223353 123.215843 123.207972 123.200462 123.192952 123.189197 123.181687 123.174177 123.166667 123.162550 123.158795 123.151285 123.147530 123.143775 123.140020 123.136265 123.136265 123.132510 123.128755 123.128755 123.124638 123.120883 123.120883 123.117128 123.120883
0.000000 0.000000 0.000000 0.000000 0.000000 0.000000 0.000000 123.412550 123.405040 123.397530 123.390020 123.386265 123.378755 123.370883 123.363373 123.355863 123.348353 123.340843 123.332972 123.325462 123.317952 123.310442 123.302932 123.295422 123.287550 123.280040 123.272530 123.265020 123.257510 123.249638 123.242128 123.234618 123.227108 123.219598 123.212088 123.204217 123.200462 123.192952 123.185442 123.177932 123.174177 123.166667 123.162550 123.158795 123.151285 123.151285 123.147530 123.143775 123.143775 123.140020 123.136265 123.136265 123.132510 123.128755 123.128755 123.124638 123.128755
0.000000 0.000000 0.000000 0.000000 0.000000 0.000000 0.000000 123.416305 123.408795 123.401285 123.393775 123.386265 123.378755 123.374638 123.367128 123.359618 123.352108 123.344598 123.337088 123.329217 123.321707 123.314197 123.306687 123.299177 123.291305 123.283795 123.276285 123.268775 123.261265 123.253755 123.245883 123.238373 123.230863 123.223353 123.215843 123.212088 123.204217 123.196707 123.189197 123.185442 123.177932 123.174177 123.166667 123.162550 123.158795 123.158795 123.155040 123.151285 123.151285 123.147530 123.143775 123.143775 123.140020 123.136265 123.136265 123.132510 123.136265
