FireSTARR/test/constant/C2_S060_A090_WD000_WS020/arrival.asc
ncols         63
nrows         377
xllcorner     423503.990666
yllcorner     12711255.311160
cellsize      100.000000
NODATA_value  0.000000
[rows 104 to 129 of 377, columns 0 to 56 of 63]
0.000000 0.000000 0.000000 0.000000 0.000000 0.000000 0.000000 0.000000 0.000000 0.000000 123.364456 123.310562 123.258892 123.238344 123.231119 123.224450 123.217225 123.210001 123.202791 123.195566 123.188897 123.181672 123.174447 123.167778 123.160569 123.153344 123.146675 123.139450 123.132225 123.125556 123.118346 123.114456 123.117235 123.124459 123.131669 123.138338 123.145563 123.152788 123.160013 123.167222 123.173892 123.181116 123.188341 123.195010 123.202235 123.209445 123.216114 123.223339 123.230564 123.237789 123.256113 123.300559 123.340002 123.405567 0.000000 0.000000 0.000000
0.000000 0.000000 0.000000 0.000000 0.000000 0.000000 0.000000 0.000000 0.000000 123.407234 123.355564 123.302226 123.257781 123.239456 123.232231 123.225562 123.218337 123.211112 123.203903 123.196678 123.190009 123.182784 123.175559 123.168890 123.161680 123.154455 123.147786 123.140561 123.133336 123.126667 123.119458 123.115567 123.118346 123.125556 123.132781 123.139450 123.146675 123.153899 123.161124 123.168334 123.175003 123.182228 123.189453 123.196122 123.203347 123.210556 123.217225 123.224450 123.231675 123.238900 123.246681 123.294445 123.337224 123.395563 0.000000 0.000000 0.000000
0.000000 0.000000 0.000000 0.000000 0.000000 0.000000 0.000000 0.000000 0.000000 123.400009 123.345560 123.294445 123.248348 123.240567 123.233342 123.226673 123.219449 123.212224 123.205014 123.197789 123.191120 123.183895 123.176670 123.170001 123.162792 123.155567 123.148898 123.141673 123.134448 123.127779 123.120569 123.116679 123.119458 123.126667 123.133892 123.140561 123.147786 123.155011 123.162236 123.169445 123.176115 123.183339 123.190564 123.197233 123.204458 123.211668 123.218337 123.225562 123.232787 123.240012 123.246681 123.294445 123.336112 123.390005 0.000000 0.000000 0.000000
0.000000 0.000000 0.000000 0.000000 0.000000 0.000000 0.000000 0.000000 0.000000 123.394452 123.340002 123.289459 123.248904 123.241679 123.234454 123.227785 123.220560 123.213335 123.206126 123.198901 123.192232 123.185007 123.177782 123.171113 123.163903 123.156678 123.150009 123.142784 123.135559 123.128890 123.121681 123.117790 123.120569 123.127779 123.135004 123.141673 123.148898 123.156123 123.163347 123.170557 123.177226 123.184451 123.191676 123.198345 123.205570 123.212779 123.219449 123.226673 123.233898 123.241123 123.247792 123.286680 123.328903 123.376667 0.000000 0.000000 0.000000
0.000000 0.000000 0.000000 0.000000 0.000000 0.000000 0.000000 0.000000 0.000000 123.390005 123.335001 123.283901 123.250000 123.242790 123.235566 123.228896 123.221672 123.214447 123.207237 123.200012 123.193343 123.186118 123.178893 123.172224 123.165015 123.157790 123.151121 123.143896 123.136671 123.130002 123.122792 123.118902 123.121681 123.128890 123.136115 123.142784 123.150009 123.157234 123.164459 123.171668 123.178338 123.185562 123.192787 123.199456 123.206681 123.213891 123.220560 123.227785 123.235010 123.242235 123.248904 123.278899 123.322789 123.368902 0.000000 0.000000 0.000000
0.000000 0.000000 0.000000 0.000000 0.000000 0.000000 0.000000 0.000000 0.000000 123.378890 123.328903 123.281678 123.251112 123.243902 123.236677 123.230008 123.222783 123.215558 123.208333 123.201124 123.194455 123.187230 123.180005 123.173336 123.166126 123.158901 123.152232 123.145007 123.137782 123.131113 123.123904 123.120013 123.122792 123.130002 123.137227 123.143896 123.151121 123.158346 123.165570 123.172780 123.179449 123.186674 123.193899 123.200568 123.207793 123.215002 123.221672 123.228896 123.236121 123.243346 123.250000 123.271675 123.315564 123.361677 0.000000 0.000000 0.000000
0.000000 0.000000 0.000000 0.000000 0.000000 0.000000 0.000000 0.000000 0.000000 123.369458 123.321678 123.271119 123.252223 123.245013 123.237789 123.231119 123.223895 123.216670 123.209445 123.202235 123.195566 123.188341 123.181116 123.174447 123.167222 123.160013 123.153344 123.146119 123.138894 123.132225 123.125000 123.121125 123.123904 123.131113 123.138338 123.145007 123.152232 123.159457 123.166667 123.173892 123.180561 123.187786 123.195010 123.201679 123.208889 123.216114 123.222783 123.230008 123.237233 123.244458 123.251112 123.270007 123.314453 123.353341 123.416667 0.000000 0.000000
0.000000 0.000000 0.000000 0.000000 0.000000 0.000000 0.000000 0.000000 0.000000 123.363344 123.316120 123.265005 123.253335 123.246125 123.238900 123.232231 123.225006 123.217781 123.210556 123.203347 123.196678 123.189453 123.182228 123.175559 123.168334 123.161124 123.154455 123.147230 123.140005 123.133336 123.126112 123.122236 123.125000 123.132225 123.139450 123.146119 123.153344 123.160569 123.167778 123.175003 123.181672 123.188897 123.196122 123.202791 123.210001 123.217225 123.223895 123.231119 123.238344 123.245569 123.252223 123.260004 123.307784 123.349450 123.402788 0.000000 0.000000
0.000000 0.000000 0.000000 0.000000 0.000000 0.000000 0.000000 0.000000 123.413347 123.356119 123.306116 123.261671 123.254446 123.247236 123.240012 123.233342 123.226118 123.218893 123.211668 123.204458 123.197789 123.190564 123.183339 123.176670 123.169445 123.162236 123.155567 123.148342 123.141117 123.134448 123.127223 123.123348 123.126112 123.133336 123.140561 123.147230 123.154455 123.161680 123.168890 123.176115 123.182784 123.190009 123.197233 123.203903 123.211112 123.218337 123.225006 123.232231 123.239456 123.246681 123.253335 123.260559 123.300559 123.343893 123.394452 0.000000 0.000000
0.000000 0.000000 0.000000 0.000000 0.000000 0.000000 0.000000 0.000000 123.401121 123.353341 123.297224 123.262227 123.255558 123.248348 123.241123 123.234454 123.227229 123.220004 123.212779 123.205570 123.198901 123.191676 123.184451 123.177782 123.170557 123.163347 123.156678 123.149453 123.142229 123.135559 123.128335 123.124459 123.127223 123.134448 123.141673 123.148342 123.155567 123.162792 123.170001 123.177226 123.183895 123.191120 123.198345 123.205014 123.212224 123.219449 123.226118 123.233342 123.240567 123.247792 123.254446 123.261671 123.300559 123.342225 123.388894 0.000000 0.000000
0.000000 0.000000 0.000000 0.000000 0.000000 0.000000 0.000000 0.000000 123.393340 123.349450 123.297224 123.263338 123.256669 123.249459 123.242235 123.235566 123.228341 123.221116 123.213891 123.206681 123.200012 123.192787 123.185562 123.178893 123.171668 123.164459 123.157790 123.150565 123.143340 123.136671 123.129446 123.125556 123.128335 123.135559 123.142784 123.149453 123.156678 123.163903 123.171113 123.178338 123.185007 123.192232 123.199456 123.206126 123.213335 123.220560 123.227229 123.234454 123.241679 123.248904 123.255558 123.262782 123.291667 123.336668 123.376667 0.000000 0.000000
0.000000 0.000000 0.000000 0.000000 0.000000 0.000000 0.000000 0.000000 123.387227 123.337779 123.295001 123.264450 123.257781 123.250556 123.243346 123.236677 123.229452 123.222227 123.215002 123.207793 123.201124 123.193899 123.186674 123.180005 123.172780 123.165570 123.158901 123.151676 123.144452 123.137782 123.130558 123.126667 123.129446 123.136671 123.143896 123.150565 123.157790 123.165015 123.172224 123.179449 123.186118 123.193343 123.200568 123.207237 123.214447 123.221672 123.228341 123.235566 123.242790 123.250000 123.256669 123.263894 123.283346 123.327791 123.367235 0.000000 0.000000
0.000000 0.000000 0.000000 0.000000 0.000000 0.000000 0.000000 0.000000 123.383336 123.330014 123.285013 123.265561 123.258892 123.251667 123.244458 123.237789 123.230564 123.223339 123.216114 123.209445 123.202235 123.195010 123.187786 123.181116 123.173892 123.166667 123.160013 123.152788 123.145563 123.138894 123.131669 123.127779 123.130558 123.137782 123.145007 123.151676 123.158901 123.166126 123.173336 123.180561 123.187230 123.194455 123.201679 123.208333 123.215558 123.222783 123.229452 123.236677 123.243902 123.251112 123.257781 123.265005 123.275565 123.321678 123.366679 0.000000 0.000000
0.000000 0.000000 0.000000 0.000000 0.000000 0.000000 0.000000 0.000000 123.372792 123.321122 123.275009 123.266673 123.260004 123.252779 123.245569 123.238900 123.231675 123.224450 123.217225 123.210556 123.203347 123.196122 123.188897 123.182228 123.175003 123.167778 123.161124 123.153899 123.146675 123.140005 123.132781 123.128890 123.131669 123.138894 123.146119 123.152788 123.160013 123.167222 123.174447 123.181672 123.188341 123.195566 123.202791 123.209445 123.216670 123.223895 123.230564 123.237789 123.245013 123.252223 123.258892 123.266117 123.273342 123.321122 123.363344 123.408901 0.000000
0.000000 0.000000 0.000000 0.000000 0.000000 0.000000 0.000000 0.000000 123.367790 123.320010 123.275009 123.267784 123.261115 123.253890 123.246681 123.240012 123.232787 123.225562 123.218337 123.211668 123.204458 123.197233 123.190009 123.183339 123.176115 123.168890 123.162236 123.155011 123.147786 123.141117 123.133892 123.130002 123.132781 123.140005 123.147230 123.153899 123.161124 123.168334 123.175559 123.182784 123.189453 123.196678 123.203903 123.210556 123.217781 123.225006 123.231675 123.238900 123.246125 123.253335 123.260004 123.267229 123.274453 123.313897 123.356675 123.402788 0.000000
0.000000 0.000000 0.000000 0.000000 0.000000 0.000000 0.000000 123.411124 123.364456 123.310562 123.276121 123.268896 123.262227 123.255002 123.247792 123.241123 123.233898 123.226673 123.219449 123.212779 123.205570 123.198345 123.191120 123.184451 123.177226 123.170001 123.163347 123.156123 123.148898 123.142229 123.135004 123.131113 123.133892 123.141117 123.148342 123.155011 123.162236 123.169445 123.176670 123.183895 123.190564 123.197789 123.205014 123.211668 123.218893 123.226118 123.232787 123.240012 123.247236 123.254446 123.261115 123.268340 123.275565 123.311118 123.350006 123.397230 0.000000
0.000000 0.000000 0.000000 0.000000 0.000000 0.000000 0.000000 123.406123 123.353341 123.308339 123.277232 123.270007 123.263338 123.256113 123.248904 123.242235 123.235010 123.227785 123.220560 123.213891 123.206681 123.199456 123.192232 123.185562 123.178338 123.171113 123.164459 123.157234 123.150009 123.143340 123.136115 123.132225 123.135004 123.142229 123.149453 123.156123 123.163347 123.170557 123.177782 123.185007 123.191676 123.198901 123.206126 123.212779 123.220004 123.227229 123.233898 123.241123 123.248348 123.255558 123.262227 123.269452 123.276676 123.306672 123.347783 123.390005 0.000000
0.000000 0.000000 0.000000 0.000000 0.000000 0.000000 0.000000 123.399453 123.350562 123.306672 123.278344 123.271119 123.264450 123.257225 123.250000 123.243346 123.236121 123.228896 123.221672 123.215002 123.207793 123.200568 123.193343 123.186674 123.179449 123.172224 123.165570 123.158346 123.151121 123.144452 123.137227 123.133336 123.136115 123.143340 123.150565 123.157234 123.164459 123.171668 123.178893 123.186118 123.192787 123.200012 123.207237 123.213891 123.221116 123.228341 123.235010 123.242235 123.249459 123.256669 123.263338 123.270563 123.277788 123.296113 123.341114 123.380558 0.000000
0.000000 0.000000 0.000000 0.000000 0.000000 0.000000 0.000000 123.390561 123.341670 123.297780 123.279455 123.272230 123.265561 123.258336 123.251112 123.244458 123.237233 123.230008 123.222783 123.216114 123.208889 123.201679 123.194455 123.187786 123.180561 123.173336 123.166667 123.159457 123.152232 123.145563 123.138338 123.134448 123.137227 123.144452 123.151676 123.158346 123.165570 123.172780 123.180005 123.187230 123.193899 123.201124 123.208333 123.215002 123.222227 123.229452 123.236121 123.243346 123.250556 123.257781 123.264450 123.271675 123.278899 123.286680 123.334445 123.377223 0.000000
0.000000 0.000000 0.000000 0.000000 0.000000 0.000000 0.000000 123.383892 123.333889 123.288347 123.280567 123.273342 123.266673 123.259448 123.252223 123.245569 123.238344 123.231119 123.223895 123.217225 123.210001 123.202791 123.195566 123.188897 123.181672 123.174447 123.167778 123.160569 123.153344 123.146675 123.139450 123.135559 123.138338 123.145563 123.152788 123.159457 123.166667 123.173892 123.181116 123.188341 123.195010 123.202235 123.209445 123.216114 123.223339 123.230564 123.237233 123.244458 123.251667 123.258892 123.265561 123.272786 123.280011 123.286680 123.335001 123.371681 0.000000
0.000000 0.000000 0.000000 0.000000 0.000000 0.000000 0.000000 123.378335 123.330570 123.288903 123.281678 123.274453 123.267784 123.260559 123.253335 123.246681 123.239456 123.232231 123.225006 123.218337 123.211112 123.203903 123.196678 123.190009 123.182784 123.175559 123.168890 123.161680 123.154455 123.147786 123.140561 123.136671 123.139450 123.146675 123.153899 123.160569 123.167778 123.175003 123.182228 123.189453 123.196122 123.203347 123.210556 123.217225 123.224450 123.231675 123.238344 123.245569 123.252779 123.260004 123.266673 123.273898 123.281123 123.287792 123.327235 123.370569 123.413347
0.000000 0.000000 0.000000 0.000000 0.000000 0.000000 0.000000 123.367235 123.323901 123.290015 123.282790 123.275565 123.268896 123.261671 123.254446 123.247792 123.240567 123.233342 123.226118 123.219449 123.212224 123.205014 123.197789 123.191120 123.183895 123.176670 123.170001 123.162792 123.155567 123.148898 123.141673 123.137782 123.140561 123.147786 123.155011 123.161680 123.168890 123.176115 123.183339 123.190564 123.197233 123.204458 123.211668 123.218337 123.225562 123.232787 123.239456 123.246681 123.253890 123.261115 123.267784 123.275009 123.282234 123.288903 123.320010 123.363344 123.403899
0.000000 0.000000 0.000000 0.000000 0.000000 0.000000 123.413903 123.366679 123.321122 123.291126 123.283901 123.276676 123.270007 123.262782 123.255558 123.248904 123.241679 123.234454 123.227229 123.220560 123.213335 123.206126 123.198901 123.192232 123.185007 123.177782 123.171113 123.163903 123.156678 123.150009 123.142784 123.138894 123.141673 123.148898 123.156123 123.162792 123.170001 123.177226 123.184451 123.191676 123.198345 123.205570 123.212779 123.219449 123.226673 123.233898 123.240567 123.247792 123.255002 123.262227 123.268896 123.276121 123.283346 123.290015 123.319455 123.354452 123.395563
0.000000 0.000000 0.000000 0.000000 0.000000 0.000000 123.404455 123.362233 123.311118 123.292222 123.285013 123.277788 123.271119 123.263894 123.256669 123.250000 123.242790 123.235566 123.228341 123.221672 123.214447 123.207237 123.200012 123.193343 123.186118 123.178893 123.172224 123.165015 123.157790 123.151121 123.143896 123.140005 123.142784 123.150009 123.157234 123.163903 123.171113 123.178338 123.185562 123.192787 123.199456 123.206681 123.213891 123.220560 123.227785 123.235010 123.241679 123.248904 123.256113 123.263338 123.270007 123.277232 123.284457 123.291126 123.313341 123.351118 123.393896
0.000000 0.000000 0.000000 0.000000 0.000000 0.000000 123.397786 123.353896 123.303893 123.293334 123.286124 123.278899 123.272230 123.265005 123.257781 123.251112 123.243902 123.236677 123.229452 123.222783 123.215558 123.208333 123.201124 123.194455 123.187230 123.180005 123.173336 123.166126 123.158901 123.152232 123.145007 123.141117 123.143896 123.151121 123.158346 123.165015 123.172224 123.179449 123.186674 123.193899 123.200568 123.207793 123.215002 123.221672 123.228896 123.236121 123.242790 123.250000 123.257225 123.264450 123.271119 123.278344 123.285569 123.292222 123.300003 123.347783 123.392784
0.000000 0.000000 0.000000 0.000000 0.000000 0.000000 123.395007 123.346672 123.301670 123.294445 123.287236 123.280011 123.273342 123.266117 123.258892 123.252223 123.245013 123.237789 123.230564 123.223895 123.216670 123.209445 123.202235 123.195566 123.188341 123.181116 123.174447 123.167222 123.160013 123.153344 123.146119 123.142229 123.145007 123.152232 123.159457 123.166126 123.173336 123.180561 123.187786 123.195010 123.201679 123.208889 123.216114 123.222783 123.230008 123.237233 123.243902 123.251112 123.258336 123.265561 123.272230 123.279455 123.286680 123.293334 123.300559 123.341114 123.383892
