FireSTARR/test/constant/C2_S060_A090_WD000_WS020/arrival.asc
ncols         63
nrows         377
xllcorner     423503.990666
yllcorner     12711255.311160
cellsize      100.000000
NODATA_value  0.000000
[rows 78 to 103 of 377, columns 0 to 56 of 63]
0.000000 0.000000 0.000000 0.000000 0.000000 0.000000 0.000000 0.000000 0.000000 0.000000 0.000000 0.000000 0.000000 123.402232 123.335556 123.281123 123.235566 123.181116 123.173892 123.167222 123.160013 123.152788 123.145563 123.138894 123.131669 123.124459 123.117790 123.110566 123.103341 123.096672 123.089447 123.085556 123.088335 123.095560 123.102785 123.109454 123.116679 123.123904 123.131113 123.138338 123.145007 123.152232 123.159457 123.166126 123.173336 123.180561 123.227229 123.271119 123.326679 123.397230 0.000000 0.000000 0.000000 0.000000 0.000000 0.000000 0.000000
0.000000 0.000000 0.000000 0.000000 0.000000 0.000000 0.000000 0.000000 0.000000 0.000000 0.000000 0.000000 0.000000 123.393896 123.326679 123.271675 123.226118 123.182228 123.175003 123.168334 123.161124 123.153899 123.146675 123.140005 123.132781 123.125556 123.118902 123.111677 123.104452 123.097783 123.090558 123.086668 123.089447 123.096672 123.103896 123.110566 123.117790 123.125000 123.132225 123.139450 123.146119 123.153344 123.160569 123.167222 123.174447 123.181672 123.222227 123.265005 123.320010 123.384448 0.000000 0.000000 0.000000 0.000000 0.000000 0.000000 0.000000
0.000000 0.000000 0.000000 0.000000 0.000000 0.000000 0.000000 0.000000 0.000000 0.000000 0.000000 0.000000 0.000000 123.385004 123.321678 123.267229 123.215558 123.183339 123.176115 123.168890 123.162236 123.155011 123.147786 123.141117 123.133892 123.126667 123.120013 123.112789 123.105564 123.098895 123.091670 123.087779 123.090558 123.097783 123.105008 123.111677 123.118902 123.126112 123.133336 123.140561 123.147230 123.154455 123.161680 123.168334 123.175559 123.182784 123.213335 123.260559 123.309451 123.371125 0.000000 0.000000 0.000000 0.000000 0.000000 0.000000 0.000000
0.000000 0.000000 0.000000 0.000000 0.000000 0.000000 0.000000 0.000000 0.000000 0.000000 0.000000 0.000000 0.000000 123.375000 123.313341 123.265005 123.212779 123.184451 123.177226 123.170001 123.163347 123.156123 123.148898 123.142229 123.135004 123.127779 123.121125 123.113900 123.106675 123.100006 123.092781 123.088891 123.091670 123.098895 123.106119 123.112789 123.120013 123.127223 123.134448 123.141673 123.148342 123.155567 123.162792 123.169445 123.176670 123.183895 123.203347 123.252779 123.300003 123.367790 0.000000 0.000000 0.000000 0.000000 0.000000 0.000000 0.000000
0.000000 0.000000 0.000000 0.000000 0.000000 0.000000 0.000000 0.000000 0.000000 0.000000 0.000000 0.000000 0.000000 123.362233 123.303893 123.255558 123.205570 123.185562 123.178338 123.171113 123.164459 123.157234 123.150009 123.143340 123.136115 123.128890 123.122236 123.115012 123.107787 123.101118 123.093893 123.090002 123.092781 123.100006 123.107231 123.113900 123.121125 123.128335 123.135559 123.142784 123.149453 123.156678 123.163903 123.170557 123.177782 123.185007 123.196678 123.248348 123.292778 123.357787 0.000000 0.000000 0.000000 0.000000 0.000000 0.000000 0.000000
0.000000 0.000000 0.000000 0.000000 0.000000 0.000000 0.000000 0.000000 0.000000 0.000000 0.000000 0.000000 0.000000 123.351118 123.295001 123.251667 123.195010 123.186674 123.179449 123.172224 123.165570 123.158346 123.151121 123.144452 123.137227 123.130002 123.123348 123.116123 123.108898 123.102229 123.095004 123.091114 123.093893 123.101118 123.108342 123.115012 123.122236 123.129446 123.136671 123.143896 123.150565 123.157790 123.165015 123.171668 123.178893 123.186118 123.193343 123.242790 123.287792 123.345560 123.410569 0.000000 0.000000 0.000000 0.000000 0.000000 0.000000
0.000000 0.000000 0.000000 0.000000 0.000000 0.000000 0.000000 0.000000 0.000000 0.000000 0.000000 0.000000 123.414459 123.346116 123.294445 123.245569 123.195010 123.187786 123.180561 123.173336 123.166667 123.159457 123.152232 123.145563 123.138338 123.131113 123.124459 123.117235 123.110010 123.103341 123.096116 123.092225 123.095004 123.102229 123.109454 123.116123 123.123348 123.130558 123.137782 123.145007 123.151676 123.158901 123.166126 123.172780 123.180005 123.187230 123.193899 123.237789 123.279455 123.335001 123.400009 0.000000 0.000000 0.000000 0.000000 0.000000 0.000000
0.000000 0.000000 0.000000 0.000000 0.000000 0.000000 0.000000 0.000000 0.000000 0.000000 0.000000 0.000000 123.399453 123.337779 123.284457 123.235010 123.196122 123.188897 123.181672 123.174447 123.167778 123.160569 123.153344 123.146675 123.139450 123.132225 123.125556 123.118346 123.111121 123.104452 123.097227 123.093337 123.096116 123.103341 123.110566 123.117235 123.124459 123.131669 123.138894 123.146119 123.152788 123.160013 123.167222 123.173892 123.181116 123.188341 123.195010 123.232787 123.275565 123.327791 123.391117 0.000000 0.000000 0.000000 0.000000 0.000000 0.000000
0.000000 0.000000 0.000000 0.000000 0.000000 0.000000 0.000000 0.000000 0.000000 0.000000 0.000000 0.000000 123.391117 123.330570 123.277788 123.226118 123.197233 123.190009 123.182784 123.175559 123.168890 123.161680 123.154455 123.147786 123.140561 123.133336 123.126667 123.119458 123.112233 123.105564 123.098339 123.094449 123.097227 123.104452 123.111677 123.118346 123.125556 123.132781 123.140005 123.147230 123.153899 123.161124 123.168334 123.175003 123.182228 123.189453 123.196122 123.225006 123.268896 123.324456 123.382225 0.000000 0.000000 0.000000 0.000000 0.000000 0.000000
0.000000 0.000000 0.000000 0.000000 0.000000 0.000000 0.000000 0.000000 0.000000 0.000000 0.000000 0.000000 123.383892 123.327791 123.270563 123.221116 123.198345 123.191120 123.183895 123.176670 123.170001 123.162792 123.155567 123.148898 123.141673 123.134448 123.127779 123.120569 123.113344 123.106675 123.099450 123.095560 123.098339 123.105564 123.112789 123.119458 123.126667 123.133892 123.141117 123.148342 123.155011 123.162236 123.169445 123.176115 123.183339 123.190564 123.197233 123.216670 123.266117 123.312230 123.368902 0.000000 0.000000 0.000000 0.000000 0.000000 0.000000
0.000000 0.000000 0.000000 0.000000 0.000000 0.000000 0.000000 0.000000 0.000000 0.000000 0.000000 0.000000 123.370569 123.316676 123.268896 123.218337 123.199456 123.192232 123.185007 123.177782 123.171113 123.163903 123.156678 123.150009 123.142784 123.135559 123.128890 123.121681 123.114456 123.107787 123.100562 123.096672 123.099450 123.106675 123.113900 123.120569 123.127779 123.135004 123.142229 123.149453 123.156123 123.163347 123.170557 123.177226 123.184451 123.191676 123.198345 123.206681 123.258892 123.303338 123.360566 0.000000 0.000000 0.000000 0.000000 0.000000 0.000000
0.000000 0.000000 0.000000 0.000000 0.000000 0.000000 0.000000 0.000000 0.000000 0.000000 0.000000 0.000000 123.361677 123.308339 123.260004 123.208333 123.200568 123.193343 123.186118 123.178893 123.172224 123.165015 123.157790 123.151121 123.143896 123.136671 123.130002 123.122792 123.115567 123.108898 123.101673 123.097783 123.100562 123.107787 123.115012 123.121681 123.128890 123.136115 123.143340 123.150565 123.157234 123.164459 123.171668 123.178338 123.185562 123.192787 123.199456 123.206681 123.253335 123.295001 123.353896 0.000000 0.000000 0.000000 0.000000 0.000000 0.000000
0.000000 0.000000 0.000000 0.000000 0.000000 0.000000 0.000000 0.000000 0.000000 0.000000 0.000000 123.416126 123.357231 123.299447 123.251667 123.208889 123.201679 123.194455 123.187230 123.180005 123.173336 123.166126 123.158901 123.152232 123.145007 123.137782 123.131113 123.123904 123.116679 123.110010 123.102785 123.098895 123.101673 123.108898 123.116123 123.122792 123.130002 123.137227 123.144452 123.151676 123.158346 123.165570 123.172780 123.179449 123.186674 123.193899 123.200568 123.207793 123.247792 123.290570 123.348895 123.408346 0.000000 0.000000 0.000000 0.000000 0.000000
0.000000 0.000000 0.000000 0.000000 0.000000 0.000000 0.000000 0.000000 0.000000 0.000000 0.000000 123.404455 123.350562 123.298336 123.247792 123.210001 123.202791 123.195566 123.188341 123.181116 123.174447 123.167222 123.160013 123.153344 123.146119 123.138894 123.132225 123.125000 123.117790 123.111121 123.103896 123.100006 123.102785 123.110010 123.117235 123.123904 123.131113 123.138338 123.145563 123.152788 123.159457 123.166667 123.173892 123.180561 123.187786 123.195010 123.201679 123.208889 123.238900 123.284457 123.338891 123.396675 0.000000 0.000000 0.000000 0.000000 0.000000
0.000000 0.000000 0.000000 0.000000 0.000000 0.000000 0.000000 0.000000 0.000000 0.000000 0.000000 123.400565 123.344449 123.292222 123.239456 123.211112 123.203903 123.196678 123.189453 123.182228 123.175559 123.168334 123.161124 123.154455 123.147230 123.140005 123.133336 123.126112 123.118902 123.112233 123.105008 123.101118 123.103896 123.111121 123.118346 123.125556 123.132225 123.139450 123.146675 123.153899 123.160569 123.167778 123.175003 123.181672 123.188897 123.196122 123.202791 123.210001 123.238900 123.281678 123.330570 123.385559 0.000000 0.000000 0.000000 0.000000 0.000000
0.000000 0.000000 0.000000 0.000000 0.000000 0.000000 0.000000 0.000000 0.000000 0.000000 0.000000 123.388894 123.335556 123.282234 123.231675 123.212224 123.205014 123.197789 123.190564 123.183339 123.176670 123.169445 123.162236 123.155567 123.148342 123.141117 123.134448 123.127223 123.120013 123.113344 123.106119 123.102229 123.105008 123.112233 123.119458 123.126667 123.133336 123.140561 123.147786 123.155011 123.161680 123.168890 123.176115 123.182784 123.190009 123.197233 123.203903 123.211112 123.230008 123.272786 123.317787 123.378335 0.000000 0.000000 0.000000 0.000000 0.000000
0.000000 0.000000 0.000000 0.000000 0.000000 0.000000 0.000000 0.000000 0.000000 0.000000 0.000000 123.384448 123.326679 123.276121 123.224450 123.213335 123.206126 123.198901 123.191676 123.184451 123.177782 123.170557 123.163347 123.156678 123.149453 123.142229 123.135559 123.128335 123.121125 123.114456 123.107231 123.103341 123.106119 123.113344 123.120569 123.127223 123.134448 123.141673 123.148898 123.156123 123.162792 123.170001 123.177226 123.183895 123.191120 123.198345 123.205014 123.212224 123.220004 123.267229 123.308895 123.374459 0.000000 0.000000 0.000000 0.000000 0.000000
0.000000 0.000000 0.000000 0.000000 0.000000 0.000000 0.000000 0.000000 0.000000 0.000000 0.000000 123.376112 123.318343 123.273898 123.221672 123.214447 123.207237 123.200012 123.192787 123.185562 123.178893 123.171668 123.164459 123.157790 123.150565 123.143340 123.136671 123.129446 123.122236 123.115567 123.108342 123.104452 123.107231 123.114456 123.121681 123.128335 123.135559 123.142784 123.150009 123.157234 123.163903 123.171113 123.178338 123.185007 123.192232 123.199456 123.206126 123.213335 123.220560 123.262227 123.305561 123.361121 0.000000 0.000000 0.000000 0.000000 0.000000
0.000000 0.000000 0.000000 0.000000 0.000000 0.000000 0.000000 0.000000 0.000000 0.000000 0.000000 123.367235 123.312786 123.265561 123.222227 123.215558 123.208333 123.201124 123.193899 123.186674 123.180005 123.172780 123.165570 123.158901 123.151676 123.144452 123.137782 123.130558 123.123348 123.116679 123.109454 123.105564 123.108342 123.115567 123.122792 123.129446 123.136671 123.143896 123.151121 123.158346 123.165015 123.172224 123.179449 123.186118 123.193343 123.200568 123.207237 123.214447 123.221672 123.256113 123.298336 123.350006 123.413347 0.000000 0.000000 0.000000 0.000000
0.000000 0.000000 0.000000 0.000000 0.000000 0.000000 0.000000 0.000000 0.000000 0.000000 123.415570 123.362233 123.307784 123.255558 123.223339 123.216670 123.209445 123.202235 123.195010 123.187786 123.181116 123.173892 123.166667 123.160013 123.152788 123.145563 123.138894 123.131669 123.124459 123.117790 123.110566 123.106675 123.109454 123.116679 123.123904 123.130558 123.137782 123.145007 123.152232 123.159457 123.166126 123.173336 123.180561 123.187230 123.194455 123.201679 123.208333 123.215558 123.222783 123.252223 123.295557 123.344449 123.410013 0.000000 0.000000 0.000000 0.000000
0.000000 0.000000 0.000000 0.000000 0.000000 0.000000 0.000000 0.000000 0.000000 0.000000 123.403899 123.350006 123.305005 123.253890 123.224450 123.217781 123.210556 123.203347 123.196122 123.188897 123.182228 123.175003 123.167778 123.161124 123.153899 123.146675 123.140005 123.132781 123.125556 123.118902 123.111677 123.107787 123.110566 123.117790 123.125000 123.131669 123.138894 123.146119 123.153344 123.160569 123.167222 123.174447 123.181672 123.188341 123.195566 123.202791 123.209445 123.216670 123.223895 123.242790 123.287236 123.335556 123.398898 0.000000 0.000000 0.000000 0.000000
0.000000 0.000000 0.000000 0.000000 0.000000 0.000000 0.000000 0.000000 0.000000 0.000000 123.401121 123.341670 123.296113 123.244458 123.225562 123.218893 123.211668 123.204458 123.197233 123.190009 123.183339 123.176115 123.168890 123.162236 123.155011 123.147786 123.141117 123.133892 123.126667 123.120013 123.112789 123.108898 123.111677 123.118902 123.126112 123.132781 123.140005 123.147230 123.154455 123.161680 123.168334 123.175559 123.182784 123.189453 123.196678 123.203903 123.210556 123.217781 123.225006 123.237789 123.287236 123.325568 123.387227 0.000000 0.000000 0.000000 0.000000
0.000000 0.000000 0.000000 0.000000 0.000000 0.000000 0.000000 0.000000 0.000000 0.000000 123.392784 123.336112 123.287792 123.235010 123.226673 123.220004 123.212779 123.205570 123.198345 123.191120 123.184451 123.177226 123.170001 123.163347 123.156123 123.148898 123.142229 123.135004 123.127779 123.121125 123.113900 123.110010 123.112789 123.120013 123.127223 123.133892 123.141117 123.148342 123.155567 123.162792 123.169445 123.176670 123.183895 123.190564 123.197789 123.205014 123.211668 123.218893 123.226118 123.233342 123.280567 123.321678 123.378335 0.000000 0.000000 0.000000 0.000000
0.000000 0.000000 0.000000 0.000000 0.000000 0.000000 0.000000 0.000000 0.000000 0.000000 123.384448 123.331681 123.280567 123.235010 123.227785 123.221116 123.213891 123.206681 123.199456 123.192232 123.185562 123.178338 123.171113 123.164459 123.157234 123.150009 123.143340 123.136115 123.128890 123.122236 123.115012 123.111121 123.113900 123.121125 123.128335 123.135004 123.142229 123.149453 123.156678 123.163903 123.170557 123.177782 123.185007 123.191676 123.198901 123.206126 123.212779 123.220004 123.227229 123.234454 123.273342 123.316120 123.369458 0.000000 0.000000 0.000000 0.000000
0.000000 0.000000 0.000000 0.000000 0.000000 0.000000 0.000000 0.000000 0.000000 0.000000 123.375556 123.326124 123.270563 123.236121 123.228896 123.222227 123.215002 123.207793 123.200568 123.193343 123.186674 123.179449 123.172224 123.165570 123.158346 123.151121 123.144452 123.137227 123.130002 123.123348 123.116123 123.112233 123.115012 123.122236 123.129446 123.136115 123.143340 123.150565 123.157790 123.165015 123.171668 123.178893 123.186118 123.192787 123.200012 123.207237 123.213891 123.221116 123.228341 123.235566 123.270563 123.311118 123.363344 0.000000 0.000000 0.000000 0.000000
0.000000 0.000000 0.000000 0.000000 0.000000 0.000000 0.000000 0.000000 0.000000 0.000000 123.366679 123.322789 123.267784 123.237233 123.230008 123.223339 123.216114 123.208889 123.201679 123.194455 123.187786 123.180561 123.173336 123.166667 123.159457 123.152232 123.145563 123.138338 123.131113 123.124459 123.117235 123.113344 123.116123 123.123348 123.130558 123.137227 123.144452 123.151676 123.158901 123.166126 123.172780 123.180005 123.187230 123.193899 123.201124 123.208333 123.215002 123.222227 123.229452 123.236677 123.267784 123.309451 123.350006 123.412792 0.000000 0.000000 0.000000
