FireSTARR/test/constant/C2_S060_A090_WD000_WS020/arrival.asc
ncols         63
nrows         377
xllcorner     423503.990666
yllcorner     12711255.311160
cellsize      100.000000
NODATA_value  0.000000
[rows 52 to 77 of 377, columns 0 to 56 of 63]
0.000000 0.000000 0.000000 0.000000 0.000000 0.000000 0.000000 0.000000 0.000000 0.000000 0.000000 0.000000 0.000000 0.000000 0.000000 0.000000 0.000000 123.393896 123.332237 123.258336 123.203903 123.152788 123.116679 123.110010 123.102785 123.095560 123.088891 123.081681 123.074456 123.067787 123.060562 123.056672 123.059451 123.066676 123.073901 123.080570 123.087779 123.095004 123.102229 123.109454 123.116123 123.142229 123.194455 123.252223 123.312786 123.380558 0.000000 0.000000 0.000000 0.000000 0.000000 0.000000 0.000000 0.000000 0.000000 0.000000 0.000000
0.000000 0.000000 0.000000 0.000000 0.000000 0.000000 0.000000 0.000000 0.000000 0.000000 0.000000 0.000000 0.000000 0.000000 0.000000 0.000000 0.000000 123.383336 123.318343 123.249459 123.205014 123.139450 123.117790 123.111121 123.103896 123.096672 123.090002 123.082793 123.075568 123.068899 123.061674 123.057784 123.060562 123.067787 123.075012 123.081681 123.088891 123.096116 123.103341 123.110566 123.117235 123.136671 123.185562 123.243902 123.303893 123.367235 0.000000 0.000000 0.000000 0.000000 0.000000 0.000000 0.000000 0.000000 0.000000 0.000000 0.000000
0.000000 0.000000 0.000000 0.000000 0.000000 0.000000 0.000000 0.000000 0.000000 0.000000 0.000000 0.000000 0.000000 0.000000 0.000000 0.000000 0.000000 123.370569 123.305561 123.243346 123.196122 123.138338 123.118902 123.112233 123.105008 123.097783 123.091114 123.083889 123.076679 123.070010 123.062786 123.058895 123.061674 123.068899 123.076124 123.082793 123.090002 123.097227 123.104452 123.111677 123.118346 123.126667 123.177782 123.233898 123.294445 123.361677 0.000000 0.000000 0.000000 0.000000 0.000000 0.000000 0.000000 0.000000 0.000000 0.000000 0.000000
0.000000 0.000000 0.000000 0.000000 0.000000 0.000000 0.000000 0.000000 0.000000 0.000000 0.000000 0.000000 0.000000 0.000000 0.000000 0.000000 0.000000 123.359454 123.301115 123.233898 123.182228 123.127779 123.120013 123.113344 123.106119 123.098895 123.092225 123.085001 123.077791 123.071122 123.063897 123.060007 123.062786 123.070010 123.077235 123.083889 123.091114 123.098339 123.105564 123.112789 123.119458 123.126667 123.170557 123.225006 123.288903 123.351118 0.000000 0.000000 0.000000 0.000000 0.000000 0.000000 0.000000 0.000000 0.000000 0.000000 0.000000
0.000000 0.000000 0.000000 0.000000 0.000000 0.000000 0.000000 0.000000 0.000000 0.000000 0.000000 0.000000 0.000000 0.000000 0.000000 0.000000 123.415015 123.356119 123.288347 123.226118 123.172780 123.128335 123.121125 123.114456 123.107231 123.100006 123.093337 123.086112 123.078903 123.072233 123.065009 123.061118 123.063897 123.071122 123.078347 123.085001 123.092225 123.099450 123.106675 123.113900 123.120569 123.127779 123.167222 123.215558 123.283346 123.339447 123.405567 0.000000 0.000000 0.000000 0.000000 0.000000 0.000000 0.000000 0.000000 0.000000 0.000000
0.000000 0.000000 0.000000 0.000000 0.000000 0.000000 0.000000 0.000000 0.000000 0.000000 0.000000 0.000000 0.000000 0.000000 0.000000 0.000000 123.411124 123.346672 123.280567 123.217225 123.171668 123.129446 123.122236 123.115567 123.108342 123.101118 123.094449 123.087224 123.080014 123.073345 123.066120 123.062230 123.065009 123.072233 123.079458 123.086112 123.093337 123.100562 123.107787 123.115012 123.121681 123.128890 123.158901 123.210001 123.277788 123.331681 123.400009 0.000000 0.000000 0.000000 0.000000 0.000000 0.000000 0.000000 0.000000 0.000000 0.000000
0.000000 0.000000 0.000000 0.000000 0.000000 0.000000 0.000000 0.000000 0.000000 0.000000 0.000000 0.000000 0.000000 0.000000 0.000000 0.000000 123.397786 123.336668 123.270007 123.217781 123.161680 123.130558 123.123348 123.116679 123.109454 123.102229 123.095560 123.088335 123.081126 123.074456 123.067232 123.063341 123.066120 123.073345 123.080570 123.087224 123.094449 123.101673 123.108898 123.116123 123.122792 123.130002 123.158901 123.207793 123.262227 123.325012 123.392229 0.000000 0.000000 0.000000 0.000000 0.000000 0.000000 0.000000 0.000000 0.000000 0.000000
0.000000 0.000000 0.000000 0.000000 0.000000 0.000000 0.000000 0.000000 0.000000 0.000000 0.000000 0.000000 0.000000 0.000000 0.000000 0.000000 123.386115 123.322233 123.266117 123.208889 123.151121 123.131669 123.124459 123.117790 123.110566 123.103341 123.096672 123.089447 123.082237 123.075568 123.068343 123.064453 123.067232 123.074456 123.081681 123.088335 123.095560 123.102785 123.110010 123.117235 123.123904 123.131113 123.150009 123.203347 123.247236 123.316120 123.380558 0.000000 0.000000 0.000000 0.000000 0.000000 0.000000 0.000000 0.000000 0.000000 0.000000
0.000000 0.000000 0.000000 0.000000 0.000000 0.000000 0.000000 0.000000 0.000000 0.000000 0.000000 0.000000 0.000000 0.000000 0.000000 0.000000 123.374459 123.311674 123.252779 123.205570 123.146119 123.132781 123.125556 123.118902 123.111677 123.104452 123.097783 123.090558 123.083333 123.076679 123.069455 123.065564 123.068343 123.075568 123.082793 123.089447 123.096672 123.103896 123.111121 123.118346 123.125000 123.132225 123.140005 123.192787 123.243346 123.308895 123.365012 0.000000 0.000000 0.000000 0.000000 0.000000 0.000000 0.000000 0.000000 0.000000 0.000000
0.000000 0.000000 0.000000 0.000000 0.000000 0.000000 0.000000 0.000000 0.000000 0.000000 0.000000 0.000000 0.000000 0.000000 0.000000 0.000000 123.374459 123.302226 123.240567 123.194455 123.141117 123.133892 123.126667 123.120013 123.112789 123.105564 123.098895 123.091670 123.084445 123.077791 123.070566 123.066676 123.069455 123.076679 123.083889 123.090558 123.097783 123.105008 123.112233 123.119458 123.126112 123.133336 123.140561 123.186674 123.237789 123.297224 123.354452 0.000000 0.000000 0.000000 0.000000 0.000000 0.000000 0.000000 0.000000 0.000000 0.000000
0.000000 0.000000 0.000000 0.000000 0.000000 0.000000 0.000000 0.000000 0.000000 0.000000 0.000000 0.000000 0.000000 0.000000 0.000000 0.000000 123.360566 123.296668 123.236677 123.185007 123.142229 123.135004 123.127779 123.121125 123.113900 123.106675 123.100006 123.092781 123.085556 123.078903 123.071678 123.067787 123.070566 123.077791 123.085001 123.091670 123.098895 123.106119 123.113344 123.120569 123.127223 123.134448 123.141673 123.177782 123.224450 123.283901 123.349450 0.000000 0.000000 0.000000 0.000000 0.000000 0.000000 0.000000 0.000000 0.000000 0.000000
0.000000 0.000000 0.000000 0.000000 0.000000 0.000000 0.000000 0.000000 0.000000 0.000000 0.000000 0.000000 0.000000 0.000000 0.000000 123.415015 123.350562 123.290570 123.230564 123.177782 123.143340 123.136115 123.128890 123.122236 123.115012 123.107787 123.101118 123.093893 123.086668 123.080014 123.072789 123.068899 123.071678 123.078903 123.086112 123.092781 123.100006 123.107231 123.114456 123.121681 123.128335 123.135559 123.142784 123.172780 123.222227 123.275565 123.343893 123.401676 0.000000 0.000000 0.000000 0.000000 0.000000 0.000000 0.000000 0.000000 0.000000
0.000000 0.000000 0.000000 0.000000 0.000000 0.000000 0.000000 0.000000 0.000000 0.000000 0.000000 0.000000 0.000000 0.000000 0.000000 123.403899 123.338335 123.276121 123.231119 123.171113 123.144452 123.137227 123.130002 123.123348 123.116123 123.108898 123.102229 123.095004 123.087779 123.081126 123.073901 123.070010 123.072789 123.080014 123.087224 123.093893 123.101118 123.108342 123.115567 123.122792 123.129446 123.136671 123.143896 123.163347 123.220560 123.270563 123.331126 123.389450 0.000000 0.000000 0.000000 0.000000 0.000000 0.000000 0.000000 0.000000 0.000000
0.000000 0.000000 0.000000 0.000000 0.000000 0.000000 0.000000 0.000000 0.000000 0.000000 0.000000 0.000000 0.000000 0.000000 0.000000 123.397786 123.329458 123.271119 123.221672 123.165015 123.145563 123.138338 123.131113 123.124459 123.117235 123.110010 123.103341 123.096116 123.088891 123.082237 123.075012 123.071122 123.073901 123.081126 123.088335 123.095004 123.102229 123.109454 123.116679 123.123904 123.130558 123.137782 123.145007 123.155567 123.208333 123.261115 123.325012 123.381113 0.000000 0.000000 0.000000 0.000000 0.000000 0.000000 0.000000 0.000000 0.000000
0.000000 0.000000 0.000000 0.000000 0.000000 0.000000 0.000000 0.000000 0.000000 0.000000 0.000000 0.000000 0.000000 0.000000 0.000000 123.385004 123.319455 123.262227 123.209445 123.155011 123.146675 123.139450 123.132225 123.125556 123.118346 123.111121 123.104452 123.097227 123.090002 123.083333 123.076124 123.072233 123.075012 123.082237 123.089447 123.096116 123.103341 123.110566 123.117790 123.125000 123.131669 123.138894 123.146119 123.153344 123.203903 123.251667 123.312230 123.371125 0.000000 0.000000 0.000000 0.000000 0.000000 0.000000 0.000000 0.000000 0.000000
0.000000 0.000000 0.000000 0.000000 0.000000 0.000000 0.000000 0.000000 0.000000 0.000000 0.000000 0.000000 0.000000 0.000000 0.000000 123.376112 123.311674 123.253335 123.201679 123.154455 123.147786 123.140561 123.133336 123.126667 123.119458 123.112233 123.105564 123.098339 123.091114 123.084445 123.077235 123.073345 123.076124 123.083333 123.090558 123.097227 123.104452 123.111677 123.118902 123.126112 123.132781 123.140005 123.147230 123.153899 123.195566 123.238344 123.301670 123.364456 0.000000 0.000000 0.000000 0.000000 0.000000 0.000000 0.000000 0.000000 0.000000
0.000000 0.000000 0.000000 0.000000 0.000000 0.000000 0.000000 0.000000 0.000000 0.000000 0.000000 0.000000 0.000000 0.000000 0.000000 123.368902 123.306116 123.243902 123.200568 123.155567 123.148898 123.141673 123.134448 123.127779 123.120569 123.113344 123.106675 123.099450 123.092225 123.085556 123.078347 123.074456 123.077235 123.084445 123.091670 123.098339 123.105564 123.112789 123.120013 123.127223 123.133892 123.141117 123.148342 123.155011 123.196122 123.238900 123.293890 123.358898 0.000000 0.000000 0.000000 0.000000 0.000000 0.000000 0.000000 0.000000 0.000000
0.000000 0.000000 0.000000 0.000000 0.000000 0.000000 0.000000 0.000000 0.000000 0.000000 0.000000 0.000000 0.000000 0.000000 0.000000 123.358898 123.298336 123.243346 123.188341 123.156678 123.150009 123.142784 123.135559 123.128890 123.121681 123.114456 123.107787 123.100562 123.093337 123.086668 123.079458 123.075568 123.078347 123.085556 123.092781 123.099450 123.106675 123.113900 123.121125 123.128335 123.135004 123.142229 123.149453 123.156123 123.188341 123.236121 123.287236 123.351673 123.407790 0.000000 0.000000 0.000000 0.000000 0.000000 0.000000 0.000000 0.000000
0.000000 0.000000 0.000000 0.000000 0.000000 0.000000 0.000000 0.000000 0.000000 0.000000 0.000000 0.000000 0.000000 0.000000 123.412236 123.347783 123.285569 123.238900 123.178893 123.157790 123.151121 123.143896 123.136671 123.130002 123.122792 123.115567 123.108898 123.101673 123.094449 123.087779 123.080570 123.076679 123.079458 123.086668 123.093893 123.100562 123.107787 123.115012 123.122236 123.129446 123.136115 123.143340 123.150565 123.157234 123.176670 123.225006 123.275009 123.336668 123.396675 0.000000 0.000000 0.000000 0.000000 0.000000 0.000000 0.000000 0.000000
0.000000 0.000000 0.000000 0.000000 0.000000 0.000000 0.000000 0.000000 0.000000 0.000000 0.000000 0.000000 0.000000 0.000000 123.402788 123.336112 123.276676 123.228341 123.178893 123.158901 123.152232 123.145007 123.137782 123.131113 123.123904 123.116679 123.110010 123.102785 123.095560 123.088891 123.081681 123.077791 123.080570 123.087779 123.095004 123.101673 123.108898 123.116123 123.123348 123.130558 123.137227 123.144452 123.151676 123.158346 123.167222 123.217781 123.265561 123.334445 123.391673 0.000000 0.000000 0.000000 0.000000 0.000000 0.000000 0.000000 0.000000
0.000000 0.000000 0.000000 0.000000 0.000000 0.000000 0.000000 0.000000 0.000000 0.000000 0.000000 0.000000 0.000000 0.000000 123.400009 123.334445 123.271675 123.225006 123.167778 123.160013 123.153344 123.146119 123.138894 123.132225 123.125000 123.117790 123.111121 123.103896 123.096672 123.090002 123.082793 123.078903 123.081681 123.088891 123.096116 123.102785 123.110010 123.117235 123.124459 123.131669 123.138338 123.145563 123.152788 123.159457 123.166667 123.210001 123.261115 123.322789 123.382781 0.000000 0.000000 0.000000 0.000000 0.000000 0.000000 0.000000 0.000000
0.000000 0.000000 0.000000 0.000000 0.000000 0.000000 0.000000 0.000000 0.000000 0.000000 0.000000 0.000000 0.000000 0.000000 123.386671 123.322233 123.266673 123.212779 123.168334 123.161124 123.154455 123.147230 123.140005 123.133336 123.126112 123.118902 123.112233 123.105008 123.097783 123.091114 123.083889 123.080014 123.082793 123.090002 123.097227 123.103896 123.111121 123.118346 123.125556 123.132781 123.139450 123.146675 123.153899 123.160569 123.167778 123.208889 123.251667 123.309451 123.375556 0.000000 0.000000 0.000000 0.000000 0.000000 0.000000 0.000000 0.000000
0.000000 0.000000 0.000000 0.000000 0.000000 0.000000 0.000000 0.000000 0.000000 0.000000 0.000000 0.000000 0.000000 0.000000 123.374459 123.309451 123.257225 123.212224 123.169445 123.162236 123.155567 123.148342 123.141117 123.134448 123.127223 123.120013 123.113344 123.106119 123.098895 123.092225 123.085001 123.081126 123.083889 123.091114 123.098339 123.105008 123.112233 123.119458 123.126667 123.133892 123.140561 123.147786 123.155011 123.161680 123.168890 123.201124 123.250556 123.302226 123.363900 0.000000 0.000000 0.000000 0.000000 0.000000 0.000000 0.000000 0.000000
0.000000 0.000000 0.000000 0.000000 0.000000 0.000000 0.000000 0.000000 0.000000 0.000000 0.000000 0.000000 0.000000 0.000000 123.368902 123.300559 123.254446 123.198345 123.170557 123.163347 123.156678 123.149453 123.142229 123.135559 123.128335 123.121125 123.114456 123.107231 123.100006 123.093337 123.086112 123.082237 123.085001 123.092225 123.099450 123.106119 123.113344 123.120569 123.127779 123.135004 123.141673 123.148898 123.156123 123.162792 123.170001 123.191120 123.240012 123.298336 123.360010 0.000000 0.000000 0.000000 0.000000 0.000000 0.000000 0.000000 0.000000
0.000000 0.000000 0.000000 0.000000 0.000000 0.000000 0.000000 0.000000 0.000000 0.000000 0.000000 0.000000 0.000000 0.000000 123.359454 123.296113 123.242235 123.194455 123.171668 123.164459 123.157790 123.150565 123.143340 123.136671 123.129446 123.122236 123.115567 123.108342 123.101118 123.094449 123.087224 123.083333 123.086112 123.093337 123.100562 123.107231 123.114456 123.121681 123.128890 123.136115 123.142784 123.150009 123.157234 123.163903 123.171113 123.190009 123.238900 123.286124 123.347783 123.408346 0.000000 0.000000 0.000000 0.000000 0.000000 0.000000 0.000000
0.000000 0.000000 0.000000 0.000000 0.000000 0.000000 0.000000 0.000000 0.000000 0.000000 0.000000 0.000000 0.000000 123.410013 123.347227 123.290015 123.242235 123.183339 123.172780 123.165570 123.158901 123.151676 123.144452 123.137782 123.130558 123.123348 123.116679 123.109454 123.102229 123.095560 123.088335 123.084445 123.087224 123.094449 123.101673 123.108342 123.115567 123.122792 123.130002 123.137227 123.143896 123.151121 123.158346 123.165015 123.172224 123.180005 123.232787 123.275565 123.334445 123.396675 0.000000 0.000000 0.000000 0.000000 0.000000 0.000000 0.000000
