FireSTARR/test/constant/C2_S000_A000_WD045_WS000/arrival.asc
ncols         49
nrows         49
xllcorner     424203.990666
yllcorner     12746355.311160
cellsize      100.000000
NODATA_value  0.000000
[rows 0 to 29 of 49, columns 0 to 48 of 49]
0.000000 0.000000 0.000000 0.000000 0.000000 0.000000 0.000000 0.000000 0.000000 0.000000 0.000000 0.000000 0.000000 0.000000 0.000000 0.000000 0.000000 0.000000 0.000000 0.000000 0.000000 0.000000 123.416667 123.408630 123.408630 123.408630 123.416667 0.000000 0.000000 0.000000 0.000000 0.000000 0.000000 0.000000 0.000000 0.000000 0.000000 0.000000 0.000000 0.000000 0.000000 0.000000 0.000000 0.000000 0.000000 0.000000 0.000000 0.000000 0.000000
0.000000 0.000000 0.000000 0.000000 0.000000 0.000000 0.000000 0.000000 0.000000 0.000000 0.000000 0.000000 0.000000 0.000000 0.000000 0.000000 123.416667 123.416667 123.408630 123.408630 123.408630 123.400222 123.400222 123.391815 123.391815 123.391815 123.400222 123.400222 123.408630 123.408630 123.416667 0.000000 0.000000 0.000000 0.000000 0.000000 0.000000 0.000000 0.000000 0.000000 0.000000 0.000000 0.000000 0.000000 0.000000 0.000000 0.000000 0.000000 0.000000
0.000000 0.000000 0.000000 0.000000 0.000000 0.000000 0.000000 0.000000 0.000000 0.000000 0.000000 0.000000 0.000000 0.000000 123.416667 123.408630 123.400222 123.400222 123.391815 123.391815 123.391815 123.383407 123.383407 123.375000 123.375000 123.375000 123.383407 123.383407 123.391815 123.391815 123.400222 123.400222 123.408630 123.416667 123.416667 0.000000 0.000000 0.000000 0.000000 0.000000 0.000000 0.000000 0.000000 0.000000 0.000000 0.000000 0.000000 0.000000 0.000000
0.000000 0.000000 0.000000 0.000000 0.000000 0.000000 0.000000 0.000000 0.000000 0.000000 0.000000 0.000000 123.416667 123.408630 123.400222 123.391815 123.391815 123.383407 123.375000 123.375000 123.375000 123.366963 123.366963 123.358556 123.358556 123.358556 123.366963 123.366963 123.375000 123.375000 123.383407 123.383407 123.391815 123.391815 123.408630 123.408630 123.416667 0.000000 0.000000 0.000000 0.000000 0.000000 0.000000 0.000000 0.000000 0.000000 0.000000 0.000000 0.000000
0.000000 0.000000 0.000000 0.000000 0.000000 0.000000 0.000000 0.000000 0.000000 0.000000 123.416667 123.408630 123.400222 123.391815 123.383407 123.375000 123.375000 123.366963 123.358556 123.358556 123.358556 123.350148 123.350148 123.341741 123.341741 123.341741 123.350148 123.350148 123.358556 123.358556 123.366963 123.366963 123.375000 123.383407 123.383407 123.391815 123.400222 123.408630 123.416667 0.000000 0.000000 0.000000 0.000000 0.000000 0.000000 0.000000 0.000000 0.000000 0.000000
0.000000 0.000000 0.000000 0.000000 0.000000 0.000000 0.000000 0.000000 123.416667 123.408630 123.408630 123.391815 123.383407 123.375000 123.366963 123.366963 123.350148 123.350148 123.341741 123.341741 123.341741 123.333333 123.333333 123.325296 123.325296 123.325296 123.333333 123.333333 123.341741 123.341741 123.350148 123.350148 123.358556 123.366963 123.366963 123.375000 123.391815 123.391815 123.400222 123.408630 123.416667 0.000000 0.000000 0.000000 0.000000 0.000000 0.000000 0.000000 0.000000
0.000000 0.000000 0.000000 0.000000 0.000000 0.000000 0.000000 123.416667 123.400222 123.391815 123.391815 123.383407 123.366963 123.358556 123.350148 123.350148 123.341741 123.333333 123.325296 123.325296 123.325296 123.316889 123.308482 123.308482 123.308482 123.308482 123.308482 123.316889 123.325296 123.325296 123.333333 123.333333 123.341741 123.350148 123.350148 123.358556 123.366963 123.375000 123.391815 123.391815 123.400222 123.408630 123.416667 0.000000 0.000000 0.000000 0.000000 0.000000 0.000000
0.000000 0.000000 0.000000 0.000000 0.000000 0.000000 123.408630 123.400222 123.391815 123.383407 123.366963 123.366963 123.358556 123.350148 123.333333 123.333333 123.325296 123.316889 123.308482 123.308482 123.300074 123.300074 123.291667 123.291667 123.291667 123.291667 123.291667 123.300074 123.300074 123.308482 123.316889 123.316889 123.325296 123.333333 123.333333 123.350148 123.350148 123.358556 123.366963 123.383407 123.383407 123.391815 123.408630 0.000000 0.000000 0.000000 0.000000 0.000000 0.000000
0.000000 0.000000 0.000000 0.000000 0.000000 123.416667 123.400222 123.391815 123.375000 123.366963 123.358556 123.350148 123.341741 123.333333 123.325296 123.316889 123.308482 123.300074 123.291667 123.291667 123.283630 123.283630 123.275222 123.275222 123.275222 123.275222 123.275222 123.283630 123.283630 123.291667 123.291667 123.308482 123.308482 123.316889 123.325296 123.325296 123.341741 123.350148 123.358556 123.366963 123.375000 123.383407 123.400222 123.416667 0.000000 0.000000 0.000000 0.000000 0.000000
0.000000 0.000000 0.000000 0.000000 0.000000 123.408630 123.391815 123.383407 123.366963 123.350148 123.341741 123.333333 123.325296 123.316889 123.308482 123.300074 123.291667 123.283630 123.275222 123.275222 123.266815 123.266815 123.258407 123.258407 123.258407 123.258407 123.258407 123.266815 123.266815 123.275222 123.283630 123.283630 123.291667 123.300074 123.308482 123.316889 123.325296 123.333333 123.341741 123.350148 123.366963 123.383407 123.391815 123.408630 0.000000 0.000000 0.000000 0.000000 0.000000
0.000000 0.000000 0.000000 0.000000 123.416667 123.400222 123.391815 123.375000 123.358556 123.341741 123.325296 123.316889 123.308482 123.308482 123.300074 123.283630 123.275222 123.266815 123.258407 123.258407 123.250000 123.250000 123.241963 123.241963 123.241963 123.241963 123.241963 123.250000 123.250000 123.258407 123.266815 123.266815 123.275222 123.283630 123.291667 123.300074 123.308482 123.316889 123.325296 123.341741 123.358556 123.366963 123.383407 123.400222 123.416667 0.000000 0.000000 0.000000 0.000000
0.000000 0.000000 0.000000 0.000000 123.408630 123.400222 123.375000 123.366963 123.350148 123.333333 123.316889 123.300074 123.291667 123.283630 123.275222 123.266815 123.266815 123.250000 123.241963 123.241963 123.233556 123.233556 123.225148 123.216741 123.216741 123.216741 123.225148 123.233556 123.233556 123.241963 123.241963 123.250000 123.258407 123.266815 123.275222 123.283630 123.291667 123.300074 123.316889 123.333333 123.350148 123.358556 123.383407 123.391815 123.408630 0.000000 0.000000 0.000000 0.000000
0.000000 0.000000 0.000000 123.416667 123.400222 123.383407 123.366963 123.358556 123.341741 123.325296 123.308482 123.291667 123.275222 123.266815 123.258407 123.250000 123.241963 123.233556 123.233556 123.225148 123.216741 123.208333 123.208333 123.200296 123.200296 123.200296 123.208333 123.208333 123.216741 123.225148 123.233556 123.233556 123.241963 123.250000 123.258407 123.266815 123.275222 123.291667 123.308482 123.325296 123.341741 123.350148 123.366963 123.391815 123.400222 123.416667 0.000000 0.000000 0.000000
0.000000 0.000000 0.000000 123.416667 123.391815 123.375000 123.358556 123.341741 123.333333 123.316889 123.300074 123.283630 123.266815 123.258407 123.250000 123.233556 123.225148 123.225148 123.216741 123.208333 123.200296 123.191889 123.191889 123.183482 123.183482 123.183482 123.191889 123.191889 123.200296 123.208333 123.216741 123.225148 123.225148 123.233556 123.241963 123.250000 123.266815 123.283630 123.300074 123.316889 123.325296 123.350148 123.358556 123.375000 123.391815 123.408630 0.000000 0.000000 0.000000
0.000000 0.000000 0.000000 123.408630 123.391815 123.375000 123.358556 123.333333 123.325296 123.308482 123.291667 123.275222 123.258407 123.241963 123.233556 123.225148 123.216741 123.200296 123.200296 123.191889 123.183482 123.175074 123.175074 123.166667 123.166667 123.166667 123.175074 123.175074 123.183482 123.191889 123.191889 123.200296 123.216741 123.216741 123.225148 123.241963 123.258407 123.275222 123.291667 123.308482 123.325296 123.333333 123.350148 123.366963 123.383407 123.408630 123.416667 0.000000 0.000000
0.000000 0.000000 123.416667 123.400222 123.383407 123.366963 123.350148 123.333333 123.316889 123.300074 123.283630 123.266815 123.250000 123.233556 123.225148 123.208333 123.200296 123.191889 123.183482 123.175074 123.166667 123.158630 123.158630 123.150222 123.150222 123.150222 123.158630 123.158630 123.166667 123.175074 123.183482 123.191889 123.200296 123.208333 123.216741 123.233556 123.250000 123.266815 123.283630 123.300074 123.316889 123.333333 123.350148 123.366963 123.383407 123.391815 123.416667 0.000000 0.000000
0.000000 0.000000 123.408630 123.391815 123.375000 123.358556 123.341741 123.325296 123.308482 123.291667 123.275222 123.258407 123.241963 123.225148 123.216741 123.200296 123.183482 123.175074 123.166667 123.158630 123.150222 123.141815 123.141815 123.133407 123.133407 123.133407 123.141815 123.141815 123.150222 123.158630 123.166667 123.175074 123.183482 123.200296 123.216741 123.225148 123.241963 123.258407 123.275222 123.291667 123.308482 123.325296 123.341741 123.358556 123.375000 123.391815 123.408630 0.000000 0.000000
0.000000 0.000000 123.408630 123.391815 123.375000 123.350148 123.333333 123.316889 123.300074 123.283630 123.266815 123.250000 123.233556 123.225148 123.208333 123.191889 123.175074 123.158630 123.150222 123.141815 123.133407 123.133407 123.116963 123.116963 123.116963 123.116963 123.116963 123.125000 123.133407 123.141815 123.150222 123.158630 123.175074 123.191889 123.200296 123.225148 123.233556 123.250000 123.266815 123.283630 123.308482 123.316889 123.333333 123.350148 123.366963 123.383407 123.400222 0.000000 0.000000
0.000000 123.416667 123.400222 123.383407 123.366963 123.350148 123.333333 123.316889 123.300074 123.283630 123.258407 123.250000 123.233556 123.208333 123.200296 123.183482 123.166667 123.150222 123.133407 123.125000 123.125000 123.108556 123.100148 123.100148 123.100148 123.100148 123.100148 123.108556 123.116963 123.125000 123.133407 123.150222 123.166667 123.183482 123.191889 123.216741 123.233556 123.241963 123.266815 123.283630 123.291667 123.316889 123.333333 123.350148 123.366963 123.383407 123.400222 123.416667 0.000000
0.000000 123.416667 123.400222 123.383407 123.358556 123.341741 123.325296 123.308482 123.291667 123.275222 123.258407 123.241963 123.225148 123.208333 123.191889 123.175074 123.158630 123.141815 123.125000 123.108556 123.100148 123.091741 123.083333 123.083333 123.083333 123.083333 123.091741 123.091741 123.100148 123.108556 123.125000 123.141815 123.158630 123.175074 123.191889 123.208333 123.225148 123.241963 123.258407 123.275222 123.291667 123.308482 123.325296 123.341741 123.358556 123.375000 123.391815 123.408630 0.000000
0.000000 123.408630 123.391815 123.375000 123.358556 123.341741 123.325296 123.308482 123.291667 123.266815 123.250000 123.233556 123.216741 123.200296 123.183482 123.166667 123.150222 123.133407 123.116963 123.100148 123.091741 123.083333 123.066889 123.066889 123.066889 123.066889 123.066889 123.075296 123.083333 123.100148 123.116963 123.133407 123.150222 123.166667 123.183482 123.200296 123.216741 123.233556 123.250000 123.266815 123.283630 123.300074 123.325296 123.341741 123.358556 123.375000 123.391815 123.408630 0.000000
0.000000 123.408630 123.391815 123.375000 123.358556 123.341741 123.316889 123.300074 123.283630 123.266815 123.250000 123.233556 123.216741 123.200296 123.183482 123.166667 123.150222 123.133407 123.108556 123.091741 123.083333 123.066889 123.058482 123.050074 123.050074 123.050074 123.058482 123.058482 123.075296 123.091741 123.108556 123.125000 123.141815 123.158630 123.175074 123.191889 123.208333 123.233556 123.250000 123.266815 123.283630 123.300074 123.316889 123.333333 123.350148 123.366963 123.383407 123.400222 0.000000
0.000000 123.400222 123.383407 123.366963 123.350148 123.333333 123.316889 123.300074 123.283630 123.266815 123.250000 123.233556 123.208333 123.191889 123.175074 123.158630 123.141815 123.125000 123.108556 123.091741 123.075296 123.058482 123.041667 123.033630 123.025222 123.033630 123.041667 123.058482 123.066889 123.091741 123.100148 123.116963 123.141815 123.158630 123.175074 123.191889 123.208333 123.225148 123.241963 123.258407 123.275222 123.291667 123.308482 123.333333 123.350148 123.366963 123.383407 123.400222 123.416667
123.416667 123.400222 123.383407 123.366963 123.350148 123.325296 123.308482 123.291667 123.275222 123.258407 123.241963 123.225148 123.208333 123.191889 123.175074 123.158630 123.141815 123.116963 123.100148 123.083333 123.066889 123.050074 123.033630 123.016815 123.008407 123.016815 123.033630 123.050074 123.066889 123.083333 123.100148 123.116963 123.133407 123.150222 123.166667 123.183482 123.200296 123.216741 123.241963 123.258407 123.275222 123.291667 123.308482 123.325296 123.341741 123.358556 123.375000 123.391815 123.408630
123.416667 123.400222 123.383407 123.358556 123.341741 123.325296 123.308482 123.291667 123.275222 123.258407 123.241963 123.225148 123.208333 123.191889 123.166667 123.150222 123.133407 123.116963 123.100148 123.083333 123.066889 123.050074 123.033630 123.016815 123.000000 123.008407 123.025222 123.050074 123.066889 123.083333 123.100148 123.116963 123.133407 123.150222 123.166667 123.183482 123.200296 123.216741 123.241963 123.258407 123.275222 123.291667 123.308482 123.325296 123.341741 123.358556 123.375000 123.391815 123.408630
123.416667 123.400222 123.383407 123.358556 123.341741 123.325296 123.308482 123.291667 123.275222 123.258407 123.241963 123.225148 123.208333 123.191889 123.166667 123.150222 123.133407 123.116963 123.100148 123.083333 123.066889 123.050074 123.033630 123.016815 123.016815 123.016815 123.033630 123.050074 123.066889 123.083333 123.100148 123.116963 123.133407 123.150222 123.166667 123.183482 123.200296 123.216741 123.241963 123.258407 123.275222 123.291667 123.308482 123.325296 123.341741 123.358556 123.375000 123.391815 123.408630
123.416667 123.400222 123.383407 123.358556 123.341741 123.325296 123.308482 123.291667 123.275222 123.258407 123.241963 123.225148 123.208333 123.191889 123.166667 123.150222 123.133407 123.116963 123.100148 123.083333 123.075296 123.058482 123.041667 123.033630 123.033630 123.033630 123.041667 123.058482 123.066889 123.083333 123.100148 123.116963 123.141815 123.150222 123.166667 123.191889 123.208333 123.225148 123.241963 123.258407 123.275222 123.291667 123.308482 123.325296 123.341741 123.358556 123.383407 123.400222 123.416667
123.416667 123.400222 123.383407 123.358556 123.341741 123.325296 123.308482 123.291667 123.275222 123.258407 123.241963 123.225148 123.208333 123.191889 123.175074 123.158630 123.141815 123.125000 123.108556 123.100148 123.083333 123.066889 123.058482 123.050074 123.050074 123.050074 123.058482 123.066889 123.083333 123.091741 123.108556 123.125000 123.141815 123.158630 123.175074 123.191889 123.208333 123.225148 123.241963 123.258407 123.275222 123.291667 123.308482 123.333333 123.350148 123.366963 123.383407 123.400222 123.416667
123.416667 123.400222 123.383407 123.366963 123.350148 123.333333 123.308482 123.291667 123.275222 123.258407 123.241963 123.225148 123.208333 123.200296 123.183482 123.166667 123.150222 123.133407 123.116963 123.108556 123.091741 123.083333 123.075296 123.066889 123.066889 123.066889 123.075296 123.083333 123.091741 123.100148 123.125000 123.133407 123.150222 123.166667 123.183482 123.200296 123.216741 123.233556 123.241963 123.258407 123.283630 123.300074 123.316889 123.333333 123.350148 123.366963 123.383407 123.400222 123.416667
123.416667 123.400222 123.383407 123.366963 123.350148 123.333333 123.316889 123.300074 123.283630 123.266815 123.250000 123.233556 123.216741 123.200296 123.191889 123.175074 123.158630 123.141815 123.133407 123.116963 123.108556 123.100148 123.091741 123.083333 123.083333 123.083333 123.091741 123.100148 123.100148 123.108556 123.125000 123.141815 123.158630 123.175074 123.191889 123.200296 123.216741 123.233556 123.250000 123.266815 123.283630 123.300074 123.316889 123.333333 123.350148 123.366963 123.383407 123.400222 0.000000
