FireSTARR/test/constant/O1a_S060_A000_WD315_WS020/arrival.asc
ncols         736
nrows         120
xllcorner     353103.990666
yllcorner     12738155.311160
cellsize      100.000000
NODATA_value  0.000000
[rows 81 to 107 of 120, columns 120 to 179 of 736]
0.000000 0.000000 0.000000 0.000000 0.000000 0.000000 0.000000 0.000000 0.000000 0.000000 0.000000 0.000000 0.000000 0.000000 0.000000 0.000000 0.000000 0.000000 0.000000 0.000000 0.000000 0.000000 0.000000 0.000000 0.000000 0.000000 0.000000 0.000000 0.000000 0.000000 0.000000 0.000000 0.000000 0.000000 0.000000 0.000000 0.000000 0.000000 0.000000 0.000000 0.000000 0.000000 0.000000 0.000000 0.000000 0.000000 0.000000 0.000000 0.000000 0.000000 0.000000 0.000000 0.000000 0.000000 0.000000 0.000000 0.000000 0.000000 123.416633 123.415236
0.000000 0.000000 0.000000 0.000000 0.000000 0.000000 0.000000 0.000000 0.000000 0.000000 0.000000 0.000000 0.000000 0.000000 0.000000 0.000000 0.000000 0.000000 0.000000 0.000000 0.000000 0.000000 0.000000 0.000000 0.000000 0.000000 0.000000 0.000000 0.000000 0.000000 0.000000 0.000000 0.000000 0.000000 0.000000 0.000000 0.000000 0.000000 0.000000 0.000000 0.000000 0.000000 0.000000 0.000000 0.000000 0.000000 0.000000 0.000000 0.000000 0.000000 0.000000 0.000000 0.000000 0.000000 123.415794 123.414118 123.412162 123.410206 123.408809 123.406574
0.000000 0.000000 0.000000 0.000000 0.000000 0.000000 0.000000 0.000000 0.000000 0.000000 0.000000 0.000000 0.000000 0.000000 0.000000 0.000000 0.000000 0.000000 0.000000 0.000000 0.000000 0.000000 0.000000 0.000000 0.000000 0.000000 0.000000 0.000000 0.000000 0.000000 0.000000 0.000000 0.000000 0.000000 0.000000 0.000000 0.000000 0.000000 0.000000 0.000000 0.000000 0.000000 0.000000 0.000000 0.000000 0.000000 0.000000 0.000000 0.000000 123.416633 123.414677 123.412721 123.410765 123.409088 123.407412 123.405456 123.403500 123.401544 123.399588 123.397633
0.000000 0.000000 0.000000 0.000000 0.000000 0.000000 0.000000 0.000000 0.000000 0.000000 0.000000 0.000000 0.000000 0.000000 0.000000 0.000000 0.000000 0.000000 0.000000 0.000000 0.000000 0.000000 0.000000 0.000000 0.000000 0.000000 0.000000 0.000000 0.000000 0.000000 0.000000 0.000000 0.000000 0.000000 0.000000 0.000000 0.000000 0.000000 0.000000 0.000000 0.000000 0.000000 0.000000 0.000000 0.000000 123.415236 123.413280 123.411603 123.409647 123.407691 123.406294 123.404059 123.402383 123.400427 123.398750 123.397074 123.395118 123.393441 123.391485 123.389530
0.000000 0.000000 0.000000 0.000000 0.000000 0.000000 0.000000 0.000000 0.000000 0.000000 0.000000 0.000000 0.000000 0.000000 0.000000 0.000000 0.000000 0.000000 0.000000 0.000000 0.000000 0.000000 0.000000 0.000000 0.000000 0.000000 0.000000 0.000000 0.000000 0.000000 0.000000 0.000000 0.000000 0.000000 0.000000 0.000000 0.000000 0.000000 0.000000 123.416353 123.414397 123.412721 123.410486 123.408809 123.407133 123.405177 123.403500 123.401544 123.399588 123.397912 123.395677 123.394559 123.392324 123.390647 123.388971 123.387015 123.385059 123.383103 123.381427 123.379471
0.000000 0.000000 0.000000 0.000000 0.000000 0.000000 0.000000 0.000000 0.000000 0.000000 0.000000 0.000000 0.000000 0.000000 0.000000 0.000000 0.000000 0.000000 0.000000 0.000000 0.000000 0.000000 0.000000 0.000000 0.000000 0.000000 0.000000 0.000000 0.000000 0.000000 0.000000 0.000000 0.000000 0.000000 123.416353 123.414118 123.412441 123.410765 123.408809 123.407133 123.405177 123.403221 123.401544 123.399309 123.398191 123.395956 123.394280 123.392603 123.390647 123.389250 123.387294 123.385059 123.383941 123.381706 123.380029 123.378353 123.376397 123.374687 123.372731 123.371054
0.000000 0.000000 0.000000 0.000000 0.000000 0.000000 0.000000 0.000000 0.000000 0.000000 0.000000 0.000000 0.000000 0.000000 0.000000 0.000000 0.000000 0.000000 0.000000 0.000000 0.000000 0.000000 0.000000 0.000000 0.000000 0.000000 0.000000 0.000000 0.000000 123.416667 123.414956 123.413559 123.411603 123.409927 123.407691 123.406015 123.404338 123.402383 123.400427 123.398471 123.396794 123.395118 123.392882 123.391765 123.389530 123.387853 123.386177 123.384221 123.382265 123.380309 123.378632 123.376676 123.374687 123.373569 123.371334 123.369657 123.367981 123.366025 123.364628 123.362672
0.000000 0.000000 0.000000 0.000000 0.000000 0.000000 0.000000 0.000000 0.000000 0.000000 0.000000 0.000000 0.000000 0.000000 0.000000 0.000000 0.000000 0.000000 0.000000 0.000000 0.000000 0.000000 0.000000 0.000000 0.000000 123.416353 123.414397 123.412721 123.410765 123.408809 123.407133 123.405177 123.403500 123.401544 123.399868 123.397633 123.395956 123.394280 123.392324 123.390647 123.388691 123.386735 123.385338 123.383382 123.381706 123.379471 123.377515 123.376118 123.374128 123.372172 123.370495 123.368260 123.367142 123.364907 123.363231 123.361554 123.359598 123.357642 123.355686 123.354010
0.000000 0.000000 0.000000 0.000000 0.000000 0.000000 0.000000 0.000000 0.000000 0.000000 0.000000 0.000000 0.000000 0.000000 0.000000 0.000000 0.000000 0.000000 0.000000 0.000000 123.416633 123.414397 123.412721 123.411044 123.409088 123.407133 123.405177 123.403221 123.401265 123.399588 123.397633 123.395677 123.394280 123.392324 123.390368 123.388412 123.386735 123.385059 123.383103 123.381147 123.379191 123.377515 123.375559 123.373569 123.371892 123.369937 123.367981 123.366025 123.364348 123.362672 123.360716 123.359319 123.357084 123.355128 123.353731 123.351495 123.349819 123.347863 123.346186 123.344230
0.000000 0.000000 0.000000 0.000000 0.000000 0.000000 0.000000 0.000000 0.000000 0.000000 0.000000 0.000000 0.000000 0.000000 0.000000 0.000000 123.415794 123.413839 123.411883 123.409927 123.407971 123.406015 123.404059 123.402103 123.400147 123.398471 123.396794 123.394838 123.392882 123.390927 123.389250 123.387294 123.385338 123.383941 123.381706 123.380029 123.378074 123.376397 123.374407 123.372451 123.371054 123.368819 123.366863 123.365466 123.363231 123.361554 123.359598 123.357922 123.356245 123.354289 123.352892 123.350657 123.348701 123.347304 123.345069 123.343392 123.341436 123.339760 123.338083 123.336127
0.000000 0.000000 0.000000 0.000000 0.000000 0.000000 0.000000 0.000000 0.000000 0.000000 0.000000 123.416667 123.414956 123.412721 123.411324 123.409368 123.407412 123.405456 123.403780 123.401544 123.399868 123.398191 123.396235 123.394280 123.392324 123.390368 123.388412 123.386735 123.384779 123.382824 123.381427 123.379471 123.377794 123.375838 123.373848 123.372172 123.370216 123.368539 123.366863 123.364907 123.362951 123.360995 123.359319 123.357363 123.355407 123.354010 123.352054 123.350378 123.348142 123.346186 123.344789 123.342833 123.340878 123.338922 123.337245 123.335569 123.333613 123.331902 123.330226 123.328270
0.000000 0.000000 0.000000 0.000000 123.416633 123.414677 123.413280 123.411324 123.409368 123.407412 123.405736 123.404059 123.402103 123.400427 123.398471 123.396515 123.395118 123.393162 123.391485 123.389809 123.387853 123.386456 123.384221 123.382265 123.380868 123.378912 123.377235 123.375559 123.373569 123.371892 123.369657 123.367981 123.366304 123.364348 123.362672 123.360995 123.358760 123.357642 123.355407 123.353731 123.352054 123.350098 123.348701 123.346745 123.344510 123.343392 123.341157 123.339480 123.337804 123.335848 123.334451 123.332740 123.330505 123.329108 123.327152 123.325196 123.323799 123.321843 123.319887 123.318490
123.415794 123.413839 123.412162 123.410206 123.408250 123.406853 123.404897 123.402941 123.400985 123.399309 123.397633 123.395677 123.394000 123.392044 123.390088 123.388691 123.386735 123.385059 123.383103 123.381147 123.380029 123.378632 123.377235 123.375279 123.373289 123.371892 123.369657 123.367981 123.366025 123.364348 123.362672 123.360716 123.359039 123.357084 123.355128 123.353731 123.351495 123.349819 123.347863 123.346186 123.344510 123.342554 123.340878 123.338922 123.336966 123.335289 123.333299 123.331623 123.329667 123.327711 123.326314 123.324079 123.322402 123.320446 123.318770 123.317093 123.316534 123.315976 123.315417 123.314858
123.406853 123.404897 123.403221 123.401544 123.399588 123.397912 123.396235 123.395677 123.394838 123.392882 123.390927 123.388971 123.387015 123.385059 123.383103 123.381427 123.379191 123.377515 123.375838 123.373848 123.371892 123.370495 123.369657 123.368260 123.366304 123.364348 123.362392 123.360436 123.358481 123.356804 123.355128 123.353172 123.351216 123.349260 123.347304 123.345348 123.343672 123.341716 123.339760 123.338083 123.336127 123.334451 123.332740 123.330785 123.328829 123.326873 123.324917 123.322961 123.321285 123.320726 123.320167 123.319608 123.318770 123.318211 123.317652 123.317373 123.317652 123.319049 123.319608 123.320726
123.399868 123.399030 123.397074 123.395677 123.393441 123.391765 123.389809 123.387853 123.386456 123.384500 123.382544 123.380588 123.378912 123.376956 123.374966 123.373289 123.371334 123.369657 123.367981 123.366025 123.364348 123.362392 123.360436 123.359039 123.357084 123.355407 123.353451 123.351495 123.349819 123.347863 123.345907 123.343951 123.341995 123.340039 123.338083 123.336127 123.334172 123.332182 123.330226 123.328549 123.326593 123.325476 123.324637 123.324079 123.323520 123.322961 123.322402 123.321843 123.321285 123.321843 123.322402 123.323520 123.324079 123.324917 123.326035 123.326593 123.326873 123.327990 123.328270 123.328829
123.391206 123.389250 123.387574 123.385618 123.383662 123.382265 123.380309 123.378632 123.376956 123.374966 123.373289 123.371334 123.369378 123.367701 123.365745 123.363789 123.361834 123.360157 123.357922 123.356245 123.354848 123.352613 123.350936 123.348981 123.347025 123.345348 123.343392 123.341995 123.339760 123.338083 123.336407 123.334451 123.332740 123.330785 123.329108 123.328549 123.327990 123.327432 123.326873 123.326314 123.325755 123.325196 123.326314 123.326593 123.327432 123.327990 123.328829 123.329388 123.330226 123.331343 123.331623 123.332182 123.333020 123.333613 123.334451 123.334730 123.335289 123.336407 123.337525 123.338083
123.382544 123.380588 123.378632 123.377235 123.375279 123.373289 123.371892 123.369937 123.367981 123.366025 123.364348 123.362672 123.360716 123.359039 123.357084 123.355128 123.353731 123.351775 123.350098 123.347863 123.346186 123.344510 123.342554 123.340598 123.338642 123.336686 123.334730 123.333020 123.332461 123.331902 123.331343 123.330785 123.330226 123.329667 123.329388 123.329667 123.330785 123.331343 123.332182 123.332461 123.333020 123.334172 123.335010 123.335569 123.336127 123.336407 123.337804 123.338363 123.338922 123.339201 123.340039 123.340598 123.341716 123.342275 123.343392 123.343951 123.344510 123.345069 123.345907 123.346745
123.374687 123.372731 123.370775 123.368819 123.367142 123.365466 123.363510 123.361554 123.359598 123.357922 123.355966 123.353731 123.352333 123.350378 123.348422 123.346466 123.344510 123.342554 123.340878 123.338922 123.336966 123.336407 123.335848 123.335289 123.334730 123.334172 123.333613 123.333299 123.333299 123.334730 123.335289 123.336127 123.336686 123.337525 123.337525 123.338642 123.339760 123.340039 123.340319 123.341716 123.341995 123.342833 123.343392 123.343951 123.344510 123.345628 123.345907 123.347025 123.347583 123.348422 123.349260 123.349819 123.350378 123.350657 123.351775 123.352613 123.352892 123.353451 123.354289 123.355128
123.364628 123.362672 123.360716 123.359039 123.357363 123.355407 123.353731 123.351775 123.349819 123.348422 123.346466 123.344789 123.343113 123.340878 123.340319 123.339760 123.339201 123.338642 123.338083 123.337525 123.337245 123.337245 123.338642 123.339480 123.340039 123.340598 123.341716 123.341716 123.342275 123.342833 123.343951 123.344230 123.345348 123.346466 123.347025 123.347025 123.347863 123.348981 123.349260 123.350098 123.350936 123.351216 123.352333 123.352613 123.353731 123.354569 123.355128 123.355686 123.355966 123.357084 123.357922 123.358201 123.358760 123.359319 123.360436 123.361275 123.362113 123.362672 123.362951 123.363510
123.355966 123.354010 123.352333 123.350378 123.348422 123.347025 123.345069 123.344510 123.343951 123.343392 123.342833 123.342275 123.341436 123.341157 123.341157 123.342554 123.343113 123.343672 123.344789 123.344789 123.345628 123.346745 123.347304 123.347583 123.348422 123.348981 123.350098 123.350657 123.350936 123.352054 123.352613 123.353451 123.354010 123.354569 123.355128 123.356245 123.356525 123.357642 123.357922 123.359039 123.359598 123.360436 123.360436 123.361554 123.362672 123.362951 123.363510 123.364069 123.364628 123.365745 123.366584 123.367142 123.367422 123.368260 123.369098 123.369657 123.370216 123.370775 123.371613 123.372731
123.348422 123.347863 123.347304 123.346745 123.346186 123.345628 123.345069 123.345069 123.345907 123.347025 123.347583 123.348701 123.348701 123.349819 123.350378 123.350657 123.352054 123.352333 123.352892 123.353451 123.354010 123.355407 123.355966 123.356525 123.357084 123.358481 123.359039 123.359598 123.359878 123.360436 123.361275 123.362113 123.362951 123.363231 123.364069 123.364628 123.365466 123.366025 123.366863 123.367701 123.367981 123.368819 123.369378 123.369937 123.371054 123.371054 123.372451 123.372731 123.373289 123.374407 123.374966 123.375838 123.376397 123.376956 123.378074 123.378632 123.379191 123.379750 123.380868 123.381147
123.348981 123.350098 123.350657 123.351495 123.352054 123.352613 123.353451 123.354289 123.354848 123.355407 123.356245 123.357363 123.357363 123.358201 123.358760 123.359319 123.360716 123.361275 123.361834 123.362392 123.363789 123.364348 123.364348 123.365186 123.365745 123.366584 123.367422 123.368260 123.368819 123.369378 123.370495 123.370775 123.371334 123.371892 123.372731 123.373289 123.374128 123.374687 123.375279 123.376397 123.376956 123.377515 123.378074 123.378912 123.379750 123.380029 123.380868 123.381427 123.382265 123.383103 123.383662 123.384500 123.385059 123.385338 123.386456 123.387015 123.388132 123.388412 123.388971 123.390088
123.358481 123.358760 123.359878 123.360157 123.360995 123.361275 123.362113 123.362672 123.363510 123.364069 123.364628 123.366025 123.366304 123.367142 123.367701 123.368539 123.369378 123.369937 123.370495 123.371054 123.371892 123.372451 123.373569 123.374128 123.374407 123.375559 123.376397 123.376676 123.377515 123.377794 123.378632 123.379471 123.379750 123.380868 123.381427 123.381706 123.382824 123.383382 123.384221 123.384779 123.385338 123.386177 123.386735 123.387574 123.388412 123.389250 123.389809 123.390368 123.390647 123.391765 123.392324 123.393441 123.393721 123.394280 123.395397 123.395677 123.396794 123.397353 123.397633 123.398471
123.366584 123.367422 123.367981 123.368819 123.369378 123.369657 123.371054 123.371334 123.372451 123.372731 123.373848 123.374407 123.375279 123.375838 123.376397 123.377235 123.378074 123.378632 123.379471 123.380029 123.381147 123.381427 123.381706 123.382544 123.383382 123.383941 123.384500 123.385059 123.386177 123.386456 123.387574 123.388132 123.388691 123.389250 123.390088 123.390647 123.391485 123.392324 123.392882 123.393721 123.394559 123.395118 123.395677 123.395956 123.397074 123.397633 123.398471 123.399030 123.399309 123.400427 123.400985 123.402103 123.402662 123.402941 123.403780 123.404338 123.405456 123.405736 123.406294 123.407133
123.374966 123.376397 123.376956 123.377794 123.378074 123.379471 123.379750 123.380588 123.381427 123.381985 123.382824 123.383382 123.383662 123.384500 123.385338 123.385897 123.386456 123.387294 123.387853 123.388691 123.389250 123.389809 123.390368 123.391485 123.392044 123.392882 123.393441 123.394000 123.394559 123.395397 123.395956 123.396515 123.397633 123.398191 123.399030 123.399588 123.400427 123.400427 123.401824 123.402383 123.402662 123.403780 123.404059 123.404618 123.405736 123.406294 123.407412 123.407691 123.408530 123.409088 123.409647 123.410486 123.411044 123.411324 123.412441 123.413000 123.414118 123.414677 123.415515 123.416074
123.384779 123.385338 123.385897 123.386735 123.386735 123.388132 123.388691 123.388971 123.389809 123.390088 123.391206 123.391765 123.392603 123.393162 123.394000 123.394280 123.395118 123.395677 123.396794 123.397353 123.398191 123.398750 123.399309 123.399868 123.400706 123.401544 123.401824 123.402941 123.403500 123.404059 123.404618 123.405736 123.406294 123.407133 123.407691 123.407971 123.409088 123.409647 123.410206 123.410486 123.411603 123.412162 123.413000 123.413839 123.414397 123.414677 123.415794 123.416353 123.416633 0.000000 0.000000 0.000000 0.000000 0.000000 0.000000 0.000000 0.000000 0.000000 0.000000 0.000000
123.393441 123.394000 123.394280 123.395118 123.395397 123.396515 123.397074 123.397912 123.398471 123.399030 123.399588 123.400427 123.400985 123.402103 123.402383 123.403500 123.404059 123.404338 123.405177 123.406015 123.406853 123.407412 123.408250 123.408809 123.409368 123.409927 123.411044 123.411603 123.412162 123.412721 123.413280 123.414397 123.414956 123.415515 123.415794 123.416633 0.000000 0.000000 0.000000 0.000000 0.000000 0.000000 0.000000 0.000000 0.000000 0.000000 0.000000 0.000000 0.000000 0.000000 0.000000 0.000000 0.000000 0.000000 0.000000 0.000000 0.000000 0.000000 0.000000 0.000000
