FireSTARR/test/constant/O1a_S060_A000_WD315_WS020/arrival.asc
ncols         736
nrows         120
xllcorner     353103.990666
yllcorner     12738155.311160
cellsize      100.000000
NODATA_value  0.000000
[rows 0 to 26 of 120, columns 540 to 599 of 736]
0.000000 0.000000 0.000000 0.000000 0.000000 0.000000 0.000000 0.000000 0.000000 0.000000 0.000000 0.000000 0.000000 0.000000 0.000000 0.000000 0.000000 0.000000 0.000000 0.000000 0.000000 0.000000 0.000000 0.000000 0.000000 0.000000 0.000000 0.000000 0.000000 0.000000 0.000000 0.000000 0.000000 0.000000 0.000000 0.000000 0.000000 0.000000 0.000000 0.000000 0.000000 0.000000 0.000000 0.000000 0.000000 0.000000 0.000000 0.000000 0.000000 0.000000 0.000000 0.000000 0.000000 0.000000 0.000000 0.000000 0.000000 0.000000 0.000000 0.000000
0.000000 0.000000 0.000000 0.000000 0.000000 0.000000 0.000000 0.000000 0.000000 0.000000 0.000000 0.000000 0.000000 0.000000 0.000000 0.000000 0.000000 0.000000 0.000000 0.000000 0.000000 0.000000 0.000000 0.000000 0.000000 0.000000 0.000000 0.000000 0.000000 0.000000 0.000000 0.000000 0.000000 0.000000 0.000000 0.000000 0.000000 0.000000 0.000000 0.000000 0.000000 0.000000 0.000000 0.000000 0.000000 0.000000 0.000000 0.000000 0.000000 0.000000 0.000000 0.000000 0.000000 0.000000 0.000000 0.000000 0.000000 0.000000 0.000000 0.000000
0.000000 0.000000 0.000000 0.000000 0.000000 0.000000 0.000000 0.000000 0.000000 0.000000 0.000000 0.000000 0.000000 0.000000 0.000000 0.000000 0.000000 0.000000 0.000000 0.000000 0.000000 0.000000 0.000000 0.000000 0.000000 0.000000 0.000000 0.000000 0.000000 0.000000 0.000000 0.000000 0.000000 0.000000 0.000000 0.000000 0.000000 0.000000 0.000000 0.000000 0.000000 0.000000 0.000000 0.000000 0.000000 0.000000 0.000000 0.000000 0.000000 0.000000 0.000000 0.000000 0.000000 0.000000 0.000000 0.000000 0.000000 0.000000 0.000000 0.000000
0.000000 0.000000 0.000000 0.000000 0.000000 0.000000 0.000000 0.000000 0.000000 0.000000 0.000000 0.000000 0.000000 0.000000 0.000000 0.000000 0.000000 0.000000 0.000000 0.000000 0.000000 0.000000 0.000000 0.000000 0.000000 0.000000 0.000000 0.000000 0.000000 0.000000 0.000000 0.000000 0.000000 0.000000 0.000000 0.000000 0.000000 0.000000 0.000000 0.000000 0.000000 0.000000 0.000000 0.000000 0.000000 0.000000 0.000000 0.000000 0.000000 0.000000 0.000000 0.000000 0.000000 0.000000 0.000000 0.000000 0.000000 0.000000 0.000000 0.000000
0.000000 0.000000 0.000000 0.000000 0.000000 0.000000 0.000000 0.000000 0.000000 0.000000 0.000000 0.000000 0.000000 0.000000 0.000000 0.000000 0.000000 0.000000 0.000000 0.000000 0.000000 0.000000 0.000000 0.000000 0.000000 0.000000 0.000000 0.000000 0.000000 0.000000 0.000000 0.000000 0.000000 0.000000 0.000000 0.000000 0.000000 0.000000 0.000000 0.000000 0.000000 0.000000 0.000000 0.000000 0.000000 0.000000 0.000000 0.000000 0.000000 0.000000 0.000000 0.000000 0.000000 0.000000 0.000000 0.000000 0.000000 0.000000 0.000000 0.000000
0.000000 0.000000 0.000000 0.000000 0.000000 0.000000 0.000000 0.000000 0.000000 0.000000 0.000000 0.000000 0.000000 0.000000 0.000000 0.000000 0.000000 0.000000 0.000000 0.000000 0.000000 0.000000 0.000000 0.000000 0.000000 0.000000 0.000000 0.000000 0.000000 0.000000 0.000000 0.000000 0.000000 0.000000 0.000000 0.000000 0.000000 0.000000 0.000000 0.000000 0.000000 0.000000 0.000000 0.000000 0.000000 0.000000 0.000000 0.000000 0.000000 0.000000 0.000000 0.000000 0.000000 0.000000 0.000000 0.000000 0.000000 0.000000 123.415515 123.413559
0.000000 0.000000 0.000000 0.000000 0.000000 0.000000 0.000000 0.000000 0.000000 0.000000 0.000000 0.000000 0.000000 0.000000 0.000000 0.000000 0.000000 0.000000 0.000000 0.000000 0.000000 0.000000 0.000000 0.000000 0.000000 0.000000 0.000000 0.000000 0.000000 0.000000 0.000000 0.000000 0.000000 0.000000 0.000000 0.000000 0.000000 0.000000 0.000000 0.000000 0.000000 0.000000 0.000000 0.000000 0.000000 0.000000 123.414956 123.413000 123.411603 123.409647 123.407691 123.405736 123.404059 123.402103 123.399868 123.398471 123.396515 123.394838 123.392603 123.390927
0.000000 0.000000 0.000000 0.000000 0.000000 0.000000 0.000000 0.000000 0.000000 0.000000 0.000000 0.000000 0.000000 0.000000 0.000000 0.000000 0.000000 0.000000 0.000000 0.000000 0.000000 0.000000 0.000000 0.000000 0.000000 0.000000 0.000000 0.000000 0.000000 0.000000 0.000000 0.000000 0.000000 0.000000 123.415515 123.413559 123.411883 123.409927 123.407971 123.406015 123.404338 123.402103 123.400427 123.398750 123.396794 123.394838 123.392882 123.391206 123.389250 123.387294 123.385897 123.383941 123.381985 123.380029 123.378074 123.376118 123.374128 123.372731 123.370775 123.369098
0.000000 0.000000 0.000000 0.000000 0.000000 0.000000 0.000000 0.000000 0.000000 0.000000 0.000000 0.000000 0.000000 0.000000 0.000000 0.000000 0.000000 0.000000 0.000000 0.000000 0.000000 0.000000 123.415794 123.413839 123.411883 123.410206 123.408530 123.406574 123.404897 123.402941 123.400985 123.399588 123.397633 123.395956 123.393721 123.392044 123.390368 123.388132 123.386735 123.384779 123.382824 123.381427 123.379471 123.377794 123.375838 123.373848 123.371892 123.369937 123.368539 123.366584 123.364348 123.362951 123.360995 123.359319 123.357084 123.355407 123.353731 123.351775 123.349819 123.347863
0.000000 0.000000 0.000000 0.000000 0.000000 0.000000 0.000000 0.000000 0.000000 123.416633 123.414677 123.412721 123.410486 123.409088 123.407133 123.405177 123.403780 123.401824 123.399868 123.398471 123.396235 123.394559 123.392603 123.390927 123.389250 123.387294 123.385897 123.384221 123.381985 123.380868 123.378912 123.376956 123.375279 123.373569 123.371334 123.369657 123.367701 123.366025 123.364348 123.362392 123.361275 123.359319 123.357363 123.355407 123.353451 123.351495 123.349539 123.347863 123.345907 123.343951 123.342554 123.340598 123.338922 123.336686 123.335010 123.333299 123.331343 123.329667 123.327990 123.326035
123.411044 123.409368 123.407412 123.405456 123.404059 123.402103 123.400147 123.398191 123.396515 123.394280 123.392603 123.391206 123.388971 123.387294 123.385338 123.383382 123.381985 123.380029 123.378074 123.376118 123.374407 123.372731 123.370775 123.369098 123.367142 123.365186 123.363789 123.361554 123.359878 123.357922 123.356245 123.354569 123.352613 123.350936 123.349260 123.347304 123.345628 123.343392 123.341716 123.339760 123.337804 123.336407 123.334451 123.332461 123.331064 123.328829 123.327152 123.325196 123.323520 123.321843 123.319887 123.318211 123.316255 123.314299 123.312902 123.310946 123.309270 123.307593 123.305637 123.303961
123.390368 123.388971 123.387015 123.385059 123.383103 123.381147 123.379191 123.377515 123.375838 123.373848 123.372172 123.370495 123.368539 123.366863 123.364907 123.362951 123.361554 123.359598 123.357642 123.355686 123.354010 123.351775 123.350098 123.348422 123.346186 123.344789 123.342833 123.340878 123.339480 123.337525 123.335848 123.333892 123.331902 123.329946 123.327990 123.326035 123.324079 123.322123 123.320167 123.318490 123.316534 123.314579 123.313182 123.311226 123.309270 123.307314 123.305358 123.303402 123.301726 123.300049 123.298093 123.296137 123.294181 123.292505 123.290515 123.288559 123.287162 123.285206 123.283250 123.281294
123.368819 123.366863 123.364907 123.363510 123.361275 123.359598 123.357642 123.355966 123.354289 123.352333 123.350657 123.348701 123.346745 123.345348 123.343113 123.341436 123.339201 123.337804 123.335848 123.333892 123.332182 123.330226 123.328549 123.326873 123.324917 123.322961 123.321005 123.319329 123.317373 123.315417 123.314020 123.311784 123.310108 123.308152 123.306476 123.304799 123.302843 123.300887 123.298931 123.296976 123.295020 123.293343 123.291633 123.289397 123.287721 123.285765 123.283809 123.282412 123.280456 123.278500 123.276544 123.274588 123.272633 123.270956 123.268721 123.267044 123.265647 123.263412 123.261735 123.259779
123.353451 123.351216 123.349539 123.348142 123.345907 123.344230 123.342275 123.340319 123.338922 123.336966 123.335289 123.333613 123.331623 123.329946 123.327990 123.326035 123.324637 123.322402 123.320726 123.318770 123.317093 123.315417 123.313461 123.311505 123.309549 123.307873 123.305917 123.303961 123.302564 123.300328 123.298652 123.296696 123.294740 123.293064 123.291074 123.289118 123.287162 123.285486 123.283530 123.281574 123.280177 123.277941 123.276265 123.274030 123.272353 123.270397 123.268441 123.267044 123.265088 123.263132 123.261177 123.259500 123.257265 123.255588 123.253912 123.251956 123.250279 123.248569 123.246613 123.244657
123.343672 123.341716 123.340039 123.338083 123.336127 123.334730 123.332740 123.331064 123.329388 123.327432 123.325476 123.323520 123.321564 123.319608 123.317932 123.316255 123.314299 123.312343 123.310387 123.308431 123.306476 123.304520 123.302564 123.300887 123.299211 123.297255 123.295578 123.293623 123.291633 123.290236 123.288280 123.286603 123.284368 123.282691 123.281015 123.279059 123.277662 123.275427 123.273471 123.272074 123.270118 123.268441 123.266206 123.264530 123.262853 123.260897 123.258941 123.256985 123.255029 123.253074 123.251118 123.249128 123.247451 123.245775 123.243819 123.242142 123.240186 123.238231 123.236834 123.234878
123.335010 123.333333 123.331343 123.329667 123.327711 123.325755 123.324358 123.322402 123.320446 123.318490 123.316534 123.314579 123.312902 123.310667 123.308711 123.307314 123.305358 123.303681 123.301726 123.299770 123.298373 123.296417 123.294740 123.292784 123.290794 123.289118 123.287441 123.285206 123.283809 123.281853 123.280177 123.277941 123.276265 123.274588 123.272633 123.271235 123.269000 123.267044 123.265927 123.263691 123.262015 123.260338 123.258382 123.256427 123.254471 123.252794 123.251118 123.249128 123.247451 123.245495 123.243539 123.242142 123.240186 123.238231 123.236275 123.234598 123.232363 123.230686 123.229010 123.227054
123.324637 123.322961 123.321005 123.319049 123.317652 123.315417 123.313740 123.311784 123.310108 123.308431 123.306476 123.304799 123.302843 123.300887 123.299490 123.297255 123.295858 123.293902 123.291667 123.290515 123.288280 123.286324 123.284927 123.282691 123.281015 123.279059 123.277383 123.275706 123.273750 123.272074 123.270118 123.268162 123.266765 123.264530 123.262853 123.260897 123.259221 123.257544 123.255588 123.253912 123.251956 123.249966 123.248569 123.246613 123.244657 123.243260 123.241304 123.239348 123.237392 123.235436 123.233481 123.231804 123.230128 123.228172 123.226216 123.224260 123.222583 123.220628 123.218672 123.217275
123.316255 123.314299 123.312623 123.310667 123.308711 123.307034 123.305079 123.303402 123.301446 123.299490 123.298093 123.296137 123.294461 123.292784 123.290794 123.289118 123.287441 123.285486 123.283809 123.281853 123.279897 123.278500 123.276544 123.274588 123.272633 123.270956 123.269280 123.267324 123.265647 123.263691 123.261735 123.260338 123.258382 123.256427 123.254471 123.252794 123.251118 123.249128 123.247451 123.245775 123.243819 123.241863 123.239907 123.238231 123.236275 123.234319 123.232922 123.230686 123.229010 123.226775 123.225098 123.223142 123.221186 123.219789 123.217833 123.215878 123.213922 123.212245 123.210289 123.208299
123.306755 123.304799 123.303123 123.301167 123.299211 123.297814 123.295858 123.294181 123.292225 123.290236 123.288559 123.286603 123.284927 123.283250 123.281294 123.279338 123.277383 123.275427 123.273471 123.271794 123.269559 123.267882 123.266485 123.264250 123.262574 123.260618 123.258662 123.257265 123.255309 123.253632 123.251956 123.249966 123.248010 123.246054 123.244378 123.242701 123.240745 123.239069 123.237113 123.235157 123.233760 123.231804 123.230128 123.228172 123.226216 123.224819 123.222583 123.220907 123.218951 123.216995 123.215598 123.213642 123.211966 123.210289 123.208299 123.206343 123.204388 123.202711 123.201035 123.199079
123.298652 123.296696 123.294740 123.293064 123.291353 123.289397 123.287441 123.285486 123.283530 123.281574 123.279897 123.278221 123.276265 123.274588 123.272633 123.270677 123.269280 123.267044 123.265368 123.263412 123.261735 123.259779 123.257544 123.256147 123.254191 123.252515 123.250838 123.248848 123.247172 123.244937 123.243260 123.241863 123.239628 123.237951 123.235995 123.234039 123.232642 123.230686 123.228731 123.226775 123.225098 123.222863 123.221186 123.219510 123.217554 123.215878 123.213922 123.211966 123.210569 123.208613 123.206623 123.204946 123.202990 123.201314 123.199358 123.197682 123.196005 123.194049 123.192373 123.190417
123.288839 123.287162 123.285206 123.283530 123.281294 123.279618 123.277941 123.275985 123.274030 123.272074 123.270118 123.268162 123.266485 123.264809 123.262853 123.261177 123.259221 123.257265 123.255868 123.253912 123.252235 123.250559 123.248569 123.246892 123.244657 123.242981 123.241304 123.239348 123.237392 123.235436 123.233481 123.231525 123.229569 123.227613 123.225936 123.223981 123.222025 123.220628 123.218672 123.216716 123.214760 123.213083 123.211407 123.209451 123.207461 123.206064 123.204108 123.202432 123.200196 123.198520 123.196843 123.194887 123.193490 123.191255 123.189299 123.187902 123.185946 123.183990 123.182034 123.180358
123.279059 123.277103 123.275147 123.273191 123.271235 123.269280 123.267603 123.265927 123.263971 123.262294 123.260338 123.258382 123.256985 123.255029 123.253353 123.251676 123.249687 123.248010 123.246334 123.244378 123.242981 123.240745 123.238789 123.237392 123.235157 123.233481 123.231525 123.229848 123.228172 123.226216 123.224819 123.222863 123.220907 123.219230 123.217275 123.215598 123.213922 123.211966 123.210569 123.208613 123.206623 123.204667 123.202711 123.201035 123.199079 123.197123 123.195726 123.193770 123.191814 123.189858 123.188182 123.186226 123.184549 123.183990 123.182314 123.180358 123.178402 123.176726 123.174770 123.172814
123.270397 123.268721 123.266485 123.264809 123.262853 123.261177 123.259500 123.257544 123.255868 123.253912 123.251956 123.250279 123.248569 123.246613 123.245216 123.242981 123.241304 123.239348 123.237672 123.235995 123.234039 123.232363 123.230686 123.229848 123.227892 123.225936 123.223981 123.222304 123.220348 123.218392 123.216995 123.214760 123.213083 123.211127 123.209451 123.207740 123.205785 123.204108 123.201873 123.200196 123.198520 123.196285 123.194887 123.192932 123.190976 123.189579 123.187623 123.185946 123.183990 123.182034 123.180358 123.178402 123.176726 123.174770 123.172814 123.171417 123.169461 123.167784 123.165794 123.163839
123.261735 123.259500 123.258382 123.256427 123.254471 123.253074 123.250838 123.249128 123.247172 123.245495 123.243819 123.241863 123.239907 123.237951 123.236275 123.234598 123.234039 123.233201 123.231245 123.229289 123.227613 123.225378 123.223701 123.222025 123.220069 123.218392 123.216436 123.214480 123.213083 123.211127 123.209451 123.207740 123.205785 123.203829 123.201873 123.200196 123.198240 123.196285 123.194608 123.192652 123.190696 123.188740 123.187064 123.184829 123.183152 123.181476 123.179520 123.177564 123.175608 123.173652 123.171696 123.170020 123.168064 123.166074 123.164677 123.162721 123.160765 123.158809 123.156853 123.154897
123.253912 123.252235 123.250279 123.248569 123.246613 123.244657 123.242701 123.240745 123.239069 123.237392 123.235436 123.233481 123.231525 123.229569 123.227613 123.225936 123.223981 123.222025 123.220628 123.218392 123.216716 123.214760 123.212804 123.211407 123.209451 123.207461 123.206064 123.203829 123.202152 123.200196 123.198520 123.196843 123.194887 123.193211 123.191255 123.189299 123.187902 123.185667 123.183990 123.182034 123.180358 123.178681 123.176726 123.175049 123.173093 123.171137 123.169740 123.167505 123.165794 123.163839 123.162162 123.160486 123.158530 123.156853 123.154897 123.152941 123.151544 123.150985 123.149309 123.147912
123.245216 123.243260 123.241584 123.239628 123.237672 123.236275 123.234039 123.232363 123.230407 123.228731 123.227054 123.225098 123.223142 123.221186 123.219230 123.217275 123.215598 123.213922 123.211966 123.210569 123.208613 123.206623 123.204667 123.202711 123.201035 123.199079 123.197123 123.195726 123.193490 123.191814 123.189858 123.188182 123.186226 123.183990 123.183152 123.182034 123.180358 123.178402 123.176446 123.174490 123.172534 123.170578 123.168902 123.167225 123.165236 123.163280 123.161324 123.159368 123.157412 123.155736 123.154059 123.152103 123.150427 123.148471 123.146515 123.145118 123.142882 123.141206 123.139250 123.137574
123.236275 123.234878 123.232642 123.230966 123.228731 123.226775 123.224819 123.223142 123.221186 123.219230 123.217554 123.215319 123.214201 123.211966 123.210289 123.208613 123.206623 123.204946 123.202990 123.201035 123.199637 123.197402 123.195726 123.193770 123.192093 123.190137 123.188461 123.187902 123.186226 123.184270 123.182873 123.180917 123.178961 123.177005 123.175328 123.173373 123.171417 123.170020 123.168064 123.166353 123.164118 123.162162 123.160765 123.158530 123.156853 123.154618 123.152941 123.150706 123.149030 123.147074 123.145397 123.143721 123.141765 123.139809 123.137853 123.135897 123.133941 123.131985 123.130029 123.128353
