FireSTARR/test/constant/O1a_S060_A000_WD315_WS020/arrival.asc
ncols         736
nrows         120
xllcorner     353103.990666
yllcorner     12738155.311160
cellsize      100.000000
NODATA_value  0.000000
[rows 54 to 80 of 120, columns 300 to 359 of 736]
0.000000 0.000000 0.000000 0.000000 0.000000 0.000000 0.000000 123.416074 123.414397 123.412721 123.410765 123.409088 123.407133 123.405177 123.403780 123.401824 123.399868 123.397912 123.396235 123.394559 123.392603 123.390927 123.388971 123.387015 123.385618 123.383662 123.381985 123.379750 123.378074 123.376397 123.374407 123.372451 123.371054 123.369098 123.367422 123.365186 123.363510 123.362113 123.359878 123.358201 123.356245 123.354289 123.352892 123.351216 123.349260 123.347304 123.345628 123.343392 123.341716 123.340039 123.338083 123.336407 123.334172 123.332182 123.331343 123.330785 123.329108 123.327152 123.325196 123.323520
0.000000 0.000000 0.000000 123.415794 123.413559 123.411883 123.409927 123.407971 123.406574 123.404618 123.402662 123.400706 123.399030 123.396794 123.395118 123.393441 123.391206 123.389809 123.387853 123.385897 123.384500 123.382544 123.380868 123.378632 123.376956 123.375279 123.373289 123.371613 123.369937 123.367981 123.366304 123.364348 123.362392 123.360995 123.359039 123.357363 123.355407 123.353451 123.351775 123.349819 123.347863 123.345907 123.343951 123.341995 123.340319 123.338363 123.336407 123.335289 123.334730 123.333020 123.331064 123.329108 123.327152 123.325196 123.323240 123.321285 123.319608 123.317652 123.315696 123.314020
123.412441 123.410765 123.409368 123.407133 123.405456 123.403500 123.401544 123.400147 123.398191 123.396515 123.394280 123.392603 123.390927 123.388971 123.387294 123.385338 123.383382 123.381985 123.380029 123.378074 123.376118 123.374128 123.372451 123.370495 123.368819 123.366863 123.365186 123.363231 123.360995 123.359598 123.357642 123.355686 123.353731 123.351775 123.349819 123.348142 123.345907 123.344230 123.342554 123.340319 123.339201 123.338642 123.336966 123.335289 123.333613 123.331623 123.329946 123.328270 123.326314 123.324358 123.322402 123.320446 123.318490 123.316814 123.314858 123.312902 123.311505 123.309549 123.307593 123.305637
123.404338 123.402941 123.400706 123.399030 123.397074 123.395118 123.393721 123.391765 123.390088 123.387853 123.386177 123.384779 123.382544 123.380868 123.378912 123.376956 123.375279 123.373289 123.371334 123.369378 123.367701 123.365466 123.363789 123.362113 123.360157 123.358760 123.356804 123.354569 123.353172 123.351216 123.349539 123.347304 123.345628 123.343951 123.341995 123.340319 123.338642 123.336407 123.335289 123.333299 123.331343 123.329946 123.327990 123.326035 123.324637 123.322402 123.320726 123.318770 123.316814 123.315417 123.313461 123.311505 123.309549 123.307873 123.305637 123.303961 123.302564 123.300328 123.298652 123.296696
123.394838 123.392882 123.391206 123.389530 123.387574 123.385897 123.383941 123.381985 123.380588 123.378353 123.376956 123.375279 123.373289 123.371613 123.369937 123.367981 123.366863 123.365466 123.363789 123.361834 123.359878 123.358481 123.356245 123.354569 123.352613 123.350936 123.349260 123.347304 123.345348 123.343392 123.341716 123.339760 123.337804 123.336407 123.334172 123.332461 123.330505 123.328829 123.327152 123.325196 123.323240 123.321285 123.319329 123.317373 123.315417 123.313461 123.311505 123.309549 123.307873 123.306196 123.304240 123.302564 123.301167 123.299770 123.298373 123.296137 123.294461 123.292225 123.290515 123.288559
123.387853 123.386177 123.384500 123.382544 123.380588 123.378632 123.376956 123.375279 123.373289 123.371334 123.369378 123.367701 123.365745 123.363789 123.362392 123.360157 123.358481 123.356525 123.354848 123.353172 123.351216 123.349260 123.347304 123.345348 123.343392 123.341436 123.339480 123.337804 123.335569 123.333613 123.332182 123.330226 123.328270 123.326314 123.324637 123.322402 123.320726 123.319049 123.317093 123.315137 123.313182 123.311226 123.309270 123.307593 123.305637 123.303681 123.302284 123.300328 123.298373 123.296417 123.294740 123.293064 123.291074 123.289397 123.287162 123.285486 123.283809 123.281853 123.280177 123.278221
123.378074 123.376118 123.374128 123.372731 123.370775 123.369098 123.367422 123.365466 123.363789 123.361834 123.359878 123.358481 123.356525 123.354569 123.352613 123.350936 123.349260 123.347304 123.345628 123.343672 123.341716 123.340319 123.338363 123.336686 123.334730 123.332740 123.331064 123.329108 123.327152 123.325755 123.323799 123.321843 123.319887 123.318211 123.315976 123.314299 123.312623 123.310667 123.308711 123.306755 123.304799 123.302843 123.301167 123.299211 123.297255 123.295858 123.293902 123.291946 123.290236 123.288280 123.286603 123.284647 123.282971 123.281294 123.279338 123.277662 123.275706 123.273750 123.272353 123.270397
123.369937 123.367981 123.366304 123.364348 123.362672 123.360436 123.358481 123.357084 123.355128 123.353172 123.351216 123.349539 123.347863 123.345907 123.345348 123.343672 123.341716 123.339760 123.338083 123.335848 123.334172 123.332461 123.330505 123.328829 123.326873 123.324917 123.323240 123.321285 123.319608 123.317652 123.315696 123.314020 123.312064 123.310108 123.308152 123.306196 123.304240 123.302564 123.300608 123.298652 123.297255 123.295299 123.293623 123.291946 123.289956 123.288000 123.286044 123.284088 123.282133 123.280177 123.278221 123.276544 123.274309 123.272353 123.270956 123.269000 123.267044 123.265088 123.263132 123.261177
123.360995 123.359319 123.357363 123.355686 123.353731 123.351775 123.350378 123.348422 123.346745 123.344510 123.342833 123.341157 123.339201 123.337525 123.335569 123.333613 123.332182 123.330226 123.328270 123.326314 123.324637 123.322961 123.321005 123.319329 123.317373 123.315417 123.313740 123.311784 123.310108 123.308152 123.306476 123.304240 123.302284 123.300887 123.298931 123.296976 123.295020 123.293343 123.291667 123.289677 123.288000 123.286603 123.284368 123.282691 123.280736 123.278780 123.277383 123.275427 123.273471 123.271515 123.269838 123.267603 123.265927 123.264250 123.262015 123.260338 123.258382 123.256427 123.254471 123.252515
123.352333 123.350378 123.348422 123.346466 123.344510 123.342833 123.341157 123.339201 123.337804 123.335848 123.333892 123.332182 123.330226 123.328270 123.326593 123.324358 123.323240 123.321005 123.319329 123.317652 123.315696 123.314020 123.312343 123.310108 123.308990 123.306755 123.305079 123.303402 123.301446 123.299490 123.297534 123.295858 123.293902 123.291946 123.290515 123.288559 123.286883 123.284647 123.282971 123.281294 123.279338 123.277383 123.275427 123.273750 123.271794 123.269838 123.268441 123.266485 123.264530 123.262574 123.260897 123.259221 123.257265 123.255309 123.253353 123.251397 123.249407 123.247731 123.246054 123.244098
123.343113 123.341157 123.339201 123.337525 123.335848 123.333892 123.331902 123.330505 123.328549 123.326873 123.324917 123.322961 123.321564 123.319608 123.317932 123.315696 123.313740 123.312343 123.310387 123.308431 123.306196 123.304520 123.302564 123.300887 123.299211 123.297255 123.295578 123.293623 123.291633 123.290236 123.288280 123.286324 123.284368 123.282691 123.281015 123.279059 123.277383 123.275427 123.273471 123.272074 123.270118 123.268441 123.266765 123.264809 123.263412 123.261177 123.259221 123.257824 123.255868 123.254191 123.252515 123.250559 123.248848 123.246892 123.245216 123.242981 123.241025 123.239628 123.237672 123.235716
123.333299 123.331902 123.329667 123.327990 123.326035 123.324358 123.322682 123.320726 123.318770 123.316814 123.315137 123.313182 123.311226 123.309829 123.307593 123.305917 123.303961 123.302005 123.300608 123.298652 123.296696 123.294740 123.293064 123.291353 123.289118 123.287441 123.285486 123.283809 123.282133 123.280177 123.278500 123.276544 123.274588 123.273191 123.271235 123.269559 123.267882 123.265927 123.264250 123.262294 123.260338 123.258941 123.256985 123.255309 123.253632 123.251676 123.249966 123.248010 123.246054 123.244098 123.242422 123.240745 123.238789 123.236834 123.234878 123.233201 123.231525 123.229569 123.227892 123.225936
123.325476 123.323240 123.321564 123.319608 123.317652 123.316255 123.314299 123.312343 123.310387 123.308431 123.306476 123.304799 123.302564 123.300887 123.299211 123.297255 123.295578 123.293623 123.291667 123.290236 123.288280 123.286324 123.284368 123.282412 123.280456 123.278780 123.277103 123.275147 123.273471 123.271515 123.269559 123.268162 123.266206 123.264530 123.262853 123.260897 123.259221 123.257265 123.255309 123.253912 123.251956 123.249966 123.248289 123.246613 123.246054 123.244098 123.242142 123.240186 123.238231 123.236275 123.234319 123.232363 123.230407 123.228451 123.226775 123.224819 123.222863 123.221186 123.219230 123.217275
123.317093 123.315417 123.313182 123.311505 123.310108 123.307873 123.305917 123.303961 123.302284 123.300328 123.298373 123.296976 123.295020 123.293343 123.291633 123.289677 123.287721 123.285765 123.283809 123.281853 123.279897 123.277941 123.275985 123.274030 123.272353 123.270118 123.268162 123.266765 123.264809 123.263132 123.260897 123.259221 123.257544 123.255588 123.254191 123.252235 123.250279 123.248569 123.246613 123.244657 123.242981 123.241025 123.239628 123.237392 123.235716 123.234319 123.232084 123.230407 123.228451 123.226495 123.225098 123.223142 123.221466 123.219230 123.217554 123.215878 123.214760 123.214201 123.213642 123.212804
123.307593 123.305917 123.303961 123.302005 123.300049 123.298093 123.296137 123.294461 123.292784 123.290794 123.289118 123.286883 123.285206 123.283530 123.281574 123.280177 123.278221 123.275985 123.274588 123.272633 123.270956 123.268721 123.267044 123.265368 123.263412 123.261735 123.259779 123.257824 123.256427 123.254471 123.252794 123.251118 123.249128 123.247451 123.245216 123.243539 123.242142 123.239907 123.238231 123.236275 123.234319 123.232922 123.230966 123.229289 123.227054 123.225378 123.223981 123.221745 123.220069 123.218672 123.218113 123.217554 123.216995 123.216436 123.215878 123.215319 123.215039 123.215598 123.216157 123.217554
123.298373 123.296696 123.294740 123.293064 123.291353 123.289118 123.288000 123.287441 123.285486 123.283809 123.281574 123.279897 123.277662 123.275985 123.274030 123.272074 123.270397 123.268441 123.267044 123.264809 123.263132 123.261735 123.259500 123.257824 123.255868 123.253912 123.252235 123.250000 123.248569 123.246613 123.244657 123.242701 123.240745 123.238789 123.236834 123.234878 123.233201 123.230966 123.229289 123.227613 123.225657 123.223981 123.222583 123.222025 123.221466 123.220907 123.220348 123.219789 123.219230 123.218951 123.220069 123.220628 123.221186 123.221466 123.222863 123.223701 123.223701 123.224819 123.225657 123.226216
123.291946 123.289956 123.288280 123.286603 123.284368 123.282691 123.280456 123.278780 123.276824 123.275147 123.273191 123.271235 123.269559 123.267603 123.265647 123.263691 123.261735 123.259779 123.257824 123.255868 123.254191 123.252515 123.250279 123.248569 123.246613 123.244657 123.242701 123.241025 123.238789 123.236834 123.235436 123.233481 123.231804 123.229569 123.227892 123.226495 123.225936 123.225378 123.224819 123.224260 123.223701 123.223142 123.222863 123.224260 123.224539 123.225098 123.225936 123.226495 123.226775 123.227613 123.228731 123.229010 123.230128 123.231245 123.231245 123.232084 123.232642 123.233201 123.234039 123.234598
123.281015 123.279059 123.277383 123.275706 123.273750 123.272353 123.270118 123.268162 123.266765 123.264530 123.262853 123.260897 123.259221 123.257544 123.255588 123.254191 123.252235 123.250279 123.248289 123.246334 123.244657 123.242701 123.240745 123.239348 123.237392 123.235716 123.233760 123.231804 123.230407 123.229848 123.229289 123.228731 123.228172 123.227613 123.227054 123.226775 123.227333 123.228731 123.229289 123.229289 123.230686 123.231245 123.231525 123.232363 123.232922 123.234039 123.234598 123.235436 123.235716 123.236554 123.237392 123.237951 123.238510 123.239348 123.239907 123.240186 123.241584 123.241863 123.242981 123.243539
123.272353 123.270677 123.268721 123.267044 123.265368 123.263412 123.261735 123.259779 123.257824 123.256427 123.254191 123.252794 123.250838 123.249128 123.247172 123.245216 123.243539 123.241304 123.239628 123.237951 123.235716 123.234598 123.234039 123.233481 123.232642 123.232084 123.231525 123.230966 123.230686 123.231245 123.232642 123.233201 123.233201 123.234598 123.235436 123.235995 123.236554 123.236834 123.237672 123.238231 123.239348 123.239628 123.240745 123.241304 123.241863 123.242701 123.243260 123.243539 123.244657 123.245216 123.245495 123.246892 123.247172 123.248289 123.248848 123.249407 123.250279 123.250838 123.251956 123.252235
123.263412 123.261735 123.259779 123.257824 123.256427 123.254191 123.252794 123.250838 123.249128 123.247451 123.245495 123.243539 123.241863 123.239907 123.238510 123.237951 123.237392 123.236834 123.236275 123.235716 123.235157 123.234598 123.235157 123.236275 123.237392 123.237113 123.238510 123.239348 123.239907 123.240745 123.241304 123.241863 123.242142 123.242701 123.243260 123.244657 123.244937 123.246054 123.246613 123.247172 123.247451 123.248289 123.248848 123.249687 123.249966 123.250838 123.251956 123.252515 123.253632 123.254471 123.254750 123.255868 123.256985 123.257265 123.257824 123.258382 123.258941 123.259779 123.260338 123.260897
123.255029 123.253632 123.251397 123.249687 123.247731 123.246054 123.244098 123.242422 123.241863 123.241304 123.240745 123.240186 123.239628 123.239069 123.238789 123.239628 123.239628 123.241304 123.241304 123.241863 123.242701 123.243539 123.244657 123.245216 123.246054 123.246613 123.247172 123.247451 123.248010 123.248569 123.249687 123.250279 123.251118 123.251956 123.252515 123.253074 123.253632 123.253912 123.255029 123.255588 123.256427 123.257544 123.257824 123.258941 123.259500 123.260338 123.261177 123.261735 123.262574 123.263132 123.263691 123.264250 123.265088 123.265647 123.266206 123.267044 123.267603 123.268162 123.269000 123.269559
123.246334 123.245775 123.245216 123.244657 123.244098 123.243539 123.242981 123.242701 123.242981 123.243539 123.244657 123.245216 123.246334 123.246613 123.247172 123.248010 123.248569 123.249966 123.250279 123.251118 123.251397 123.251956 123.252515 123.253074 123.254191 123.254750 123.255588 123.256706 123.256985 123.257544 123.258382 123.258662 123.259779 123.260338 123.260897 123.261735 123.262853 123.263132 123.264530 123.264809 123.265647 123.265927 123.267044 123.267603 123.268441 123.269000 123.269559 123.270397 123.270956 123.271515 123.272353 123.272912 123.273191 123.274309 123.274868 123.275706 123.276265 123.276824 123.277662 123.278780
123.246613 123.246892 123.247451 123.249128 123.249407 123.250279 123.250559 123.251956 123.252235 123.252794 123.253632 123.253912 123.255309 123.255309 123.256147 123.256427 123.256985 123.257824 123.258382 123.259221 123.260338 123.260897 123.261735 123.262294 123.262853 123.263691 123.264250 123.265088 123.265647 123.266206 123.267044 123.267882 123.268721 123.269559 123.270118 123.270677 123.271515 123.272353 123.272912 123.273750 123.274030 123.275147 123.275706 123.276265 123.276824 123.277662 123.278221 123.278500 123.279618 123.280177 123.281015 123.281574 123.282133 123.282691 123.283809 123.284647 123.285206 123.285486 123.286324 123.287162
123.255309 123.255868 123.256706 123.257265 123.258103 123.258662 123.259221 123.260338 123.260618 123.261456 123.262294 123.262574 123.263132 123.263691 123.265088 123.265647 123.265927 123.267044 123.267603 123.268441 123.268721 123.269280 123.270397 123.270956 123.271235 123.272353 123.273191 123.274030 123.274588 123.275427 123.275985 123.276824 123.277662 123.278221 123.279059 123.279618 123.280456 123.281015 123.281574 123.281853 123.282971 123.283530 123.284088 123.284927 123.285486 123.286044 123.286883 123.287441 123.288000 123.289118 123.289956 123.289956 123.291074 123.291633 123.292505 123.293064 123.293623 123.294181 123.295299 123.295578
123.263971 123.264530 123.264809 123.265927 123.266206 123.267324 123.267882 123.268441 123.269280 123.269838 123.270677 123.271515 123.272353 123.272633 123.273471 123.274030 123.274588 123.275706 123.276265 123.276544 123.277662 123.278500 123.279059 123.279897 123.280736 123.281294 123.282133 123.282971 123.283250 123.284368 123.284927 123.285486 123.286324 123.286603 123.287162 123.288280 123.288839 123.289118 123.289956 123.290515 123.291353 123.292225 123.292784 123.293343 123.294181 123.295020 123.295578 123.296137 123.296976 123.297814 123.298373 123.298931 123.299490 123.300608 123.301167 123.302005 123.302005 123.302564 123.303681 123.304240
123.272912 123.273191 123.273750 123.274309 123.275147 123.275985 123.276824 123.277383 123.277941 123.279059 123.279338 123.279897 123.280456 123.281574 123.281853 123.282971 123.283809 123.284368 123.285206 123.286044 123.286603 123.287162 123.288280 123.288839 123.289677 123.290236 123.290515 123.291633 123.291633 123.292505 123.293343 123.293902 123.295020 123.295299 123.296137 123.296696 123.297534 123.298093 123.298931 123.299490 123.300328 123.300887 123.301726 123.302284 123.302564 123.303681 123.304240 123.304799 123.305917 123.306196 123.307034 123.307593 123.307873 123.308990 123.309549 123.310108 123.310946 123.312064 123.312343 123.313182
123.281294 123.282133 123.282691 123.283250 123.284368 123.284927 123.285206 123.285765 123.286324 123.287162 123.288280 123.289118 123.289677 123.290236 123.291353 123.291946 123.292225 123.293902 123.294181 123.295020 123.295578 123.296137 123.296696 123.297255 123.297814 123.298652 123.299211 123.300049 123.300608 123.301726 123.302005 123.302843 123.303123 123.304520 123.304799 123.305358 123.305917 123.306755 123.307314 123.307873 123.308990 123.309549 123.309829 123.310667 123.311226 123.312343 123.312902 123.313461 123.314299 123.314858 123.315417 123.316255 123.316814 123.317652 123.318490 123.319049 123.319608 123.320446 123.321005 123.321564
