FireSTARR/test/constant/O1a_S060_A000_WD315_WS020/arrival.asc
ncols         736
nrows         120
xllcorner     353103.990666
yllcorner     12738155.311160
cellsize      100.000000
NODATA_value  0.000000
[rows 27 to 53 of 120, columns 480 to 539 of 736]
123.335848 123.334172 123.332461 123.330505 123.328829 123.327152 123.325196 123.323240 123.321285 123.319608 123.317652 123.315696 123.314299 123.312343 123.310667 123.308711 123.306755 123.305079 123.303123 123.301167 123.299211 123.297534 123.295858 123.293902 123.292505 123.290515 123.288559 123.287162 123.285206 123.282971 123.281574 123.279618 123.277941 123.275706 123.274030 123.272353 123.270397 123.268721 123.266765 123.264809 123.263412 123.261456 123.259500 123.257544 123.255868 123.254191 123.252235 123.250279 123.248289 123.246613 123.245216 123.242981 123.241304 123.239348 123.237392 123.235995 123.234039 123.232363 123.230128 123.228451
123.328549 123.326314 123.325196 123.322961 123.321285 123.319608 123.317652 123.315696 123.313740 123.312064 123.310108 123.308152 123.306755 123.304799 123.302843 123.300887 123.298931 123.296976 123.295299 123.293623 123.291633 123.289956 123.288280 123.286324 123.284647 123.282691 123.280736 123.279338 123.277383 123.275427 123.273471 123.271794 123.270118 123.268162 123.266485 123.264530 123.262574 123.261177 123.259221 123.257544 123.255309 123.253632 123.251956 123.249966 123.248289 123.246613 123.244657 123.242981 123.241025 123.239069 123.237672 123.235716 123.234039 123.232084 123.230128 123.228451 123.226495 123.224539 123.222583 123.220907
123.319887 123.318770 123.316534 123.314858 123.313182 123.311226 123.309270 123.307314 123.305358 123.303402 123.301726 123.299770 123.297814 123.296417 123.294461 123.292505 123.290515 123.288559 123.287162 123.285206 123.283530 123.281294 123.279618 123.277941 123.275985 123.274868 123.273471 123.271794 123.269838 123.267882 123.266485 123.264250 123.262574 123.260618 123.258941 123.257265 123.255309 123.253353 123.251397 123.249407 123.247451 123.245775 123.243819 123.241863 123.240466 123.238231 123.236554 123.234878 123.232922 123.231245 123.229289 123.227613 123.225657 123.223701 123.222025 123.220069 123.218113 123.216157 123.214201 123.212245
123.310946 123.308711 123.306755 123.305358 123.303123 123.301446 123.299490 123.297814 123.296137 123.294181 123.292784 123.290794 123.288839 123.287162 123.285486 123.283809 123.283250 123.281294 123.279618 123.277662 123.275706 123.274030 123.272074 123.270397 123.268441 123.266485 123.264809 123.262853 123.261177 123.259221 123.257544 123.255868 123.253912 123.252235 123.250559 123.248569 123.246613 123.244657 123.242701 123.240745 123.238789 123.236834 123.235157 123.233201 123.231245 123.229848 123.227613 123.225936 123.223981 123.222025 123.220628 123.218672 123.216995 123.214760 123.213083 123.211686 123.209451 123.207740 123.205785 123.204108
123.302843 123.300608 123.298931 123.296696 123.295020 123.293064 123.291074 123.289956 123.288000 123.287441 123.285765 123.283809 123.282133 123.280177 123.278221 123.276824 123.274588 123.272912 123.270956 123.269280 123.267603 123.265647 123.263691 123.261735 123.259779 123.257824 123.256147 123.253912 123.252235 123.250559 123.248569 123.246892 123.244937 123.242981 123.241584 123.239348 123.237672 123.235716 123.233760 123.232363 123.230407 123.228451 123.226495 123.224539 123.222583 123.220907 123.219230 123.217275 123.215319 123.213363 123.211686 123.209730 123.207740 123.206343 123.204108 123.202432 123.201035 123.198799 123.197402 123.195446
123.293902 123.292225 123.290236 123.288559 123.286883 123.284927 123.283250 123.281294 123.279338 123.277941 123.275985 123.274309 123.272074 123.270397 123.268721 123.266485 123.265088 123.263132 123.261177 123.259779 123.257824 123.255868 123.253912 123.252235 123.250279 123.248289 123.246613 123.244937 123.242701 123.241304 123.239348 123.237672 123.235436 123.233760 123.232084 123.230128 123.228172 123.226216 123.224539 123.222583 123.220628 123.219230 123.217275 123.215319 123.213363 123.211686 123.209730 123.207740 123.206064 123.204108 123.202432 123.200196 123.198520 123.196843 123.194887 123.193211 123.191255 123.189299 123.187902 123.185946
123.286324 123.284647 123.282412 123.280736 123.278780 123.276824 123.275427 123.273471 123.271515 123.269559 123.267882 123.265647 123.263971 123.262294 123.260338 123.258662 123.256706 123.254750 123.253353 123.251397 123.249407 123.247451 123.245775 123.244098 123.242142 123.240466 123.238510 123.236554 123.235157 123.233201 123.231525 123.229289 123.227613 123.225936 123.223981 123.222304 123.220348 123.218392 123.216995 123.215039 123.213083 123.211127 123.209451 123.207461 123.205505 123.204108 123.202152 123.199917 123.198520 123.196564 123.194887 123.192652 123.190976 123.189299 123.187343 123.185387 123.183431 123.181476 123.179520 123.177564
123.276544 123.274588 123.272912 123.270956 123.269000 123.267603 123.265368 123.263691 123.261735 123.260059 123.258382 123.256427 123.254750 123.252794 123.250838 123.249128 123.247172 123.245216 123.243260 123.241304 123.239348 123.237672 123.235716 123.233760 123.232363 123.230128 123.228451 123.226495 123.224819 123.223142 123.221186 123.219510 123.217554 123.215598 123.214201 123.211966 123.210569 123.208613 123.206623 123.205226 123.202990 123.201035 123.199637 123.197402 123.195726 123.193770 123.192093 123.190417 123.188461 123.186784 123.184829 123.182873 123.181476 123.179240 123.177564 123.175608 123.173931 123.172255 123.170299 123.168623
123.267603 123.266206 123.263971 123.262574 123.260618 123.258662 123.257265 123.255309 123.253353 123.251956 123.249966 123.248010 123.246613 123.244657 123.242981 123.240745 123.239069 123.237392 123.235157 123.233481 123.231245 123.229569 123.227333 123.225657 123.223701 123.222025 123.220069 123.217833 123.216716 123.214760 123.212804 123.211407 123.209172 123.207461 123.205505 123.203829 123.202152 123.200196 123.198520 123.196843 123.194887 123.193211 123.191255 123.189299 123.187343 123.185667 123.183990 123.182034 123.180079 123.178123 123.176167 123.174211 123.172255 123.170299 123.168623 123.166946 123.164956 123.163280 123.161324 123.159368
123.261177 123.258941 123.257265 123.255309 123.253353 123.251676 123.249687 123.247731 123.245775 123.244098 123.241863 123.240186 123.238789 123.236554 123.234598 123.232642 123.230966 123.229010 123.227054 123.225657 123.223701 123.222025 123.219789 123.218113 123.216436 123.214480 123.212804 123.210848 123.208892 123.207182 123.204946 123.203829 123.201593 123.199917 123.198240 123.196285 123.194329 123.192373 123.190417 123.188461 123.186505 123.184549 123.182873 123.180917 123.178961 123.177564 123.175608 123.173652 123.171696 123.169740 123.167505 123.166074 123.163839 123.162162 123.160486 123.158250 123.156574 123.154338 123.152662 123.150706
123.250279 123.248289 123.246613 123.244657 123.242701 123.241304 123.239348 123.237672 123.235716 123.233760 123.232363 123.230128 123.228731 123.226775 123.224539 123.223422 123.221186 123.219510 123.218113 123.215878 123.214201 123.211966 123.210569 123.208613 123.206902 123.204946 123.202711 123.201314 123.199358 123.197402 123.196005 123.194049 123.192093 123.190696 123.188461 123.186784 123.184549 123.182873 123.180917 123.179240 123.177564 123.175608 123.173652 123.171696 123.170020 123.168064 123.166074 123.164397 123.162441 123.160765 123.159088 123.157133 123.155456 123.153500 123.151544 123.150147 123.147912 123.146235 123.144280 123.142603
123.241863 123.240186 123.238231 123.236275 123.234878 123.232922 123.230966 123.229010 123.227054 123.225098 123.223422 123.221186 123.219510 123.218113 123.215878 123.214201 123.212245 123.210289 123.208892 123.206902 123.204946 123.203549 123.201593 123.199637 123.197682 123.196005 123.194049 123.192093 123.190417 123.188461 123.186505 123.184549 123.182593 123.180637 123.178681 123.176726 123.174770 123.172814 123.171137 123.169461 123.167225 123.165794 123.163839 123.161883 123.160206 123.158250 123.156574 123.154618 123.152662 123.150985 123.149030 123.147353 123.145397 123.143721 123.142044 123.140088 123.138412 123.136456 123.134500 123.133103
123.233760 123.232363 123.230407 123.228451 123.226495 123.224819 123.223142 123.221186 123.219230 123.217275 123.215319 123.213363 123.211686 123.209730 123.207740 123.206064 123.204108 123.202432 123.200755 123.198799 123.196843 123.194887 123.193211 123.191255 123.189299 123.187902 123.185667 123.183990 123.182034 123.180079 123.178681 123.176726 123.175049 123.173093 123.171137 123.169740 123.167505 123.165794 123.163839 123.162162 123.160486 123.158530 123.156574 123.154618 123.152662 123.150706 123.148750 123.146794 123.144838 123.142882 123.141206 123.139530 123.137574 123.135897 123.133941 123.131985 123.130588 123.128632 123.126956 123.125000
123.224539 123.222583 123.220907 123.218672 123.216995 123.215319 123.213363 123.211686 123.209451 123.207461 123.206343 123.204108 123.202432 123.201035 123.198799 123.197123 123.195167 123.193211 123.191814 123.189858 123.187902 123.185946 123.183990 123.182034 123.180358 123.178123 123.176446 123.174770 123.172534 123.170858 123.168902 123.167225 123.165515 123.163559 123.161883 123.159927 123.157971 123.156294 123.154338 123.152662 123.150706 123.149030 123.147353 123.145397 123.143441 123.141485 123.139809 123.137574 123.135897 123.134221 123.132265 123.130868 123.128632 123.126676 123.125279 123.123289 123.121334 123.119657 123.117701 123.116304
123.214760 123.212804 123.211407 123.209451 123.207461 123.206064 123.204108 123.202432 123.200196 123.198520 123.196843 123.194887 123.192932 123.190976 123.189020 123.187064 123.185387 123.183711 123.181755 123.180358 123.178123 123.176167 123.174770 123.172814 123.171137 123.169461 123.167505 123.165794 123.164118 123.162162 123.160765 123.158809 123.156574 123.155177 123.153221 123.151544 123.149309 123.147633 123.145956 123.144000 123.142044 123.140088 123.138412 123.136456 123.134500 123.133382 123.131147 123.129471 123.127794 123.125838 123.124128 123.122731 123.120495 123.118819 123.116584 123.114907 123.112951 123.112113 123.111554 123.110995
123.206902 123.204946 123.203549 123.201593 123.199637 123.197682 123.196005 123.193770 123.192093 123.190417 123.188461 123.186784 123.184829 123.182873 123.181476 123.179520 123.177843 123.175608 123.173931 123.172255 123.170299 123.168623 123.166946 123.164956 123.163280 123.161044 123.159368 123.157691 123.155736 123.154059 123.152103 123.150147 123.148750 123.146794 123.145118 123.142882 123.141206 123.139530 123.137574 123.135618 123.133662 123.131706 123.129750 123.127794 123.125838 123.124128 123.122451 123.120495 123.118819 123.117142 123.116025 123.115466 123.114907 123.114348 123.113789 123.113231 123.112672 123.112672 123.113789 123.114348
123.198799 123.197123 123.194887 123.193211 123.191814 123.189579 123.187902 123.185946 123.183990 123.182314 123.180079 123.178681 123.176726 123.175049 123.172814 123.171137 123.169461 123.167505 123.165794 123.163559 123.161883 123.159927 123.157971 123.156574 123.154618 123.152941 123.150706 123.149030 123.147353 123.145397 123.143441 123.141485 123.139530 123.137574 123.135618 123.133662 123.131706 123.129750 123.128074 123.126397 123.124407 123.122731 123.121054 123.119937 123.119378 123.118819 123.118260 123.117701 123.117142 123.116584 123.116584 123.117701 123.118539 123.118539 123.119657 123.120495 123.121054 123.121334 123.122172 123.122731
123.189858 123.187902 123.186505 123.184549 123.182593 123.180637 123.178681 123.176726 123.174770 123.172814 123.171137 123.169461 123.167225 123.165794 123.163839 123.161883 123.160486 123.158530 123.156574 123.154618 123.152941 123.150706 123.149030 123.147353 123.145118 123.143441 123.141485 123.139530 123.137574 123.135897 123.134221 123.132265 123.130868 123.128632 123.126676 123.125279 123.123848 123.123289 123.122731 123.122172 123.121613 123.121054 123.120495 123.120495 123.121892 123.122172 123.122451 123.123569 123.124128 123.124966 123.125559 123.126118 123.126676 123.127515 123.128074 123.128632 123.129750 123.130309 123.130868 123.132544
123.181476 123.179520 123.177564 123.175608 123.173652 123.171696 123.170020 123.168343 123.166353 123.164677 123.163000 123.161044 123.159368 123.157412 123.155456 123.154059 123.152103 123.150427 123.148191 123.146515 123.144838 123.142882 123.140927 123.138691 123.137015 123.134779 123.133103 123.131147 123.129191 123.128074 123.127515 123.126676 123.126118 123.125559 123.125000 123.124687 123.124407 123.125838 123.126118 123.126956 123.127235 123.128074 123.128912 123.129191 123.130309 123.130588 123.131427 123.132265 123.132824 123.133382 123.134221 123.134779 123.135618 123.136177 123.137853 123.138132 123.138691 123.139530 123.140088 123.140647
123.171417 123.169740 123.168064 123.166074 123.164397 123.162441 123.160486 123.159088 123.157133 123.155177 123.152941 123.151544 123.149588 123.147633 123.146235 123.144280 123.142324 123.140927 123.138691 123.137015 123.134779 123.133382 123.131985 123.131427 123.130868 123.130309 123.129750 123.129191 123.128632 123.128353 123.129191 123.130309 123.130868 123.131147 123.131985 123.132544 123.133103 123.134221 123.134500 123.135338 123.135897 123.136456 123.137574 123.138132 123.138691 123.139809 123.140368 123.140927 123.141485 123.142603 123.143162 123.144000 123.144838 123.145397 123.145956 123.146515 123.147353 123.147912 123.149030 123.149588
123.163000 123.161044 123.159088 123.157133 123.155456 123.153780 123.151824 123.150147 123.148191 123.146235 123.144838 123.142603 123.140927 123.138971 123.137294 123.135897 123.135338 123.134779 123.134221 123.133662 123.133103 123.132544 123.132265 123.133103 123.133941 123.134500 123.135059 123.136177 123.136456 123.137294 123.137853 123.138412 123.139530 123.139809 123.140647 123.141206 123.141765 123.142882 123.143162 123.144000 123.145118 123.145118 123.146235 123.147074 123.148191 123.148471 123.149868 123.150147 123.150706 123.151265 123.151824 123.152103 123.153221 123.153780 123.154618 123.155177 123.155736 123.156294 123.157133 123.157691
123.153780 123.151824 123.149868 123.148471 123.146515 123.144838 123.142882 123.140927 123.139809 123.139250 123.138691 123.138132 123.137574 123.137015 123.136456 123.136177 123.137294 123.137853 123.138691 123.139250 123.139809 123.140088 123.141206 123.141765 123.142882 123.143162 123.143441 123.144559 123.145118 123.146235 123.146515 123.147074 123.147912 123.148750 123.149588 123.149868 123.150706 123.151544 123.152383 123.153500 123.154338 123.154897 123.155456 123.155736 123.156574 123.157133 123.157971 123.158530 123.159088 123.159927 123.160486 123.161044 123.161603 123.162441 123.162721 123.163839 123.164677 123.165515 123.166074 123.166667
123.145118 123.143721 123.143162 123.142603 123.142044 123.141485 123.140927 123.140368 123.140088 123.141485 123.141765 123.142603 123.143441 123.143721 123.144559 123.145118 123.145956 123.146515 123.146794 123.147633 123.148191 123.148750 123.149868 123.150427 123.151544 123.151824 123.152383 123.153500 123.153780 123.154618 123.155177 123.156294 123.156853 123.157412 123.159088 123.159927 123.159647 123.160486 123.160765 123.161883 123.162441 123.163280 123.163839 123.164397 123.165236 123.165794 123.166074 123.166667 123.167784 123.168343 123.169461 123.170020 123.170858 123.171417 123.171696 123.172534 123.173652 123.174211 123.175049 123.175608
123.144280 123.144000 123.144559 123.145956 123.146515 123.147353 123.147912 123.147912 123.148750 123.149868 123.150147 123.151265 123.151824 123.152103 123.152941 123.153780 123.154059 123.154897 123.155736 123.156574 123.157133 123.157691 123.158809 123.159368 123.159927 123.160486 123.161603 123.162162 123.162441 123.163839 123.164118 123.165236 123.165515 123.166353 123.166946 123.167505 123.168343 123.169181 123.169740 123.170299 123.170858 123.171696 123.172255 123.173093 123.173931 123.174490 123.175328 123.175887 123.176446 123.177564 123.177843 123.178961 123.179520 123.180358 123.180917 123.181476 123.182314 123.182873 123.183431 123.184549
123.151824 123.152941 123.153221 123.154618 123.155177 123.156015 123.156574 123.157133 123.157412 123.157971 123.159088 123.159647 123.160206 123.160765 123.161603 123.162441 123.163000 123.163559 123.164397 123.165236 123.165794 123.166633 123.167225 123.167784 123.169181 123.169461 123.170578 123.170858 123.171417 123.172255 123.173093 123.173652 123.174211 123.174770 123.175608 123.176726 123.177005 123.177564 123.178123 123.179240 123.179799 123.180358 123.181196 123.181755 123.182593 123.183152 123.184270 123.184829 123.185667 123.186226 123.186784 123.187623 123.188182 123.188461 123.189858 123.190696 123.191255 123.191814 123.193490 123.193770
123.161044 123.161883 123.162441 123.162721 123.163559 123.164397 123.164956 123.165515 123.166074 123.167225 123.167505 123.168343 123.168902 123.169740 123.170578 123.171417 123.171976 123.172534 123.173093 123.174211 123.174770 123.175608 123.176167 123.177564 123.177843 123.178123 123.178681 123.179520 123.180358 123.181476 123.181755 123.182314 123.182873 123.183431 123.184549 123.185108 123.185667 123.186226 123.186784 123.187902 123.188461 123.189579 123.190137 123.190976 123.191534 123.191814 123.192932 123.193490 123.194887 123.195167 123.196005 123.196564 123.197123 123.198520 123.199917 123.200196 123.201035 123.201593 123.202152 123.202432
123.169461 123.170299 123.170858 123.171417 123.172255 123.173093 123.173931 123.174490 123.175608 123.176167 123.176446 123.177284 123.177564 123.178402 123.179520 123.180079 123.180917 123.181476 123.182034 123.182873 123.183152 123.184270 123.185108 123.185667 123.186784 123.186784 123.187623 123.188182 123.188740 123.189858 123.190417 123.190976 123.191534 123.192373 123.192932 123.193770 123.195167 123.195726 123.196285 123.196843 123.197123 123.198240 123.198799 123.200196 123.200755 123.201314 123.201873 123.202432 123.203549 123.204946 123.205505 123.206064 123.206623 123.207182 123.207740 123.208892 123.209451 123.210010 123.217554 123.233481
