FireSTARR/test/constant/C2_S060_A000_WD225_WS020/arrival.asc
ncols         74
nrows         70
xllcorner     419903.990666
yllcorner     12748155.311160
cellsize      100.000000
NODATA_value  0.000000
[rows 26 to 51 of 70, columns 0 to 58 of 74]
0.000000 0.000000 0.000000 0.000000 0.000000 0.000000 0.000000 0.000000 0.000000 123.412629 123.400086 123.391724 123.383362 123.370962 123.364691 123.352148 123.343786 123.335424 123.327205 123.318843 123.310481 123.302119 123.291667 123.283448 123.275086 123.264634 123.256272 123.248053 123.241781 123.241781 123.245962 123.248053 123.252091 123.256272 123.260453 123.264634 123.266724 123.270905 123.277177 123.279267 123.285539 123.287629 123.293757 123.297938 123.306300 123.308391 123.314662 123.318843 123.325115 123.333333 123.354238 123.385453 123.414720 0.000000 0.000000 0.000000 0.000000 0.000000 0.000000
0.000000 0.000000 0.000000 0.000000 0.000000 0.000000 0.000000 0.000000 0.000000 123.414720 123.404267 123.393815 123.385453 123.377091 123.368872 123.356329 123.350057 123.337514 123.331386 123.323024 123.312572 123.302119 123.293757 123.285539 123.277177 123.268815 123.258362 123.250000 123.241781 123.235510 123.233419 123.239691 123.241781 123.245962 123.250000 123.252091 123.256272 123.260453 123.264634 123.266724 123.275086 123.277177 123.283448 123.287629 123.291667 123.297938 123.302119 123.308391 123.316753 123.323024 123.331386 123.360510 123.389634 0.000000 0.000000 0.000000 0.000000 0.000000 0.000000
0.000000 0.000000 0.000000 0.000000 0.000000 0.000000 0.000000 0.000000 0.000000 123.416667 123.408448 123.400086 123.389634 123.379181 123.370962 123.362600 123.354238 123.341695 123.331386 123.325115 123.314662 123.306300 123.297938 123.287629 123.279267 123.270905 123.262543 123.252091 123.243872 123.235510 123.229238 123.227148 123.233419 123.235510 123.237600 123.241781 123.245962 123.250000 123.252091 123.258362 123.264634 123.266724 123.270905 123.275086 123.281358 123.285539 123.291667 123.297938 123.302119 123.308391 123.314662 123.337514 123.366781 123.395905 0.000000 0.000000 0.000000 0.000000 0.000000
0.000000 0.000000 0.000000 0.000000 0.000000 0.000000 0.000000 0.000000 0.000000 0.000000 123.412629 123.402177 123.393815 123.383362 123.373053 123.366781 123.356329 123.345876 123.337514 123.327205 123.318843 123.308391 123.300029 123.291667 123.283448 123.272996 123.266724 123.256272 123.245962 123.237600 123.229238 123.222967 123.220876 123.225057 123.227148 123.233419 123.235510 123.239691 123.241781 123.245962 123.248053 123.256272 123.260453 123.262543 123.270905 123.272996 123.279267 123.283448 123.289720 123.295848 123.306300 123.312572 123.341695 123.370962 123.400086 0.000000 0.000000 0.000000 0.000000
0.000000 0.000000 0.000000 0.000000 0.000000 0.000000 0.000000 0.000000 0.000000 0.000000 123.412629 123.406358 123.397996 123.387543 123.377091 123.368872 123.358419 123.350057 123.341695 123.331386 123.320934 123.312572 123.304210 123.293757 123.285539 123.277177 123.268815 123.258362 123.250000 123.241781 123.231329 123.222967 123.216695 123.214605 123.218786 123.220876 123.225057 123.229238 123.233419 123.235510 123.239691 123.245962 123.250000 123.252091 123.258362 123.262543 123.270905 123.272996 123.279267 123.283448 123.289720 123.295848 123.318843 123.347967 123.377091 123.406358 0.000000 0.000000 0.000000
0.000000 0.000000 0.000000 0.000000 0.000000 0.000000 0.000000 0.000000 0.000000 0.000000 0.000000 123.408448 123.400086 123.389634 123.381272 123.373053 123.362600 123.352148 123.343786 123.335424 123.325115 123.316753 123.306300 123.297938 123.289720 123.279267 123.270905 123.260453 123.252091 123.243872 123.235510 123.225057 123.216695 123.210424 123.208333 123.212514 123.214605 123.218786 123.222967 123.225057 123.227148 123.233419 123.235510 123.243872 123.245962 123.250000 123.258362 123.260453 123.264634 123.270905 123.275086 123.287629 123.295848 123.325115 123.354238 123.383362 123.412629 0.000000 0.000000
0.000000 0.000000 0.000000 0.000000 0.000000 0.000000 0.000000 0.000000 0.000000 0.000000 0.000000 123.410539 123.404267 123.393815 123.385453 123.375000 123.364691 123.356329 123.347967 123.339605 123.329296 123.318843 123.308391 123.300029 123.291667 123.283448 123.275086 123.264634 123.256272 123.248053 123.237600 123.229238 123.220876 123.212514 123.204296 123.202205 123.204296 123.206386 123.210424 123.214605 123.220876 123.220876 123.225057 123.231329 123.233419 123.241781 123.245962 123.248053 123.256272 123.258362 123.266724 123.270905 123.279267 123.300029 123.329296 123.358419 123.387543 123.416667 0.000000
0.000000 0.000000 0.000000 0.000000 0.000000 0.000000 0.000000 0.000000 0.000000 0.000000 0.000000 0.000000 123.410539 123.395905 123.387543 123.379181 123.370962 123.360510 123.352148 123.341695 123.331386 123.323024 123.314662 123.304210 123.293757 123.285539 123.277177 123.266724 123.258362 123.248053 123.241781 123.231329 123.222967 123.214605 123.206386 123.198024 123.195934 123.198024 123.200115 123.204296 123.208333 123.212514 123.214605 123.218786 123.222967 123.229238 123.233419 123.237600 123.243872 123.248053 123.256272 123.258362 123.268815 123.277177 123.306300 123.335424 123.364691 123.393815 0.000000
0.000000 0.000000 0.000000 0.000000 0.000000 0.000000 0.000000 0.000000 0.000000 0.000000 0.000000 0.000000 123.414720 123.402177 123.393815 123.381272 123.370962 123.362600 123.354238 123.343786 123.335424 123.325115 123.316753 123.308391 123.297938 123.289720 123.279267 123.270905 123.262543 123.252091 123.241781 123.235510 123.227148 123.216695 123.208333 123.198024 123.191753 123.187572 123.191753 123.193843 123.198024 123.202205 123.206386 123.208333 123.212514 123.218786 123.222967 123.227148 123.231329 123.237600 123.243872 123.245962 123.252091 123.260453 123.281358 123.310481 123.339605 123.368872 123.400086
0.000000 0.000000 0.000000 0.000000 0.000000 0.000000 0.000000 0.000000 0.000000 0.000000 0.000000 0.000000 0.000000 123.410539 123.400086 123.389634 123.379181 123.366781 123.358419 123.350057 123.337514 123.329296 123.318843 123.310481 123.304210 123.291667 123.281358 123.272996 123.264634 123.256272 123.248053 123.237600 123.227148 123.218786 123.210424 123.202205 123.193843 123.185481 123.181300 123.185481 123.187572 123.189662 123.195934 123.200115 123.202205 123.206386 123.212514 123.216695 123.220876 123.225057 123.231329 123.235510 123.241781 123.248053 123.258362 123.287629 123.316753 123.345876 123.375000
0.000000 0.000000 0.000000 0.000000 0.000000 0.000000 0.000000 0.000000 0.000000 0.000000 0.000000 0.000000 0.000000 123.414720 123.402177 123.393815 123.381272 123.373053 123.362600 123.350057 123.341695 123.333333 123.323024 123.312572 123.306300 123.295848 123.287629 123.277177 123.266724 123.258362 123.250000 123.241781 123.231329 123.222967 123.214605 123.204296 123.195934 123.187572 123.179210 123.175029 123.177119 123.181300 123.185481 123.189662 123.193843 123.195934 123.200115 123.204296 123.208333 123.212514 123.216695 123.222967 123.227148 123.233419 123.241781 123.262543 123.293757 123.323024 123.352148
0.000000 0.000000 0.000000 0.000000 0.000000 0.000000 0.000000 0.000000 0.000000 0.000000 0.000000 0.000000 0.000000 0.000000 123.408448 123.397996 123.387543 123.377091 123.364691 123.356329 123.345876 123.337514 123.327205 123.318843 123.310481 123.300029 123.291667 123.281358 123.270905 123.262543 123.254181 123.243872 123.235510 123.225057 123.216695 123.208333 123.200115 123.189662 123.181300 123.172938 123.168757 123.172938 123.172938 123.177119 123.181300 123.185481 123.187572 123.193843 123.198024 123.202205 123.208333 123.214605 123.218786 123.222967 123.231329 123.239691 123.268815 123.297938 123.327205
0.000000 0.000000 0.000000 0.000000 0.000000 0.000000 0.000000 0.000000 0.000000 0.000000 0.000000 0.000000 0.000000 0.000000 123.414720 123.404267 123.393815 123.383362 123.375000 123.362600 123.352148 123.341695 123.329296 123.320934 123.312572 123.302119 123.293757 123.283448 123.275086 123.266724 123.258362 123.248053 123.237600 123.229238 123.220876 123.210424 123.202205 123.191753 123.183391 123.175029 123.166667 123.162629 123.164720 123.166667 123.170848 123.175029 123.179210 123.183391 123.185481 123.193843 123.195934 123.202205 123.204296 123.210424 123.214605 123.222967 123.245962 123.272996 123.304210
0.000000 0.000000 0.000000 0.000000 0.000000 0.000000 0.000000 0.000000 0.000000 0.000000 0.000000 0.000000 0.000000 0.000000 123.416667 123.406358 123.397996 123.387543 123.377091 123.366781 123.358419 123.347967 123.335424 123.325115 123.314662 123.306300 123.297938 123.287629 123.279267 123.270905 123.262543 123.250000 123.239691 123.231329 123.222967 123.212514 123.206386 123.195934 123.185481 123.177119 123.168757 123.160539 123.156358 123.158448 123.160539 123.164720 123.168757 123.172938 123.175029 123.181300 123.185481 123.189662 123.193843 123.200115 123.206386 123.212514 123.222967 123.250000 123.279267
0.000000 0.000000 0.000000 0.000000 0.000000 0.000000 0.000000 0.000000 0.000000 0.000000 0.000000 0.000000 0.000000 0.000000 0.000000 123.414720 123.402177 123.391724 123.381272 123.373053 123.362600 123.352148 123.341695 123.331386 123.320934 123.308391 123.302119 123.291667 123.283448 123.272996 123.262543 123.256272 123.245962 123.235510 123.227148 123.216695 123.208333 123.200115 123.187572 123.179210 123.170848 123.162629 123.154267 123.147996 123.150086 123.154267 123.158448 123.160539 123.164720 123.170848 123.172938 123.179210 123.181300 123.189662 123.193843 123.198024 123.204296 123.227148 123.256272
0.000000 0.000000 0.000000 0.000000 0.000000 0.000000 0.000000 0.000000 0.000000 0.000000 0.000000 0.000000 0.000000 0.000000 0.000000 123.416667 123.408448 123.400086 123.387543 123.377091 123.368872 123.356329 123.347967 123.337514 123.325115 123.316753 123.304210 123.293757 123.285539 123.277177 123.266724 123.258362 123.248053 123.239691 123.229238 123.218786 123.210424 123.202205 123.193843 123.183391 123.175029 123.164720 123.158448 123.147996 123.141724 123.143815 123.145905 123.152177 123.156358 123.158448 123.162629 123.168757 123.170848 123.177119 123.181300 123.187572 123.195934 123.202205 123.231329
0.000000 0.000000 0.000000 0.000000 0.000000 0.000000 0.000000 0.000000 0.000000 0.000000 0.000000 0.000000 0.000000 0.000000 0.000000 0.000000 0.000000 123.402177 123.391724 123.383362 123.373053 123.362600 123.352148 123.339605 123.329296 123.320934 123.308391 123.297938 123.289720 123.279267 123.270905 123.260453 123.252091 123.241781 123.233419 123.225057 123.214605 123.204296 123.195934 123.185481 123.177119 123.168757 123.158448 123.150086 123.141724 123.135453 123.135453 123.139634 123.145905 123.147996 123.150086 123.158448 123.162629 123.164720 123.170848 123.175029 123.179210 123.187572 123.208333
0.000000 0.000000 0.000000 0.000000 0.000000 0.000000 0.000000 0.000000 0.000000 0.000000 0.000000 0.000000 0.000000 0.000000 0.000000 0.000000 0.000000 0.000000 123.406358 123.387543 123.377091 123.364691 123.356329 123.345876 123.335424 123.325115 123.316753 123.304210 123.293757 123.281358 123.275086 123.264634 123.254181 123.245962 123.237600 123.229238 123.216695 123.208333 123.200115 123.189662 123.181300 123.170848 123.162629 123.154267 123.145905 123.135453 123.129181 123.129181 123.133362 123.137543 123.143815 123.143815 123.147996 123.152177 123.158448 123.162629 123.170848 123.177119 123.185481
0.000000 0.000000 0.000000 0.000000 0.000000 0.000000 0.000000 0.000000 0.000000 0.000000 0.000000 0.000000 0.000000 0.000000 0.000000 0.000000 0.000000 0.000000 0.000000 123.412629 123.393815 123.375000 123.360510 123.352148 123.343786 123.331386 123.318843 123.308391 123.300029 123.291667 123.279267 123.266724 123.260453 123.248053 123.241781 123.231329 123.220876 123.212514 123.204296 123.193843 123.185481 123.175029 123.166667 123.156358 123.147996 123.137543 123.129181 123.123053 123.123053 123.127091 123.131272 123.135453 123.137543 123.143815 123.147996 123.150086 123.158448 123.160539 123.168757
0.000000 0.000000 0.000000 0.000000 0.000000 0.000000 0.000000 0.000000 0.000000 0.000000 0.000000 0.000000 0.000000 0.000000 0.000000 0.000000 0.000000 0.000000 0.000000 0.000000 0.000000 123.400086 123.381272 123.362600 123.343786 123.335424 123.327205 123.314662 123.304210 123.295848 123.285539 123.275086 123.264634 123.252091 123.243872 123.233419 123.225057 123.214605 123.206386 123.195934 123.187572 123.179210 123.168757 123.158448 123.152177 123.141724 123.131272 123.123053 123.116781 123.116781 123.120962 123.125000 123.129181 123.133362 123.135453 123.141724 123.143815 123.150086 123.158448
0.000000 0.000000 0.000000 0.000000 0.000000 0.000000 0.000000 0.000000 0.000000 0.000000 0.000000 0.000000 0.000000 0.000000 0.000000 0.000000 0.000000 0.000000 0.000000 0.000000 0.000000 0.000000 123.406358 123.387543 123.368872 123.350057 123.331386 123.318843 123.312572 123.300029 123.287629 123.279267 123.270905 123.258362 123.250000 123.237600 123.229238 123.218786 123.210424 123.200115 123.191753 123.181300 123.170848 123.162629 123.154267 123.143815 123.135453 123.125000 123.118872 123.110510 123.108419 123.112600 123.118872 123.120962 123.125000 123.129181 123.133362 123.137543 123.143815
0.000000 0.000000 0.000000 0.000000 0.000000 0.000000 0.000000 0.000000 0.000000 0.000000 0.000000 0.000000 0.000000 0.000000 0.000000 0.000000 0.000000 0.000000 0.000000 0.000000 0.000000 0.000000 0.000000 123.412629 123.393815 123.375000 123.354238 123.335424 123.316753 123.304210 123.295848 123.285539 123.272996 123.264634 123.254181 123.241781 123.235510 123.222967 123.214605 123.204296 123.193843 123.183391 123.175029 123.164720 123.156358 123.147996 123.139634 123.131272 123.120962 123.110510 123.104238 123.102148 123.106329 123.112600 123.114691 123.118872 123.125000 123.127091 123.133362
0.000000 0.000000 0.000000 0.000000 0.000000 0.000000 0.000000 0.000000 0.000000 0.000000 0.000000 0.000000 0.000000 0.000000 0.000000 0.000000 0.000000 0.000000 0.000000 0.000000 0.000000 0.000000 0.000000 0.000000 0.000000 123.400086 123.381272 123.362600 123.341695 123.323024 123.304210 123.287629 123.279267 123.270905 123.258362 123.250000 123.239691 123.227148 123.218786 123.206386 123.200115 123.189662 123.181300 123.170848 123.160539 123.150086 123.143815 123.133362 123.123053 123.114691 123.106329 123.097967 123.095876 123.100057 123.104238 123.108419 123.110510 123.116781 123.123053
0.000000 0.000000 0.000000 0.000000 0.000000 0.000000 0.000000 0.000000 0.000000 0.000000 0.000000 0.000000 0.000000 0.000000 0.000000 0.000000 0.000000 0.000000 0.000000 0.000000 0.000000 0.000000 0.000000 0.000000 0.000000 0.000000 123.406358 123.387543 123.366781 123.347967 123.329296 123.310481 123.291667 123.272996 123.262543 123.256272 123.243872 123.233419 123.225057 123.212514 123.204296 123.191753 123.183391 123.172938 123.162629 123.154267 123.145905 123.135453 123.127091 123.118872 123.108419 123.100057 123.091695 123.089605 123.093786 123.100057 123.102148 123.106329 123.110510
0.000000 0.000000 0.000000 0.000000 0.000000 0.000000 0.000000 0.000000 0.000000 0.000000 0.000000 0.000000 0.000000 0.000000 0.000000 0.000000 0.000000 0.000000 0.000000 0.000000 0.000000 0.000000 0.000000 0.000000 0.000000 0.000000 0.000000 123.412629 123.393815 123.373053 123.354238 123.335424 123.316753 123.297938 123.279267 123.260453 123.248053 123.237600 123.229238 123.218786 123.208333 123.195934 123.189662 123.177119 123.166667 123.158448 123.150086 123.139634 123.131272 123.120962 123.110510 123.104238 123.093786 123.085424 123.083333 123.085424 123.091695 123.093786 123.097967
0.000000 0.000000 0.000000 0.000000 0.000000 0.000000 0.000000 0.000000 0.000000 0.000000 0.000000 0.000000 0.000000 0.000000 0.000000 0.000000 0.000000 0.000000 0.000000 0.000000 0.000000 0.000000 0.000000 0.000000 0.000000 0.000000 0.000000 0.000000 0.000000 123.400086 123.381272 123.362600 123.341695 123.323024 123.304210 123.285539 123.266724 123.248053 123.231329 123.220876 123.212514 123.202205 123.193843 123.183391 123.172938 123.162629 123.154267 123.141724 123.135453 123.125000 123.114691 123.106329 123.097967 123.087514 123.079296 123.077205 123.081386 123.085424 123.087514
