FireSTARR/test/constant/C2_S060_A270_WD090_WS020/arrival.asc
ncols         131
nrows         187
xllcorner     414003.990666
yllcorner     12748555.311160
cellsize      100.000000
NODATA_value  0.000000
[rows 135 to 161 of 187, columns 61 to 121 of 131]
0.000000 0.000000 0.000000 0.000000 0.000000 0.000000 0.000000 0.000000 0.000000 0.000000 0.000000 0.000000 0.000000 0.000000 123.403277 123.381186 123.358076 123.340403 123.326130 123.306689 123.284463 123.270324 123.250000 123.234843 123.211868 123.201130 123.179922 123.164765 123.146208 123.140022 123.122215 123.110727 123.109843 123.114262 123.118680 123.122215 123.126767 123.130302 123.134720 123.138255 123.141790 123.146208 123.150626 123.154161 123.168434 123.197595 123.226007 123.254418 123.282696 123.311107 123.341286 123.368680 123.398859 0.000000 0.000000 0.000000 0.000000 0.000000 0.000000 0.000000 0.000000
0.000000 0.000000 0.000000 0.000000 0.000000 0.000000 0.000000 0.000000 0.000000 0.000000 0.000000 0.000000 0.000000 0.000000 123.410347 123.394441 123.372215 123.357192 123.333199 123.316409 123.297852 123.278277 123.261488 123.241913 123.226007 123.203781 123.192293 123.177271 123.159463 123.141790 123.125884 123.116913 123.108076 123.108960 123.113378 123.117796 123.121331 123.125884 123.129418 123.132953 123.137371 123.141790 123.145324 123.148859 123.153277 123.181689 123.210101 123.238378 123.266790 123.295201 123.324362 123.352774 123.382953 123.411230 0.000000 0.000000 0.000000 0.000000 0.000000 0.000000 0.000000
0.000000 0.000000 0.000000 0.000000 0.000000 0.000000 0.000000 0.000000 0.000000 0.000000 0.000000 0.000000 0.000000 0.000000 0.000000 123.405928 123.385604 123.367796 123.345705 123.326130 123.307573 123.296085 123.270324 123.251767 123.233076 123.218937 123.196711 123.184340 123.166667 123.150626 123.138255 123.120447 123.108076 123.105425 123.108076 123.112494 123.116913 123.120447 123.123982 123.128535 123.132069 123.136488 123.140022 123.144441 123.147092 123.165649 123.193177 123.221588 123.250884 123.278277 123.308456 123.335984 123.366029 123.394441 0.000000 0.000000 0.000000 0.000000 0.000000 0.000000 0.000000
0.000000 0.000000 0.000000 0.000000 0.000000 0.000000 0.000000 0.000000 0.000000 0.000000 0.000000 0.000000 0.000000 0.000000 0.000000 123.415649 123.397092 123.376767 123.358960 123.338635 123.317293 123.299620 123.287114 123.262371 123.242796 123.224239 123.209217 123.194060 123.175503 123.157696 123.147092 123.130302 123.116913 123.104541 123.103658 123.107192 123.111611 123.115145 123.119564 123.123098 123.127651 123.131186 123.135604 123.139139 123.143557 123.149743 123.177271 123.205548 123.234843 123.262371 123.291532 123.319944 123.350123 123.378535 123.405928 0.000000 0.000000 0.000000 0.000000 0.000000 0.000000
0.000000 0.000000 0.000000 0.000000 0.000000 0.000000 0.000000 0.000000 0.000000 0.000000 0.000000 0.000000 0.000000 0.000000 0.000000 0.000000 123.406812 123.388255 123.367796 123.350123 123.329664 123.315526 123.291532 123.278277 123.258837 123.241913 123.216286 123.201130 123.187875 123.167550 123.154161 123.135604 123.128535 123.113378 123.101007 123.101007 123.106309 123.110727 123.114262 123.117796 123.122215 123.125884 123.130302 123.134720 123.138255 123.141790 123.161230 123.189642 123.218937 123.247215 123.275626 123.303154 123.333199 123.361611 123.390022 0.000000 0.000000 0.000000 0.000000 0.000000 0.000000
0.000000 0.000000 0.000000 0.000000 0.000000 0.000000 0.000000 0.000000 0.000000 0.000000 0.000000 0.000000 0.000000 0.000000 0.000000 0.000000 0.000000 123.398859 123.379418 123.366029 123.340403 123.320828 123.302271 123.284463 123.270324 123.251767 123.230425 123.213635 123.191409 123.178154 123.164765 123.150626 123.130302 123.116029 123.101007 123.099239 123.101007 123.105425 123.109843 123.113378 123.116029 123.121331 123.124866 123.129418 123.132953 123.137371 123.144441 123.173736 123.202013 123.230425 123.258837 123.287114 123.317293 123.345705 123.373098 123.401510 0.000000 0.000000 0.000000 0.000000 0.000000
0.000000 0.000000 0.000000 0.000000 0.000000 0.000000 0.000000 0.000000 0.000000 0.000000 0.000000 0.000000 0.000000 0.000000 0.000000 0.000000 0.000000 123.414765 123.397092 123.371331 123.354541 123.337752 123.318177 123.294318 123.276510 123.264139 123.241913 123.221588 123.204664 123.186991 123.169318 123.153277 123.142673 123.125884 123.109843 123.097472 123.096588 123.100123 123.104541 123.108076 123.111611 123.116029 123.120447 123.123982 123.128535 123.131186 123.135604 123.157696 123.186107 123.214519 123.243680 123.271208 123.301387 123.329664 123.357192 123.385604 123.414765 0.000000 0.000000 0.000000 0.000000
0.000000 0.000000 0.000000 0.000000 0.000000 0.000000 0.000000 0.000000 0.000000 0.000000 0.000000 0.000000 0.000000 0.000000 0.000000 0.000000 0.000000 0.000000 123.407696 123.385604 123.367796 123.347472 123.327013 123.307573 123.293434 123.272975 123.255302 123.238378 123.218937 123.194944 123.180805 123.162114 123.147092 123.135604 123.120447 123.106309 123.094821 123.093937 123.099239 123.103658 123.107192 123.110727 123.115145 123.119564 123.123098 123.126767 123.132069 123.140906 123.169318 123.197595 123.226890 123.254418 123.285347 123.312875 123.341286 123.370447 123.398859 0.000000 0.000000 0.000000 0.000000
0.000000 0.000000 0.000000 0.000000 0.000000 0.000000 0.000000 0.000000 0.000000 0.000000 0.000000 0.000000 0.000000 0.000000 0.000000 0.000000 0.000000 0.000000 123.415649 123.397975 123.375884 123.360727 123.343937 123.321711 123.298736 123.280045 123.265022 123.248098 123.227774 123.204664 123.186107 123.171969 123.154161 123.141790 123.128535 123.114262 123.095705 123.092170 123.093937 123.098356 123.102774 123.107192 123.110727 123.114262 123.118680 123.122215 123.124866 123.129418 123.153277 123.181689 123.210984 123.239262 123.269441 123.296969 123.325246 123.353658 123.382953 123.411230 0.000000 0.000000 0.000000
0.000000 0.000000 0.000000 0.000000 0.000000 0.000000 0.000000 0.000000 0.000000 0.000000 0.000000 0.000000 0.000000 0.000000 0.000000 0.000000 0.000000 0.000000 0.000000 123.405928 123.389139 123.374866 123.351890 123.334217 123.317293 123.291532 123.275626 123.257953 123.237494 123.218937 123.197595 123.177271 123.163881 123.148859 123.133837 123.117796 123.106309 123.091286 123.089519 123.093054 123.097472 123.101007 123.104541 123.108960 123.113378 123.116913 123.120447 123.125884 123.137371 123.164765 123.194944 123.222472 123.253535 123.280928 123.309340 123.337752 123.366029 123.394441 0.000000 0.000000 0.000000
0.000000 0.000000 0.000000 0.000000 0.000000 0.000000 0.000000 0.000000 0.000000 0.000000 0.000000 0.000000 0.000000 0.000000 0.000000 0.000000 0.000000 0.000000 0.000000 123.416532 123.397092 123.380302 123.362494 123.345705 123.325246 123.305805 123.285347 123.265906 123.246331 123.233076 123.214519 123.193177 123.172852 123.160347 123.140022 123.128535 123.111611 123.103658 123.087752 123.087752 123.092170 123.096588 123.100123 123.103658 123.108076 123.112494 123.115145 123.119564 123.123098 123.148859 123.178154 123.207315 123.236611 123.265022 123.293434 123.321711 123.350123 123.378535 123.406812 0.000000 0.000000
0.000000 0.000000 0.000000 0.000000 0.000000 0.000000 0.000000 0.000000 0.000000 0.000000 0.000000 0.000000 0.000000 0.000000 0.000000 0.000000 0.000000 0.000000 0.000000 0.000000 123.414765 123.395324 123.372215 123.353658 123.336868 123.318177 123.299620 123.278277 123.257069 123.237494 123.224239 123.205548 123.186991 123.166532 123.152394 123.137371 123.120447 123.108076 123.092170 123.085101 123.087752 123.091286 123.095705 123.099239 123.103658 123.107192 123.110727 123.115145 123.119564 123.132953 123.162114 123.190526 123.220705 123.248098 123.276510 123.305805 123.333199 123.362494 123.390906 0.000000 0.000000
0.000000 0.000000 0.000000 0.000000 0.000000 0.000000 0.000000 0.000000 0.000000 0.000000 0.000000 0.000000 0.000000 0.000000 0.000000 0.000000 0.000000 0.000000 0.000000 0.000000 0.000000 123.405045 123.382953 123.364262 123.345705 123.329664 123.308456 123.290649 123.273859 123.248098 123.230425 123.214519 123.196711 123.175503 123.162998 123.146208 123.132069 123.116913 123.101007 123.085101 123.083199 123.085984 123.090403 123.093937 123.098356 123.101890 123.106309 123.109843 123.113378 123.117796 123.145324 123.174620 123.203781 123.232192 123.260604 123.288881 123.317293 123.346588 123.374866 123.402394 0.000000
0.000000 0.000000 0.000000 0.000000 0.000000 0.000000 0.000000 0.000000 0.000000 0.000000 0.000000 0.000000 0.000000 0.000000 0.000000 0.000000 0.000000 0.000000 0.000000 0.000000 0.000000 0.000000 123.401510 123.375000 123.357192 123.341286 123.319944 123.301387 123.282696 123.265022 123.246331 123.226890 123.206432 123.188758 123.173736 123.156812 123.133837 123.124866 123.105425 123.092170 123.081432 123.080548 123.085101 123.089519 123.093054 123.097472 123.101007 123.105425 123.108960 123.112494 123.129418 123.157696 123.187875 123.216286 123.243680 123.272092 123.300503 123.330548 123.358960 123.386488 123.416532
0.000000 0.000000 0.000000 0.000000 0.000000 0.000000 0.000000 0.000000 0.000000 0.000000 0.000000 0.000000 0.000000 0.000000 0.000000 0.000000 0.000000 0.000000 0.000000 0.000000 0.000000 0.000000 123.412998 123.390906 123.373982 123.348356 123.332315 123.311107 123.291667 123.273859 123.257953 123.236611 123.215403 123.202013 123.179922 123.160347 123.147092 123.128535 123.118680 123.101007 123.085101 123.078781 123.079664 123.084217 123.088635 123.092170 123.096588 123.100123 123.104541 123.107192 123.113378 123.141790 123.171969 123.199362 123.227774 123.256186 123.284463 123.313758 123.342170 123.370447 123.400626
0.000000 0.000000 0.000000 0.000000 0.000000 0.000000 0.000000 0.000000 0.000000 0.000000 0.000000 0.000000 0.000000 0.000000 0.000000 0.000000 0.000000 0.000000 0.000000 0.000000 0.000000 0.000000 0.000000 123.401510 123.385604 123.364262 123.342170 123.323479 123.302271 123.283579 123.265022 123.246331 123.226890 123.207315 123.192293 123.176387 123.152394 123.138255 123.125000 123.108076 123.093937 123.077897 123.076130 123.079664 123.083199 123.085984 123.091286 123.094821 123.099239 123.102774 123.106309 123.124866 123.155928 123.183456 123.211868 123.240145 123.268557 123.297852 123.326130 123.354541 123.383837
0.000000 0.000000 0.000000 0.000000 0.000000 0.000000 0.000000 0.000000 0.000000 0.000000 0.000000 0.000000 0.000000 0.000000 0.000000 0.000000 0.000000 0.000000 0.000000 0.000000 0.000000 0.000000 0.000000 123.412998 123.397092 123.375884 123.355425 123.342170 123.313758 123.295201 123.276510 123.262371 123.237494 123.218937 123.201130 123.183456 123.163881 123.145324 123.134720 123.116913 123.100123 123.085101 123.074362 123.073479 123.078781 123.082315 123.086868 123.090403 123.093937 123.098356 123.101890 123.108960 123.139139 123.166667 123.195828 123.224239 123.252651 123.280928 123.309340 123.337752 123.367796
0.000000 0.000000 0.000000 0.000000 0.000000 0.000000 0.000000 0.000000 0.000000 0.000000 0.000000 0.000000 0.000000 0.000000 0.000000 0.000000 0.000000 0.000000 0.000000 0.000000 0.000000 0.000000 0.000000 0.000000 123.404161 123.387371 123.367796 123.353658 123.328781 123.311991 123.287114 123.266790 123.252651 123.235727 123.217170 123.194944 123.179922 123.159463 123.140906 123.122215 123.116029 123.091286 123.078781 123.071711 123.072595 123.077013 123.081432 123.084217 123.089519 123.093054 123.097472 123.100123 123.122215 123.151510 123.179922 123.208199 123.236611 123.265022 123.293434 123.321711 123.351890
0.000000 0.000000 0.000000 0.000000 0.000000 0.000000 0.000000 0.000000 0.000000 0.000000 0.000000 0.000000 0.000000 0.000000 0.000000 0.000000 0.000000 0.000000 0.000000 0.000000 0.000000 0.000000 0.000000 0.000000 123.413881 123.396208 123.378535 123.359843 123.344821 123.327897 123.301387 123.282696 123.265906 123.246331 123.224239 123.207315 123.190526 123.171085 123.153277 123.133837 123.117796 123.103658 123.087752 123.071711 123.069060 123.072595 123.076130 123.080548 123.084217 123.087752 123.092170 123.095705 123.106309 123.135604 123.163881 123.192293 123.220705 123.248098 123.277394 123.304922 123.335984
0.000000 0.000000 0.000000 0.000000 0.000000 0.000000 0.000000 0.000000 0.000000 0.000000 0.000000 0.000000 0.000000 0.000000 0.000000 0.000000 0.000000 0.000000 0.000000 0.000000 0.000000 0.000000 0.000000 0.000000 0.000000 123.405045 123.387371 123.369564 123.351007 123.335984 123.316409 123.293434 123.276510 123.253535 123.237494 123.217170 123.200246 123.180805 123.164765 123.142673 123.127651 123.114262 123.095705 123.080548 123.068177 123.067293 123.071711 123.075246 123.079664 123.083199 123.087752 123.091286 123.093937 123.118680 123.147092 123.175503 123.203781 123.232192 123.261488 123.288881 123.319944
0.000000 0.000000 0.000000 0.000000 0.000000 0.000000 0.000000 0.000000 0.000000 0.000000 0.000000 0.000000 0.000000 0.000000 0.000000 0.000000 0.000000 0.000000 0.000000 0.000000 0.000000 0.000000 0.000000 0.000000 0.000000 0.000000 123.402394 123.378535 123.361611 123.342170 123.327013 123.307573 123.291667 123.265022 123.245447 123.229541 123.209217 123.191409 123.171085 123.155928 123.139139 123.124866 123.107192 123.089519 123.077897 123.064642 123.065526 123.069944 123.074362 123.077897 123.082315 123.085101 123.090403 123.102774 123.131186 123.159463 123.186991 123.216286 123.245447 123.272975 123.303154
0.000000 0.000000 0.000000 0.000000 0.000000 0.000000 0.000000 0.000000 0.000000 0.000000 0.000000 0.000000 0.000000 0.000000 0.000000 0.000000 0.000000 0.000000 0.000000 0.000000 0.000000 0.000000 0.000000 0.000000 0.000000 0.000000 123.413881 123.395324 123.374866 123.352774 123.333199 123.319944 123.299620 123.284463 123.266790 123.237494 123.220705 123.200246 123.182573 123.162114 123.147092 123.127651 123.116029 123.097472 123.080548 123.065526 123.062875 123.065526 123.069060 123.072595 123.077013 123.081432 123.084217 123.087752 123.115145 123.142673 123.171085 123.200246 123.229541 123.256186 123.287114
0.000000 0.000000 0.000000 0.000000 0.000000 0.000000 0.000000 0.000000 0.000000 0.000000 0.000000 0.000000 0.000000 0.000000 0.000000 0.000000 0.000000 0.000000 0.000000 0.000000 0.000000 0.000000 0.000000 0.000000 0.000000 0.000000 0.000000 123.406812 123.383837 123.366029 123.350123 123.326130 123.310224 123.291532 123.275626 123.255302 123.236611 123.211868 123.192293 123.176387 123.154161 123.139139 123.123982 123.106309 123.095705 123.075246 123.061991 123.060224 123.064642 123.068177 123.070828 123.076130 123.079664 123.084217 123.098356 123.126767 123.155045 123.184340 123.212752 123.241029 123.271208
0.000000 0.000000 0.000000 0.000000 0.000000 0.000000 0.000000 0.000000 0.000000 0.000000 0.000000 0.000000 0.000000 0.000000 0.000000 0.000000 0.000000 0.000000 0.000000 0.000000 0.000000 0.000000 0.000000 0.000000 0.000000 0.000000 0.000000 123.416532 123.397975 123.384720 123.358076 123.337752 123.317293 123.301387 123.281812 123.266790 123.245447 123.225123 123.208199 123.184340 123.164765 123.148859 123.134720 123.119564 123.101890 123.085101 123.069060 123.058456 123.058456 123.062875 123.066409 123.070828 123.075246 123.079664 123.082315 123.110727 123.139139 123.168434 123.196711 123.224239 123.254418
0.000000 0.000000 0.000000 0.000000 0.000000 0.000000 0.000000 0.000000 0.000000 0.000000 0.000000 0.000000 0.000000 0.000000 0.000000 0.000000 0.000000 0.000000 0.000000 0.000000 0.000000 0.000000 0.000000 0.000000 0.000000 0.000000 0.000000 0.000000 123.414765 123.388255 123.371331 123.356309 123.329664 123.312875 123.293434 123.274743 123.258837 123.236611 123.215403 123.197595 123.178154 123.157696 123.143557 123.124866 123.111611 123.096588 123.077897 123.061107 123.055805 123.058456 123.061107 123.065526 123.069944 123.074362 123.077013 123.093937 123.123098 123.151510 123.179922 123.208199 123.238378
0.000000 0.000000 0.000000 0.000000 0.000000 0.000000 0.000000 0.000000 0.000000 0.000000 0.000000 0.000000 0.000000 0.000000 0.000000 0.000000 0.000000 0.000000 0.000000 0.000000 0.000000 0.000000 0.000000 0.000000 0.000000 0.000000 0.000000 0.000000 0.000000 123.402394 123.387371 123.363378 123.345705 123.326130 123.304038 123.289765 123.265906 123.249866 123.228658 123.214519 123.189642 123.170201 123.149743 123.134720 123.116913 123.107192 123.086868 123.068177 123.054922 123.053154 123.057573 123.060224 123.064642 123.069060 123.072595 123.078781 123.107192 123.135604 123.163881 123.192293 123.221588
0.000000 0.000000 0.000000 0.000000 0.000000 0.000000 0.000000 0.000000 0.000000 0.000000 0.000000 0.000000 0.000000 0.000000 0.000000 0.000000 0.000000 0.000000 0.000000 0.000000 0.000000 0.000000 0.000000 0.000000 0.000000 0.000000 0.000000 0.000000 0.000000 0.000000 123.397975 123.377651 123.360727 123.336868 123.319060 123.296085 123.282696 123.264139 123.241029 123.226007 123.206432 123.187875 123.160347 123.144441 123.125000 123.113378 123.098356 123.079664 123.066409 123.051387 123.051387 123.055805 123.059340 123.064642 123.068177 123.070828 123.090403 123.118680 123.147092 123.175503 123.206432
