FireSTARR/test/constant/C2_S060_A270_WD090_WS020/arrival.asc
ncols         131
nrows         187
xllcorner     414003.990666
yllcorner     12748555.311160
cellsize      100.000000
NODATA_value  0.000000
[rows 108 to 134 of 187, columns 61 to 121 of 131]
123.361611 123.344821 123.323479 123.307573 123.296969 123.272975 123.261488 123.245447 123.230425 123.219821 123.200246 123.187875 123.174620 123.171085 123.172852 123.178154 123.181689 123.186107 123.189642 123.194060 123.197595 123.201130 123.205548 123.210101 123.213635 123.217170 123.221588 123.226007 123.229541 123.233076 123.238378 123.241029 123.263255 123.292550 123.321711 123.350123 123.378535 123.406812 0.000000 0.000000 0.000000 0.000000 0.000000 0.000000 0.000000 0.000000 0.000000 0.000000 0.000000 0.000000 0.000000 0.000000 0.000000 0.000000 0.000000 0.000000 0.000000 0.000000 0.000000 0.000000 0.000000
123.378535 123.356309 123.337752 123.320828 123.304038 123.285347 123.267673 123.257069 123.241913 123.222472 123.206432 123.196711 123.185224 123.170201 123.169318 123.171969 123.177271 123.180805 123.184340 123.188758 123.192293 123.195828 123.200246 123.204664 123.208199 123.212752 123.216286 123.220705 123.224239 123.228658 123.233076 123.235727 123.247215 123.276510 123.305805 123.333199 123.362494 123.390022 0.000000 0.000000 0.000000 0.000000 0.000000 0.000000 0.000000 0.000000 0.000000 0.000000 0.000000 0.000000 0.000000 0.000000 0.000000 0.000000 0.000000 0.000000 0.000000 0.000000 0.000000 0.000000 0.000000
123.388255 123.366913 123.350123 123.327013 123.309340 123.296969 123.278277 123.262371 123.247215 123.236611 123.215403 123.201130 123.185224 123.180805 123.166667 123.166532 123.171969 123.175503 123.179922 123.183456 123.187875 123.191409 123.194060 123.199362 123.203781 123.207315 123.211868 123.215403 123.219821 123.223356 123.226890 123.232192 123.234843 123.260604 123.288881 123.317293 123.345705 123.373098 123.403277 0.000000 0.000000 0.000000 0.000000 0.000000 0.000000 0.000000 0.000000 0.000000 0.000000 0.000000 0.000000 0.000000 0.000000 0.000000 0.000000 0.000000 0.000000 0.000000 0.000000 0.000000 0.000000
123.397092 123.379418 123.358076 123.341286 123.318177 123.301387 123.288881 123.268557 123.253535 123.239262 123.226890 123.209217 123.194060 123.181689 123.167550 123.164765 123.165649 123.171085 123.174620 123.178154 123.182573 123.186991 123.191409 123.194060 123.197595 123.202897 123.206432 123.210101 123.214519 123.218054 123.222472 123.226890 123.230425 123.244564 123.272092 123.300503 123.330548 123.357192 123.386488 123.414765 0.000000 0.000000 0.000000 0.000000 0.000000 0.000000 0.000000 0.000000 0.000000 0.000000 0.000000 0.000000 0.000000 0.000000 0.000000 0.000000 0.000000 0.000000 0.000000 0.000000 0.000000
123.404161 123.392673 123.372215 123.350123 123.333199 123.310224 123.297852 123.280045 123.261488 123.246331 123.235727 123.218937 123.204664 123.191409 123.178154 123.163881 123.162114 123.165649 123.170201 123.173736 123.176387 123.181689 123.185224 123.188758 123.194060 123.197595 123.201130 123.205548 123.210101 123.213635 123.218054 123.221588 123.225123 123.228658 123.256186 123.284463 123.313758 123.341286 123.370447 123.398859 0.000000 0.000000 0.000000 0.000000 0.000000 0.000000 0.000000 0.000000 0.000000 0.000000 0.000000 0.000000 0.000000 0.000000 0.000000 0.000000 0.000000 0.000000 0.000000 0.000000 0.000000
0.000000 123.398859 123.384720 123.362494 123.341286 123.325246 123.307573 123.294318 123.272092 123.254418 123.242796 123.230425 123.210984 123.199362 123.179922 123.171969 123.160347 123.160347 123.164765 123.168434 123.172852 123.176387 123.180805 123.185224 123.187875 123.192293 123.196711 123.200246 123.204664 123.208199 123.211868 123.216286 123.220705 123.223356 123.240145 123.268557 123.297852 123.325246 123.354541 123.382953 123.410347 0.000000 0.000000 0.000000 0.000000 0.000000 0.000000 0.000000 0.000000 0.000000 0.000000 0.000000 0.000000 0.000000 0.000000 0.000000 0.000000 0.000000 0.000000 0.000000 0.000000
0.000000 123.409463 123.390906 123.375884 123.354541 123.332315 123.316409 123.294318 123.285347 123.265022 123.248982 123.233076 123.222472 123.201130 123.192293 123.174620 123.165649 123.157696 123.160347 123.162998 123.166667 123.171085 123.175503 123.179922 123.183456 123.187875 123.190526 123.195828 123.199362 123.203781 123.208199 123.211868 123.215403 123.218937 123.223356 123.252651 123.280928 123.309340 123.337752 123.366029 123.394441 0.000000 0.000000 0.000000 0.000000 0.000000 0.000000 0.000000 0.000000 0.000000 0.000000 0.000000 0.000000 0.000000 0.000000 0.000000 0.000000 0.000000 0.000000 0.000000 0.000000
0.000000 0.000000 123.401510 123.383837 123.366913 123.346588 123.325246 123.308456 123.290649 123.277394 123.256186 123.241913 123.228658 123.214519 123.194944 123.183456 123.171969 123.156812 123.155045 123.157696 123.162114 123.167550 123.170201 123.174620 123.179038 123.182573 123.186991 123.190526 123.194060 123.198479 123.202897 123.206432 123.210984 123.215403 123.218054 123.235727 123.265022 123.292550 123.321711 123.350123 123.377651 123.407696 0.000000 0.000000 0.000000 0.000000 0.000000 0.000000 0.000000 0.000000 0.000000 0.000000 0.000000 0.000000 0.000000 0.000000 0.000000 0.000000 0.000000 0.000000 0.000000
0.000000 0.000000 123.416532 123.397975 123.376767 123.359843 123.336868 123.315526 123.301387 123.287114 123.267673 123.250884 123.233960 123.222472 123.203781 123.191409 123.175503 123.165649 123.154161 123.153277 123.158579 123.160347 123.165649 123.169318 123.173736 123.177271 123.180805 123.185224 123.189642 123.193177 123.197595 123.202013 123.205548 123.209217 123.211868 123.219821 123.248098 123.276510 123.304922 123.333333 123.361611 123.391790 0.000000 0.000000 0.000000 0.000000 0.000000 0.000000 0.000000 0.000000 0.000000 0.000000 0.000000 0.000000 0.000000 0.000000 0.000000 0.000000 0.000000 0.000000 0.000000
0.000000 0.000000 0.000000 123.408579 123.389139 123.372215 123.350123 123.329664 123.307573 123.293434 123.280928 123.260604 123.243680 123.229541 123.217170 123.199362 123.184340 123.168434 123.159463 123.150626 123.152394 123.155928 123.160347 123.164765 123.168434 123.172852 123.175503 123.180805 123.183456 123.188758 123.192293 123.196711 123.199362 123.203781 123.208199 123.211868 123.232192 123.260604 123.288881 123.317293 123.345705 123.374866 123.404161 0.000000 0.000000 0.000000 0.000000 0.000000 0.000000 0.000000 0.000000 0.000000 0.000000 0.000000 0.000000 0.000000 0.000000 0.000000 0.000000 0.000000 0.000000
0.000000 0.000000 0.000000 123.412998 123.399743 123.383837 123.363378 123.342170 123.320828 123.299620 123.284463 123.272092 123.251767 123.239262 123.219821 123.206432 123.188758 123.176387 123.164765 123.150626 123.148859 123.150626 123.154161 123.159463 123.163881 123.167550 123.171969 123.175503 123.179922 123.182573 123.186991 123.191409 123.194944 123.198479 123.203781 123.208199 123.216286 123.243680 123.272975 123.301387 123.329664 123.358960 123.388255 123.415649 0.000000 0.000000 0.000000 0.000000 0.000000 0.000000 0.000000 0.000000 0.000000 0.000000 0.000000 0.000000 0.000000 0.000000 0.000000 0.000000 0.000000
0.000000 0.000000 0.000000 0.000000 123.404161 123.391790 123.371331 123.353658 123.333333 123.311991 123.291667 123.280928 123.262371 123.244564 123.231309 123.214519 123.197595 123.185224 123.172852 123.158579 123.147092 123.146208 123.149743 123.155045 123.158579 123.162998 123.166532 123.170201 123.174620 123.178154 123.182573 123.186107 123.190526 123.194060 123.198479 123.202013 123.205548 123.227774 123.257069 123.286230 123.312875 123.342170 123.372215 123.399743 0.000000 0.000000 0.000000 0.000000 0.000000 0.000000 0.000000 0.000000 0.000000 0.000000 0.000000 0.000000 0.000000 0.000000 0.000000 0.000000 0.000000
0.000000 0.000000 0.000000 0.000000 0.000000 123.397092 123.382953 123.365145 123.346588 123.325246 123.304038 123.287114 123.273859 123.259720 123.235727 123.223356 123.210984 123.194944 123.180805 123.162114 123.155045 123.144441 123.145324 123.148859 123.153277 123.157696 123.161230 123.165649 123.169318 123.173736 123.177271 123.181689 123.185224 123.189642 123.193177 123.197595 123.201130 123.210984 123.241029 123.269441 123.296969 123.326130 123.355425 123.383837 123.412114 0.000000 0.000000 0.000000 0.000000 0.000000 0.000000 0.000000 0.000000 0.000000 0.000000 0.000000 0.000000 0.000000 0.000000 0.000000 0.000000
0.000000 0.000000 0.000000 0.000000 0.000000 123.409463 123.388255 123.373982 123.356309 123.337752 123.317293 123.295201 123.277394 123.265906 123.248982 123.231309 123.217170 123.204664 123.182573 123.171085 123.158579 123.144441 123.141790 123.143557 123.147975 123.152394 123.156812 123.160347 123.164765 123.168434 123.172852 123.176387 123.180805 123.184340 123.188758 123.192293 123.195828 123.199362 123.225123 123.253535 123.280928 123.310224 123.339519 123.366913 123.396208 0.000000 0.000000 0.000000 0.000000 0.000000 0.000000 0.000000 0.000000 0.000000 0.000000 0.000000 0.000000 0.000000 0.000000 0.000000 0.000000
0.000000 0.000000 0.000000 0.000000 0.000000 0.000000 123.400626 123.380302 123.371331 123.347472 123.328781 123.308456 123.293434 123.273859 123.259720 123.241913 123.224239 123.207315 123.195828 123.178154 123.166532 123.152394 123.140906 123.140022 123.142673 123.147975 123.151510 123.155928 123.159463 123.163881 123.167550 123.171085 123.175503 123.179922 123.183456 123.186991 123.191409 123.194944 123.208199 123.236611 123.265022 123.293434 123.322595 123.350123 123.379418 123.409463 0.000000 0.000000 0.000000 0.000000 0.000000 0.000000 0.000000 0.000000 0.000000 0.000000 0.000000 0.000000 0.000000 0.000000 0.000000
0.000000 0.000000 0.000000 0.000000 0.000000 0.000000 123.414765 123.396208 123.375884 123.359843 123.338635 123.321711 123.299620 123.281812 123.270324 123.249866 123.232192 123.217170 123.203781 123.189642 123.173736 123.155045 123.147975 123.137371 123.137371 123.142673 123.146208 123.150626 123.154161 123.158579 123.162114 123.166532 123.170201 123.174620 123.178154 123.182573 123.186107 123.190526 123.194060 123.219821 123.248982 123.278277 123.306689 123.334217 123.363378 123.392673 0.000000 0.000000 0.000000 0.000000 0.000000 0.000000 0.000000 0.000000 0.000000 0.000000 0.000000 0.000000 0.000000 0.000000 0.000000
0.000000 0.000000 0.000000 0.000000 0.000000 0.000000 0.000000 123.411230 123.388255 123.371331 123.351007 123.331432 123.311991 123.291532 123.277394 123.261488 123.241029 123.224239 123.214519 123.194944 123.181689 123.165649 123.151510 123.138255 123.134720 123.136488 123.141790 123.145324 123.149743 123.154161 123.157696 123.161230 123.165649 123.169318 123.173736 123.177271 123.181689 123.185224 123.187875 123.204664 123.232192 123.261488 123.290649 123.318177 123.346588 123.376767 123.405045 0.000000 0.000000 0.000000 0.000000 0.000000 0.000000 0.000000 0.000000 0.000000 0.000000 0.000000 0.000000 0.000000 0.000000
0.000000 0.000000 0.000000 0.000000 0.000000 0.000000 0.000000 123.416532 123.400626 123.381186 123.361611 123.343054 123.324362 123.304922 123.288881 123.266790 123.251767 123.232192 123.216286 123.202897 123.187875 123.171969 123.158579 123.147975 123.133837 123.132953 123.135604 123.140022 123.144441 123.148859 123.151510 123.156812 123.160347 123.163881 123.168434 123.171969 123.176387 123.179922 123.183456 123.187875 123.216286 123.245447 123.273859 123.302271 123.330548 123.359843 123.388255 123.416532 0.000000 0.000000 0.000000 0.000000 0.000000 0.000000 0.000000 0.000000 0.000000 0.000000 0.000000 0.000000 0.000000
0.000000 0.000000 0.000000 0.000000 0.000000 0.000000 0.000000 0.000000 123.407696 123.392673 123.372215 123.353658 123.341286 123.316409 123.296085 123.280045 123.263255 123.243680 123.227774 123.209217 123.193177 123.179038 123.168434 123.152394 123.145324 123.131186 123.130302 123.135604 123.139139 123.143557 123.147092 123.151510 123.155045 123.159463 123.162998 123.167550 123.171085 123.176387 123.179038 123.182573 123.199362 123.229541 123.257953 123.286230 123.314642 123.343937 123.372215 123.400626 0.000000 0.000000 0.000000 0.000000 0.000000 0.000000 0.000000 0.000000 0.000000 0.000000 0.000000 0.000000 0.000000
0.000000 0.000000 0.000000 0.000000 0.000000 0.000000 0.000000 0.000000 0.000000 123.405928 123.383837 123.370447 123.351007 123.330548 123.305805 123.287114 123.270324 123.254418 123.234843 123.224239 123.204664 123.186107 123.175503 123.162114 123.144441 123.131186 123.128535 123.129418 123.134720 123.138255 123.142673 123.147092 123.150626 123.154161 123.158579 123.162114 123.166532 123.170201 123.172852 123.177271 123.183456 123.212752 123.242796 123.269441 123.298736 123.327013 123.355425 123.383837 123.412998 0.000000 0.000000 0.000000 0.000000 0.000000 0.000000 0.000000 0.000000 0.000000 0.000000 0.000000 0.000000
0.000000 0.000000 0.000000 0.000000 0.000000 0.000000 0.000000 0.000000 0.000000 123.416532 123.397975 123.380302 123.358960 123.340403 123.326130 123.304038 123.280045 123.262371 123.247215 123.231309 123.216286 123.199362 123.179922 123.164765 123.153277 123.140906 123.127651 123.125884 123.129418 123.133837 123.137371 123.141790 123.144441 123.149743 123.153277 123.157696 123.161230 123.165649 123.168434 123.172852 123.176387 123.196711 123.226007 123.253535 123.282696 123.311107 123.339519 123.367796 123.397092 0.000000 0.000000 0.000000 0.000000 0.000000 0.000000 0.000000 0.000000 0.000000 0.000000 0.000000 0.000000
0.000000 0.000000 0.000000 0.000000 0.000000 0.000000 0.000000 0.000000 0.000000 0.000000 123.409463 123.387371 123.368680 123.350123 123.335984 123.313758 123.293434 123.276510 123.255302 123.238378 123.220705 123.210101 123.189642 123.175503 123.162114 123.150626 123.137371 123.123982 123.123982 123.128535 123.132069 123.136488 123.140906 123.144441 123.147975 123.152394 123.155928 123.160347 123.163881 123.167550 123.171969 123.179922 123.210101 123.237494 123.265906 123.295201 123.323479 123.351890 123.380302 123.407696 0.000000 0.000000 0.000000 0.000000 0.000000 0.000000 0.000000 0.000000 0.000000 0.000000 0.000000
0.000000 0.000000 0.000000 0.000000 0.000000 0.000000 0.000000 0.000000 0.000000 0.000000 0.000000 123.400626 123.387371 123.360727 123.341286 123.328781 123.304922 123.290649 123.266790 123.246331 123.230425 123.217170 123.202013 123.184340 123.169318 123.156812 123.137371 123.128535 123.121331 123.123098 123.127651 123.131186 123.135604 123.140022 123.143557 123.147092 123.151510 123.155045 123.159463 123.162998 123.167550 123.170201 123.193177 123.220705 123.249866 123.279161 123.306689 123.335101 123.364262 123.391790 0.000000 0.000000 0.000000 0.000000 0.000000 0.000000 0.000000 0.000000 0.000000 0.000000 0.000000
0.000000 0.000000 0.000000 0.000000 0.000000 0.000000 0.000000 0.000000 0.000000 0.000000 0.000000 123.412998 123.394441 123.373098 123.353658 123.332315 123.318177 123.302271 123.282696 123.259720 123.239262 123.227774 123.210101 123.193177 123.180805 123.158579 123.147975 123.133837 123.121331 123.119564 123.122215 123.126767 123.130302 123.134720 123.138255 123.142673 123.146208 123.150626 123.154161 123.158579 123.162114 123.166532 123.177271 123.205548 123.233960 123.263255 123.291532 123.319944 123.348356 123.375884 123.405045 0.000000 0.000000 0.000000 0.000000 0.000000 0.000000 0.000000 0.000000 0.000000 0.000000
0.000000 0.000000 0.000000 0.000000 0.000000 0.000000 0.000000 0.000000 0.000000 0.000000 0.000000 0.000000 123.403277 123.385604 123.367796 123.353658 123.326130 123.311991 123.292550 123.275626 123.253535 123.234843 123.215403 123.201130 123.184340 123.171085 123.154161 123.142673 123.128535 123.117796 123.116913 123.121331 123.125000 123.129418 123.133837 123.137371 123.140906 123.145324 123.148859 123.153277 123.157696 123.161230 123.163881 123.188758 123.217170 123.247215 123.275626 123.303154 123.332315 123.359843 123.389139 123.416532 0.000000 0.000000 0.000000 0.000000 0.000000 0.000000 0.000000 0.000000 0.000000
0.000000 0.000000 0.000000 0.000000 0.000000 0.000000 0.000000 0.000000 0.000000 0.000000 0.000000 0.000000 0.000000 123.394441 123.376767 123.358960 123.340403 123.319944 123.303154 123.283579 123.266790 123.245447 123.231309 123.210101 123.199362 123.176387 123.162998 123.150626 123.132069 123.123982 123.114262 123.116029 123.120447 123.123982 123.128535 123.132953 123.136488 123.140022 123.144441 123.147975 123.152394 123.155928 123.161230 123.172852 123.201130 123.230425 123.258837 123.287114 123.315526 123.343937 123.373098 123.400626 0.000000 0.000000 0.000000 0.000000 0.000000 0.000000 0.000000 0.000000 0.000000
0.000000 0.000000 0.000000 0.000000 0.000000 0.000000 0.000000 0.000000 0.000000 0.000000 0.000000 0.000000 0.000000 123.408579 123.391790 123.367796 123.350123 123.334217 123.318177 123.294318 123.278277 123.258837 123.243680 123.219821 123.204664 123.189642 123.168434 123.160347 123.141790 123.127651 123.114262 123.112494 123.115145 123.119564 123.123098 123.127651 123.131186 123.134720 123.139139 123.143557 123.147092 123.151510 123.155045 123.157696 123.184340 123.214519 123.242796 123.271208 123.299620 123.327897 123.357192 123.384720 123.415649 0.000000 0.000000 0.000000 0.000000 0.000000 0.000000 0.000000 0.000000
