FireSTARR/test/constant/C2_S060_A270_WD090_WS020/arrival.asc
ncols         131
nrows         187
xllcorner     414003.990666
yllcorner     12748555.311160
cellsize      100.000000
NODATA_value  0.000000
[rows 27 to 53 of 187, columns 0 to 60 of 131]
0.000000 0.000000 0.000000 0.000000 0.000000 0.000000 0.000000 0.000000 0.000000 0.000000 0.000000 0.000000 0.000000 123.410347 123.397092 123.385604 123.371331 123.368680 123.354541 123.355425 123.359843 123.363378 123.367796 123.371331 123.375884 123.379418 123.383837 123.386488 123.391790 123.396208 123.399743 123.404161 123.407696 123.411230 123.415649 0.000000 0.000000 0.000000 0.000000 0.000000 0.000000 0.000000 0.000000 0.000000 0.000000 0.000000 0.000000 0.000000 0.000000 0.000000 0.000000 0.000000 0.000000 0.000000 0.000000 0.000000 0.000000 0.000000 0.000000 0.000000 0.000000
0.000000 0.000000 0.000000 0.000000 0.000000 0.000000 0.000000 0.000000 0.000000 0.000000 0.000000 0.000000 0.000000 123.412998 123.407696 123.390906 123.375884 123.367796 123.355425 123.352774 123.353658 123.358960 123.361611 123.366913 123.370447 123.374866 123.378535 123.382069 123.385604 123.390906 123.394441 123.398859 123.402394 123.406812 123.411230 123.414765 0.000000 0.000000 0.000000 0.000000 0.000000 0.000000 0.000000 0.000000 0.000000 0.000000 0.000000 0.000000 0.000000 0.000000 0.000000 0.000000 0.000000 0.000000 0.000000 0.000000 0.000000 0.000000 0.000000 0.000000 0.000000
0.000000 0.000000 0.000000 0.000000 0.000000 0.000000 0.000000 0.000000 0.000000 0.000000 0.000000 0.000000 0.000000 123.415649 123.410347 123.396208 123.383837 123.372215 123.364262 123.351890 123.350123 123.353658 123.357192 123.360727 123.365145 123.369564 123.373982 123.377651 123.381186 123.385604 123.390022 123.394441 123.397975 123.401510 123.405928 123.408579 123.413881 0.000000 0.000000 0.000000 0.000000 0.000000 0.000000 0.000000 0.000000 0.000000 0.000000 0.000000 0.000000 0.000000 0.000000 0.000000 0.000000 0.000000 0.000000 0.000000 0.000000 0.000000 0.000000 0.000000 0.000000
0.000000 0.000000 0.000000 0.000000 0.000000 0.000000 0.000000 0.000000 0.000000 0.000000 0.000000 0.000000 0.000000 0.000000 123.412114 123.405045 123.390022 123.379418 123.365145 123.359843 123.348356 123.348356 123.352774 123.356309 123.360727 123.364262 123.368680 123.372215 123.376767 123.380302 123.384720 123.387371 123.391790 123.397092 123.400626 123.405045 123.407696 123.412998 123.416532 0.000000 0.000000 0.000000 0.000000 0.000000 0.000000 0.000000 0.000000 0.000000 0.000000 0.000000 0.000000 0.000000 0.000000 0.000000 0.000000 0.000000 0.000000 0.000000 0.000000 0.000000 0.000000
0.000000 0.000000 0.000000 0.000000 0.000000 0.000000 0.000000 0.000000 0.000000 0.000000 0.000000 0.000000 0.000000 0.000000 123.416532 123.406812 123.397092 123.385604 123.368680 123.360727 123.353658 123.345705 123.347472 123.351890 123.355425 123.359843 123.363378 123.367796 123.372215 123.375884 123.380302 123.383837 123.386488 123.390906 123.395324 123.398859 123.404161 123.407696 123.412114 123.415649 0.000000 0.000000 0.000000 0.000000 0.000000 0.000000 0.000000 0.000000 0.000000 0.000000 0.000000 0.000000 0.000000 0.000000 0.000000 0.000000 0.000000 0.000000 0.000000 0.000000 0.000000
0.000000 0.000000 0.000000 0.000000 0.000000 0.000000 0.000000 0.000000 0.000000 0.000000 0.000000 0.000000 0.000000 0.000000 0.000000 123.408579 123.403277 123.391790 123.376767 123.366029 123.358076 123.344821 123.343054 123.346588 123.351007 123.354541 123.358960 123.362494 123.366913 123.370447 123.373982 123.377651 123.382953 123.387371 123.390022 123.394441 123.398859 123.402394 123.406812 123.410347 123.414765 0.000000 0.000000 0.000000 0.000000 0.000000 0.000000 0.000000 0.000000 0.000000 0.000000 0.000000 0.000000 0.000000 0.000000 0.000000 0.000000 0.000000 0.000000 0.000000 0.000000
0.000000 0.000000 0.000000 0.000000 0.000000 0.000000 0.000000 0.000000 0.000000 0.000000 0.000000 0.000000 0.000000 0.000000 0.000000 0.000000 123.405045 123.399743 123.383837 123.373982 123.361611 123.354541 123.342170 123.341286 123.345705 123.349239 123.353658 123.357192 123.361611 123.366029 123.369564 123.373098 123.378535 123.381186 123.384720 123.389139 123.393557 123.397975 123.401510 123.405928 123.410347 123.413881 123.416667 0.000000 0.000000 0.000000 0.000000 0.000000 0.000000 0.000000 0.000000 0.000000 0.000000 0.000000 0.000000 0.000000 0.000000 0.000000 0.000000 0.000000 0.000000
0.000000 0.000000 0.000000 0.000000 0.000000 0.000000 0.000000 0.000000 0.000000 0.000000 0.000000 0.000000 0.000000 0.000000 0.000000 0.000000 123.414765 123.400626 123.390906 123.380302 123.363378 123.354541 123.345705 123.338635 123.340403 123.344821 123.348356 123.352774 123.356309 123.360727 123.364262 123.368680 123.373098 123.375000 123.381186 123.383837 123.387371 123.392673 123.396208 123.400626 123.405045 123.407696 123.412998 123.416532 0.000000 0.000000 0.000000 0.000000 0.000000 0.000000 0.000000 0.000000 0.000000 0.000000 0.000000 0.000000 0.000000 0.000000 0.000000 0.000000 0.000000
0.000000 0.000000 0.000000 0.000000 0.000000 0.000000 0.000000 0.000000 0.000000 0.000000 0.000000 0.000000 0.000000 0.000000 0.000000 0.000000 0.000000 123.402394 123.397092 123.382953 123.373982 123.358960 123.351007 123.338635 123.336868 123.339519 123.343937 123.347472 123.351890 123.356309 123.359843 123.362494 123.366913 123.371331 123.375884 123.378535 123.383837 123.386488 123.391790 123.394441 123.399743 123.403277 123.407696 123.412114 123.414765 0.000000 0.000000 0.000000 0.000000 0.000000 0.000000 0.000000 0.000000 0.000000 0.000000 0.000000 0.000000 0.000000 0.000000 0.000000 0.000000
0.000000 0.000000 0.000000 0.000000 0.000000 0.000000 0.000000 0.000000 0.000000 0.000000 0.000000 0.000000 0.000000 0.000000 0.000000 0.000000 0.000000 123.411230 123.397975 123.390906 123.378535 123.367796 123.355425 123.346588 123.335101 123.334217 123.338635 123.342170 123.346588 123.350123 123.354541 123.358960 123.361611 123.366913 123.370447 123.374866 123.377651 123.382069 123.386488 123.390906 123.393557 123.398859 123.403277 123.406812 123.410347 123.413881 0.000000 0.000000 0.000000 0.000000 0.000000 0.000000 0.000000 0.000000 0.000000 0.000000 0.000000 0.000000 0.000000 0.000000 0.000000
0.000000 0.000000 0.000000 0.000000 0.000000 0.000000 0.000000 0.000000 0.000000 0.000000 0.000000 0.000000 0.000000 0.000000 0.000000 0.000000 0.000000 123.415649 123.405045 123.395324 123.388255 123.371331 123.356309 123.347472 123.341286 123.332315 123.333199 123.337752 123.341286 123.345705 123.350123 123.353658 123.357192 123.361611 123.365145 123.368680 123.374866 123.377651 123.381186 123.385604 123.388255 123.393557 123.397975 123.400626 123.405928 123.409463 123.412998 0.000000 0.000000 0.000000 0.000000 0.000000 0.000000 0.000000 0.000000 0.000000 0.000000 0.000000 0.000000 0.000000 0.000000
0.000000 0.000000 0.000000 0.000000 0.000000 0.000000 0.000000 0.000000 0.000000 0.000000 0.000000 0.000000 0.000000 0.000000 0.000000 0.000000 0.000000 0.000000 123.411230 123.397975 123.390022 123.376767 123.364262 123.352774 123.344821 123.332315 123.329664 123.333199 123.336868 123.340403 123.344821 123.348356 123.352774 123.356309 123.360727 123.363378 123.368680 123.372215 123.376767 123.380302 123.384720 123.387371 123.392673 123.396208 123.400626 123.405045 123.408579 123.412998 123.416532 0.000000 0.000000 0.000000 0.000000 0.000000 0.000000 0.000000 0.000000 0.000000 0.000000 0.000000 0.000000
0.000000 0.000000 0.000000 0.000000 0.000000 0.000000 0.000000 0.000000 0.000000 0.000000 0.000000 0.000000 0.000000 0.000000 0.000000 0.000000 0.000000 0.000000 0.000000 123.407696 123.391790 123.386488 123.372215 123.358076 123.349239 123.341286 123.328781 123.327897 123.331432 123.335984 123.339519 123.343937 123.346588 123.351890 123.355425 123.358960 123.362494 123.367796 123.371331 123.375000 123.379418 123.384720 123.387371 123.391790 123.396208 123.399743 123.403277 123.407696 123.411230 123.415649 0.000000 0.000000 0.000000 0.000000 0.000000 0.000000 0.000000 0.000000 0.000000 0.000000 0.000000
0.000000 0.000000 0.000000 0.000000 0.000000 0.000000 0.000000 0.000000 0.000000 0.000000 0.000000 0.000000 0.000000 0.000000 0.000000 0.000000 0.000000 0.000000 0.000000 123.415649 123.400626 123.388255 123.380302 123.368680 123.354541 123.342170 123.337752 123.325246 123.325246 123.329664 123.334217 123.338635 123.343937 123.346588 123.350123 123.354541 123.358960 123.362494 123.366913 123.370447 123.373982 123.379418 123.382069 123.386488 123.390906 123.393557 123.397975 123.402394 123.406812 123.410347 123.414765 0.000000 0.000000 0.000000 0.000000 0.000000 0.000000 0.000000 0.000000 0.000000 0.000000
0.000000 0.000000 0.000000 0.000000 0.000000 0.000000 0.000000 0.000000 0.000000 0.000000 0.000000 0.000000 0.000000 0.000000 0.000000 0.000000 0.000000 0.000000 0.000000 0.000000 123.405045 123.395324 123.382953 123.369564 123.361611 123.345705 123.337752 123.325246 123.323479 123.326130 123.328781 123.333199 123.337752 123.341286 123.345705 123.349239 123.353658 123.357192 123.361611 123.366029 123.369564 123.373982 123.376767 123.381186 123.385604 123.390022 123.393557 123.396208 123.401510 123.405928 123.409463 123.413881 0.000000 0.000000 0.000000 0.000000 0.000000 0.000000 0.000000 0.000000 0.000000
0.000000 0.000000 0.000000 0.000000 0.000000 0.000000 0.000000 0.000000 0.000000 0.000000 0.000000 0.000000 0.000000 0.000000 0.000000 0.000000 0.000000 0.000000 0.000000 0.000000 123.415649 123.400626 123.385604 123.378535 123.365145 123.357192 123.343054 123.334217 123.321711 123.320828 123.324362 123.327897 123.332315 123.336868 123.340403 123.343937 123.348356 123.352774 123.356309 123.360727 123.364262 123.368680 123.372215 123.376767 123.381186 123.384720 123.389139 123.391790 123.396208 123.400626 123.404161 123.408579 123.412114 123.416532 0.000000 0.000000 0.000000 0.000000 0.000000 0.000000 0.000000
0.000000 0.000000 0.000000 0.000000 0.000000 0.000000 0.000000 0.000000 0.000000 0.000000 0.000000 0.000000 0.000000 0.000000 0.000000 0.000000 0.000000 0.000000 0.000000 0.000000 0.000000 123.407696 123.397092 123.381186 123.373098 123.361611 123.347472 123.335101 123.331432 123.319060 123.318177 123.323479 123.327897 123.331432 123.335101 123.339519 123.343054 123.347472 123.351890 123.355425 123.359843 123.363378 123.367796 123.372215 123.375884 123.378535 123.383837 123.387371 123.390906 123.395324 123.399743 123.403277 123.407696 123.411230 123.415649 0.000000 0.000000 0.000000 0.000000 0.000000 0.000000
0.000000 0.000000 0.000000 0.000000 0.000000 0.000000 0.000000 0.000000 0.000000 0.000000 0.000000 0.000000 0.000000 0.000000 0.000000 0.000000 0.000000 0.000000 0.000000 0.000000 0.000000 123.415649 123.402394 123.390022 123.377651 123.367796 123.354541 123.339519 123.331432 123.319060 123.316409 123.319060 123.322595 123.327013 123.330548 123.334217 123.338635 123.343054 123.344821 123.350123 123.354541 123.358960 123.362494 123.366913 123.369564 123.374866 123.377651 123.381186 123.386488 123.390906 123.394441 123.398859 123.402394 123.406812 123.410347 123.414765 0.000000 0.000000 0.000000 0.000000 0.000000
0.000000 0.000000 0.000000 0.000000 0.000000 0.000000 0.000000 0.000000 0.000000 0.000000 0.000000 0.000000 0.000000 0.000000 0.000000 0.000000 0.000000 0.000000 0.000000 0.000000 0.000000 0.000000 123.408579 123.393557 123.384720 123.371331 123.358960 123.347472 123.335984 123.327897 123.315526 123.313758 123.316409 123.321711 123.325246 123.329664 123.333333 123.335984 123.340403 123.345705 123.350123 123.353658 123.356309 123.360727 123.364262 123.369564 123.372215 123.377651 123.380302 123.384720 123.390022 123.393557 123.397975 123.401510 123.405928 123.409463 123.412998 0.000000 0.000000 0.000000 0.000000
0.000000 0.000000 0.000000 0.000000 0.000000 0.000000 0.000000 0.000000 0.000000 0.000000 0.000000 0.000000 0.000000 0.000000 0.000000 0.000000 0.000000 0.000000 0.000000 0.000000 0.000000 0.000000 0.000000 123.401510 123.390906 123.374866 123.367796 123.355425 123.343937 123.331432 123.324362 123.311991 123.311991 123.316409 123.320828 123.324362 123.328781 123.331432 123.336868 123.339519 123.344821 123.348356 123.352774 123.355425 123.360727 123.363378 123.368680 123.371331 123.376767 123.380302 123.383837 123.387371 123.392673 123.396208 123.400626 123.405045 123.408579 123.412114 123.416532 0.000000 0.000000
0.000000 0.000000 0.000000 0.000000 0.000000 0.000000 0.000000 0.000000 0.000000 0.000000 0.000000 0.000000 0.000000 0.000000 0.000000 0.000000 0.000000 0.000000 0.000000 0.000000 0.000000 0.000000 0.000000 0.000000 123.397975 123.386488 123.370447 123.364262 123.349239 123.333199 123.324362 123.315526 123.309340 123.311107 123.315526 123.319060 123.323479 123.327013 123.330548 123.335984 123.339519 123.343937 123.347472 123.351007 123.355425 123.358960 123.363378 123.368680 123.371331 123.374866 123.379418 123.383837 123.386488 123.391790 123.395324 123.399743 123.402394 123.406812 123.411230 123.415649 0.000000
0.000000 0.000000 0.000000 0.000000 0.000000 0.000000 0.000000 0.000000 0.000000 0.000000 0.000000 0.000000 0.000000 0.000000 0.000000 0.000000 0.000000 0.000000 0.000000 0.000000 0.000000 0.000000 0.000000 0.000000 123.405928 123.387371 123.382069 123.366913 123.351890 123.340403 123.329664 123.321711 123.308456 123.307573 123.310224 123.314642 123.318177 123.322595 123.326130 123.330548 123.334217 123.338635 123.341286 123.346588 123.350123 123.354541 123.357192 123.362494 123.366029 123.370447 123.374866 123.378535 123.382953 123.386488 123.390906 123.394441 123.397092 123.402394 123.405928 123.410347 123.414765
0.000000 0.000000 0.000000 0.000000 0.000000 0.000000 0.000000 0.000000 0.000000 0.000000 0.000000 0.000000 0.000000 0.000000 0.000000 0.000000 0.000000 0.000000 0.000000 0.000000 0.000000 0.000000 0.000000 0.000000 123.415649 123.396208 123.383837 123.373098 123.360727 123.348356 123.336868 123.326130 123.317293 123.305805 123.304922 123.309340 123.313758 123.316409 123.321711 123.325246 123.329664 123.333199 123.336868 123.340403 123.345705 123.349239 123.352774 123.357192 123.361611 123.365145 123.369564 123.373098 123.377651 123.380302 123.385604 123.389139 123.393557 123.396208 123.401510 123.405045 123.409463
0.000000 0.000000 0.000000 0.000000 0.000000 0.000000 0.000000 0.000000 0.000000 0.000000 0.000000 0.000000 0.000000 0.000000 0.000000 0.000000 0.000000 0.000000 0.000000 0.000000 0.000000 0.000000 0.000000 0.000000 0.000000 123.406812 123.393557 123.379418 123.363378 123.357192 123.344821 123.326130 123.318177 123.308456 123.302271 123.304038 123.308456 123.312875 123.315526 123.320828 123.324362 123.327897 123.332315 123.336868 123.340403 123.343937 123.349239 123.351890 123.356309 123.360727 123.364262 123.368680 123.372215 123.376767 123.379418 123.384720 123.387371 123.391790 123.396208 123.400626 123.404161
0.000000 0.000000 0.000000 0.000000 0.000000 0.000000 0.000000 0.000000 0.000000 0.000000 0.000000 0.000000 0.000000 0.000000 0.000000 0.000000 0.000000 0.000000 0.000000 0.000000 0.000000 0.000000 0.000000 0.000000 0.000000 0.000000 123.403277 123.381186 123.372215 123.359843 123.346588 123.336868 123.322595 123.314642 123.302271 123.300503 123.303154 123.307573 123.311107 123.315526 123.319060 123.323479 123.327897 123.331432 123.335101 123.339519 123.343054 123.345705 123.351007 123.355425 123.359843 123.363378 123.367796 123.371331 123.374866 123.379418 123.383837 123.387371 123.390022 123.395324 123.398859
0.000000 0.000000 0.000000 0.000000 0.000000 0.000000 0.000000 0.000000 0.000000 0.000000 0.000000 0.000000 0.000000 0.000000 0.000000 0.000000 0.000000 0.000000 0.000000 0.000000 0.000000 0.000000 0.000000 0.000000 0.000000 0.000000 123.410347 123.395324 123.376767 123.367796 123.356309 123.342170 123.333333 123.319060 123.310224 123.298736 123.297852 123.302271 123.306689 123.310224 123.314642 123.318177 123.321711 123.327013 123.330548 123.334217 123.337752 123.342170 123.345705 123.350123 123.354541 123.358076 123.362494 123.366029 123.370447 123.373098 123.378535 123.382069 123.387371 123.390022 123.394441
0.000000 0.000000 0.000000 0.000000 0.000000 0.000000 0.000000 0.000000 0.000000 0.000000 0.000000 0.000000 0.000000 0.000000 0.000000 0.000000 0.000000 0.000000 0.000000 0.000000 0.000000 0.000000 0.000000 0.000000 0.000000 0.000000 0.000000 123.402394 123.388255 123.370447 123.357192 123.351007 123.338635 123.320828 123.311991 123.304038 123.296085 123.296085 123.301387 123.305805 123.309340 123.313758 123.317293 123.321711 123.325246 123.329664 123.333199 123.336868 123.342170 123.345705 123.349239 123.353658 123.357192 123.361611 123.366029 123.369564 123.373098 123.377651 123.381186 123.384720 123.389139
