FireSTARR/test/constant/C2_S060_A090_WD315_WS020/arrival.asc
ncols         116
nrows         331
xllcorner     425903.990666
yllcorner     12715855.311160
cellsize      100.000000
NODATA_value  0.000000
[rows 54 to 80 of 331, columns 0 to 60 of 116]
0.000000 0.000000 0.000000 123.386822 123.355204 123.323587 123.292849 123.268915 123.255911 123.242027 123.228431 123.214244 123.202724 123.190902 123.177898 123.166378 123.153964 123.142142 123.129729 123.118209 123.105204 123.092791 123.087471 123.075951 123.067084 123.067675 123.083044 123.104613 123.133276 123.158102 123.199769 123.249711 123.309991 123.361707 123.410467 0.000000 0.000000 0.000000 0.000000 0.000000 0.000000 0.000000 0.000000 0.000000 0.000000 0.000000 0.000000 0.000000 0.000000 0.000000 0.000000 0.000000 0.000000 0.000000 0.000000 0.000000 0.000000 0.000000 0.000000 0.000000 0.000000
0.000000 0.000000 0.000000 123.391551 123.360524 123.328907 123.298169 123.274235 123.261231 123.247347 123.233751 123.219564 123.208044 123.196222 123.183218 123.171396 123.158693 123.147462 123.135049 123.122938 123.110524 123.098111 123.088653 123.081271 123.068858 123.068267 123.074178 123.102249 123.124711 123.151009 123.190311 123.233751 123.285467 123.339836 123.388596 0.000000 0.000000 0.000000 0.000000 0.000000 0.000000 0.000000 0.000000 0.000000 0.000000 0.000000 0.000000 0.000000 0.000000 0.000000 0.000000 0.000000 0.000000 0.000000 0.000000 0.000000 0.000000 0.000000 0.000000 0.000000 0.000000
0.000000 0.000000 0.000000 123.396871 123.365844 123.333924 123.303489 123.279555 123.266551 123.252956 123.239071 123.224293 123.213062 123.201542 123.188538 123.176716 123.164013 123.152782 123.140369 123.128547 123.115253 123.103431 123.091609 123.086289 123.073587 123.069449 123.073587 123.087471 123.112298 123.137413 123.180262 123.227249 123.268915 123.318858 123.365844 0.000000 0.000000 0.000000 0.000000 0.000000 0.000000 0.000000 0.000000 0.000000 0.000000 0.000000 0.000000 0.000000 0.000000 0.000000 0.000000 0.000000 0.000000 0.000000 0.000000 0.000000 0.000000 0.000000 0.000000 0.000000 0.000000
0.000000 0.000000 0.000000 123.402191 123.370573 123.338653 123.308809 123.284875 123.271871 123.257684 123.244391 123.230204 123.218382 123.206862 123.193858 123.182036 123.169031 123.158102 123.145689 123.133867 123.120573 123.108751 123.096929 123.091609 123.078907 123.070631 123.071813 123.086880 123.108160 123.136822 123.159875 123.203907 123.258276 123.303489 123.360524 123.405738 0.000000 0.000000 0.000000 0.000000 0.000000 0.000000 0.000000 0.000000 0.000000 0.000000 0.000000 0.000000 0.000000 0.000000 0.000000 0.000000 0.000000 0.000000 0.000000 0.000000 0.000000 0.000000 0.000000 0.000000 0.000000
0.000000 0.000000 0.000000 123.407511 123.375591 123.343973 123.313538 123.290195 123.277191 123.263004 123.249711 123.234933 123.223702 123.212471 123.199178 123.187355 123.174942 123.163422 123.150418 123.139187 123.126182 123.113480 123.101658 123.092791 123.083924 123.072404 123.071813 123.078907 123.099293 123.127956 123.155147 123.191493 123.238480 123.287831 123.341018 123.386822 0.000000 0.000000 0.000000 0.000000 0.000000 0.000000 0.000000 0.000000 0.000000 0.000000 0.000000 0.000000 0.000000 0.000000 0.000000 0.000000 0.000000 0.000000 0.000000 0.000000 0.000000 0.000000 0.000000 0.000000 0.000000
0.000000 0.000000 0.000000 123.412831 123.380911 123.349293 123.319449 123.295213 123.281920 123.268324 123.254729 123.240253 123.229022 123.217200 123.204498 123.192084 123.179671 123.168440 123.156329 123.143915 123.131502 123.118800 123.106978 123.094564 123.089244 123.077133 123.072995 123.077724 123.091609 123.115844 123.141551 123.186173 123.226067 123.276009 123.315311 123.369982 123.416378 0.000000 0.000000 0.000000 0.000000 0.000000 0.000000 0.000000 0.000000 0.000000 0.000000 0.000000 0.000000 0.000000 0.000000 0.000000 0.000000 0.000000 0.000000 0.000000 0.000000 0.000000 0.000000 0.000000 0.000000
0.000000 0.000000 0.000000 0.000000 123.386231 123.354613 123.324178 123.300533 123.287240 123.273644 123.260049 123.245573 123.234342 123.222520 123.209516 123.197404 123.184991 123.173169 123.161058 123.149235 123.136231 123.124120 123.112298 123.099884 123.093973 123.082453 123.074178 123.075951 123.091018 123.112298 123.140960 123.162240 123.211289 123.260049 123.298760 123.354613 123.390960 0.000000 0.000000 0.000000 0.000000 0.000000 0.000000 0.000000 0.000000 0.000000 0.000000 0.000000 0.000000 0.000000 0.000000 0.000000 0.000000 0.000000 0.000000 0.000000 0.000000 0.000000 0.000000 0.000000 0.000000
0.000000 0.000000 0.000000 0.000000 123.391551 123.359933 123.329498 123.305853 123.292849 123.278964 123.265369 123.250591 123.239071 123.227840 123.214836 123.202724 123.190311 123.178489 123.166378 123.154555 123.142142 123.129729 123.117618 123.104613 123.096929 123.088062 123.075951 123.075360 123.082453 123.110524 123.127364 123.158693 123.198587 123.235524 123.290787 123.339244 123.383867 0.000000 0.000000 0.000000 0.000000 0.000000 0.000000 0.000000 0.000000 0.000000 0.000000 0.000000 0.000000 0.000000 0.000000 0.000000 0.000000 0.000000 0.000000 0.000000 0.000000 0.000000 0.000000 0.000000 0.000000
0.000000 0.000000 0.000000 0.000000 123.396871 123.365253 123.335107 123.311173 123.298169 123.284284 123.270689 123.255911 123.244391 123.232569 123.220156 123.208044 123.195631 123.183809 123.171396 123.159875 123.146871 123.134458 123.122938 123.109933 123.098702 123.093382 123.080089 123.077133 123.081271 123.096929 123.118209 123.145098 123.192084 123.231978 123.265369 123.329498 123.374120 0.000000 0.000000 0.000000 0.000000 0.000000 0.000000 0.000000 0.000000 0.000000 0.000000 0.000000 0.000000 0.000000 0.000000 0.000000 0.000000 0.000000 0.000000 0.000000 0.000000 0.000000 0.000000 0.000000 0.000000
0.000000 0.000000 0.000000 0.000000 123.401600 123.370573 123.340427 123.316493 123.302898 123.289604 123.276009 123.261231 123.249711 123.237889 123.225475 123.213653 123.200951 123.189129 123.176716 123.165195 123.152191 123.139778 123.127956 123.115253 123.104022 123.098702 123.085698 123.078315 123.079498 123.095156 123.116435 123.144507 123.173760 123.205680 123.251182 123.310582 123.348702 123.395098 0.000000 0.000000 0.000000 0.000000 0.000000 0.000000 0.000000 0.000000 0.000000 0.000000 0.000000 0.000000 0.000000 0.000000 0.000000 0.000000 0.000000 0.000000 0.000000 0.000000 0.000000 0.000000 0.000000
0.000000 0.000000 0.000000 0.000000 123.406920 123.375591 123.345156 123.321813 123.308218 123.294622 123.281329 123.266551 123.254729 123.242618 123.230204 123.218973 123.206271 123.194449 123.182036 123.170213 123.157511 123.145098 123.133276 123.120573 123.109342 123.100475 123.091018 123.079498 123.079498 123.086880 123.108160 123.130320 123.162831 123.205089 123.238480 123.290195 123.343973 123.384458 0.000000 0.000000 0.000000 0.000000 0.000000 0.000000 0.000000 0.000000 0.000000 0.000000 0.000000 0.000000 0.000000 0.000000 0.000000 0.000000 0.000000 0.000000 0.000000 0.000000 0.000000 0.000000 0.000000
0.000000 0.000000 0.000000 0.000000 123.412240 123.380320 123.350475 123.327133 123.313538 123.299942 123.286649 123.271871 123.260049 123.248529 123.235524 123.223702 123.211289 123.199769 123.187355 123.175533 123.162831 123.150418 123.138596 123.125591 123.114662 123.102249 123.096338 123.084516 123.080680 123.085107 123.100475 123.121164 123.152191 123.190902 123.224293 123.273053 123.330089 123.367027 0.000000 0.000000 0.000000 0.000000 0.000000 0.000000 0.000000 0.000000 0.000000 0.000000 0.000000 0.000000 0.000000 0.000000 0.000000 0.000000 0.000000 0.000000 0.000000 0.000000 0.000000 0.000000 0.000000
0.000000 0.000000 0.000000 0.000000 0.000000 123.385640 123.355795 123.332453 123.318858 123.305262 123.291378 123.277191 123.265369 123.253547 123.240844 123.229022 123.216609 123.205089 123.192675 123.180853 123.167849 123.155738 123.143915 123.130911 123.119982 123.106387 123.101067 123.089836 123.081862 123.083333 123.099293 123.118800 123.145689 123.177307 123.209516 123.260049 123.303489 123.348111 123.399235 0.000000 0.000000 0.000000 0.000000 0.000000 0.000000 0.000000 0.000000 0.000000 0.000000 0.000000 0.000000 0.000000 0.000000 0.000000 0.000000 0.000000 0.000000 0.000000 0.000000 0.000000 0.000000
0.000000 0.000000 0.000000 0.000000 0.000000 123.390960 123.361115 123.337471 123.324178 123.310582 123.296396 123.282511 123.270689 123.258867 123.246164 123.234342 123.221929 123.210107 123.197995 123.186173 123.173169 123.161058 123.149235 123.136231 123.125000 123.111707 123.104613 123.095156 123.083333 123.083044 123.091018 123.109342 123.135049 123.162240 123.205680 123.242618 123.277191 123.340427 123.381502 0.000000 0.000000 0.000000 0.000000 0.000000 0.000000 0.000000 0.000000 0.000000 0.000000 0.000000 0.000000 0.000000 0.000000 0.000000 0.000000 0.000000 0.000000 0.000000 0.000000 0.000000 0.000000
0.000000 0.000000 0.000000 0.000000 0.000000 123.396280 123.366435 123.342791 123.329498 123.315902 123.301716 123.287831 123.276009 123.263596 123.251182 123.239662 123.227249 123.215427 123.203315 123.191493 123.178489 123.166378 123.154555 123.141551 123.129729 123.117027 123.106387 123.099884 123.087471 123.084516 123.089244 123.104022 123.132684 123.161058 123.189129 123.225475 123.277191 123.315311 123.362889 123.412240 0.000000 0.000000 0.000000 0.000000 0.000000 0.000000 0.000000 0.000000 0.000000 0.000000 0.000000 0.000000 0.000000 0.000000 0.000000 0.000000 0.000000 0.000000 0.000000 0.000000 0.000000
0.000000 0.000000 0.000000 0.000000 0.000000 123.401600 123.371755 123.348111 123.334516 123.320631 123.307036 123.292849 123.280738 123.269507 123.256502 123.244982 123.232569 123.220747 123.208333 123.196813 123.183218 123.171396 123.159875 123.146871 123.135640 123.122347 123.111115 123.102840 123.092791 123.085698 123.087471 123.102840 123.122938 123.150418 123.176124 123.217200 123.263596 123.295804 123.352249 123.394507 0.000000 0.000000 0.000000 0.000000 0.000000 0.000000 0.000000 0.000000 0.000000 0.000000 0.000000 0.000000 0.000000 0.000000 0.000000 0.000000 0.000000 0.000000 0.000000 0.000000 0.000000
0.000000 0.000000 0.000000 0.000000 0.000000 123.406920 123.376773 123.353431 123.339836 123.325951 123.312355 123.297578 123.286058 123.274235 123.261822 123.250000 123.237889 123.226067 123.213062 123.202133 123.188538 123.176716 123.164604 123.152191 123.140369 123.127364 123.116435 123.108160 123.098111 123.087471 123.086880 123.094564 123.112298 123.139187 123.170804 123.207453 123.246164 123.283693 123.331271 123.382684 0.000000 0.000000 0.000000 0.000000 0.000000 0.000000 0.000000 0.000000 0.000000 0.000000 0.000000 0.000000 0.000000 0.000000 0.000000 0.000000 0.000000 0.000000 0.000000 0.000000 0.000000
0.000000 0.000000 0.000000 0.000000 0.000000 123.412240 123.382093 123.358160 123.344564 123.331271 123.317675 123.302898 123.291378 123.279555 123.266551 123.254729 123.242618 123.230795 123.218382 123.206862 123.193858 123.182036 123.170213 123.157511 123.145689 123.132684 123.121755 123.109933 123.103431 123.091018 123.088062 123.092791 123.106978 123.138596 123.157511 123.193858 123.230204 123.271280 123.321222 123.358751 123.414604 0.000000 0.000000 0.000000 0.000000 0.000000 0.000000 0.000000 0.000000 0.000000 0.000000 0.000000 0.000000 0.000000 0.000000 0.000000 0.000000 0.000000 0.000000 0.000000 0.000000
0.000000 0.000000 0.000000 0.000000 0.000000 0.000000 123.386822 123.363480 123.349884 123.336880 123.322995 123.308218 123.296396 123.284875 123.272462 123.260640 123.247938 123.236707 123.223702 123.212471 123.199178 123.186173 123.175533 123.162831 123.151009 123.138004 123.126773 123.114071 123.106978 123.095747 123.089836 123.092200 123.106978 123.127364 123.145098 123.184400 123.220747 123.253547 123.296987 123.345156 123.387413 0.000000 0.000000 0.000000 0.000000 0.000000 0.000000 0.000000 0.000000 0.000000 0.000000 0.000000 0.000000 0.000000 0.000000 0.000000 0.000000 0.000000 0.000000 0.000000 0.000000
0.000000 0.000000 0.000000 0.000000 0.000000 0.000000 123.392142 123.368800 123.355204 123.341609 123.328315 123.313538 123.301716 123.290195 123.277191 123.265369 123.253547 123.241435 123.229022 123.217791 123.204498 123.190902 123.180853 123.167849 123.156329 123.143324 123.132093 123.119391 123.111707 123.101067 123.091018 123.091018 123.098702 123.114662 123.143324 123.174942 123.205680 123.251182 123.292849 123.333044 123.386822 0.000000 0.000000 0.000000 0.000000 0.000000 0.000000 0.000000 0.000000 0.000000 0.000000 0.000000 0.000000 0.000000 0.000000 0.000000 0.000000 0.000000 0.000000 0.000000 0.000000
0.000000 0.000000 0.000000 0.000000 0.000000 0.000000 123.397462 123.374120 123.360524 123.346929 123.333333 123.318858 123.307036 123.295213 123.282511 123.270689 123.258867 123.246755 123.234342 123.223111 123.209516 123.196222 123.186173 123.172578 123.161649 123.148644 123.136822 123.124711 123.113480 123.106387 123.095156 123.092200 123.096929 123.112889 123.137413 123.158693 123.198587 123.225475 123.277191 123.325360 123.366435 123.409284 0.000000 0.000000 0.000000 0.000000 0.000000 0.000000 0.000000 0.000000 0.000000 0.000000 0.000000 0.000000 0.000000 0.000000 0.000000 0.000000 0.000000 0.000000 0.000000
0.000000 0.000000 0.000000 0.000000 0.000000 0.000000 123.402782 123.379138 123.365844 123.352249 123.338653 123.324178 123.312355 123.300533 123.287831 123.276009 123.264187 123.252364 123.239662 123.228431 123.214836 123.200951 123.191493 123.177898 123.166667 123.153964 123.142142 123.129729 123.117027 123.111707 123.100475 123.093382 123.095747 123.110524 123.130911 123.151600 123.180262 123.216609 123.255911 123.301124 123.342200 123.396871 0.000000 0.000000 0.000000 0.000000 0.000000 0.000000 0.000000 0.000000 0.000000 0.000000 0.000000 0.000000 0.000000 0.000000 0.000000 0.000000 0.000000 0.000000 0.000000
0.000000 0.000000 0.000000 0.000000 0.000000 0.000000 123.408102 123.384458 123.371164 123.357569 123.343973 123.329498 123.317675 123.305853 123.292849 123.281329 123.269507 123.257684 123.244982 123.233751 123.220156 123.206271 123.195631 123.183218 123.171987 123.158693 123.146871 123.135049 123.122347 123.116435 123.105795 123.094564 123.095156 123.102840 123.118209 123.146871 123.175533 123.211289 123.249711 123.284875 123.333333 123.379138 0.000000 0.000000 0.000000 0.000000 0.000000 0.000000 0.000000 0.000000 0.000000 0.000000 0.000000 0.000000 0.000000 0.000000 0.000000 0.000000 0.000000 0.000000 0.000000
0.000000 0.000000 0.000000 0.000000 0.000000 0.000000 123.413422 123.389778 123.376182 123.362889 123.349293 123.334516 123.322995 123.311173 123.298169 123.286649 123.274235 123.262413 123.250000 123.238480 123.224884 123.211880 123.199178 123.188538 123.177307 123.164013 123.149827 123.140369 123.127364 123.117618 123.111115 123.098111 123.095747 123.101067 123.115844 123.142142 123.162831 123.200360 123.233160 123.281329 123.315902 123.365253 123.411058 0.000000 0.000000 0.000000 0.000000 0.000000 0.000000 0.000000 0.000000 0.000000 0.000000 0.000000 0.000000 0.000000 0.000000 0.000000 0.000000 0.000000 0.000000
0.000000 0.000000 0.000000 0.000000 0.000000 0.000000 0.000000 123.395098 123.381502 123.368209 123.354022 123.339836 123.327724 123.316493 123.303489 123.291667 123.279555 123.264778 123.255320 123.243800 123.230204 123.217200 123.202724 123.193858 123.182627 123.169622 123.155147 123.145689 123.132684 123.121164 123.116435 123.103431 123.096929 123.100475 123.114662 123.135049 123.156329 123.183809 123.220747 123.264778 123.304671 123.352840 123.400418 0.000000 0.000000 0.000000 0.000000 0.000000 0.000000 0.000000 0.000000 0.000000 0.000000 0.000000 0.000000 0.000000 0.000000 0.000000 0.000000 0.000000 0.000000
0.000000 0.000000 0.000000 0.000000 0.000000 0.000000 0.000000 123.400418 123.386822 123.373529 123.359342 123.345156 123.333044 123.321813 123.308809 123.296987 123.284875 123.269507 123.260640 123.249120 123.235524 123.221929 123.207453 123.199178 123.187947 123.174942 123.159875 123.150418 123.138004 123.126182 123.119982 123.108751 123.098702 123.098702 123.106387 123.124120 123.151600 123.180853 123.213062 123.239662 123.288422 123.335698 123.383867 0.000000 0.000000 0.000000 0.000000 0.000000 0.000000 0.000000 0.000000 0.000000 0.000000 0.000000 0.000000 0.000000 0.000000 0.000000 0.000000 0.000000 0.000000
0.000000 0.000000 0.000000 0.000000 0.000000 0.000000 0.000000 123.405738 123.391551 123.378547 123.364662 123.350475 123.338653 123.327133 123.313538 123.302307 123.290195 123.274827 123.265960 123.253547 123.240844 123.227249 123.213062 123.203315 123.193267 123.179671 123.165195 123.154555 123.143324 123.129729 123.121164 123.114071 123.102249 123.099884 123.105204 123.119391 123.150418 123.166667 123.196222 123.229022 123.275418 123.323587 123.358160 123.414013 0.000000 0.000000 0.000000 0.000000 0.000000 0.000000 0.000000 0.000000 0.000000 0.000000 0.000000 0.000000 0.000000 0.000000 0.000000 0.000000 0.000000
