FireSTARR/test/constant/C2_S060_A090_WD315_WS020/arrival.asc
ncols         116
nrows         331
xllcorner     425903.990666
yllcorner     12715855.311160
cellsize      100.000000
NODATA_value  0.000000
[rows 108 to 134 of 331, columns 0 to 60 of 116]
0.000000 0.000000 0.000000 0.000000 0.000000 0.000000 0.000000 0.000000 0.000000 0.000000 0.000000 0.000000 0.000000 0.000000 0.000000 0.000000 0.000000 0.000000 123.408102 123.395098 123.379138 123.366435 123.354022 123.341018 123.328315 123.315902 123.307036 123.294622 123.283102 123.274827 123.263596 123.250591 123.237889 123.223111 123.211289 123.199769 123.187355 123.175533 123.167849 123.157511 123.151600 123.139187 123.135049 123.139187 123.153373 123.174942 123.191493 123.220747 123.258276 123.283693 123.306444 123.355795 123.395689 0.000000 0.000000 0.000000 0.000000 0.000000 0.000000 0.000000 0.000000
0.000000 0.000000 0.000000 0.000000 0.000000 0.000000 0.000000 0.000000 0.000000 0.000000 0.000000 0.000000 0.000000 0.000000 0.000000 0.000000 0.000000 0.000000 123.413422 123.400418 123.385049 123.371755 123.358751 123.346338 123.333333 123.320040 123.312355 123.299942 123.287831 123.280147 123.268915 123.255320 123.243209 123.228431 123.216609 123.205089 123.192084 123.179671 123.173169 123.160467 123.156329 123.142733 123.136231 123.137413 123.145689 123.168440 123.190902 123.214836 123.244982 123.273053 123.299942 123.332453 123.375000 0.000000 0.000000 0.000000 0.000000 0.000000 0.000000 0.000000 0.000000
0.000000 0.000000 0.000000 0.000000 0.000000 0.000000 0.000000 0.000000 0.000000 0.000000 0.000000 0.000000 0.000000 0.000000 0.000000 0.000000 0.000000 0.000000 0.000000 123.405738 123.389778 123.376773 123.364071 123.351658 123.338653 123.325360 123.317084 123.304671 123.292849 123.283693 123.274235 123.260640 123.248529 123.233751 123.221929 123.210107 123.197404 123.184400 123.177898 123.165787 123.158102 123.147462 123.138004 123.137413 123.145689 123.161058 123.180262 123.206271 123.233751 123.265369 123.292849 123.326542 123.368209 123.399827 0.000000 0.000000 0.000000 0.000000 0.000000 0.000000 0.000000
0.000000 0.000000 0.000000 0.000000 0.000000 0.000000 0.000000 0.000000 0.000000 0.000000 0.000000 0.000000 0.000000 0.000000 0.000000 0.000000 0.000000 0.000000 0.000000 123.410467 123.395098 123.382093 123.369391 123.356387 123.343973 123.330089 123.320040 123.309991 123.298169 123.286058 123.278964 123.265960 123.253547 123.239071 123.227249 123.215427 123.202724 123.189720 123.179080 123.170804 123.161649 123.152782 123.142733 123.139187 123.143324 123.157511 123.178489 123.199178 123.224884 123.258867 123.285467 123.310582 123.359933 123.396871 0.000000 0.000000 0.000000 0.000000 0.000000 0.000000 0.000000
0.000000 0.000000 0.000000 0.000000 0.000000 0.000000 0.000000 0.000000 0.000000 0.000000 0.000000 0.000000 0.000000 0.000000 0.000000 0.000000 0.000000 0.000000 0.000000 123.415787 123.400418 123.387413 123.374711 123.362298 123.349293 123.335698 123.322995 123.315311 123.303489 123.290787 123.284284 123.271280 123.258867 123.244391 123.232569 123.220747 123.208044 123.195040 123.182627 123.176124 123.164604 123.158102 123.147462 123.140369 123.141551 123.151009 123.166378 123.194449 123.217791 123.251773 123.277191 123.303489 123.334516 123.372938 0.000000 0.000000 0.000000 0.000000 0.000000 0.000000 0.000000
0.000000 0.000000 0.000000 0.000000 0.000000 0.000000 0.000000 0.000000 0.000000 0.000000 0.000000 0.000000 0.000000 0.000000 0.000000 0.000000 0.000000 0.000000 0.000000 0.000000 123.405738 123.392733 123.379729 123.367027 123.354613 123.341018 123.328315 123.320631 123.308218 123.296396 123.287831 123.276600 123.264187 123.249711 123.237889 123.226067 123.213062 123.200360 123.187355 123.181444 123.169622 123.163422 123.150418 123.142142 123.141551 123.149235 123.164604 123.183809 123.210698 123.237889 123.267733 123.295804 123.328907 123.368800 123.405147 0.000000 0.000000 0.000000 0.000000 0.000000 0.000000
0.000000 0.000000 0.000000 0.000000 0.000000 0.000000 0.000000 0.000000 0.000000 0.000000 0.000000 0.000000 0.000000 0.000000 0.000000 0.000000 0.000000 0.000000 0.000000 0.000000 123.411058 123.398053 123.385049 123.372347 123.359342 123.346338 123.333044 123.324178 123.313538 123.301124 123.289604 123.281920 123.269507 123.254729 123.243209 123.231387 123.218382 123.205680 123.192675 123.183218 123.174942 123.165195 123.155738 123.146280 123.142733 123.148644 123.161649 123.183809 123.201542 123.228431 123.258867 123.287240 123.315902 123.361115 123.394507 0.000000 0.000000 0.000000 0.000000 0.000000 0.000000
0.000000 0.000000 0.000000 0.000000 0.000000 0.000000 0.000000 0.000000 0.000000 0.000000 0.000000 0.000000 0.000000 0.000000 0.000000 0.000000 0.000000 0.000000 0.000000 0.000000 123.416378 123.403373 123.390369 123.377956 123.364662 123.351658 123.338653 123.327133 123.318858 123.306444 123.294031 123.287240 123.274235 123.260049 123.248529 123.236707 123.223702 123.211289 123.197995 123.186173 123.180262 123.167849 123.161058 123.149827 123.143915 123.145098 123.153964 123.171987 123.198587 123.214836 123.249711 123.281329 123.307627 123.337471 123.377364 0.000000 0.000000 0.000000 0.000000 0.000000 0.000000
0.000000 0.000000 0.000000 0.000000 0.000000 0.000000 0.000000 0.000000 0.000000 0.000000 0.000000 0.000000 0.000000 0.000000 0.000000 0.000000 0.000000 0.000000 0.000000 0.000000 0.000000 123.408102 123.395689 123.383276 123.369982 123.356978 123.343973 123.333044 123.324178 123.311764 123.299351 123.292258 123.280147 123.265369 123.253547 123.241435 123.229022 123.216018 123.203315 123.191493 123.185582 123.173169 123.166378 123.155147 123.145689 123.145098 123.153373 123.168440 123.188538 123.214244 123.236115 123.281329 123.300533 123.330680 123.368800 123.409284 0.000000 0.000000 0.000000 0.000000 0.000000
0.000000 0.000000 0.000000 0.000000 0.000000 0.000000 0.000000 0.000000 0.000000 0.000000 0.000000 0.000000 0.000000 0.000000 0.000000 0.000000 0.000000 0.000000 0.000000 0.000000 0.000000 123.413422 123.401009 123.388004 123.375000 123.361707 123.349293 123.338062 123.327724 123.317084 123.304671 123.294031 123.284875 123.270689 123.258867 123.243800 123.234342 123.221338 123.208333 123.196813 123.187355 123.177898 123.169031 123.160467 123.149827 123.146280 123.151600 123.165195 123.184400 123.205089 123.233160 123.270689 123.289604 123.318267 123.360524 123.408102 0.000000 0.000000 0.000000 0.000000 0.000000
0.000000 0.000000 0.000000 0.000000 0.000000 0.000000 0.000000 0.000000 0.000000 0.000000 0.000000 0.000000 0.000000 0.000000 0.000000 0.000000 0.000000 0.000000 0.000000 0.000000 0.000000 0.000000 123.405738 123.393324 123.380320 123.367027 123.354022 123.343382 123.330680 123.322404 123.309991 123.296987 123.290195 123.276009 123.264187 123.248529 123.239662 123.226658 123.213653 123.202133 123.189129 123.183809 123.170804 123.165787 123.154555 123.148053 123.149235 123.164013 123.183809 123.202133 123.218973 123.251182 123.284875 123.311764 123.341609 123.380911 0.000000 0.000000 0.000000 0.000000 0.000000
0.000000 0.000000 0.000000 0.000000 0.000000 0.000000 0.000000 0.000000 0.000000 0.000000 0.000000 0.000000 0.000000 0.000000 0.000000 0.000000 0.000000 0.000000 0.000000 0.000000 0.000000 0.000000 123.411058 123.398644 123.386231 123.372347 123.359342 123.348702 123.335698 123.327133 123.315311 123.302307 123.295804 123.281329 123.269507 123.253547 123.244982 123.231978 123.218973 123.207453 123.194449 123.188538 123.176124 123.170804 123.158102 123.149235 123.149235 123.156920 123.172578 123.192084 123.218382 123.238480 123.285467 123.304080 123.325360 123.365253 123.413422 0.000000 0.000000 0.000000 0.000000
0.000000 0.000000 0.000000 0.000000 0.000000 0.000000 0.000000 0.000000 0.000000 0.000000 0.000000 0.000000 0.000000 0.000000 0.000000 0.000000 0.000000 0.000000 0.000000 0.000000 0.000000 0.000000 123.416378 123.403964 123.390960 123.377956 123.364662 123.352840 123.341018 123.331862 123.320040 123.307627 123.297578 123.286649 123.274235 123.258867 123.248529 123.237298 123.224293 123.212471 123.199769 123.190902 123.181444 123.173169 123.163422 123.154555 123.150418 123.155147 123.169031 123.188538 123.211289 123.233751 123.274235 123.300533 123.322404 123.352249 123.401600 0.000000 0.000000 0.000000 0.000000
0.000000 0.000000 0.000000 0.000000 0.000000 0.000000 0.000000 0.000000 0.000000 0.000000 0.000000 0.000000 0.000000 0.000000 0.000000 0.000000 0.000000 0.000000 0.000000 0.000000 0.000000 0.000000 0.000000 123.409284 123.396280 123.382684 123.369982 123.355795 123.346338 123.333924 123.325360 123.312355 123.300533 123.291378 123.279555 123.264187 123.251182 123.242618 123.229613 123.217791 123.205089 123.193858 123.186173 123.175533 123.168440 123.158693 123.151600 123.152782 123.163422 123.185582 123.206271 123.223111 123.251182 123.289013 123.315902 123.343382 123.389778 0.000000 0.000000 0.000000 0.000000
0.000000 0.000000 0.000000 0.000000 0.000000 0.000000 0.000000 0.000000 0.000000 0.000000 0.000000 0.000000 0.000000 0.000000 0.000000 0.000000 0.000000 0.000000 0.000000 0.000000 0.000000 0.000000 0.000000 123.414604 123.401600 123.388004 123.375000 123.361115 123.351067 123.338062 123.330680 123.318267 123.306444 123.296396 123.284875 123.269507 123.256502 123.247938 123.234933 123.223111 123.210107 123.199178 123.192084 123.180853 123.173760 123.162831 123.153373 123.152782 123.161058 123.176716 123.202133 123.222520 123.241435 123.289013 123.315311 123.330680 123.370573 0.000000 0.000000 0.000000 0.000000
0.000000 0.000000 0.000000 0.000000 0.000000 0.000000 0.000000 0.000000 0.000000 0.000000 0.000000 0.000000 0.000000 0.000000 0.000000 0.000000 0.000000 0.000000 0.000000 0.000000 0.000000 0.000000 0.000000 0.000000 123.406920 123.393324 123.380320 123.365844 123.356387 123.343382 123.335698 123.322995 123.311173 123.301124 123.290195 123.274827 123.261822 123.252956 123.240253 123.228431 123.214836 123.204498 123.195040 123.186173 123.176716 123.167849 123.156920 123.153964 123.159284 123.173169 123.192084 123.216018 123.237298 123.264187 123.307036 123.327724 123.356978 123.405738 0.000000 0.000000 0.000000
0.000000 0.000000 0.000000 0.000000 0.000000 0.000000 0.000000 0.000000 0.000000 0.000000 0.000000 0.000000 0.000000 0.000000 0.000000 0.000000 0.000000 0.000000 0.000000 0.000000 0.000000 0.000000 0.000000 0.000000 123.412240 123.398644 123.385640 123.371164 123.358751 123.348702 123.337471 123.328315 123.316493 123.304080 123.294622 123.280147 123.266551 123.254729 123.244982 123.233160 123.220156 123.208333 123.196813 123.190902 123.178489 123.173169 123.162240 123.155147 123.159875 123.165787 123.181444 123.208044 123.227249 123.255911 123.292849 123.319449 123.349884 123.384458 0.000000 0.000000 0.000000
0.000000 0.000000 0.000000 0.000000 0.000000 0.000000 0.000000 0.000000 0.000000 0.000000 0.000000 0.000000 0.000000 0.000000 0.000000 0.000000 0.000000 0.000000 0.000000 0.000000 0.000000 0.000000 0.000000 0.000000 0.000000 123.403964 123.390960 123.376773 123.363480 123.354022 123.342200 123.333333 123.321813 123.309400 123.298760 123.285467 123.271871 123.258867 123.250000 123.239071 123.225475 123.211880 123.201542 123.196222 123.183218 123.177307 123.167258 123.156920 123.156920 123.164604 123.180853 123.206271 123.226067 123.245573 123.269507 123.311764 123.334516 123.374711 123.416378 0.000000 0.000000
0.000000 0.000000 0.000000 0.000000 0.000000 0.000000 0.000000 0.000000 0.000000 0.000000 0.000000 0.000000 0.000000 0.000000 0.000000 0.000000 0.000000 0.000000 0.000000 0.000000 0.000000 0.000000 0.000000 0.000000 0.000000 123.409284 123.395689 123.382093 123.368800 123.359342 123.346929 123.338653 123.327133 123.314129 123.304080 123.290195 123.277191 123.264187 123.255320 123.243800 123.230795 123.217200 123.206862 123.199178 123.187947 123.180853 123.172578 123.161058 123.158102 123.163422 123.176716 123.196222 123.217791 123.240844 123.265369 123.301124 123.331271 123.355204 123.393324 0.000000 0.000000
0.000000 0.000000 0.000000 0.000000 0.000000 0.000000 0.000000 0.000000 0.000000 0.000000 0.000000 0.000000 0.000000 0.000000 0.000000 0.000000 0.000000 0.000000 0.000000 0.000000 0.000000 0.000000 0.000000 0.000000 0.000000 123.414604 123.401009 123.386822 123.374120 123.363480 123.352249 123.341609 123.332453 123.319449 123.309400 123.295804 123.282511 123.269507 123.258867 123.249120 123.236115 123.222520 123.211880 123.200951 123.193267 123.182627 123.177307 123.166378 123.159284 123.161649 123.172578 123.184991 123.211880 123.230795 123.260049 123.290787 123.323587 123.353431 123.389778 0.000000 0.000000
0.000000 0.000000 0.000000 0.000000 0.000000 0.000000 0.000000 0.000000 0.000000 0.000000 0.000000 0.000000 0.000000 0.000000 0.000000 0.000000 0.000000 0.000000 0.000000 0.000000 0.000000 0.000000 0.000000 0.000000 0.000000 0.000000 123.406329 123.392142 123.379138 123.366435 123.357569 123.345156 123.337471 123.324769 123.313538 123.301124 123.287831 123.274827 123.261822 123.254729 123.241435 123.227249 123.217200 123.205680 123.198587 123.186173 123.180853 123.171396 123.160467 123.160467 123.168440 123.183218 123.206862 123.230204 123.249711 123.276600 123.322404 123.337471 123.379729 123.416667 0.000000
0.000000 0.000000 0.000000 0.000000 0.000000 0.000000 0.000000 0.000000 0.000000 0.000000 0.000000 0.000000 0.000000 0.000000 0.000000 0.000000 0.000000 0.000000 0.000000 0.000000 0.000000 0.000000 0.000000 0.000000 0.000000 0.000000 123.411649 123.397462 123.385049 123.371755 123.362889 123.349884 123.342791 123.330089 123.316493 123.306444 123.292849 123.280147 123.267142 123.259458 123.246755 123.232569 123.220747 123.211289 123.203315 123.190902 123.184400 123.176716 123.164013 123.161649 123.167258 123.180853 123.200360 123.221338 123.244982 123.267733 123.304671 123.336289 123.365253 123.395689 0.000000
0.000000 0.000000 0.000000 0.000000 0.000000 0.000000 0.000000 0.000000 0.000000 0.000000 0.000000 0.000000 0.000000 0.000000 0.000000 0.000000 0.000000 0.000000 0.000000 0.000000 0.000000 0.000000 0.000000 0.000000 0.000000 0.000000 123.416667 123.402782 123.389778 123.377364 123.368209 123.355204 123.345747 123.335107 123.321222 123.311173 123.298169 123.285467 123.272462 123.262413 123.251773 123.237889 123.225475 123.216609 123.204498 123.196222 123.186764 123.182036 123.169622 123.162831 123.165195 123.180853 123.189129 123.217791 123.236707 123.258276 123.299942 123.329498 123.357569 123.392733 0.000000
0.000000 0.000000 0.000000 0.000000 0.000000 0.000000 0.000000 0.000000 0.000000 0.000000 0.000000 0.000000 0.000000 0.000000 0.000000 0.000000 0.000000 0.000000 0.000000 0.000000 0.000000 0.000000 0.000000 0.000000 0.000000 0.000000 0.000000 123.408102 123.395098 123.382093 123.369982 123.360524 123.348702 123.340427 123.326542 123.316493 123.303489 123.290787 123.277782 123.264778 123.257093 123.243209 123.230204 123.220747 123.207453 123.201542 123.190311 123.184400 123.174351 123.164013 123.164604 123.172578 123.187355 123.214244 123.234342 123.253547 123.278373 123.325951 123.341018 123.382684 0.000000
0.000000 0.000000 0.000000 0.000000 0.000000 0.000000 0.000000 0.000000 0.000000 0.000000 0.000000 0.000000 0.000000 0.000000 0.000000 0.000000 0.000000 0.000000 0.000000 0.000000 0.000000 0.000000 0.000000 0.000000 0.000000 0.000000 0.000000 123.413422 123.400418 123.387413 123.374711 123.365844 123.354022 123.345747 123.331862 123.320631 123.308809 123.295804 123.283102 123.269507 123.262413 123.248529 123.235524 123.223702 123.212471 123.206862 123.195631 123.188538 123.179671 123.167258 123.165195 123.171396 123.184991 123.203907 123.229613 123.246755 123.271280 123.305853 123.340427 123.367027 123.396871
0.000000 0.000000 0.000000 0.000000 0.000000 0.000000 0.000000 0.000000 0.000000 0.000000 0.000000 0.000000 0.000000 0.000000 0.000000 0.000000 0.000000 0.000000 0.000000 0.000000 0.000000 0.000000 0.000000 0.000000 0.000000 0.000000 0.000000 0.000000 123.405738 123.392733 123.379729 123.371164 123.359342 123.349293 123.337471 123.324178 123.313538 123.301124 123.288422 123.274827 123.266551 123.253547 123.240844 123.229022 123.217791 123.208924 123.200951 123.190311 123.184991 123.171987 123.166667 123.169622 123.184991 123.193858 123.222520 123.239662 123.264187 123.304671 123.330680 123.361707 123.391551
0.000000 0.000000 0.000000 0.000000 0.000000 0.000000 0.000000 0.000000 0.000000 0.000000 0.000000 0.000000 0.000000 0.000000 0.000000 0.000000 0.000000 0.000000 0.000000 0.000000 0.000000 0.000000 0.000000 0.000000 0.000000 0.000000 0.000000 0.000000 123.411058 123.398053 123.385640 123.374120 123.364662 123.351658 123.342200 123.329498 123.318858 123.306444 123.293440 123.280147 123.268915 123.258867 123.246164 123.233751 123.223111 123.211880 123.206271 123.193267 123.187947 123.177307 123.167849 123.168440 123.176124 123.190902 123.219564 123.238480 123.257684 123.281329 123.317084 123.348702 123.386231
