FireSTARR/test/constant/C2_S060_A090_WD315_WS020/arrival.asc
ncols         116
nrows         331
xllcorner     425903.990666
yllcorner     12715855.311160
cellsize      100.000000
NODATA_value  0.000000
[rows 81 to 107 of 331, columns 0 to 60 of 116]
0.000000 0.000000 0.000000 0.000000 0.000000 0.000000 0.000000 123.411058 123.396871 123.383867 123.369982 123.355795 123.343382 123.332453 123.318858 123.307627 123.295213 123.279555 123.269507 123.255911 123.246164 123.232569 123.218382 123.205680 123.198587 123.184991 123.170804 123.158693 123.148644 123.134458 123.124120 123.119391 123.107569 123.101067 123.104613 123.118800 123.138596 123.158102 123.189720 123.224884 123.268324 123.297578 123.345747 123.393324 0.000000 0.000000 0.000000 0.000000 0.000000 0.000000 0.000000 0.000000 0.000000 0.000000 0.000000 0.000000 0.000000 0.000000 0.000000 0.000000 0.000000
0.000000 0.000000 0.000000 0.000000 0.000000 0.000000 0.000000 123.416378 123.402191 123.389187 123.375000 123.360524 123.348702 123.337471 123.324178 123.312947 123.300533 123.285467 123.272462 123.261231 123.251182 123.237889 123.223111 123.210698 123.203907 123.190311 123.176124 123.164013 123.153964 123.139778 123.129138 123.124120 123.112298 123.102249 123.102840 123.110524 123.126182 123.155147 123.184991 123.218973 123.242618 123.294622 123.331862 123.376182 0.000000 0.000000 0.000000 0.000000 0.000000 0.000000 0.000000 0.000000 0.000000 0.000000 0.000000 0.000000 0.000000 0.000000 0.000000 0.000000 0.000000
0.000000 0.000000 0.000000 0.000000 0.000000 0.000000 0.000000 0.000000 123.407511 123.394507 123.380320 123.365844 123.354022 123.342791 123.329498 123.318267 123.305853 123.290195 123.277782 123.266551 123.256502 123.243209 123.228431 123.216018 123.207453 123.195631 123.180853 123.169031 123.158693 123.145098 123.134458 123.125000 123.117618 123.105204 123.103431 123.108751 123.125591 123.154555 123.170804 123.200951 123.231978 123.278373 123.313538 123.366435 0.000000 0.000000 0.000000 0.000000 0.000000 0.000000 0.000000 0.000000 0.000000 0.000000 0.000000 0.000000 0.000000 0.000000 0.000000 0.000000 0.000000
0.000000 0.000000 0.000000 0.000000 0.000000 0.000000 0.000000 0.000000 123.412831 123.399827 123.385640 123.371164 123.359342 123.348111 123.334516 123.322995 123.311173 123.295804 123.282511 123.271871 123.261822 123.248529 123.233751 123.221338 123.209516 123.200951 123.186173 123.174351 123.162831 123.150418 123.138596 123.127956 123.122938 123.110524 123.104613 123.107569 123.122347 123.142733 123.159875 123.193858 123.228431 123.264778 123.298760 123.344564 123.401600 0.000000 0.000000 0.000000 0.000000 0.000000 0.000000 0.000000 0.000000 0.000000 0.000000 0.000000 0.000000 0.000000 0.000000 0.000000 0.000000
0.000000 0.000000 0.000000 0.000000 0.000000 0.000000 0.000000 0.000000 0.000000 123.405147 123.390960 123.376182 123.364662 123.353431 123.339836 123.327724 123.316493 123.301124 123.288422 123.276009 123.265369 123.253547 123.239071 123.226658 123.214836 123.206271 123.191493 123.179671 123.166667 123.155738 123.143324 123.133276 123.127956 123.115253 123.105795 123.106387 123.114071 123.133276 123.158693 123.189129 123.223111 123.246755 123.297578 123.328907 123.374120 0.000000 0.000000 0.000000 0.000000 0.000000 0.000000 0.000000 0.000000 0.000000 0.000000 0.000000 0.000000 0.000000 0.000000 0.000000 0.000000
0.000000 0.000000 0.000000 0.000000 0.000000 0.000000 0.000000 0.000000 0.000000 123.409875 123.396280 123.381502 123.369982 123.357569 123.345156 123.333044 123.321813 123.306444 123.293440 123.279555 123.270098 123.258867 123.244391 123.231978 123.220156 123.211289 123.196813 123.184991 123.171987 123.161058 123.148053 123.138596 123.129138 123.120573 123.108751 123.107569 123.113480 123.127364 123.155147 123.174942 123.202133 123.242618 123.275418 123.314720 123.358160 123.415787 0.000000 0.000000 0.000000 0.000000 0.000000 0.000000 0.000000 0.000000 0.000000 0.000000 0.000000 0.000000 0.000000 0.000000 0.000000
0.000000 0.000000 0.000000 0.000000 0.000000 0.000000 0.000000 0.000000 0.000000 123.415195 123.401600 123.386822 123.375000 123.362889 123.350475 123.338062 123.327133 123.311173 123.298169 123.284875 123.275418 123.264187 123.249711 123.237298 123.225475 123.213653 123.202133 123.189720 123.177307 123.165787 123.153373 123.142733 123.131502 123.125591 123.114071 123.108751 123.112298 123.126773 123.145689 123.164013 123.196813 123.231387 123.260640 123.304080 123.349884 123.401600 0.000000 0.000000 0.000000 0.000000 0.000000 0.000000 0.000000 0.000000 0.000000 0.000000 0.000000 0.000000 0.000000 0.000000 0.000000
0.000000 0.000000 0.000000 0.000000 0.000000 0.000000 0.000000 0.000000 0.000000 0.000000 123.406920 123.391551 123.380320 123.368209 123.355204 123.343382 123.331862 123.316493 123.303489 123.290195 123.279555 123.269507 123.254729 123.242027 123.230204 123.218382 123.207453 123.195040 123.182627 123.171396 123.158693 123.146280 123.136231 123.130911 123.119391 123.109933 123.110524 123.118209 123.133867 123.162831 123.192675 123.220747 123.250591 123.291378 123.335107 123.379729 0.000000 0.000000 0.000000 0.000000 0.000000 0.000000 0.000000 0.000000 0.000000 0.000000 0.000000 0.000000 0.000000 0.000000 0.000000
0.000000 0.000000 0.000000 0.000000 0.000000 0.000000 0.000000 0.000000 0.000000 0.000000 123.412240 123.397462 123.385640 123.373529 123.360524 123.348702 123.337471 123.321813 123.308809 123.295213 123.283693 123.274827 123.260049 123.247938 123.236115 123.223702 123.212471 123.200360 123.187947 123.176716 123.164013 123.151009 123.141551 123.132684 123.124711 123.112298 123.111115 123.117027 123.133867 123.155738 123.178489 123.204498 123.244391 123.268915 123.309991 123.363480 123.409875 0.000000 0.000000 0.000000 0.000000 0.000000 0.000000 0.000000 0.000000 0.000000 0.000000 0.000000 0.000000 0.000000 0.000000
0.000000 0.000000 0.000000 0.000000 0.000000 0.000000 0.000000 0.000000 0.000000 0.000000 0.000000 123.402191 123.390960 123.379138 123.365844 123.354022 123.342791 123.327133 123.314129 123.300533 123.288422 123.279555 123.265369 123.252956 123.240844 123.229022 123.217791 123.205680 123.192675 123.180853 123.169031 123.156329 123.146871 123.135640 123.129729 123.117027 123.112298 123.116435 123.130320 123.151600 123.167258 123.199178 123.233751 123.263596 123.302307 123.345747 123.385049 0.000000 0.000000 0.000000 0.000000 0.000000 0.000000 0.000000 0.000000 0.000000 0.000000 0.000000 0.000000 0.000000 0.000000
0.000000 0.000000 0.000000 0.000000 0.000000 0.000000 0.000000 0.000000 0.000000 0.000000 0.000000 123.407511 123.396280 123.383867 123.371164 123.359342 123.348111 123.332453 123.319449 123.305853 123.290787 123.283693 123.270689 123.258276 123.246164 123.234342 123.223111 123.211289 123.197995 123.185582 123.174351 123.161649 123.151600 123.140960 123.135049 123.122347 123.113480 123.114071 123.122347 123.138004 123.167258 123.196813 123.230795 123.254729 123.289604 123.336880 123.374120 0.000000 0.000000 0.000000 0.000000 0.000000 0.000000 0.000000 0.000000 0.000000 0.000000 0.000000 0.000000 0.000000 0.000000
0.000000 0.000000 0.000000 0.000000 0.000000 0.000000 0.000000 0.000000 0.000000 0.000000 0.000000 123.412831 123.401600 123.389187 123.376182 123.364071 123.352840 123.337471 123.324769 123.311173 123.295804 123.286649 123.276009 123.263596 123.251773 123.239662 123.228431 123.216609 123.203315 123.190902 123.179671 123.166667 123.153964 123.146280 123.136822 123.127364 123.116435 123.114662 123.122347 123.137413 123.158693 123.182627 123.208044 123.247938 123.272462 123.312355 123.355204 123.402782 0.000000 0.000000 0.000000 0.000000 0.000000 0.000000 0.000000 0.000000 0.000000 0.000000 0.000000 0.000000 0.000000
0.000000 0.000000 0.000000 0.000000 0.000000 0.000000 0.000000 0.000000 0.000000 0.000000 0.000000 0.000000 123.406329 123.394507 123.381502 123.369391 123.357569 123.342791 123.329498 123.316493 123.300533 123.291378 123.281329 123.268915 123.257093 123.244982 123.233751 123.221338 123.208333 123.195631 123.184991 123.171987 123.159284 123.151600 123.138596 123.132684 123.121164 123.115844 123.119982 123.134458 123.155147 123.171987 123.202724 123.237298 123.269507 123.301124 123.348111 123.395098 0.000000 0.000000 0.000000 0.000000 0.000000 0.000000 0.000000 0.000000 0.000000 0.000000 0.000000 0.000000 0.000000
0.000000 0.000000 0.000000 0.000000 0.000000 0.000000 0.000000 0.000000 0.000000 0.000000 0.000000 0.000000 123.412240 123.399827 123.386822 123.374711 123.362889 123.348111 123.335107 123.321222 123.305853 123.295804 123.286649 123.273644 123.261822 123.250000 123.239071 123.226658 123.213653 123.200951 123.189720 123.177307 123.164013 123.156329 123.143915 123.138004 123.126182 123.117618 123.118209 123.126182 123.142142 123.170804 123.200951 123.234933 123.258867 123.294031 123.330680 123.378547 0.000000 0.000000 0.000000 0.000000 0.000000 0.000000 0.000000 0.000000 0.000000 0.000000 0.000000 0.000000 0.000000
0.000000 0.000000 0.000000 0.000000 0.000000 0.000000 0.000000 0.000000 0.000000 0.000000 0.000000 0.000000 0.000000 123.405147 123.392142 123.379729 123.367618 123.353431 123.340427 123.326542 123.311173 123.298760 123.290787 123.278964 123.264187 123.255320 123.244391 123.231978 123.218973 123.206271 123.195040 123.182627 123.169622 123.157511 123.149235 123.140369 123.130911 123.120573 123.118800 123.125591 123.139778 123.170213 123.186764 123.214244 123.252364 123.275418 123.315311 123.357569 123.402191 0.000000 0.000000 0.000000 0.000000 0.000000 0.000000 0.000000 0.000000 0.000000 0.000000 0.000000 0.000000
0.000000 0.000000 0.000000 0.000000 0.000000 0.000000 0.000000 0.000000 0.000000 0.000000 0.000000 0.000000 0.000000 123.410467 123.397462 123.385049 123.372938 123.358751 123.345747 123.331862 123.316493 123.303489 123.294622 123.284284 123.268915 123.260640 123.249711 123.237298 123.224293 123.211880 123.200360 123.187947 123.174942 123.161058 123.154555 123.142142 123.136822 123.125591 123.119982 123.124120 123.138004 123.159284 123.175533 123.205680 123.239662 123.273644 123.299942 123.343382 123.386822 0.000000 0.000000 0.000000 0.000000 0.000000 0.000000 0.000000 0.000000 0.000000 0.000000 0.000000 0.000000
0.000000 0.000000 0.000000 0.000000 0.000000 0.000000 0.000000 0.000000 0.000000 0.000000 0.000000 0.000000 0.000000 123.415787 123.402191 123.390369 123.378547 123.364071 123.350475 123.337471 123.321813 123.308809 123.299942 123.289604 123.274235 123.265960 123.254729 123.242618 123.229613 123.216609 123.205680 123.192675 123.180262 123.166378 123.159284 123.146280 123.141551 123.130911 123.121164 123.121755 123.129729 123.148053 123.175533 123.205089 123.226067 123.262413 123.288422 123.332453 123.379729 0.000000 0.000000 0.000000 0.000000 0.000000 0.000000 0.000000 0.000000 0.000000 0.000000 0.000000 0.000000
0.000000 0.000000 0.000000 0.000000 0.000000 0.000000 0.000000 0.000000 0.000000 0.000000 0.000000 0.000000 0.000000 0.000000 123.407511 123.395689 123.383867 123.369391 123.355795 123.342200 123.327133 123.314129 123.301716 123.294622 123.279555 123.267733 123.260049 123.247938 123.234933 123.221929 123.211289 123.197995 123.185582 123.171396 123.161649 123.151600 123.144507 123.135049 123.123529 123.122347 123.129729 123.145098 123.173169 123.190902 123.218382 123.255911 123.277782 123.320040 123.364071 123.407511 0.000000 0.000000 0.000000 0.000000 0.000000 0.000000 0.000000 0.000000 0.000000 0.000000 0.000000
0.000000 0.000000 0.000000 0.000000 0.000000 0.000000 0.000000 0.000000 0.000000 0.000000 0.000000 0.000000 0.000000 0.000000 123.412831 123.401009 123.388596 123.374711 123.361115 123.347520 123.332453 123.319449 123.306444 123.299351 123.284875 123.273053 123.265369 123.252956 123.240253 123.227249 123.216609 123.203315 123.190902 123.176124 123.165195 123.156920 123.145689 123.138596 123.127956 123.123529 123.127956 123.142142 123.162831 123.179671 123.208924 123.247347 123.273053 123.310582 123.345156 123.389187 0.000000 0.000000 0.000000 0.000000 0.000000 0.000000 0.000000 0.000000 0.000000 0.000000 0.000000
0.000000 0.000000 0.000000 0.000000 0.000000 0.000000 0.000000 0.000000 0.000000 0.000000 0.000000 0.000000 0.000000 0.000000 0.000000 123.405738 123.394507 123.379729 123.366435 123.352840 123.337471 123.324769 123.311764 123.302307 123.289604 123.278373 123.270098 123.258276 123.245573 123.232569 123.221338 123.208333 123.195631 123.181444 123.170213 123.161649 123.150418 123.143915 123.133867 123.124711 123.125591 123.133867 123.151600 123.179080 123.202133 123.227840 123.265960 123.294031 123.327133 123.380320 0.000000 0.000000 0.000000 0.000000 0.000000 0.000000 0.000000 0.000000 0.000000 0.000000 0.000000
0.000000 0.000000 0.000000 0.000000 0.000000 0.000000 0.000000 0.000000 0.000000 0.000000 0.000000 0.000000 0.000000 0.000000 0.000000 123.411058 123.399235 123.385049 123.371755 123.358160 123.342791 123.329498 123.317084 123.305262 123.295213 123.283102 123.271871 123.263596 123.250591 123.237889 123.226658 123.213653 123.200951 123.186764 123.175533 123.165195 123.155738 123.148053 123.138596 123.127364 123.126182 123.133867 123.149235 123.177898 123.195040 123.222520 123.260640 123.281920 123.318858 123.353431 123.412831 0.000000 0.000000 0.000000 0.000000 0.000000 0.000000 0.000000 0.000000 0.000000 0.000000
0.000000 0.000000 0.000000 0.000000 0.000000 0.000000 0.000000 0.000000 0.000000 0.000000 0.000000 0.000000 0.000000 0.000000 0.000000 123.416378 123.404555 123.390369 123.376773 123.363480 123.348111 123.335107 123.322404 123.309400 123.300533 123.288422 123.276009 123.268915 123.255320 123.243209 123.231978 123.218973 123.206271 123.192084 123.180853 123.167849 123.161058 123.149827 123.143915 123.132093 123.127364 123.131502 123.145689 123.166667 123.183218 123.213062 123.254729 123.276600 123.309400 123.349293 123.392733 0.000000 0.000000 0.000000 0.000000 0.000000 0.000000 0.000000 0.000000 0.000000 0.000000
0.000000 0.000000 0.000000 0.000000 0.000000 0.000000 0.000000 0.000000 0.000000 0.000000 0.000000 0.000000 0.000000 0.000000 0.000000 0.000000 123.409875 123.395689 123.382093 123.368800 123.353431 123.339836 123.327724 123.314720 123.305853 123.293440 123.281329 123.274235 123.260640 123.248529 123.237298 123.224293 123.211880 123.197404 123.185582 123.173169 123.166378 123.153373 123.148053 123.137413 123.128547 123.129729 123.138004 123.153964 123.182627 123.202133 123.239662 123.264778 123.298169 123.339836 123.371755 0.000000 0.000000 0.000000 0.000000 0.000000 0.000000 0.000000 0.000000 0.000000 0.000000
0.000000 0.000000 0.000000 0.000000 0.000000 0.000000 0.000000 0.000000 0.000000 0.000000 0.000000 0.000000 0.000000 0.000000 0.000000 0.000000 123.415195 123.400418 123.387413 123.374120 123.358160 123.345156 123.332453 123.320040 123.309991 123.298760 123.286058 123.276009 123.265960 123.253547 123.242618 123.229613 123.216609 123.202724 123.190311 123.178489 123.169622 123.158693 123.152191 123.142733 123.130911 123.130320 123.137413 123.153373 123.182036 123.197995 123.226067 123.264187 123.289013 123.320040 123.354022 123.413422 0.000000 0.000000 0.000000 0.000000 0.000000 0.000000 0.000000 0.000000 0.000000
0.000000 0.000000 0.000000 0.000000 0.000000 0.000000 0.000000 0.000000 0.000000 0.000000 0.000000 0.000000 0.000000 0.000000 0.000000 0.000000 0.000000 123.405738 123.392142 123.379138 123.364071 123.350475 123.338062 123.325360 123.312355 123.304080 123.291378 123.278373 123.271280 123.258867 123.247938 123.234933 123.221929 123.208044 123.195631 123.183809 123.171396 123.164013 123.153373 123.148053 123.136231 123.131502 123.135640 123.149827 123.170804 123.187947 123.217200 123.255320 123.281920 123.304080 123.349293 123.392733 0.000000 0.000000 0.000000 0.000000 0.000000 0.000000 0.000000 0.000000 0.000000
0.000000 0.000000 0.000000 0.000000 0.000000 0.000000 0.000000 0.000000 0.000000 0.000000 0.000000 0.000000 0.000000 0.000000 0.000000 0.000000 0.000000 123.411058 123.397462 123.384458 123.368800 123.355795 123.343382 123.330680 123.317675 123.309400 123.296396 123.284284 123.276600 123.264187 123.252956 123.240253 123.227249 123.213062 123.200951 123.189129 123.176716 123.169622 123.157511 123.152191 123.140960 123.132684 123.133867 123.142142 123.162831 123.186764 123.216609 123.241435 123.269507 123.296396 123.328907 123.376773 0.000000 0.000000 0.000000 0.000000 0.000000 0.000000 0.000000 0.000000 0.000000
0.000000 0.000000 0.000000 0.000000 0.000000 0.000000 0.000000 0.000000 0.000000 0.000000 0.000000 0.000000 0.000000 0.000000 0.000000 0.000000 0.000000 123.416378 123.402782 123.389778 123.374120 123.361115 123.348702 123.335698 123.322995 123.314129 123.301716 123.289013 123.280147 123.269507 123.258276 123.245573 123.232569 123.217791 123.206271 123.194449 123.181444 123.173760 123.162831 123.155147 123.146280 123.135049 123.133867 123.141551 123.156920 123.184991 123.201542 123.230204 123.263004 123.295213 123.324178 123.358160 123.415195 0.000000 0.000000 0.000000 0.000000 0.000000 0.000000 0.000000 0.000000
