FireSTARR/test/constant/M1M225PC_S060_A180_WD270_WS020/arrival.asc
ncols         107
nrows         19
xllcorner     426603.990666
yllcorner     12747855.311160
cellsize      100.000000
NODATA_value  0.000000
0.000000 0.000000 0.000000 0.000000 0.000000 0.000000 0.000000 0.000000 0.000000 0.000000 0.000000 0.000000 0.000000 0.000000 0.000000 0.000000 0.000000 0.000000 0.000000 0.000000 0.000000 0.000000 0.000000 0.000000 0.000000 0.000000 0.000000 0.000000 0.000000 0.000000 0.000000 0.000000 0.000000 0.000000 0.000000 0.000000 0.000000 0.000000 0.000000 0.000000 0.000000 0.000000 0.000000 0.000000 0.000000 0.000000 123.410454 123.410454 123.386818 123.388788 123.392727 123.396666 123.400606 123.404545 123.408485 123.412424 123.416363 0.000000 0.000000 0.000000 0.000000 0.000000 0.000000 0.000000 0.000000 0.000000 0.000000 0.000000 0.000000 0.000000 0.000000 0.000000 0.000000 0.000000 0.000000 0.000000 0.000000 0.000000 0.000000 0.000000 0.000000 0.000000 0.000000 0.000000 0.000000 0.000000 0.000000 0.000000 0.000000 0.000000 0.000000 0.000000 0.000000 0.000000 0.000000 0.000000 0.000000 0.000000 0.000000 0.000000 0.000000 0.000000 0.000000 0.000000 0.000000 0.000000 0.000000 
0.000000 0.000000 0.000000 0.000000 0.000000 0.000000 0.000000 0.000000 0.000000 0.000000 0.000000 0.000000 0.000000 0.000000 0.000000 0.000000 0.000000 0.000000 0.000000 0.000000 0.000000 0.000000 0.000000 0.000000 0.000000 0.000000 0.000000 0.000000 0.000000 0.000000 0.000000 0.000000 0.000000 0.000000 0.000000 0.000000 0.000000 0.000000 0.000000 123.402576 123.370757 123.364848 123.341212 123.343182 123.347121 123.351060 123.355000 123.358939 123.362879 123.366818 123.368788 123.372727 123.376970 123.380909 123.384848 123.388788 123.392727 123.396666 123.400606 123.404545 123.408485 123.412424 123.416363 0.000000 0.000000 0.000000 0.000000 0.000000 0.000000 0.000000 0.000000 0.000000 0.000000 0.000000 0.000000 0.000000 0.000000 0.000000 0.000000 0.000000 0.000000 0.000000 0.000000 0.000000 0.000000 0.000000 0.000000 0.000000 0.000000 0.000000 0.000000 0.000000 0.000000 0.000000 0.000000 0.000000 0.000000 0.000000 0.000000 0.000000 0.000000 0.000000 0.000000 0.000000 0.000000 0.000000 0.000000 
0.000000 0.000000 0.000000 0.000000 0.000000 0.000000 0.000000 0.000000 0.000000 0.000000 0.000000 0.000000 0.000000 0.000000 0.000000 0.000000 0.000000 0.000000 0.000000 0.000000 0.000000 0.000000 0.000000 0.000000 0.000000 0.000000 0.000000 0.000000 0.000000 0.000000 0.000000 0.000000 123.384848 123.368788 123.351060 123.319242 123.295606 123.295606 123.299545 123.303485 123.307424 123.311363 123.315303 123.319242 123.323182 123.327121 123.331060 123.335303 123.339242 123.343182 123.347121 123.351060 123.355000 123.358939 123.362879 123.366818 123.370757 123.374697 123.376970 123.380909 123.384848 123.388788 123.392727 123.396666 123.400606 123.404545 123.408485 123.412424 123.416363 0.000000 0.000000 0.000000 0.000000 0.000000 0.000000 0.000000 0.000000 0.000000 0.000000 0.000000 0.000000 0.000000 0.000000 0.000000 0.000000 0.000000 0.000000 0.000000 0.000000 0.000000 0.000000 0.000000 0.000000 0.000000 0.000000 0.000000 0.000000 0.000000 0.000000 0.000000 0.000000 0.000000 0.000000 0.000000 0.000000 0.000000 0.000000 
0.000000 0.000000 0.000000 0.000000 0.000000 0.000000 0.000000 0.000000 0.000000 0.000000 0.000000 0.000000 0.000000 0.000000 0.000000 0.000000 0.000000 0.000000 0.000000 0.000000 0.000000 0.000000 0.000000 0.000000 123.412424 123.382879 123.351060 123.337273 123.311363 123.273636 123.265757 123.249697 123.251970 123.255909 123.259848 123.263788 123.267727 123.271666 123.275606 123.279545 123.283485 123.287424 123.291363 123.295606 123.299545 123.303485 123.307424 123.311363 123.315303 123.319242 123.323182 123.327121 123.331060 123.335303 123.339242 123.343182 123.347121 123.351060 123.355000 123.358939 123.362879 123.366818 123.370757 123.374697 123.378939 123.382879 123.386818 123.390757 123.394697 123.398636 123.402576 123.406515 123.410454 123.414394 123.416667 0.000000 0.000000 0.000000 0.000000 0.000000 0.000000 0.000000 0.000000 0.000000 0.000000 0.000000 0.000000 0.000000 0.000000 0.000000 0.000000 0.000000 0.000000 0.000000 0.000000 0.000000 0.000000 0.000000 0.000000 0.000000 0.000000 0.000000 0.000000 0.000000 0.000000 0.000000 0.000000 
0.000000 0.000000 0.000000 0.000000 0.000000 0.000000 0.000000 0.000000 0.000000 0.000000 0.000000 0.000000 0.000000 0.000000 0.000000 0.000000 0.000000 123.390757 123.364848 123.347121 123.335303 123.301515 123.273636 123.249697 123.226060 123.204091 123.206060 123.210303 123.214242 123.218182 123.222121 123.226060 123.230000 123.233939 123.237879 123.241818 123.245757 123.249697 123.251970 123.255909 123.259848 123.263788 123.267727 123.271666 123.275606 123.279545 123.283485 123.287424 123.291363 123.295606 123.299545 123.303485 123.307424 123.311363 123.315303 123.319242 123.323182 123.327121 123.331060 123.335303 123.339242 123.343182 123.347121 123.351060 123.355000 123.358939 123.362879 123.366818 123.370757 123.374697 123.378939 123.382879 123.386818 123.390757 123.394697 123.398636 123.402576 123.406515 123.410454 123.414394 0.000000 0.000000 0.000000 0.000000 0.000000 0.000000 0.000000 0.000000 0.000000 0.000000 0.000000 0.000000 0.000000 0.000000 0.000000 0.000000 0.000000 0.000000 0.000000 0.000000 0.000000 0.000000 0.000000 0.000000 0.000000 0.000000 0.000000 
0.000000 0.000000 0.000000 0.000000 0.000000 0.000000 0.000000 0.000000 0.000000 0.000000 0.000000 123.388788 123.355000 123.329091 123.289394 123.265757 123.237879 123.231970 123.198182 123.166363 123.158485 123.162424 123.166363 123.170606 123.174545 123.178485 123.182424 123.186363 123.190303 123.194242 123.198182 123.202121 123.206060 123.210303 123.214242 123.218182 123.222121 123.226060 123.230000 123.233939 123.237879 123.241818 123.245757 123.249697 123.251970 123.255909 123.259848 123.263788 123.267727 123.271666 123.275606 123.279545 123.283485 123.287424 123.291363 123.295606 123.299545 123.303485 123.307424 123.311363 123.315303 123.319242 123.323182 123.327121 123.331060 123.335303 123.339242 123.343182 123.347121 123.351060 123.355000 123.358939 123.362879 123.366818 123.370757 123.374697 123.378939 123.382879 123.386818 123.390757 123.394697 123.398636 123.402576 123.406515 123.410454 123.414394 0.000000 0.000000 0.000000 0.000000 0.000000 0.000000 0.000000 0.000000 0.000000 0.000000 0.000000 0.000000 0.000000 0.000000 0.000000 0.000000 0.000000 0.000000 0.000000 0.000000 0.000000 
0.000000 0.000000 0.000000 0.000000 0.000000 123.400606 123.333030 123.309394 123.275606 123.228030 123.222121 123.190303 123.148636 123.122727 123.112879 123.114848 123.118788 123.122727 123.126970 123.130909 123.134848 123.138788 123.142727 123.146666 123.150606 123.154545 123.158485 123.162424 123.166363 123.170606 123.174545 123.178485 123.182424 123.186363 123.190303 123.194242 123.198182 123.202121 123.206060 123.210303 123.214242 123.218182 123.222121 123.226060 123.230000 123.233939 123.237879 123.241818 123.245757 123.249697 123.253939 123.257879 123.261818 123.265757 123.269697 123.273636 123.277576 123.281515 123.285454 123.289394 123.291667 123.295606 123.299545 123.303485 123.307424 123.311363 123.315303 123.319242 123.323182 123.327121 123.331060 123.335303 123.339242 123.343182 123.347121 123.351060 123.355000 123.358939 123.362879 123.366818 123.370757 123.374697 123.378939 123.382879 123.386818 123.390757 123.394697 123.398636 123.402576 123.406515 123.410454 123.414394 0.000000 0.000000 0.000000 0.000000 0.000000 0.000000 0.000000 0.000000 0.000000 0.000000 0.000000 0.000000 0.000000 0.000000 0.000000 
0.000000 123.305454 123.273636 123.233939 123.176515 123.140757 123.116818 123.103030 123.067273 123.069242 123.073182 123.077121 123.081060 123.085303 123.089242 123.093182 123.097121 123.101060 123.105000 123.108939 123.112879 123.116818 123.120757 123.124697 123.126970 123.130909 123.134848 123.138788 123.142727 123.146666 123.150606 123.154545 123.158485 123.162424 123.166363 123.170606 123.174545 123.178485 123.182424 123.186363 123.190303 123.194242 123.198182 123.202121 123.206060 123.210303 123.214242 123.218182 123.222121 123.226060 123.230000 123.233939 123.237879 123.241818 123.245757 123.249697 123.253939 123.257879 123.261818 123.265757 123.269697 123.273636 123.277576 123.281515 123.285454 123.289394 123.291667 123.295606 123.299545 123.303485 123.307424 123.311363 123.315303 123.319242 123.323182 123.327121 123.331060 123.335303 123.339242 123.343182 123.347121 123.351060 123.355000 123.358939 123.362879 123.366818 123.370757 123.374697 123.378939 123.382879 123.386818 123.390757 123.394697 123.398636 123.402576 123.406515 123.410454 123.414394 0.000000 0.000000 0.000000 0.000000 0.000000 0.000000 0.000000 0.000000 0.000000 
123.087273 123.079091 123.021666 123.021666 123.025606 123.029545 123.033485 123.037424 123.041363 123.045606 123.049545 123.053485 123.057424 123.061363 123.065303 123.069242 123.073182 123.077121 123.081060 123.085303 123.089242 123.093182 123.097121 123.101060 123.105000 123.108939 123.112879 123.116818 123.120757 123.124697 123.128939 123.132879 123.136818 123.140757 123.144697 123.148636 123.152576 123.156515 123.160454 123.164394 123.166667 123.170606 123.174545 123.178485 123.182424 123.186363 123.190303 123.194242 123.198182 123.202121 123.206060 123.210303 123.214242 123.218182 123.222121 123.226060 123.230000 123.233939 123.237879 123.241818 123.245757 123.249697 123.253939 123.257879 123.261818 123.265757 123.269697 123.273636 123.277576 123.281515 123.285454 123.289394 123.293636 123.297576 123.301515 123.305454 123.309394 123.313333 123.317273 123.321212 123.325151 123.329091 123.333030 123.335303 123.339242 123.343182 123.347121 123.351060 123.355000 123.358939 123.362879 123.366818 123.370757 123.374697 123.378939 123.382879 123.386818 123.390757 123.394697 123.398636 123.402576 123.406515 123.410454 123.414394 0.000000 0.000000 0.000000 
123.000000 123.001970 123.005909 123.009848 123.013788 123.017727 123.021666 123.025606 123.029545 123.033485 123.037424 123.041363 123.045606 123.049545 123.053485 123.057424 123.061363 123.065303 123.069242 123.073182 123.077121 123.081060 123.085303 123.089242 123.093182 123.097121 123.101060 123.105000 123.108939 123.112879 123.116818 123.120757 123.124697 123.128939 123.132879 123.136818 123.140757 123.144697 123.148636 123.152576 123.156515 123.160454 123.164394 123.168636 123.172576 123.176515 123.180454 123.184394 123.188333 123.192273 123.196212 123.200151 123.204091 123.208030 123.212273 123.216212 123.220151 123.224091 123.228030 123.231970 123.235909 123.239848 123.243788 123.247727 123.250000 123.253939 123.257879 123.261818 123.265757 123.269697 123.273636 123.277576 123.281515 123.285454 123.289394 123.293636 123.297576 123.301515 123.305454 123.309394 123.313333 123.317273 123.321212 123.325151 123.329091 123.333030 123.337273 123.341212 123.345151 123.349091 123.353030 123.356970 123.360909 123.364848 123.368788 123.372727 123.376970 123.380909 123.384848 123.388788 123.392727 123.396666 123.400606 123.404545 123.408485 123.412424 123.416363 
123.114848 123.067273 123.059394 123.025606 123.027576 123.031515 123.035454 123.039394 123.043636 123.047576 123.051515 123.055454 123.059394 123.063333 123.067273 123.071212 123.075151 123.079091 123.083030 123.087273 123.091212 123.095151 123.099091 123.103030 123.106970 123.110909 123.114848 123.118788 123.122727 123.126970 123.130909 123.134848 123.138788 123.142727 123.146666 123.150606 123.154545 123.158485 123.162424 123.166363 123.168636 123.172576 123.176515 123.180454 123.184394 123.188333 123.192273 123.196212 123.200151 123.204091 123.208030 123.212273 123.216212 123.220151 123.224091 123.228030 123.231970 123.235909 123.239848 123.243788 123.247727 123.251970 123.255909 123.259848 123.263788 123.267727 123.271666 123.275606 123.279545 123.283485 123.287424 123.291363 123.295606 123.299545 123.303485 123.307424 123.311363 123.315303 123.319242 123.323182 123.327121 123.331060 123.335303 123.339242 123.343182 123.347121 123.351060 123.355000 123.358939 123.362879 123.366818 123.370757 123.374697 123.378939 123.382879 123.386818 123.390757 123.394697 123.398636 123.402576 123.406515 123.410454 123.414394 123.416667 0.000000 0.000000 0.000000 
0.000000 123.335303 123.285454 123.261818 123.216212 123.168636 123.136818 123.101060 123.089242 123.071212 123.075151 123.079091 123.083030 123.087273 123.091212 123.095151 123.099091 123.103030 123.106970 123.110909 123.114848 123.118788 123.122727 123.125000 123.128939 123.132879 123.136818 123.140757 123.144697 123.148636 123.152576 123.156515 123.160454 123.164394 123.168636 123.172576 123.176515 123.180454 123.184394 123.188333 123.192273 123.196212 123.200151 123.204091 123.208030 123.212273 123.216212 123.220151 123.224091 123.228030 123.231970 123.235909 123.239848 123.243788 123.247727 123.251970 123.255909 123.259848 123.263788 123.267727 123.271666 123.275606 123.279545 123.283485 123.287424 123.291363 123.295606 123.299545 123.303485 123.307424 123.311363 123.315303 123.319242 123.323182 123.327121 123.331060 123.335303 123.339242 123.343182 123.347121 123.351060 123.355000 123.358939 123.362879 123.366818 123.370757 123.374697 123.376970 123.380909 123.384848 123.388788 123.392727 123.396666 123.400606 123.404545 123.408485 123.412424 123.416363 0.000000 0.000000 0.000000 0.000000 0.000000 0.000000 0.000000 0.000000 0.000000 
0.000000 0.000000 0.000000 0.000000 0.000000 0.000000 123.366818 123.333030 123.289394 123.263788 123.220151 123.188333 123.178485 123.146666 123.118788 123.116818 123.120757 123.124697 123.128939 123.132879 123.136818 123.140757 123.144697 123.148636 123.152576 123.156515 123.160454 123.164394 123.168636 123.172576 123.176515 123.180454 123.184394 123.188333 123.192273 123.196212 123.200151 123.204091 123.208030 123.212273 123.216212 123.220151 123.224091 123.228030 123.231970 123.235909 123.239848 123.243788 123.247727 123.251970 123.255909 123.259848 123.263788 123.267727 123.271666 123.275606 123.279545 123.283485 123.287424 123.291363 123.295606 123.299545 123.303485 123.307424 123.311363 123.315303 123.319242 123.323182 123.327121 123.331060 123.333333 123.337273 123.341212 123.345151 123.349091 123.353030 123.356970 123.360909 123.364848 123.368788 123.372727 123.376970 123.380909 123.384848 123.388788 123.392727 123.396666 123.400606 123.404545 123.408485 123.412424 123.416363 0.000000 0.000000 0.000000 0.000000 0.000000 0.000000 0.000000 0.000000 0.000000 0.000000 0.000000 0.000000 0.000000 0.000000 0.000000 
0.000000 0.000000 0.000000 0.000000 0.000000 0.000000 0.000000 0.000000 0.000000 0.000000 0.000000 123.412424 123.366818 123.353030 123.311363 123.277576 123.259848 123.226060 123.194242 123.188333 123.162424 123.164394 123.168636 123.172576 123.176515 123.180454 123.184394 123.188333 123.192273 123.196212 123.200151 123.204091 123.208030 123.212273 123.216212 123.220151 123.224091 123.228030 123.231970 123.235909 123.239848 123.243788 123.247727 123.251970 123.255909 123.259848 123.263788 123.267727 123.271666 123.275606 123.279545 123.283485 123.287424 123.291363 123.293636 123.297576 123.301515 123.305454 123.309394 123.313333 123.317273 123.321212 123.325151 123.329091 123.333030 123.337273 123.341212 123.345151 123.349091 123.353030 123.356970 123.360909 123.364848 123.368788 123.372727 123.376970 123.380909 123.384848 123.388788 123.392727 123.396666 123.400606 123.404545 123.408485 123.412424 123.416363 0.000000 0.000000 0.000000 0.000000 0.000000 0.000000 0.000000 0.000000 0.000000 0.000000 0.000000 0.000000 0.000000 0.000000 0.000000 0.000000 0.000000 0.000000 0.000000 0.000000 0.000000 
0.000000 0.000000 0.000000 0.000000 0.000000 0.000000 0.000000 0.000000 0.000000 0.000000 0.000000 0.000000 0.000000 0.000000 0.000000 0.000000 0.000000 0.000000 123.410454 123.384848 123.353030 123.325151 123.291363 123.267727 123.237879 123.237879 123.208030 123.212273 123.216212 123.220151 123.224091 123.228030 123.231970 123.235909 123.239848 123.243788 123.247727 123.250000 123.253939 123.257879 123.261818 123.265757 123.269697 123.273636 123.277576 123.281515 123.285454 123.289394 123.293636 123.297576 123.301515 123.305454 123.309394 123.313333 123.317273 123.321212 123.325151 123.329091 123.333030 123.337273 123.341212 123.345151 123.349091 123.353030 123.356970 123.360909 123.364848 123.368788 123.372727 123.376970 123.380909 123.384848 123.388788 123.392727 123.396666 123.400606 123.404545 123.408485 123.412424 123.416363 0.000000 0.000000 0.000000 0.000000 0.000000 0.000000 0.000000 0.000000 0.000000 0.000000 0.000000 0.000000 0.000000 0.000000 0.000000 0.000000 0.000000 0.000000 0.000000 0.000000 0.000000 0.000000 0.000000 0.000000 0.000000 0.000000 0.000000 
0.000000 0.000000 0.000000 0.000000 0.000000 0.000000 0.000000 0.000000 0.000000 0.000000 0.000000 0.000000 0.000000 0.000000 0.000000 0.000000 0.000000 0.000000 0.000000 0.000000 0.000000 0.000000 0.000000 0.000000 0.000000 123.406515 123.370757 123.341212 123.337273 123.311363 123.283485 123.255909 123.253939 123.257879 123.261818 123.265757 123.269697 123.273636 123.277576 123.281515 123.285454 123.289394 123.293636 123.297576 123.301515 123.305454 123.309394 123.313333 123.317273 123.321212 123.325151 123.329091 123.333030 123.337273 123.341212 123.345151 123.349091 123.353030 123.356970 123.360909 123.364848 123.368788 123.372727 123.376970 123.380909 123.384848 123.388788 123.392727 123.396666 123.400606 123.404545 123.408485 123.412424 123.416363 0.000000 0.000000 0.000000 0.000000 0.000000 0.000000 0.000000 0.000000 0.000000 0.000000 0.000000 0.000000 0.000000 0.000000 0.000000 0.000000 0.000000 0.000000 0.000000 0.000000 0.000000 0.000000 0.000000 0.000000 0.000000 0.000000 0.000000 0.000000 0.000000 0.000000 0.000000 0.000000 0.000000 
0.000000 0.000000 0.000000 0.000000 0.000000 0.000000 0.000000 0.000000 0.000000 0.000000 0.000000 0.000000 0.000000 0.000000 0.000000 0.000000 0.000000 0.000000 0.000000 0.000000 0.000000 0.000000 0.000000 0.000000 0.000000 0.000000 0.000000 0.000000 0.000000 0.000000 0.000000 0.000000 123.416363 123.382879 123.358939 123.345151 123.331060 123.299545 123.301515 123.305454 123.309394 123.313333 123.317273 123.321212 123.325151 123.329091 123.333030 123.337273 123.341212 123.345151 123.349091 123.353030 123.356970 123.360909 123.364848 123.368788 123.372727 123.376970 123.380909 123.384848 123.388788 123.392727 123.396666 123.400606 123.404545 123.408485 123.412424 123.416363 0.000000 0.000000 0.000000 0.000000 0.000000 0.000000 0.000000 0.000000 0.000000 0.000000 0.000000 0.000000 0.000000 0.000000 0.000000 0.000000 0.000000 0.000000 0.000000 0.000000 0.000000 0.000000 0.000000 0.000000 0.000000 0.000000 0.000000 0.000000 0.000000 0.000000 0.000000 0.000000 0.000000 0.000000 0.000000 0.000000 0.000000 0.000000 0.000000 
0.000000 0.000000 0.000000 0.000000 0.000000 0.000000 0.000000 0.000000 0.000000 0.000000 0.000000 0.000000 0.000000 0.000000 0.000000 0.000000 0.000000 0.000000 0.000000 0.000000 0.000000 0.000000 0.000000 0.000000 0.000000 0.000000 0.000000 0.000000 0.000000 0.000000 0.000000 0.000000 0.000000 0.000000 0.000000 0.000000 0.000000 0.000000 0.000000 0.000000 123.402576 123.375000 123.366818 123.345151 123.349091 123.353030 123.356970 123.360909 123.364848 123.368788 123.372727 123.375000 123.378939 123.382879 123.386818 123.390757 123.394697 123.398636 123.402576 123.406515 123.410454 123.414394 0.000000 0.000000 0.000000 0.000000 0.000000 0.000000 0.000000 0.000000 0.000000 0.000000 0.000000 0.000000 0.000000 0.000000 0.000000 0.000000 0.000000 0.000000 0.000000 0.000000 0.000000 0.000000 0.000000 0.000000 0.000000 0.000000 0.000000 0.000000 0.000000 0.000000 0.000000 0.000000 0.000000 0.000000 0.000000 0.000000 0.000000 0.000000 0.000000 0.000000 0.000000 0.000000 0.000000 0.000000 0.000000 
0.000000 0.000000 0.000000 0.000000 0.000000 0.000000 0.000000 0.000000 0.000000 0.000000 0.000000 0.000000 0.000000 0.000000 0.000000 0.000000 0.000000 0.000000 0.000000 0.000000 0.000000 0.000000 0.000000 0.000000 0.000000 0.000000 0.000000 0.000000 0.000000 0.000000 0.000000 0.000000 0.000000 0.000000 0.000000 0.000000 0.000000 0.000000 0.000000 0.000000 0.000000 0.000000 0.000000 0.000000 0.000000 0.000000 0.000000 0.000000 123.392727 123.390757 123.394697 123.398636 123.402576 123.406515 123.410454 123.414394 0.000000 0.000000 0.000000 0.000000 0.000000 0.000000 0.000000 0.000000 0.000000 0.000000 0.000000 0.000000 0.000000 0.000000 0.000000 0.000000 0.000000 0.000000 0.000000 0.000000 0.000000 0.000000 0.000000 0.000000 0.000000 0.000000 0.000000 0.000000 0.000000 0.000000 0.000000 0.000000 0.000000 0.000000 0.000000 0.000000 0.000000 0.000000 0.000000 0.000000 0.000000 0.000000 0.000000 0.000000 0.000000 0.000000 0.000000 0.000000 0.000000 0.000000 0.000000 
