FireSTARR/test/constant/C2_S060_A000_WD270_WS020/arrival.asc
ncols         61
nrows         39
xllcorner     421903.990666
yllcorner     12746855.311160
cellsize      100.000000
NODATA_value  0.000000
[rows 0 to 25 of 39, columns 0 to 57 of 61]
0.000000 0.000000 0.000000 0.000000 0.000000 0.000000 0.000000 0.000000 0.000000 0.000000 0.000000 0.000000 0.000000 0.000000 0.000000 0.000000 0.000000 0.000000 0.000000 0.000000 0.000000 0.000000 0.000000 0.000000 0.000000 0.000000 0.000000 0.000000 0.000000 0.000000 0.000000 0.000000 0.000000 0.000000 123.416667 123.415041 123.415041 123.415041 0.000000 0.000000 0.000000 0.000000 0.000000 0.000000 0.000000 0.000000 0.000000 0.000000 0.000000 0.000000 0.000000 0.000000 0.000000 0.000000 0.000000 0.000000 0.000000 0.000000
0.000000 0.000000 0.000000 0.000000 0.000000 0.000000 0.000000 0.000000 0.000000 0.000000 0.000000 0.000000 0.000000 0.000000 0.000000 0.000000 0.000000 0.000000 0.000000 0.000000 0.000000 0.000000 0.000000 0.000000 0.000000 0.000000 123.416667 123.415041 123.415041 123.410592 123.406143 123.406143 123.401694 123.397245 123.397245 123.397245 123.392796 123.392796 123.397245 123.406143 123.415041 0.000000 0.000000 0.000000 0.000000 0.000000 0.000000 0.000000 0.000000 0.000000 0.000000 0.000000 0.000000 0.000000 0.000000 0.000000 0.000000 0.000000
0.000000 0.000000 0.000000 0.000000 0.000000 0.000000 0.000000 0.000000 0.000000 0.000000 0.000000 0.000000 0.000000 0.000000 0.000000 0.000000 0.000000 0.000000 0.000000 0.000000 0.000000 0.000000 123.415041 123.410592 123.410592 123.406143 123.397245 123.397245 123.392796 123.392796 123.388347 123.383898 123.383898 123.379449 123.373374 123.373374 123.373374 123.368925 123.368925 123.379449 123.388347 123.397245 123.406143 123.415041 0.000000 0.000000 0.000000 0.000000 0.000000 0.000000 0.000000 0.000000 0.000000 0.000000 0.000000 0.000000 0.000000 0.000000
0.000000 0.000000 0.000000 0.000000 0.000000 0.000000 0.000000 0.000000 0.000000 0.000000 0.000000 0.000000 0.000000 0.000000 0.000000 0.000000 0.000000 123.415041 123.410592 123.406143 123.401694 123.401694 123.397245 123.392796 123.388347 123.383898 123.383898 123.379449 123.373374 123.368925 123.368925 123.364476 123.360027 123.360027 123.355578 123.351129 123.351129 123.351129 123.346680 123.351129 123.360027 123.368925 123.379449 123.388347 123.397245 123.406143 123.415041 0.000000 0.000000 0.000000 0.000000 0.000000 0.000000 0.000000 0.000000 0.000000 0.000000 0.000000
0.000000 0.000000 0.000000 0.000000 0.000000 0.000000 0.000000 0.000000 0.000000 0.000000 0.000000 0.000000 123.415041 123.410592 123.410592 123.406143 123.401694 123.397245 123.392796 123.388347 123.383898 123.379449 123.379449 123.373374 123.368925 123.364476 123.364476 123.360027 123.355578 123.351129 123.346680 123.342231 123.342231 123.337782 123.337782 123.331707 123.331707 123.327258 123.322809 123.322809 123.331707 123.342231 123.351129 123.360027 123.368925 123.379449 123.388347 123.397245 123.410592 0.000000 0.000000 0.000000 0.000000 0.000000 0.000000 0.000000 0.000000 0.000000
0.000000 0.000000 0.000000 0.000000 0.000000 0.000000 0.000000 0.000000 123.416667 123.410592 123.401694 123.397245 123.397245 123.392796 123.388347 123.383898 123.383898 123.379449 123.373374 123.368925 123.364476 123.360027 123.355578 123.355578 123.351129 123.346680 123.342231 123.342231 123.333333 123.331707 123.327258 123.322809 123.322809 123.318361 123.313912 123.313912 123.309463 123.309463 123.305014 123.300565 123.305014 123.313912 123.322809 123.331707 123.342231 123.351129 123.360027 123.368925 123.383898 123.401694 123.415041 0.000000 0.000000 0.000000 0.000000 0.000000 0.000000 0.000000
0.000000 0.000000 0.000000 0.000000 0.000000 0.000000 0.000000 0.000000 123.410592 123.401694 123.392796 123.383898 123.375000 123.368925 123.368925 123.364476 123.360027 123.355578 123.355578 123.351129 123.346680 123.342231 123.337782 123.331707 123.331707 123.327258 123.322809 123.318361 123.318361 123.309463 123.309463 123.305014 123.300565 123.296116 123.296116 123.290041 123.290041 123.285592 123.285592 123.281143 123.281143 123.285592 123.296116 123.305014 123.313912 123.322809 123.331707 123.342231 123.355578 123.373374 123.388347 123.406143 0.000000 0.000000 0.000000 0.000000 0.000000 0.000000
0.000000 0.000000 0.000000 0.000000 0.000000 0.000000 0.000000 123.415041 123.406143 123.397245 123.388347 123.379449 123.368925 123.360027 123.351129 123.346680 123.342231 123.337782 123.331707 123.331707 123.327258 123.322809 123.318361 123.313912 123.309463 123.309463 123.305014 123.300565 123.296116 123.291667 123.290041 123.285592 123.281143 123.276694 123.272245 123.272245 123.267796 123.267796 123.263347 123.258898 123.258898 123.258898 123.267796 123.276694 123.285592 123.296116 123.305014 123.313912 123.327258 123.342231 123.360027 123.379449 123.397245 123.410592 0.000000 0.000000 0.000000 0.000000
0.000000 0.000000 0.000000 0.000000 0.000000 0.000000 123.416667 123.410592 123.401694 123.392796 123.383898 123.373374 123.364476 123.355578 123.346680 123.337782 123.331707 123.322809 123.313912 123.309463 123.309463 123.305014 123.300565 123.296116 123.290041 123.285592 123.285592 123.281143 123.276694 123.272245 123.272245 123.267796 123.263347 123.258898 123.254449 123.250000 123.248374 123.243925 123.243925 123.239476 123.239476 123.235027 123.239476 123.248374 123.258898 123.267796 123.276694 123.285592 123.300565 123.318361 123.331707 123.351129 123.368925 123.383898 123.406143 0.000000 0.000000 0.000000
0.000000 0.000000 0.000000 0.000000 0.000000 0.000000 123.415041 123.406143 123.397245 123.388347 123.379449 123.368925 123.360027 123.351129 123.342231 123.331707 123.322809 123.313912 123.305014 123.296116 123.290041 123.281143 123.281143 123.276694 123.267796 123.267796 123.263347 123.263347 123.258898 123.254449 123.248374 123.243925 123.243925 123.239476 123.235027 123.230578 123.226129 123.226129 123.221680 123.221680 123.217231 123.212782 123.212782 123.221680 123.230578 123.239476 123.248374 123.258898 123.272245 123.290041 123.305014 123.322809 123.342231 123.355578 123.388347 0.000000 0.000000 0.000000
0.000000 0.000000 0.000000 0.000000 0.000000 123.416667 123.410592 123.401694 123.392796 123.383898 123.373374 123.364476 123.355578 123.346680 123.337782 123.327258 123.318361 123.309463 123.300565 123.291667 123.285592 123.276694 123.267796 123.258898 123.250000 123.248374 123.243925 123.239476 123.239476 123.235027 123.230578 123.226129 123.221680 123.221680 123.217231 123.212782 123.206707 123.206707 123.202258 123.197809 123.197809 123.193361 123.188912 123.193361 123.202258 123.212782 123.221680 123.230578 123.243925 123.263347 123.276694 123.296116 123.313912 123.337782 123.368925 123.401694 0.000000 0.000000
0.000000 0.000000 0.000000 0.000000 0.000000 123.410592 123.401694 123.392796 123.383898 123.375000 123.368925 123.360027 123.351129 123.342231 123.331707 123.322809 123.313912 123.305014 123.296116 123.285592 123.276694 123.267796 123.258898 123.250000 123.243925 123.235027 123.226129 123.221680 123.217231 123.217231 123.212782 123.206707 123.202258 123.197809 123.197809 123.193361 123.188912 123.184463 123.180014 123.180014 123.175565 123.175565 123.166667 123.166667 123.175565 123.184463 123.193361 123.202258 123.217231 123.235027 123.248374 123.267796 123.285592 123.318361 123.351129 123.383898 123.415041 0.000000
0.000000 0.000000 0.000000 0.000000 123.415041 123.406143 123.397245 123.388347 123.379449 123.368925 123.360027 123.351129 123.342231 123.333333 123.327258 123.318361 123.309463 123.300565 123.290041 123.281143 123.272245 123.263347 123.254449 123.248374 123.239476 123.230578 123.221680 123.212782 123.202258 123.193361 123.188912 123.188912 123.184463 123.180014 123.175565 123.175565 123.171116 123.165041 123.160592 123.156143 123.156143 123.151694 123.151694 123.147245 123.147245 123.156143 123.165041 123.175565 123.188912 123.206707 123.221680 123.239476 123.267796 123.300565 123.331707 123.364476 123.397245 0.000000
0.000000 0.000000 0.000000 0.000000 123.410592 123.401694 123.392796 123.383898 123.373374 123.364476 123.355578 123.346680 123.337782 123.331707 123.322809 123.313912 123.305014 123.296116 123.285592 123.276694 123.267796 123.258898 123.248374 123.239476 123.230578 123.221680 123.212782 123.206707 123.197809 123.188912 123.180014 123.171116 123.165041 123.160592 123.156143 123.151694 123.151694 123.147245 123.142796 123.138347 123.133898 123.129449 123.129449 123.123374 123.123374 123.129449 123.138347 123.147245 123.160592 123.180014 123.193361 123.217231 123.248374 123.281143 123.313912 123.346680 123.379449 123.410592
0.000000 0.000000 0.000000 123.415041 123.406143 123.397245 123.388347 123.379449 123.368925 123.360027 123.351129 123.342231 123.331707 123.322809 123.313912 123.305014 123.296116 123.290041 123.281143 123.272245 123.263347 123.254449 123.243925 123.235027 123.226129 123.217231 123.206707 123.197809 123.188912 123.180014 123.171116 123.165041 123.156143 123.147245 123.138347 123.133898 123.129449 123.125000 123.123374 123.118925 123.114476 123.110027 123.110027 123.105578 123.101129 123.101129 123.110027 123.118925 123.133898 123.151694 123.166667 123.197809 123.230578 123.263347 123.296116 123.327258 123.360027 123.392796
0.000000 0.000000 123.415041 123.406143 123.397245 123.388347 123.379449 123.373374 123.364476 123.355578 123.346680 123.337782 123.327258 123.318361 123.309463 123.300565 123.291667 123.285592 123.276694 123.267796 123.258898 123.248374 123.239476 123.230578 123.221680 123.212782 123.202258 123.193361 123.184463 123.175565 123.166667 123.160592 123.151694 123.142796 123.133898 123.123374 123.114476 123.105578 123.101129 123.101129 123.096680 123.092231 123.087782 123.083333 123.081707 123.077258 123.081707 123.092231 123.105578 123.123374 123.147245 123.180014 123.208333 123.243925 123.276694 123.309463 123.337782 123.373374
0.000000 0.000000 123.410592 123.401694 123.392796 123.383898 123.375000 123.368925 123.360027 123.351129 123.342231 123.331707 123.322809 123.313912 123.305014 123.296116 123.285592 123.276694 123.267796 123.258898 123.250000 123.243925 123.235027 123.226129 123.217231 123.206707 123.197809 123.188912 123.180014 123.171116 123.160592 123.151694 123.142796 123.133898 123.125000 123.118925 123.110027 123.101129 123.092231 123.081707 123.072809 123.072809 123.068361 123.063912 123.059463 123.055014 123.055014 123.063912 123.077258 123.096680 123.125000 123.160592 123.193361 123.221680 123.254449 123.290041 123.322809 123.351129
0.000000 123.415041 123.406143 123.397245 123.388347 123.379449 123.368925 123.360027 123.351129 123.342231 123.333333 123.327258 123.318361 123.309463 123.300565 123.290041 123.281143 123.272245 123.263347 123.254449 123.248374 123.239476 123.230578 123.221680 123.212782 123.202258 123.193361 123.184463 123.175565 123.165041 123.156143 123.147245 123.138347 123.129449 123.123374 123.114476 123.105578 123.096680 123.087782 123.077258 123.068361 123.059463 123.050565 123.041667 123.040041 123.035592 123.035592 123.040041 123.050565 123.077258 123.110027 123.138347 123.171116 123.206707 123.239476 123.267796 123.300565 123.333333
123.416667 123.410592 123.401694 123.392796 123.383898 123.373374 123.364476 123.355578 123.346680 123.337782 123.331707 123.322809 123.313912 123.305014 123.296116 123.285592 123.276694 123.267796 123.258898 123.248374 123.239476 123.230578 123.221680 123.212782 123.206707 123.197809 123.188912 123.180014 123.171116 123.160592 123.151694 123.142796 123.133898 123.123374 123.114476 123.105578 123.096680 123.087782 123.081707 123.072809 123.063912 123.055014 123.046116 123.035592 123.026694 123.017796 123.013347 123.013347 123.026694 123.055014 123.087782 123.123374 123.151694 123.184463 123.217231 123.250000 123.281143 123.313912
123.415041 123.406143 123.397245 123.388347 123.379449 123.373374 123.364476 123.355578 123.346680 123.337782 123.327258 123.318361 123.309463 123.300565 123.291667 123.285592 123.276694 123.267796 123.258898 123.248374 123.239476 123.230578 123.221680 123.212782 123.202258 123.193361 123.184463 123.175565 123.166667 123.160592 123.151694 123.142796 123.133898 123.123374 123.114476 123.105578 123.096680 123.087782 123.077258 123.068361 123.059463 123.050565 123.041667 123.035592 123.026694 123.017796 123.008898 123.000000 123.017796 123.050565 123.081707 123.114476 123.147245 123.180014 123.212782 123.243925 123.276694 123.309463
0.000000 123.410592 123.401694 123.392796 123.383898 123.373374 123.364476 123.355578 123.346680 123.337782 123.331707 123.322809 123.313912 123.305014 123.296116 123.285592 123.276694 123.267796 123.258898 123.248374 123.239476 123.230578 123.221680 123.212782 123.206707 123.197809 123.188912 123.180014 123.171116 123.160592 123.151694 123.142796 123.133898 123.125000 123.118925 123.110027 123.101129 123.092231 123.081707 123.072809 123.063912 123.055014 123.046116 123.035592 123.026694 123.017796 123.013347 123.013347 123.026694 123.059463 123.092231 123.123374 123.156143 123.188912 123.221680 123.254449 123.285592 123.318361
0.000000 123.415041 123.406143 123.397245 123.388347 123.379449 123.373374 123.364476 123.355578 123.346680 123.337782 123.327258 123.318361 123.309463 123.300565 123.290041 123.281143 123.272245 123.263347 123.254449 123.248374 123.239476 123.230578 123.221680 123.212782 123.202258 123.193361 123.184463 123.175565 123.165041 123.156143 123.147245 123.138347 123.129449 123.123374 123.114476 123.105578 123.096680 123.087782 123.077258 123.068361 123.059463 123.050565 123.046116 123.041667 123.040041 123.035592 123.040041 123.055014 123.077258 123.110027 123.142796 123.175565 123.206707 123.239476 123.272245 123.305014 123.337782
0.000000 0.000000 123.410592 123.401694 123.392796 123.383898 123.375000 123.368925 123.360027 123.351129 123.342231 123.331707 123.322809 123.313912 123.305014 123.296116 123.285592 123.276694 123.267796 123.258898 123.250000 123.243925 123.235027 123.226129 123.217231 123.206707 123.197809 123.188912 123.180014 123.171116 123.165041 123.156143 123.147245 123.138347 123.129449 123.118925 123.110027 123.101129 123.092231 123.081707 123.077258 123.072809 123.068361 123.068361 123.063912 123.059463 123.059463 123.068361 123.081707 123.096680 123.129449 123.160592 123.193361 123.226129 123.258898 123.290041 123.322809 123.355578
0.000000 0.000000 123.416667 123.410592 123.401694 123.392796 123.383898 123.373374 123.364476 123.355578 123.346680 123.337782 123.327258 123.318361 123.309463 123.300565 123.291667 123.285592 123.276694 123.267796 123.258898 123.248374 123.239476 123.230578 123.221680 123.212782 123.202258 123.193361 123.184463 123.175565 123.166667 123.160592 123.151694 123.142796 123.133898 123.123374 123.114476 123.105578 123.105578 123.101129 123.096680 123.092231 123.092231 123.087782 123.081707 123.081707 123.087782 123.096680 123.110027 123.125000 123.147245 123.180014 123.212782 123.243925 123.276694 123.309463 123.342231 123.373374
0.000000 0.000000 0.000000 123.415041 123.406143 123.397245 123.388347 123.379449 123.368925 123.360027 123.351129 123.342231 123.333333 123.327258 123.318361 123.309463 123.300565 123.290041 123.281143 123.272245 123.263347 123.254449 123.243925 123.235027 123.226129 123.217231 123.208333 123.202258 123.193361 123.184463 123.175565 123.165041 123.156143 123.147245 123.138347 123.133898 123.133898 123.129449 123.123374 123.118925 123.114476 123.114476 123.110027 123.105578 123.105578 123.105578 123.118925 123.123374 123.138347 123.151694 123.171116 123.202258 123.230578 123.263347 123.296116 123.327258 123.360027 123.392796
0.000000 0.000000 0.000000 0.000000 123.410592 123.401694 123.392796 123.383898 123.373374 123.364476 123.355578 123.346680 123.337782 123.331707 123.322809 123.313912 123.305014 123.296116 123.285592 123.276694 123.267796 123.258898 123.248374 123.239476 123.230578 123.221680 123.212782 123.206707 123.197809 123.188912 123.180014 123.171116 123.165041 123.160592 123.160592 123.156143 123.151694 123.147245 123.142796 123.138347 123.138347 123.133898 123.129449 123.125000 123.125000 123.133898 123.142796 123.151694 123.165041 123.180014 123.197809 123.217231 123.250000 123.285592 123.313912 123.346680 123.379449 123.415041
