FireSTARR/test/constant/M1M225PC_S000_A000_WD315_WS020/arrival.asc
ncols         23
nrows         22
xllcorner     426403.990666
yllcorner     12746855.311160
cellsize      100.000000
NODATA_value  0.000000
0.000000 123.416667 123.321849 123.329394 123.397636 0.000000 0.000000 0.000000 0.000000 0.000000 0.000000 0.000000 0.000000 0.000000 0.000000 0.000000 0.000000 0.000000 0.000000 0.000000 0.000000 0.000000 0.000000 
0.000000 123.189303 123.105970 123.125000 123.196849 123.265091 123.333333 123.397636 0.000000 0.000000 0.000000 0.000000 0.000000 0.000000 0.000000 0.000000 0.000000 0.000000 0.000000 0.000000 0.000000 0.000000 0.000000 
123.348424 123.125000 123.000000 123.015091 123.056758 123.125000 123.189303 123.257545 123.329394 123.397636 0.000000 0.000000 0.000000 0.000000 0.000000 0.000000 0.000000 0.000000 0.000000 0.000000 0.000000 0.000000 0.000000 
123.355970 123.155182 123.015091 123.015091 123.037727 123.064303 123.105970 123.174212 123.238515 123.314303 123.375000 0.000000 0.000000 0.000000 0.000000 0.000000 0.000000 0.000000 0.000000 0.000000 0.000000 0.000000 0.000000 
0.000000 123.230970 123.071849 123.041667 123.037727 123.056758 123.098424 123.125000 123.155182 123.223424 123.291667 123.355970 0.000000 0.000000 0.000000 0.000000 0.000000 0.000000 0.000000 0.000000 0.000000 0.000000 0.000000 
0.000000 123.291667 123.140091 123.071849 123.056758 123.056758 123.079394 123.105970 123.140091 123.181758 123.208333 123.272636 123.348424 123.412727 0.000000 0.000000 0.000000 0.000000 0.000000 0.000000 0.000000 0.000000 0.000000 
0.000000 123.363515 123.208333 123.121061 123.098424 123.079394 123.079394 123.098424 123.132545 123.162727 123.204394 123.238515 123.265091 123.321849 123.397636 0.000000 0.000000 0.000000 0.000000 0.000000 0.000000 0.000000 0.000000 
0.000000 0.000000 123.280182 123.189303 123.125000 123.113515 123.105970 123.098424 123.121061 123.155182 123.189303 123.223424 123.257545 123.287727 123.321849 123.375000 0.000000 0.000000 0.000000 0.000000 0.000000 0.000000 0.000000 
0.000000 0.000000 123.348424 123.257545 123.166667 123.155182 123.140091 123.121061 123.121061 123.140091 123.174212 123.204394 123.238515 123.272636 123.314303 123.348424 123.382545 0.000000 0.000000 0.000000 0.000000 0.000000 0.000000 
0.000000 0.000000 123.416667 123.329394 123.238515 123.181758 123.174212 123.155182 123.147636 123.140091 123.162727 123.196849 123.230970 123.265091 123.299212 123.329394 123.363515 123.397636 0.000000 0.000000 0.000000 0.000000 0.000000 
0.000000 0.000000 0.000000 123.397636 123.306758 123.223424 123.208333 123.189303 123.181758 123.166667 123.162727 123.181758 123.215879 123.246061 123.280182 123.314303 123.348424 123.390091 0.000000 0.000000 0.000000 0.000000 0.000000 
0.000000 0.000000 0.000000 0.000000 123.375000 123.291667 123.238515 123.223424 123.208333 123.204394 123.189303 123.189303 123.204394 123.238515 123.272636 123.306758 123.333333 123.371061 123.405182 0.000000 0.000000 0.000000 0.000000 
0.000000 0.000000 0.000000 0.000000 0.000000 123.363515 123.280182 123.257545 123.246061 123.230970 123.223424 123.208333 123.204394 123.223424 123.257545 123.287727 123.321849 123.355970 123.390091 0.000000 0.000000 0.000000 0.000000 
0.000000 0.000000 0.000000 0.000000 0.000000 0.000000 123.340879 123.291667 123.280182 123.265091 123.246061 123.246061 123.230970 123.230970 123.246061 123.280182 123.314303 123.348424 123.382545 123.412727 0.000000 0.000000 0.000000 
0.000000 0.000000 0.000000 0.000000 0.000000 0.000000 123.412727 123.329394 123.314303 123.306758 123.287727 123.272636 123.272636 123.250000 123.250000 123.272636 123.306758 123.333333 123.371061 123.397636 0.000000 0.000000 0.000000 
0.000000 0.000000 0.000000 0.000000 0.000000 0.000000 0.000000 123.397636 123.355970 123.329394 123.321849 123.306758 123.287727 123.287727 123.272636 123.272636 123.287727 123.321849 123.355970 123.382545 123.416667 0.000000 0.000000 
0.000000 0.000000 0.000000 0.000000 0.000000 0.000000 0.000000 0.000000 123.382545 123.371061 123.363515 123.340879 123.321849 123.314303 123.306758 123.291667 123.291667 123.314303 123.348424 123.375000 123.405182 0.000000 0.000000 
0.000000 0.000000 0.000000 0.000000 0.000000 0.000000 0.000000 0.000000 0.000000 123.405182 123.390091 123.371061 123.355970 123.348424 123.333333 123.329394 123.314303 123.314303 123.333333 123.363515 123.397636 0.000000 0.000000 
0.000000 0.000000 0.000000 0.000000 0.000000 0.000000 0.000000 0.000000 0.000000 0.000000 0.000000 123.412727 123.397636 123.382545 123.363515 123.355970 123.348424 123.340879 123.333333 123.355970 123.382545 123.416667 0.000000 
0.000000 0.000000 0.000000 0.000000 0.000000 0.000000 0.000000 0.000000 0.000000 0.000000 0.000000 0.000000 0.000000 0.000000 123.397636 123.390091 123.375000 123.371061 123.363515 123.355970 123.375000 123.405182 0.000000 
0.000000 0.000000 0.000000 0.000000 0.000000 0.000000 0.000000 0.000000 0.000000 0.000000 0.000000 0.000000 0.000000 0.000000 0.000000 0.000000 123.405182 123.397636 123.390091 123.382545 123.375000 123.397636 0.000000 
0.000000 0.000000 0.000000 0.000000 0.000000 0.000000 0.000000 0.000000 0.000000 0.000000 0.000000 0.000000 0.000000 0.000000 0.000000 0.000000 0.000000 0.000000 123.416667 123.412727 123.405182 123.397636 123.416667 
