FireSTARR/test/constant/C2_S060_A180_WD180_WS020/arrival.asc
ncols         187
nrows         131
xllcorner     426403.990666
yllcorner     12748355.311160
cellsize      100.000000
NODATA_value  0.000000
[rows 27 to 53 of 131, columns 120 to 179 of 187]
0.000000 0.000000 0.000000 0.000000 0.000000 0.000000 0.000000 0.000000 0.000000 0.000000 0.000000 123.416532 123.409463 123.403277 123.395324 123.390906 123.379418 123.366913 123.362494 123.356309 123.351890 123.342170 123.340403 123.338635 123.332315 123.325246 123.325246 123.327897 123.333199 123.338635 123.343054 123.348356 123.352774 123.358076 123.363378 123.368680 123.373098 123.378535 123.383837 123.388255 123.393557 123.398859 123.403277 123.408579 123.412998 0.000000 0.000000 0.000000 0.000000 0.000000 0.000000 0.000000 0.000000 0.000000 0.000000 0.000000 0.000000 0.000000 0.000000 0.000000
0.000000 0.000000 0.000000 0.000000 0.000000 0.000000 0.000000 0.000000 0.000000 0.000000 123.412114 123.405045 123.398859 123.387371 123.382069 123.368680 123.358960 123.353658 123.352774 123.347472 123.337752 123.335984 123.335101 123.328781 123.321711 123.323479 123.327013 123.331432 123.335984 123.341286 123.347472 123.352774 123.357192 123.362494 123.366913 123.372215 123.377651 123.381186 123.387371 123.392673 123.397092 123.402394 123.407696 123.412114 0.000000 0.000000 0.000000 0.000000 0.000000 0.000000 0.000000 0.000000 0.000000 0.000000 0.000000 0.000000 0.000000 0.000000 0.000000 0.000000
0.000000 0.000000 0.000000 0.000000 0.000000 0.000000 0.000000 0.000000 123.414765 123.408579 123.401510 123.390022 123.379418 123.375884 123.366029 123.355425 123.349239 123.349239 123.336868 123.334217 123.333199 123.327013 123.318177 123.318177 123.320828 123.325246 123.330548 123.335101 123.341286 123.344821 123.351007 123.356309 123.359843 123.366913 123.371331 123.374866 123.380302 123.386488 123.390906 123.396208 123.401510 123.405928 123.411230 123.416532 0.000000 0.000000 0.000000 0.000000 0.000000 0.000000 0.000000 0.000000 0.000000 0.000000 0.000000 0.000000 0.000000 0.000000 0.000000 0.000000
0.000000 0.000000 0.000000 0.000000 0.000000 0.000000 0.000000 123.406812 123.397975 123.395324 123.382953 123.372215 123.364262 123.354541 123.351007 123.345705 123.340403 123.331432 123.329664 123.327897 123.324362 123.314642 123.316409 123.319060 123.323479 123.329664 123.335101 123.340403 123.343937 123.350123 123.355425 123.358960 123.363378 123.369564 123.373982 123.380302 123.385604 123.389139 123.395324 123.400626 123.405045 123.410347 123.415649 0.000000 0.000000 0.000000 0.000000 0.000000 0.000000 0.000000 0.000000 0.000000 0.000000 0.000000 0.000000 0.000000 0.000000 0.000000 0.000000 0.000000
0.000000 0.000000 0.000000 0.000000 0.000000 123.415649 123.402394 123.393557 123.385604 123.373982 123.365145 123.356309 123.348356 123.343054 123.336868 123.331432 123.327897 123.326130 123.324362 123.311991 123.311991 123.313758 123.318177 123.323479 123.328781 123.334217 123.338635 123.343937 123.349239 123.353658 123.359843 123.364262 123.368680 123.373982 123.379418 123.384720 123.389139 123.394441 123.398859 123.404161 123.409463 123.414765 0.000000 0.000000 0.000000 0.000000 0.000000 0.000000 0.000000 0.000000 0.000000 0.000000 0.000000 0.000000 0.000000 0.000000 0.000000 0.000000 0.000000 0.000000
0.000000 0.000000 123.416532 123.416532 123.404161 123.393557 123.390022 123.382069 123.366029 123.360727 123.353658 123.344821 123.339519 123.331432 123.324362 123.323479 123.322595 123.316409 123.308456 123.309340 123.311991 123.317293 123.322595 123.327897 123.333199 123.337752 123.343054 123.348356 123.352774 123.357192 123.362494 123.367796 123.373098 123.378535 123.382953 123.388255 123.393557 123.397975 123.403277 123.408579 123.412998 0.000000 0.000000 0.000000 0.000000 0.000000 0.000000 0.000000 0.000000 0.000000 0.000000 0.000000 0.000000 0.000000 0.000000 0.000000 0.000000 0.000000 0.000000 0.000000
0.000000 123.412998 123.406812 123.395324 123.386488 123.381186 123.373098 123.358076 123.354541 123.341286 123.335984 123.335101 123.327897 123.320828 123.319944 123.317293 123.305805 123.304922 123.307573 123.311107 123.316409 123.322595 123.327013 123.332315 123.336868 123.341286 123.347472 123.352774 123.357192 123.362494 123.366913 123.372215 123.376767 123.381186 123.387371 123.391790 123.397092 123.402394 123.407696 123.412114 0.000000 0.000000 0.000000 0.000000 0.000000 0.000000 0.000000 0.000000 0.000000 0.000000 0.000000 0.000000 0.000000 0.000000 0.000000 0.000000 0.000000 0.000000 0.000000 0.000000
123.409463 123.402394 123.391790 123.383837 123.372215 123.363378 123.352774 123.346588 123.337752 123.332315 123.326130 123.318177 123.318177 123.316409 123.311107 123.302271 123.302271 123.304922 123.310224 123.316409 123.320828 123.326130 123.331432 123.335984 123.341286 123.346588 123.350123 123.356309 123.360727 123.366029 123.371331 123.374866 123.381186 123.386488 123.390906 123.396208 123.399743 123.405928 123.411230 123.415649 0.000000 0.000000 0.000000 0.000000 0.000000 0.000000 0.000000 0.000000 0.000000 0.000000 0.000000 0.000000 0.000000 0.000000 0.000000 0.000000 0.000000 0.000000 0.000000 0.000000
123.393557 123.380302 123.376767 123.366913 123.361611 123.348356 123.335984 123.334217 123.328781 123.322595 123.314642 123.312875 123.311991 123.299620 123.298736 123.300503 123.304038 123.310224 123.313758 123.319944 123.325246 123.328781 123.335101 123.340403 123.345705 123.350123 123.355425 123.360727 123.365145 123.369564 123.374866 123.380302 123.384720 123.390022 123.395324 123.398859 123.405045 123.410347 123.414765 0.000000 0.000000 0.000000 0.000000 0.000000 0.000000 0.000000 0.000000 0.000000 0.000000 0.000000 0.000000 0.000000 0.000000 0.000000 0.000000 0.000000 0.000000 0.000000 0.000000 0.000000
123.376767 123.373098 123.360727 123.349239 123.339519 123.330548 123.325246 123.320828 123.311991 123.311107 123.309340 123.304922 123.295201 123.296085 123.297852 123.304038 123.308456 123.312875 123.319060 123.323479 123.327897 123.333333 123.337752 123.343054 123.349239 123.354541 123.358076 123.364262 123.369564 123.373982 123.379418 123.383837 123.389139 123.393557 123.398859 123.404161 123.409463 123.413881 0.000000 0.000000 0.000000 0.000000 0.000000 0.000000 0.000000 0.000000 0.000000 0.000000 0.000000 0.000000 0.000000 0.000000 0.000000 0.000000 0.000000 0.000000 0.000000 0.000000 0.000000 0.000000
123.363378 123.356309 123.346588 123.336868 123.327897 123.321711 123.318177 123.308456 123.306689 123.304038 123.298736 123.291532 123.293434 123.297852 123.303154 123.307573 123.312875 123.318177 123.322595 123.327897 123.333199 123.336868 123.343054 123.348356 123.353658 123.358076 123.363378 123.367796 123.373098 123.378535 123.382953 123.388255 123.392673 123.397975 123.403277 123.407696 123.412998 0.000000 0.000000 0.000000 0.000000 0.000000 0.000000 0.000000 0.000000 0.000000 0.000000 0.000000 0.000000 0.000000 0.000000 0.000000 0.000000 0.000000 0.000000 0.000000 0.000000 0.000000 0.000000 0.000000
123.348356 123.335984 123.324362 123.319060 123.318177 123.306689 123.304922 123.303154 123.296085 123.288881 123.288881 123.291532 123.296969 123.301387 123.306689 123.311991 123.316409 123.321711 123.327013 123.331432 123.336868 123.342170 123.345705 123.351007 123.357192 123.362494 123.366913 123.372215 123.376767 123.382069 123.387371 123.391790 123.397092 123.402394 123.407696 123.412114 0.000000 0.000000 0.000000 0.000000 0.000000 0.000000 0.000000 0.000000 0.000000 0.000000 0.000000 0.000000 0.000000 0.000000 0.000000 0.000000 0.000000 0.000000 0.000000 0.000000 0.000000 0.000000 0.000000 0.000000
123.331432 123.319944 123.314642 123.309340 123.301387 123.299620 123.297852 123.292550 123.285347 123.287114 123.290649 123.296085 123.301387 123.305805 123.311107 123.316409 123.320828 123.326130 123.331432 123.336868 123.341286 123.344821 123.351007 123.356309 123.360727 123.366029 123.371331 123.375884 123.381186 123.385604 123.390906 123.396208 123.401510 123.405045 123.411230 123.415649 0.000000 0.000000 0.000000 0.000000 0.000000 0.000000 0.000000 0.000000 0.000000 0.000000 0.000000 0.000000 0.000000 0.000000 0.000000 0.000000 0.000000 0.000000 0.000000 0.000000 0.000000 0.000000 0.000000 0.000000
123.314642 123.311991 123.300503 123.297852 123.296085 123.290649 123.281812 123.282696 123.284463 123.289765 123.294318 123.299620 123.304922 123.309340 123.315526 123.319944 123.325246 123.329664 123.333199 123.339519 123.344821 123.350123 123.354541 123.359843 123.365145 123.370447 123.374866 123.380302 123.384720 123.390022 123.395324 123.400626 123.405045 123.410347 123.415649 0.000000 0.000000 0.000000 0.000000 0.000000 0.000000 0.000000 0.000000 0.000000 0.000000 0.000000 0.000000 0.000000 0.000000 0.000000 0.000000 0.000000 0.000000 0.000000 0.000000 0.000000 0.000000 0.000000 0.000000 0.000000
123.304038 123.295201 123.293434 123.293434 123.286230 123.279161 123.280045 123.282696 123.288881 123.294318 123.297852 123.302271 123.308456 123.312875 123.319060 123.324362 123.329664 123.334217 123.339519 123.343937 123.350123 123.352774 123.358960 123.364262 123.368680 123.373982 123.379418 123.383837 123.389139 123.393557 123.398859 123.404161 123.408579 123.413881 0.000000 0.000000 0.000000 0.000000 0.000000 0.000000 0.000000 0.000000 0.000000 0.000000 0.000000 0.000000 0.000000 0.000000 0.000000 0.000000 0.000000 0.000000 0.000000 0.000000 0.000000 0.000000 0.000000 0.000000 0.000000 0.000000
123.291532 123.289765 123.286230 123.275626 123.275626 123.277394 123.282696 123.287998 123.292550 123.296969 123.303154 123.306689 123.312875 123.318177 123.321711 123.327013 123.333199 123.337752 123.343054 123.347472 123.352774 123.358076 123.363378 123.367796 123.373098 123.377651 123.382953 123.387371 123.391790 123.397975 123.403277 123.408579 123.412998 0.000000 0.000000 0.000000 0.000000 0.000000 0.000000 0.000000 0.000000 0.000000 0.000000 0.000000 0.000000 0.000000 0.000000 0.000000 0.000000 0.000000 0.000000 0.000000 0.000000 0.000000 0.000000 0.000000 0.000000 0.000000 0.000000 0.000000
123.286230 123.280928 123.272092 123.272975 123.275626 123.281812 123.287114 123.291532 123.296085 123.301387 123.306689 123.311991 123.316409 123.320828 123.327013 123.332315 123.335984 123.342170 123.347472 123.351890 123.357192 123.361611 123.366913 123.372215 123.376767 123.382069 123.386488 123.391790 123.397092 123.402394 123.406812 123.412114 123.416532 0.000000 0.000000 0.000000 0.000000 0.000000 0.000000 0.000000 0.000000 0.000000 0.000000 0.000000 0.000000 0.000000 0.000000 0.000000 0.000000 0.000000 0.000000 0.000000 0.000000 0.000000 0.000000 0.000000 0.000000 0.000000 0.000000 0.000000
123.269441 123.268557 123.271208 123.275626 123.280928 123.285347 123.290649 123.295201 123.300503 123.305805 123.311107 123.314642 123.320828 123.326130 123.330548 123.335984 123.341286 123.345705 123.351007 123.356309 123.360727 123.366029 123.371331 123.375884 123.380302 123.385604 123.390906 123.396208 123.401510 123.405928 123.411230 123.415649 0.000000 0.000000 0.000000 0.000000 0.000000 0.000000 0.000000 0.000000 0.000000 0.000000 0.000000 0.000000 0.000000 0.000000 0.000000 0.000000 0.000000 0.000000 0.000000 0.000000 0.000000 0.000000 0.000000 0.000000 0.000000 0.000000 0.000000 0.000000
123.266790 123.268557 123.274743 123.280045 123.284463 123.289765 123.295201 123.299620 123.304922 123.309340 123.314642 123.319944 123.325246 123.328781 123.335101 123.340403 123.344821 123.350123 123.354541 123.359843 123.365145 123.369564 123.374866 123.380302 123.384720 123.390022 123.395324 123.399743 123.405045 123.409463 123.414765 0.000000 0.000000 0.000000 0.000000 0.000000 0.000000 0.000000 0.000000 0.000000 0.000000 0.000000 0.000000 0.000000 0.000000 0.000000 0.000000 0.000000 0.000000 0.000000 0.000000 0.000000 0.000000 0.000000 0.000000 0.000000 0.000000 0.000000 0.000000 0.000000
123.268557 123.273859 123.278277 123.283579 123.287998 123.294318 123.298736 123.304038 123.309340 123.313758 123.319060 123.323479 123.328781 123.333333 123.338635 123.343937 123.348356 123.353658 123.358960 123.364262 123.368680 123.373982 123.378535 123.383837 123.389139 123.394441 123.398859 123.404161 123.408579 123.413881 0.000000 0.000000 0.000000 0.000000 0.000000 0.000000 0.000000 0.000000 0.000000 0.000000 0.000000 0.000000 0.000000 0.000000 0.000000 0.000000 0.000000 0.000000 0.000000 0.000000 0.000000 0.000000 0.000000 0.000000 0.000000 0.000000 0.000000 0.000000 0.000000 0.000000
123.272975 123.277394 123.282696 123.287998 123.292550 123.297852 123.303154 123.307573 123.312875 123.318177 123.322595 123.327897 123.333199 123.337752 123.343054 123.348356 123.352774 123.358076 123.363378 123.367796 123.373098 123.377651 123.382953 123.388255 123.391790 123.397975 123.403277 123.407696 123.412998 0.000000 0.000000 0.000000 0.000000 0.000000 0.000000 0.000000 0.000000 0.000000 0.000000 0.000000 0.000000 0.000000 0.000000 0.000000 0.000000 0.000000 0.000000 0.000000 0.000000 0.000000 0.000000 0.000000 0.000000 0.000000 0.000000 0.000000 0.000000 0.000000 0.000000 0.000000
123.275626 123.281812 123.286230 123.291532 123.296969 123.302271 123.306689 123.311991 123.316409 123.321711 123.327013 123.332315 123.336868 123.342170 123.346588 123.351890 123.357192 123.361611 123.366913 123.372215 123.377651 123.382069 123.387371 123.391790 123.397092 123.401510 123.406812 123.412114 123.416532 0.000000 0.000000 0.000000 0.000000 0.000000 0.000000 0.000000 0.000000 0.000000 0.000000 0.000000 0.000000 0.000000 0.000000 0.000000 0.000000 0.000000 0.000000 0.000000 0.000000 0.000000 0.000000 0.000000 0.000000 0.000000 0.000000 0.000000 0.000000 0.000000 0.000000 0.000000
123.280045 123.286230 123.290649 123.296085 123.300503 123.305805 123.310224 123.315526 123.320828 123.326130 123.330548 123.335984 123.341286 123.345705 123.351007 123.355425 123.360727 123.366029 123.371331 123.375000 123.380302 123.385604 123.390906 123.396208 123.400626 123.405928 123.411230 123.415649 0.000000 0.000000 0.000000 0.000000 0.000000 0.000000 0.000000 0.000000 0.000000 0.000000 0.000000 0.000000 0.000000 0.000000 0.000000 0.000000 0.000000 0.000000 0.000000 0.000000 0.000000 0.000000 0.000000 0.000000 0.000000 0.000000 0.000000 0.000000 0.000000 0.000000 0.000000 0.000000
123.283579 123.288881 123.295201 123.299620 123.304922 123.310224 123.315526 123.319944 123.325246 123.329664 123.335101 123.339519 123.344821 123.350123 123.354541 123.359843 123.365145 123.370447 123.374866 123.378535 123.384720 123.390022 123.394441 123.399743 123.405045 123.409463 123.414765 0.000000 0.000000 0.000000 0.000000 0.000000 0.000000 0.000000 0.000000 0.000000 0.000000 0.000000 0.000000 0.000000 0.000000 0.000000 0.000000 0.000000 0.000000 0.000000 0.000000 0.000000 0.000000 0.000000 0.000000 0.000000 0.000000 0.000000 0.000000 0.000000 0.000000 0.000000 0.000000 0.000000
123.288881 123.293434 123.298736 123.303154 123.307573 123.311991 123.319060 123.324362 123.328781 123.334217 123.338635 123.343937 123.348356 123.353658 123.358960 123.364262 123.368680 123.373098 123.378535 123.383837 123.389139 123.393557 123.398859 123.404161 123.408579 123.413881 0.000000 0.000000 0.000000 0.000000 0.000000 0.000000 0.000000 0.000000 0.000000 0.000000 0.000000 0.000000 0.000000 0.000000 0.000000 0.000000 0.000000 0.000000 0.000000 0.000000 0.000000 0.000000 0.000000 0.000000 0.000000 0.000000 0.000000 0.000000 0.000000 0.000000 0.000000 0.000000 0.000000 0.000000
123.292550 123.297852 123.302271 123.306689 123.312875 123.317293 123.321711 123.327897 123.332315 123.337752 123.343054 123.347472 123.352774 123.358076 123.363378 123.367796 123.373098 123.377651 123.382953 123.387371 123.392673 123.397975 123.402394 123.407696 123.412998 0.000000 0.000000 0.000000 0.000000 0.000000 0.000000 0.000000 0.000000 0.000000 0.000000 0.000000 0.000000 0.000000 0.000000 0.000000 0.000000 0.000000 0.000000 0.000000 0.000000 0.000000 0.000000 0.000000 0.000000 0.000000 0.000000 0.000000 0.000000 0.000000 0.000000 0.000000 0.000000 0.000000 0.000000 0.000000
123.296969 123.300503 123.306689 123.311991 123.315526 123.321711 123.327013 123.331432 123.336868 123.341286 123.346588 123.351890 123.355425 123.361611 123.366913 123.372215 123.376767 123.382069 123.386488 123.391790 123.397092 123.401510 123.406812 123.411230 123.416532 0.000000 0.000000 0.000000 0.000000 0.000000 0.000000 0.000000 0.000000 0.000000 0.000000 0.000000 0.000000 0.000000 0.000000 0.000000 0.000000 0.000000 0.000000 0.000000 0.000000 0.000000 0.000000 0.000000 0.000000 0.000000 0.000000 0.000000 0.000000 0.000000 0.000000 0.000000 0.000000 0.000000 0.000000 0.000000
