FireSTARR/test/constant/C2_S060_A180_WD180_WS020/arrival.asc
ncols         187
nrows         131
xllcorner     426403.990666
yllcorner     12748355.311160
cellsize      100.000000
NODATA_value  0.000000
[rows 81 to 107 of 131, columns 0 to 59 of 187]
0.000000 0.000000 0.000000 0.000000 0.000000 0.000000 0.000000 0.000000 0.000000 0.000000 0.000000 0.000000 0.000000 0.000000 0.000000 0.000000 0.000000 0.000000 0.000000 0.000000 0.000000 0.000000 0.000000 0.000000 0.000000 0.000000 0.000000 0.000000 0.000000 0.000000 0.000000 0.000000 0.000000 0.000000 0.000000 0.000000 0.000000 0.000000 0.000000 0.000000 123.415649 123.400626 123.388255 123.372215 123.365145 123.351890 123.340403 123.327013 123.313758 123.305805 123.291532 123.285347 123.267673 123.260604 123.249866 123.244564 123.233076 123.222472 123.210984 123.202897
0.000000 0.000000 0.000000 0.000000 0.000000 0.000000 0.000000 0.000000 0.000000 0.000000 0.000000 0.000000 0.000000 0.000000 0.000000 0.000000 0.000000 0.000000 0.000000 0.000000 0.000000 0.000000 0.000000 0.000000 0.000000 0.000000 0.000000 0.000000 0.000000 0.000000 0.000000 0.000000 0.000000 0.000000 0.000000 0.000000 0.000000 0.000000 0.000000 123.407696 123.392673 123.382069 123.367796 123.359843 123.343937 123.338635 123.325246 123.307573 123.296085 123.282696 123.272975 123.260604 123.250000 123.241029 123.233076 123.220705 123.218054 123.204664 123.198479 123.191409
0.000000 0.000000 0.000000 0.000000 0.000000 0.000000 0.000000 0.000000 0.000000 0.000000 0.000000 0.000000 0.000000 0.000000 0.000000 0.000000 0.000000 0.000000 0.000000 0.000000 0.000000 0.000000 0.000000 0.000000 0.000000 0.000000 0.000000 0.000000 0.000000 0.000000 0.000000 0.000000 0.000000 0.000000 0.000000 0.000000 0.000000 123.411230 123.397975 123.385604 123.370447 123.358960 123.352774 123.335101 123.326130 123.314642 123.299620 123.287998 123.273859 123.265022 123.256186 123.241913 123.237494 123.226007 123.214519 123.207315 123.201130 123.186991 123.182573 123.179922
0.000000 0.000000 0.000000 0.000000 0.000000 0.000000 0.000000 0.000000 0.000000 0.000000 0.000000 0.000000 0.000000 0.000000 0.000000 0.000000 0.000000 0.000000 0.000000 0.000000 0.000000 0.000000 0.000000 0.000000 0.000000 0.000000 0.000000 0.000000 0.000000 0.000000 0.000000 0.000000 0.000000 0.000000 0.000000 123.412998 123.402394 123.390022 123.376767 123.371331 123.357192 123.343937 123.327897 123.317293 123.304922 123.291667 123.280045 123.271208 123.259720 123.249866 123.233960 123.227774 123.216286 123.210101 123.203781 123.193177 123.181689 123.177271 123.170201 123.159463
0.000000 0.000000 0.000000 0.000000 0.000000 0.000000 0.000000 0.000000 0.000000 0.000000 0.000000 0.000000 0.000000 0.000000 0.000000 0.000000 0.000000 0.000000 0.000000 0.000000 0.000000 0.000000 0.000000 0.000000 0.000000 0.000000 0.000000 0.000000 0.000000 0.000000 0.000000 0.000000 0.000000 0.000000 123.405045 123.393557 123.380302 123.374866 123.358076 123.346588 123.334217 123.327013 123.308456 123.303154 123.285347 123.271208 123.265022 123.250000 123.241029 123.231309 123.220705 123.208199 123.205548 123.193177 123.188758 123.178154 123.171969 123.161230 123.150626 123.142673
0.000000 0.000000 0.000000 0.000000 0.000000 0.000000 0.000000 0.000000 0.000000 0.000000 0.000000 0.000000 0.000000 0.000000 0.000000 0.000000 0.000000 0.000000 0.000000 0.000000 0.000000 0.000000 0.000000 0.000000 0.000000 0.000000 0.000000 0.000000 0.000000 0.000000 0.000000 0.000000 123.412114 123.396208 123.386488 123.371331 123.363378 123.350123 123.337752 123.328781 123.315526 123.305805 123.294318 123.283579 123.269441 123.252651 123.241913 123.232192 123.221588 123.211868 123.200246 123.194944 123.184340 123.178154 123.173736 123.168434 123.155045 123.147092 123.139139 123.130302
0.000000 0.000000 0.000000 0.000000 0.000000 0.000000 0.000000 0.000000 0.000000 0.000000 0.000000 0.000000 0.000000 0.000000 0.000000 0.000000 0.000000 0.000000 0.000000 0.000000 0.000000 0.000000 0.000000 0.000000 0.000000 0.000000 0.000000 0.000000 0.000000 0.000000 123.412114 123.399743 123.390022 123.376767 123.364262 123.357192 123.348356 123.328781 123.319944 123.307573 123.297852 123.285347 123.270324 123.257953 123.248982 123.232192 123.223356 123.212752 123.206432 123.195828 123.186991 123.178154 123.171085 123.165649 123.161230 123.150626 123.136488 123.135604 123.126767 123.128535
0.000000 0.000000 0.000000 0.000000 0.000000 0.000000 0.000000 0.000000 0.000000 0.000000 0.000000 0.000000 0.000000 0.000000 0.000000 0.000000 0.000000 0.000000 0.000000 0.000000 0.000000 0.000000 0.000000 0.000000 0.000000 0.000000 0.000000 0.000000 123.415649 123.401510 123.391790 123.385604 123.367796 123.360727 123.348356 123.335984 123.327013 123.310224 123.298736 123.286230 123.280928 123.266790 123.248982 123.240145 123.230425 123.215403 123.203781 123.197595 123.192293 123.183456 123.174620 123.167550 123.161230 123.153277 123.140906 123.132953 123.123982 123.123982 123.125884 123.129418
0.000000 0.000000 0.000000 0.000000 0.000000 0.000000 0.000000 0.000000 0.000000 0.000000 0.000000 0.000000 0.000000 0.000000 0.000000 0.000000 0.000000 0.000000 0.000000 0.000000 0.000000 0.000000 0.000000 0.000000 0.000000 0.000000 0.000000 123.410347 123.397975 123.384720 123.374866 123.366913 123.352774 123.339519 123.333199 123.317293 123.301387 123.289765 123.279161 123.271208 123.256186 123.245447 123.233960 123.218054 123.206432 123.196711 123.189642 123.186107 123.173736 123.164765 123.161230 123.155928 123.144441 123.132069 123.128535 123.120447 123.121331 123.123982 123.129418 123.134720
0.000000 0.000000 0.000000 0.000000 0.000000 0.000000 0.000000 0.000000 0.000000 0.000000 0.000000 0.000000 0.000000 0.000000 0.000000 0.000000 0.000000 0.000000 0.000000 0.000000 0.000000 0.000000 0.000000 0.000000 0.000000 123.412998 123.403277 123.387371 123.375000 123.365145 123.356309 123.342170 123.335101 123.322595 123.309340 123.299620 123.282696 123.273859 123.262371 123.249866 123.236611 123.224239 123.213635 123.199362 123.193177 123.186107 123.177271 123.170201 123.161230 123.154161 123.147092 123.141790 123.125000 123.119564 123.116913 123.119564 123.123098 123.128535 123.133837 123.139139
0.000000 0.000000 0.000000 0.000000 0.000000 0.000000 0.000000 0.000000 0.000000 0.000000 0.000000 0.000000 0.000000 0.000000 0.000000 0.000000 0.000000 0.000000 0.000000 0.000000 0.000000 0.000000 0.000000 0.000000 123.405928 123.397092 123.384720 123.373098 123.358076 123.349239 123.333199 123.323479 123.319060 123.307573 123.288881 123.273859 123.267673 123.253535 123.241029 123.226890 123.215403 123.202897 123.191409 123.182573 123.183456 123.170201 123.162998 123.156812 123.150626 123.143557 123.130302 123.121331 123.114262 123.114262 123.116913 123.122215 123.128535 123.132953 123.138255 123.142673
0.000000 0.000000 0.000000 0.000000 0.000000 0.000000 0.000000 0.000000 0.000000 0.000000 0.000000 0.000000 0.000000 0.000000 0.000000 0.000000 0.000000 0.000000 0.000000 0.000000 0.000000 0.000000 123.413881 123.402394 123.390022 123.377651 123.362494 123.349239 123.340403 123.327897 123.317293 123.311991 123.302271 123.280928 123.271208 123.256186 123.243680 123.231309 123.226890 123.206432 123.199362 123.186107 123.179922 123.173736 123.162114 123.154161 123.153277 123.147092 123.137371 123.125884 123.112494 123.110727 123.112494 123.116913 123.122215 123.126767 123.132069 123.137371 123.141790 123.147092
0.000000 0.000000 0.000000 0.000000 0.000000 0.000000 0.000000 0.000000 0.000000 0.000000 0.000000 0.000000 0.000000 0.000000 0.000000 0.000000 0.000000 0.000000 0.000000 0.000000 0.000000 123.408579 123.395324 123.381186 123.369564 123.354541 123.340403 123.337752 123.324362 123.310224 123.303154 123.292550 123.279161 123.262371 123.248098 123.235727 123.229541 123.212752 123.204664 123.189642 123.176387 123.171969 123.168434 123.155928 123.150626 123.145324 123.136488 123.129418 123.116029 123.107192 123.108076 123.109843 123.116029 123.121331 123.125884 123.131186 123.135604 123.140906 123.146208 123.150626
0.000000 0.000000 0.000000 0.000000 0.000000 0.000000 0.000000 0.000000 0.000000 0.000000 0.000000 0.000000 0.000000 0.000000 0.000000 0.000000 0.000000 0.000000 0.000000 123.415649 123.403277 123.383837 123.372215 123.361611 123.348356 123.335984 123.325246 123.312875 123.306689 123.295201 123.283579 123.276510 123.253535 123.241029 123.234843 123.218937 123.204664 123.194060 123.180805 123.171969 123.164765 123.158579 123.147975 123.143557 123.137371 123.128535 123.122215 123.111611 123.103658 123.105425 123.109843 123.115145 123.119564 123.124866 123.130302 123.134720 123.140022 123.144441 123.149743 123.155045
0.000000 0.000000 0.000000 0.000000 0.000000 0.000000 0.000000 0.000000 0.000000 0.000000 0.000000 0.000000 0.000000 0.000000 0.000000 0.000000 0.000000 0.000000 123.406812 123.396208 123.385604 123.371331 123.353658 123.347472 123.327897 123.317293 123.309340 123.300503 123.286230 123.276510 123.263255 123.250884 123.233076 123.222472 123.211868 123.202013 123.185224 123.179038 123.168434 123.157696 123.149743 123.142673 123.140022 123.128535 123.119564 123.113378 123.101007 123.101007 123.103658 123.108960 123.114262 123.118680 123.123982 123.128535 123.133837 123.139139 123.143557 123.148859 123.153277 123.158579
0.000000 0.000000 0.000000 0.000000 0.000000 0.000000 0.000000 0.000000 0.000000 0.000000 0.000000 0.000000 0.000000 0.000000 0.000000 0.000000 123.413881 123.404161 123.388255 123.373982 123.360727 123.344821 123.335101 123.319060 123.309340 123.300503 123.291532 123.277394 123.267673 123.255302 123.242796 123.226007 123.215403 123.202897 123.190526 123.183456 123.165649 123.161230 123.148859 123.146208 123.139139 123.130302 123.120447 123.110727 123.104541 123.097472 123.099239 123.102774 123.107192 123.112494 123.117796 123.123098 123.128535 123.132953 123.137371 123.142673 123.147975 123.152394 123.157696 123.162998
0.000000 0.000000 0.000000 0.000000 0.000000 0.000000 0.000000 0.000000 0.000000 0.000000 0.000000 0.000000 0.000000 0.000000 0.000000 123.411230 123.393557 123.378535 123.367796 123.351890 123.336868 123.329664 123.318177 123.299620 123.290649 123.282696 123.268557 123.258837 123.246331 123.238378 123.225123 123.207315 123.201130 123.185224 123.171969 123.161230 123.155928 123.144441 123.135604 123.130302 123.120447 123.116029 123.102774 123.094821 123.093937 123.096588 123.101007 123.105425 123.111611 123.116913 123.121331 123.126767 123.132069 123.136488 123.141790 123.147092 123.152394 123.156812 123.162114 123.166532
0.000000 0.000000 0.000000 0.000000 0.000000 0.000000 0.000000 0.000000 0.000000 0.000000 0.000000 0.000000 0.000000 0.000000 0.000000 123.386488 123.375884 123.365145 123.346588 123.333199 123.321711 123.308456 123.292550 123.280928 123.274743 123.260604 123.250884 123.242796 123.229541 123.216286 123.202013 123.187875 123.175503 123.163881 123.155045 123.147975 123.135604 123.128535 123.121331 123.112494 123.108076 123.100123 123.091286 123.092170 123.094821 123.099239 123.104541 123.110727 123.116029 123.121331 123.125884 123.130302 123.134720 123.140906 123.146208 123.150626 123.155928 123.160347 123.165649 123.171085
0.000000 0.000000 0.000000 0.000000 0.000000 0.000000 0.000000 0.000000 0.000000 0.000000 0.000000 0.000000 0.000000 0.000000 123.386488 123.367796 123.351007 123.338635 123.327013 123.312875 123.300503 123.285347 123.278277 123.265906 123.252651 123.241913 123.233960 123.220705 123.210984 123.193177 123.179922 123.173736 123.158579 123.149743 123.141790 123.129418 123.123982 123.113378 123.106309 123.100123 123.087752 123.087752 123.089519 123.093937 123.099239 123.104541 123.109843 123.115145 123.118680 123.124866 123.129418 123.134720 123.140022 123.144441 123.149743 123.155045 123.160347 123.164765 123.170201 123.174620
0.000000 0.000000 0.000000 0.000000 0.000000 0.000000 0.000000 0.000000 0.000000 0.000000 0.000000 0.000000 0.000000 123.403277 123.358076 123.348356 123.334217 123.316409 123.303154 123.291532 123.287114 123.266790 123.257069 123.247215 123.233960 123.225123 123.212752 123.202013 123.187875 123.171085 123.162114 123.147975 123.141790 123.133837 123.126767 123.119564 123.108960 123.098356 123.093937 123.084217 123.085101 123.087752 123.093054 123.098356 123.103658 123.108960 123.114262 123.118680 123.123982 123.129418 123.133837 123.139139 123.142673 123.148859 123.154161 123.157696 123.163881 123.169318 123.173736 123.178154
0.000000 0.000000 0.000000 0.000000 0.000000 0.000000 0.000000 0.000000 0.000000 0.000000 0.000000 0.000000 0.000000 123.360727 123.341286 123.323479 123.308456 123.301387 123.282696 123.272975 123.259720 123.248098 123.238378 123.226007 123.215403 123.209217 123.194060 123.182573 123.163881 123.155928 123.143557 123.132069 123.123098 123.119564 123.110727 123.101890 123.091286 123.082315 123.081432 123.083199 123.086868 123.092170 123.097472 123.102774 123.108076 123.112494 123.117796 123.122215 123.127651 123.132953 123.137371 123.141790 123.147975 123.153277 123.156812 123.162998 123.167550 123.173736 123.177271 123.186991
0.000000 0.000000 0.000000 0.000000 0.000000 0.000000 0.000000 0.000000 0.000000 0.000000 0.000000 0.000000 123.377651 123.330548 123.319944 123.305805 123.289765 123.275626 123.265022 123.250000 123.240145 123.230425 123.216286 123.206432 123.199362 123.186107 123.173736 123.164765 123.147092 123.136488 123.132069 123.119564 123.111611 123.108960 123.096588 123.086868 123.077897 123.078781 123.080548 123.085984 123.091286 123.096588 123.101890 123.107192 123.111611 123.116029 123.122215 123.126767 123.132069 123.136488 123.141790 123.147092 123.151510 123.157696 123.161230 123.167550 123.171085 123.183456 123.199362 123.215403
0.000000 0.000000 0.000000 0.000000 0.000000 0.000000 0.000000 0.000000 0.000000 0.000000 0.000000 123.392673 123.334217 123.311107 123.296969 123.281812 123.272092 123.259720 123.249866 123.232192 123.222472 123.212752 123.199362 123.194060 123.179922 123.163881 123.151510 123.142673 123.131186 123.118680 123.116029 123.106309 123.096588 123.088635 123.076130 123.074362 123.076130 123.080548 123.085984 123.090403 123.095705 123.101007 123.105425 123.110727 123.116029 123.120447 123.125884 123.130302 123.135604 123.140906 123.146208 123.151510 123.154161 123.161230 123.164765 123.179922 123.195828 123.212752 123.229541 123.245447
0.000000 0.000000 0.000000 0.000000 0.000000 0.000000 0.000000 0.000000 0.000000 0.000000 123.410347 123.351007 123.301387 123.287998 123.280928 123.263255 123.250884 123.238378 123.224239 123.212752 123.203781 123.194944 123.185224 123.171969 123.161230 123.150626 123.133837 123.122215 123.112494 123.108960 123.099239 123.089519 123.081432 123.070828 123.071711 123.073479 123.079664 123.085101 123.089519 123.094821 123.100123 123.104541 123.109843 123.115145 123.119564 123.124866 123.129418 123.134720 123.140022 123.144441 123.148859 123.154161 123.160347 123.177271 123.193177 123.208333 123.225123 123.241029 123.257953 123.273859
0.000000 0.000000 0.000000 0.000000 0.000000 0.000000 0.000000 0.000000 0.000000 0.000000 123.367796 123.309340 123.286230 123.268557 123.253535 123.241913 123.230425 123.216286 123.203781 123.194944 123.185224 123.177271 123.165649 123.150626 123.140906 123.126767 123.117796 123.108960 123.101890 123.091286 123.080548 123.074362 123.068177 123.069060 123.072595 123.078781 123.083199 123.088635 123.093937 123.098356 123.103658 123.108076 123.113378 123.118680 123.123982 123.128535 123.132953 123.138255 123.143557 123.147092 123.155928 123.172852 123.188758 123.204664 123.221588 123.237494 123.253535 123.269441 123.285347 123.302271
0.000000 0.000000 0.000000 0.000000 0.000000 0.000000 0.000000 0.000000 0.000000 123.385604 123.326130 123.272975 123.267673 123.253535 123.233076 123.221588 123.213635 123.201130 123.186107 123.176387 123.168434 123.156812 123.141790 123.132069 123.116029 123.106309 123.105425 123.093937 123.082315 123.072595 123.064642 123.064642 123.067293 123.072595 123.077897 123.082315 123.086868 123.093054 123.097472 123.102774 123.108076 123.112494 123.117796 123.122215 123.127651 123.132069 123.137371 123.141790 123.152394 123.168434 123.184340 123.201130 123.217170 123.233076 123.248982 123.265022 123.280928 123.297852 123.313758 123.329664
0.000000 0.000000 0.000000 0.000000 0.000000 0.000000 0.000000 0.000000 123.402394 123.343054 123.283579 123.255302 123.241913 123.232192 123.213635 123.203781 123.193177 123.178154 123.168434 123.159463 123.147975 123.137371 123.123098 123.116029 123.102774 123.097472 123.085984 123.074362 123.069060 123.061107 123.062875 123.066409 123.071711 123.076130 123.081432 123.085984 123.091286 123.096588 123.101890 123.106309 123.111611 123.116913 123.121331 123.126767 123.131186 123.135604 123.147975 123.164765 123.179922 123.196711 123.212752 123.228658 123.245447 123.261488 123.277394 123.293434 123.309340 123.326130 123.342170 123.358960
