FireSTARR/test/constant/C2_S060_A180_WD180_WS020/arrival.asc
ncols         187
nrows         131
xllcorner     426403.990666
yllcorner     12748355.311160
cellsize      100.000000
NODATA_value  0.000000
[rows 54 to 80 of 131, columns 60 to 119 of 187]
0.000000 0.000000 0.000000 0.000000 0.000000 0.000000 0.000000 0.000000 0.000000 0.000000 0.000000 0.000000 0.000000 0.000000 0.000000 0.000000 0.000000 0.000000 0.000000 0.000000 0.000000 0.000000 0.000000 0.000000 0.000000 123.405045 123.397975 123.381186 123.374866 123.365145 123.359843 123.346588 123.334217 123.327013 123.317293 123.311991 123.308456 123.299620 123.284463 123.274743 123.269441 123.260604 123.251767 123.250000 123.249866 123.246331 123.235727 123.236611 123.240145 123.244564 123.250884 123.255302 123.260604 123.265906 123.270324 123.275626 123.280928 123.284463 123.290649 123.295201
0.000000 0.000000 0.000000 0.000000 0.000000 0.000000 0.000000 0.000000 0.000000 0.000000 0.000000 0.000000 0.000000 0.000000 0.000000 0.000000 0.000000 0.000000 0.000000 0.000000 0.000000 0.000000 0.000000 123.409463 123.396208 123.388255 123.376767 123.370447 123.358960 123.351007 123.344821 123.331432 123.324362 123.313758 123.305805 123.298736 123.289765 123.274743 123.265906 123.265906 123.258837 123.248098 123.246331 123.244564 123.233076 123.232192 123.234843 123.238378 123.244564 123.248982 123.254418 123.259720 123.265022 123.269441 123.274743 123.280045 123.283579 123.289765 123.294318 123.299620
0.000000 0.000000 0.000000 0.000000 0.000000 0.000000 0.000000 0.000000 0.000000 0.000000 0.000000 0.000000 0.000000 0.000000 0.000000 0.000000 0.000000 0.000000 0.000000 0.000000 0.000000 123.412998 123.402394 123.393557 123.378535 123.369564 123.359843 123.351007 123.342170 123.333199 123.323479 123.311991 123.308456 123.302271 123.289765 123.280928 123.273859 123.262371 123.258837 123.245447 123.244564 123.243680 123.238378 123.229541 123.230425 123.233076 123.237494 123.243680 123.248098 123.253535 123.258837 123.262371 123.268557 123.273859 123.278277 123.283579 123.288881 123.293434 123.298736 123.304038
0.000000 0.000000 0.000000 0.000000 0.000000 0.000000 0.000000 0.000000 0.000000 0.000000 0.000000 0.000000 0.000000 0.000000 0.000000 0.000000 0.000000 0.000000 0.000000 123.416532 123.409463 123.397975 123.383837 123.373982 123.362494 123.351007 123.345705 123.333199 123.323479 123.315526 123.306689 123.298736 123.294318 123.287114 123.276510 123.264139 123.254418 123.252651 123.241029 123.240145 123.236611 123.230425 123.226007 123.227774 123.231309 123.237494 123.241913 123.248098 123.252651 123.257069 123.261488 123.267673 123.272975 123.277394 123.281812 123.287114 123.292550 123.297852 123.302271 123.307573
0.000000 0.000000 0.000000 0.000000 0.000000 0.000000 0.000000 0.000000 0.000000 0.000000 0.000000 0.000000 0.000000 0.000000 0.000000 0.000000 0.000000 0.000000 123.413881 123.397975 123.386488 123.377651 123.363378 123.362494 123.342170 123.337752 123.328781 123.319944 123.311107 123.304038 123.290649 123.286230 123.277394 123.267673 123.254418 123.249866 123.244564 123.238378 123.236611 123.234843 123.222472 123.223356 123.226007 123.231309 123.236611 123.241913 123.245447 123.250884 123.256186 123.262371 123.266790 123.271208 123.276510 123.280928 123.286230 123.291532 123.296969 123.302271 123.306689 123.311991
0.000000 0.000000 0.000000 0.000000 0.000000 0.000000 0.000000 0.000000 0.000000 0.000000 0.000000 0.000000 0.000000 0.000000 0.000000 0.000000 123.413881 123.404161 123.395324 123.382069 123.370447 123.358960 123.349239 123.335984 123.329664 123.319944 123.312875 123.300503 123.296085 123.283579 123.276510 123.268557 123.257953 123.248098 123.242796 123.234843 123.233076 123.231309 123.223356 123.219821 123.220705 123.225123 123.230425 123.235727 123.240145 123.244564 123.250884 123.256186 123.258837 123.265022 123.271208 123.275626 123.280045 123.285347 123.290649 123.295201 123.299620 123.305805 123.311107 123.315526
0.000000 0.000000 0.000000 0.000000 0.000000 0.000000 0.000000 0.000000 0.000000 0.000000 0.000000 0.000000 0.000000 0.000000 123.416532 123.408579 123.396208 123.382953 123.373098 123.360727 123.355425 123.341286 123.331432 123.327013 123.312875 123.304922 123.296969 123.287998 123.274743 123.267673 123.260604 123.254418 123.244564 123.239262 123.231309 123.229541 123.223356 123.216286 123.216286 123.218937 123.224239 123.229541 123.234843 123.239262 123.244564 123.249866 123.253535 123.257953 123.265022 123.269441 123.274743 123.279161 123.284463 123.289765 123.295201 123.298736 123.304922 123.309340 123.314642 123.319944
0.000000 0.000000 0.000000 0.000000 0.000000 0.000000 0.000000 0.000000 0.000000 0.000000 0.000000 0.000000 0.000000 123.407696 123.400626 123.386488 123.375000 123.365145 123.351890 123.347472 123.337752 123.326130 123.314642 123.311107 123.294318 123.293434 123.282696 123.270324 123.260604 123.252651 123.241913 123.238378 123.228658 123.227774 123.226007 123.218937 123.212752 123.214519 123.218054 123.223356 123.228658 123.233076 123.238378 123.243680 123.248982 123.252651 123.257953 123.262371 123.267673 123.272975 123.278277 123.283579 123.288881 123.292550 123.297852 123.304038 123.309340 123.313758 123.319060 123.323479
0.000000 0.000000 0.000000 0.000000 0.000000 0.000000 0.000000 0.000000 0.000000 0.000000 0.000000 0.000000 123.397975 123.390906 123.379418 123.369564 123.363378 123.343937 123.338635 123.327013 123.317293 123.305805 123.298736 123.289765 123.287998 123.278277 123.264139 123.255302 123.249866 123.238378 123.235727 123.224239 123.223356 123.218937 123.209217 123.210101 123.211868 123.217170 123.222472 123.227774 123.232192 123.237494 123.241913 123.247215 123.252651 123.257069 123.261488 123.267673 123.272975 123.277394 123.282696 123.287998 123.291532 123.296969 123.301387 123.306689 123.312875 123.318177 123.322595 123.327897
0.000000 0.000000 0.000000 0.000000 0.000000 0.000000 0.000000 0.000000 0.000000 0.000000 123.405928 123.397092 123.382069 123.370447 123.360727 123.351007 123.338635 123.329664 123.322595 123.315526 123.298736 123.293434 123.284463 123.279161 123.267673 123.260604 123.248098 123.237494 123.233960 123.223356 123.220705 123.219821 123.215403 123.206432 123.207315 123.210984 123.216286 123.221588 123.226007 123.231309 123.236611 123.241913 123.246331 123.252651 123.255302 123.261488 123.265906 123.272092 123.276510 123.281812 123.286230 123.291532 123.296969 123.300503 123.306689 123.310224 123.315526 123.321711 123.327013 123.331432
0.000000 0.000000 0.000000 0.000000 0.000000 0.000000 0.000000 0.000000 0.000000 123.402394 123.387371 123.373098 123.362494 123.351890 123.346588 123.332315 123.322595 123.312875 123.304922 123.289765 123.283579 123.277394 123.269441 123.265022 123.253535 123.241913 123.231309 123.226007 123.217170 123.216286 123.212752 123.202897 123.202897 123.205548 123.210984 123.214519 123.220705 123.224239 123.230425 123.235727 123.240145 123.245447 123.249866 123.255302 123.260604 123.265906 123.270324 123.275626 123.280928 123.285347 123.290649 123.295201 123.300503 123.306689 123.309340 123.315526 123.320828 123.325246 123.330548 123.335984
0.000000 0.000000 0.000000 0.000000 0.000000 0.000000 123.412998 123.406812 123.392673 123.376767 123.370447 123.354541 123.343054 123.337752 123.326130 123.314642 123.304038 123.296969 123.285347 123.279161 123.268557 123.265022 123.253535 123.246331 123.237494 123.226890 123.222472 123.214519 123.213635 123.208199 123.199362 123.201130 123.202897 123.209217 123.214519 123.218937 123.223356 123.228658 123.233960 123.239262 123.243680 123.248982 123.254418 123.259720 123.263255 123.269441 123.274743 123.279161 123.284463 123.289765 123.294318 123.299620 123.304038 123.309340 123.314642 123.319060 123.324362 123.329664 123.335101 123.339519
0.000000 0.000000 0.000000 0.000000 0.000000 123.405928 123.398859 123.383837 123.373098 123.359843 123.345705 123.335101 123.329664 123.318177 123.307573 123.295201 123.287998 123.281812 123.272092 123.261488 123.257069 123.245447 123.244564 123.226890 123.223356 123.210984 123.210101 123.206432 123.196711 123.196711 123.198479 123.204664 123.207315 123.213635 123.218054 123.223356 123.228658 123.233076 123.238378 123.243680 123.248098 123.253535 123.258837 123.262371 123.268557 123.273859 123.278277 123.283579 123.288881 123.293434 123.298736 123.303154 123.308456 123.313758 123.318177 123.323479 123.328781 123.333199 123.338635 123.343054
0.000000 0.000000 0.000000 123.415649 123.398859 123.390022 123.378535 123.364262 123.351007 123.341286 123.330548 123.322595 123.314642 123.305805 123.288881 123.280045 123.276510 123.266790 123.257069 123.250000 123.241029 123.232192 123.219821 123.214519 123.207315 123.206432 123.203781 123.193177 123.194060 123.195828 123.202013 123.207315 123.211868 123.217170 123.222472 123.226890 123.231309 123.237494 123.241913 123.247215 123.252651 123.257069 123.262371 123.267673 123.271208 123.277394 123.282696 123.287998 123.292550 123.297852 123.302271 123.307573 123.312875 123.317293 123.322595 123.327897 123.332315 123.336868 123.342170 123.347472
0.000000 123.412114 123.405045 123.390906 123.382069 123.369564 123.354541 123.349239 123.335101 123.323479 123.317293 123.308456 123.294318 123.286230 123.272092 123.267673 123.263255 123.252651 123.246331 123.234843 123.224239 123.217170 123.208199 123.203781 123.201130 123.193177 123.189642 123.191409 123.195828 123.201130 123.206432 123.210984 123.216286 123.221588 123.226007 123.231309 123.235727 123.241029 123.246331 123.251767 123.256186 123.261488 123.265906 123.270324 123.276510 123.281812 123.287114 123.291532 123.296969 123.301387 123.306689 123.311107 123.316409 123.321711 123.326130 123.331432 123.336868 123.341286 123.346588 123.351890
123.404161 123.396208 123.383837 123.376767 123.360727 123.352774 123.337752 123.333199 123.314642 123.308456 123.300503 123.285347 123.276510 123.268557 123.259720 123.252651 123.244564 123.237494 123.232192 123.218054 123.212752 123.200246 123.200246 123.193177 123.186107 123.186991 123.189642 123.194944 123.200246 123.205548 123.210984 123.216286 123.219821 123.225123 123.230425 123.234843 123.240145 123.245447 123.250884 123.256186 123.260604 123.265022 123.270324 123.275626 123.279161 123.284463 123.290649 123.295201 123.300503 123.305805 123.310224 123.315526 123.320828 123.326130 123.330548 123.335984 123.340403 123.345705 123.350123 123.355425
123.387371 123.374866 123.365145 123.351890 123.341286 123.330548 123.320828 123.306689 123.299620 123.291532 123.277394 123.266790 123.261488 123.256186 123.243680 123.236611 123.229541 123.219821 123.208333 123.204664 123.196711 123.194944 123.187875 123.183456 123.185224 123.189642 123.194060 123.199362 123.204664 123.208199 123.212752 123.218937 123.224239 123.229541 123.233960 123.239262 123.244564 123.249866 123.253535 123.259720 123.264139 123.269441 123.273859 123.278277 123.284463 123.289765 123.294318 123.299620 123.304038 123.309340 123.314642 123.319060 123.324362 123.329664 123.334217 123.339519 123.344821 123.349239 123.354541 123.359843
123.373098 123.359843 123.343054 123.337752 123.322595 123.312875 123.302271 123.290649 123.282696 123.274743 123.261488 123.259720 123.248982 123.236611 123.233076 123.225123 123.211868 123.202897 123.194060 123.193177 123.187875 123.179922 123.179922 123.182573 123.188758 123.193177 123.198479 123.202897 123.207315 123.213635 123.218054 123.223356 123.228658 123.233076 123.238378 123.243680 123.247215 123.252651 123.258837 123.263255 123.267673 123.272975 123.279161 123.283579 123.288881 123.293434 123.298736 123.303154 123.308456 123.313758 123.319060 123.323479 123.328781 123.333199 123.338635 123.343937 123.349239 123.353658 123.358076 123.363378
123.351007 123.340403 123.328781 123.313758 123.303154 123.298736 123.288881 123.274743 123.265022 123.257069 123.247215 123.239262 123.231309 123.222472 123.218937 123.209217 123.198479 123.189642 123.188758 123.180805 123.176387 123.178154 123.182573 123.186991 123.192293 123.197595 123.202013 123.207315 123.211868 123.217170 123.222472 123.226890 123.232192 123.237494 123.242796 123.246331 123.252651 123.257953 123.262371 123.267673 123.272092 123.276510 123.282696 123.287114 123.292550 123.297852 123.302271 123.307573 123.312875 123.317293 123.322595 123.327013 123.332315 123.337752 123.342170 123.346588 123.352774 123.357192 123.362494 123.367796
123.333199 123.319944 123.308456 123.302271 123.287998 123.276510 123.265906 123.254418 123.249866 123.241913 123.238378 123.226007 123.218937 123.209217 123.196711 123.194944 123.186107 123.182573 123.173736 123.173736 123.175503 123.181689 123.186107 123.191409 123.195828 123.201130 123.206432 123.210984 123.216286 123.220705 123.226007 123.231309 123.236611 123.241029 123.246331 123.251767 123.256186 123.260604 123.266790 123.272092 123.276510 123.281812 123.286230 123.291532 123.296085 123.301387 123.306689 123.311991 123.315526 123.321711 123.326130 123.331432 123.336868 123.342170 123.345705 123.351007 123.355425 123.361611 123.365145 123.370447
123.311107 123.298736 123.288881 123.287114 123.270324 123.261488 123.249866 123.246331 123.238378 123.225123 123.222472 123.213635 123.201130 123.191409 123.183456 123.181689 123.179038 123.170201 123.171085 123.175503 123.179922 123.185224 123.190526 123.194944 123.200246 123.204664 123.210101 123.215403 123.219821 123.225123 123.230425 123.235727 123.240145 123.245447 123.249866 123.256186 123.260604 123.265906 123.269441 123.275626 123.280045 123.285347 123.290649 123.295201 123.300503 123.305805 123.309340 123.314642 123.319944 123.325246 123.330548 123.335984 123.339519 123.344821 123.350123 123.355425 123.360727 123.365145 123.372215 123.389139
123.290649 123.281812 123.278277 123.261488 123.251767 123.246331 123.235727 123.229541 123.219821 123.211868 123.205548 123.198479 123.186107 123.179038 123.175503 123.166532 123.166532 123.169318 123.174620 123.179038 123.184340 123.188758 123.194060 123.199362 123.203781 123.209217 123.214519 123.218937 123.224239 123.229541 123.233960 123.239262 123.244564 123.248098 123.253535 123.259720 123.264139 123.269441 123.274743 123.279161 123.284463 123.289765 123.294318 123.299620 123.304922 123.308456 123.313758 123.319060 123.324362 123.329664 123.335101 123.338635 123.344821 123.349239 123.354541 123.358076 123.368680 123.383837 123.400626 123.416532
123.277394 123.269441 123.257069 123.242796 123.239262 123.232192 123.226890 123.216286 123.208199 123.203781 123.186107 123.182573 123.175503 123.171085 123.162998 123.164765 123.166667 123.172852 123.178154 123.182573 123.187875 123.193177 123.197595 123.202897 123.208199 123.213635 123.218054 123.223356 123.227774 123.233076 123.238378 123.242796 123.247215 123.253535 123.257069 123.262371 123.268557 123.272975 123.278277 123.283579 123.288881 123.293434 123.298736 123.302271 123.307573 123.313758 123.318177 123.323479 123.328781 123.333199 123.339519 123.343054 123.348356 123.351890 123.365145 123.381186 123.397092 123.413881 0.000000 0.000000
123.260604 123.248098 123.236611 123.229541 123.228658 123.218054 123.205548 123.204664 123.192293 123.179922 123.171969 123.169318 123.161230 123.160347 123.162114 123.167550 123.171969 123.177271 123.181689 123.186991 123.192293 123.196711 123.202013 123.207315 123.212752 123.217170 123.222472 123.226890 123.232192 123.236611 123.241913 123.247215 123.253535 123.256186 123.262371 123.267673 123.272092 123.277394 123.282696 123.287114 123.292550 123.296969 123.301387 123.307573 123.312875 123.317293 123.322595 123.327013 123.333199 123.335984 123.341286 123.346588 123.360727 123.376767 123.392673 123.409463 0.000000 0.000000 0.000000 0.000000
123.239262 123.233076 123.225123 123.220705 123.207315 123.201130 123.196711 123.183456 123.176387 123.169318 123.167550 123.156812 123.157696 123.160347 123.166532 123.171085 123.176387 123.180805 123.186107 123.190526 123.195828 123.201130 123.206432 123.210984 123.216286 123.220705 123.225123 123.231309 123.235727 123.241029 123.246331 123.250884 123.256186 123.261488 123.265906 123.271208 123.276510 123.281812 123.286230 123.290649 123.295201 123.301387 123.306689 123.311991 123.316409 123.321711 123.326130 123.330548 123.335984 123.341286 123.356309 123.373098 123.390022 123.405928 0.000000 0.000000 0.000000 0.000000 0.000000 0.000000
123.228658 123.218937 123.211868 123.203781 123.195828 123.188758 123.175503 123.165649 123.162114 123.155045 123.153277 123.155045 123.160347 123.164765 123.170201 123.174620 123.179922 123.185224 123.189642 123.194944 123.200246 123.204664 123.210101 123.214519 123.219821 123.224239 123.229541 123.235727 123.240145 123.245447 123.249866 123.255302 123.260604 123.265022 123.270324 123.275626 123.280045 123.285347 123.289765 123.295201 123.300503 123.305805 123.309340 123.315526 123.319944 123.324362 123.329664 123.336868 123.352774 123.368680 123.385604 123.401510 0.000000 0.000000 0.000000 0.000000 0.000000 0.000000 0.000000 0.000000
123.210984 123.202897 123.193177 123.189642 123.179922 123.168434 123.162114 123.157696 123.150626 123.150626 123.153277 123.159463 123.163881 123.169318 123.173736 123.179038 123.184340 123.188758 123.194060 123.199362 123.204664 123.209217 123.214519 123.218937 123.224239 123.229541 123.234843 123.239262 123.244564 123.248982 123.254418 123.258837 123.264139 123.269441 123.274743 123.279161 123.283579 123.289765 123.294318 123.299620 123.304038 123.309340 123.314642 123.319060 123.323479 123.332315 123.348356 123.364262 123.381186 123.397092 123.413881 0.000000 0.000000 0.000000 0.000000 0.000000 0.000000 0.000000 0.000000 0.000000
