FireSTARR/test/constant/C2_S000_A000_WD315_WS020/arrival.asc
ncols         76
nrows         76
xllcorner     425903.990666
yllcorner     12741955.311160
cellsize      100.000000
NODATA_value  0.000000
[rows 26 to 51 of 76, columns 0 to 58 of 76]
0.000000 0.000000 0.000000 0.000000 0.000000 0.000000 123.396581 123.352756 123.328354 123.302457 123.278055 123.254316 123.229914 123.203354 123.179615 123.155213 123.148739 123.144423 123.135790 123.131474 123.129316 123.125000 123.122179 123.120021 123.117862 123.115704 123.113546 123.120021 123.129316 123.137948 123.146581 123.155213 123.163845 123.173141 123.179615 123.192564 123.201196 123.212649 123.221282 123.232072 123.240704 123.250000 123.262948 123.273739 123.282371 123.291667 123.304615 123.313247 123.324038 123.332670 123.348440 123.367862 123.387948 123.405213 0.000000 0.000000 0.000000 0.000000 0.000000
0.000000 0.000000 0.000000 0.000000 0.000000 0.000000 123.413845 123.372179 123.346282 123.321880 123.298141 123.273739 123.249337 123.223440 123.199038 123.173141 123.157371 123.150897 123.146581 123.142265 123.137948 123.135790 123.131474 123.129316 123.127158 123.124337 123.120021 123.120021 123.125000 123.133632 123.144423 123.153055 123.161687 123.168825 123.177457 123.188247 123.194722 123.207670 123.214808 123.229914 123.238546 123.247179 123.256474 123.269423 123.280213 123.286687 123.298141 123.306773 123.319722 123.328354 123.339808 123.348440 123.361388 123.381474 123.400897 0.000000 0.000000 0.000000 0.000000
0.000000 0.000000 0.000000 0.000000 0.000000 0.000000 0.000000 123.390107 123.365704 123.341966 123.317564 123.293825 123.269423 123.242862 123.219124 123.194722 123.170983 123.163845 123.157371 123.153055 123.146581 123.146581 123.142265 123.135790 123.133632 123.131474 123.129316 123.129316 123.127158 123.131474 123.142265 123.148739 123.157371 123.166003 123.175299 123.183931 123.194722 123.201196 123.210491 123.221282 123.232072 123.242862 123.254316 123.260790 123.271581 123.286687 123.293825 123.302457 123.311089 123.324038 123.335491 123.344124 123.354914 123.363546 123.375000 123.396581 123.413845 0.000000 0.000000
0.000000 0.000000 0.000000 0.000000 0.000000 0.000000 0.000000 123.411687 123.385790 123.361388 123.337649 123.313247 123.288845 123.262948 123.238546 123.214808 123.188247 123.173141 123.166667 123.161687 123.155213 123.153055 123.150897 123.146581 123.144423 123.140107 123.137948 123.135790 123.133632 123.133632 123.137948 123.148739 123.155213 123.166003 123.173141 123.179615 123.190405 123.199038 123.207670 123.216966 123.227756 123.238546 123.249337 123.258632 123.267265 123.278055 123.286687 123.300299 123.308931 123.319722 123.330512 123.339808 123.350598 123.359230 123.370021 123.379316 123.390107 123.409529 0.000000
0.000000 0.000000 0.000000 0.000000 0.000000 0.000000 0.000000 0.000000 123.405213 123.381474 123.357072 123.332670 123.306773 123.282371 123.258632 123.232072 123.208333 123.183931 123.177457 123.175299 123.168825 123.163845 123.159529 123.157371 123.153055 123.150897 123.146581 123.144423 123.144423 123.140107 123.137948 123.144423 123.155213 123.161687 123.170983 123.179615 123.186089 123.194722 123.203354 123.214808 123.223440 123.232072 123.242862 123.254316 123.265107 123.275897 123.282371 123.293825 123.302457 123.315405 123.324038 123.332670 123.344124 123.357072 123.365704 123.374337 123.387948 123.396581 123.405213
0.000000 0.000000 0.000000 0.000000 0.000000 0.000000 0.000000 0.000000 0.000000 123.400897 123.375000 123.352756 123.326196 123.300299 123.278055 123.252158 123.227756 123.203354 123.188247 123.186089 123.177457 123.170983 123.166667 123.166003 123.163845 123.159529 123.155213 123.153055 123.150897 123.148739 123.144423 123.144423 123.150897 123.159529 123.168825 123.177457 123.186089 123.192564 123.203354 123.212649 123.219124 123.227756 123.238546 123.249337 123.260790 123.269423 123.282371 123.291003 123.298141 123.308931 123.319722 123.332670 123.339808 123.348440 123.359230 123.372179 123.381474 123.390107 123.403055
0.000000 0.000000 0.000000 0.000000 0.000000 0.000000 0.000000 0.000000 0.000000 0.000000 123.396581 123.372179 123.346282 123.321880 123.298141 123.271581 123.247179 123.223440 123.199038 123.196880 123.190405 123.183931 123.179615 123.175299 123.170983 123.168825 123.163845 123.159529 123.159529 123.157371 123.155213 123.150897 123.150897 123.157371 123.166003 123.175299 123.181773 123.190405 123.196880 123.207670 123.216966 123.225598 123.234230 123.242862 123.254316 123.262948 123.275897 123.284529 123.295983 123.306773 123.315405 123.324038 123.335491 123.346282 123.357072 123.365704 123.379316 123.387948 123.396581
0.000000 0.000000 0.000000 0.000000 0.000000 0.000000 0.000000 0.000000 0.000000 0.000000 123.416003 123.390107 123.365704 123.339808 123.317564 123.291003 123.267265 123.242862 123.216966 123.205512 123.201196 123.196880 123.188247 123.181773 123.179615 123.177457 123.173141 123.170983 123.166003 123.163845 123.163845 123.161687 123.159529 123.157371 123.161687 123.170983 123.179615 123.190405 123.196880 123.205512 123.214808 123.225598 123.232072 123.240704 123.249337 123.258632 123.269423 123.280213 123.291003 123.300299 123.311089 123.319722 123.328354 123.339808 123.350598 123.361388 123.372179 123.381474 123.394423
0.000000 0.000000 0.000000 0.000000 0.000000 0.000000 0.000000 0.000000 0.000000 0.000000 0.000000 123.411687 123.385790 123.361388 123.335491 123.311089 123.286687 123.262948 123.236388 123.214808 123.210491 123.207670 123.199038 123.194722 123.190405 123.186089 123.183931 123.179615 123.175299 123.173141 123.170983 123.168825 123.168825 123.163845 123.163845 123.168825 123.179615 123.186089 123.194722 123.203354 123.210491 123.219124 123.229914 123.240704 123.249337 123.256474 123.267265 123.273739 123.284529 123.295983 123.306773 123.317564 123.328354 123.335491 123.346282 123.357072 123.367862 123.377158 123.387948
0.000000 0.000000 0.000000 0.000000 0.000000 0.000000 0.000000 0.000000 0.000000 0.000000 0.000000 0.000000 123.405213 123.381474 123.354914 123.330512 123.304615 123.280213 123.256474 123.232072 123.221282 123.216966 123.212649 123.203354 123.199038 123.194722 123.192564 123.188247 123.186089 123.181773 123.179615 123.177457 123.175299 123.173141 123.168825 123.168825 123.175299 123.183931 123.192564 123.201196 123.210491 123.216966 123.227756 123.236388 123.245021 123.254316 123.262948 123.271581 123.282371 123.291003 123.302457 123.313247 123.321880 123.332670 123.341966 123.350598 123.363546 123.372179 123.381474
0.000000 0.000000 0.000000 0.000000 0.000000 0.000000 0.000000 0.000000 0.000000 0.000000 0.000000 0.000000 0.000000 123.398739 123.374337 123.350598 123.326196 123.300299 123.275897 123.252158 123.229914 123.227756 123.221282 123.216966 123.210491 123.203354 123.201196 123.196880 123.194722 123.192564 123.188247 123.186089 123.183931 123.181773 123.179615 123.175299 123.175299 123.181773 123.188247 123.199038 123.207670 123.214808 123.221282 123.232072 123.242862 123.252158 123.260790 123.269423 123.275897 123.286687 123.295983 123.306773 123.317564 123.328354 123.339808 123.346282 123.357072 123.365704 123.379316
0.000000 0.000000 0.000000 0.000000 0.000000 0.000000 0.000000 0.000000 0.000000 0.000000 0.000000 0.000000 0.000000 0.000000 123.394423 123.370021 123.346282 123.321880 123.295983 123.271581 123.247179 123.236388 123.232072 123.227756 123.219124 123.216966 123.212649 123.205512 123.205512 123.201196 123.199038 123.194722 123.192564 123.190405 123.188247 123.186089 123.183931 123.181773 123.186089 123.194722 123.205512 123.212649 123.221282 123.229914 123.236388 123.247179 123.256474 123.267265 123.275897 123.282371 123.291667 123.302457 123.313247 123.321880 123.332670 123.344124 123.354914 123.361388 123.372179
0.000000 0.000000 0.000000 0.000000 0.000000 0.000000 0.000000 0.000000 0.000000 0.000000 0.000000 0.000000 0.000000 0.000000 123.411687 123.390107 123.363546 123.339808 123.313247 123.291003 123.265107 123.245021 123.242862 123.238546 123.229914 123.225598 123.219124 123.216966 123.212649 123.210491 123.207670 123.203354 123.201196 123.196880 123.196880 123.192564 123.192564 123.188247 123.188247 123.192564 123.201196 123.210491 123.216966 123.227756 123.236388 123.245021 123.254316 123.262948 123.271581 123.280213 123.288845 123.300299 123.306773 123.317564 123.330512 123.339808 123.346282 123.359230 123.367862
0.000000 0.000000 0.000000 0.000000 0.000000 0.000000 0.000000 0.000000 0.000000 0.000000 0.000000 0.000000 0.000000 0.000000 0.000000 123.405213 123.383632 123.359230 123.333333 123.311089 123.284529 123.260790 123.252158 123.247179 123.242862 123.234230 123.229914 123.225598 123.223440 123.219124 123.214808 123.212649 123.208333 123.205512 123.205512 123.201196 123.199038 123.196880 123.194722 123.194722 123.199038 123.207670 123.216966 123.223440 123.234230 123.240704 123.249337 123.258632 123.269423 123.280213 123.288845 123.295983 123.304615 123.313247 123.321880 123.330512 123.344124 123.354914 123.365704
0.000000 0.000000 0.000000 0.000000 0.000000 0.000000 0.000000 0.000000 0.000000 0.000000 0.000000 0.000000 0.000000 0.000000 0.000000 0.000000 123.405213 123.379316 123.352756 123.328354 123.304615 123.280213 123.262948 123.256474 123.252158 123.245021 123.238546 123.236388 123.232072 123.229914 123.225598 123.223440 123.216966 123.214808 123.212649 123.210491 123.207670 123.205512 123.205512 123.201196 123.199038 123.205512 123.214808 123.223440 123.229914 123.240704 123.247179 123.258632 123.265107 123.275897 123.284529 123.293825 123.302457 123.311089 123.319722 123.330512 123.339808 123.348440 123.361388
0.000000 0.000000 0.000000 0.000000 0.000000 0.000000 0.000000 0.000000 0.000000 0.000000 0.000000 0.000000 0.000000 0.000000 0.000000 0.000000 0.000000 123.398739 123.374337 123.348440 123.324038 123.300299 123.275897 123.269423 123.265107 123.258632 123.249337 123.247179 123.240704 123.238546 123.234230 123.232072 123.227756 123.223440 123.221282 123.216966 123.216966 123.212649 123.212649 123.210491 123.205512 123.205512 123.210491 123.221282 123.227756 123.236388 123.245021 123.254316 123.260790 123.271581 123.282371 123.288845 123.300299 123.306773 123.317564 123.326196 123.335491 123.344124 123.352756
0.000000 0.000000 0.000000 0.000000 0.000000 0.000000 0.000000 0.000000 0.000000 0.000000 0.000000 0.000000 0.000000 0.000000 0.000000 0.000000 0.000000 123.416667 123.392265 123.367862 123.344124 123.319722 123.293825 123.278055 123.273739 123.269423 123.258632 123.256474 123.254316 123.245021 123.242862 123.238546 123.236388 123.234230 123.232072 123.227756 123.225598 123.221282 123.219124 123.216966 123.214808 123.212649 123.212649 123.216966 123.225598 123.236388 123.242862 123.252158 123.258632 123.267265 123.278055 123.286687 123.295983 123.304615 123.313247 123.321880 123.332670 123.341966 123.350598
0.000000 0.000000 0.000000 0.000000 0.000000 0.000000 0.000000 0.000000 0.000000 0.000000 0.000000 0.000000 0.000000 0.000000 0.000000 0.000000 0.000000 0.000000 123.411687 123.390107 123.363546 123.339808 123.313247 123.288845 123.282371 123.278055 123.275897 123.267265 123.262948 123.256474 123.254316 123.249337 123.247179 123.242862 123.240704 123.236388 123.232072 123.229914 123.229914 123.225598 123.223440 123.221282 123.219124 123.219124 123.223440 123.232072 123.240704 123.249337 123.256474 123.265107 123.273739 123.282371 123.293825 123.302457 123.311089 123.319722 123.328354 123.337649 123.348440
0.000000 0.000000 0.000000 0.000000 0.000000 0.000000 0.000000 0.000000 0.000000 0.000000 0.000000 0.000000 0.000000 0.000000 0.000000 0.000000 0.000000 0.000000 0.000000 123.407371 123.383632 123.359230 123.332670 123.308931 123.293825 123.288845 123.284529 123.275897 123.271581 123.269423 123.262948 123.258632 123.254316 123.252158 123.247179 123.247179 123.242862 123.238546 123.236388 123.234230 123.232072 123.229914 123.227756 123.225598 123.223440 123.229914 123.238546 123.245021 123.254316 123.262948 123.271581 123.280213 123.288845 123.298141 123.308931 123.317564 123.326196 123.335491 123.341966
0.000000 0.000000 0.000000 0.000000 0.000000 0.000000 0.000000 0.000000 0.000000 0.000000 0.000000 0.000000 0.000000 0.000000 0.000000 0.000000 0.000000 0.000000 0.000000 0.000000 123.403055 123.379316 123.352756 123.328354 123.304615 123.298141 123.295983 123.291003 123.282371 123.278055 123.271581 123.267265 123.265107 123.262948 123.256474 123.254316 123.254316 123.247179 123.247179 123.242862 123.240704 123.238546 123.236388 123.234230 123.229914 123.229914 123.236388 123.245021 123.252158 123.260790 123.269423 123.278055 123.284529 123.293825 123.304615 123.313247 123.324038 123.332670 123.341966
0.000000 0.000000 0.000000 0.000000 0.000000 0.000000 0.000000 0.000000 0.000000 0.000000 0.000000 0.000000 0.000000 0.000000 0.000000 0.000000 0.000000 0.000000 0.000000 0.000000 0.000000 123.398739 123.372179 123.348440 123.324038 123.308931 123.304615 123.298141 123.291003 123.288845 123.284529 123.278055 123.273739 123.271581 123.267265 123.265107 123.260790 123.258632 123.254316 123.252158 123.249337 123.247179 123.242862 123.242862 123.240704 123.236388 123.236388 123.242862 123.250000 123.258632 123.267265 123.275897 123.284529 123.291667 123.300299 123.308931 123.319722 123.330512 123.339808
0.000000 0.000000 0.000000 0.000000 0.000000 0.000000 0.000000 0.000000 0.000000 0.000000 0.000000 0.000000 0.000000 0.000000 0.000000 0.000000 0.000000 0.000000 0.000000 0.000000 0.000000 123.416667 123.392265 123.367862 123.344124 123.319722 123.315405 123.311089 123.306773 123.298141 123.291667 123.286687 123.282371 123.278055 123.275897 123.273739 123.271581 123.267265 123.262948 123.260790 123.256474 123.256474 123.254316 123.249337 123.249337 123.247179 123.245021 123.242862 123.247179 123.256474 123.262948 123.273739 123.280213 123.288845 123.298141 123.306773 123.315405 123.326196 123.335491
0.000000 0.000000 0.000000 0.000000 0.000000 0.000000 0.000000 0.000000 0.000000 0.000000 0.000000 0.000000 0.000000 0.000000 0.000000 0.000000 0.000000 0.000000 0.000000 0.000000 0.000000 0.000000 123.411687 123.385790 123.361388 123.337649 123.326196 123.319722 123.315405 123.306773 123.302457 123.300299 123.291667 123.291003 123.286687 123.282371 123.280213 123.275897 123.271581 123.269423 123.267265 123.262948 123.260790 123.258632 123.256474 123.254316 123.252158 123.249337 123.249337 123.254316 123.262948 123.269423 123.280213 123.286687 123.298141 123.304615 123.313247 123.321880 123.330512
0.000000 0.000000 0.000000 0.000000 0.000000 0.000000 0.000000 0.000000 0.000000 0.000000 0.000000 0.000000 0.000000 0.000000 0.000000 0.000000 0.000000 0.000000 0.000000 0.000000 0.000000 0.000000 0.000000 123.405213 123.381474 123.357072 123.333333 123.330512 123.326196 123.319722 123.313247 123.311089 123.302457 123.298141 123.293825 123.291003 123.288845 123.286687 123.280213 123.280213 123.275897 123.273739 123.269423 123.267265 123.265107 123.262948 123.260790 123.258632 123.254316 123.254316 123.260790 123.269423 123.275897 123.286687 123.293825 123.302457 123.311089 123.319722 123.328354
0.000000 0.000000 0.000000 0.000000 0.000000 0.000000 0.000000 0.000000 0.000000 0.000000 0.000000 0.000000 0.000000 0.000000 0.000000 0.000000 0.000000 0.000000 0.000000 0.000000 0.000000 0.000000 0.000000 0.000000 123.403055 123.377158 123.350598 123.341966 123.335491 123.330512 123.324038 123.319722 123.315405 123.308931 123.304615 123.300299 123.295983 123.293825 123.291003 123.286687 123.284529 123.280213 123.280213 123.275897 123.273739 123.271581 123.267265 123.267265 123.265107 123.260790 123.260790 123.267265 123.273739 123.282371 123.291667 123.298141 123.308931 123.317564 123.324038
0.000000 0.000000 0.000000 0.000000 0.000000 0.000000 0.000000 0.000000 0.000000 0.000000 0.000000 0.000000 0.000000 0.000000 0.000000 0.000000 0.000000 0.000000 0.000000 0.000000 0.000000 0.000000 0.000000 0.000000 0.000000 123.396581 123.372179 123.350598 123.348440 123.341966 123.335491 123.330512 123.326196 123.319722 123.315405 123.311089 123.306773 123.302457 123.298141 123.298141 123.293825 123.291003 123.286687 123.284529 123.282371 123.280213 123.278055 123.273739 123.271581 123.269423 123.269423 123.267265 123.271581 123.280213 123.288845 123.298141 123.304615 123.315405 123.321880
