FireSTARR/test/constant/C2_S000_A000_WD315_WS020/arrival.asc
ncols         76
nrows         76
xllcorner     425903.990666
yllcorner     12741955.311160
cellsize      100.000000
NODATA_value  0.000000
[rows 0 to 25 of 76, columns 0 to 58 of 76]
0.000000 0.000000 0.000000 0.000000 0.000000 0.000000 0.000000 0.000000 123.409529 123.405213 0.000000 0.000000 0.000000 0.000000 0.000000 0.000000 0.000000 0.000000 0.000000 0.000000 0.000000 0.000000 0.000000 0.000000 0.000000 0.000000 0.000000 0.000000 0.000000 0.000000 0.000000 0.000000 0.000000 0.000000 0.000000 0.000000 0.000000 0.000000 0.000000 0.000000 0.000000 0.000000 0.000000 0.000000 0.000000 0.000000 0.000000 0.000000 0.000000 0.000000 0.000000 0.000000 0.000000 0.000000 0.000000 0.000000 0.000000 0.000000 0.000000
0.000000 0.000000 0.000000 0.000000 0.000000 0.000000 123.385790 123.359230 123.341966 123.341966 123.363546 123.381474 123.400897 0.000000 0.000000 0.000000 0.000000 0.000000 0.000000 0.000000 0.000000 0.000000 0.000000 0.000000 0.000000 0.000000 0.000000 0.000000 0.000000 0.000000 0.000000 0.000000 0.000000 0.000000 0.000000 0.000000 0.000000 0.000000 0.000000 0.000000 0.000000 0.000000 0.000000 0.000000 0.000000 0.000000 0.000000 0.000000 0.000000 0.000000 0.000000 0.000000 0.000000 0.000000 0.000000 0.000000 0.000000 0.000000 0.000000
0.000000 0.000000 0.000000 0.000000 123.387948 123.352756 123.319722 123.291667 123.280213 123.284529 123.306773 123.324038 123.341966 123.357072 123.375000 123.394423 123.416003 0.000000 0.000000 0.000000 0.000000 0.000000 0.000000 0.000000 0.000000 0.000000 0.000000 0.000000 0.000000 0.000000 0.000000 0.000000 0.000000 0.000000 0.000000 0.000000 0.000000 0.000000 0.000000 0.000000 0.000000 0.000000 0.000000 0.000000 0.000000 0.000000 0.000000 0.000000 0.000000 0.000000 0.000000 0.000000 0.000000 0.000000 0.000000 0.000000 0.000000 0.000000 0.000000
0.000000 0.000000 0.000000 123.359230 123.321880 123.286687 123.252158 123.225598 123.216966 123.227756 123.247179 123.265107 123.280213 123.300299 123.319722 123.339808 123.357072 123.377158 123.396581 123.413845 0.000000 0.000000 0.000000 0.000000 0.000000 0.000000 0.000000 0.000000 0.000000 0.000000 0.000000 0.000000 0.000000 0.000000 0.000000 0.000000 0.000000 0.000000 0.000000 0.000000 0.000000 0.000000 0.000000 0.000000 0.000000 0.000000 0.000000 0.000000 0.000000 0.000000 0.000000 0.000000 0.000000 0.000000 0.000000 0.000000 0.000000 0.000000 0.000000
0.000000 0.000000 123.392265 123.324038 123.256474 123.219124 123.183931 123.157371 123.155213 123.170983 123.186089 123.205512 123.223440 123.245021 123.265107 123.282371 123.302457 123.321880 123.339808 123.359230 123.377158 123.398739 123.416003 0.000000 0.000000 0.000000 0.000000 0.000000 0.000000 0.000000 0.000000 0.000000 0.000000 0.000000 0.000000 0.000000 0.000000 0.000000 0.000000 0.000000 0.000000 0.000000 0.000000 0.000000 0.000000 0.000000 0.000000 0.000000 0.000000 0.000000 0.000000 0.000000 0.000000 0.000000 0.000000 0.000000 0.000000 0.000000 0.000000
0.000000 0.000000 123.357072 123.291003 123.223440 123.155213 123.117862 123.091966 123.091966 123.111388 123.131474 123.150897 123.168825 123.190405 123.207670 123.229914 123.247179 123.265107 123.284529 123.304615 123.324038 123.344124 123.363546 123.381474 123.403055 0.000000 0.000000 0.000000 0.000000 0.000000 0.000000 0.000000 0.000000 0.000000 0.000000 0.000000 0.000000 0.000000 0.000000 0.000000 0.000000 0.000000 0.000000 0.000000 0.000000 0.000000 0.000000 0.000000 0.000000 0.000000 0.000000 0.000000 0.000000 0.000000 0.000000 0.000000 0.000000 0.000000 0.000000
0.000000 123.390107 123.321880 123.256474 123.188247 123.120021 123.054615 123.028055 123.034529 123.054615 123.076196 123.094124 123.113546 123.133632 123.153055 123.173141 123.190405 123.210491 123.229914 123.249337 123.269423 123.288845 123.306773 123.328354 123.346282 123.367862 123.385790 123.405213 0.000000 0.000000 0.000000 0.000000 0.000000 0.000000 0.000000 0.000000 0.000000 0.000000 0.000000 0.000000 0.000000 0.000000 0.000000 0.000000 0.000000 0.000000 0.000000 0.000000 0.000000 0.000000 0.000000 0.000000 0.000000 0.000000 0.000000 0.000000 0.000000 0.000000 0.000000
0.000000 123.365704 123.298141 123.232072 123.163845 123.098440 123.036687 123.000000 123.004316 123.017265 123.034529 123.054615 123.074038 123.094124 123.113546 123.133632 123.153055 123.173141 123.190405 123.210491 123.229914 123.249337 123.269423 123.288845 123.306773 123.326196 123.346282 123.365704 123.385790 123.405213 0.000000 0.000000 0.000000 0.000000 0.000000 0.000000 0.000000 0.000000 0.000000 0.000000 0.000000 0.000000 0.000000 0.000000 0.000000 0.000000 0.000000 0.000000 0.000000 0.000000 0.000000 0.000000 0.000000 0.000000 0.000000 0.000000 0.000000 0.000000 0.000000
123.416003 123.348440 123.286687 123.223440 123.161687 123.100598 123.043825 123.004316 123.004316 123.010790 123.019423 123.030213 123.050299 123.069722 123.089808 123.109230 123.127158 123.146581 123.166003 123.186089 123.205512 123.223440 123.245021 123.265107 123.282371 123.302457 123.321880 123.341966 123.361388 123.381474 123.400897 0.000000 0.000000 0.000000 0.000000 0.000000 0.000000 0.000000 0.000000 0.000000 0.000000 0.000000 0.000000 0.000000 0.000000 0.000000 0.000000 0.000000 0.000000 0.000000 0.000000 0.000000 0.000000 0.000000 0.000000 0.000000 0.000000 0.000000 0.000000
123.411687 123.350598 123.293825 123.236388 123.179615 123.120021 123.063247 123.021581 123.012948 123.010790 123.015107 123.023739 123.034529 123.043825 123.065405 123.082670 123.102756 123.122179 123.142265 123.161687 123.179615 123.201196 123.219124 123.238546 123.258632 123.278055 123.298141 123.317564 123.337649 123.357072 123.377158 123.396581 123.413845 0.000000 0.000000 0.000000 0.000000 0.000000 0.000000 0.000000 0.000000 0.000000 0.000000 0.000000 0.000000 0.000000 0.000000 0.000000 0.000000 0.000000 0.000000 0.000000 0.000000 0.000000 0.000000 0.000000 0.000000 0.000000 0.000000
0.000000 123.370021 123.313247 123.256474 123.199038 123.140107 123.082670 123.038845 123.021581 123.017265 123.017265 123.021581 123.032371 123.038845 123.050299 123.061089 123.078354 123.096282 123.117862 123.137948 123.155213 123.175299 123.194722 123.214808 123.234230 123.254316 123.273739 123.293825 123.313247 123.330512 123.352756 123.370021 123.390107 123.411687 0.000000 0.000000 0.000000 0.000000 0.000000 0.000000 0.000000 0.000000 0.000000 0.000000 0.000000 0.000000 0.000000 0.000000 0.000000 0.000000 0.000000 0.000000 0.000000 0.000000 0.000000 0.000000 0.000000 0.000000 0.000000
0.000000 123.390107 123.332670 123.273739 123.214808 123.159529 123.102756 123.058931 123.034529 123.028055 123.023739 123.023739 123.028055 123.036687 123.045983 123.056773 123.067564 123.076196 123.091966 123.113546 123.131474 123.150897 123.170983 123.190405 123.210491 123.229914 123.249337 123.269423 123.286687 123.306773 123.328354 123.346282 123.365704 123.385790 123.405213 0.000000 0.000000 0.000000 0.000000 0.000000 0.000000 0.000000 0.000000 0.000000 0.000000 0.000000 0.000000 0.000000 0.000000 0.000000 0.000000 0.000000 0.000000 0.000000 0.000000 0.000000 0.000000 0.000000 0.000000
0.000000 123.407371 123.350598 123.288845 123.232072 123.179615 123.122179 123.078354 123.054615 123.036687 123.034529 123.030213 123.028055 123.034529 123.043825 123.052457 123.063247 123.074038 123.083333 123.091966 123.107072 123.127158 123.146581 123.163845 123.183931 123.203354 123.223440 123.242862 123.262948 123.282371 123.302457 123.321880 123.341966 123.361388 123.381474 123.398739 0.000000 0.000000 0.000000 0.000000 0.000000 0.000000 0.000000 0.000000 0.000000 0.000000 0.000000 0.000000 0.000000 0.000000 0.000000 0.000000 0.000000 0.000000 0.000000 0.000000 0.000000 0.000000 0.000000
0.000000 0.000000 123.365704 123.308931 123.252158 123.199038 123.140107 123.098440 123.074038 123.050299 123.041667 123.038845 123.034529 123.034529 123.041003 123.050299 123.058931 123.069722 123.080512 123.087649 123.098440 123.107072 123.122179 123.140107 123.161687 123.179615 123.199038 123.219124 123.238546 123.258632 123.278055 123.298141 123.317564 123.335491 123.354914 123.374337 123.394423 123.413845 0.000000 0.000000 0.000000 0.000000 0.000000 0.000000 0.000000 0.000000 0.000000 0.000000 0.000000 0.000000 0.000000 0.000000 0.000000 0.000000 0.000000 0.000000 0.000000 0.000000 0.000000
0.000000 0.000000 123.383632 123.326196 123.271581 123.216966 123.161687 123.117862 123.094124 123.069722 123.052457 123.048141 123.043825 123.041003 123.041003 123.045983 123.056773 123.065405 123.071880 123.082670 123.096282 123.104914 123.115704 123.124337 123.135790 123.155213 123.175299 123.194722 123.214808 123.232072 123.252158 123.273739 123.291003 123.311089 123.330512 123.348440 123.370021 123.390107 123.407371 0.000000 0.000000 0.000000 0.000000 0.000000 0.000000 0.000000 0.000000 0.000000 0.000000 0.000000 0.000000 0.000000 0.000000 0.000000 0.000000 0.000000 0.000000 0.000000 0.000000
0.000000 0.000000 123.400897 123.346282 123.291003 123.236388 123.179615 123.137948 123.113546 123.089808 123.065405 123.058931 123.054615 123.050299 123.048141 123.048141 123.052457 123.061089 123.069722 123.078354 123.089808 123.098440 123.109230 123.120021 123.131474 123.140107 123.150897 123.170983 123.188247 123.208333 123.227756 123.249337 123.267265 123.286687 123.306773 123.326196 123.346282 123.363546 123.383632 123.403055 0.000000 0.000000 0.000000 0.000000 0.000000 0.000000 0.000000 0.000000 0.000000 0.000000 0.000000 0.000000 0.000000 0.000000 0.000000 0.000000 0.000000 0.000000 0.000000
0.000000 0.000000 0.000000 123.367862 123.311089 123.256474 123.201196 123.157371 123.133632 123.109230 123.082670 123.069722 123.063247 123.061089 123.056773 123.054615 123.052457 123.058931 123.069722 123.078354 123.085491 123.094124 123.104914 123.113546 123.125000 123.135790 123.146581 123.155213 123.163845 123.183931 123.203354 123.221282 123.242862 123.262948 123.280213 123.300299 123.319722 123.339808 123.359230 123.379316 123.398739 0.000000 0.000000 0.000000 0.000000 0.000000 0.000000 0.000000 0.000000 0.000000 0.000000 0.000000 0.000000 0.000000 0.000000 0.000000 0.000000 0.000000 0.000000
0.000000 0.000000 0.000000 123.385790 123.330512 123.273739 123.219124 123.177457 123.153055 123.127158 123.102756 123.078354 123.076196 123.067564 123.065405 123.063247 123.058931 123.058931 123.065405 123.074038 123.082670 123.091966 123.100598 123.109230 123.122179 123.131474 123.142265 123.153055 123.161687 123.170983 123.181773 123.199038 123.216966 123.236388 123.256474 123.275897 123.295983 123.315405 123.335491 123.354914 123.374337 123.394423 123.413845 0.000000 0.000000 0.000000 0.000000 0.000000 0.000000 0.000000 0.000000 0.000000 0.000000 0.000000 0.000000 0.000000 0.000000 0.000000 0.000000
0.000000 0.000000 0.000000 123.405213 123.350598 123.293825 123.238546 123.196880 123.173141 123.148739 123.122179 123.098440 123.085491 123.078354 123.076196 123.071880 123.069722 123.067564 123.065405 123.071880 123.080512 123.089808 123.096282 123.104914 123.115704 123.125000 123.135790 123.148739 123.157371 123.166667 123.177457 123.188247 123.196880 123.212649 123.232072 123.252158 123.271581 123.291003 123.311089 123.330512 123.348440 123.370021 123.387948 123.407371 0.000000 0.000000 0.000000 0.000000 0.000000 0.000000 0.000000 0.000000 0.000000 0.000000 0.000000 0.000000 0.000000 0.000000 0.000000
0.000000 0.000000 0.000000 0.000000 123.370021 123.313247 123.258632 123.214808 123.190405 123.166003 123.142265 123.117862 123.094124 123.091966 123.083333 123.082670 123.076196 123.076196 123.074038 123.071880 123.076196 123.085491 123.094124 123.104914 123.111388 123.122179 123.129316 123.142265 123.153055 123.163845 123.173141 123.183931 123.192564 123.203354 123.212649 123.227756 123.247179 123.265107 123.286687 123.304615 123.324038 123.344124 123.363546 123.381474 123.403055 0.000000 0.000000 0.000000 0.000000 0.000000 0.000000 0.000000 0.000000 0.000000 0.000000 0.000000 0.000000 0.000000 0.000000
0.000000 0.000000 0.000000 0.000000 123.390107 123.332670 123.278055 123.236388 123.210491 123.186089 123.161687 123.137948 123.111388 123.100598 123.094124 123.091966 123.087649 123.082670 123.082670 123.078354 123.078354 123.082670 123.094124 123.102756 123.111388 123.117862 123.125000 123.137948 123.146581 123.157371 123.166667 123.177457 123.188247 123.199038 123.208333 123.219124 123.227756 123.240704 123.260790 123.280213 123.300299 123.319722 123.339808 123.359230 123.377158 123.398739 123.416003 0.000000 0.000000 0.000000 0.000000 0.000000 0.000000 0.000000 0.000000 0.000000 0.000000 0.000000 0.000000
0.000000 0.000000 0.000000 0.000000 123.409529 123.352756 123.298141 123.256474 123.229914 123.205512 123.179615 123.157371 123.131474 123.109230 123.107072 123.102756 123.096282 123.091966 123.089808 123.087649 123.083333 123.083333 123.089808 123.098440 123.107072 123.115704 123.124337 123.133632 123.142265 123.153055 123.163845 123.173141 123.183931 123.194722 123.205512 123.214808 123.225598 123.234230 123.245021 123.256474 123.275897 123.295983 123.315405 123.335491 123.352756 123.372179 123.390107 123.411687 0.000000 0.000000 0.000000 0.000000 0.000000 0.000000 0.000000 0.000000 0.000000 0.000000 0.000000
0.000000 0.000000 0.000000 0.000000 0.000000 123.372179 123.317564 123.273739 123.249337 123.223440 123.201196 123.177457 123.150897 123.125000 123.117862 123.109230 123.104914 123.102756 123.098440 123.096282 123.094124 123.091966 123.089808 123.096282 123.104914 123.113546 123.122179 123.129316 123.137948 123.148739 123.159529 123.166667 123.179615 123.190405 123.199038 123.212649 123.221282 123.232072 123.240704 123.249337 123.260790 123.271581 123.291003 123.311089 123.328354 123.348440 123.370021 123.387948 123.405213 0.000000 0.000000 0.000000 0.000000 0.000000 0.000000 0.000000 0.000000 0.000000 0.000000
0.000000 0.000000 0.000000 0.000000 0.000000 123.390107 123.337649 123.293825 123.269423 123.245021 123.221282 123.194722 123.170983 123.146581 123.124337 123.120021 123.117862 123.111388 123.109230 123.104914 123.102756 123.100598 123.098440 123.096282 123.100598 123.111388 123.120021 123.129316 123.135790 123.144423 123.155213 123.163845 123.173141 123.186089 123.196880 123.205512 123.214808 123.225598 123.234230 123.247179 123.254316 123.265107 123.275897 123.286687 123.304615 123.324038 123.344124 123.363546 123.381474 123.403055 0.000000 0.000000 0.000000 0.000000 0.000000 0.000000 0.000000 0.000000 0.000000
0.000000 0.000000 0.000000 0.000000 0.000000 123.411687 123.357072 123.313247 123.288845 123.262948 123.238546 123.214808 123.190405 123.163845 123.140107 123.131474 123.124337 123.120021 123.117862 123.113546 123.111388 123.107072 123.104914 123.102756 123.102756 123.107072 123.117862 123.125000 123.135790 123.142265 123.150897 123.161687 123.170983 123.179615 123.190405 123.201196 123.210491 123.221282 123.232072 123.242862 123.250000 123.260790 123.269423 123.282371 123.291667 123.300299 123.317564 123.339808 123.357072 123.377158 123.396581 123.416003 0.000000 0.000000 0.000000 0.000000 0.000000 0.000000 0.000000
0.000000 0.000000 0.000000 0.000000 0.000000 0.000000 123.375000 123.332670 123.306773 123.282371 123.258632 123.236388 123.210491 123.183931 123.159529 123.140107 123.135790 123.133632 123.127158 123.124337 123.117862 123.115704 123.113546 123.111388 123.109230 123.109230 123.113546 123.124337 123.131474 123.142265 123.148739 123.155213 123.166003 123.173141 123.183931 123.194722 123.207670 123.216966 123.225598 123.236388 123.247179 123.258632 123.267265 123.275897 123.286687 123.295983 123.306773 123.317564 123.332670 123.352756 123.372179 123.390107 123.411687 0.000000 0.000000 0.000000 0.000000 0.000000 0.000000
