FireSTARR/test/constant/M1M225PC_S000_A180_WD135_WS020/arrival.asc
ncols         22
nrows         23
xllcorner     424703.990666
yllcorner     12748555.311160
cellsize      100.000000
NODATA_value  0.000000
123.416667 0.000000 0.000000 0.000000 0.000000 0.000000 0.000000 0.000000 0.000000 0.000000 0.000000 0.000000 0.000000 0.000000 0.000000 0.000000 0.000000 0.000000 0.000000 0.000000 0.000000 0.000000 
123.397636 123.397636 123.405182 123.416667 0.000000 0.000000 0.000000 0.000000 0.000000 0.000000 0.000000 0.000000 0.000000 0.000000 0.000000 0.000000 0.000000 0.000000 0.000000 0.000000 0.000000 0.000000 
123.405182 123.375000 123.375000 123.382545 123.397636 123.405182 123.416667 0.000000 0.000000 0.000000 0.000000 0.000000 0.000000 0.000000 0.000000 0.000000 0.000000 0.000000 0.000000 0.000000 0.000000 0.000000 
123.412727 123.382545 123.355970 123.355970 123.363515 123.375000 123.382545 123.397636 123.412727 0.000000 0.000000 0.000000 0.000000 0.000000 0.000000 0.000000 0.000000 0.000000 0.000000 0.000000 0.000000 0.000000 
0.000000 123.390091 123.363515 123.333333 123.333333 123.348424 123.355970 123.371061 123.382545 123.390091 123.397636 0.000000 0.000000 0.000000 0.000000 0.000000 0.000000 0.000000 0.000000 0.000000 0.000000 0.000000 
0.000000 123.405182 123.371061 123.340879 123.314303 123.314303 123.321849 123.333333 123.348424 123.355970 123.371061 123.390091 123.397636 0.000000 0.000000 0.000000 0.000000 0.000000 0.000000 0.000000 0.000000 0.000000 
0.000000 123.412727 123.375000 123.348424 123.314303 123.291667 123.287727 123.306758 123.314303 123.321849 123.340879 123.348424 123.363515 123.382545 0.000000 0.000000 0.000000 0.000000 0.000000 0.000000 0.000000 0.000000 
0.000000 0.000000 123.390091 123.363515 123.329394 123.291667 123.272636 123.272636 123.280182 123.287727 123.306758 123.314303 123.333333 123.348424 123.375000 0.000000 0.000000 0.000000 0.000000 0.000000 0.000000 0.000000 
0.000000 0.000000 123.405182 123.371061 123.340879 123.306758 123.272636 123.250000 123.246061 123.257545 123.272636 123.280182 123.299212 123.306758 123.321849 123.397636 0.000000 0.000000 0.000000 0.000000 0.000000 0.000000 
0.000000 0.000000 123.416667 123.382545 123.348424 123.314303 123.287727 123.250000 123.230970 123.223424 123.238515 123.246061 123.265091 123.272636 123.291667 123.321849 123.412727 0.000000 0.000000 0.000000 0.000000 0.000000 
0.000000 0.000000 0.000000 123.397636 123.363515 123.329394 123.299212 123.265091 123.230970 123.204394 123.204394 123.215879 123.230970 123.246061 123.250000 123.265091 123.348424 0.000000 0.000000 0.000000 0.000000 0.000000 
0.000000 0.000000 0.000000 123.412727 123.371061 123.348424 123.306758 123.272636 123.246061 123.208333 123.189303 123.181758 123.196849 123.208333 123.215879 123.238515 123.272636 123.355970 0.000000 0.000000 0.000000 0.000000 
0.000000 0.000000 0.000000 0.000000 123.390091 123.355970 123.321849 123.291667 123.257545 123.223424 123.189303 123.162727 123.162727 123.174212 123.181758 123.196849 123.208333 123.291667 123.375000 0.000000 0.000000 0.000000 
0.000000 0.000000 0.000000 0.000000 123.412727 123.371061 123.340879 123.299212 123.265091 123.230970 123.204394 123.166667 123.140091 123.140091 123.155182 123.166667 123.181758 123.223424 123.314303 123.397636 0.000000 0.000000 
0.000000 0.000000 0.000000 0.000000 0.000000 123.382545 123.355970 123.306758 123.280182 123.250000 123.208333 123.181758 123.147636 123.121061 123.121061 123.132545 123.147636 123.155182 123.238515 123.329394 0.000000 0.000000 
0.000000 0.000000 0.000000 0.000000 0.000000 0.000000 123.397636 123.329394 123.299212 123.257545 123.223424 123.196849 123.162727 123.121061 123.098424 123.098424 123.105970 123.125000 123.174212 123.257545 123.405182 0.000000 
0.000000 0.000000 0.000000 0.000000 0.000000 0.000000 0.000000 123.405182 123.340879 123.272636 123.238515 123.208333 123.162727 123.140091 123.105970 123.079394 123.079394 123.098424 123.105970 123.189303 123.333333 0.000000 
0.000000 0.000000 0.000000 0.000000 0.000000 0.000000 0.000000 0.000000 0.000000 123.363515 123.291667 123.223424 123.189303 123.147636 123.113515 123.079394 123.056758 123.056758 123.064303 123.125000 123.265091 0.000000 
0.000000 0.000000 0.000000 0.000000 0.000000 0.000000 0.000000 0.000000 0.000000 0.000000 123.375000 123.306758 123.238515 123.166667 123.132545 123.098424 123.056758 123.037727 123.037727 123.056758 123.196849 123.397636 
0.000000 0.000000 0.000000 0.000000 0.000000 0.000000 0.000000 0.000000 0.000000 0.000000 0.000000 123.397636 123.329394 123.257545 123.189303 123.121061 123.071849 123.041667 123.015091 123.015091 123.125000 123.329394 
0.000000 0.000000 0.000000 0.000000 0.000000 0.000000 0.000000 0.000000 0.000000 0.000000 0.000000 0.000000 123.416667 123.348424 123.280182 123.208333 123.140091 123.071849 123.015091 123.000000 123.105970 123.321849 
0.000000 0.000000 0.000000 0.000000 0.000000 0.000000 0.000000 0.000000 0.000000 0.000000 0.000000 0.000000 0.000000 0.000000 0.000000 123.363515 123.291667 123.230970 123.155182 123.125000 123.189303 123.416667 
0.000000 0.000000 0.000000 0.000000 0.000000 0.000000 0.000000 0.000000 0.000000 0.000000 0.000000 0.000000 0.000000 0.000000 0.000000 0.000000 0.000000 0.000000 123.355970 123.348424 0.000000 0.000000 
