FireSTARR/test/constant/O1a_S060_A270_WD045_WS020/arrival.asc
ncols         120
nrows         736
xllcorner     416003.990666
yllcorner     12748755.311160
cellsize      100.000000
NODATA_value  0.000000
[rows 648 to 674 of 736, columns 60 to 119 of 120]
0.000000 0.000000 0.000000 0.000000 0.000000 0.000000 0.000000 0.000000 0.000000 0.000000 0.000000 0.000000 0.000000 0.000000 0.000000 0.000000 0.000000 0.000000 0.000000 0.000000 0.000000 0.000000 123.413839 123.350936 123.287721 123.238510 123.177843 123.145397 123.102054 123.085010 123.076035 123.067652 123.058711 123.049490 123.049211 123.057034 123.065417 123.076035 123.083892 123.091716 123.100936 123.109039 123.119378 123.126956 123.135618 123.145397 123.156015 123.171137 123.190696 123.213363 123.236554 123.256985 123.279618 123.301726 123.324637 123.346186 123.368819 123.392044 123.414956 0.000000
0.000000 0.000000 0.000000 0.000000 0.000000 0.000000 0.000000 0.000000 0.000000 0.000000 0.000000 0.000000 0.000000 0.000000 0.000000 0.000000 0.000000 0.000000 0.000000 0.000000 0.000000 0.000000 0.000000 123.360157 123.293343 123.249128 123.191255 123.146515 123.114907 123.085569 123.076593 123.068211 123.060387 123.050608 123.048652 123.055358 123.064020 123.074079 123.082182 123.090039 123.099539 123.107084 123.117981 123.125559 123.133662 123.144000 123.154059 123.169181 123.189020 123.211127 123.234598 123.255309 123.277662 123.300328 123.322402 123.344230 123.367422 123.389809 123.413000 0.000000
0.000000 0.000000 0.000000 0.000000 0.000000 0.000000 0.000000 0.000000 0.000000 0.000000 0.000000 0.000000 0.000000 0.000000 0.000000 0.000000 0.000000 0.000000 0.000000 0.000000 0.000000 0.000000 0.000000 123.384779 123.311505 123.255029 123.201314 123.153780 123.123010 123.086127 123.077990 123.068770 123.060667 123.051167 123.048093 123.053681 123.062064 123.072123 123.080226 123.088083 123.097583 123.105128 123.115745 123.123569 123.132265 123.142044 123.152383 123.167505 123.186784 123.209730 123.232642 123.253353 123.276265 123.298093 123.320726 123.342554 123.366025 123.387853 123.411044 0.000000
0.000000 0.000000 0.000000 0.000000 0.000000 0.000000 0.000000 0.000000 0.000000 0.000000 0.000000 0.000000 0.000000 0.000000 0.000000 0.000000 0.000000 0.000000 0.000000 0.000000 0.000000 0.000000 0.000000 123.393162 123.331623 123.277383 123.212245 123.169740 123.123569 123.086966 123.078549 123.069608 123.060946 123.052284 123.047534 123.051726 123.060387 123.070167 123.078549 123.086686 123.095907 123.103172 123.114069 123.121892 123.130309 123.140088 123.150147 123.165515 123.185108 123.207740 123.230686 123.251676 123.274309 123.296417 123.318770 123.340319 123.363789 123.386735 123.409647 0.000000
0.000000 0.000000 0.000000 0.000000 0.000000 0.000000 0.000000 0.000000 0.000000 0.000000 0.000000 0.000000 0.000000 0.000000 0.000000 0.000000 0.000000 0.000000 0.000000 0.000000 0.000000 0.000000 0.000000 123.394000 123.337804 123.277941 123.217275 123.171696 123.130309 123.091157 123.078829 123.070167 123.061784 123.052564 123.046976 123.049770 123.058431 123.068211 123.076593 123.084730 123.093672 123.101216 123.111834 123.120216 123.128632 123.138132 123.148471 123.163839 123.183431 123.205785 123.229010 123.249966 123.272353 123.294461 123.316814 123.338642 123.362113 123.385338 123.407412 0.000000
0.000000 0.000000 0.000000 0.000000 0.000000 0.000000 0.000000 0.000000 0.000000 0.000000 0.000000 0.000000 0.000000 0.000000 0.000000 0.000000 0.000000 0.000000 0.000000 0.000000 0.000000 0.000000 0.000000 123.412162 123.354848 123.282691 123.229569 123.172534 123.137294 123.101216 123.079946 123.070726 123.062343 123.053681 123.046417 123.047814 123.056476 123.066255 123.074637 123.082740 123.091995 123.099539 123.110157 123.118260 123.126956 123.136177 123.146794 123.162162 123.181476 123.204108 123.226775 123.248010 123.270397 123.292784 123.315417 123.337245 123.360157 123.383941 123.406015 0.000000
0.000000 0.000000 0.000000 0.000000 0.000000 0.000000 0.000000 0.000000 0.000000 0.000000 0.000000 0.000000 0.000000 0.000000 0.000000 0.000000 0.000000 0.000000 0.000000 0.000000 0.000000 0.000000 0.000000 0.000000 123.371054 123.300887 123.241025 123.184270 123.142882 123.103731 123.080505 123.071285 123.062902 123.054240 123.045858 123.046137 123.055079 123.064579 123.072682 123.081064 123.090319 123.097583 123.108201 123.116304 123.124966 123.134221 123.144838 123.160206 123.180079 123.202152 123.224819 123.246334 123.268441 123.290794 123.313461 123.335010 123.358201 123.381985 123.404059 0.000000
0.000000 0.000000 0.000000 0.000000 0.000000 0.000000 0.000000 0.000000 0.000000 0.000000 0.000000 0.000000 0.000000 0.000000 0.000000 0.000000 0.000000 0.000000 0.000000 0.000000 0.000000 0.000000 0.000000 0.000000 123.378353 123.320446 123.252235 123.195446 123.157412 123.117981 123.080785 123.072682 123.064020 123.054799 123.045578 123.045020 123.053123 123.062343 123.071005 123.079388 123.088363 123.095628 123.106525 123.114348 123.123289 123.132544 123.143162 123.158250 123.177843 123.200196 123.223422 123.244378 123.266485 123.288839 123.311505 123.333613 123.356525 123.380029 123.402103 0.000000
0.000000 0.000000 0.000000 0.000000 0.000000 0.000000 0.000000 0.000000 0.000000 0.000000 0.000000 0.000000 0.000000 0.000000 0.000000 0.000000 0.000000 0.000000 0.000000 0.000000 0.000000 0.000000 0.000000 0.000000 123.381427 123.333299 123.267603 123.203270 123.163280 123.123010 123.081902 123.073240 123.064299 123.056196 123.046976 123.044461 123.051167 123.060667 123.068770 123.077152 123.086407 123.094230 123.104848 123.112672 123.121613 123.130868 123.141206 123.156294 123.175887 123.198799 123.221186 123.242422 123.264530 123.287162 123.309549 123.332182 123.354569 123.378074 123.401265 0.000000
0.000000 0.000000 0.000000 0.000000 0.000000 0.000000 0.000000 0.000000 0.000000 0.000000 0.000000 0.000000 0.000000 0.000000 0.000000 0.000000 0.000000 0.000000 0.000000 0.000000 0.000000 0.000000 0.000000 0.000000 123.399030 123.343951 123.272633 123.215319 123.163559 123.124966 123.082182 123.073520 123.064858 123.056476 123.047255 123.043902 123.049770 123.058990 123.067093 123.076035 123.084451 123.092275 123.102892 123.110716 123.119657 123.128912 123.139250 123.154618 123.174490 123.196564 123.219510 123.241025 123.262853 123.285206 123.307873 123.330226 123.353731 123.376397 123.399588 0.000000
0.000000 0.000000 0.000000 0.000000 0.000000 0.000000 0.000000 0.000000 0.000000 0.000000 0.000000 0.000000 0.000000 0.000000 0.000000 0.000000 0.000000 0.000000 0.000000 0.000000 0.000000 0.000000 0.000000 0.000000 123.416074 123.347583 123.288559 123.221186 123.171137 123.129191 123.097583 123.074637 123.065417 123.057034 123.048373 123.043343 123.047814 123.057034 123.065417 123.073799 123.082740 123.090319 123.100936 123.108760 123.117981 123.127515 123.137853 123.152662 123.172534 123.194887 123.217554 123.239069 123.260618 123.283530 123.305637 123.328549 123.352054 123.374687 123.398191 0.000000
0.000000 0.000000 0.000000 0.000000 0.000000 0.000000 0.000000 0.000000 0.000000 0.000000 0.000000 0.000000 0.000000 0.000000 0.000000 0.000000 0.000000 0.000000 0.000000 0.000000 0.000000 0.000000 0.000000 0.000000 0.000000 123.367701 123.304799 123.230407 123.177005 123.142044 123.111834 123.075196 123.065976 123.057593 123.048931 123.042784 123.045858 123.055079 123.063461 123.072123 123.081343 123.088363 123.098981 123.107363 123.116304 123.125279 123.135897 123.150706 123.170858 123.192652 123.215878 123.237392 123.258941 123.281853 123.303961 123.326593 123.350378 123.372731 123.397633 0.000000
0.000000 0.000000 0.000000 0.000000 0.000000 0.000000 0.000000 0.000000 0.000000 0.000000 0.000000 0.000000 0.000000 0.000000 0.000000 0.000000 0.000000 0.000000 0.000000 0.000000 0.000000 0.000000 0.000000 0.000000 0.000000 123.374128 123.322123 123.250838 123.186226 123.149868 123.112672 123.075476 123.067373 123.058431 123.049490 123.042225 123.043902 123.053123 123.062064 123.070446 123.079108 123.086686 123.097025 123.105128 123.114348 123.123569 123.133941 123.149309 123.169181 123.190976 123.214201 123.235716 123.257544 123.279618 123.302284 123.324637 123.348142 123.371054 123.396235 0.000000
0.000000 0.000000 0.000000 0.000000 0.000000 0.000000 0.000000 0.000000 0.000000 0.000000 0.000000 0.000000 0.000000 0.000000 0.000000 0.000000 0.000000 0.000000 0.000000 0.000000 0.000000 0.000000 0.000000 0.000000 0.000000 123.383382 123.331064 123.265647 123.200755 123.157971 123.117142 123.076593 123.067932 123.058990 123.050887 123.041633 123.042225 123.051167 123.059829 123.068490 123.077432 123.085010 123.095069 123.103451 123.112672 123.121613 123.131985 123.147074 123.167225 123.189020 123.212245 123.233481 123.255309 123.277941 123.300328 123.323240 123.346466 123.369378 123.394559 0.000000
0.000000 0.000000 0.000000 0.000000 0.000000 0.000000 0.000000 0.000000 0.000000 0.000000 0.000000 0.000000 0.000000 0.000000 0.000000 0.000000 0.000000 0.000000 0.000000 0.000000 0.000000 0.000000 0.000000 0.000000 0.000000 123.393441 123.338642 123.279338 123.208333 123.158250 123.119657 123.076873 123.068490 123.059549 123.051167 123.041946 123.041074 123.049211 123.057873 123.066814 123.075476 123.083020 123.093113 123.101495 123.110716 123.119657 123.130309 123.145397 123.165515 123.187064 123.210848 123.231804 123.253632 123.275985 123.298931 123.321285 123.344789 123.367142 123.392603 123.415515
0.000000 0.000000 0.000000 0.000000 0.000000 0.000000 0.000000 0.000000 0.000000 0.000000 0.000000 0.000000 0.000000 0.000000 0.000000 0.000000 0.000000 0.000000 0.000000 0.000000 0.000000 0.000000 0.000000 0.000000 0.000000 0.000000 123.348701 123.294740 123.225378 123.163000 123.124687 123.086407 123.069329 123.060387 123.051726 123.043064 123.040515 123.047255 123.056476 123.064858 123.073520 123.081343 123.091157 123.099539 123.109039 123.117981 123.128074 123.143162 123.164118 123.185667 123.208892 123.229848 123.251676 123.274309 123.296976 123.320167 123.342833 123.366304 123.390927 123.414956
0.000000 0.000000 0.000000 0.000000 0.000000 0.000000 0.000000 0.000000 0.000000 0.000000 0.000000 0.000000 0.000000 0.000000 0.000000 0.000000 0.000000 0.000000 0.000000 0.000000 0.000000 0.000000 0.000000 0.000000 0.000000 0.000000 123.355686 123.299490 123.237951 123.175608 123.138132 123.105966 123.069887 123.060946 123.052284 123.043623 123.039956 123.045299 123.054520 123.062902 123.072123 123.079667 123.089480 123.098142 123.107363 123.116025 123.126397 123.141485 123.161883 123.183711 123.206902 123.227892 123.249966 123.272633 123.295299 123.318490 123.341157 123.364628 123.388971 123.413000
0.000000 0.000000 0.000000 0.000000 0.000000 0.000000 0.000000 0.000000 0.000000 0.000000 0.000000 0.000000 0.000000 0.000000 0.000000 0.000000 0.000000 0.000000 0.000000 0.000000 0.000000 0.000000 0.000000 0.000000 0.000000 0.000000 123.379471 123.320167 123.253912 123.180637 123.144280 123.107363 123.070167 123.062064 123.052843 123.044181 123.039397 123.043623 123.052564 123.061505 123.070167 123.077711 123.087245 123.096186 123.105407 123.114069 123.124966 123.139250 123.160206 123.182034 123.204946 123.225936 123.248289 123.270677 123.293623 123.316814 123.339201 123.364069 123.387015 123.412721
0.000000 0.000000 0.000000 0.000000 0.000000 0.000000 0.000000 0.000000 0.000000 0.000000 0.000000 0.000000 0.000000 0.000000 0.000000 0.000000 0.000000 0.000000 0.000000 0.000000 0.000000 0.000000 0.000000 0.000000 0.000000 0.000000 123.387853 123.327711 123.267603 123.200196 123.148750 123.112951 123.071285 123.062623 123.053681 123.045299 123.038839 123.041667 123.050608 123.059549 123.068490 123.076035 123.085569 123.094230 123.103731 123.112672 123.123010 123.137574 123.158250 123.179799 123.202990 123.224260 123.246334 123.269000 123.291633 123.314858 123.337525 123.362951 123.385338 123.410765
0.000000 0.000000 0.000000 0.000000 0.000000 0.000000 0.000000 0.000000 0.000000 0.000000 0.000000 0.000000 0.000000 0.000000 0.000000 0.000000 0.000000 0.000000 0.000000 0.000000 0.000000 0.000000 0.000000 0.000000 0.000000 0.000000 123.410486 123.328270 123.277383 123.215039 123.152941 123.114348 123.071843 123.063182 123.054240 123.045858 123.038280 123.039956 123.048931 123.057873 123.066255 123.074079 123.083892 123.092275 123.101775 123.110716 123.121054 123.135618 123.156294 123.178123 123.201314 123.222304 123.244657 123.267044 123.289956 123.312902 123.336407 123.361275 123.383382 123.409647
0.000000 0.000000 0.000000 0.000000 0.000000 0.000000 0.000000 0.000000 0.000000 0.000000 0.000000 0.000000 0.000000 0.000000 0.000000 0.000000 0.000000 0.000000 0.000000 0.000000 0.000000 0.000000 0.000000 0.000000 0.000000 0.000000 0.000000 123.357922 123.291074 123.227333 123.162441 123.119378 123.087804 123.064020 123.055079 123.046696 123.037721 123.038280 123.047255 123.055637 123.064579 123.072123 123.081902 123.090598 123.099819 123.109039 123.119657 123.133662 123.154897 123.176726 123.199358 123.220348 123.242701 123.265088 123.288000 123.311505 123.334451 123.359319 123.382265 123.407971
0.000000 0.000000 0.000000 0.000000 0.000000 0.000000 0.000000 0.000000 0.000000 0.000000 0.000000 0.000000 0.000000 0.000000 0.000000 0.000000 0.000000 0.000000 0.000000 0.000000 0.000000 0.000000 0.000000 0.000000 0.000000 0.000000 0.000000 123.358760 123.300049 123.241304 123.171696 123.134500 123.101216 123.064579 123.055637 123.047534 123.038000 123.037162 123.045299 123.053961 123.063182 123.070726 123.080226 123.088922 123.098422 123.106804 123.117422 123.132265 123.152941 123.174490 123.197402 123.218951 123.240745 123.263691 123.286044 123.309549 123.332461 123.357363 123.380588 123.407133
0.000000 0.000000 0.000000 0.000000 0.000000 0.000000 0.000000 0.000000 0.000000 0.000000 0.000000 0.000000 0.000000 0.000000 0.000000 0.000000 0.000000 0.000000 0.000000 0.000000 0.000000 0.000000 0.000000 0.000000 0.000000 0.000000 0.000000 123.374128 123.310108 123.257265 123.188461 123.138971 123.102054 123.064858 123.056196 123.048093 123.039118 123.036603 123.043343 123.052284 123.060946 123.068770 123.078549 123.086966 123.096186 123.104848 123.115745 123.130309 123.151265 123.173373 123.196005 123.216995 123.239348 123.261456 123.284647 123.307593 123.331623 123.355966 123.380029 123.406294
0.000000 0.000000 0.000000 0.000000 0.000000 0.000000 0.000000 0.000000 0.000000 0.000000 0.000000 0.000000 0.000000 0.000000 0.000000 0.000000 0.000000 0.000000 0.000000 0.000000 0.000000 0.000000 0.000000 0.000000 0.000000 0.000000 0.000000 123.392882 123.321005 123.265088 123.209451 123.143162 123.107363 123.065976 123.057314 123.048373 123.039956 123.036044 123.041353 123.050328 123.059270 123.067093 123.076593 123.085569 123.094510 123.103451 123.113510 123.128632 123.149030 123.171696 123.194049 123.215319 123.237113 123.259779 123.282412 123.305637 123.330226 123.353731 123.378074 123.404618
0.000000 0.000000 0.000000 0.000000 0.000000 0.000000 0.000000 0.000000 0.000000 0.000000 0.000000 0.000000 0.000000 0.000000 0.000000 0.000000 0.000000 0.000000 0.000000 0.000000 0.000000 0.000000 0.000000 0.000000 0.000000 0.000000 0.000000 123.415794 123.323799 123.279338 123.213642 123.147912 123.109039 123.066534 123.057873 123.048931 123.040515 123.035486 123.039677 123.048373 123.057314 123.065417 123.074637 123.083613 123.092554 123.101216 123.111834 123.126676 123.147353 123.169740 123.192093 123.213083 123.235716 123.257824 123.281015 123.303961 123.328549 123.352054 123.377515 123.403780
0.000000 0.000000 0.000000 0.000000 0.000000 0.000000 0.000000 0.000000 0.000000 0.000000 0.000000 0.000000 0.000000 0.000000 0.000000 0.000000 0.000000 0.000000 0.000000 0.000000 0.000000 0.000000 0.000000 0.000000 0.000000 0.000000 0.000000 0.000000 123.349819 123.287721 123.227054 123.162162 123.113510 123.090319 123.058711 123.049770 123.041633 123.034927 123.038000 123.046417 123.055358 123.063461 123.072682 123.081623 123.090878 123.099539 123.109878 123.124687 123.145677 123.167784 123.190137 123.211407 123.234039 123.256147 123.279338 123.302284 123.326593 123.350098 123.375559 123.401824
0.000000 0.000000 0.000000 0.000000 0.000000 0.000000 0.000000 0.000000 0.000000 0.000000 0.000000 0.000000 0.000000 0.000000 0.000000 0.000000 0.000000 0.000000 0.000000 0.000000 0.000000 0.000000 0.000000 0.000000 0.000000 0.000000 0.000000 0.000000 123.366304 123.293902 123.242981 123.171976 123.121054 123.093672 123.059270 123.050328 123.041946 123.034368 123.036044 123.044461 123.053961 123.061784 123.071005 123.079667 123.089201 123.097583 123.107922 123.123010 123.143721 123.165794 123.188182 123.209730 123.232084 123.254471 123.277662 123.300049 123.325476 123.348422 123.375279 123.401544
