FireSTARR/test/constant/O1a_S060_A270_WD045_WS020/arrival.asc
ncols         120
nrows         736
xllcorner     416003.990666
yllcorner     12748755.311160
cellsize      100.000000
NODATA_value  0.000000
[rows 216 to 242 of 736, columns 0 to 59 of 120]
0.000000 0.000000 0.000000 0.000000 0.000000 0.000000 0.000000 0.000000 0.000000 0.000000 0.000000 0.000000 0.000000 0.000000 0.000000 0.000000 0.000000 123.415515 123.406853 123.398191 123.389250 123.380588 123.372172 123.363789 123.354848 123.346466 123.337525 123.328549 123.319608 123.310946 123.302284 123.293902 123.294181 123.303123 123.311226 123.320726 123.329388 123.338922 123.347304 123.356804 123.364628 123.373010 123.381706 123.390368 123.398471 123.406574 123.415236 0.000000 0.000000 0.000000 0.000000 0.000000 0.000000 0.000000 0.000000 0.000000 0.000000 0.000000 0.000000 0.000000
0.000000 0.000000 0.000000 0.000000 0.000000 0.000000 0.000000 0.000000 0.000000 0.000000 0.000000 0.000000 0.000000 0.000000 0.000000 0.000000 0.000000 123.416074 123.407412 123.398750 123.389809 123.381147 123.372731 123.363789 123.355966 123.347025 123.337525 123.329108 123.320167 123.311505 123.302843 123.293902 123.293343 123.301446 123.309549 123.318770 123.327432 123.337245 123.345348 123.354848 123.362951 123.372451 123.379750 123.388412 123.396794 123.404897 123.413280 0.000000 0.000000 0.000000 0.000000 0.000000 0.000000 0.000000 0.000000 0.000000 0.000000 0.000000 0.000000 0.000000
0.000000 0.000000 0.000000 0.000000 0.000000 0.000000 0.000000 0.000000 0.000000 0.000000 0.000000 0.000000 0.000000 0.000000 0.000000 0.000000 0.000000 0.000000 123.407691 123.399309 123.390088 123.381985 123.372731 123.364907 123.356525 123.347583 123.338083 123.329388 123.321005 123.312623 123.303402 123.295020 123.292784 123.299490 123.307873 123.317093 123.325476 123.335569 123.343672 123.352892 123.360995 123.370775 123.377794 123.386456 123.395118 123.403221 123.411324 0.000000 0.000000 0.000000 0.000000 0.000000 0.000000 0.000000 0.000000 0.000000 0.000000 0.000000 0.000000 0.000000
0.000000 0.000000 0.000000 0.000000 0.000000 0.000000 0.000000 0.000000 0.000000 0.000000 0.000000 0.000000 0.000000 0.000000 0.000000 0.000000 0.000000 0.000000 123.408809 123.400147 123.391206 123.382544 123.374128 123.365466 123.357642 123.348142 123.339480 123.330505 123.321564 123.313182 123.303961 123.295299 123.292225 123.297534 123.305917 123.315137 123.323799 123.333613 123.341436 123.351495 123.359039 123.368819 123.376118 123.385059 123.393162 123.401265 123.409927 0.000000 0.000000 0.000000 0.000000 0.000000 0.000000 0.000000 0.000000 0.000000 0.000000 0.000000 0.000000 0.000000
0.000000 0.000000 0.000000 0.000000 0.000000 0.000000 0.000000 0.000000 0.000000 0.000000 0.000000 0.000000 0.000000 0.000000 0.000000 0.000000 0.000000 0.000000 123.409927 123.400706 123.391765 123.383382 123.374966 123.366304 123.358201 123.348701 123.340598 123.331343 123.321843 123.313461 123.305079 123.296137 123.291633 123.295578 123.304520 123.313461 123.322123 123.331902 123.339760 123.349260 123.357084 123.366863 123.374407 123.383103 123.391485 123.399309 123.407971 123.416353 0.000000 0.000000 0.000000 0.000000 0.000000 0.000000 0.000000 0.000000 0.000000 0.000000 0.000000 0.000000
0.000000 0.000000 0.000000 0.000000 0.000000 0.000000 0.000000 0.000000 0.000000 0.000000 0.000000 0.000000 0.000000 0.000000 0.000000 0.000000 0.000000 0.000000 123.410206 123.401544 123.392882 123.383941 123.375279 123.366863 123.358481 123.349819 123.340878 123.331902 123.323240 123.314579 123.306196 123.296976 123.291074 123.293902 123.302564 123.311784 123.319887 123.329946 123.338083 123.347583 123.355407 123.364907 123.372451 123.381427 123.389530 123.397353 123.406015 123.414397 0.000000 0.000000 0.000000 0.000000 0.000000 0.000000 0.000000 0.000000 0.000000 0.000000 0.000000 0.000000
0.000000 0.000000 0.000000 0.000000 0.000000 0.000000 0.000000 0.000000 0.000000 0.000000 0.000000 0.000000 0.000000 0.000000 0.000000 0.000000 0.000000 0.000000 123.410765 123.402103 123.393441 123.384500 123.375838 123.367701 123.359039 123.350657 123.341436 123.332461 123.323799 123.315137 123.306755 123.297534 123.290515 123.292225 123.300608 123.309829 123.318770 123.327990 123.336127 123.345628 123.353451 123.363231 123.370775 123.379750 123.387853 123.395677 123.404618 123.412441 0.000000 0.000000 0.000000 0.000000 0.000000 0.000000 0.000000 0.000000 0.000000 0.000000 0.000000 0.000000
0.000000 0.000000 0.000000 0.000000 0.000000 0.000000 0.000000 0.000000 0.000000 0.000000 0.000000 0.000000 0.000000 0.000000 0.000000 0.000000 0.000000 0.000000 123.411603 123.402662 123.394000 123.385338 123.377235 123.368260 123.359598 123.351216 123.342275 123.333020 123.324079 123.315976 123.306755 123.298093 123.289956 123.290236 123.298931 123.308152 123.316534 123.326593 123.334451 123.343951 123.351495 123.361554 123.368819 123.377794 123.386177 123.393721 123.402383 123.411044 0.000000 0.000000 0.000000 0.000000 0.000000 0.000000 0.000000 0.000000 0.000000 0.000000 0.000000 0.000000
0.000000 0.000000 0.000000 0.000000 0.000000 0.000000 0.000000 0.000000 0.000000 0.000000 0.000000 0.000000 0.000000 0.000000 0.000000 0.000000 0.000000 0.000000 123.412162 123.403221 123.394838 123.385897 123.377235 123.368819 123.359878 123.352333 123.343113 123.334172 123.325196 123.316534 123.307873 123.298931 123.289956 123.289397 123.296976 123.306196 123.314858 123.324358 123.333020 123.342275 123.350098 123.359598 123.366863 123.376397 123.384221 123.391765 123.400706 123.408809 0.000000 0.000000 0.000000 0.000000 0.000000 0.000000 0.000000 0.000000 0.000000 0.000000 0.000000 0.000000
0.000000 0.000000 0.000000 0.000000 0.000000 0.000000 0.000000 0.000000 0.000000 0.000000 0.000000 0.000000 0.000000 0.000000 0.000000 0.000000 0.000000 0.000000 123.412721 123.403780 123.395397 123.386735 123.377794 123.368819 123.360995 123.352892 123.343392 123.335010 123.326035 123.317093 123.308431 123.299211 123.291074 123.288839 123.295299 123.304240 123.313182 123.322682 123.330785 123.340319 123.347863 123.357642 123.365466 123.374407 123.382824 123.390088 123.398471 123.407133 123.416633 0.000000 0.000000 0.000000 0.000000 0.000000 0.000000 0.000000 0.000000 0.000000 0.000000 0.000000
0.000000 0.000000 0.000000 0.000000 0.000000 0.000000 0.000000 0.000000 0.000000 0.000000 0.000000 0.000000 0.000000 0.000000 0.000000 0.000000 0.000000 0.000000 123.413559 123.404897 123.396235 123.387574 123.378632 123.370216 123.361554 123.353172 123.344510 123.335289 123.326593 123.317373 123.308990 123.300887 123.291353 123.288280 123.293343 123.302843 123.311226 123.320726 123.329388 123.338363 123.346186 123.355686 123.363510 123.372451 123.380868 123.388132 123.396794 123.405177 123.414397 0.000000 0.000000 0.000000 0.000000 0.000000 0.000000 0.000000 0.000000 0.000000 0.000000 0.000000
0.000000 0.000000 0.000000 0.000000 0.000000 0.000000 0.000000 0.000000 0.000000 0.000000 0.000000 0.000000 0.000000 0.000000 0.000000 0.000000 0.000000 0.000000 123.414118 123.405456 123.396794 123.388132 123.379191 123.370775 123.362392 123.353731 123.345628 123.336127 123.327152 123.318490 123.309829 123.301446 123.292225 123.287721 123.291633 123.300887 123.309270 123.319049 123.327432 123.336407 123.344230 123.353731 123.361554 123.370775 123.378912 123.386456 123.394838 123.403221 123.412441 0.000000 0.000000 0.000000 0.000000 0.000000 0.000000 0.000000 0.000000 0.000000 0.000000 0.000000
0.000000 0.000000 0.000000 0.000000 0.000000 0.000000 0.000000 0.000000 0.000000 0.000000 0.000000 0.000000 0.000000 0.000000 0.000000 0.000000 0.000000 0.000000 123.414956 123.406294 123.397633 123.389250 123.380029 123.371334 123.362951 123.354289 123.345907 123.337245 123.328549 123.318770 123.310667 123.302005 123.292784 123.287162 123.289956 123.298931 123.307314 123.317373 123.325476 123.334730 123.342275 123.351775 123.359598 123.368819 123.377235 123.384221 123.392882 123.401544 123.411044 0.000000 0.000000 0.000000 0.000000 0.000000 0.000000 0.000000 0.000000 0.000000 0.000000 0.000000
0.000000 0.000000 0.000000 0.000000 0.000000 0.000000 0.000000 0.000000 0.000000 0.000000 0.000000 0.000000 0.000000 0.000000 0.000000 0.000000 0.000000 0.000000 123.415794 123.406853 123.397912 123.389809 123.380588 123.372172 123.363510 123.354848 123.347025 123.337804 123.328829 123.320167 123.311226 123.302564 123.293623 123.286603 123.288280 123.296976 123.305637 123.315417 123.324079 123.333020 123.340878 123.349819 123.357922 123.366863 123.375279 123.383662 123.391485 123.399588 123.408809 0.000000 0.000000 0.000000 0.000000 0.000000 0.000000 0.000000 0.000000 0.000000 0.000000 0.000000
0.000000 0.000000 0.000000 0.000000 0.000000 0.000000 0.000000 0.000000 0.000000 0.000000 0.000000 0.000000 0.000000 0.000000 0.000000 0.000000 0.000000 0.000000 123.416074 123.407412 123.398471 123.390088 123.381427 123.372731 123.364348 123.355686 123.347304 123.338083 123.328829 123.320726 123.311784 123.302843 123.294461 123.286044 123.286044 123.295299 123.303681 123.313461 123.322123 123.330785 123.338922 123.347863 123.356245 123.365466 123.373289 123.383103 123.389530 123.398191 123.407133 123.415236 0.000000 0.000000 0.000000 0.000000 0.000000 0.000000 0.000000 0.000000 0.000000 0.000000
0.000000 0.000000 0.000000 0.000000 0.000000 0.000000 0.000000 0.000000 0.000000 0.000000 0.000000 0.000000 0.000000 0.000000 0.000000 0.000000 0.000000 0.000000 0.000000 123.408250 123.399588 123.390927 123.381706 123.373010 123.364907 123.355966 123.348142 123.339201 123.330226 123.321285 123.312064 123.303961 123.295299 123.286044 123.285486 123.293064 123.301726 123.311505 123.320167 123.329108 123.337245 123.345907 123.354289 123.363510 123.372172 123.381147 123.387574 123.396235 123.404897 123.413559 0.000000 0.000000 0.000000 0.000000 0.000000 0.000000 0.000000 0.000000 0.000000 0.000000
0.000000 0.000000 0.000000 0.000000 0.000000 0.000000 0.000000 0.000000 0.000000 0.000000 0.000000 0.000000 0.000000 0.000000 0.000000 0.000000 0.000000 0.000000 0.000000 123.408809 123.400147 123.391485 123.382544 123.374128 123.365466 123.356804 123.348422 123.339760 123.330785 123.321843 123.313182 123.304799 123.296137 123.286883 123.284927 123.291353 123.300328 123.309549 123.318770 123.326873 123.335569 123.343951 123.352333 123.361554 123.369937 123.379191 123.385618 123.394280 123.403221 123.411603 0.000000 0.000000 0.000000 0.000000 0.000000 0.000000 0.000000 0.000000 0.000000 0.000000
0.000000 0.000000 0.000000 0.000000 0.000000 0.000000 0.000000 0.000000 0.000000 0.000000 0.000000 0.000000 0.000000 0.000000 0.000000 0.000000 0.000000 0.000000 0.000000 123.409647 123.400985 123.392324 123.383941 123.374407 123.366025 123.357642 123.349260 123.340319 123.331623 123.322402 123.313461 123.305079 123.297255 123.287721 123.284368 123.289677 123.298373 123.307593 123.316534 123.325196 123.333613 123.342275 123.350378 123.359598 123.368260 123.377515 123.383941 123.392882 123.401265 123.409927 0.000000 0.000000 0.000000 0.000000 0.000000 0.000000 0.000000 0.000000 0.000000 0.000000
0.000000 0.000000 0.000000 0.000000 0.000000 0.000000 0.000000 0.000000 0.000000 0.000000 0.000000 0.000000 0.000000 0.000000 0.000000 0.000000 0.000000 0.000000 0.000000 123.410206 123.401824 123.392882 123.384500 123.375559 123.366863 123.358201 123.349819 123.341436 123.332182 123.323240 123.314858 123.305917 123.297534 123.288000 123.283809 123.287721 123.296696 123.305637 123.314858 123.322961 123.331902 123.340598 123.348422 123.357922 123.366584 123.375838 123.382265 123.390647 123.399588 123.408250 0.000000 0.000000 0.000000 0.000000 0.000000 0.000000 0.000000 0.000000 0.000000 0.000000
0.000000 0.000000 0.000000 0.000000 0.000000 0.000000 0.000000 0.000000 0.000000 0.000000 0.000000 0.000000 0.000000 0.000000 0.000000 0.000000 0.000000 0.000000 0.000000 123.410765 123.402383 123.393162 123.384779 123.376118 123.367422 123.359039 123.350378 123.341995 123.332740 123.324358 123.315417 123.306476 123.297814 123.289118 123.283250 123.286044 123.294461 123.303681 123.312902 123.321285 123.330226 123.338642 123.346466 123.356245 123.364628 123.373848 123.380309 123.388971 123.397912 123.406294 123.416353 0.000000 0.000000 0.000000 0.000000 0.000000 0.000000 0.000000 0.000000 0.000000
0.000000 0.000000 0.000000 0.000000 0.000000 0.000000 0.000000 0.000000 0.000000 0.000000 0.000000 0.000000 0.000000 0.000000 0.000000 0.000000 0.000000 0.000000 0.000000 123.411883 123.403500 123.394838 123.385618 123.376676 123.367701 123.359598 123.350936 123.342554 123.333892 123.324637 123.316255 123.307314 123.298652 123.290236 123.282691 123.284088 123.292784 123.302005 123.311226 123.319329 123.328270 123.337245 123.344789 123.354289 123.362672 123.372172 123.379750 123.387015 123.395956 123.404618 123.414397 0.000000 0.000000 0.000000 0.000000 0.000000 0.000000 0.000000 0.000000 0.000000
0.000000 0.000000 0.000000 0.000000 0.000000 0.000000 0.000000 0.000000 0.000000 0.000000 0.000000 0.000000 0.000000 0.000000 0.000000 0.000000 0.000000 0.000000 0.000000 123.412441 123.403780 123.395118 123.386177 123.377515 123.368819 123.360157 123.351775 123.343113 123.334451 123.325476 123.316814 123.307873 123.299211 123.290794 123.282133 123.282133 123.291074 123.299770 123.309549 123.317373 123.326873 123.335289 123.343113 123.352333 123.360716 123.370216 123.378912 123.385059 123.394280 123.402662 123.412441 0.000000 0.000000 0.000000 0.000000 0.000000 0.000000 0.000000 0.000000 0.000000
0.000000 0.000000 0.000000 0.000000 0.000000 0.000000 0.000000 0.000000 0.000000 0.000000 0.000000 0.000000 0.000000 0.000000 0.000000 0.000000 0.000000 0.000000 0.000000 123.413839 123.404618 123.395956 123.387015 123.377794 123.369378 123.360716 123.351775 123.343951 123.335569 123.326314 123.317093 123.308711 123.300049 123.291633 123.281853 123.281574 123.289118 123.298093 123.307593 123.315976 123.324637 123.333299 123.341436 123.350378 123.359039 123.368539 123.377235 123.383662 123.392324 123.400706 123.410486 0.000000 0.000000 0.000000 0.000000 0.000000 0.000000 0.000000 0.000000 0.000000
0.000000 0.000000 0.000000 0.000000 0.000000 0.000000 0.000000 0.000000 0.000000 0.000000 0.000000 0.000000 0.000000 0.000000 0.000000 0.000000 0.000000 0.000000 0.000000 123.414118 123.404897 123.396515 123.387574 123.379191 123.370216 123.361554 123.352892 123.344510 123.335848 123.326873 123.318490 123.309829 123.300608 123.292225 123.282691 123.281015 123.287441 123.296417 123.305637 123.314020 123.322682 123.331343 123.339760 123.348422 123.357084 123.366863 123.375279 123.381706 123.390368 123.399309 123.408809 0.000000 0.000000 0.000000 0.000000 0.000000 0.000000 0.000000 0.000000 0.000000
0.000000 0.000000 0.000000 0.000000 0.000000 0.000000 0.000000 0.000000 0.000000 0.000000 0.000000 0.000000 0.000000 0.000000 0.000000 0.000000 0.000000 0.000000 0.000000 123.414677 123.405456 123.397074 123.388132 123.379471 123.370775 123.361834 123.353731 123.345069 123.336407 123.327432 123.319049 123.310108 123.301167 123.292784 123.283809 123.280177 123.285206 123.294461 123.303681 123.312064 123.321285 123.329388 123.337804 123.346466 123.355128 123.364907 123.373569 123.380029 123.388971 123.397353 123.406574 123.415515 0.000000 0.000000 0.000000 0.000000 0.000000 0.000000 0.000000 0.000000
0.000000 0.000000 0.000000 0.000000 0.000000 0.000000 0.000000 0.000000 0.000000 0.000000 0.000000 0.000000 0.000000 0.000000 0.000000 0.000000 0.000000 0.000000 0.000000 123.415515 123.406574 123.397912 123.389530 123.380309 123.371892 123.362392 123.354289 123.345907 123.336966 123.328549 123.320167 123.310946 123.302005 123.293623 123.284927 123.279618 123.283530 123.292784 123.301726 123.310108 123.319049 123.327990 123.335848 123.344510 123.354010 123.363231 123.372172 123.378074 123.387015 123.395397 123.404897 123.413839 0.000000 0.000000 0.000000 0.000000 0.000000 0.000000 0.000000 0.000000
0.000000 0.000000 0.000000 0.000000 0.000000 0.000000 0.000000 0.000000 0.000000 0.000000 0.000000 0.000000 0.000000 0.000000 0.000000 0.000000 0.000000 0.000000 0.000000 123.416074 123.407133 123.398750 123.390088 123.381147 123.372172 123.363510 123.354848 123.346745 123.337804 123.329388 123.320726 123.311505 123.302564 123.294181 123.285206 123.279059 123.282133 123.291074 123.299770 123.308431 123.317373 123.325755 123.334451 123.342554 123.351775 123.361275 123.369937 123.376397 123.385338 123.393441 123.403221 123.411603 0.000000 0.000000 0.000000 0.000000 0.000000 0.000000 0.000000 0.000000
