FireSTARR/test/constant/O1a_S060_A270_WD045_WS020/arrival.asc
ncols         120
nrows         736
xllcorner     416003.990666
yllcorner     12748755.311160
cellsize      100.000000
NODATA_value  0.000000
[rows 459 to 485 of 736, columns 60 to 119 of 120]
123.207740 123.199079 123.190696 123.181196 123.173093 123.164397 123.156294 123.157133 123.166074 123.174490 123.183990 123.192652 123.200476 123.209451 123.217554 123.226775 123.235995 123.244937 123.253074 123.262015 123.269838 123.278221 123.288280 123.297814 123.303961 123.312623 123.321843 123.330505 123.338922 123.347863 123.357642 123.365466 123.374128 123.381985 123.393162 123.401824 123.410486 0.000000 0.000000 0.000000 0.000000 0.000000 0.000000 0.000000 0.000000 0.000000 0.000000 0.000000 0.000000 0.000000 0.000000 0.000000 0.000000 0.000000 0.000000 0.000000 0.000000 0.000000 0.000000 0.000000
123.208613 123.199917 123.190976 123.182593 123.173652 123.164956 123.156015 123.155736 123.164118 123.172534 123.182314 123.190696 123.198520 123.208613 123.216157 123.224819 123.233760 123.242981 123.251397 123.259779 123.268441 123.276265 123.286603 123.295578 123.302284 123.311226 123.319608 123.328549 123.337245 123.346466 123.355686 123.363789 123.372731 123.380588 123.391206 123.400147 123.408530 0.000000 0.000000 0.000000 0.000000 0.000000 0.000000 0.000000 0.000000 0.000000 0.000000 0.000000 0.000000 0.000000 0.000000 0.000000 0.000000 0.000000 0.000000 0.000000 0.000000 0.000000 0.000000 0.000000
123.209172 123.200476 123.191534 123.183431 123.174211 123.166074 123.156853 123.155177 123.162721 123.170858 123.180358 123.189020 123.196564 123.207182 123.214201 123.223142 123.232084 123.241304 123.249407 123.258103 123.266485 123.274868 123.284647 123.293902 123.300887 123.309270 123.317932 123.326873 123.335289 123.344510 123.354289 123.362113 123.370495 123.378632 123.389250 123.397912 123.406853 123.415794 0.000000 0.000000 0.000000 0.000000 0.000000 0.000000 0.000000 0.000000 0.000000 0.000000 0.000000 0.000000 0.000000 0.000000 0.000000 0.000000 0.000000 0.000000 0.000000 0.000000 0.000000 0.000000
123.210010 123.201314 123.192093 123.183431 123.174770 123.166633 123.157412 123.154618 123.160765 123.169181 123.178402 123.186784 123.194608 123.205226 123.212525 123.220907 123.230128 123.239348 123.247731 123.256147 123.264530 123.272912 123.282691 123.292225 123.300328 123.307593 123.316534 123.324917 123.333333 123.342554 123.352333 123.360436 123.368819 123.376956 123.387294 123.396515 123.404897 123.413839 0.000000 0.000000 0.000000 0.000000 0.000000 0.000000 0.000000 0.000000 0.000000 0.000000 0.000000 0.000000 0.000000 0.000000 0.000000 0.000000 0.000000 0.000000 0.000000 0.000000 0.000000 0.000000
123.210569 123.201873 123.193490 123.183990 123.175328 123.167225 123.158530 123.154059 123.158809 123.167225 123.176446 123.185108 123.192932 123.203270 123.210289 123.218951 123.228172 123.237392 123.245775 123.254471 123.262574 123.270956 123.281294 123.290236 123.298652 123.305358 123.314299 123.322961 123.331902 123.340598 123.350378 123.359598 123.366863 123.375279 123.385338 123.394559 123.402941 123.412162 0.000000 0.000000 0.000000 0.000000 0.000000 0.000000 0.000000 0.000000 0.000000 0.000000 0.000000 0.000000 0.000000 0.000000 0.000000 0.000000 0.000000 0.000000 0.000000 0.000000 0.000000 0.000000
123.211686 123.202432 123.193770 123.184829 123.175887 123.167505 123.159368 123.153500 123.156853 123.165515 123.174770 123.183711 123.191255 123.201314 123.208613 123.217554 123.226775 123.235995 123.243819 123.252794 123.260897 123.269000 123.279338 123.288559 123.296696 123.303681 123.312623 123.321564 123.329946 123.338922 123.348422 123.357642 123.365186 123.373289 123.383382 123.392882 123.400985 123.410206 0.000000 0.000000 0.000000 0.000000 0.000000 0.000000 0.000000 0.000000 0.000000 0.000000 0.000000 0.000000 0.000000 0.000000 0.000000 0.000000 0.000000 0.000000 0.000000 0.000000 0.000000 0.000000
123.212245 123.203270 123.194608 123.185946 123.177284 123.168064 123.159647 123.152941 123.154897 123.163839 123.172814 123.181476 123.189299 123.199358 123.207182 123.215598 123.224819 123.233760 123.242422 123.250838 123.259221 123.267324 123.277383 123.286883 123.295020 123.302005 123.310667 123.319329 123.328270 123.336686 123.346466 123.355686 123.363510 123.371613 123.381427 123.390647 123.399309 123.408250 123.416633 0.000000 0.000000 0.000000 0.000000 0.000000 0.000000 0.000000 0.000000 0.000000 0.000000 0.000000 0.000000 0.000000 0.000000 0.000000 0.000000 0.000000 0.000000 0.000000 0.000000 0.000000
123.212804 123.203829 123.195167 123.186226 123.178123 123.168623 123.160765 123.152383 123.152941 123.161883 123.170858 123.179799 123.187623 123.197402 123.204946 123.213642 123.222863 123.232084 123.240186 123.248848 123.257265 123.265647 123.275427 123.284927 123.293064 123.300049 123.308711 123.317652 123.326314 123.335010 123.344510 123.353731 123.361554 123.369937 123.379750 123.388971 123.397074 123.406853 123.414677 0.000000 0.000000 0.000000 0.000000 0.000000 0.000000 0.000000 0.000000 0.000000 0.000000 0.000000 0.000000 0.000000 0.000000 0.000000 0.000000 0.000000 0.000000 0.000000 0.000000 0.000000
123.213922 123.204667 123.196005 123.186784 123.178681 123.169461 123.161324 123.152103 123.151544 123.160486 123.169461 123.177843 123.185667 123.195446 123.203270 123.211686 123.220907 123.230128 123.238510 123.247451 123.255309 123.263691 123.273750 123.283250 123.291074 123.298373 123.307314 123.315696 123.324358 123.333613 123.342833 123.351775 123.359878 123.367981 123.377794 123.387294 123.395397 123.404618 123.413280 0.000000 0.000000 0.000000 0.000000 0.000000 0.000000 0.000000 0.000000 0.000000 0.000000 0.000000 0.000000 0.000000 0.000000 0.000000 0.000000 0.000000 0.000000 0.000000 0.000000 0.000000
123.214201 123.205226 123.196564 123.187343 123.178961 123.170020 123.161883 123.152662 123.150985 123.158250 123.167505 123.175887 123.183711 123.193490 123.201314 123.210010 123.219230 123.228451 123.236554 123.245216 123.253353 123.262015 123.271515 123.281294 123.289397 123.296696 123.305358 123.314020 123.322961 123.331623 123.341157 123.349819 123.357922 123.366304 123.375838 123.385338 123.393721 123.402941 123.411044 0.000000 0.000000 0.000000 0.000000 0.000000 0.000000 0.000000 0.000000 0.000000 0.000000 0.000000 0.000000 0.000000 0.000000 0.000000 0.000000 0.000000 0.000000 0.000000 0.000000 0.000000
123.215039 123.206064 123.197123 123.188461 123.179520 123.170578 123.162441 123.154059 123.150427 123.156294 123.165515 123.174490 123.182314 123.191814 123.199358 123.208333 123.216995 123.226775 123.234878 123.243539 123.251676 123.260059 123.269838 123.279338 123.287441 123.296137 123.303402 123.312343 123.321005 123.329667 123.339201 123.347863 123.355966 123.364348 123.374128 123.383382 123.391765 123.400985 123.409368 123.416353 0.000000 0.000000 0.000000 0.000000 0.000000 0.000000 0.000000 0.000000 0.000000 0.000000 0.000000 0.000000 0.000000 0.000000 0.000000 0.000000 0.000000 0.000000 0.000000 0.000000
123.216157 123.206623 123.197961 123.189020 123.180358 123.171696 123.163000 123.154618 123.149868 123.154897 123.164118 123.172534 123.180358 123.189579 123.197961 123.206343 123.215319 123.224819 123.233201 123.241584 123.249966 123.258103 123.268162 123.277941 123.285486 123.295299 123.301446 123.310387 123.319329 123.328270 123.337525 123.345907 123.354569 123.362392 123.372172 123.381427 123.389809 123.399309 123.407412 123.414677 0.000000 0.000000 0.000000 0.000000 0.000000 0.000000 0.000000 0.000000 0.000000 0.000000 0.000000 0.000000 0.000000 0.000000 0.000000 0.000000 0.000000 0.000000 0.000000 0.000000
123.216716 123.207461 123.198520 123.189858 123.180917 123.172814 123.163559 123.155456 123.149309 123.152941 123.162162 123.170858 123.178681 123.187902 123.196005 123.204667 123.213642 123.223142 123.231245 123.239907 123.248010 123.256706 123.266206 123.275985 123.284088 123.293902 123.299770 123.308431 123.317652 123.326035 123.335569 123.343951 123.352333 123.360995 123.370216 123.379471 123.387853 123.397633 123.405736 123.412441 0.000000 0.000000 0.000000 0.000000 0.000000 0.000000 0.000000 0.000000 0.000000 0.000000 0.000000 0.000000 0.000000 0.000000 0.000000 0.000000 0.000000 0.000000 0.000000 0.000000
123.216995 123.208299 123.199358 123.190417 123.181755 123.173373 123.164397 123.156015 123.148750 123.150985 123.160206 123.168623 123.177005 123.186505 123.194329 123.203270 123.211686 123.221186 123.229569 123.238231 123.246054 123.254471 123.264250 123.274030 123.282133 123.291946 123.297534 123.306476 123.315696 123.324358 123.333613 123.341995 123.350657 123.358760 123.368260 123.377515 123.385897 123.395677 123.403780 123.410765 0.000000 0.000000 0.000000 0.000000 0.000000 0.000000 0.000000 0.000000 0.000000 0.000000 0.000000 0.000000 0.000000 0.000000 0.000000 0.000000 0.000000 0.000000 0.000000 0.000000
123.217554 123.209172 123.199917 123.191255 123.182314 123.173652 123.164677 123.156574 123.148191 123.148750 123.158250 123.166946 123.175049 123.184270 123.192093 123.201035 123.210010 123.219230 123.227613 123.236275 123.243819 123.253074 123.262294 123.272074 123.280456 123.290236 123.295858 123.304799 123.314020 123.322402 123.332182 123.340319 123.348701 123.357084 123.366304 123.376118 123.383941 123.393721 123.401824 123.409088 0.000000 0.000000 0.000000 0.000000 0.000000 0.000000 0.000000 0.000000 0.000000 0.000000 0.000000 0.000000 0.000000 0.000000 0.000000 0.000000 0.000000 0.000000 0.000000 0.000000
123.218392 123.209730 123.201035 123.191814 123.182873 123.174490 123.165515 123.157133 123.148191 123.147633 123.156294 123.165515 123.173652 123.182593 123.190417 123.199079 123.208299 123.217833 123.225657 123.234878 123.242422 123.251118 123.260338 123.270397 123.278221 123.288280 123.294181 123.302843 123.312064 123.320726 123.330226 123.338363 123.347025 123.355128 123.364348 123.374128 123.381985 123.391765 123.400147 123.407133 0.000000 0.000000 0.000000 0.000000 0.000000 0.000000 0.000000 0.000000 0.000000 0.000000 0.000000 0.000000 0.000000 0.000000 0.000000 0.000000 0.000000 0.000000 0.000000 0.000000
123.219789 123.210848 123.201314 123.192652 123.183711 123.175049 123.166353 123.157691 123.149588 123.147074 123.154338 123.163280 123.171417 123.180637 123.188740 123.197123 123.206343 123.215878 123.224260 123.232642 123.240466 123.249128 123.258382 123.268162 123.276544 123.286324 123.292505 123.300887 123.310108 123.319049 123.328270 123.336966 123.345348 123.353451 123.362672 123.372172 123.380029 123.390088 123.398191 123.405456 123.415236 0.000000 0.000000 0.000000 0.000000 0.000000 0.000000 0.000000 0.000000 0.000000 0.000000 0.000000 0.000000 0.000000 0.000000 0.000000 0.000000 0.000000 0.000000 0.000000
123.220348 123.211407 123.202152 123.193211 123.184829 123.175328 123.166946 123.158530 123.149868 123.146515 123.152383 123.161324 123.169461 123.178681 123.186784 123.195446 123.204667 123.214201 123.222025 123.230686 123.239069 123.247731 123.256427 123.266485 123.274868 123.284647 123.291946 123.299211 123.308711 123.317093 123.326314 123.335289 123.343392 123.351775 123.360995 123.370495 123.378353 123.387853 123.396235 123.403500 123.413559 0.000000 0.000000 0.000000 0.000000 0.000000 0.000000 0.000000 0.000000 0.000000 0.000000 0.000000 0.000000 0.000000 0.000000 0.000000 0.000000 0.000000 0.000000 0.000000
123.220628 123.211966 123.202990 123.194329 123.185387 123.176167 123.168064 123.159088 123.150706 123.145956 123.150427 123.159368 123.168064 123.177284 123.185108 123.193770 123.202711 123.212245 123.220348 123.229289 123.237951 123.245495 123.254471 123.264809 123.272912 123.282971 123.290515 123.297255 123.306476 123.315137 123.324637 123.333613 123.341436 123.349819 123.359039 123.368539 123.376397 123.386177 123.394280 123.401544 123.411603 0.000000 0.000000 0.000000 0.000000 0.000000 0.000000 0.000000 0.000000 0.000000 0.000000 0.000000 0.000000 0.000000 0.000000 0.000000 0.000000 0.000000 0.000000 0.000000
123.221186 123.212245 123.203270 123.194887 123.185946 123.177005 123.168902 123.159647 123.151265 123.145397 123.148750 123.157691 123.166074 123.175328 123.183711 123.191534 123.200755 123.210289 123.218392 123.227054 123.235995 123.243539 123.252794 123.262853 123.270956 123.281015 123.288280 123.295578 123.304520 123.313182 123.322961 123.331623 123.339480 123.348142 123.357363 123.366584 123.374687 123.384500 123.392603 123.400147 123.409647 0.000000 0.000000 0.000000 0.000000 0.000000 0.000000 0.000000 0.000000 0.000000 0.000000 0.000000 0.000000 0.000000 0.000000 0.000000 0.000000 0.000000 0.000000 0.000000
123.221466 123.213083 123.204388 123.195167 123.186784 123.178123 123.169461 123.159927 123.151824 123.144838 123.146794 123.155736 123.164118 123.173652 123.182314 123.190417 123.199358 123.208613 123.216716 123.225378 123.234039 123.242142 123.250838 123.261177 123.269000 123.279059 123.287162 123.293623 123.302564 123.311226 123.321005 123.329946 123.337804 123.346186 123.355407 123.364907 123.373010 123.382544 123.390368 123.398191 123.408250 0.000000 0.000000 0.000000 0.000000 0.000000 0.000000 0.000000 0.000000 0.000000 0.000000 0.000000 0.000000 0.000000 0.000000 0.000000 0.000000 0.000000 0.000000 0.000000
123.222025 123.214201 123.204946 123.196005 123.187343 123.178681 123.169740 123.161044 123.152383 123.144280 123.144838 123.153780 123.162721 123.171417 123.180358 123.188182 123.197123 123.206623 123.215039 123.223422 123.232363 123.239907 123.249128 123.259221 123.267324 123.277103 123.284927 123.291633 123.300608 123.309270 123.319608 123.327711 123.335848 123.344230 123.353451 123.362951 123.371054 123.380588 123.388691 123.396235 123.406015 123.414956 0.000000 0.000000 0.000000 0.000000 0.000000 0.000000 0.000000 0.000000 0.000000 0.000000 0.000000 0.000000 0.000000 0.000000 0.000000 0.000000 0.000000 0.000000
123.222583 123.215039 123.205785 123.196564 123.187902 123.178961 123.170578 123.161603 123.153221 123.144000 123.143721 123.152383 123.160765 123.169740 123.178681 123.186505 123.195446 123.204946 123.213083 123.221745 123.230686 123.238231 123.247172 123.257265 123.265647 123.275147 123.283250 123.289956 123.298652 123.307593 123.317373 123.326035 123.333892 123.342833 123.352054 123.361275 123.369098 123.378632 123.387015 123.394280 123.404338 123.413280 0.000000 0.000000 0.000000 0.000000 0.000000 0.000000 0.000000 0.000000 0.000000 0.000000 0.000000 0.000000 0.000000 0.000000 0.000000 0.000000 0.000000 0.000000
123.223981 123.215598 123.206343 123.197682 123.189020 123.179799 123.171137 123.162721 123.153780 123.145397 123.143162 123.150427 123.159088 123.168064 123.176726 123.184829 123.193490 123.203270 123.211407 123.220069 123.228731 123.236275 123.245216 123.255868 123.263412 123.273191 123.281853 123.288280 123.296696 123.305637 123.315417 123.324358 123.332740 123.340878 123.350098 123.359319 123.367701 123.376956 123.385059 123.392603 123.402383 123.411324 0.000000 0.000000 0.000000 0.000000 0.000000 0.000000 0.000000 0.000000 0.000000 0.000000 0.000000 0.000000 0.000000 0.000000 0.000000 0.000000 0.000000 0.000000
123.224260 123.215878 123.206902 123.198240 123.189858 123.180637 123.171696 123.163280 123.154338 123.145956 123.142603 123.148471 123.156853 123.166074 123.174770 123.182873 123.191814 123.201314 123.209730 123.218113 123.226775 123.234598 123.243539 123.253912 123.262294 123.271235 123.279618 123.287721 123.294740 123.303681 123.314020 123.322402 123.332182 123.339201 123.348142 123.357642 123.365745 123.375279 123.383382 123.390927 123.400427 123.409647 0.000000 0.000000 0.000000 0.000000 0.000000 0.000000 0.000000 0.000000 0.000000 0.000000 0.000000 0.000000 0.000000 0.000000 0.000000 0.000000 0.000000 0.000000
123.225098 123.216716 123.207461 123.199079 123.190417 123.181196 123.172255 123.164118 123.154618 123.146515 123.142044 123.146515 123.155177 123.164397 123.173373 123.181196 123.190137 123.199637 123.207740 123.216157 123.224819 123.232922 123.241304 123.252235 123.260059 123.269280 123.277941 123.286324 123.293064 123.302005 123.312064 123.320726 123.330505 123.337245 123.346186 123.355407 123.364069 123.373289 123.381706 123.388971 123.398750 123.407971 0.000000 0.000000 0.000000 0.000000 0.000000 0.000000 0.000000 0.000000 0.000000 0.000000 0.000000 0.000000 0.000000 0.000000 0.000000 0.000000 0.000000 0.000000
123.225936 123.217554 123.208333 123.199358 123.190976 123.181755 123.173652 123.164397 123.155736 123.147074 123.141485 123.144838 123.153500 123.162441 123.171417 123.179240 123.188182 123.197682 123.205785 123.214201 123.222863 123.230966 123.239628 123.250279 123.258382 123.267603 123.275985 123.284368 123.291633 123.300049 123.310108 123.318770 123.328549 123.335289 123.344510 123.353731 123.361834 123.371892 123.379471 123.387294 123.396794 123.406015 123.415515 0.000000 0.000000 0.000000 0.000000 0.000000 0.000000 0.000000 0.000000 0.000000 0.000000 0.000000 0.000000 0.000000 0.000000 0.000000 0.000000 0.000000
