FireSTARR/test/constant/O1a_S060_A270_WD045_WS020/arrival.asc
ncols         120
nrows         736
xllcorner     416003.990666
yllcorner     12748755.311160
cellsize      100.000000
NODATA_value  0.000000
[rows 621 to 647 of 736, columns 60 to 119 of 120]
0.000000 0.000000 0.000000 0.000000 0.000000 0.000000 0.000000 0.000000 0.000000 0.000000 0.000000 0.000000 0.000000 0.000000 0.000000 0.000000 0.000000 123.387574 123.336407 123.284927 123.232922 123.190137 123.157691 123.122451 123.109878 123.101216 123.092833 123.084730 123.075196 123.065976 123.064299 123.071005 123.081064 123.090319 123.098142 123.106525 123.114907 123.123848 123.131985 123.141206 123.150985 123.158809 123.168623 123.176167 123.184549 123.196285 123.205785 123.221186 123.240466 123.263132 123.286044 123.306196 123.328549 123.351216 123.373289 123.395956 0.000000 0.000000 0.000000 0.000000
0.000000 0.000000 0.000000 0.000000 0.000000 0.000000 0.000000 0.000000 0.000000 0.000000 0.000000 0.000000 0.000000 0.000000 0.000000 0.000000 0.000000 123.395118 123.348142 123.291353 123.233760 123.194329 123.163280 123.123010 123.110995 123.102054 123.093392 123.085289 123.075755 123.067093 123.063740 123.069329 123.079108 123.088083 123.096186 123.104848 123.113231 123.121892 123.130029 123.139250 123.149309 123.157133 123.166633 123.174211 123.182873 123.194329 123.203829 123.219230 123.238510 123.261456 123.283809 123.303961 123.326873 123.349260 123.371613 123.394000 123.416074 0.000000 0.000000 0.000000
0.000000 0.000000 0.000000 0.000000 0.000000 0.000000 0.000000 0.000000 0.000000 0.000000 0.000000 0.000000 0.000000 0.000000 0.000000 0.000000 0.000000 123.407971 123.353731 123.302284 123.241863 123.203829 123.168064 123.123289 123.111275 123.102613 123.093951 123.085848 123.076314 123.067652 123.063182 123.067652 123.077152 123.086407 123.094230 123.102892 123.111275 123.119937 123.128074 123.137294 123.147353 123.155456 123.164956 123.172534 123.180917 123.192373 123.202152 123.217275 123.237113 123.259221 123.282133 123.302284 123.324917 123.347304 123.369657 123.392044 123.414118 0.000000 0.000000 0.000000
0.000000 0.000000 0.000000 0.000000 0.000000 0.000000 0.000000 0.000000 0.000000 0.000000 0.000000 0.000000 0.000000 0.000000 0.000000 0.000000 0.000000 0.000000 123.364628 123.308431 123.251118 123.216716 123.183431 123.129750 123.111834 123.102892 123.094789 123.086407 123.077152 123.068211 123.062623 123.065417 123.075196 123.084172 123.092275 123.100936 123.109598 123.117981 123.126676 123.135897 123.145397 123.153500 123.163000 123.170858 123.179240 123.190417 123.200476 123.215878 123.235157 123.257544 123.280177 123.300328 123.322961 123.345348 123.368260 123.390368 123.412441 0.000000 0.000000 0.000000
0.000000 0.000000 0.000000 0.000000 0.000000 0.000000 0.000000 0.000000 0.000000 0.000000 0.000000 0.000000 0.000000 0.000000 0.000000 0.000000 0.000000 0.000000 123.372172 123.326873 123.257265 123.221466 123.184270 123.139250 123.112951 123.104010 123.095628 123.086966 123.077711 123.069329 123.062064 123.064299 123.073240 123.082461 123.090598 123.099539 123.107642 123.116304 123.124687 123.133941 123.144000 123.151824 123.161044 123.168902 123.177284 123.188740 123.198520 123.213642 123.233481 123.255309 123.278221 123.298652 123.321564 123.343392 123.366584 123.388412 123.410486 0.000000 0.000000 0.000000
0.000000 0.000000 0.000000 0.000000 0.000000 0.000000 0.000000 0.000000 0.000000 0.000000 0.000000 0.000000 0.000000 0.000000 0.000000 0.000000 0.000000 0.000000 123.383662 123.336127 123.275985 123.227613 123.184829 123.151824 123.117142 123.104569 123.096186 123.087525 123.078549 123.069887 123.061505 123.062064 123.071285 123.080226 123.088642 123.097304 123.105686 123.114628 123.122731 123.131985 123.142044 123.149868 123.159647 123.167784 123.175328 123.186505 123.196564 123.211966 123.231245 123.253632 123.276824 123.296976 123.319329 123.341436 123.364907 123.387294 123.408530 0.000000 0.000000 0.000000
0.000000 0.000000 0.000000 0.000000 0.000000 0.000000 0.000000 0.000000 0.000000 0.000000 0.000000 0.000000 0.000000 0.000000 0.000000 0.000000 0.000000 0.000000 123.397633 123.342275 123.293902 123.228731 123.189858 123.156294 123.117142 123.105686 123.097025 123.088083 123.079946 123.070446 123.061505 123.060946 123.069329 123.078549 123.086686 123.095628 123.104289 123.114069 123.121334 123.130029 123.140088 123.147912 123.157691 123.166074 123.173931 123.184829 123.194608 123.210010 123.229569 123.251676 123.274868 123.295020 123.317932 123.339760 123.362951 123.385618 123.407133 0.000000 0.000000 0.000000
0.000000 0.000000 0.000000 0.000000 0.000000 0.000000 0.000000 0.000000 0.000000 0.000000 0.000000 0.000000 0.000000 0.000000 0.000000 0.000000 0.000000 0.000000 0.000000 123.354848 123.296976 123.240186 123.202152 123.171696 123.117981 123.106245 123.097304 123.088642 123.080505 123.071285 123.062623 123.060387 123.067373 123.076314 123.085010 123.093672 123.102333 123.112672 123.119378 123.128353 123.138132 123.146515 123.155736 123.164118 123.171976 123.183152 123.192652 123.208299 123.227892 123.249966 123.272912 123.293623 123.316255 123.337804 123.360995 123.383382 123.405177 0.000000 0.000000 0.000000
0.000000 0.000000 0.000000 0.000000 0.000000 0.000000 0.000000 0.000000 0.000000 0.000000 0.000000 0.000000 0.000000 0.000000 0.000000 0.000000 0.000000 0.000000 0.000000 123.361834 123.308431 123.243539 123.211127 123.175887 123.124966 123.106525 123.097863 123.089480 123.081064 123.071843 123.062902 123.059829 123.065696 123.074637 123.083020 123.091995 123.100378 123.110716 123.117701 123.126397 123.136177 123.144559 123.153780 123.162162 123.170299 123.180917 123.190696 123.206623 123.225936 123.248289 123.270956 123.291633 123.314299 123.335848 123.359039 123.381706 123.403500 0.000000 0.000000 0.000000
0.000000 0.000000 0.000000 0.000000 0.000000 0.000000 0.000000 0.000000 0.000000 0.000000 0.000000 0.000000 0.000000 0.000000 0.000000 0.000000 0.000000 0.000000 0.000000 123.362672 123.319329 123.267882 123.221745 123.178961 123.145956 123.107363 123.098981 123.090319 123.081623 123.072402 123.064020 123.059270 123.063740 123.072682 123.081343 123.090319 123.098422 123.109039 123.116025 123.124407 123.134221 123.142882 123.152103 123.160765 123.168623 123.179240 123.189020 123.204667 123.224260 123.246334 123.269280 123.289677 123.312343 123.334451 123.357084 123.379750 123.401265 0.000000 0.000000 0.000000
0.000000 0.000000 0.000000 0.000000 0.000000 0.000000 0.000000 0.000000 0.000000 0.000000 0.000000 0.000000 0.000000 0.000000 0.000000 0.000000 0.000000 0.000000 0.000000 123.382544 123.332461 123.281853 123.222304 123.179520 123.146515 123.111554 123.099260 123.091157 123.081902 123.072961 123.064579 123.058711 123.061784 123.071005 123.079667 123.088363 123.096745 123.106804 123.113789 123.123010 123.132265 123.140647 123.150427 123.158530 123.166633 123.177284 123.186784 123.202990 123.222304 123.244657 123.267044 123.288000 123.310387 123.332461 123.355128 123.378074 123.399309 0.000000 0.000000 0.000000
0.000000 0.000000 0.000000 0.000000 0.000000 0.000000 0.000000 0.000000 0.000000 0.000000 0.000000 0.000000 0.000000 0.000000 0.000000 0.000000 0.000000 0.000000 0.000000 123.413000 123.333020 123.286603 123.223701 123.185108 123.154059 123.112113 123.100378 123.091716 123.083020 123.074079 123.065137 123.058152 123.060108 123.069329 123.077711 123.086407 123.094789 123.105128 123.112392 123.120775 123.130309 123.138971 123.148471 123.156853 123.164956 123.175328 123.185108 123.201035 123.220348 123.242701 123.265368 123.286044 123.308431 123.330505 123.353172 123.376118 123.397912 0.000000 0.000000 0.000000
0.000000 0.000000 0.000000 0.000000 0.000000 0.000000 0.000000 0.000000 0.000000 0.000000 0.000000 0.000000 0.000000 0.000000 0.000000 0.000000 0.000000 0.000000 0.000000 0.000000 123.343951 123.299211 123.234598 123.198799 123.164677 123.112672 123.100936 123.092554 123.083613 123.074637 123.065976 123.057593 123.058152 123.067373 123.076035 123.084451 123.092833 123.103451 123.110716 123.118819 123.128632 123.137294 123.146794 123.154897 123.163000 123.173373 123.183711 123.199079 123.218951 123.240745 123.263691 123.284088 123.306476 123.328829 123.351216 123.374128 123.395677 0.000000 0.000000 0.000000
0.000000 0.000000 0.000000 0.000000 0.000000 0.000000 0.000000 0.000000 0.000000 0.000000 0.000000 0.000000 0.000000 0.000000 0.000000 0.000000 0.000000 0.000000 0.000000 0.000000 123.353172 123.305637 123.253632 123.213083 123.170020 123.124687 123.101216 123.092833 123.083892 123.075755 123.066534 123.057593 123.057034 123.065417 123.074079 123.082461 123.091436 123.101495 123.109878 123.117422 123.126676 123.135059 123.144838 123.153221 123.161044 123.171417 123.181476 123.197682 123.216995 123.239348 123.261456 123.282691 123.304799 123.326873 123.349539 123.372451 123.394000 123.416353 0.000000 0.000000
0.000000 0.000000 0.000000 0.000000 0.000000 0.000000 0.000000 0.000000 0.000000 0.000000 0.000000 0.000000 0.000000 0.000000 0.000000 0.000000 0.000000 0.000000 0.000000 0.000000 123.378074 123.308152 123.265088 123.213642 123.173373 123.140647 123.102333 123.093392 123.085010 123.076314 123.067093 123.058711 123.056476 123.063461 123.072123 123.081064 123.089480 123.099819 123.107922 123.115466 123.124687 123.133382 123.142882 123.151544 123.159368 123.169461 123.179799 123.195446 123.215319 123.237113 123.259779 123.280736 123.302843 123.325476 123.347863 123.370495 123.392044 123.415236 0.000000 0.000000
0.000000 0.000000 0.000000 0.000000 0.000000 0.000000 0.000000 0.000000 0.000000 0.000000 0.000000 0.000000 0.000000 0.000000 0.000000 0.000000 0.000000 0.000000 0.000000 0.000000 123.408809 123.322682 123.275985 123.214760 123.174211 123.141206 123.106525 123.093951 123.085848 123.076873 123.067652 123.059270 123.055917 123.061505 123.070726 123.078829 123.087525 123.097863 123.106525 123.113510 123.122731 123.131427 123.141206 123.149588 123.157412 123.167784 123.177843 123.193770 123.213083 123.235436 123.257824 123.278780 123.300887 123.323799 123.345907 123.368539 123.390368 123.413559 0.000000 0.000000
0.000000 0.000000 0.000000 0.000000 0.000000 0.000000 0.000000 0.000000 0.000000 0.000000 0.000000 0.000000 0.000000 0.000000 0.000000 0.000000 0.000000 0.000000 0.000000 0.000000 123.409927 123.333892 123.280736 123.224260 123.189020 123.149309 123.107084 123.095069 123.086127 123.077711 123.068770 123.059549 123.055358 123.059549 123.068490 123.077152 123.086127 123.095907 123.104569 123.111554 123.120775 123.129471 123.139250 123.147633 123.155736 123.166353 123.175887 123.191534 123.211407 123.233481 123.255868 123.276824 123.299490 123.321843 123.344789 123.367142 123.388412 123.411324 0.000000 0.000000
0.000000 0.000000 0.000000 0.000000 0.000000 0.000000 0.000000 0.000000 0.000000 0.000000 0.000000 0.000000 0.000000 0.000000 0.000000 0.000000 0.000000 0.000000 0.000000 0.000000 123.415236 123.350378 123.294461 123.237392 123.190696 123.153500 123.107363 123.095348 123.086966 123.077990 123.069329 123.060667 123.054799 123.057873 123.066814 123.075196 123.084172 123.094510 123.102333 123.109878 123.119098 123.127515 123.137574 123.145677 123.153780 123.164118 123.174490 123.189858 123.209730 123.231804 123.253912 123.275147 123.297534 123.319887 123.342833 123.364907 123.386456 123.409647 0.000000 0.000000
0.000000 0.000000 0.000000 0.000000 0.000000 0.000000 0.000000 0.000000 0.000000 0.000000 0.000000 0.000000 0.000000 0.000000 0.000000 0.000000 0.000000 0.000000 0.000000 0.000000 0.000000 123.374687 123.306755 123.253632 123.194608 123.163280 123.124128 123.096186 123.087804 123.078549 123.070446 123.061226 123.054240 123.055917 123.064858 123.073520 123.082182 123.092554 123.101216 123.108201 123.117422 123.125559 123.135618 123.143721 123.151824 123.162441 123.172534 123.187623 123.207740 123.230128 123.252235 123.273471 123.295858 123.318490 123.340878 123.363231 123.384779 123.407971 0.000000 0.000000
0.000000 0.000000 0.000000 0.000000 0.000000 0.000000 0.000000 0.000000 0.000000 0.000000 0.000000 0.000000 0.000000 0.000000 0.000000 0.000000 0.000000 0.000000 0.000000 0.000000 0.000000 123.386177 123.312902 123.266206 123.208299 123.163559 123.127515 123.097025 123.088363 123.079667 123.071005 123.061784 123.053681 123.053961 123.063182 123.071843 123.080226 123.090598 123.098981 123.106245 123.115186 123.123848 123.133941 123.141765 123.150147 123.160765 123.170858 123.185946 123.205785 123.228172 123.250279 123.271515 123.294181 123.316255 123.338922 123.361275 123.382824 123.406015 0.000000 0.000000
0.000000 0.000000 0.000000 0.000000 0.000000 0.000000 0.000000 0.000000 0.000000 0.000000 0.000000 0.000000 0.000000 0.000000 0.000000 0.000000 0.000000 0.000000 0.000000 0.000000 0.000000 123.403780 123.317093 123.270118 123.218672 123.172255 123.138412 123.101216 123.088642 123.080226 123.071843 123.062343 123.053402 123.053123 123.061505 123.069887 123.078549 123.088642 123.097304 123.104848 123.114069 123.121613 123.132265 123.140088 123.148191 123.158809 123.168902 123.183990 123.203829 123.226216 123.248569 123.269838 123.291946 123.314579 123.336966 123.359598 123.381706 123.404338 0.000000 0.000000
0.000000 0.000000 0.000000 0.000000 0.000000 0.000000 0.000000 0.000000 0.000000 0.000000 0.000000 0.000000 0.000000 0.000000 0.000000 0.000000 0.000000 0.000000 0.000000 0.000000 0.000000 123.404618 123.338083 123.275427 123.222304 123.181755 123.142603 123.101775 123.089480 123.080785 123.072682 123.063461 123.054520 123.052564 123.059549 123.068490 123.076314 123.086966 123.095628 123.102613 123.111834 123.120216 123.130309 123.137853 123.146515 123.156853 123.166946 123.182314 123.202152 123.224260 123.246892 123.267882 123.290515 123.312623 123.335289 123.357922 123.380029 123.402383 0.000000 0.000000
0.000000 0.000000 0.000000 0.000000 0.000000 0.000000 0.000000 0.000000 0.000000 0.000000 0.000000 0.000000 0.000000 0.000000 0.000000 0.000000 0.000000 0.000000 0.000000 0.000000 0.000000 123.409647 123.356525 123.292784 123.234319 123.183152 123.153221 123.106245 123.090039 123.081343 123.072961 123.064020 123.055358 123.052005 123.057593 123.066255 123.074637 123.085010 123.093672 123.100657 123.110157 123.118260 123.128632 123.136177 123.144559 123.154897 123.165236 123.180358 123.200196 123.222304 123.244657 123.265927 123.288839 123.310946 123.333613 123.355966 123.377794 123.400706 0.000000 0.000000
0.000000 0.000000 0.000000 0.000000 0.000000 0.000000 0.000000 0.000000 0.000000 0.000000 0.000000 0.000000 0.000000 0.000000 0.000000 0.000000 0.000000 0.000000 0.000000 0.000000 0.000000 0.000000 123.366025 123.302005 123.249966 123.189858 123.154897 123.119378 123.090878 123.082182 123.073520 123.064858 123.055917 123.051446 123.055637 123.064299 123.072961 123.083020 123.091716 123.099260 123.108481 123.116584 123.126676 123.134779 123.142882 123.152941 123.163280 123.178402 123.198240 123.220348 123.242981 123.264530 123.286883 123.309270 123.331623 123.354010 123.376118 123.398750 0.000000 0.000000
0.000000 0.000000 0.000000 0.000000 0.000000 0.000000 0.000000 0.000000 0.000000 0.000000 0.000000 0.000000 0.000000 0.000000 0.000000 0.000000 0.000000 0.000000 0.000000 0.000000 0.000000 0.000000 123.383382 123.316814 123.256147 123.207182 123.158250 123.124966 123.091716 123.083299 123.074079 123.065696 123.056476 123.050887 123.053961 123.062902 123.070726 123.081343 123.089760 123.097304 123.106525 123.114348 123.124687 123.132544 123.141206 123.150985 123.161603 123.176726 123.196564 123.218672 123.241304 123.262294 123.285206 123.307314 123.329946 123.352054 123.374687 123.397074 0.000000 0.000000
0.000000 0.000000 0.000000 0.000000 0.000000 0.000000 0.000000 0.000000 0.000000 0.000000 0.000000 0.000000 0.000000 0.000000 0.000000 0.000000 0.000000 0.000000 0.000000 0.000000 0.000000 0.000000 123.398471 123.337245 123.262853 123.213363 123.168064 123.132824 123.095907 123.083613 123.074917 123.066255 123.057314 123.050328 123.052005 123.060667 123.069329 123.079388 123.087804 123.095348 123.105128 123.112672 123.123289 123.130868 123.139250 123.149309 123.159647 123.174770 123.194608 123.216716 123.239069 123.260618 123.283250 123.305637 123.327711 123.350098 123.372731 123.395397 0.000000 0.000000
0.000000 0.000000 0.000000 0.000000 0.000000 0.000000 0.000000 0.000000 0.000000 0.000000 0.000000 0.000000 0.000000 0.000000 0.000000 0.000000 0.000000 0.000000 0.000000 0.000000 0.000000 0.000000 123.399309 123.345069 123.282971 123.221186 123.177284 123.141765 123.096466 123.084172 123.075476 123.067093 123.058431 123.049770 123.050049 123.058990 123.067373 123.077711 123.085848 123.093392 123.103172 123.110995 123.121334 123.128912 123.137574 123.147353 123.157691 123.173093 123.192652 123.214760 123.238231 123.258662 123.281294 123.303681 123.326035 123.348142 123.370775 123.393441 123.416633 0.000000
