FireSTARR/test/constant/O1a_S000_A270_WD315_WS020/arrival.asc
ncols         151
nrows         151
xllcorner     425403.990666
yllcorner     12734955.311160
cellsize      100.000000
NODATA_value  0.000000
[rows 81 to 107 of 151, columns 60 to 119 of 151]
123.335473 123.326964 123.320547 123.314129 123.305572 123.302363 123.295945 123.285298 123.283159 123.272462 123.267114 123.261766 123.257487 123.250000 123.244701 123.236144 123.234004 123.228656 123.223308 123.216890 123.208333 123.208333 123.210473 123.220099 123.230796 123.239353 123.246840 123.252139 123.262836 123.273532 123.278880 123.288507 123.301293 123.309850 123.318407 123.328034 123.336542 123.345099 123.354726 123.362213 123.371840 123.383557 123.392114 123.401741 123.410298 0.000000 0.000000 0.000000 0.000000 0.000000 0.000000 0.000000 0.000000 0.000000 0.000000 0.000000 0.000000 0.000000 0.000000 0.000000
123.345099 123.338681 123.329104 123.324825 123.316268 123.308781 123.306641 123.299154 123.288507 123.284228 123.276741 123.269253 123.264975 123.259627 123.251070 123.246840 123.239353 123.237213 123.232935 123.224378 123.220099 123.211542 123.210473 123.213681 123.222239 123.231865 123.240422 123.252139 123.255348 123.264975 123.273532 123.282089 123.291667 123.302363 123.313059 123.319477 123.330173 123.337612 123.348308 123.359004 123.365422 123.378209 123.385696 123.397462 123.404950 123.412437 0.000000 0.000000 0.000000 0.000000 0.000000 0.000000 0.000000 0.000000 0.000000 0.000000 0.000000 0.000000 0.000000 0.000000
123.355796 123.348308 123.339751 123.334403 123.324825 123.319477 123.314129 123.307711 123.300224 123.293806 123.288507 123.279950 123.270323 123.266044 123.262836 123.253209 123.250000 123.242562 123.240422 123.236144 123.227587 123.223308 123.214751 123.213681 123.216890 123.227587 123.235074 123.244701 123.253209 123.257487 123.270323 123.281019 123.287437 123.294876 123.302363 123.316268 123.325895 123.333333 123.340821 123.349378 123.360074 123.368631 123.377139 123.386766 123.396393 123.407089 123.415646 0.000000 0.000000 0.000000 0.000000 0.000000 0.000000 0.000000 0.000000 0.000000 0.000000 0.000000 0.000000 0.000000
123.367562 123.359004 123.350447 123.342960 123.336542 123.330173 123.322686 123.316268 123.311990 123.305572 123.298084 123.288507 123.282089 123.274602 123.270323 123.264975 123.258557 123.251070 123.245770 123.243631 123.236144 123.229726 123.225447 123.217960 123.216890 123.220099 123.230796 123.240422 123.246840 123.258557 123.260696 123.270323 123.279950 123.290646 123.298084 123.306641 123.318407 123.328034 123.334403 123.344030 123.355796 123.363283 123.373979 123.382487 123.392114 123.401741 123.411367 0.000000 0.000000 0.000000 0.000000 0.000000 0.000000 0.000000 0.000000 0.000000 0.000000 0.000000 0.000000 0.000000
123.375000 123.368631 123.360074 123.353656 123.347239 123.341890 123.332313 123.324825 123.320547 123.313059 123.304502 123.300224 123.291667 123.283159 123.276741 123.273532 123.267114 123.261766 123.254279 123.247910 123.245770 123.240422 123.236144 123.226517 123.221169 123.220099 123.222239 123.230796 123.242562 123.251070 123.259627 123.263905 123.274602 123.286367 123.293806 123.301293 123.308781 123.318407 123.330173 123.336542 123.345099 123.354726 123.367562 123.375000 123.383557 123.393184 123.402810 123.413507 0.000000 0.000000 0.000000 0.000000 0.000000 0.000000 0.000000 0.000000 0.000000 0.000000 0.000000 0.000000
123.386766 123.377139 123.371840 123.364353 123.357935 123.348308 123.339751 123.335473 123.328034 123.323756 123.318407 123.308781 123.303433 123.294876 123.288507 123.281019 123.277810 123.270323 123.263905 123.258557 123.251070 123.250000 123.242562 123.239353 123.232935 123.224378 123.223308 123.225447 123.237213 123.245770 123.255348 123.262836 123.267114 123.276741 123.285298 123.297015 123.304502 123.315199 123.322686 123.333333 123.339751 123.349378 123.361144 123.369701 123.380348 123.387836 123.396393 123.408159 123.416667 0.000000 0.000000 0.000000 0.000000 0.000000 0.000000 0.000000 0.000000 0.000000 0.000000 0.000000
123.395323 123.387836 123.381418 123.372910 123.365422 123.357935 123.352587 123.344030 123.337612 123.331243 123.325895 123.318407 123.311990 123.304502 123.295945 123.289576 123.285298 123.279950 123.271393 123.268184 123.262836 123.254279 123.252139 123.245770 123.240422 123.236144 123.226517 123.226517 123.228656 123.237213 123.246840 123.257487 123.266044 123.270323 123.281019 123.292736 123.299154 123.306641 123.317338 123.324825 123.334403 123.345099 123.354726 123.362213 123.373979 123.382487 123.388905 123.399602 123.410298 0.000000 0.000000 0.000000 0.000000 0.000000 0.000000 0.000000 0.000000 0.000000 0.000000 0.000000
123.409228 123.400671 123.389975 123.384627 123.377139 123.369701 123.361144 123.353656 123.346169 123.338681 123.334403 123.330173 123.320547 123.316268 123.307711 123.299154 123.292736 123.287437 123.282089 123.275671 123.269253 123.264975 123.256418 123.255348 123.247910 123.244701 123.238283 123.229726 123.228656 123.231865 123.243631 123.251070 123.259627 123.268184 123.273532 123.283159 123.291667 123.303433 123.307711 123.320547 123.329104 123.337612 123.348308 123.355796 123.363283 123.375000 123.386766 123.395323 123.404950 123.412437 0.000000 0.000000 0.000000 0.000000 0.000000 0.000000 0.000000 0.000000 0.000000 0.000000
123.416667 123.409228 123.400671 123.393184 123.385696 123.378209 123.372910 123.363283 123.356865 123.351517 123.344030 123.335473 123.331243 123.324825 123.317338 123.307711 123.303433 123.295945 123.291667 123.285298 123.276741 123.271393 123.268184 123.260696 123.257487 123.250000 123.245770 123.242562 123.232935 123.231865 123.235074 123.243631 123.255348 123.262836 123.271393 123.276741 123.288507 123.299154 123.305572 123.311990 123.322686 123.330173 123.341890 123.350447 123.361144 123.367562 123.379279 123.387836 123.397462 123.404950 123.414576 0.000000 0.000000 0.000000 0.000000 0.000000 0.000000 0.000000 0.000000 0.000000
0.000000 0.000000 123.413507 123.406019 123.397462 123.389975 123.380348 123.375000 123.367562 123.359004 123.351517 123.345099 123.338681 123.333333 123.326964 123.321616 123.313059 123.305572 123.299154 123.293806 123.287437 123.279950 123.276741 123.269253 123.263905 123.261766 123.255348 123.247910 123.243631 123.237213 123.235074 123.238283 123.250000 123.258557 123.268184 123.273532 123.279950 123.288507 123.298084 123.307711 123.313059 123.325895 123.334403 123.342960 123.354726 123.363283 123.370770 123.379279 123.393184 123.401741 123.408159 0.000000 0.000000 0.000000 0.000000 0.000000 0.000000 0.000000 0.000000 0.000000
0.000000 0.000000 0.000000 123.412437 123.404950 123.398532 123.391044 123.384627 123.377139 123.369701 123.363283 123.356865 123.350447 123.342960 123.335473 123.329104 123.321616 123.314129 123.310920 123.304502 123.298084 123.290646 123.284228 123.279950 123.272462 123.266044 123.264975 123.259627 123.252139 123.244701 123.240422 123.238283 123.240422 123.251070 123.260696 123.269253 123.277810 123.283159 123.294876 123.303433 123.313059 123.317338 123.326964 123.338681 123.346169 123.355796 123.367562 123.371840 123.384627 123.392114 123.403880 123.411367 0.000000 0.000000 0.000000 0.000000 0.000000 0.000000 0.000000 0.000000
0.000000 0.000000 0.000000 0.000000 123.415646 123.411367 123.400671 123.393184 123.387836 123.380348 123.372910 123.365422 123.357935 123.352587 123.346169 123.338681 123.334403 123.323756 123.317338 123.311990 123.305572 123.300224 123.291667 123.286367 123.281019 123.276741 123.269253 123.266044 123.260696 123.255348 123.251070 123.242562 123.241492 123.243631 123.253209 123.262836 123.272462 123.281019 123.285298 123.293806 123.304502 123.315199 123.319477 123.330173 123.340821 123.351517 123.357935 123.369701 123.375000 123.386766 123.398532 123.404950 123.414576 0.000000 0.000000 0.000000 0.000000 0.000000 0.000000 0.000000
0.000000 0.000000 0.000000 0.000000 0.000000 0.000000 123.410298 123.404950 123.396393 123.388905 123.381418 123.376070 123.369701 123.360074 123.354726 123.348308 123.340821 123.334403 123.328034 123.320547 123.313059 123.309850 123.303433 123.297015 123.290646 123.286367 123.281019 123.272462 123.268184 123.264975 123.257487 123.254279 123.244701 123.244701 123.246840 123.257487 123.268184 123.275671 123.284228 123.290646 123.300224 123.308781 123.318407 123.322686 123.332313 123.341890 123.353656 123.362213 123.373979 123.378209 123.389975 123.398532 123.410298 0.000000 0.000000 0.000000 0.000000 0.000000 0.000000 0.000000
0.000000 0.000000 0.000000 0.000000 0.000000 0.000000 0.000000 123.415646 123.406019 123.400671 123.393184 123.384627 123.378209 123.370770 123.363283 123.361144 123.350447 123.346169 123.336542 123.329104 123.323756 123.318407 123.310920 123.305572 123.299154 123.293806 123.287437 123.283159 123.275671 123.271393 123.264975 123.262836 123.256418 123.248979 123.246840 123.250000 123.259627 123.268184 123.279950 123.287437 123.292736 123.300224 123.309850 123.320547 123.325895 123.337612 123.345099 123.353656 123.363283 123.375000 123.381418 123.389975 123.403880 123.411367 0.000000 0.000000 0.000000 0.000000 0.000000 0.000000
0.000000 0.000000 0.000000 0.000000 0.000000 0.000000 0.000000 0.000000 123.416667 123.408159 123.401741 123.394253 123.388905 123.378209 123.371840 123.368631 123.360074 123.353656 123.347239 123.341890 123.334403 123.326964 123.322686 123.316268 123.307711 123.301293 123.294876 123.289576 123.286367 123.278880 123.274602 123.268184 123.263905 123.259627 123.251070 123.250000 123.253209 123.263905 123.274602 123.282089 123.290646 123.297015 123.304502 123.314129 123.323756 123.329104 123.337612 123.350447 123.359004 123.369701 123.378209 123.384627 123.396393 123.403880 123.415646 0.000000 0.000000 0.000000 0.000000 0.000000
0.000000 0.000000 0.000000 0.000000 0.000000 0.000000 0.000000 0.000000 0.000000 0.000000 123.413507 123.403880 123.396393 123.392114 123.382487 123.378209 123.370770 123.364353 123.355796 123.352587 123.341890 123.335473 123.329104 123.323756 123.318407 123.311990 123.306641 123.298084 123.294876 123.288507 123.282089 123.279950 123.271393 123.267114 123.261766 123.254279 123.253209 123.256418 123.266044 123.274602 123.285298 123.292736 123.299154 123.306641 123.316268 123.325895 123.332313 123.344030 123.352587 123.360074 123.370770 123.379279 123.389975 123.397462 123.409228 123.416667 0.000000 0.000000 0.000000 0.000000
0.000000 0.000000 0.000000 0.000000 0.000000 0.000000 0.000000 0.000000 0.000000 0.000000 0.000000 123.413507 123.406019 123.401741 123.392114 123.386766 123.379279 123.372910 123.366492 123.360074 123.351517 123.344030 123.338681 123.331243 123.324825 123.322686 123.313059 123.307711 123.302363 123.298084 123.292736 123.286367 123.282089 123.275671 123.270323 123.266044 123.258557 123.256418 123.258557 123.271393 123.281019 123.288507 123.295945 123.302363 123.308781 123.319477 123.329104 123.335473 123.344030 123.355796 123.366492 123.373979 123.382487 123.392114 123.399602 123.410298 0.000000 0.000000 0.000000 0.000000
0.000000 0.000000 0.000000 0.000000 0.000000 0.000000 0.000000 0.000000 0.000000 0.000000 0.000000 0.000000 0.000000 123.410298 123.403880 123.396393 123.388905 123.383557 123.378209 123.369701 123.362213 123.357935 123.350447 123.341890 123.333333 123.328034 123.322686 123.316268 123.313059 123.306641 123.300224 123.293806 123.289576 123.284228 123.278880 123.272462 123.268184 123.260696 123.259627 123.261766 123.271393 123.281019 123.289576 123.299154 123.305572 123.313059 123.321616 123.330173 123.339751 123.350447 123.357935 123.368631 123.375000 123.384627 123.393184 123.400671 123.412437 0.000000 0.000000 0.000000
0.000000 0.000000 0.000000 0.000000 0.000000 0.000000 0.000000 0.000000 0.000000 0.000000 0.000000 0.000000 0.000000 0.000000 123.412437 123.404950 123.397462 123.392114 123.385696 123.380348 123.370770 123.365422 123.356865 123.351517 123.346169 123.338681 123.331243 123.326964 123.318407 123.314129 123.308781 123.304502 123.295945 123.292736 123.286367 123.282089 123.276741 123.270323 123.262836 123.262836 123.264975 123.275671 123.285298 123.295945 123.303433 123.307711 123.316268 123.325895 123.335473 123.344030 123.350447 123.360074 123.369701 123.379279 123.389975 123.398532 123.407089 123.415646 0.000000 0.000000
0.000000 0.000000 0.000000 0.000000 0.000000 0.000000 0.000000 0.000000 0.000000 0.000000 0.000000 0.000000 0.000000 0.000000 0.000000 0.000000 123.409228 123.400671 123.395323 123.389975 123.383557 123.377139 123.367562 123.361144 123.355796 123.348308 123.340821 123.336542 123.330173 123.320547 123.317338 123.313059 123.307711 123.300224 123.294876 123.289576 123.285298 123.277810 123.274602 123.267114 123.264975 123.268184 123.277810 123.287437 123.298084 123.306641 123.311990 123.317338 123.326964 123.338681 123.346169 123.353656 123.364353 123.372910 123.383557 123.391044 123.400671 123.409228 123.416667 0.000000
0.000000 0.000000 0.000000 0.000000 0.000000 0.000000 0.000000 0.000000 0.000000 0.000000 0.000000 0.000000 0.000000 0.000000 0.000000 0.000000 0.000000 123.411367 123.403880 123.398532 123.393184 123.384627 123.377139 123.370770 123.363283 123.356865 123.350447 123.345099 123.337612 123.333333 123.323756 123.320547 123.316268 123.308781 123.303433 123.298084 123.292736 123.287437 123.284228 123.277810 123.269253 123.268184 123.271393 123.282089 123.288507 123.299154 123.307711 123.314129 123.321616 123.333333 123.340821 123.349378 123.357935 123.367562 123.375000 123.386766 123.392114 123.404950 123.413507 0.000000
0.000000 0.000000 0.000000 0.000000 0.000000 0.000000 0.000000 0.000000 0.000000 0.000000 0.000000 0.000000 0.000000 0.000000 0.000000 0.000000 0.000000 0.000000 123.413507 123.407089 123.399602 123.395323 123.389975 123.380348 123.372910 123.369701 123.360074 123.351517 123.346169 123.342960 123.335473 123.326964 123.323756 123.319477 123.310920 123.305572 123.301293 123.294876 123.291667 123.285298 123.279950 123.273532 123.271393 123.274602 123.284228 123.292736 123.302363 123.313059 123.317338 123.323756 123.332313 123.342960 123.353656 123.360074 123.369701 123.379279 123.388905 123.396393 123.406019 123.416667
0.000000 0.000000 0.000000 0.000000 0.000000 0.000000 0.000000 0.000000 0.000000 0.000000 0.000000 0.000000 0.000000 0.000000 0.000000 0.000000 0.000000 0.000000 0.000000 123.416667 123.410298 123.402810 123.398532 123.391044 123.383557 123.376070 123.370770 123.364353 123.355796 123.350447 123.345099 123.335473 123.332313 123.326964 123.321616 123.315199 123.309850 123.303433 123.298084 123.293806 123.290646 123.281019 123.276741 123.274602 123.276741 123.289576 123.298084 123.305572 123.316268 123.319477 123.325895 123.338681 123.348308 123.355796 123.362213 123.371840 123.383557 123.391044 123.399602 123.411367
0.000000 0.000000 0.000000 0.000000 0.000000 0.000000 0.000000 0.000000 0.000000 0.000000 0.000000 0.000000 0.000000 0.000000 0.000000 0.000000 0.000000 0.000000 0.000000 0.000000 0.000000 123.412437 123.408159 123.399602 123.393184 123.385696 123.378209 123.372910 123.365422 123.359004 123.351517 123.347239 123.341890 123.334403 123.329104 123.325895 123.318407 123.311990 123.307711 123.299154 123.298084 123.293806 123.285298 123.278880 123.277810 123.279950 123.289576 123.299154 123.306641 123.319477 123.322686 123.329104 123.338681 123.349378 123.359004 123.364353 123.375000 123.383557 123.395323 123.403880
0.000000 0.000000 0.000000 0.000000 0.000000 0.000000 0.000000 0.000000 0.000000 0.000000 0.000000 0.000000 0.000000 0.000000 0.000000 0.000000 0.000000 0.000000 0.000000 0.000000 0.000000 0.000000 123.414576 123.410298 123.404950 123.395323 123.387836 123.382487 123.377139 123.369701 123.361144 123.354726 123.350447 123.340821 123.339751 123.331243 123.326964 123.320547 123.314129 123.308781 123.302363 123.300224 123.294876 123.289576 123.281019 123.281019 123.283159 123.293806 123.303433 123.310920 123.320547 123.325895 123.331243 123.345099 123.352587 123.361144 123.366492 123.378209 123.389975 123.398532
0.000000 0.000000 0.000000 0.000000 0.000000 0.000000 0.000000 0.000000 0.000000 0.000000 0.000000 0.000000 0.000000 0.000000 0.000000 0.000000 0.000000 0.000000 0.000000 0.000000 0.000000 0.000000 0.000000 0.000000 123.413507 123.406019 123.398532 123.389975 123.384627 123.378209 123.370770 123.365422 123.356865 123.351517 123.345099 123.341890 123.334403 123.329104 123.324825 123.316268 123.314129 123.305572 123.302363 123.299154 123.292736 123.285298 123.283159 123.286367 123.295945 123.305572 123.313059 123.322686 123.329104 123.335473 123.345099 123.354726 123.365422 123.370770 123.381418 123.391044
0.000000 0.000000 0.000000 0.000000 0.000000 0.000000 0.000000 0.000000 0.000000 0.000000 0.000000 0.000000 0.000000 0.000000 0.000000 0.000000 0.000000 0.000000 0.000000 0.000000 0.000000 0.000000 0.000000 0.000000 0.000000 123.414576 123.409228 123.402810 123.395323 123.389975 123.382487 123.373979 123.367562 123.363283 123.354726 123.346169 123.342960 123.338681 123.332313 123.325895 123.318407 123.316268 123.307711 123.304502 123.300224 123.295945 123.287437 123.286367 123.289576 123.299154 123.306641 123.318407 123.326964 123.332313 123.337612 123.349378 123.359004 123.368631 123.373979 123.383557
