FireSTARR/test/constant/O1a_S000_A270_WD315_WS020/arrival.asc
ncols         151
nrows         151
xllcorner     425403.990666
yllcorner     12734955.311160
cellsize      100.000000
NODATA_value  0.000000
[rows 54 to 80 of 151, columns 60 to 119 of 151]
123.172015 123.181641 123.191268 123.201964 123.213681 123.221169 123.228656 123.238283 123.247910 123.257487 123.266044 123.276741 123.288507 123.298084 123.307711 123.318407 123.328034 123.336542 123.350447 123.356865 123.369701 123.380348 123.388905 123.401741 123.410298 0.000000 0.000000 0.000000 0.000000 0.000000 0.000000 0.000000 0.000000 0.000000 0.000000 0.000000 0.000000 0.000000 0.000000 0.000000 0.000000 0.000000 0.000000 0.000000 0.000000 0.000000 0.000000 0.000000 0.000000 0.000000 0.000000 0.000000 0.000000 0.000000 0.000000 0.000000 0.000000 0.000000 0.000000 0.000000
123.168806 123.175224 123.184850 123.196616 123.205173 123.212612 123.227587 123.232935 123.243631 123.253209 123.261766 123.272462 123.282089 123.291667 123.301293 123.310920 123.321616 123.331243 123.339751 123.350447 123.363283 123.370770 123.381418 123.394253 123.401741 123.414576 0.000000 0.000000 0.000000 0.000000 0.000000 0.000000 0.000000 0.000000 0.000000 0.000000 0.000000 0.000000 0.000000 0.000000 0.000000 0.000000 0.000000 0.000000 0.000000 0.000000 0.000000 0.000000 0.000000 0.000000 0.000000 0.000000 0.000000 0.000000 0.000000 0.000000 0.000000 0.000000 0.000000 0.000000
123.165646 123.170945 123.178433 123.188059 123.198756 123.207313 123.216890 123.226517 123.236144 123.243631 123.255348 123.262836 123.274602 123.283159 123.292736 123.304502 123.313059 123.322686 123.333333 123.344030 123.355796 123.363283 123.376070 123.384627 123.394253 123.407089 123.414576 0.000000 0.000000 0.000000 0.000000 0.000000 0.000000 0.000000 0.000000 0.000000 0.000000 0.000000 0.000000 0.000000 0.000000 0.000000 0.000000 0.000000 0.000000 0.000000 0.000000 0.000000 0.000000 0.000000 0.000000 0.000000 0.000000 0.000000 0.000000 0.000000 0.000000 0.000000 0.000000 0.000000
123.159228 123.166667 123.175224 123.180572 123.190199 123.200895 123.211542 123.219030 123.228656 123.239353 123.247910 123.255348 123.264975 123.275671 123.284228 123.298084 123.305572 123.315199 123.326964 123.336542 123.346169 123.354726 123.368631 123.376070 123.385696 123.398532 123.407089 0.000000 0.000000 0.000000 0.000000 0.000000 0.000000 0.000000 0.000000 0.000000 0.000000 0.000000 0.000000 0.000000 0.000000 0.000000 0.000000 0.000000 0.000000 0.000000 0.000000 0.000000 0.000000 0.000000 0.000000 0.000000 0.000000 0.000000 0.000000 0.000000 0.000000 0.000000 0.000000 0.000000
123.152810 123.160298 123.168806 123.178433 123.183781 123.194477 123.203034 123.213681 123.224378 123.231865 123.242562 123.250000 123.260696 123.270323 123.278880 123.290646 123.298084 123.310920 123.320547 123.328034 123.338681 123.350447 123.360074 123.367562 123.378209 123.388905 123.398532 123.411367 0.000000 0.000000 0.000000 0.000000 0.000000 0.000000 0.000000 0.000000 0.000000 0.000000 0.000000 0.000000 0.000000 0.000000 0.000000 0.000000 0.000000 0.000000 0.000000 0.000000 0.000000 0.000000 0.000000 0.000000 0.000000 0.000000 0.000000 0.000000 0.000000 0.000000 0.000000 0.000000
123.144253 123.153880 123.162437 123.172015 123.181641 123.185920 123.196616 123.207313 123.215821 123.225447 123.236144 123.244701 123.252139 123.260696 123.272462 123.283159 123.291667 123.302363 123.310920 123.321616 123.331243 123.344030 123.350447 123.361144 123.373979 123.382487 123.391044 123.401741 123.412437 0.000000 0.000000 0.000000 0.000000 0.000000 0.000000 0.000000 0.000000 0.000000 0.000000 0.000000 0.000000 0.000000 0.000000 0.000000 0.000000 0.000000 0.000000 0.000000 0.000000 0.000000 0.000000 0.000000 0.000000 0.000000 0.000000 0.000000 0.000000 0.000000 0.000000 0.000000
123.144253 123.147462 123.158159 123.166667 123.176293 123.184850 123.189129 123.199825 123.208333 123.219030 123.230796 123.238283 123.246840 123.254279 123.266044 123.275671 123.283159 123.297015 123.304502 123.313059 123.325895 123.334403 123.342960 123.355796 123.366492 123.373979 123.384627 123.395323 123.403880 123.415646 0.000000 0.000000 0.000000 0.000000 0.000000 0.000000 0.000000 0.000000 0.000000 0.000000 0.000000 0.000000 0.000000 0.000000 0.000000 0.000000 0.000000 0.000000 0.000000 0.000000 0.000000 0.000000 0.000000 0.000000 0.000000 0.000000 0.000000 0.000000 0.000000 0.000000
123.148532 123.147462 123.149602 123.159228 123.170945 123.178433 123.188059 123.192338 123.205173 123.213681 123.222239 123.229726 123.243631 123.247910 123.259627 123.268184 123.276741 123.288507 123.298084 123.308781 123.316268 123.328034 123.338681 123.348308 123.355796 123.365422 123.379279 123.387836 123.396393 123.407089 123.415646 0.000000 0.000000 0.000000 0.000000 0.000000 0.000000 0.000000 0.000000 0.000000 0.000000 0.000000 0.000000 0.000000 0.000000 0.000000 0.000000 0.000000 0.000000 0.000000 0.000000 0.000000 0.000000 0.000000 0.000000 0.000000 0.000000 0.000000 0.000000 0.000000
123.158159 123.151741 123.150671 123.152810 123.162437 123.172015 123.183781 123.190199 123.195547 123.205173 123.215821 123.223308 123.236144 123.243631 123.252139 123.262836 123.269253 123.279950 123.290646 123.301293 123.309850 123.317338 123.328034 123.339751 123.349378 123.357935 123.370770 123.379279 123.389975 123.401741 123.408159 0.000000 0.000000 0.000000 0.000000 0.000000 0.000000 0.000000 0.000000 0.000000 0.000000 0.000000 0.000000 0.000000 0.000000 0.000000 0.000000 0.000000 0.000000 0.000000 0.000000 0.000000 0.000000 0.000000 0.000000 0.000000 0.000000 0.000000 0.000000 0.000000
123.168806 123.161367 123.153880 123.153880 123.156019 123.166667 123.177363 123.184850 123.193407 123.198756 123.207313 123.216890 123.229726 123.237213 123.248979 123.256418 123.263905 123.273532 123.283159 123.293806 123.302363 123.314129 123.323756 123.333333 123.340821 123.352587 123.362213 123.372910 123.384627 123.394253 123.402810 123.413507 0.000000 0.000000 0.000000 0.000000 0.000000 0.000000 0.000000 0.000000 0.000000 0.000000 0.000000 0.000000 0.000000 0.000000 0.000000 0.000000 0.000000 0.000000 0.000000 0.000000 0.000000 0.000000 0.000000 0.000000 0.000000 0.000000 0.000000 0.000000
123.177363 123.170945 123.166667 123.157089 123.156019 123.159228 123.169876 123.178433 123.189129 123.196616 123.201964 123.212612 123.222239 123.231865 123.240422 123.248979 123.259627 123.268184 123.276741 123.287437 123.297015 123.307711 123.315199 123.325895 123.334403 123.346169 123.355796 123.363283 123.373979 123.384627 123.394253 123.407089 123.416667 0.000000 0.000000 0.000000 0.000000 0.000000 0.000000 0.000000 0.000000 0.000000 0.000000 0.000000 0.000000 0.000000 0.000000 0.000000 0.000000 0.000000 0.000000 0.000000 0.000000 0.000000 0.000000 0.000000 0.000000 0.000000 0.000000 0.000000
123.185920 123.179502 123.173084 123.166667 123.160298 123.159228 123.162437 123.170945 123.183781 123.190199 123.198756 123.204104 123.213681 123.223308 123.234004 123.241492 123.254279 123.262836 123.270323 123.281019 123.288507 123.299154 123.307711 123.316268 123.326964 123.336542 123.347239 123.357935 123.367562 123.377139 123.387836 123.399602 123.407089 0.000000 0.000000 0.000000 0.000000 0.000000 0.000000 0.000000 0.000000 0.000000 0.000000 0.000000 0.000000 0.000000 0.000000 0.000000 0.000000 0.000000 0.000000 0.000000 0.000000 0.000000 0.000000 0.000000 0.000000 0.000000 0.000000 0.000000
123.191268 123.189129 123.181641 123.178433 123.173084 123.163507 123.162437 123.165646 123.176293 123.183781 123.196616 123.203034 123.207313 123.219030 123.227587 123.237213 123.245770 123.255348 123.266044 123.274602 123.282089 123.293806 123.302363 123.314129 123.322686 123.332313 123.340821 123.352587 123.360074 123.371840 123.380348 123.391044 123.400671 123.411367 0.000000 0.000000 0.000000 0.000000 0.000000 0.000000 0.000000 0.000000 0.000000 0.000000 0.000000 0.000000 0.000000 0.000000 0.000000 0.000000 0.000000 0.000000 0.000000 0.000000 0.000000 0.000000 0.000000 0.000000 0.000000 0.000000
123.201964 123.194477 123.191268 123.186990 123.180572 123.174154 123.167736 123.165646 123.168806 123.177363 123.185920 123.196616 123.206243 123.210473 123.221169 123.228656 123.239353 123.248979 123.256418 123.268184 123.275671 123.284228 123.294876 123.304502 123.314129 123.324825 123.333333 123.344030 123.352587 123.364353 123.372910 123.381418 123.392114 123.402810 123.414576 0.000000 0.000000 0.000000 0.000000 0.000000 0.000000 0.000000 0.000000 0.000000 0.000000 0.000000 0.000000 0.000000 0.000000 0.000000 0.000000 0.000000 0.000000 0.000000 0.000000 0.000000 0.000000 0.000000 0.000000 0.000000
123.209403 123.204104 123.195547 123.195547 123.190199 123.181641 123.179502 123.170945 123.168806 123.170945 123.181641 123.190199 123.201964 123.208333 123.213681 123.224378 123.234004 123.242562 123.252139 123.262836 123.272462 123.277810 123.287437 123.300224 123.306641 123.319477 123.329104 123.336542 123.346169 123.355796 123.364353 123.377139 123.387836 123.396393 123.404950 123.415646 0.000000 0.000000 0.000000 0.000000 0.000000 0.000000 0.000000 0.000000 0.000000 0.000000 0.000000 0.000000 0.000000 0.000000 0.000000 0.000000 0.000000 0.000000 0.000000 0.000000 0.000000 0.000000 0.000000 0.000000
123.217960 123.214751 123.206243 123.199825 123.197686 123.191268 123.186990 123.180572 123.172015 123.172015 123.174154 123.184850 123.191268 123.201964 123.211542 123.216890 123.225447 123.236144 123.244701 123.254279 123.262836 123.273532 123.282089 123.292736 123.299154 123.311990 123.319477 123.330173 123.338681 123.349378 123.356865 123.368631 123.379279 123.389975 123.398532 123.410298 0.000000 0.000000 0.000000 0.000000 0.000000 0.000000 0.000000 0.000000 0.000000 0.000000 0.000000 0.000000 0.000000 0.000000 0.000000 0.000000 0.000000 0.000000 0.000000 0.000000 0.000000 0.000000 0.000000 0.000000
123.230796 123.223308 123.215821 123.210473 123.201964 123.200895 123.197686 123.191268 123.183781 123.175224 123.174154 123.177363 123.185920 123.194477 123.207313 123.214751 123.220099 123.230796 123.239353 123.250000 123.259627 123.269253 123.276741 123.286367 123.293806 123.301293 123.311990 123.322686 123.332313 123.342960 123.353656 123.363283 123.370770 123.380348 123.391044 123.401741 123.411367 0.000000 0.000000 0.000000 0.000000 0.000000 0.000000 0.000000 0.000000 0.000000 0.000000 0.000000 0.000000 0.000000 0.000000 0.000000 0.000000 0.000000 0.000000 0.000000 0.000000 0.000000 0.000000 0.000000
123.240422 123.232935 123.225447 123.219030 123.213681 123.206243 123.204104 123.198756 123.193407 123.186990 123.178433 123.177363 123.180572 123.191268 123.197686 123.207313 123.217960 123.222239 123.230796 123.241492 123.251070 123.260696 123.270323 123.279950 123.288507 123.295945 123.303433 123.317338 123.325895 123.336542 123.346169 123.354726 123.365422 123.371840 123.383557 123.394253 123.403880 123.413507 0.000000 0.000000 0.000000 0.000000 0.000000 0.000000 0.000000 0.000000 0.000000 0.000000 0.000000 0.000000 0.000000 0.000000 0.000000 0.000000 0.000000 0.000000 0.000000 0.000000 0.000000 0.000000
123.247910 123.242562 123.235074 123.226517 123.222239 123.216890 123.209403 123.206243 123.200895 123.194477 123.191268 123.181641 123.180572 123.183781 123.194477 123.203034 123.212612 123.220099 123.224378 123.235074 123.246840 123.255348 123.263905 123.275671 123.283159 123.292736 123.299154 123.309850 123.318407 123.330173 123.337612 123.347239 123.356865 123.368631 123.375000 123.385696 123.396393 123.409228 123.416667 0.000000 0.000000 0.000000 0.000000 0.000000 0.000000 0.000000 0.000000 0.000000 0.000000 0.000000 0.000000 0.000000 0.000000 0.000000 0.000000 0.000000 0.000000 0.000000 0.000000 0.000000
123.260696 123.252139 123.247910 123.238283 123.229726 123.225447 123.217960 123.211542 123.208333 123.204104 123.198756 123.192338 123.184850 123.183781 123.185920 123.195547 123.205173 123.212612 123.224378 123.227587 123.238283 123.247910 123.255348 123.267114 123.276741 123.285298 123.294876 123.303433 123.311990 123.320547 123.330173 123.338681 123.349378 123.360074 123.369701 123.378209 123.387836 123.398532 123.409228 0.000000 0.000000 0.000000 0.000000 0.000000 0.000000 0.000000 0.000000 0.000000 0.000000 0.000000 0.000000 0.000000 0.000000 0.000000 0.000000 0.000000 0.000000 0.000000 0.000000 0.000000
123.268184 123.260696 123.255348 123.247910 123.240422 123.234004 123.228656 123.222239 123.213681 123.213681 123.208333 123.201964 123.195547 123.188059 123.186990 123.189129 123.197686 123.209403 123.216890 123.225447 123.230796 123.242562 123.251070 123.258557 123.269253 123.278880 123.289576 123.299154 123.305572 123.316268 123.323756 123.334403 123.345099 123.354726 123.363283 123.376070 123.383557 123.393184 123.400671 123.411367 0.000000 0.000000 0.000000 0.000000 0.000000 0.000000 0.000000 0.000000 0.000000 0.000000 0.000000 0.000000 0.000000 0.000000 0.000000 0.000000 0.000000 0.000000 0.000000 0.000000
123.277810 123.271393 123.266044 123.257487 123.251070 123.242562 123.236144 123.232935 123.225447 123.216890 123.215821 123.209403 123.205173 123.198756 123.190199 123.190199 123.192338 123.203034 123.211542 123.220099 123.228656 123.234004 123.243631 123.253209 123.262836 123.271393 123.284228 123.291667 123.300224 123.307711 123.318407 123.325895 123.335473 123.347239 123.355796 123.366492 123.375000 123.386766 123.394253 123.402810 123.414576 0.000000 0.000000 0.000000 0.000000 0.000000 0.000000 0.000000 0.000000 0.000000 0.000000 0.000000 0.000000 0.000000 0.000000 0.000000 0.000000 0.000000 0.000000 0.000000
123.286367 123.282089 123.275671 123.267114 123.259627 123.253209 123.243631 123.240422 123.234004 123.229726 123.220099 123.219030 123.214751 123.207313 123.201964 123.193407 123.192338 123.195547 123.206243 123.215821 123.223308 123.232935 123.237213 123.248979 123.256418 123.264975 123.276741 123.284228 123.293806 123.305572 123.309850 123.320547 123.330173 123.336542 123.348308 123.357935 123.368631 123.379279 123.387836 123.396393 123.407089 123.415646 0.000000 0.000000 0.000000 0.000000 0.000000 0.000000 0.000000 0.000000 0.000000 0.000000 0.000000 0.000000 0.000000 0.000000 0.000000 0.000000 0.000000 0.000000
123.294876 123.289576 123.283159 123.277810 123.270323 123.263905 123.256418 123.246840 123.242562 123.239353 123.230796 123.224378 123.222239 123.216890 123.210473 123.204104 123.196616 123.195547 123.198756 123.207313 123.217960 123.225447 123.234004 123.239353 123.250000 123.257487 123.269253 123.277810 123.289576 123.299154 123.307711 123.313059 123.324825 123.334403 123.342960 123.352587 123.361144 123.372910 123.380348 123.392114 123.402810 123.409228 0.000000 0.000000 0.000000 0.000000 0.000000 0.000000 0.000000 0.000000 0.000000 0.000000 0.000000 0.000000 0.000000 0.000000 0.000000 0.000000 0.000000 0.000000
123.304502 123.299154 123.293806 123.286367 123.281019 123.272462 123.266044 123.258557 123.250000 123.246840 123.240422 123.231865 123.227587 123.225447 123.222239 123.213681 123.208333 123.199825 123.198756 123.201964 123.213681 123.221169 123.230796 123.239353 123.242562 123.252139 123.261766 123.271393 123.283159 123.290646 123.299154 123.310920 123.315199 123.326964 123.336542 123.344030 123.353656 123.365422 123.373979 123.383557 123.394253 123.404950 123.413507 0.000000 0.000000 0.000000 0.000000 0.000000 0.000000 0.000000 0.000000 0.000000 0.000000 0.000000 0.000000 0.000000 0.000000 0.000000 0.000000 0.000000
123.314129 123.308781 123.301293 123.297015 123.288507 123.283159 123.277810 123.270323 123.260696 123.255348 123.248979 123.244701 123.237213 123.229726 123.227587 123.223308 123.217960 123.209403 123.204104 123.201964 123.204104 123.214751 123.222239 123.234004 123.241492 123.245770 123.256418 123.267114 123.274602 123.283159 123.295945 123.304502 123.313059 123.318407 123.331243 123.340821 123.347239 123.357935 123.366492 123.379279 123.388905 123.396393 123.407089 123.415646 0.000000 0.000000 0.000000 0.000000 0.000000 0.000000 0.000000 0.000000 0.000000 0.000000 0.000000 0.000000 0.000000 0.000000 0.000000 0.000000
123.326964 123.318407 123.310920 123.304502 123.297015 123.293806 123.286367 123.278880 123.271393 123.262836 123.258557 123.254279 123.246840 123.240422 123.231865 123.231865 123.225447 123.221169 123.214751 123.206243 123.205173 123.207313 123.216890 123.228656 123.236144 123.243631 123.248979 123.258557 123.268184 123.275671 123.288507 123.295945 123.305572 123.314129 123.323756 123.332313 123.342960 123.349378 123.359004 123.371840 123.379279 123.391044 123.398532 123.410298 0.000000 0.000000 0.000000 0.000000 0.000000 0.000000 0.000000 0.000000 0.000000 0.000000 0.000000 0.000000 0.000000 0.000000 0.000000 0.000000
