FireSTARR/test/constant/O1a_S000_A270_WD315_WS020/arrival.asc
ncols         151
nrows         151
xllcorner     425403.990666
yllcorner     12734955.311160
cellsize      100.000000
NODATA_value  0.000000
[rows 0 to 26 of 151, columns 0 to 59 of 151]
0.000000 0.000000 0.000000 0.000000 0.000000 0.000000 0.000000 123.413507 123.409228 123.399602 123.403880 123.412437 0.000000 0.000000 0.000000 0.000000 0.000000 0.000000 0.000000 0.000000 0.000000 0.000000 0.000000 0.000000 0.000000 0.000000 0.000000 0.000000 0.000000 0.000000 0.000000 0.000000 0.000000 0.000000 0.000000 0.000000 0.000000 0.000000 0.000000 0.000000 0.000000 0.000000 0.000000 0.000000 0.000000 0.000000 0.000000 0.000000 0.000000 0.000000 0.000000 0.000000 0.000000 0.000000 0.000000 0.000000 0.000000 0.000000 0.000000 0.000000
0.000000 0.000000 0.000000 0.000000 123.407089 123.397462 123.388905 123.384627 123.375000 123.364353 123.366492 123.375000 123.382487 123.396393 123.413507 0.000000 0.000000 0.000000 0.000000 0.000000 0.000000 0.000000 0.000000 0.000000 0.000000 0.000000 0.000000 0.000000 0.000000 0.000000 0.000000 0.000000 0.000000 0.000000 0.000000 0.000000 0.000000 0.000000 0.000000 0.000000 0.000000 0.000000 0.000000 0.000000 0.000000 0.000000 0.000000 0.000000 0.000000 0.000000 0.000000 0.000000 0.000000 0.000000 0.000000 0.000000 0.000000 0.000000 0.000000 0.000000
0.000000 0.000000 123.392114 123.382487 123.373979 123.370770 123.360074 123.349378 123.339751 123.330173 123.330173 123.337612 123.346169 123.359004 123.376070 123.393184 123.410298 0.000000 0.000000 0.000000 0.000000 0.000000 0.000000 0.000000 0.000000 0.000000 0.000000 0.000000 0.000000 0.000000 0.000000 0.000000 0.000000 0.000000 0.000000 0.000000 0.000000 0.000000 0.000000 0.000000 0.000000 0.000000 0.000000 0.000000 0.000000 0.000000 0.000000 0.000000 0.000000 0.000000 0.000000 0.000000 0.000000 0.000000 0.000000 0.000000 0.000000 0.000000 0.000000 0.000000
0.000000 0.000000 123.385696 123.351517 123.341890 123.335473 123.324825 123.315199 123.310920 123.301293 123.294876 123.301293 123.308781 123.321616 123.339751 123.356865 123.373979 123.392114 123.409228 0.000000 0.000000 0.000000 0.000000 0.000000 0.000000 0.000000 0.000000 0.000000 0.000000 0.000000 0.000000 0.000000 0.000000 0.000000 0.000000 0.000000 0.000000 0.000000 0.000000 0.000000 0.000000 0.000000 0.000000 0.000000 0.000000 0.000000 0.000000 0.000000 0.000000 0.000000 0.000000 0.000000 0.000000 0.000000 0.000000 0.000000 0.000000 0.000000 0.000000 0.000000
0.000000 123.409228 123.376070 123.345099 123.309850 123.301293 123.291667 123.288507 123.275671 123.267114 123.259627 123.263905 123.271393 123.285298 123.302363 123.319477 123.337612 123.354726 123.372910 123.389975 123.408159 0.000000 0.000000 0.000000 0.000000 0.000000 0.000000 0.000000 0.000000 0.000000 0.000000 0.000000 0.000000 0.000000 0.000000 0.000000 0.000000 0.000000 0.000000 0.000000 0.000000 0.000000 0.000000 0.000000 0.000000 0.000000 0.000000 0.000000 0.000000 0.000000 0.000000 0.000000 0.000000 0.000000 0.000000 0.000000 0.000000 0.000000 0.000000 0.000000
0.000000 123.400671 123.373979 123.338681 123.303433 123.269253 123.259627 123.253209 123.241492 123.231865 123.225447 123.226517 123.235074 123.247910 123.264975 123.283159 123.300224 123.317338 123.335473 123.353656 123.371840 123.388905 123.407089 0.000000 0.000000 0.000000 0.000000 0.000000 0.000000 0.000000 0.000000 0.000000 0.000000 0.000000 0.000000 0.000000 0.000000 0.000000 0.000000 0.000000 0.000000 0.000000 0.000000 0.000000 0.000000 0.000000 0.000000 0.000000 0.000000 0.000000 0.000000 0.000000 0.000000 0.000000 0.000000 0.000000 0.000000 0.000000 0.000000 0.000000
0.000000 123.391044 123.362213 123.326964 123.293806 123.262836 123.227587 123.219030 123.209403 123.206243 123.191268 123.190199 123.197686 123.210473 123.227587 123.245770 123.263905 123.281019 123.299154 123.316268 123.334403 123.352587 123.370770 123.388905 123.407089 0.000000 0.000000 0.000000 0.000000 0.000000 0.000000 0.000000 0.000000 0.000000 0.000000 0.000000 0.000000 0.000000 0.000000 0.000000 0.000000 0.000000 0.000000 0.000000 0.000000 0.000000 0.000000 0.000000 0.000000 0.000000 0.000000 0.000000 0.000000 0.000000 0.000000 0.000000 0.000000 0.000000 0.000000 0.000000
123.415646 123.387836 123.352587 123.318407 123.291667 123.256418 123.222239 123.186990 123.177363 123.170945 123.159228 123.156019 123.160298 123.174154 123.191268 123.208333 123.226517 123.244701 123.262836 123.281019 123.298084 123.316268 123.334403 123.352587 123.369701 123.387836 123.406019 0.000000 0.000000 0.000000 0.000000 0.000000 0.000000 0.000000 0.000000 0.000000 0.000000 0.000000 0.000000 0.000000 0.000000 0.000000 0.000000 0.000000 0.000000 0.000000 0.000000 0.000000 0.000000 0.000000 0.000000 0.000000 0.000000 0.000000 0.000000 0.000000 0.000000 0.000000 0.000000 0.000000
123.411367 123.376070 123.341890 123.314129 123.278880 123.243631 123.211542 123.180572 123.145323 123.136766 123.130348 123.120770 123.123979 123.136766 123.153880 123.172015 123.190199 123.208333 123.225447 123.243631 123.261766 123.279950 123.298084 123.315199 123.333333 123.351517 123.369701 123.387836 123.406019 0.000000 0.000000 0.000000 0.000000 0.000000 0.000000 0.000000 0.000000 0.000000 0.000000 0.000000 0.000000 0.000000 0.000000 0.000000 0.000000 0.000000 0.000000 0.000000 0.000000 0.000000 0.000000 0.000000 0.000000 0.000000 0.000000 0.000000 0.000000 0.000000 0.000000 0.000000
123.403880 123.368631 123.333333 123.301293 123.270323 123.235074 123.209403 123.174154 123.139975 123.104726 123.095099 123.085473 123.086542 123.099378 123.117562 123.135696 123.152810 123.170945 123.189129 123.207313 123.225447 123.242562 123.261766 123.278880 123.297015 123.315199 123.333333 123.351517 123.369701 123.386766 123.404950 0.000000 0.000000 0.000000 0.000000 0.000000 0.000000 0.000000 0.000000 0.000000 0.000000 0.000000 0.000000 0.000000 0.000000 0.000000 0.000000 0.000000 0.000000 0.000000 0.000000 0.000000 0.000000 0.000000 0.000000 0.000000 0.000000 0.000000 0.000000 0.000000
123.409228 123.371840 123.334403 123.299154 123.263905 123.228656 123.194477 123.162437 123.133557 123.098308 123.064129 123.054502 123.051293 123.063059 123.080173 123.098308 123.116492 123.134627 123.152810 123.170945 123.188059 123.206243 123.225447 123.242562 123.260696 123.278880 123.297015 123.315199 123.333333 123.350447 123.368631 123.386766 123.404950 0.000000 0.000000 0.000000 0.000000 0.000000 0.000000 0.000000 0.000000 0.000000 0.000000 0.000000 0.000000 0.000000 0.000000 0.000000 0.000000 0.000000 0.000000 0.000000 0.000000 0.000000 0.000000 0.000000 0.000000 0.000000 0.000000 0.000000
123.416667 123.380348 123.342960 123.305572 123.269253 123.231865 123.194477 123.159228 123.125000 123.089751 123.055572 123.022462 123.016044 123.025671 123.043806 123.061990 123.080173 123.098308 123.116492 123.134627 123.151741 123.169876 123.188059 123.206243 123.224378 123.242562 123.260696 123.278880 123.295945 123.314129 123.332313 123.350447 123.368631 123.386766 123.404950 0.000000 0.000000 0.000000 0.000000 0.000000 0.000000 0.000000 0.000000 0.000000 0.000000 0.000000 0.000000 0.000000 0.000000 0.000000 0.000000 0.000000 0.000000 0.000000 0.000000 0.000000 0.000000 0.000000 0.000000 0.000000
0.000000 123.387836 123.350447 123.314129 123.276741 123.239353 123.203034 123.165646 123.128209 123.091890 123.054502 123.020323 123.000000 123.002139 123.012836 123.031019 123.049154 123.067338 123.085473 123.103656 123.121840 123.139975 123.157089 123.175224 123.193407 123.211542 123.229726 123.247910 123.266044 123.284228 123.302363 123.319477 123.337612 123.355796 123.373979 123.392114 123.410298 0.000000 0.000000 0.000000 0.000000 0.000000 0.000000 0.000000 0.000000 0.000000 0.000000 0.000000 0.000000 0.000000 0.000000 0.000000 0.000000 0.000000 0.000000 0.000000 0.000000 0.000000 0.000000 0.000000
0.000000 123.402810 123.365422 123.329104 123.291667 123.254279 123.217960 123.180572 123.143184 123.106865 123.069477 123.033159 123.003209 123.002139 123.005348 123.016044 123.025671 123.043806 123.061990 123.080173 123.097239 123.115422 123.133557 123.151741 123.169876 123.188059 123.206243 123.224378 123.242562 123.259627 123.277810 123.295945 123.314129 123.332313 123.349378 123.367562 123.385696 123.403880 0.000000 0.000000 0.000000 0.000000 0.000000 0.000000 0.000000 0.000000 0.000000 0.000000 0.000000 0.000000 0.000000 0.000000 0.000000 0.000000 0.000000 0.000000 0.000000 0.000000 0.000000 0.000000
0.000000 0.000000 123.382487 123.346169 123.308781 123.271393 123.235074 123.197686 123.160298 123.123979 123.087612 123.051293 123.018184 123.006418 123.005348 123.007487 123.017114 123.029950 123.038507 123.055572 123.073756 123.091890 123.110074 123.128209 123.146393 123.164576 123.181641 123.199825 123.217960 123.236144 123.254279 123.272462 123.290646 123.308781 123.325895 123.344030 123.362213 123.380348 123.398532 123.416667 0.000000 0.000000 0.000000 0.000000 0.000000 0.000000 0.000000 0.000000 0.000000 0.000000 0.000000 0.000000 0.000000 0.000000 0.000000 0.000000 0.000000 0.000000 0.000000 0.000000
0.000000 0.000000 123.400671 123.363283 123.325895 123.289576 123.252139 123.214751 123.178433 123.142114 123.105796 123.068407 123.036367 123.017114 123.009627 123.008557 123.010696 123.022462 123.029950 123.043806 123.051293 123.068407 123.086542 123.103656 123.121840 123.139975 123.158159 123.176293 123.194477 123.212612 123.230796 123.248979 123.267114 123.285298 123.303433 123.320547 123.338681 123.356865 123.375000 123.393184 123.411367 0.000000 0.000000 0.000000 0.000000 0.000000 0.000000 0.000000 0.000000 0.000000 0.000000 0.000000 0.000000 0.000000 0.000000 0.000000 0.000000 0.000000 0.000000 0.000000
0.000000 0.000000 0.000000 123.380348 123.344030 123.306641 123.269253 123.231865 123.196616 123.160298 123.122910 123.086542 123.054502 123.029950 123.022462 123.011766 123.011766 123.013905 123.023532 123.035298 123.042736 123.057711 123.065199 123.080173 123.098308 123.116492 123.134627 123.151741 123.169876 123.188059 123.206243 123.224378 123.242562 123.259627 123.277810 123.295945 123.314129 123.332313 123.350447 123.368631 123.386766 123.403880 0.000000 0.000000 0.000000 0.000000 0.000000 0.000000 0.000000 0.000000 0.000000 0.000000 0.000000 0.000000 0.000000 0.000000 0.000000 0.000000 0.000000 0.000000
0.000000 0.000000 0.000000 123.397462 123.361144 123.323756 123.287437 123.250000 123.213681 123.177363 123.142114 123.104726 123.072686 123.048084 123.031019 123.022462 123.016044 123.013905 123.017114 123.028880 123.036367 123.049154 123.056641 123.069477 123.078034 123.091890 123.110074 123.128209 123.146393 123.164576 123.182711 123.200895 123.219030 123.237213 123.254279 123.272462 123.290646 123.308781 123.326964 123.345099 123.363283 123.380348 123.398532 0.000000 0.000000 0.000000 0.000000 0.000000 0.000000 0.000000 0.000000 0.000000 0.000000 0.000000 0.000000 0.000000 0.000000 0.000000 0.000000 0.000000
0.000000 0.000000 0.000000 123.415646 123.378209 123.341890 123.305572 123.268184 123.231865 123.196616 123.160298 123.122910 123.090821 123.066268 123.042736 123.035298 123.027810 123.018184 123.017114 123.020323 123.029950 123.041667 123.049154 123.061990 123.069477 123.082313 123.091890 123.104726 123.122910 123.141044 123.159228 123.177363 123.194477 123.212612 123.230796 123.248979 123.267114 123.285298 123.302363 123.320547 123.338681 123.356865 123.375000 123.393184 123.411367 0.000000 0.000000 0.000000 0.000000 0.000000 0.000000 0.000000 0.000000 0.000000 0.000000 0.000000 0.000000 0.000000 0.000000 0.000000
0.000000 0.000000 0.000000 0.000000 123.396393 123.360074 123.322686 123.286367 123.250000 123.213681 123.177363 123.141044 123.109004 123.084403 123.060920 123.043806 123.036367 123.028880 123.021393 123.020323 123.023532 123.035298 123.042736 123.051293 123.061990 123.071616 123.082313 123.094030 123.105796 123.116492 123.134627 123.152810 123.170945 123.189129 123.207313 123.225447 123.242562 123.260696 123.278880 123.297015 123.315199 123.333333 123.351517 123.369701 123.387836 123.404950 0.000000 0.000000 0.000000 0.000000 0.000000 0.000000 0.000000 0.000000 0.000000 0.000000 0.000000 0.000000 0.000000 0.000000
0.000000 0.000000 0.000000 0.000000 123.413507 123.378209 123.340821 123.304502 123.268184 123.231865 123.195547 123.159228 123.127139 123.102587 123.079104 123.054502 123.045945 123.040646 123.031019 123.024602 123.023532 123.025671 123.036367 123.048084 123.056641 123.064129 123.076964 123.087612 123.096169 123.106865 123.118631 123.129279 123.146393 123.164576 123.182711 123.200895 123.219030 123.237213 123.255348 123.273532 123.290646 123.308781 123.326964 123.345099 123.363283 123.381418 123.399602 0.000000 0.000000 0.000000 0.000000 0.000000 0.000000 0.000000 0.000000 0.000000 0.000000 0.000000 0.000000 0.000000
0.000000 0.000000 0.000000 0.000000 0.000000 123.395323 123.359004 123.322686 123.286367 123.250000 123.213681 123.176293 123.144253 123.120770 123.097239 123.072686 123.057711 123.049154 123.041667 123.036367 123.026741 123.026741 123.028880 123.038507 123.047015 123.057711 123.068407 123.076964 123.087612 123.101517 123.109004 123.120770 123.131418 123.141044 123.159228 123.176293 123.194477 123.212612 123.230796 123.248979 123.267114 123.285298 123.303433 123.320547 123.338681 123.356865 123.375000 123.393184 123.411367 0.000000 0.000000 0.000000 0.000000 0.000000 0.000000 0.000000 0.000000 0.000000 0.000000 0.000000
0.000000 0.000000 0.000000 0.000000 0.000000 123.412437 123.377139 123.340821 123.304502 123.268184 123.231865 123.194477 123.162437 123.137836 123.115422 123.090821 123.066268 123.058781 123.052363 123.042736 123.036367 123.029950 123.029950 123.032089 123.042736 123.054502 123.063059 123.070547 123.082313 123.090821 123.100447 123.113283 123.121840 123.133557 123.144253 123.153880 123.170945 123.189129 123.207313 123.225447 123.242562 123.260696 123.279950 123.297015 123.315199 123.333333 123.351517 123.369701 123.387836 123.406019 0.000000 0.000000 0.000000 0.000000 0.000000 0.000000 0.000000 0.000000 0.000000 0.000000
0.000000 0.000000 0.000000 0.000000 0.000000 0.000000 123.394253 123.359004 123.322686 123.286367 123.250000 123.212612 123.180572 123.156019 123.132487 123.109004 123.084403 123.071616 123.063059 123.053433 123.047015 123.042736 123.033159 123.032089 123.035298 123.044876 123.053433 123.065199 123.074825 123.083333 123.094030 123.104726 123.114353 123.126070 123.135696 123.145323 123.159228 123.167736 123.182711 123.200895 123.219030 123.237213 123.255348 123.273532 123.291667 123.308781 123.326964 123.346169 123.363283 123.381418 123.399602 0.000000 0.000000 0.000000 0.000000 0.000000 0.000000 0.000000 0.000000 0.000000
0.000000 0.000000 0.000000 0.000000 0.000000 0.000000 123.412437 123.376070 123.339751 123.303433 123.267114 123.230796 123.198756 123.174154 123.150671 123.127139 123.102587 123.080173 123.071616 123.064129 123.057711 123.051293 123.044876 123.036367 123.035298 123.038507 123.049154 123.060920 123.068407 123.076964 123.085473 123.095099 123.104726 123.117562 123.127139 123.137836 123.147462 123.159228 123.172015 123.181641 123.195547 123.213681 123.231865 123.248979 123.267114 123.285298 123.303433 123.321616 123.339751 123.357935 123.376070 123.394253 123.412437 0.000000 0.000000 0.000000 0.000000 0.000000 0.000000 0.000000
0.000000 0.000000 0.000000 0.000000 0.000000 0.000000 0.000000 123.394253 123.357935 123.321616 123.285298 123.248979 123.216890 123.192338 123.168806 123.144253 123.120770 123.096169 123.085473 123.076964 123.069477 123.060920 123.053433 123.047015 123.039576 123.038507 123.041667 123.051293 123.060920 123.069477 123.082313 123.090821 123.100447 123.107935 123.118631 123.130348 123.141044 123.149602 123.161367 123.172015 123.184850 123.194477 123.208333 123.225447 123.243631 123.261766 123.279950 123.298084 123.316268 123.333333 123.351517 123.369701 123.387836 123.406019 0.000000 0.000000 0.000000 0.000000 0.000000 0.000000
0.000000 0.000000 0.000000 0.000000 0.000000 0.000000 0.000000 123.412437 123.376070 123.339751 123.303433 123.267114 123.235074 123.210473 123.186990 123.162437 123.138905 123.114353 123.092960 123.084403 123.076964 123.069477 123.061990 123.056641 123.048084 123.043806 123.041667 123.043806 123.056641 123.066268 123.075895 123.083333 123.094030 123.101517 123.113283 123.123979 123.131418 123.143184 123.153880 123.165646 123.174154 123.184850 123.198756 123.208333 123.220099 123.238283 123.256418 123.273532 123.291667 123.309850 123.328034 123.346169 123.364353 123.381418 123.399602 0.000000 0.000000 0.000000 0.000000 0.000000
