FireSTARR/test/constant/O1a_S000_A270_WD315_WS020/arrival.asc
ncols         151
nrows         151
xllcorner     425403.990666
yllcorner     12734955.311160
cellsize      100.000000
NODATA_value  0.000000
[rows 27 to 53 of 151, columns 0 to 59 of 151]
0.000000 0.000000 0.000000 0.000000 0.000000 0.000000 0.000000 0.000000 123.394253 123.357935 123.321616 123.285298 123.253209 123.228656 123.205173 123.180572 123.157089 123.132487 123.109004 123.099378 123.090821 123.082313 123.071616 123.066268 123.060920 123.054502 123.045945 123.044876 123.047015 123.056641 123.066268 123.075895 123.085473 123.094030 123.103656 123.114353 123.123979 123.133557 123.144253 123.153880 123.164576 123.178433 123.185920 123.197686 123.211542 123.222239 123.231865 123.250000 123.268184 123.286367 123.304502 123.321616 123.339751 123.357935 123.376070 123.394253 123.412437 0.000000 0.000000 0.000000
0.000000 0.000000 0.000000 0.000000 0.000000 0.000000 0.000000 0.000000 123.412437 123.376070 123.339751 123.303433 123.271393 123.246840 123.223308 123.198756 123.175224 123.150671 123.127139 123.106865 123.097239 123.089751 123.082313 123.075895 123.069477 123.061990 123.056641 123.049154 123.048084 123.050224 123.060920 123.072686 123.081243 123.089751 123.100447 123.106865 123.118631 123.129279 123.138905 123.148532 123.158159 123.167736 123.177363 123.190199 123.199825 123.210473 123.224378 123.236144 123.244701 123.261766 123.279950 123.298084 123.316268 123.334403 123.351517 123.369701 123.387836 123.406019 0.000000 0.000000
0.000000 0.000000 0.000000 0.000000 0.000000 0.000000 0.000000 0.000000 0.000000 123.394253 123.357935 123.321616 123.288507 123.264975 123.241492 123.216890 123.193407 123.168806 123.145323 123.120770 123.111144 123.103656 123.095099 123.087612 123.076964 123.073756 123.064129 123.058781 123.051293 123.050224 123.053433 123.063059 123.071616 123.082313 123.091890 123.101517 123.109004 123.118631 123.131418 123.139975 123.150671 123.159228 123.170945 123.183781 123.192338 123.203034 123.212612 123.223308 123.236144 123.248979 123.257487 123.274602 123.292736 123.310920 123.329104 123.347239 123.364353 123.382487 123.400671 0.000000
0.000000 0.000000 0.000000 0.000000 0.000000 0.000000 0.000000 0.000000 0.000000 123.412437 123.375000 123.339751 123.306641 123.283159 123.259627 123.235074 123.211542 123.186990 123.163507 123.138905 123.119701 123.111144 123.102587 123.095099 123.086542 123.083333 123.074825 123.068407 123.063059 123.054502 123.053433 123.056641 123.067338 123.078034 123.086542 123.095099 123.104726 123.115422 123.122910 123.132487 123.145323 123.153880 123.164576 123.173084 123.182711 123.194477 123.205173 123.215821 123.226517 123.236144 123.247910 123.262836 123.271393 123.286367 123.304502 123.322686 123.340821 123.359004 123.376070 123.394253
0.000000 0.000000 0.000000 0.000000 0.000000 0.000000 0.000000 0.000000 0.000000 0.000000 123.393184 123.356865 123.324825 123.300224 123.276741 123.253209 123.228656 123.205173 123.181641 123.157089 123.133557 123.122910 123.113283 123.107935 123.100447 123.089751 123.083333 123.080173 123.069477 123.065199 123.057711 123.056641 123.059850 123.069477 123.079104 123.087612 123.097239 123.105796 123.116492 123.125000 123.137836 123.145323 123.154950 123.166667 123.174154 123.188059 123.197686 123.208333 123.217960 123.226517 123.239353 123.248979 123.260696 123.277810 123.284228 123.299154 123.316268 123.334403 123.352587 123.370770
0.000000 0.000000 0.000000 0.000000 0.000000 0.000000 0.000000 0.000000 0.000000 0.000000 123.411367 123.375000 123.342960 123.318407 123.294876 123.271393 123.246840 123.223308 123.198756 123.175224 123.151741 123.133557 123.123979 123.117562 123.107935 123.100447 123.094030 123.088681 123.080173 123.073756 123.067338 123.061990 123.059850 123.061990 123.074825 123.084403 123.092960 123.100447 123.110074 123.118631 123.129279 123.137836 123.150671 123.159228 123.167736 123.178433 123.186990 123.200895 123.208333 123.221169 123.230796 123.241492 123.251070 123.261766 123.273532 123.290646 123.298084 123.310920 123.328034 123.346169
0.000000 0.000000 0.000000 0.000000 0.000000 0.000000 0.000000 0.000000 0.000000 0.000000 0.000000 123.393184 123.361144 123.336542 123.313059 123.289576 123.266044 123.240422 123.216890 123.193407 123.169876 123.145323 123.135696 123.126070 123.119701 123.113283 123.105796 123.096169 123.091890 123.085473 123.075895 123.072686 123.063059 123.063059 123.065199 123.074825 123.084403 123.094030 123.102587 123.112213 123.121840 123.132487 123.142114 123.150671 123.160298 123.169876 123.180572 123.192338 123.200895 123.214751 123.222239 123.234004 123.242562 123.254279 123.264975 123.274602 123.287437 123.302363 123.311990 123.322686
0.000000 0.000000 0.000000 0.000000 0.000000 0.000000 0.000000 0.000000 0.000000 0.000000 0.000000 123.411367 123.379279 123.354726 123.331243 123.306641 123.283159 123.258557 123.235074 123.211542 123.188059 123.163507 123.147462 123.137836 123.131418 123.119701 123.113283 123.104726 123.100447 123.094030 123.084403 123.079104 123.073756 123.066268 123.066268 123.068407 123.080173 123.090821 123.099378 123.105796 123.117562 123.125000 123.133557 123.144253 123.154950 123.163507 123.173084 123.185920 123.195547 123.203034 123.213681 123.224378 123.235074 123.247910 123.256418 123.270323 123.276741 123.287437 123.301293 123.315199
0.000000 0.000000 0.000000 0.000000 0.000000 0.000000 0.000000 0.000000 0.000000 0.000000 0.000000 0.000000 123.397462 123.372910 123.349378 123.324825 123.301293 123.276741 123.253209 123.229726 123.206243 123.181641 123.158159 123.149602 123.142114 123.132487 123.125000 123.118631 123.111144 123.102587 123.095099 123.087612 123.083333 123.076964 123.069477 123.068407 123.071616 123.081243 123.089751 123.101517 123.106865 123.116492 123.130348 123.136766 123.148532 123.156019 123.167736 123.176293 123.185920 123.197686 123.206243 123.215821 123.229726 123.237213 123.248979 123.260696 123.270323 123.281019 123.292736 123.300224
0.000000 0.000000 0.000000 0.000000 0.000000 0.000000 0.000000 0.000000 0.000000 0.000000 0.000000 0.000000 123.414576 123.391044 123.367562 123.342960 123.319477 123.294876 123.271393 123.246840 123.223308 123.199825 123.176293 123.161367 123.150671 123.142114 123.134627 123.126070 123.118631 123.113283 123.106865 123.099378 123.090821 123.086542 123.081243 123.072686 123.071616 123.074825 123.086542 123.096169 123.102587 123.109004 123.122910 123.130348 123.142114 123.149602 123.161367 123.168806 123.178433 123.190199 123.199825 123.209403 123.219030 123.228656 123.241492 123.251070 123.260696 123.271393 123.282089 123.291667
0.000000 0.000000 0.000000 0.000000 0.000000 0.000000 0.000000 0.000000 0.000000 0.000000 0.000000 0.000000 0.000000 123.408159 123.385696 123.361144 123.337612 123.313059 123.289576 123.264975 123.241492 123.217960 123.193407 123.169876 123.162437 123.154950 123.143184 123.134627 123.130348 123.121840 123.116492 123.109004 123.100447 123.095099 123.088681 123.082313 123.075895 123.074825 123.078034 123.087612 123.097239 123.109004 123.113283 123.122910 123.135696 123.144253 123.152810 123.163507 123.174154 123.183781 123.191268 123.203034 123.211542 123.221169 123.230796 123.241492 123.253209 123.264975 123.276741 123.285298
0.000000 0.000000 0.000000 0.000000 0.000000 0.000000 0.000000 0.000000 0.000000 0.000000 0.000000 0.000000 0.000000 0.000000 123.402810 123.379279 123.355796 123.331243 123.307711 123.283159 123.259627 123.236144 123.211542 123.188059 123.175224 123.163507 123.154950 123.148532 123.138905 123.131418 123.125000 123.118631 123.111144 123.104726 123.098308 123.090821 123.086542 123.080173 123.078034 123.080173 123.090821 123.102587 123.110074 123.115422 123.127139 123.136766 123.148532 123.153880 123.167736 123.175224 123.184850 123.197686 123.206243 123.216890 123.225447 123.234004 123.244701 123.256418 123.267114 123.277810
0.000000 0.000000 0.000000 0.000000 0.000000 0.000000 0.000000 0.000000 0.000000 0.000000 0.000000 0.000000 0.000000 0.000000 0.000000 123.397462 123.373979 123.349378 123.325895 123.301293 123.277810 123.253209 123.229726 123.206243 123.183781 123.175224 123.164576 123.159228 123.149602 123.141044 123.134627 123.126070 123.123979 123.114353 123.105796 123.101517 123.095099 123.090821 123.081243 123.081243 123.083333 123.094030 123.103656 123.115422 123.118631 123.131418 123.137836 123.149602 123.159228 123.167736 123.181641 123.189129 123.197686 123.207313 123.217960 123.226517 123.238283 123.248979 123.258557 123.269253
0.000000 0.000000 0.000000 0.000000 0.000000 0.000000 0.000000 0.000000 0.000000 0.000000 0.000000 0.000000 0.000000 0.000000 0.000000 123.415646 123.392114 123.367562 123.344030 123.319477 123.295945 123.271393 123.247910 123.224378 123.199825 123.188059 123.176293 123.167736 123.160298 123.150671 123.144253 123.136766 123.132487 123.122910 123.116492 123.109004 123.104726 123.097239 123.091890 123.084403 123.084403 123.086542 123.096169 123.107935 123.116492 123.121840 123.132487 123.142114 123.153880 123.162437 123.172015 123.179502 123.191268 123.203034 123.212612 123.221169 123.231865 123.239353 123.251070 123.261766
0.000000 0.000000 0.000000 0.000000 0.000000 0.000000 0.000000 0.000000 0.000000 0.000000 0.000000 0.000000 0.000000 0.000000 0.000000 0.000000 123.409228 123.385696 123.362213 123.337612 123.314129 123.289576 123.266044 123.242562 123.217960 123.196616 123.188059 123.178433 123.172015 123.161367 123.157089 123.149602 123.139975 123.133557 123.127139 123.118631 123.112213 123.106865 123.100447 123.095099 123.087612 123.086542 123.089751 123.100447 123.109004 123.121840 123.125000 123.135696 123.146393 123.154950 123.165646 123.172015 123.183781 123.194477 123.203034 123.213681 123.222239 123.234004 123.241492 123.253209
0.000000 0.000000 0.000000 0.000000 0.000000 0.000000 0.000000 0.000000 0.000000 0.000000 0.000000 0.000000 0.000000 0.000000 0.000000 0.000000 0.000000 123.402810 123.379279 123.355796 123.332313 123.307711 123.284228 123.260696 123.236144 123.212612 123.201964 123.190199 123.183781 123.172015 123.165646 123.157089 123.150671 123.142114 123.135696 123.129279 123.123979 123.116492 123.110074 123.105796 123.099378 123.090821 123.089751 123.092960 123.103656 123.113283 123.120770 123.128209 123.137836 123.147462 123.156019 123.168806 123.176293 123.183781 123.196616 123.207313 123.215821 123.225447 123.235074 123.244701
0.000000 0.000000 0.000000 0.000000 0.000000 0.000000 0.000000 0.000000 0.000000 0.000000 0.000000 0.000000 0.000000 0.000000 0.000000 0.000000 0.000000 0.000000 123.397462 123.373979 123.350447 123.325895 123.302363 123.277810 123.254279 123.230796 123.209403 123.199825 123.193407 123.182711 123.176293 123.167736 123.162437 123.154950 123.145323 123.141044 123.133557 123.123979 123.120770 123.112213 123.107935 123.100447 123.094030 123.092960 123.096169 123.104726 123.115422 123.128209 123.131418 123.143184 123.150671 123.162437 123.170945 123.177363 123.188059 123.198756 123.209403 123.219030 123.228656 123.237213
0.000000 0.000000 0.000000 0.000000 0.000000 0.000000 0.000000 0.000000 0.000000 0.000000 0.000000 0.000000 0.000000 0.000000 0.000000 0.000000 0.000000 0.000000 123.415646 123.391044 123.367562 123.344030 123.319477 123.295945 123.272462 123.248979 123.225447 123.214751 123.201964 123.195547 123.184850 123.178433 123.170945 123.162437 123.154950 123.147462 123.142114 123.133557 123.126070 123.122910 123.114353 123.110074 123.104726 123.098308 123.096169 123.098308 123.107935 123.117562 123.127139 123.134627 123.144253 123.152810 123.164576 123.173084 123.182711 123.191268 123.199825 123.212612 123.224378 123.230796
0.000000 0.000000 0.000000 0.000000 0.000000 0.000000 0.000000 0.000000 0.000000 0.000000 0.000000 0.000000 0.000000 0.000000 0.000000 0.000000 0.000000 0.000000 0.000000 123.409228 123.385696 123.362213 123.337612 123.314129 123.290646 123.267114 123.242562 123.223308 123.212612 123.205173 123.196616 123.190199 123.179502 123.172015 123.167736 123.161367 123.152810 123.146393 123.138905 123.130348 123.125000 123.116492 123.113283 123.106865 123.099378 123.099378 123.101517 123.111144 123.119701 123.131418 123.136766 123.148532 123.157089 123.167736 123.177363 123.185920 123.196616 123.203034 123.214751 123.225447
0.000000 0.000000 0.000000 0.000000 0.000000 0.000000 0.000000 0.000000 0.000000 0.000000 0.000000 0.000000 0.000000 0.000000 0.000000 0.000000 0.000000 0.000000 0.000000 0.000000 123.403880 123.380348 123.356865 123.332313 123.307711 123.285298 123.260696 123.237213 123.229726 123.216890 123.207313 123.201964 123.190199 123.183781 123.176293 123.168806 123.161367 123.153880 123.146393 123.139975 123.132487 123.130348 123.119701 123.115422 123.111144 123.102587 123.102587 123.104726 123.115422 123.122910 123.132487 123.141044 123.149602 123.160298 123.168806 123.180572 123.190199 123.196616 123.207313 123.215821
0.000000 0.000000 0.000000 0.000000 0.000000 0.000000 0.000000 0.000000 0.000000 0.000000 0.000000 0.000000 0.000000 0.000000 0.000000 0.000000 0.000000 0.000000 0.000000 0.000000 0.000000 123.397462 123.373979 123.350447 123.325895 123.302363 123.278880 123.255348 123.236144 123.224378 123.216890 123.209403 123.201964 123.192338 123.185920 123.177363 123.173084 123.162437 123.158159 123.152810 123.143184 123.137836 123.129279 123.125000 123.118631 123.113283 123.105796 123.104726 123.107935 123.117562 123.128209 123.134627 123.144253 123.154950 123.163507 123.174154 123.181641 123.192338 123.199825 123.210473
0.000000 0.000000 0.000000 0.000000 0.000000 0.000000 0.000000 0.000000 0.000000 0.000000 0.000000 0.000000 0.000000 0.000000 0.000000 0.000000 0.000000 0.000000 0.000000 0.000000 0.000000 123.415646 123.392114 123.368631 123.344030 123.320547 123.297015 123.273532 123.250000 123.241492 123.230796 123.222239 123.213681 123.204104 123.194477 123.186990 123.180572 123.174154 123.164576 123.160298 123.151741 123.145323 123.141044 123.133557 123.128209 123.121840 123.117562 123.109004 123.107935 123.111144 123.121840 123.131418 123.138905 123.147462 123.154950 123.165646 123.176293 123.186990 123.194477 123.201964
0.000000 0.000000 0.000000 0.000000 0.000000 0.000000 0.000000 0.000000 0.000000 0.000000 0.000000 0.000000 0.000000 0.000000 0.000000 0.000000 0.000000 0.000000 0.000000 0.000000 0.000000 0.000000 123.410298 123.385696 123.362213 123.338681 123.315199 123.290646 123.267114 123.250000 123.238283 123.229726 123.224378 123.214751 123.206243 123.198756 123.192338 123.184850 123.176293 123.168806 123.163507 123.154950 123.149602 123.144253 123.134627 123.130348 123.125000 123.118631 123.112213 123.111144 123.114353 123.122910 123.133557 123.139975 123.150671 123.159228 123.168806 123.177363 123.188059 123.196616
0.000000 0.000000 0.000000 0.000000 0.000000 0.000000 0.000000 0.000000 0.000000 0.000000 0.000000 0.000000 0.000000 0.000000 0.000000 0.000000 0.000000 0.000000 0.000000 0.000000 0.000000 0.000000 0.000000 123.403880 123.380348 123.356865 123.333333 123.308781 123.285298 123.261766 123.254279 123.243631 123.235074 123.225447 123.216890 123.210473 123.200895 123.193407 123.184850 123.178433 123.172015 123.165646 123.158159 123.152810 123.146393 123.137836 123.133557 123.128209 123.122910 123.116492 123.114353 123.116492 123.126070 123.135696 123.143184 123.152810 123.160298 123.170945 123.181641 123.191268
0.000000 0.000000 0.000000 0.000000 0.000000 0.000000 0.000000 0.000000 0.000000 0.000000 0.000000 0.000000 0.000000 0.000000 0.000000 0.000000 0.000000 0.000000 0.000000 0.000000 0.000000 0.000000 0.000000 0.000000 123.398532 123.375000 123.351517 123.326964 123.303433 123.279950 123.262836 123.252139 123.243631 123.236144 123.226517 123.220099 123.209403 123.201964 123.197686 123.189129 123.179502 123.175224 123.166667 123.163507 123.154950 123.148532 123.142114 123.138905 123.131418 123.126070 123.117562 123.117562 123.119701 123.129279 123.137836 123.148532 123.157089 123.163507 123.174154 123.182711
0.000000 0.000000 0.000000 0.000000 0.000000 0.000000 0.000000 0.000000 0.000000 0.000000 0.000000 0.000000 0.000000 0.000000 0.000000 0.000000 0.000000 0.000000 0.000000 0.000000 0.000000 0.000000 0.000000 0.000000 123.415646 123.393184 123.369701 123.345099 123.321616 123.298084 123.273532 123.266044 123.256418 123.245770 123.239353 123.229726 123.223308 123.212612 123.207313 123.199825 123.190199 123.183781 123.180572 123.169876 123.164576 123.159228 123.150671 123.144253 123.139975 123.133557 123.129279 123.120770 123.119701 123.122910 123.133557 123.141044 123.150671 123.159228 123.166667 123.175224
0.000000 0.000000 0.000000 0.000000 0.000000 0.000000 0.000000 0.000000 0.000000 0.000000 0.000000 0.000000 0.000000 0.000000 0.000000 0.000000 0.000000 0.000000 0.000000 0.000000 0.000000 0.000000 0.000000 0.000000 0.000000 123.411367 123.387836 123.363283 123.339751 123.315199 123.291667 123.275671 123.266044 123.256418 123.248979 123.241492 123.231865 123.222239 123.216890 123.210473 123.201964 123.194477 123.188059 123.179502 123.172015 123.169876 123.161367 123.157089 123.147462 123.143184 123.136766 123.131418 123.123979 123.122910 123.126070 123.135696 123.146393 123.152810 123.162437 123.169876
