FireSTARR/test/constant/M1M225PC_S060_A000_WD225_WS020/arrival.asc
ncols         20
nrows         21
xllcorner     424903.990666
yllcorner     12748555.311160
cellsize      100.000000
NODATA_value  0.000000
0.000000 123.414987 0.000000 0.000000 0.000000 0.000000 0.000000 0.000000 0.000000 0.000000 0.000000 0.000000 0.000000 0.000000 0.000000 0.000000 0.000000 0.000000 0.000000 0.000000 
0.000000 123.406990 123.390995 123.398992 0.000000 0.000000 0.000000 0.000000 0.000000 0.000000 0.000000 0.000000 0.000000 0.000000 0.000000 0.000000 0.000000 0.000000 0.000000 0.000000 
0.000000 123.398992 123.382997 123.373321 123.382997 123.390995 123.406990 0.000000 0.000000 0.000000 0.000000 0.000000 0.000000 0.000000 0.000000 0.000000 0.000000 0.000000 0.000000 0.000000 
0.000000 123.398992 123.373321 123.357326 123.349328 123.365323 123.373321 123.382997 123.398992 123.416667 0.000000 0.000000 0.000000 0.000000 0.000000 0.000000 0.000000 0.000000 0.000000 0.000000 
123.414987 123.398992 123.373321 123.349328 123.331654 123.323656 123.341331 123.349328 123.365323 123.375000 123.398992 123.414987 0.000000 0.000000 0.000000 0.000000 0.000000 0.000000 0.000000 0.000000 
123.414987 123.390995 123.373321 123.349328 123.323656 123.299664 123.299664 123.315659 123.331654 123.333333 123.357326 123.373321 123.398992 0.000000 0.000000 0.000000 0.000000 0.000000 0.000000 0.000000 
0.000000 123.390995 123.365323 123.341331 123.323656 123.299664 123.273992 123.273992 123.291667 123.307662 123.315659 123.341331 123.357326 123.390995 0.000000 0.000000 0.000000 0.000000 0.000000 0.000000 
0.000000 123.414987 123.365323 123.341331 123.315659 123.299664 123.273992 123.248321 123.248321 123.265995 123.281990 123.299664 123.315659 123.331654 123.406990 0.000000 0.000000 0.000000 0.000000 0.000000 
0.000000 0.000000 123.390995 123.341331 123.315659 123.289987 123.273992 123.248321 123.224328 123.232326 123.240323 123.257997 123.273992 123.299664 123.341331 0.000000 0.000000 0.000000 0.000000 0.000000 
0.000000 0.000000 0.000000 123.382997 123.323656 123.289987 123.265995 123.248321 123.224328 123.206654 123.206654 123.232326 123.240323 123.257997 123.273992 123.365323 0.000000 0.000000 0.000000 0.000000 
0.000000 0.000000 0.000000 123.406990 123.365323 123.315659 123.265995 123.240323 123.216331 123.198656 123.182662 123.190659 123.206654 123.216331 123.232326 123.289987 123.390995 0.000000 0.000000 0.000000 
0.000000 0.000000 0.000000 0.000000 123.390995 123.341331 123.299664 123.240323 123.216331 123.190659 123.174664 123.156990 123.174664 123.182662 123.206654 123.224328 123.323656 123.414987 0.000000 0.000000 
0.000000 0.000000 0.000000 0.000000 123.416667 123.373321 123.323656 123.281990 123.224328 123.190659 123.164987 123.148992 123.132997 123.148992 123.156990 123.174664 123.248321 123.341331 0.000000 0.000000 
0.000000 0.000000 0.000000 0.000000 0.000000 123.414987 123.349328 123.315659 123.250000 123.216331 123.164987 123.140995 123.123321 123.107326 123.115323 123.140995 123.174664 123.273992 123.406990 0.000000 
0.000000 0.000000 0.000000 0.000000 0.000000 0.000000 123.390995 123.349328 123.281990 123.250000 123.198656 123.140995 123.115323 123.099328 123.083333 123.099328 123.115323 123.198656 123.341331 0.000000 
0.000000 0.000000 0.000000 0.000000 0.000000 0.000000 0.000000 123.382997 123.323656 123.273992 123.224328 123.182662 123.123321 123.091331 123.073656 123.065659 123.073656 123.123321 123.265995 0.000000 
0.000000 0.000000 0.000000 0.000000 0.000000 0.000000 0.000000 0.000000 123.373321 123.299664 123.257997 123.224328 123.156990 123.107326 123.065659 123.039987 123.039987 123.057662 123.198656 123.382997 
0.000000 0.000000 0.000000 0.000000 0.000000 0.000000 0.000000 0.000000 0.000000 123.406990 123.331654 123.257997 123.182662 123.140995 123.091331 123.039987 123.015995 123.015995 123.123321 123.315659 
0.000000 0.000000 0.000000 0.000000 0.000000 0.000000 0.000000 0.000000 0.000000 0.000000 0.000000 123.357326 123.289987 123.216331 123.140995 123.073656 123.015995 123.000000 123.099328 123.307662 
0.000000 0.000000 0.000000 0.000000 0.000000 0.000000 0.000000 0.000000 0.000000 0.000000 0.000000 0.000000 0.000000 123.349328 123.281990 123.208333 123.140995 123.140995 123.198656 123.414987 
0.000000 0.000000 0.000000 0.000000 0.000000 0.000000 0.000000 0.000000 0.000000 0.000000 0.000000 0.000000 0.000000 0.000000 0.000000 123.382997 123.382997 123.406990 0.000000 0.000000 
