FireSTARR/test/constant/O1a_S060_A090_WD135_WS020/arrival.asc
ncols         120
nrows         736
xllcorner     416003.990666
yllcorner     12675255.311160
cellsize      100.000000
NODATA_value  0.000000
[rows 270 to 296 of 736, columns 60 to 119 of 120]
123.211407 123.203270 123.194608 123.185667 123.177005 123.168902 123.159088 123.152941 123.155177 123.164118 123.172255 123.180917 123.190417 123.198240 123.207182 123.216436 123.225657 123.233201 123.241584 123.250838 123.258662 123.267882 123.275147 123.284647 123.295020 123.302843 123.310667 123.319049 123.327152 123.336966 123.344789 123.354010 123.362113 123.370216 123.380588 123.388971 123.397633 123.407133 123.415236 0.000000 0.000000 0.000000 0.000000 0.000000 0.000000 0.000000 0.000000 0.000000 0.000000 0.000000 0.000000 0.000000 0.000000 0.000000 0.000000 0.000000 0.000000 0.000000 0.000000 0.000000
123.211127 123.201873 123.193490 123.184829 123.176446 123.167505 123.158530 123.153500 123.156853 123.165515 123.173931 123.182593 123.191814 123.200196 123.208892 123.218392 123.227613 123.234878 123.243819 123.252794 123.260618 123.269838 123.276824 123.286603 123.296417 123.304799 123.312623 123.320726 123.328829 123.338922 123.346745 123.355966 123.363510 123.372451 123.382544 123.390927 123.399309 123.408809 0.000000 0.000000 0.000000 0.000000 0.000000 0.000000 0.000000 0.000000 0.000000 0.000000 0.000000 0.000000 0.000000 0.000000 0.000000 0.000000 0.000000 0.000000 0.000000 0.000000 0.000000 0.000000
123.210010 123.201314 123.193211 123.184270 123.175608 123.166946 123.157971 123.154059 123.158809 123.167505 123.175887 123.184549 123.193770 123.202152 123.210848 123.220348 123.229569 123.236554 123.244937 123.254471 123.262294 123.271794 123.278780 123.288559 123.298373 123.306755 123.314020 123.322402 123.331064 123.340319 123.348142 123.357363 123.365466 123.373848 123.384500 123.392603 123.400985 123.410765 0.000000 0.000000 0.000000 0.000000 0.000000 0.000000 0.000000 0.000000 0.000000 0.000000 0.000000 0.000000 0.000000 0.000000 0.000000 0.000000 0.000000 0.000000 0.000000 0.000000 0.000000 0.000000
123.209451 123.200755 123.192093 123.183711 123.174490 123.165515 123.157691 123.154618 123.160486 123.169461 123.177284 123.186505 123.195726 123.203829 123.212525 123.221745 123.231525 123.238510 123.246892 123.256147 123.263971 123.273750 123.280736 123.290515 123.300049 123.308711 123.315976 123.324637 123.332740 123.342275 123.350378 123.359319 123.367422 123.375559 123.386177 123.394838 123.402941 123.412441 0.000000 0.000000 0.000000 0.000000 0.000000 0.000000 0.000000 0.000000 0.000000 0.000000 0.000000 0.000000 0.000000 0.000000 0.000000 0.000000 0.000000 0.000000 0.000000 0.000000 0.000000 0.000000
123.208892 123.200196 123.191534 123.182873 123.174490 123.164956 123.157133 123.155177 123.162162 123.170858 123.179240 123.188182 123.196843 123.205785 123.214201 123.223701 123.233481 123.240466 123.248848 123.258103 123.265927 123.275706 123.282691 123.292505 123.302005 123.310667 123.317932 123.326314 123.334730 123.344230 123.352333 123.361275 123.369098 123.377515 123.388132 123.396515 123.404897 123.414118 0.000000 0.000000 0.000000 0.000000 0.000000 0.000000 0.000000 0.000000 0.000000 0.000000 0.000000 0.000000 0.000000 0.000000 0.000000 0.000000 0.000000 0.000000 0.000000 0.000000 0.000000 0.000000
123.208333 123.199637 123.190976 123.182314 123.173931 123.164397 123.156015 123.155736 123.164118 123.172814 123.181196 123.190137 123.199079 123.207461 123.216157 123.225657 123.234598 123.242422 123.250559 123.260059 123.267603 123.277662 123.284647 123.294181 123.303961 123.312623 123.319608 123.328270 123.336407 123.345907 123.353731 123.362951 123.371054 123.379191 123.390088 123.398191 123.406853 123.416353 0.000000 0.000000 0.000000 0.000000 0.000000 0.000000 0.000000 0.000000 0.000000 0.000000 0.000000 0.000000 0.000000 0.000000 0.000000 0.000000 0.000000 0.000000 0.000000 0.000000 0.000000 0.000000
123.207182 123.199079 123.190137 123.181755 123.173373 123.164118 123.156294 123.157412 123.166074 123.174770 123.182873 123.191814 123.201035 123.209172 123.217833 123.227333 123.235436 123.244378 123.252515 123.262015 123.269838 123.279338 123.286603 123.296137 123.305637 123.314020 123.321564 123.329667 123.338083 123.348142 123.355686 123.365186 123.373010 123.380868 123.391765 123.400427 123.408809 0.000000 0.000000 0.000000 0.000000 0.000000 0.000000 0.000000 0.000000 0.000000 0.000000 0.000000 0.000000 0.000000 0.000000 0.000000 0.000000 0.000000 0.000000 0.000000 0.000000 0.000000 0.000000 0.000000
123.206623 123.198520 123.189579 123.180917 123.172255 123.163559 123.156853 123.159088 123.168064 123.176446 123.184829 123.193490 123.202711 123.211127 123.219789 123.229289 123.237392 123.246334 123.254471 123.263412 123.271235 123.280736 123.288559 123.297534 123.307873 123.315417 123.323240 123.331623 123.340039 123.349539 123.357363 123.366584 123.374966 123.383103 123.393721 123.402103 123.410765 0.000000 0.000000 0.000000 0.000000 0.000000 0.000000 0.000000 0.000000 0.000000 0.000000 0.000000 0.000000 0.000000 0.000000 0.000000 0.000000 0.000000 0.000000 0.000000 0.000000 0.000000 0.000000 0.000000
123.206064 123.197123 123.189020 123.180358 123.171137 123.162441 123.157412 123.160765 123.169740 123.178402 123.186505 123.195446 123.204667 123.212804 123.221745 123.230966 123.239069 123.248289 123.255868 123.265368 123.273191 123.281294 123.290515 123.299490 123.309270 123.316814 123.325196 123.333613 123.341436 123.351216 123.359039 123.368539 123.376676 123.384221 123.395677 123.404059 123.412721 0.000000 0.000000 0.000000 0.000000 0.000000 0.000000 0.000000 0.000000 0.000000 0.000000 0.000000 0.000000 0.000000 0.000000 0.000000 0.000000 0.000000 0.000000 0.000000 0.000000 0.000000 0.000000 0.000000
123.205505 123.196843 123.187902 123.179520 123.170299 123.161883 123.157971 123.162721 123.171417 123.180079 123.188182 123.197402 123.206343 123.214760 123.223422 123.232642 123.241025 123.250279 123.257824 123.267324 123.275427 123.282971 123.292505 123.301446 123.311226 123.318211 123.327152 123.335010 123.343392 123.353451 123.361275 123.370495 123.378353 123.386456 123.397633 123.405456 123.414677 0.000000 0.000000 0.000000 0.000000 0.000000 0.000000 0.000000 0.000000 0.000000 0.000000 0.000000 0.000000 0.000000 0.000000 0.000000 0.000000 0.000000 0.000000 0.000000 0.000000 0.000000 0.000000 0.000000
123.205226 123.196285 123.187623 123.178402 123.170020 123.161603 123.158530 123.164118 123.173652 123.181755 123.190417 123.199358 123.208333 123.216716 123.225378 123.234598 123.242701 123.251956 123.259500 123.268721 123.276824 123.284368 123.294461 123.303123 123.313182 123.320167 123.328829 123.336966 123.345348 123.355128 123.362951 123.372172 123.380309 123.388412 123.399030 123.407412 123.416353 0.000000 0.000000 0.000000 0.000000 0.000000 0.000000 0.000000 0.000000 0.000000 0.000000 0.000000 0.000000 0.000000 0.000000 0.000000 0.000000 0.000000 0.000000 0.000000 0.000000 0.000000 0.000000 0.000000
123.204388 123.195446 123.186784 123.178402 123.169181 123.160206 123.159088 123.166353 123.175328 123.183990 123.191534 123.200755 123.210289 123.218392 123.227054 123.236554 123.244378 123.253632 123.261177 123.270956 123.278780 123.286603 123.296137 123.305079 123.314858 123.321843 123.330785 123.338922 123.347025 123.357084 123.364907 123.374128 123.381985 123.389809 123.400985 123.409368 0.000000 0.000000 0.000000 0.000000 0.000000 0.000000 0.000000 0.000000 0.000000 0.000000 0.000000 0.000000 0.000000 0.000000 0.000000 0.000000 0.000000 0.000000 0.000000 0.000000 0.000000 0.000000 0.000000 0.000000
123.203829 123.194887 123.186226 123.177564 123.168343 123.159927 123.159647 123.168064 123.177284 123.185108 123.193490 123.202711 123.211686 123.220348 123.229289 123.238510 123.246334 123.255588 123.263132 123.272633 123.280456 123.288000 123.297814 123.307034 123.316814 123.323520 123.332182 123.340319 123.348981 123.358481 123.366304 123.376118 123.383941 123.391765 123.402941 123.411044 0.000000 0.000000 0.000000 0.000000 0.000000 0.000000 0.000000 0.000000 0.000000 0.000000 0.000000 0.000000 0.000000 0.000000 0.000000 0.000000 0.000000 0.000000 0.000000 0.000000 0.000000 0.000000 0.000000 0.000000
123.202432 123.194329 123.185667 123.176726 123.168064 123.160206 123.161324 123.169740 123.178681 123.187343 123.195446 123.204667 123.213642 123.222025 123.230686 123.239907 123.248289 123.257265 123.264809 123.274309 123.282133 123.289956 123.299770 123.308990 123.318211 123.325755 123.334172 123.342275 123.350657 123.360436 123.368539 123.378074 123.385897 123.393441 123.404618 123.413000 0.000000 0.000000 0.000000 0.000000 0.000000 0.000000 0.000000 0.000000 0.000000 0.000000 0.000000 0.000000 0.000000 0.000000 0.000000 0.000000 0.000000 0.000000 0.000000 0.000000 0.000000 0.000000 0.000000 0.000000
123.201873 123.193490 123.184829 123.175608 123.167225 123.160765 123.163280 123.171696 123.180637 123.189020 123.197123 123.206343 123.215319 123.223981 123.232642 123.241863 123.250279 123.258941 123.267044 123.276265 123.284088 123.291667 123.301726 123.310667 123.320167 123.327432 123.336127 123.344230 123.352333 123.362392 123.370495 123.379471 123.387574 123.395118 123.406574 123.414677 0.000000 0.000000 0.000000 0.000000 0.000000 0.000000 0.000000 0.000000 0.000000 0.000000 0.000000 0.000000 0.000000 0.000000 0.000000 0.000000 0.000000 0.000000 0.000000 0.000000 0.000000 0.000000 0.000000 0.000000
123.201593 123.192932 123.184549 123.175049 123.166667 123.161324 123.165236 123.173652 123.182593 123.190696 123.199079 123.208299 123.216995 123.225657 123.234598 123.243819 123.251956 123.260897 123.268441 123.277662 123.286044 123.293623 123.303681 123.312902 123.322123 123.329388 123.337525 123.345907 123.354289 123.364069 123.371892 123.381427 123.389530 123.397353 123.408250 123.416353 0.000000 0.000000 0.000000 0.000000 0.000000 0.000000 0.000000 0.000000 0.000000 0.000000 0.000000 0.000000 0.000000 0.000000 0.000000 0.000000 0.000000 0.000000 0.000000 0.000000 0.000000 0.000000 0.000000 0.000000
123.200755 123.192373 123.183431 123.174490 123.165515 123.161883 123.166946 123.175049 123.184270 123.192652 123.201035 123.210010 123.219230 123.227613 123.236275 123.245495 123.253912 123.262574 123.270397 123.279618 123.288000 123.295578 123.305079 123.314579 123.323799 123.330785 123.339480 123.347863 123.356245 123.366304 123.373848 123.383382 123.391206 123.398471 123.409927 0.000000 0.000000 0.000000 0.000000 0.000000 0.000000 0.000000 0.000000 0.000000 0.000000 0.000000 0.000000 0.000000 0.000000 0.000000 0.000000 0.000000 0.000000 0.000000 0.000000 0.000000 0.000000 0.000000 0.000000 0.000000
123.200196 123.191814 123.182593 123.173931 123.165236 123.162441 123.168623 123.177005 123.186226 123.194608 123.202990 123.211686 123.220348 123.229569 123.238231 123.247451 123.255868 123.264809 123.272633 123.281574 123.289956 123.296976 123.307034 123.316255 123.326035 123.332740 123.341436 123.349260 123.358201 123.367701 123.375838 123.385059 123.393441 123.400706 123.411883 0.000000 0.000000 0.000000 0.000000 0.000000 0.000000 0.000000 0.000000 0.000000 0.000000 0.000000 0.000000 0.000000 0.000000 0.000000 0.000000 0.000000 0.000000 0.000000 0.000000 0.000000 0.000000 0.000000 0.000000 0.000000
123.199637 123.190976 123.182034 123.172814 123.164118 123.163000 123.170858 123.178681 123.188182 123.196564 123.204667 123.213642 123.222583 123.231245 123.239907 123.249407 123.257544 123.266206 123.274030 123.283250 123.291946 123.298931 123.308990 123.318211 123.327432 123.334730 123.343113 123.351216 123.359598 123.369657 123.377515 123.387294 123.394838 123.402383 123.413559 0.000000 0.000000 0.000000 0.000000 0.000000 0.000000 0.000000 0.000000 0.000000 0.000000 0.000000 0.000000 0.000000 0.000000 0.000000 0.000000 0.000000 0.000000 0.000000 0.000000 0.000000 0.000000 0.000000 0.000000 0.000000
123.198520 123.190137 123.180917 123.172534 123.163839 123.163559 123.172534 123.180358 123.190137 123.198240 123.206343 123.215598 123.224260 123.233201 123.241584 123.251397 123.259500 123.268162 123.275985 123.285206 123.293623 123.300887 123.310667 123.319608 123.329388 123.336407 123.345069 123.353172 123.361554 123.371613 123.379471 123.388691 123.396794 123.404059 123.415515 0.000000 0.000000 0.000000 0.000000 0.000000 0.000000 0.000000 0.000000 0.000000 0.000000 0.000000 0.000000 0.000000 0.000000 0.000000 0.000000 0.000000 0.000000 0.000000 0.000000 0.000000 0.000000 0.000000 0.000000 0.000000
123.198240 123.189299 123.180358 123.171976 123.164118 123.165515 123.174490 123.182314 123.191814 123.199917 123.208333 123.217554 123.225936 123.234878 123.243539 123.253074 123.261177 123.270118 123.277662 123.287162 123.295299 123.302564 123.312623 123.321564 123.331343 123.338083 123.346745 123.354569 123.363789 123.373289 123.380868 123.390647 123.398750 123.406015 0.000000 0.000000 0.000000 0.000000 0.000000 0.000000 0.000000 0.000000 0.000000 0.000000 0.000000 0.000000 0.000000 0.000000 0.000000 0.000000 0.000000 0.000000 0.000000 0.000000 0.000000 0.000000 0.000000 0.000000 0.000000 0.000000
123.197123 123.188740 123.179799 123.171137 123.164677 123.167225 123.175887 123.183990 123.193490 123.202152 123.210010 123.219510 123.227892 123.236554 123.244937 123.254750 123.262853 123.271515 123.279338 123.289118 123.297255 123.304799 123.314579 123.323520 123.333020 123.340319 123.348422 123.356804 123.365186 123.375279 123.382824 123.392603 123.400427 123.407691 0.000000 0.000000 0.000000 0.000000 0.000000 0.000000 0.000000 0.000000 0.000000 0.000000 0.000000 0.000000 0.000000 0.000000 0.000000 0.000000 0.000000 0.000000 0.000000 0.000000 0.000000 0.000000 0.000000 0.000000 0.000000 0.000000
123.196843 123.188461 123.178961 123.170578 123.165236 123.169181 123.177843 123.185946 123.195726 123.203270 123.211686 123.221466 123.229569 123.238510 123.246892 123.256706 123.264809 123.273471 123.281294 123.290794 123.299211 123.306196 123.316534 123.325196 123.335010 123.341995 123.350378 123.358481 123.367142 123.376956 123.384779 123.394280 123.402383 123.409368 0.000000 0.000000 0.000000 0.000000 0.000000 0.000000 0.000000 0.000000 0.000000 0.000000 0.000000 0.000000 0.000000 0.000000 0.000000 0.000000 0.000000 0.000000 0.000000 0.000000 0.000000 0.000000 0.000000 0.000000 0.000000 0.000000
123.196285 123.187343 123.178681 123.169461 123.165794 123.170858 123.179799 123.187623 123.196843 123.205505 123.213642 123.223142 123.231245 123.239907 123.248848 123.258382 123.266485 123.275427 123.283250 123.292505 123.301167 123.307873 123.318490 123.327152 123.336686 123.343951 123.351775 123.360157 123.368819 123.378632 123.386456 123.396235 123.404059 123.411603 0.000000 0.000000 0.000000 0.000000 0.000000 0.000000 0.000000 0.000000 0.000000 0.000000 0.000000 0.000000 0.000000 0.000000 0.000000 0.000000 0.000000 0.000000 0.000000 0.000000 0.000000 0.000000 0.000000 0.000000 0.000000 0.000000
123.195167 123.186226 123.177564 123.169181 123.166353 123.172534 123.181476 123.189299 123.199079 123.207182 123.215598 123.224819 123.233481 123.241863 123.250279 123.260059 123.268721 123.276824 123.285206 123.294461 123.302843 123.310108 123.320446 123.328829 123.338642 123.345348 123.353731 123.362392 123.370495 123.380588 123.388412 123.397912 123.405736 123.412721 0.000000 0.000000 0.000000 0.000000 0.000000 0.000000 0.000000 0.000000 0.000000 0.000000 0.000000 0.000000 0.000000 0.000000 0.000000 0.000000 0.000000 0.000000 0.000000 0.000000 0.000000 0.000000 0.000000 0.000000 0.000000 0.000000
123.194608 123.185667 123.177284 123.168064 123.166946 123.174490 123.183431 123.191255 123.200755 123.208892 123.217554 123.227054 123.234598 123.243819 123.252515 123.262015 123.270118 123.279059 123.286883 123.296137 123.304520 123.311226 123.322123 123.330505 123.340598 123.347304 123.355686 123.364069 123.372731 123.381985 123.390088 123.399309 123.407691 123.414956 0.000000 0.000000 0.000000 0.000000 0.000000 0.000000 0.000000 0.000000 0.000000 0.000000 0.000000 0.000000 0.000000 0.000000 0.000000 0.000000 0.000000 0.000000 0.000000 0.000000 0.000000 0.000000 0.000000 0.000000 0.000000 0.000000
123.194329 123.185108 123.176167 123.167784 123.167505 123.176167 123.185387 123.192932 123.202432 123.210848 123.219510 123.228172 123.236834 123.245495 123.254191 123.263691 123.272074 123.280456 123.288839 123.297814 123.306476 123.313461 123.323799 123.332461 123.342275 123.349260 123.357363 123.366025 123.373848 123.384221 123.392324 123.400985 123.409647 123.416633 0.000000 0.000000 0.000000 0.000000 0.000000 0.000000 0.000000 0.000000 0.000000 0.000000 0.000000 0.000000 0.000000 0.000000 0.000000 0.000000 0.000000 0.000000 0.000000 0.000000 0.000000 0.000000 0.000000 0.000000 0.000000 0.000000
