FireSTARR/test/constant/O1a_S060_A090_WD135_WS020/arrival.asc
ncols         120
nrows         736
xllcorner     416003.990666
yllcorner     12675255.311160
cellsize      100.000000
NODATA_value  0.000000
[rows 189 to 215 of 736, columns 60 to 119 of 120]
0.000000 0.000000 0.000000 123.406574 123.365745 123.309829 123.268441 123.250559 123.207182 123.190137 123.180358 123.171696 123.163000 123.153780 123.145118 123.136735 123.127794 123.119098 123.110436 123.107084 123.112113 123.120495 123.129471 123.137574 123.148191 123.156015 123.164677 123.172814 123.180917 123.190976 123.198240 123.207182 123.215598 123.224260 123.232642 123.242701 123.250559 123.260618 123.268441 123.277383 123.286044 123.293902 123.302843 123.310387 123.319049 123.328270 123.341436 123.357642 123.378912 123.401824 0.000000 0.000000 0.000000 0.000000 0.000000 0.000000 0.000000 0.000000 0.000000 0.000000
0.000000 0.000000 0.000000 123.391206 123.338083 123.298373 123.267882 123.240186 123.206623 123.189299 123.179799 123.170858 123.162162 123.153221 123.144559 123.136177 123.126956 123.118819 123.109878 123.107642 123.113510 123.122451 123.131147 123.139809 123.150147 123.158250 123.166353 123.174770 123.182873 123.192652 123.200476 123.208892 123.217275 123.225936 123.234878 123.244657 123.252235 123.262574 123.270397 123.279618 123.288000 123.295858 123.304240 123.311784 123.321005 123.330226 123.342833 123.359598 123.380868 123.404059 0.000000 0.000000 0.000000 0.000000 0.000000 0.000000 0.000000 0.000000 0.000000 0.000000
0.000000 0.000000 0.000000 123.380029 123.333020 123.292505 123.267324 123.233201 123.206064 123.189020 123.179240 123.170299 123.161603 123.152383 123.144000 123.135338 123.126397 123.118819 123.108760 123.108201 123.115466 123.124128 123.133103 123.140927 123.151824 123.159368 123.168064 123.176446 123.184549 123.194608 123.202152 123.210569 123.219230 123.227613 123.235995 123.246613 123.253912 123.264250 123.272074 123.281015 123.289677 123.297814 123.306196 123.313740 123.322682 123.331902 123.344789 123.361554 123.382544 123.405736 0.000000 0.000000 0.000000 0.000000 0.000000 0.000000 0.000000 0.000000 0.000000 0.000000
0.000000 0.000000 0.000000 123.373848 123.327711 123.279338 123.266485 123.228172 123.205226 123.186784 123.178402 123.169461 123.160486 123.151824 123.143162 123.134500 123.125838 123.117422 123.108760 123.108760 123.117422 123.125838 123.134500 123.143162 123.153500 123.161324 123.170020 123.178402 123.186505 123.196564 123.203829 123.212525 123.221186 123.229848 123.238231 123.248010 123.256147 123.266206 123.274030 123.282971 123.291353 123.299490 123.308152 123.315696 123.324637 123.333892 123.346745 123.363231 123.384779 123.407133 0.000000 0.000000 0.000000 0.000000 0.000000 0.000000 0.000000 0.000000 0.000000 0.000000
0.000000 0.000000 0.000000 123.373289 123.327432 123.274309 123.260897 123.226775 123.195726 123.186226 123.177843 123.168902 123.159927 123.151265 123.142882 123.133941 123.125279 123.116025 123.109319 123.110995 123.119098 123.127794 123.136456 123.144838 123.155736 123.163280 123.171696 123.180358 123.188461 123.198520 123.205785 123.214480 123.223142 123.231525 123.240186 123.249966 123.257824 123.267882 123.275706 123.284647 123.293343 123.301446 123.309829 123.317373 123.326314 123.335569 123.348422 123.364907 123.386456 123.409368 0.000000 0.000000 0.000000 0.000000 0.000000 0.000000 0.000000 0.000000 0.000000 0.000000
0.000000 0.000000 123.411603 123.361275 123.317373 123.273750 123.251676 123.212525 123.195167 123.185667 123.177005 123.168343 123.159088 123.150427 123.142044 123.133103 123.124966 123.115186 123.109878 123.112392 123.121334 123.129471 123.138412 123.146515 123.157412 123.164956 123.173652 123.181755 123.190417 123.200476 123.207461 123.216436 123.224539 123.233481 123.241584 123.251956 123.259779 123.269559 123.277383 123.286324 123.295020 123.302843 123.311784 123.319608 123.327990 123.337245 123.350378 123.367142 123.388132 123.411044 0.000000 0.000000 0.000000 0.000000 0.000000 0.000000 0.000000 0.000000 0.000000 0.000000
0.000000 0.000000 123.397912 123.346466 123.307873 123.273191 123.241863 123.211966 123.194887 123.184829 123.176167 123.167505 123.158530 123.149868 123.141485 123.132544 123.124128 123.115186 123.110436 123.114069 123.122731 123.131147 123.140088 123.148750 123.159368 123.166946 123.175328 123.183711 123.192373 123.202432 123.209172 123.218113 123.226495 123.234878 123.243539 123.253353 123.261735 123.271515 123.279338 123.288280 123.296696 123.304799 123.313461 123.321005 123.329946 123.339201 123.351775 123.368819 123.390368 123.412441 0.000000 0.000000 0.000000 0.000000 0.000000 0.000000 0.000000 0.000000 0.000000 0.000000
0.000000 0.000000 123.388971 123.339201 123.303123 123.272633 123.237113 123.211127 123.194329 123.184270 123.175608 123.166633 123.157691 123.149309 123.140647 123.132265 123.122731 123.114348 123.110995 123.116304 123.124687 123.133103 123.142324 123.150147 123.160765 123.168623 123.177005 123.185387 123.194329 123.204108 123.211127 123.219789 123.228451 123.236834 123.245216 123.255029 123.263691 123.273191 123.281015 123.290236 123.298652 123.306755 123.315137 123.322961 123.331623 123.340598 123.353731 123.370775 123.392044 123.414397 0.000000 0.000000 0.000000 0.000000 0.000000 0.000000 0.000000 0.000000 0.000000 0.000000
0.000000 0.000000 123.382544 123.333299 123.284927 123.271794 123.233481 123.210569 123.192093 123.183711 123.174770 123.165794 123.157133 123.148750 123.139809 123.130868 123.122731 123.113789 123.111554 123.117701 123.126397 123.134500 123.143721 123.151824 123.163000 123.170299 123.178961 123.187064 123.196285 123.205785 123.212804 123.222025 123.230128 123.239069 123.246892 123.257265 123.265647 123.274868 123.283250 123.291946 123.300328 123.308431 123.317093 123.324917 123.333613 123.342554 123.355966 123.372731 123.394000 123.415794 0.000000 0.000000 0.000000 0.000000 0.000000 0.000000 0.000000 0.000000 0.000000 0.000000
0.000000 0.000000 123.374128 123.327432 123.279618 123.271515 123.227613 123.201035 123.191534 123.182873 123.174211 123.165236 123.156294 123.147912 123.139250 123.130868 123.121334 123.112672 123.112113 123.119657 123.128074 123.136456 123.145677 123.154059 123.164956 123.172255 123.180917 123.189020 123.198240 123.207740 123.214480 123.223701 123.232084 123.240466 123.249128 123.258382 123.267603 123.276824 123.284647 123.293902 123.302284 123.310667 123.318770 123.326593 123.335569 123.344510 123.357642 123.374687 123.395397 0.000000 0.000000 0.000000 0.000000 0.000000 0.000000 0.000000 0.000000 0.000000 0.000000 0.000000
0.000000 123.404338 123.363231 123.323240 123.278780 123.251676 123.217833 123.200476 123.191255 123.182314 123.173652 123.164397 123.155736 123.147353 123.138691 123.129471 123.121054 123.112672 123.112951 123.121334 123.130029 123.138412 123.147633 123.155456 123.166633 123.173931 123.182873 123.190976 123.200196 123.209451 123.216436 123.225657 123.234039 123.242422 123.250279 123.260618 123.269000 123.278780 123.286603 123.295578 123.304240 123.312064 123.321005 123.328549 123.337245 123.346186 123.359598 123.376397 123.397353 0.000000 0.000000 0.000000 0.000000 0.000000 0.000000 0.000000 0.000000 0.000000 0.000000 0.000000
0.000000 123.394838 123.362951 123.309549 123.278500 123.246892 123.217275 123.200196 123.190137 123.181755 123.172534 123.163839 123.155177 123.146515 123.137574 123.129191 123.120495 123.113231 123.114907 123.123289 123.131985 123.140088 123.149309 123.157412 123.168623 123.175608 123.184270 123.192932 123.202152 123.211686 123.218113 123.227613 123.235995 123.244098 123.252235 123.262294 123.270956 123.280736 123.288559 123.297534 123.305637 123.314020 123.322402 123.329946 123.339201 123.348422 123.361275 123.378074 123.399309 0.000000 0.000000 0.000000 0.000000 0.000000 0.000000 0.000000 0.000000 0.000000 0.000000 0.000000
0.000000 123.394559 123.347025 123.301446 123.277941 123.242422 123.216716 123.199358 123.189579 123.180917 123.172534 123.162721 123.154338 123.145956 123.137015 123.128912 123.119657 123.113789 123.116584 123.125279 123.133662 123.142044 123.151265 123.159088 123.170299 123.177564 123.186226 123.194329 123.203829 123.213083 123.220348 123.229569 123.237672 123.245775 123.254191 123.263971 123.272912 123.282691 123.290236 123.299490 123.307593 123.315976 123.324358 123.331902 123.341157 123.349819 123.363231 123.380029 123.400985 0.000000 0.000000 0.000000 0.000000 0.000000 0.000000 0.000000 0.000000 0.000000 0.000000 0.000000
0.000000 123.383662 123.343672 123.289118 123.277103 123.241863 123.215878 123.197402 123.189020 123.180079 123.171137 123.162441 123.154059 123.145118 123.136456 123.127515 123.118539 123.114348 123.118819 123.126676 123.135618 123.143721 123.152662 123.160765 123.171417 123.179240 123.188182 123.196285 123.205505 123.214760 123.221745 123.231525 123.239348 123.248010 123.255868 123.266206 123.274588 123.284647 123.292225 123.301446 123.309270 123.317373 123.326314 123.333892 123.343113 123.351775 123.364907 123.381706 123.402941 0.000000 0.000000 0.000000 0.000000 0.000000 0.000000 0.000000 0.000000 0.000000 0.000000 0.000000
0.000000 123.375000 123.333299 123.284927 123.272074 123.239628 123.206343 123.196843 123.188182 123.179520 123.170858 123.161603 123.153221 123.144559 123.136177 123.126676 123.118539 123.114907 123.120216 123.128632 123.137294 123.145397 123.154618 123.163000 123.172534 123.181476 123.189858 123.198520 123.207740 123.216995 123.223701 123.233481 123.241584 123.249128 123.258103 123.267603 123.276824 123.286324 123.294181 123.303123 123.310946 123.319329 123.327990 123.335569 123.344510 123.353731 123.366584 123.383382 123.404618 0.000000 0.000000 0.000000 0.000000 0.000000 0.000000 0.000000 0.000000 0.000000 0.000000 0.000000
123.414118 123.368539 123.320446 123.284088 123.262853 123.222863 123.205785 123.196005 123.187623 123.178961 123.169740 123.161044 123.152103 123.144000 123.134779 123.126118 123.117701 123.115466 123.122172 123.130868 123.138971 123.147353 123.156574 123.164397 123.174490 123.182873 123.191814 123.199917 123.209172 123.218392 123.225657 123.234878 123.242701 123.251118 123.259500 123.269280 123.278221 123.288559 123.295578 123.304799 123.312902 123.321285 123.329946 123.337245 123.346466 123.355128 123.368819 123.385618 123.406294 0.000000 0.000000 0.000000 0.000000 0.000000 0.000000 0.000000 0.000000 0.000000 0.000000 0.000000
123.404897 123.362113 123.314858 123.283809 123.254471 123.222583 123.205505 123.195446 123.187064 123.178123 123.169181 123.160486 123.151824 123.142882 123.134500 123.125559 123.116584 123.116025 123.124128 123.132265 123.140927 123.149030 123.158250 123.166353 123.176446 123.184829 123.193770 123.201873 123.210848 123.218951 123.227054 123.236834 123.244937 123.253074 123.261456 123.271515 123.280177 123.290236 123.297534 123.306755 123.314579 123.322682 123.331623 123.339201 123.348422 123.357084 123.370495 123.387294 123.408530 0.000000 0.000000 0.000000 0.000000 0.000000 0.000000 0.000000 0.000000 0.000000 0.000000 0.000000
123.398191 123.350378 123.299211 123.283250 123.247731 123.222025 123.203270 123.194887 123.186226 123.177564 123.168343 123.159927 123.151265 123.142603 123.133382 123.124966 123.116584 123.117142 123.125559 123.134221 123.142882 123.150985 123.160486 123.168064 123.178123 123.186784 123.195726 123.203549 123.212804 123.220628 123.229010 123.238789 123.246613 123.254750 123.263691 123.272633 123.282133 123.291946 123.299211 123.308711 123.316814 123.324917 123.333299 123.341157 123.350098 123.359039 123.372451 123.389250 123.410206 0.000000 0.000000 0.000000 0.000000 0.000000 0.000000 0.000000 0.000000 0.000000 0.000000 0.000000
123.387574 123.349819 123.292505 123.282691 123.247172 123.221466 123.202711 123.194049 123.185387 123.176726 123.167784 123.159088 123.150427 123.141765 123.132824 123.124687 123.117142 123.118819 123.127794 123.135897 123.144838 123.152662 123.161883 123.169740 123.180079 123.188461 123.197682 123.205226 123.214480 123.222025 123.230966 123.240466 123.248289 123.256706 123.265088 123.274868 123.283809 123.293902 123.300887 123.310667 123.318211 123.326314 123.335289 123.343113 123.352333 123.360436 123.374128 123.390647 123.412162 0.000000 0.000000 0.000000 0.000000 0.000000 0.000000 0.000000 0.000000 0.000000 0.000000 0.000000
123.378632 123.337804 123.290236 123.281015 123.236275 123.211686 123.202152 123.193490 123.184829 123.175887 123.166667 123.158530 123.149868 123.141206 123.132265 123.123569 123.117701 123.120495 123.129471 123.137574 123.146794 123.154618 123.163839 123.171417 123.181755 123.190417 123.199637 123.207182 123.216436 123.224260 123.232642 123.242701 123.250279 123.258662 123.267044 123.276544 123.285765 123.295578 123.302843 123.312064 123.320167 123.328270 123.336966 123.345069 123.353731 123.362672 123.375559 123.392603 123.413559 0.000000 0.000000 0.000000 0.000000 0.000000 0.000000 0.000000 0.000000 0.000000 0.000000 0.000000
123.374128 123.336966 123.289397 123.265368 123.228172 123.211127 123.201314 123.192932 123.183990 123.174770 123.166074 123.157971 123.149030 123.140368 123.131427 123.122451 123.118260 123.122451 123.131147 123.139809 123.148750 123.156574 123.165794 123.173652 123.183431 123.192093 123.201593 123.208892 123.218392 123.225657 123.234598 123.244098 123.251956 123.260059 123.268721 123.278221 123.287441 123.297255 123.304520 123.314020 123.322402 123.330226 123.338642 123.347025 123.355686 123.364069 123.377794 123.394559 123.415515 0.000000 0.000000 0.000000 0.000000 0.000000 0.000000 0.000000 0.000000 0.000000 0.000000 0.000000
123.364069 123.322123 123.289118 123.264809 123.227613 123.210289 123.200755 123.192373 123.183711 123.174211 123.165794 123.157133 123.148191 123.140088 123.130588 123.122172 123.118819 123.124128 123.133103 123.140927 123.150706 123.158250 123.167505 123.175328 123.185387 123.193770 123.203549 123.211127 123.219789 123.227613 123.235995 123.246054 123.253632 123.262015 123.270397 123.280456 123.289118 123.299211 123.306476 123.315976 123.323799 123.331902 123.340598 123.348422 123.357642 123.366025 123.379471 123.396235 0.000000 0.000000 0.000000 0.000000 0.000000 0.000000 0.000000 0.000000 0.000000 0.000000 0.000000 0.000000
123.359319 123.308152 123.288280 123.252794 123.227054 123.208333 123.200196 123.191534 123.182873 123.173652 123.165236 123.156015 123.147912 123.138971 123.130309 123.121892 123.119378 123.125838 123.134500 123.142882 123.152662 123.160206 123.169461 123.177284 123.187064 123.195726 123.205226 123.212525 123.221745 123.229569 123.237951 123.248010 123.255588 123.263691 123.272353 123.281853 123.291074 123.300887 123.308152 123.317652 123.325755 123.333892 123.342554 123.350378 123.359319 123.367981 123.381147 123.398191 0.000000 0.000000 0.000000 0.000000 0.000000 0.000000 0.000000 0.000000 0.000000 0.000000 0.000000 0.000000
123.351495 123.300328 123.288000 123.244937 123.217833 123.208020 123.199637 123.190976 123.182034 123.173373 123.164397 123.156015 123.147074 123.138132 123.129471 123.120495 123.119937 123.127794 123.136456 123.145118 123.154618 123.161883 123.170858 123.178681 123.189299 123.197682 123.206902 123.214480 123.223422 123.231245 123.239907 123.249687 123.257265 123.265368 123.274309 123.283530 123.292784 123.303123 123.310108 123.319608 123.327432 123.335569 123.344510 123.352333 123.361275 123.369378 123.383382 123.399868 0.000000 0.000000 0.000000 0.000000 0.000000 0.000000 0.000000 0.000000 0.000000 0.000000 0.000000 0.000000
123.341157 123.295299 123.287162 123.242701 123.216995 123.207461 123.198799 123.190137 123.181196 123.172255 123.163839 123.154897 123.146235 123.137574 123.128912 123.120495 123.121054 123.129750 123.138412 123.146515 123.156574 123.163559 123.172814 123.180637 123.190696 123.199637 123.208892 123.216716 123.225098 123.233201 123.241304 123.251676 123.258941 123.267324 123.276265 123.285765 123.295020 123.304520 123.312064 123.321564 123.329108 123.337525 123.346466 123.354010 123.363231 123.371334 123.385059 123.401544 0.000000 0.000000 0.000000 0.000000 0.000000 0.000000 0.000000 0.000000 0.000000 0.000000 0.000000 0.000000
123.335569 123.294740 123.275706 123.233481 123.216436 123.206623 123.198240 123.189299 123.180637 123.171696 123.163280 123.154338 123.145677 123.136456 123.128074 123.121054 123.122731 123.131706 123.140088 123.148471 123.158530 123.165515 123.174770 123.182873 123.192652 123.201314 123.210569 123.218113 123.227054 123.234878 123.243539 123.253353 123.260897 123.269000 123.277662 123.287441 123.296417 123.305358 123.313740 123.323520 123.331064 123.339480 123.348422 123.355966 123.365186 123.373289 123.387015 123.403780 0.000000 0.000000 0.000000 0.000000 0.000000 0.000000 0.000000 0.000000 0.000000 0.000000 0.000000 0.000000
123.321564 123.294181 123.262853 123.233201 123.215598 123.206064 123.197123 123.188740 123.179520 123.170858 123.162162 123.153500 123.144838 123.135897 123.127235 123.121613 123.124407 123.133662 123.142044 123.150147 123.160486 123.167225 123.176446 123.184270 123.194608 123.203270 123.212245 123.220069 123.229010 123.236554 123.245216 123.254750 123.262574 123.271235 123.279618 123.289397 123.298093 123.307034 123.315696 123.325476 123.332461 123.341157 123.350378 123.357642 123.366863 123.374687 123.388412 123.405456 0.000000 0.000000 0.000000 0.000000 0.000000 0.000000 0.000000 0.000000 0.000000 0.000000 0.000000 0.000000
