FireSTARR/test/constant/O1a_S060_A090_WD135_WS020/arrival.asc
ncols         120
nrows         736
xllcorner     416003.990666
yllcorner     12675255.311160
cellsize      100.000000
NODATA_value  0.000000
[rows 81 to 107 of 736, columns 60 to 119 of 120]
0.000000 0.000000 0.000000 0.000000 0.000000 0.000000 0.000000 0.000000 0.000000 0.000000 0.000000 0.000000 0.000000 0.000000 0.000000 0.000000 0.000000 0.000000 0.000000 0.000000 0.000000 0.000000 0.000000 0.000000 123.348422 123.298931 123.256147 123.197402 123.143721 123.105966 123.081064 123.071005 123.062623 123.054799 123.045858 123.046417 123.055358 123.063182 123.073520 123.081343 123.089760 123.098142 123.106525 123.115466 123.123848 123.132544 123.143162 123.157412 123.180358 123.202152 123.225378 123.246613 123.268721 123.290515 123.312064 123.334172 123.357363 123.381427 123.404897 0.000000
0.000000 0.000000 0.000000 0.000000 0.000000 0.000000 0.000000 0.000000 0.000000 0.000000 0.000000 0.000000 0.000000 0.000000 0.000000 0.000000 0.000000 0.000000 0.000000 0.000000 0.000000 0.000000 0.000000 123.405177 123.334451 123.284647 123.247172 123.189579 123.143162 123.097025 123.080226 123.070446 123.062343 123.053123 123.046417 123.048093 123.057034 123.064858 123.075196 123.082740 123.091716 123.099819 123.108760 123.117142 123.125838 123.134221 123.144838 123.159368 123.182034 123.204108 123.227054 123.248569 123.270956 123.292505 123.313740 123.336127 123.359319 123.383382 123.406574 0.000000
0.000000 0.000000 0.000000 0.000000 0.000000 0.000000 0.000000 0.000000 0.000000 0.000000 0.000000 0.000000 0.000000 0.000000 0.000000 0.000000 0.000000 0.000000 0.000000 0.000000 0.000000 0.000000 0.000000 123.394000 123.324358 123.276265 123.239628 123.179240 123.142882 123.092833 123.079667 123.069887 123.061784 123.052564 123.046976 123.050328 123.058990 123.067093 123.076873 123.084451 123.093392 123.101495 123.110157 123.119098 123.127515 123.136177 123.146794 123.161324 123.183990 123.206064 123.229289 123.250559 123.272353 123.294181 123.315696 123.337804 123.361275 123.384221 123.407691 0.000000
0.000000 0.000000 0.000000 0.000000 0.000000 0.000000 0.000000 0.000000 0.000000 0.000000 0.000000 0.000000 0.000000 0.000000 0.000000 0.000000 0.000000 0.000000 0.000000 0.000000 0.000000 0.000000 0.000000 123.372172 123.317932 123.265088 123.225657 123.167784 123.122731 123.087804 123.078549 123.069329 123.060667 123.052005 123.047534 123.052005 123.060946 123.068211 123.078829 123.086407 123.095069 123.103451 123.112113 123.120775 123.129471 123.137853 123.148191 123.163280 123.185667 123.207461 123.230966 123.252235 123.274309 123.295858 123.317652 123.339480 123.362392 123.385897 123.409647 0.000000
0.000000 0.000000 0.000000 0.000000 0.000000 0.000000 0.000000 0.000000 0.000000 0.000000 0.000000 0.000000 0.000000 0.000000 0.000000 0.000000 0.000000 0.000000 0.000000 0.000000 0.000000 0.000000 0.000000 123.357363 123.310946 123.264530 123.213083 123.157133 123.120495 123.086966 123.076873 123.068770 123.059549 123.051446 123.048093 123.053961 123.062902 123.070446 123.080505 123.088083 123.097025 123.105128 123.114069 123.123010 123.131147 123.140088 123.150147 123.165236 123.187623 123.209451 123.232922 123.253912 123.276265 123.297814 123.319608 123.341436 123.364348 123.386735 123.411324 0.000000
0.000000 0.000000 0.000000 0.000000 0.000000 0.000000 0.000000 0.000000 0.000000 0.000000 0.000000 0.000000 0.000000 0.000000 0.000000 0.000000 0.000000 0.000000 0.000000 0.000000 0.000000 0.000000 123.411044 123.340319 123.295299 123.260618 123.208299 123.149030 123.106525 123.086407 123.076314 123.067932 123.059270 123.050608 123.048652 123.055358 123.064579 123.072123 123.082740 123.089760 123.098701 123.107084 123.115745 123.124407 123.132824 123.141485 123.152103 123.167225 123.189299 123.211127 123.234319 123.256147 123.277941 123.299490 123.321564 123.343113 123.366025 123.388971 123.413000 0.000000
0.000000 0.000000 0.000000 0.000000 0.000000 0.000000 0.000000 0.000000 0.000000 0.000000 0.000000 0.000000 0.000000 0.000000 0.000000 0.000000 0.000000 0.000000 0.000000 0.000000 0.000000 0.000000 123.400985 123.338363 123.294740 123.248848 123.199917 123.148750 123.105128 123.085569 123.075755 123.067652 123.058431 123.049490 123.049211 123.057314 123.066255 123.073799 123.084451 123.091995 123.100657 123.108760 123.117701 123.126397 123.134779 123.143441 123.153780 123.168902 123.191255 123.212804 123.235995 123.257824 123.279897 123.301167 123.323520 123.345069 123.367701 123.390647 123.414956 0.000000
0.000000 0.000000 0.000000 0.000000 0.000000 0.000000 0.000000 0.000000 0.000000 0.000000 0.000000 0.000000 0.000000 0.000000 0.000000 0.000000 0.000000 0.000000 0.000000 0.000000 0.000000 0.000000 123.378074 123.327711 123.284368 123.238510 123.184549 123.147633 123.093672 123.085289 123.075476 123.066534 123.057873 123.049770 123.050328 123.059270 123.068211 123.075755 123.086127 123.093672 123.102333 123.110716 123.119657 123.128074 123.136177 123.145397 123.155736 123.170578 123.193211 123.214760 123.236834 123.259779 123.281574 123.303402 123.325196 123.346745 123.368819 123.392044 123.416353 0.000000
0.000000 0.000000 0.000000 0.000000 0.000000 0.000000 0.000000 0.000000 0.000000 0.000000 0.000000 0.000000 0.000000 0.000000 0.000000 0.000000 0.000000 0.000000 0.000000 0.000000 0.000000 0.000000 123.373010 123.317093 123.275985 123.223422 123.170578 123.133382 123.093113 123.084451 123.074637 123.065976 123.057034 123.050328 123.052005 123.060946 123.069887 123.077711 123.088083 123.095628 123.104289 123.112672 123.121613 123.129750 123.138132 123.147074 123.157412 123.172534 123.194887 123.216716 123.238510 123.261735 123.283250 123.305079 123.326873 123.348701 123.371054 123.394000 0.000000 0.000000
0.000000 0.000000 0.000000 0.000000 0.000000 0.000000 0.000000 0.000000 0.000000 0.000000 0.000000 0.000000 0.000000 0.000000 0.000000 0.000000 0.000000 0.000000 0.000000 0.000000 0.000000 0.000000 123.363789 123.311784 123.275147 123.221745 123.161883 123.126118 123.092554 123.083613 123.074079 123.065137 123.056476 123.050887 123.054240 123.062902 123.072123 123.079667 123.089760 123.097025 123.106245 123.114348 123.123289 123.131427 123.140088 123.149030 123.159088 123.174490 123.197123 123.218672 123.240466 123.263691 123.285206 123.307034 123.328829 123.350657 123.372451 123.395397 0.000000 0.000000
0.000000 0.000000 0.000000 0.000000 0.000000 0.000000 0.000000 0.000000 0.000000 0.000000 0.000000 0.000000 0.000000 0.000000 0.000000 0.000000 0.000000 0.000000 0.000000 0.000000 0.000000 123.412162 123.363231 123.300608 123.263971 123.209730 123.154338 123.117981 123.091995 123.081623 123.073240 123.064299 123.055917 123.051446 123.055917 123.064858 123.073520 123.081343 123.091716 123.099260 123.107922 123.116304 123.124966 123.133662 123.141765 123.150706 123.161324 123.176446 123.198799 123.220628 123.242142 123.265647 123.286883 123.308431 123.330505 123.352333 123.374407 123.397353 0.000000 0.000000
0.000000 0.000000 0.000000 0.000000 0.000000 0.000000 0.000000 0.000000 0.000000 0.000000 0.000000 0.000000 0.000000 0.000000 0.000000 0.000000 0.000000 0.000000 0.000000 0.000000 0.000000 123.393162 123.342554 123.292784 123.258103 123.198240 123.153500 123.110995 123.091157 123.081064 123.072961 123.063740 123.055079 123.052005 123.057873 123.066814 123.075476 123.083020 123.092275 123.100936 123.109878 123.117981 123.126956 123.134779 123.143721 123.152383 123.163000 123.178402 123.201035 123.222863 123.244378 123.267603 123.289118 123.310387 123.332740 123.354569 123.376118 123.399309 0.000000 0.000000
0.000000 0.000000 0.000000 0.000000 0.000000 0.000000 0.000000 0.000000 0.000000 0.000000 0.000000 0.000000 0.000000 0.000000 0.000000 0.000000 0.000000 0.000000 0.000000 0.000000 0.000000 123.389250 123.326873 123.286044 123.246613 123.179520 123.149309 123.109878 123.090598 123.080505 123.071843 123.063182 123.054799 123.052564 123.059270 123.068490 123.077432 123.085010 123.093951 123.102613 123.111554 123.119657 123.128353 123.137015 123.145397 123.154338 123.164956 123.180358 123.202432 123.224539 123.245775 123.269559 123.290515 123.312343 123.334451 123.356245 123.377794 123.400985 0.000000 0.000000
0.000000 0.000000 0.000000 0.000000 0.000000 0.000000 0.000000 0.000000 0.000000 0.000000 0.000000 0.000000 0.000000 0.000000 0.000000 0.000000 0.000000 0.000000 0.000000 0.000000 0.000000 123.383941 123.320726 123.281294 123.234039 123.178681 123.141485 123.105966 123.089760 123.080226 123.070726 123.062343 123.053402 123.053123 123.061226 123.070167 123.079108 123.086686 123.095907 123.104569 123.113231 123.121613 123.130309 123.138971 123.147353 123.156015 123.166667 123.181755 123.204388 123.226775 123.247731 123.270397 123.292505 123.314020 123.336127 123.358481 123.379471 123.403221 0.000000 0.000000
0.000000 0.000000 0.000000 0.000000 0.000000 0.000000 0.000000 0.000000 0.000000 0.000000 0.000000 0.000000 0.000000 0.000000 0.000000 0.000000 0.000000 0.000000 0.000000 0.000000 0.000000 123.372451 123.312623 123.272912 123.226495 123.167225 123.136456 123.097304 123.088922 123.079388 123.070446 123.061784 123.053681 123.054240 123.063182 123.072402 123.081064 123.088363 123.097583 123.106245 123.115186 123.123569 123.132265 123.140368 123.149309 123.158250 123.168902 123.183990 123.206343 123.228172 123.249687 123.272353 123.294461 123.316255 123.338083 123.360157 123.381706 123.404618 0.000000 0.000000
0.000000 0.000000 0.000000 0.000000 0.000000 0.000000 0.000000 0.000000 0.000000 0.000000 0.000000 0.000000 0.000000 0.000000 0.000000 0.000000 0.000000 0.000000 0.000000 0.000000 0.000000 123.355966 123.307034 123.272074 123.215598 123.159647 123.121892 123.097304 123.086966 123.078829 123.069608 123.061226 123.054240 123.056196 123.064858 123.073520 123.083020 123.090319 123.099539 123.107922 123.116863 123.125559 123.133941 123.142324 123.150985 123.159647 123.170578 123.185946 123.208020 123.230128 123.251397 123.274309 123.296417 123.317932 123.340039 123.362392 123.382824 123.406574 0.000000 0.000000
0.000000 0.000000 0.000000 0.000000 0.000000 0.000000 0.000000 0.000000 0.000000 0.000000 0.000000 0.000000 0.000000 0.000000 0.000000 0.000000 0.000000 0.000000 0.000000 0.000000 123.396515 123.352054 123.297534 123.255309 123.196843 123.158809 123.120775 123.096466 123.086686 123.077432 123.069049 123.060667 123.054799 123.057873 123.066814 123.075755 123.084730 123.092275 123.100936 123.110157 123.119098 123.127235 123.135897 123.144000 123.152941 123.161603 123.172255 123.187343 123.210010 123.232084 123.253353 123.275985 123.298373 123.320167 123.341995 123.364069 123.385059 123.408530 0.000000 0.000000
0.000000 0.000000 0.000000 0.000000 0.000000 0.000000 0.000000 0.000000 0.000000 0.000000 0.000000 0.000000 0.000000 0.000000 0.000000 0.000000 0.000000 0.000000 0.000000 0.000000 123.395677 123.338642 123.291667 123.242981 123.188740 123.151824 123.112951 123.095628 123.085848 123.077152 123.068490 123.060108 123.055358 123.059549 123.068770 123.077432 123.085569 123.094230 123.102892 123.111275 123.120495 123.128912 123.137574 123.145677 123.154897 123.163559 123.174211 123.189299 123.211686 123.233760 123.255309 123.277941 123.300328 123.321843 123.343392 123.365466 123.386735 123.410206 0.000000 0.000000
0.000000 0.000000 0.000000 0.000000 0.000000 0.000000 0.000000 0.000000 0.000000 0.000000 0.000000 0.000000 0.000000 0.000000 0.000000 0.000000 0.000000 0.000000 0.000000 0.000000 123.384221 123.323240 123.288000 123.240745 123.185387 123.142324 123.108481 123.095069 123.085010 123.076593 123.067932 123.058990 123.055917 123.061505 123.070726 123.079108 123.087245 123.095907 123.104848 123.113510 123.122451 123.130868 123.139250 123.147912 123.156853 123.165236 123.175608 123.190976 123.213363 123.235716 123.257265 123.279618 123.302284 123.324079 123.345348 123.367422 123.388412 123.411603 0.000000 0.000000
0.000000 0.000000 0.000000 0.000000 0.000000 0.000000 0.000000 0.000000 0.000000 0.000000 0.000000 0.000000 0.000000 0.000000 0.000000 0.000000 0.000000 0.000000 0.000000 0.000000 123.377515 123.317093 123.282971 123.222025 123.169181 123.141765 123.103172 123.094230 123.084451 123.075755 123.067093 123.058711 123.056476 123.063182 123.072402 123.081064 123.089201 123.097863 123.106525 123.115186 123.124407 123.132265 123.141485 123.149030 123.158250 123.167225 123.177564 123.192652 123.215319 123.237392 123.258941 123.281015 123.304240 123.325755 123.347304 123.369378 123.390647 123.413559 0.000000 0.000000
0.000000 0.000000 0.000000 0.000000 0.000000 0.000000 0.000000 0.000000 0.000000 0.000000 0.000000 0.000000 0.000000 0.000000 0.000000 0.000000 0.000000 0.000000 0.000000 123.410486 123.367142 123.316534 123.267603 123.203829 123.164956 123.140927 123.102054 123.092554 123.084172 123.074917 123.066534 123.057593 123.057034 123.064858 123.074079 123.082740 123.090878 123.099819 123.108481 123.116863 123.126118 123.134221 123.142603 123.151265 123.160206 123.168902 123.179799 123.194887 123.216716 123.239069 123.260618 123.282971 123.305358 123.327990 123.348981 123.371334 123.392044 123.415236 0.000000 0.000000
0.000000 0.000000 0.000000 0.000000 0.000000 0.000000 0.000000 0.000000 0.000000 0.000000 0.000000 0.000000 0.000000 0.000000 0.000000 0.000000 0.000000 0.000000 0.000000 123.405177 123.356245 123.310946 123.257544 123.202990 123.163280 123.131147 123.101775 123.091995 123.083299 123.073799 123.065976 123.057593 123.058152 123.066814 123.076035 123.084451 123.092833 123.101495 123.110157 123.118819 123.128074 123.136177 123.144838 123.152941 123.162162 123.170578 123.181196 123.196564 123.218672 123.241025 123.262574 123.284368 123.307593 123.329388 123.351216 123.373289 123.393721 0.000000 0.000000 0.000000
0.000000 0.000000 0.000000 0.000000 0.000000 0.000000 0.000000 0.000000 0.000000 0.000000 0.000000 0.000000 0.000000 0.000000 0.000000 0.000000 0.000000 0.000000 0.000000 123.393721 123.340878 123.303123 123.251118 123.196285 123.157412 123.123289 123.100936 123.091436 123.082740 123.073799 123.065417 123.058152 123.060387 123.068490 123.077432 123.086407 123.094510 123.103451 123.111834 123.120495 123.129750 123.137853 123.146794 123.154618 123.163839 123.172534 123.183152 123.198520 123.220628 123.242701 123.264530 123.286324 123.308990 123.331343 123.352892 123.375279 123.395956 0.000000 0.000000 0.000000
0.000000 0.000000 0.000000 0.000000 0.000000 0.000000 0.000000 0.000000 0.000000 0.000000 0.000000 0.000000 0.000000 0.000000 0.000000 0.000000 0.000000 0.000000 0.000000 123.388691 123.328829 123.297534 123.232084 123.180079 123.147633 123.113789 123.100378 123.090319 123.081343 123.072961 123.064299 123.058711 123.061784 123.070726 123.079388 123.088083 123.096186 123.105407 123.114069 123.122172 123.131427 123.139809 123.148191 123.156574 123.165794 123.173931 123.184829 123.200476 123.222304 123.244937 123.266485 123.288559 123.310946 123.333333 123.355128 123.376956 123.397633 0.000000 0.000000 0.000000
0.000000 0.000000 0.000000 0.000000 0.000000 0.000000 0.000000 0.000000 0.000000 0.000000 0.000000 0.000000 0.000000 0.000000 0.000000 0.000000 0.000000 0.000000 0.000000 123.376397 123.322402 123.288839 123.217833 123.174770 123.147074 123.108481 123.098422 123.089760 123.081064 123.072402 123.064020 123.059270 123.063740 123.072123 123.081343 123.089760 123.098142 123.107363 123.115745 123.124407 123.133382 123.141485 123.150147 123.158250 123.167505 123.175887 123.186505 123.202432 123.224539 123.246613 123.267882 123.290236 123.312902 123.334730 123.356804 123.378632 123.399588 0.000000 0.000000 0.000000
0.000000 0.000000 0.000000 0.000000 0.000000 0.000000 0.000000 0.000000 0.000000 0.000000 0.000000 0.000000 0.000000 0.000000 0.000000 0.000000 0.000000 0.000000 0.000000 123.366584 123.321843 123.275706 123.209730 123.170020 123.141765 123.107363 123.097863 123.088922 123.079946 123.071843 123.062902 123.059829 123.065696 123.074079 123.083020 123.091716 123.099819 123.109319 123.117701 123.126118 123.135059 123.143162 123.151824 123.159927 123.169181 123.177843 123.188740 123.204108 123.226216 123.248848 123.269838 123.292225 123.314579 123.336686 123.359039 123.380588 123.401544 0.000000 0.000000 0.000000
0.000000 0.000000 0.000000 0.000000 0.000000 0.000000 0.000000 0.000000 0.000000 0.000000 0.000000 0.000000 0.000000 0.000000 0.000000 0.000000 0.000000 0.000000 123.411603 123.359039 123.314299 123.260059 123.208299 123.169740 123.134779 123.106804 123.097025 123.088642 123.079667 123.071285 123.062064 123.060387 123.067373 123.076035 123.084730 123.093672 123.102054 123.111275 123.119098 123.128074 123.137015 123.145397 123.153500 123.162162 123.171137 123.179520 123.189858 123.206064 123.228451 123.250279 123.271794 123.293902 123.316534 123.338642 123.360716 123.382544 123.403500 0.000000 0.000000 0.000000
