FireSTARR/test/constant/O1a_S060_A090_WD135_WS020/arrival.asc
ncols         120
nrows         736
xllcorner     416003.990666
yllcorner     12675255.311160
cellsize      100.000000
NODATA_value  0.000000
[rows 459 to 485 of 736, columns 0 to 59 of 120]
0.000000 0.000000 0.000000 0.000000 0.000000 0.000000 0.000000 0.000000 0.000000 0.000000 0.000000 0.000000 0.000000 0.000000 0.000000 0.000000 0.000000 0.000000 0.000000 0.000000 0.000000 0.000000 123.413000 123.404338 123.395677 123.387015 123.378632 123.369657 123.360995 123.352054 123.343392 123.335010 123.326314 123.316814 123.308152 123.299490 123.291074 123.282133 123.273471 123.264530 123.260059 123.263971 123.272633 123.281015 123.289956 123.299211 123.307314 123.314858 123.325476 123.334172 123.342554 123.351495 123.359039 123.368539 123.376118 123.385338 123.393721 123.403221 123.412721 0.000000
0.000000 0.000000 0.000000 0.000000 0.000000 0.000000 0.000000 0.000000 0.000000 0.000000 0.000000 0.000000 0.000000 0.000000 0.000000 0.000000 0.000000 0.000000 0.000000 0.000000 0.000000 0.000000 123.412441 123.403780 123.395118 123.386456 123.377794 123.369098 123.359878 123.351495 123.342554 123.334451 123.324917 123.316255 123.307593 123.298652 123.290236 123.281574 123.272633 123.263971 123.260618 123.265647 123.274588 123.282691 123.291633 123.301167 123.308990 123.317093 123.326873 123.336127 123.344510 123.353451 123.360716 123.370495 123.377794 123.387294 123.395677 123.405177 123.414677 0.000000
0.000000 0.000000 0.000000 0.000000 0.000000 0.000000 0.000000 0.000000 0.000000 0.000000 0.000000 0.000000 0.000000 0.000000 0.000000 0.000000 0.000000 0.000000 0.000000 0.000000 0.000000 0.000000 123.411324 123.403221 123.394280 123.385897 123.377235 123.368819 123.359598 123.350657 123.341716 123.333020 123.324079 123.315696 123.306755 123.297814 123.289677 123.281294 123.272074 123.263132 123.261177 123.267324 123.276265 123.284927 123.293623 123.303123 123.310946 123.318770 123.328829 123.337525 123.346466 123.355407 123.362672 123.372451 123.379471 123.389250 123.397353 123.406853 123.416633 0.000000
0.000000 0.000000 0.000000 0.000000 0.000000 0.000000 0.000000 0.000000 0.000000 0.000000 0.000000 0.000000 0.000000 0.000000 0.000000 0.000000 0.000000 0.000000 0.000000 0.000000 0.000000 0.000000 123.411044 123.402383 123.393441 123.385338 123.376397 123.367981 123.359039 123.350098 123.341436 123.332461 123.323520 123.315137 123.306476 123.296976 123.288839 123.280177 123.271515 123.262294 123.261735 123.269280 123.278500 123.286324 123.295578 123.304799 123.312343 123.320446 123.330785 123.339760 123.348142 123.357084 123.364348 123.374407 123.381427 123.390927 123.399030 123.408809 0.000000 0.000000
0.000000 0.000000 0.000000 0.000000 0.000000 0.000000 0.000000 0.000000 0.000000 0.000000 0.000000 0.000000 0.000000 0.000000 0.000000 0.000000 0.000000 0.000000 0.000000 0.000000 0.000000 0.000000 123.410486 123.401824 123.392882 123.384221 123.375838 123.367142 123.358481 123.349260 123.340878 123.331902 123.322961 123.314299 123.305358 123.296976 123.288000 123.279338 123.270956 123.262294 123.262574 123.270677 123.279897 123.288000 123.296976 123.306476 123.314299 123.322682 123.332461 123.341157 123.350098 123.358760 123.366025 123.376397 123.382824 123.392603 123.401265 123.410206 0.000000 0.000000
0.000000 0.000000 0.000000 0.000000 0.000000 0.000000 0.000000 0.000000 0.000000 0.000000 0.000000 0.000000 0.000000 0.000000 0.000000 0.000000 0.000000 0.000000 0.000000 0.000000 0.000000 0.000000 123.409647 123.400985 123.392603 123.383662 123.375559 123.365745 123.357084 123.348701 123.340319 123.331343 123.322123 123.313740 123.304799 123.296137 123.287441 123.278780 123.269838 123.262853 123.264250 123.272633 123.281574 123.290236 123.298931 123.308431 123.316255 123.324079 123.334451 123.343113 123.351775 123.360995 123.368260 123.378074 123.384779 123.394838 123.402383 123.412162 0.000000 0.000000
0.000000 0.000000 0.000000 0.000000 0.000000 0.000000 0.000000 0.000000 0.000000 0.000000 0.000000 0.000000 0.000000 0.000000 0.000000 0.000000 0.000000 0.000000 0.000000 0.000000 0.000000 0.000000 123.409088 123.400147 123.392044 123.383382 123.374687 123.365186 123.356804 123.347863 123.339760 123.330505 123.321564 123.312902 123.303961 123.295858 123.286883 123.278221 123.269559 123.263412 123.265927 123.274588 123.283809 123.291667 123.300608 123.310108 123.317932 123.325755 123.336127 123.345348 123.353451 123.362113 123.369378 123.379750 123.386735 123.395956 123.404338 123.414118 0.000000 0.000000
0.000000 0.000000 0.000000 0.000000 0.000000 0.000000 0.000000 0.000000 0.000000 0.000000 0.000000 0.000000 0.000000 0.000000 0.000000 0.000000 0.000000 0.000000 0.000000 0.000000 0.000000 123.416633 123.408530 123.399588 123.391206 123.382544 123.373289 123.364907 123.355966 123.347025 123.338083 123.329388 123.321005 123.312064 123.303402 123.295299 123.286324 123.277662 123.269000 123.263971 123.267882 123.276265 123.285486 123.293902 123.302284 123.312343 123.320167 123.327990 123.337804 123.346745 123.355686 123.364348 123.371613 123.381147 123.388412 123.397912 123.406294 123.415794 0.000000 0.000000
0.000000 0.000000 0.000000 0.000000 0.000000 0.000000 0.000000 0.000000 0.000000 0.000000 0.000000 0.000000 0.000000 0.000000 0.000000 0.000000 0.000000 0.000000 0.000000 0.000000 0.000000 123.416353 123.407691 123.398750 123.390647 123.382265 123.373289 123.364348 123.355407 123.346745 123.337525 123.328829 123.320446 123.311505 123.302564 123.294181 123.285486 123.276544 123.268162 123.264530 123.269280 123.278221 123.287441 123.295578 123.304520 123.313740 123.321564 123.329667 123.339760 123.348701 123.357363 123.365186 123.373289 123.381706 123.390368 123.400147 123.407971 0.000000 0.000000 0.000000
0.000000 0.000000 0.000000 0.000000 0.000000 0.000000 0.000000 0.000000 0.000000 0.000000 0.000000 0.000000 0.000000 0.000000 0.000000 0.000000 0.000000 0.000000 0.000000 0.000000 0.000000 123.415794 123.407133 123.398191 123.389809 123.381706 123.372731 123.363510 123.354569 123.345907 123.336966 123.328270 123.319608 123.310667 123.302284 123.293343 123.284647 123.276265 123.267044 123.265088 123.271235 123.279897 123.288839 123.297255 123.305637 123.315696 123.323520 123.331623 123.341436 123.350378 123.359319 123.366863 123.374966 123.383662 123.392044 123.401544 123.409927 0.000000 0.000000 0.000000
0.000000 0.000000 0.000000 0.000000 0.000000 0.000000 0.000000 0.000000 0.000000 0.000000 0.000000 0.000000 0.000000 0.000000 0.000000 0.000000 0.000000 0.000000 0.000000 0.000000 0.000000 123.414956 123.406015 123.397633 123.388971 123.380588 123.371054 123.362672 123.353731 123.345628 123.336686 123.327432 123.319049 123.310108 123.301726 123.292784 123.284088 123.275147 123.266206 123.265647 123.273471 123.281574 123.290794 123.299211 123.307873 123.317652 123.325476 123.333020 123.343392 123.352054 123.360716 123.368539 123.376956 123.385618 123.393721 123.403500 123.411603 0.000000 0.000000 0.000000
0.000000 0.000000 0.000000 0.000000 0.000000 0.000000 0.000000 0.000000 0.000000 0.000000 0.000000 0.000000 0.000000 0.000000 0.000000 0.000000 0.000000 0.000000 0.000000 0.000000 0.000000 123.414397 123.405736 123.397074 123.388412 123.379750 123.370495 123.362113 123.353172 123.345069 123.335848 123.326593 123.318211 123.309270 123.300328 123.292225 123.283530 123.274868 123.266206 123.266485 123.274868 123.283809 123.292784 123.300608 123.309829 123.319329 123.326593 123.335010 123.345348 123.354010 123.362672 123.370495 123.378632 123.387294 123.395677 123.405456 123.413280 0.000000 0.000000 0.000000
0.000000 0.000000 0.000000 0.000000 0.000000 0.000000 0.000000 0.000000 0.000000 0.000000 0.000000 0.000000 0.000000 0.000000 0.000000 0.000000 0.000000 0.000000 0.000000 0.000000 0.000000 123.413280 123.404897 123.396794 123.387853 123.378632 123.369657 123.361275 123.352333 123.343672 123.334730 123.326314 123.317652 123.308711 123.300049 123.291353 123.282971 123.274309 123.266765 123.268441 123.276824 123.285486 123.294181 123.302564 123.311226 123.321285 123.328829 123.336966 123.347025 123.355966 123.364628 123.372172 123.380309 123.389250 123.397074 123.407412 123.415515 0.000000 0.000000 0.000000
0.000000 0.000000 0.000000 0.000000 0.000000 0.000000 0.000000 0.000000 0.000000 0.000000 0.000000 0.000000 0.000000 0.000000 0.000000 0.000000 0.000000 0.000000 0.000000 0.000000 0.000000 123.413000 123.404059 123.395956 123.387294 123.378353 123.369098 123.360716 123.351775 123.343113 123.334172 123.325755 123.317093 123.307873 123.300049 123.290794 123.282133 123.273471 123.267324 123.270397 123.278500 123.287441 123.296137 123.304799 123.313182 123.323240 123.330505 123.338642 123.348981 123.357922 123.366304 123.373848 123.382265 123.390927 123.399030 123.409088 123.416633 0.000000 0.000000 0.000000
0.000000 0.000000 0.000000 0.000000 0.000000 0.000000 0.000000 0.000000 0.000000 0.000000 0.000000 0.000000 0.000000 0.000000 0.000000 0.000000 0.000000 0.000000 0.000000 0.000000 0.000000 123.412441 123.403500 123.394838 123.387015 123.377235 123.368819 123.359878 123.351216 123.342275 123.333333 123.324917 123.315696 123.307314 123.298652 123.289956 123.281294 123.272353 123.267882 123.272074 123.280177 123.289397 123.298093 123.306196 123.314858 123.325196 123.332182 123.340598 123.350657 123.359319 123.368260 123.375838 123.383941 123.393162 123.400985 123.410765 0.000000 0.000000 0.000000 0.000000
0.000000 0.000000 0.000000 0.000000 0.000000 0.000000 0.000000 0.000000 0.000000 0.000000 0.000000 0.000000 0.000000 0.000000 0.000000 0.000000 0.000000 0.000000 0.000000 0.000000 0.000000 123.411324 123.402941 123.394280 123.385618 123.376397 123.367981 123.359039 123.350936 123.341716 123.333020 123.324079 123.315417 123.306755 123.298093 123.289397 123.280736 123.271794 123.268441 123.273750 123.282412 123.291353 123.299770 123.308152 123.316534 123.326873 123.334172 123.342275 123.352892 123.361275 123.369937 123.377515 123.385618 123.394559 123.402662 123.413000 0.000000 0.000000 0.000000 0.000000
0.000000 0.000000 0.000000 0.000000 0.000000 0.000000 0.000000 0.000000 0.000000 0.000000 0.000000 0.000000 0.000000 0.000000 0.000000 0.000000 0.000000 0.000000 0.000000 0.000000 0.000000 123.410765 123.402383 123.393721 123.385059 123.376118 123.367422 123.358481 123.350378 123.340598 123.331902 123.323520 123.314299 123.306476 123.297534 123.288839 123.279897 123.270956 123.269000 123.275985 123.284088 123.293064 123.301726 123.309829 123.318770 123.328549 123.336127 123.343951 123.354289 123.363510 123.371613 123.379191 123.387574 123.396515 123.404618 123.414118 0.000000 0.000000 0.000000 0.000000
0.000000 0.000000 0.000000 0.000000 0.000000 0.000000 0.000000 0.000000 0.000000 0.000000 0.000000 0.000000 0.000000 0.000000 0.000000 0.000000 0.000000 0.000000 0.000000 0.000000 0.000000 123.410486 123.401544 123.393162 123.383941 123.375279 123.366584 123.357922 123.348981 123.340039 123.331623 123.322961 123.313740 123.305637 123.296696 123.288280 123.279338 123.270397 123.269559 123.277103 123.286044 123.294740 123.303402 123.311505 123.319887 123.330505 123.337525 123.346186 123.356245 123.365186 123.373848 123.381147 123.389250 123.398750 123.406294 123.416353 0.000000 0.000000 0.000000 0.000000
0.000000 0.000000 0.000000 0.000000 0.000000 0.000000 0.000000 0.000000 0.000000 0.000000 0.000000 0.000000 0.000000 0.000000 0.000000 0.000000 0.000000 0.000000 0.000000 0.000000 0.000000 123.409368 123.400985 123.392882 123.383382 123.374407 123.366025 123.357084 123.348422 123.339760 123.331064 123.322402 123.313182 123.304240 123.296417 123.287721 123.278500 123.270118 123.270677 123.279059 123.287441 123.296696 123.305079 123.313740 123.322123 123.332461 123.339480 123.347304 123.358481 123.367142 123.375279 123.383103 123.391485 123.400147 123.407971 0.000000 0.000000 0.000000 0.000000 0.000000
0.000000 0.000000 0.000000 0.000000 0.000000 0.000000 0.000000 0.000000 0.000000 0.000000 0.000000 0.000000 0.000000 0.000000 0.000000 0.000000 0.000000 0.000000 0.000000 0.000000 0.000000 123.408809 123.400147 123.392324 123.383103 123.374128 123.364907 123.356525 123.347304 123.339201 123.330505 123.321005 123.312902 123.303961 123.295578 123.286603 123.277662 123.270677 123.272353 123.281015 123.289397 123.298093 123.307314 123.314858 123.323799 123.334172 123.341157 123.349539 123.359878 123.368819 123.377515 123.385059 123.392882 123.402103 123.409927 0.000000 0.000000 0.000000 0.000000 0.000000
0.000000 0.000000 0.000000 0.000000 0.000000 0.000000 0.000000 0.000000 0.000000 0.000000 0.000000 0.000000 0.000000 0.000000 0.000000 0.000000 0.000000 0.000000 0.000000 0.000000 123.416633 123.408250 123.399588 123.390927 123.381985 123.373289 123.364348 123.355686 123.346745 123.338363 123.329388 123.320446 123.312343 123.303402 123.295020 123.286044 123.277103 123.271235 123.274309 123.282691 123.291633 123.300049 123.308431 123.316814 123.325476 123.336127 123.342833 123.351216 123.361834 123.370775 123.379191 123.386456 123.394838 123.403780 123.411603 0.000000 0.000000 0.000000 0.000000 0.000000
0.000000 0.000000 0.000000 0.000000 0.000000 0.000000 0.000000 0.000000 0.000000 0.000000 0.000000 0.000000 0.000000 0.000000 0.000000 0.000000 0.000000 0.000000 0.000000 0.000000 123.416074 123.407691 123.399030 123.390088 123.380868 123.372731 123.363789 123.355407 123.345907 123.337525 123.328829 123.319608 123.311226 123.302843 123.293623 123.285206 123.276265 123.271794 123.276265 123.284647 123.293064 123.302005 123.310387 123.318770 123.327432 123.336686 123.345069 123.352892 123.363510 123.372451 123.380868 123.388412 123.396794 123.405456 123.413839 0.000000 0.000000 0.000000 0.000000 0.000000
0.000000 0.000000 0.000000 0.000000 0.000000 0.000000 0.000000 0.000000 0.000000 0.000000 0.000000 0.000000 0.000000 0.000000 0.000000 0.000000 0.000000 0.000000 0.000000 0.000000 123.415515 123.406853 123.398471 123.389250 123.380309 123.371613 123.362951 123.354289 123.345348 123.336686 123.328270 123.319049 123.310946 123.302284 123.293343 123.284647 123.275706 123.272353 123.278221 123.286603 123.295020 123.303681 123.312343 123.320446 123.329108 123.338363 123.346186 123.354848 123.365186 123.374407 123.382824 123.390368 123.398471 123.407412 123.415236 0.000000 0.000000 0.000000 0.000000 0.000000
0.000000 0.000000 0.000000 0.000000 0.000000 0.000000 0.000000 0.000000 0.000000 0.000000 0.000000 0.000000 0.000000 0.000000 0.000000 0.000000 0.000000 0.000000 0.000000 0.000000 123.414677 123.406294 123.397633 123.388691 123.380029 123.371054 123.362392 123.353731 123.344789 123.336127 123.327711 123.318490 123.310387 123.301726 123.293064 123.283809 123.275427 123.272912 123.280177 123.288559 123.296976 123.305637 123.314020 123.322402 123.330785 123.340039 123.348142 123.356525 123.367142 123.376397 123.384779 123.391765 123.400427 123.409088 0.000000 0.000000 0.000000 0.000000 0.000000 0.000000
0.000000 0.000000 0.000000 0.000000 0.000000 0.000000 0.000000 0.000000 0.000000 0.000000 0.000000 0.000000 0.000000 0.000000 0.000000 0.000000 0.000000 0.000000 0.000000 0.000000 123.414118 123.405456 123.397074 123.387853 123.379471 123.369937 123.361554 123.352613 123.343951 123.335569 123.326314 123.317652 123.308990 123.300608 123.291633 123.282971 123.274309 123.273471 123.282133 123.290236 123.298931 123.307593 123.315976 123.324358 123.333020 123.342275 123.350378 123.358201 123.368819 123.377794 123.386735 123.393721 123.402103 123.411324 0.000000 0.000000 0.000000 0.000000 0.000000 0.000000
0.000000 0.000000 0.000000 0.000000 0.000000 0.000000 0.000000 0.000000 0.000000 0.000000 0.000000 0.000000 0.000000 0.000000 0.000000 0.000000 0.000000 0.000000 0.000000 0.000000 123.413559 123.404897 123.396235 123.387294 123.378632 123.369657 123.360995 123.352054 123.343672 123.334730 123.325755 123.317373 123.308431 123.300049 123.291074 123.282412 123.274030 123.274588 123.283809 123.291946 123.300608 123.309549 123.317932 123.326314 123.334730 123.343672 123.351775 123.360436 123.370775 123.379750 123.388132 123.395677 123.403780 123.412721 0.000000 0.000000 0.000000 0.000000 0.000000 0.000000
0.000000 0.000000 0.000000 0.000000 0.000000 0.000000 0.000000 0.000000 0.000000 0.000000 0.000000 0.000000 0.000000 0.000000 0.000000 0.000000 0.000000 0.000000 0.000000 0.000000 123.413000 123.404338 123.395397 123.386456 123.377794 123.369378 123.359878 123.350936 123.342833 123.333892 123.325196 123.316534 123.308152 123.299490 123.290515 123.281294 123.274588 123.276265 123.285486 123.293902 123.302284 123.311505 123.319887 123.327990 123.336686 123.345628 123.353731 123.362113 123.372451 123.381706 123.390088 123.397353 123.405736 123.414677 0.000000 0.000000 0.000000 0.000000 0.000000 0.000000
