FireSTARR/test/constant/C2_S060_A180_WD315_WS000/arrival.asc
ncols         172
nrows         45
xllcorner     426303.990666
yllcorner     12746555.311160
cellsize      100.000000
NODATA_value  0.000000
[rows 0 to 24 of 45, columns 0 to 57 of 172]
0.000000 0.000000 0.000000 0.000000 0.000000 0.000000 0.000000 0.000000 0.000000 0.000000 0.000000 0.000000 0.000000 0.000000 0.000000 0.000000 0.000000 0.000000 0.000000 0.000000 0.000000 0.000000 0.000000 0.000000 0.000000 0.000000 0.000000 0.000000 0.000000 0.000000 0.000000 0.000000 0.000000 0.000000 0.000000 0.000000 0.000000 0.000000 0.000000 0.000000 0.000000 0.000000 0.000000 0.000000 0.000000 0.000000 0.000000 0.000000 0.000000 0.000000 0.000000 0.000000 0.000000 0.000000 0.000000 0.000000 0.000000 0.000000
0.000000 0.000000 0.000000 0.000000 0.000000 0.000000 0.000000 0.000000 0.000000 0.000000 0.000000 0.000000 0.000000 0.000000 0.000000 0.000000 0.000000 0.000000 0.000000 0.000000 0.000000 0.000000 0.000000 0.000000 0.000000 0.000000 0.000000 0.000000 0.000000 0.000000 0.000000 0.000000 0.000000 0.000000 0.000000 0.000000 0.000000 0.000000 0.000000 0.000000 0.000000 0.000000 0.000000 0.000000 0.000000 0.000000 0.000000 0.000000 0.000000 0.000000 0.000000 0.000000 0.000000 0.000000 0.000000 0.000000 0.000000 0.000000
0.000000 0.000000 0.000000 0.000000 0.000000 0.000000 0.000000 0.000000 0.000000 0.000000 0.000000 0.000000 0.000000 0.000000 0.000000 0.000000 0.000000 0.000000 0.000000 0.000000 0.000000 0.000000 0.000000 0.000000 0.000000 0.000000 0.000000 0.000000 0.000000 0.000000 0.000000 0.000000 0.000000 0.000000 0.000000 0.000000 0.000000 0.000000 0.000000 0.000000 0.000000 0.000000 0.000000 0.000000 0.000000 0.000000 0.000000 0.000000 0.000000 0.000000 0.000000 0.000000 0.000000 0.000000 123.415942 123.392369 123.373035 123.373035
0.000000 0.000000 0.000000 0.000000 0.000000 0.000000 0.000000 0.000000 0.000000 0.000000 0.000000 0.000000 0.000000 0.000000 0.000000 0.000000 0.000000 0.000000 0.000000 0.000000 0.000000 0.000000 0.000000 0.000000 0.000000 0.000000 0.000000 0.000000 0.000000 0.000000 0.000000 0.000000 0.000000 0.000000 0.000000 0.000000 0.000000 0.000000 0.000000 0.000000 0.000000 0.000000 0.000000 0.000000 0.000000 0.000000 0.000000 0.000000 0.000000 0.000000 0.000000 123.402295 123.381203 123.356906 123.353184 123.355665 123.356906 123.356906
0.000000 0.000000 0.000000 0.000000 0.000000 0.000000 0.000000 0.000000 0.000000 0.000000 0.000000 0.000000 0.000000 0.000000 0.000000 0.000000 0.000000 0.000000 0.000000 0.000000 0.000000 0.000000 0.000000 0.000000 0.000000 0.000000 0.000000 0.000000 0.000000 0.000000 0.000000 0.000000 0.000000 0.000000 0.000000 0.000000 0.000000 0.000000 0.000000 0.000000 0.000000 0.000000 0.000000 0.000000 0.000000 0.000000 0.000000 123.412220 123.389888 123.365591 123.343259 123.334574 123.335815 123.337055 123.338296 123.339537 123.339537 123.340777
0.000000 0.000000 0.000000 0.000000 0.000000 0.000000 0.000000 0.000000 0.000000 0.000000 0.000000 0.000000 0.000000 0.000000 0.000000 0.000000 0.000000 0.000000 0.000000 0.000000 0.000000 0.000000 0.000000 0.000000 0.000000 0.000000 0.000000 0.000000 0.000000 0.000000 0.000000 0.000000 0.000000 0.000000 0.000000 0.000000 0.000000 0.000000 0.000000 0.000000 0.000000 0.000000 0.000000 0.000000 123.398573 123.376241 123.351943 123.331368 123.315239 123.316480 123.317721 123.318961 123.318961 123.320202 123.321443 123.321443 123.323924 123.325165
0.000000 0.000000 0.000000 0.000000 0.000000 0.000000 0.000000 0.000000 0.000000 0.000000 0.000000 0.000000 0.000000 0.000000 0.000000 0.000000 0.000000 0.000000 0.000000 0.000000 0.000000 0.000000 0.000000 0.000000 0.000000 0.000000 0.000000 0.000000 0.000000 0.000000 0.000000 0.000000 0.000000 0.000000 0.000000 0.000000 0.000000 0.000000 0.000000 0.000000 123.406017 123.384925 123.364350 123.339537 123.317721 123.296629 123.296629 123.299111 123.299111 123.299111 123.300351 123.302833 123.302833 123.305314 123.306555 123.307795 123.309036 123.311517
0.000000 0.000000 0.000000 0.000000 0.000000 0.000000 0.000000 0.000000 0.000000 0.000000 0.000000 0.000000 0.000000 0.000000 0.000000 0.000000 0.000000 0.000000 0.000000 0.000000 0.000000 0.000000 0.000000 0.000000 0.000000 0.000000 0.000000 0.000000 0.000000 0.000000 0.000000 0.000000 0.000000 0.000000 0.000000 0.000000 123.414701 123.394851 123.373035 123.349462 123.325165 123.302833 123.282257 123.277295 123.278535 123.279776 123.279776 123.282257 123.283498 123.283498 123.285979 123.287220 123.288461 123.289701 123.292907 123.294148 123.295389 123.296629
0.000000 0.000000 0.000000 0.000000 0.000000 0.000000 0.000000 0.000000 0.000000 0.000000 0.000000 0.000000 0.000000 0.000000 0.000000 0.000000 0.000000 0.000000 0.000000 0.000000 0.000000 0.000000 0.000000 0.000000 0.000000 0.000000 0.000000 0.000000 0.000000 0.000000 0.000000 0.000000 0.000000 123.404776 123.381203 123.358147 123.333333 123.313999 123.290942 123.268610 123.257444 123.258685 123.261166 123.261166 123.262407 123.263647 123.263647 123.266129 123.268610 123.269851 123.271091 123.273573 123.274813 123.276054 123.278535 123.281017 123.281017 123.283498
0.000000 0.000000 0.000000 0.000000 0.000000 0.000000 0.000000 0.000000 0.000000 0.000000 0.000000 0.000000 0.000000 0.000000 0.000000 0.000000 0.000000 0.000000 0.000000 0.000000 0.000000 0.000000 0.000000 0.000000 0.000000 0.000000 0.000000 0.000000 0.000000 123.413461 123.388647 123.366831 123.346981 123.323924 123.299111 123.276054 123.252481 123.239350 123.239350 123.241831 123.241831 123.243072 123.244313 123.245553 123.246794 123.249275 123.250000 123.252481 123.253722 123.254963 123.257444 123.259925 123.261166 123.261166 123.263647 123.266129 123.268610 123.271091
0.000000 0.000000 0.000000 0.000000 0.000000 0.000000 0.000000 0.000000 0.000000 0.000000 0.000000 0.000000 0.000000 0.000000 0.000000 0.000000 0.000000 0.000000 0.000000 0.000000 0.000000 0.000000 0.000000 0.000000 0.000000 0.000000 123.397332 123.374275 123.354425 123.332609 123.307795 123.284739 123.264888 123.243072 123.219499 123.219499 123.221981 123.221981 123.224462 123.224462 123.225703 123.226943 123.229425 123.230665 123.233147 123.234387 123.236869 123.238109 123.240591 123.241831 123.243072 123.245553 123.248035 123.250000 123.252481 123.254963 123.256203 123.258685
0.000000 0.000000 0.000000 0.000000 0.000000 0.000000 0.000000 0.000000 0.000000 0.000000 0.000000 0.000000 0.000000 0.000000 0.000000 0.000000 0.000000 0.000000 0.000000 0.000000 0.000000 0.000000 123.407257 123.387407 123.363109 123.340777 123.316480 123.292907 123.273573 123.251241 123.225703 123.203887 123.200165 123.202646 123.203887 123.205127 123.205127 123.206368 123.207609 123.209574 123.210815 123.213296 123.215777 123.217018 123.219499 123.221981 123.223221 123.224462 123.226943 123.229425 123.231906 123.234387 123.235628 123.238109 123.240591 123.243072 123.245553 123.248035
0.000000 0.000000 0.000000 0.000000 0.000000 0.000000 0.000000 0.000000 0.000000 0.000000 0.000000 0.000000 0.000000 0.000000 0.000000 0.000000 0.000000 0.000000 0.000000 123.394851 123.371794 123.348221 123.325165 123.305314 123.281017 123.258685 123.234387 123.212055 123.191480 123.181555 123.182795 123.184036 123.185277 123.185277 123.187758 123.187758 123.190239 123.192721 123.195202 123.196443 123.198924 123.200165 123.201405 123.203887 123.206368 123.208333 123.210815 123.213296 123.215777 123.217018 123.219499 123.221981 123.224462 123.226943 123.228184 123.230665 123.233147 123.235628
0.000000 0.000000 0.000000 0.000000 0.000000 0.000000 0.000000 0.000000 0.000000 0.000000 0.000000 0.000000 0.000000 0.000000 0.000000 123.403535 123.381203 123.356906 123.337055 123.313999 123.289701 123.267369 123.244313 123.224462 123.200165 123.177833 123.162220 123.162220 123.164701 123.165942 123.166667 123.167907 123.167907 123.170389 123.171629 123.174111 123.176592 123.179073 123.181555 123.182795 123.185277 123.187758 123.188999 123.191480 123.193961 123.196443 123.198924 123.201405 123.203887 123.206368 123.207609 123.209574 123.212055 123.214537 123.217018 123.219499 123.221981 123.224462
0.000000 0.000000 0.000000 0.000000 0.000000 0.000000 0.000000 0.000000 0.000000 0.000000 0.000000 123.412220 123.389888 123.369313 123.345740 123.322683 123.299111 123.274813 123.256203 123.233147 123.208333 123.186517 123.163461 123.143610 123.143610 123.144851 123.146091 123.147332 123.148573 123.148573 123.151054 123.153535 123.156017 123.158498 123.160979 123.162220 123.164701 123.165942 123.167907 123.170389 123.172870 123.175351 123.177833 123.180314 123.182795 123.185277 123.186517 123.188999 123.191480 123.193961 123.196443 123.198924 123.201405 123.203887 123.206368 123.207609 123.210815 123.212055
0.000000 0.000000 0.000000 0.000000 0.000000 0.000000 0.000000 0.000000 123.401054 123.377481 123.355665 123.331368 123.307795 123.288461 123.263647 123.240591 123.218259 123.193961 123.174111 123.151054 123.127481 123.124275 123.126241 123.126241 123.128722 123.129963 123.131203 123.133685 123.134925 123.136166 123.138647 123.141129 123.143610 123.144851 123.147332 123.149813 123.152295 123.154776 123.157257 123.159739 123.160979 123.163461 123.165942 123.167907 123.170389 123.172870 123.175351 123.177833 123.180314 123.181555 123.184036 123.186517 123.188999 123.191480 123.193961 123.196443 123.198924 123.201405
0.000000 0.000000 0.000000 0.000000 123.409739 123.386166 123.363109 123.339537 123.318961 123.296629 123.273573 123.249275 123.226943 123.206368 123.182795 123.159739 123.137407 123.113109 123.104425 123.105665 123.108147 123.109387 123.110628 123.111869 123.114350 123.115591 123.118072 123.120553 123.121794 123.124275 123.126241 123.128722 123.131203 123.133685 123.136166 123.138647 123.141129 123.143610 123.144851 123.147332 123.149813 123.152295 123.154776 123.156017 123.158498 123.160979 123.163461 123.165942 123.167907 123.170389 123.172870 123.175351 123.177833 123.180314 123.182795 123.185277 123.187758 123.190239
0.000000 0.000000 0.000000 123.351943 123.328887 123.304073 123.282257 123.257444 123.238109 123.214537 123.192721 123.167907 123.146091 123.125000 123.100703 123.085815 123.085815 123.088296 123.089537 123.090777 123.092018 123.094499 123.096981 123.099462 123.100703 123.103184 123.105665 123.108147 123.110628 123.113109 123.115591 123.118072 123.120553 123.121794 123.124275 123.126241 123.128722 123.131203 123.133685 123.136166 123.137407 123.139888 123.142369 123.144851 123.147332 123.149813 123.152295 123.154776 123.157257 123.159739 123.162220 123.164701 123.166667 123.169148 123.171629 123.174111 123.176592 123.179073
0.000000 0.000000 123.358147 123.269851 123.248035 123.223221 123.200165 123.176592 123.156017 123.133685 123.110628 123.087055 123.067721 123.066480 123.068961 123.070202 123.071443 123.072683 123.075165 123.077646 123.080127 123.082609 123.085815 123.087055 123.089537 123.092018 123.094499 123.095740 123.098221 123.100703 123.103184 123.105665 123.108147 123.110628 123.113109 123.114350 123.116831 123.119313 123.121794 123.124275 123.126241 123.128722 123.131203 123.133685 123.136166 123.138647 123.141129 123.143610 123.146091 123.148573 123.151054 123.153535 123.156017 123.158498 123.160979 123.163461 123.165942 123.169148
0.000000 0.000000 123.277295 123.188999 123.165942 123.142369 123.119313 123.094499 123.075165 123.051592 123.047870 123.049111 123.050351 123.052833 123.054073 123.056555 123.059036 123.061517 123.063999 123.066480 123.068961 123.071443 123.072683 123.075165 123.077646 123.080127 123.082609 123.084574 123.087055 123.089537 123.092018 123.094499 123.096981 123.099462 123.101943 123.104425 123.106906 123.109387 123.111869 123.114350 123.116831 123.119313 123.121794 123.124275 123.126241 123.128722 123.131203 123.133685 123.136166 123.138647 123.141129 123.143610 123.146091 123.148573 123.151054 123.153535 123.156017 123.158498
0.000000 123.337055 123.196443 123.106906 123.084574 123.060277 123.038461 123.028535 123.029776 123.032257 123.033498 123.034739 123.037220 123.039701 123.042907 123.045389 123.047870 123.050351 123.051592 123.054073 123.056555 123.059036 123.061517 123.063999 123.066480 123.068961 123.071443 123.073924 123.076405 123.078887 123.081368 123.084574 123.087055 123.089537 123.092018 123.094499 123.096981 123.099462 123.101943 123.104425 123.106906 123.109387 123.111869 123.114350 123.116831 123.119313 123.121794 123.124275 123.126241 123.128722 123.131203 123.133685 123.136166 123.138647 123.141129 123.143610 123.146091 123.148573
123.398573 123.256203 123.115591 123.026054 123.008685 123.009925 123.012407 123.013647 123.016129 123.018610 123.021091 123.023573 123.026054 123.028535 123.031017 123.033498 123.035979 123.038461 123.040942 123.044148 123.046629 123.049111 123.051592 123.054073 123.056555 123.059036 123.061517 123.063999 123.066480 123.068961 123.071443 123.073924 123.076405 123.078887 123.081368 123.083333 123.085815 123.088296 123.090777 123.093259 123.095740 123.098221 123.100703 123.103184 123.105665 123.108147 123.110628 123.113109 123.115591 123.118072 123.120553 123.123035 123.125000 123.127481 123.129963 123.132444 123.134925 123.137407
123.361869 123.220740 123.078887 123.000000 123.001241 123.003722 123.006203 123.008685 123.011166 123.013647 123.016129 123.018610 123.021091 123.023573 123.026054 123.028535 123.031017 123.033498 123.035979 123.038461 123.040942 123.044148 123.046629 123.049111 123.051592 123.054073 123.056555 123.059036 123.061517 123.063999 123.066480 123.068961 123.071443 123.073924 123.076405 123.078887 123.081368 123.083333 123.085815 123.088296 123.090777 123.093259 123.095740 123.098221 123.100703 123.103184 123.105665 123.108147 123.110628 123.113109 123.115591 123.118072 123.120553 123.123035 123.126241 123.128722 123.131203 123.133685
123.407257 123.264888 123.124275 123.034739 123.012407 123.011166 123.012407 123.014888 123.017369 123.019851 123.022332 123.024813 123.027295 123.029776 123.032257 123.034739 123.037220 123.039701 123.042907 123.045389 123.047870 123.050351 123.052833 123.055314 123.057795 123.060277 123.062758 123.065239 123.067721 123.070202 123.072683 123.075165 123.077646 123.080127 123.082609 123.084574 123.087055 123.089537 123.092018 123.094499 123.096981 123.099462 123.101943 123.104425 123.106906 123.109387 123.111869 123.114350 123.116831 123.119313 123.121794 123.124275 123.126241 123.128722 123.131203 123.133685 123.136166 123.138647
0.000000 123.345740 123.205127 123.116831 123.094499 123.070202 123.046629 123.031017 123.031017 123.033498 123.034739 123.037220 123.039701 123.041667 123.044148 123.046629 123.049111 123.051592 123.054073 123.056555 123.059036 123.061517 123.063999 123.066480 123.068961 123.071443 123.073924 123.076405 123.077646 123.080127 123.082609 123.085815 123.088296 123.090777 123.093259 123.095740 123.098221 123.100703 123.103184 123.105665 123.108147 123.110628 123.113109 123.115591 123.118072 123.120553 123.123035 123.125000 123.127481 123.129963 123.132444 123.134925 123.137407 123.139888 123.142369 123.144851 123.147332 123.149813
