FireSTARR/test/constant/C2_S060_A180_WD315_WS000/arrival.asc
ncols         172
nrows         45
xllcorner     426303.990666
yllcorner     12746555.311160
cellsize      100.000000
NODATA_value  0.000000
[rows 0 to 24 of 45, columns 58 to 115 of 172]
0.000000 0.000000 0.000000 0.000000 123.410979 123.412220 123.413461 123.414701 123.414701 123.416667 0.000000 0.000000 0.000000 0.000000 0.000000 0.000000 0.000000 0.000000 0.000000 0.000000 0.000000 0.000000 0.000000 0.000000 0.000000 0.000000 0.000000 0.000000 0.000000 0.000000 0.000000 0.000000 0.000000 0.000000 0.000000 0.000000 0.000000 0.000000 0.000000 0.000000 0.000000 0.000000 0.000000 0.000000 0.000000 0.000000 0.000000 0.000000 0.000000 0.000000 0.000000 0.000000 0.000000 0.000000 0.000000 0.000000 0.000000 0.000000
123.408498 123.392369 123.392369 123.394851 123.394851 123.394851 123.397332 123.397332 123.398573 123.398573 123.401054 123.403535 123.403535 123.404776 123.407257 123.409739 123.409739 123.412220 123.414701 123.415942 123.416667 0.000000 0.000000 0.000000 0.000000 0.000000 0.000000 0.000000 0.000000 0.000000 0.000000 0.000000 0.000000 0.000000 0.000000 0.000000 0.000000 0.000000 0.000000 0.000000 0.000000 0.000000 0.000000 0.000000 0.000000 0.000000 0.000000 0.000000 0.000000 0.000000 0.000000 0.000000 0.000000 0.000000 0.000000 0.000000 0.000000 0.000000
123.375000 123.376241 123.376241 123.377481 123.378722 123.378722 123.379963 123.382444 123.383685 123.384925 123.386166 123.388647 123.389888 123.389888 123.392369 123.394851 123.396091 123.396091 123.398573 123.401054 123.403535 123.406017 123.407257 123.409739 123.410979 123.413461 123.415942 0.000000 0.000000 0.000000 0.000000 0.000000 0.000000 0.000000 0.000000 0.000000 0.000000 0.000000 0.000000 0.000000 0.000000 0.000000 0.000000 0.000000 0.000000 0.000000 0.000000 0.000000 0.000000 0.000000 0.000000 0.000000 0.000000 0.000000 0.000000 0.000000 0.000000 0.000000
123.356906 123.358147 123.360628 123.360628 123.363109 123.364350 123.365591 123.366831 123.369313 123.370553 123.371794 123.373035 123.376241 123.377481 123.377481 123.379963 123.382444 123.384925 123.386166 123.388647 123.391129 123.393610 123.394851 123.397332 123.398573 123.401054 123.403535 123.406017 123.408498 123.410979 123.413461 123.414701 123.416667 0.000000 0.000000 0.000000 0.000000 0.000000 0.000000 0.000000 0.000000 0.000000 0.000000 0.000000 0.000000 0.000000 0.000000 0.000000 0.000000 0.000000 0.000000 0.000000 0.000000 0.000000 0.000000 0.000000 0.000000 0.000000
123.340777 123.343259 123.344499 123.346981 123.348221 123.350703 123.351943 123.353184 123.354425 123.356906 123.358147 123.358147 123.360628 123.363109 123.365591 123.368072 123.370553 123.371794 123.374275 123.376241 123.377481 123.379963 123.382444 123.384925 123.387407 123.389888 123.392369 123.394851 123.397332 123.397332 123.399813 123.402295 123.404776 123.407257 123.409739 123.412220 123.414701 123.416667 0.000000 0.000000 0.000000 0.000000 0.000000 0.000000 0.000000 0.000000 0.000000 0.000000 0.000000 0.000000 0.000000 0.000000 0.000000 0.000000 0.000000 0.000000 0.000000 0.000000
123.327646 123.328887 123.330127 123.332609 123.332609 123.334574 123.337055 123.338296 123.339537 123.342018 123.343259 123.345740 123.348221 123.350703 123.353184 123.355665 123.356906 123.359387 123.361869 123.364350 123.366831 123.369313 123.371794 123.374275 123.375000 123.377481 123.378722 123.381203 123.383685 123.386166 123.388647 123.391129 123.393610 123.396091 123.398573 123.399813 123.402295 123.404776 123.407257 123.409739 123.412220 123.414701 123.415942 0.000000 0.000000 0.000000 0.000000 0.000000 0.000000 0.000000 0.000000 0.000000 0.000000 0.000000 0.000000 0.000000 0.000000 0.000000
123.312758 123.313999 123.316480 123.318961 123.318961 123.321443 123.323924 123.325165 123.327646 123.330127 123.331368 123.333333 123.335815 123.338296 123.340777 123.343259 123.345740 123.348221 123.350703 123.353184 123.355665 123.356906 123.358147 123.360628 123.363109 123.365591 123.368072 123.370553 123.373035 123.375000 123.377481 123.378722 123.381203 123.383685 123.386166 123.388647 123.391129 123.393610 123.396091 123.398573 123.401054 123.403535 123.406017 123.408498 123.410979 123.413461 123.415942 0.000000 0.000000 0.000000 0.000000 0.000000 0.000000 0.000000 0.000000 0.000000 0.000000 0.000000
123.299111 123.300351 123.302833 123.304073 123.306555 123.309036 123.311517 123.313999 123.316480 123.317721 123.320202 123.322683 123.325165 123.327646 123.330127 123.332609 123.334574 123.335815 123.338296 123.339537 123.342018 123.344499 123.346981 123.349462 123.351943 123.354425 123.355665 123.358147 123.360628 123.363109 123.365591 123.368072 123.370553 123.373035 123.375000 123.377481 123.379963 123.382444 123.384925 123.387407 123.389888 123.392369 123.394851 123.397332 123.399813 123.402295 123.404776 123.407257 123.409739 123.412220 123.414701 123.416667 0.000000 0.000000 0.000000 0.000000 0.000000 0.000000
123.284739 123.287220 123.289701 123.291667 123.294148 123.296629 123.299111 123.301592 123.304073 123.306555 123.309036 123.311517 123.312758 123.315239 123.316480 123.318961 123.321443 123.323924 123.326405 123.328887 123.331368 123.333333 123.335815 123.337055 123.339537 123.342018 123.344499 123.346981 123.349462 123.351943 123.354425 123.356906 123.359387 123.361869 123.364350 123.366831 123.369313 123.371794 123.374275 123.376241 123.378722 123.381203 123.383685 123.386166 123.388647 123.391129 123.393610 123.396091 123.398573 123.401054 123.403535 123.406017 123.408498 123.410979 123.413461 123.415942 0.000000 0.000000
123.273573 123.276054 123.277295 123.279776 123.282257 123.284739 123.287220 123.289701 123.291667 123.294148 123.295389 123.297870 123.300351 123.302833 123.305314 123.307795 123.310277 123.311517 123.313999 123.316480 123.318961 123.321443 123.323924 123.326405 123.328887 123.331368 123.333333 123.335815 123.338296 123.340777 123.343259 123.345740 123.348221 123.350703 123.353184 123.355665 123.358147 123.360628 123.363109 123.365591 123.368072 123.370553 123.373035 123.375000 123.377481 123.379963 123.382444 123.384925 123.387407 123.389888 123.392369 123.394851 123.397332 123.399813 123.402295 123.404776 123.407257 123.409739
123.261166 123.263647 123.266129 123.268610 123.271091 123.272332 123.274813 123.277295 123.279776 123.282257 123.284739 123.287220 123.289701 123.290942 123.292907 123.295389 123.297870 123.300351 123.302833 123.305314 123.307795 123.310277 123.312758 123.315239 123.317721 123.320202 123.322683 123.325165 123.327646 123.330127 123.332609 123.334574 123.337055 123.339537 123.342018 123.344499 123.346981 123.349462 123.351943 123.354425 123.356906 123.359387 123.361869 123.364350 123.366831 123.369313 123.371794 123.374275 123.376241 123.378722 123.381203 123.383685 123.386166 123.388647 123.391129 123.393610 123.396091 123.398573
123.249275 123.252481 123.253722 123.256203 123.258685 123.261166 123.263647 123.266129 123.268610 123.271091 123.273573 123.274813 123.277295 123.279776 123.282257 123.284739 123.287220 123.289701 123.291667 123.294148 123.296629 123.299111 123.301592 123.304073 123.306555 123.309036 123.311517 123.313999 123.316480 123.318961 123.321443 123.323924 123.326405 123.328887 123.331368 123.333333 123.335815 123.338296 123.340777 123.343259 123.345740 123.348221 123.350703 123.353184 123.355665 123.358147 123.360628 123.363109 123.365591 123.368072 123.370553 123.373035 123.375000 123.377481 123.379963 123.382444 123.384925 123.387407
123.238109 123.240591 123.243072 123.245553 123.248035 123.249275 123.251241 123.253722 123.256203 123.258685 123.261166 123.263647 123.266129 123.268610 123.271091 123.273573 123.276054 123.278535 123.281017 123.283498 123.285979 123.288461 123.290942 123.292907 123.295389 123.297870 123.300351 123.302833 123.305314 123.307795 123.310277 123.312758 123.315239 123.317721 123.320202 123.322683 123.325165 123.327646 123.330127 123.332609 123.334574 123.337055 123.339537 123.342018 123.344499 123.346981 123.349462 123.351943 123.354425 123.356906 123.359387 123.361869 123.364350 123.366831 123.369313 123.371794 123.374275 123.376241
123.225703 123.228184 123.230665 123.233147 123.235628 123.238109 123.240591 123.243072 123.245553 123.248035 123.250000 123.252481 123.254963 123.257444 123.259925 123.262407 123.264888 123.267369 123.269851 123.272332 123.274813 123.277295 123.279776 123.282257 123.284739 123.287220 123.289701 123.291667 123.294148 123.296629 123.299111 123.301592 123.304073 123.306555 123.309036 123.311517 123.313999 123.316480 123.318961 123.321443 123.323924 123.326405 123.328887 123.331368 123.333333 123.335815 123.338296 123.340777 123.343259 123.345740 123.348221 123.350703 123.353184 123.355665 123.358147 123.360628 123.363109 123.365591
123.214537 123.217018 123.219499 123.221981 123.224462 123.226943 123.229425 123.231906 123.234387 123.236869 123.239350 123.241831 123.244313 123.246794 123.249275 123.251241 123.253722 123.256203 123.258685 123.261166 123.263647 123.266129 123.268610 123.271091 123.273573 123.276054 123.278535 123.281017 123.283498 123.285979 123.288461 123.290942 123.292907 123.295389 123.297870 123.300351 123.302833 123.305314 123.307795 123.310277 123.312758 123.315239 123.317721 123.320202 123.322683 123.325165 123.327646 123.330127 123.332609 123.334574 123.337055 123.339537 123.342018 123.344499 123.346981 123.349462 123.351943 123.354425
123.203887 123.206368 123.208333 123.210815 123.213296 123.215777 123.218259 123.220740 123.223221 123.225703 123.228184 123.230665 123.233147 123.235628 123.238109 123.240591 123.243072 123.245553 123.248035 123.250000 123.252481 123.254963 123.257444 123.259925 123.262407 123.264888 123.267369 123.269851 123.272332 123.274813 123.277295 123.279776 123.282257 123.284739 123.287220 123.289701 123.292907 123.295389 123.297870 123.300351 123.302833 123.305314 123.307795 123.310277 123.312758 123.315239 123.317721 123.320202 123.322683 123.325165 123.327646 123.330127 123.332609 123.334574 123.337055 123.339537 123.342018 123.344499
123.192721 123.195202 123.197683 123.200165 123.202646 123.205127 123.207609 123.209574 123.212055 123.214537 123.217018 123.219499 123.221981 123.224462 123.226943 123.229425 123.231906 123.234387 123.236869 123.239350 123.241831 123.244313 123.246794 123.249275 123.252481 123.254963 123.257444 123.259925 123.262407 123.264888 123.267369 123.269851 123.272332 123.274813 123.277295 123.279776 123.282257 123.284739 123.287220 123.289701 123.291667 123.294148 123.296629 123.299111 123.301592 123.304073 123.306555 123.309036 123.311517 123.313999 123.316480 123.318961 123.321443 123.323924 123.326405 123.328887 123.331368 123.334574
123.181555 123.184036 123.186517 123.188999 123.191480 123.193961 123.196443 123.198924 123.201405 123.203887 123.206368 123.209574 123.212055 123.214537 123.217018 123.219499 123.221981 123.224462 123.226943 123.229425 123.231906 123.234387 123.236869 123.239350 123.241831 123.244313 123.246794 123.249275 123.251241 123.253722 123.256203 123.258685 123.261166 123.263647 123.266129 123.268610 123.271091 123.273573 123.276054 123.278535 123.281017 123.283498 123.285979 123.288461 123.290942 123.292907 123.295389 123.297870 123.300351 123.302833 123.305314 123.307795 123.310277 123.312758 123.315239 123.317721 123.320202 123.322683
123.171629 123.174111 123.176592 123.179073 123.181555 123.184036 123.186517 123.188999 123.191480 123.193961 123.196443 123.198924 123.201405 123.203887 123.206368 123.208333 123.210815 123.213296 123.215777 123.218259 123.220740 123.223221 123.225703 123.228184 123.230665 123.233147 123.235628 123.238109 123.240591 123.243072 123.245553 123.248035 123.251241 123.253722 123.256203 123.258685 123.261166 123.263647 123.266129 123.268610 123.271091 123.273573 123.276054 123.278535 123.281017 123.283498 123.285979 123.288461 123.290942 123.292907 123.295389 123.297870 123.300351 123.302833 123.305314 123.307795 123.310277 123.312758
123.160979 123.163461 123.165942 123.167907 123.170389 123.172870 123.175351 123.177833 123.180314 123.182795 123.185277 123.187758 123.190239 123.192721 123.195202 123.197683 123.200165 123.202646 123.205127 123.207609 123.210815 123.213296 123.215777 123.218259 123.220740 123.223221 123.225703 123.228184 123.230665 123.233147 123.235628 123.238109 123.240591 123.243072 123.245553 123.248035 123.250000 123.252481 123.254963 123.257444 123.259925 123.262407 123.264888 123.267369 123.269851 123.272332 123.274813 123.277295 123.279776 123.282257 123.284739 123.287220 123.289701 123.292907 123.295389 123.297870 123.300351 123.302833
123.151054 123.153535 123.156017 123.158498 123.160979 123.163461 123.165942 123.167907 123.170389 123.172870 123.175351 123.177833 123.180314 123.182795 123.185277 123.187758 123.190239 123.192721 123.195202 123.197683 123.200165 123.202646 123.205127 123.207609 123.210815 123.213296 123.215777 123.218259 123.220740 123.223221 123.225703 123.228184 123.230665 123.233147 123.235628 123.238109 123.240591 123.243072 123.245553 123.248035 123.250000 123.252481 123.254963 123.257444 123.259925 123.262407 123.264888 123.267369 123.269851 123.272332 123.274813 123.277295 123.279776 123.282257 123.284739 123.287220 123.289701 123.291667
123.139888 123.142369 123.144851 123.147332 123.149813 123.152295 123.154776 123.157257 123.159739 123.162220 123.164701 123.167907 123.170389 123.172870 123.175351 123.177833 123.180314 123.182795 123.185277 123.187758 123.190239 123.192721 123.195202 123.197683 123.200165 123.202646 123.205127 123.207609 123.209574 123.212055 123.214537 123.217018 123.219499 123.221981 123.224462 123.226943 123.229425 123.231906 123.234387 123.236869 123.239350 123.241831 123.244313 123.246794 123.249275 123.251241 123.253722 123.256203 123.258685 123.261166 123.263647 123.266129 123.268610 123.271091 123.273573 123.276054 123.278535 123.281017
123.136166 123.138647 123.141129 123.143610 123.146091 123.148573 123.151054 123.153535 123.156017 123.158498 123.160979 123.163461 123.165942 123.167907 123.170389 123.172870 123.175351 123.177833 123.180314 123.182795 123.185277 123.187758 123.190239 123.192721 123.195202 123.197683 123.200165 123.202646 123.205127 123.207609 123.209574 123.212055 123.214537 123.217018 123.219499 123.221981 123.224462 123.226943 123.229425 123.231906 123.234387 123.236869 123.239350 123.241831 123.244313 123.246794 123.249275 123.252481 123.254963 123.257444 123.259925 123.262407 123.264888 123.267369 123.269851 123.272332 123.274813 123.277295
123.141129 123.143610 123.146091 123.148573 123.151054 123.153535 123.156017 123.158498 123.160979 123.163461 123.165942 123.167907 123.170389 123.172870 123.175351 123.177833 123.180314 123.182795 123.185277 123.187758 123.190239 123.192721 123.195202 123.197683 123.200165 123.202646 123.205127 123.207609 123.210815 123.213296 123.215777 123.218259 123.220740 123.223221 123.225703 123.228184 123.230665 123.233147 123.235628 123.238109 123.240591 123.243072 123.245553 123.248035 123.250000 123.252481 123.254963 123.257444 123.259925 123.262407 123.264888 123.267369 123.269851 123.272332 123.274813 123.277295 123.279776 123.282257
123.152295 123.154776 123.157257 123.159739 123.162220 123.164701 123.166667 123.169148 123.171629 123.174111 123.176592 123.179073 123.181555 123.184036 123.186517 123.188999 123.191480 123.193961 123.196443 123.198924 123.201405 123.203887 123.206368 123.209574 123.212055 123.214537 123.217018 123.219499 123.221981 123.224462 123.226943 123.229425 123.231906 123.234387 123.236869 123.239350 123.241831 123.244313 123.246794 123.249275 123.251241 123.253722 123.256203 123.258685 123.261166 123.263647 123.266129 123.268610 123.271091 123.273573 123.276054 123.278535 123.281017 123.283498 123.285979 123.288461 123.290942 123.292907
