FireSTARR/test/constant/O1a_S060_A090_WD225_WS000/arrival.asc
ncols         67
nrows         747
xllcorner     423303.990666
yllcorner     12674155.311160
cellsize      100.000000
NODATA_value  0.000000
[rows 208 to 233 of 747, columns 0 to 58 of 67]
0.000000 0.000000 123.409330 123.399561 123.390072 123.380582 123.370734 123.361244 123.351754 123.341986 123.332416 123.322927 123.313158 123.303668 123.294179 123.284609 123.274840 123.265351 123.255861 123.246013 123.236523 123.227033 123.217265 123.207695 123.198206 123.188437 123.178947 123.169458 123.159888 123.150120 123.140630 123.130861 123.121571 123.115989 123.120455 123.130024 123.139514 123.149003 123.158772 123.168341 123.177831 123.187600 123.197089 123.206579 123.216148 123.225917 123.235407 123.245175 123.254745 123.264234 123.273724 123.283493 123.293062 123.302552 123.312321 123.321810 123.331579 123.340869 123.350638
0.000000 0.000000 123.409888 123.400120 123.390630 123.381140 123.371292 123.361802 123.352313 123.342544 123.332974 123.323485 123.313716 123.304226 123.294737 123.285167 123.275399 123.265909 123.256419 123.246571 123.237081 123.227592 123.217823 123.208254 123.198764 123.188995 123.179506 123.170016 123.160447 123.150678 123.141188 123.131419 123.122129 123.116547 123.121013 123.130582 123.140072 123.149561 123.159330 123.168900 123.178389 123.188158 123.197647 123.207137 123.216707 123.226475 123.235965 123.245734 123.255303 123.264793 123.274282 123.284051 123.293620 123.303110 123.312879 123.322368 123.332137 123.341427 123.351196
0.000000 0.000000 123.410447 123.400678 123.391188 123.381699 123.371850 123.362360 123.352871 123.343102 123.333612 123.324043 123.314274 123.304785 123.295295 123.285726 123.275957 123.266467 123.256978 123.247129 123.237640 123.228150 123.218381 123.208892 123.199322 123.189553 123.180064 123.170574 123.161005 123.151236 123.141746 123.131978 123.122687 123.117105 123.121571 123.131140 123.140630 123.150120 123.159888 123.169458 123.178947 123.188716 123.198206 123.207695 123.217265 123.227033 123.236523 123.246292 123.255861 123.265351 123.274840 123.284609 123.294179 123.303668 123.313437 123.322927 123.332695 123.341986 123.351754
0.000000 0.000000 123.411005 123.401236 123.391746 123.382257 123.372408 123.362919 123.353429 123.343660 123.334171 123.324601 123.314833 123.305343 123.295853 123.286284 123.276515 123.267025 123.257536 123.247687 123.238198 123.228708 123.218939 123.209450 123.199880 123.190112 123.180622 123.171132 123.161563 123.151794 123.142305 123.132536 123.123246 123.117663 123.122129 123.131699 123.141188 123.150678 123.160447 123.170016 123.179506 123.189274 123.198764 123.208254 123.217823 123.227592 123.237081 123.246850 123.256419 123.265909 123.275399 123.285167 123.294737 123.304226 123.313995 123.323485 123.333254 123.342544 123.352313
0.000000 0.000000 123.411563 123.401794 123.392305 123.382815 123.372966 123.363477 123.353987 123.344218 123.334729 123.325159 123.315391 123.305901 123.296411 123.286842 123.277073 123.267584 123.258094 123.248246 123.238756 123.229266 123.219498 123.210008 123.200439 123.190670 123.181180 123.171691 123.162121 123.152352 123.142863 123.133094 123.123804 123.118222 123.122687 123.132257 123.141746 123.151236 123.161005 123.170574 123.180064 123.189833 123.199322 123.208892 123.218381 123.228150 123.237640 123.247408 123.256978 123.266467 123.275957 123.285726 123.295295 123.304785 123.314553 123.324043 123.333612 123.343102 123.352871
0.000000 0.000000 123.412121 123.402352 123.392863 123.383373 123.373525 123.364035 123.354545 123.344777 123.335287 123.325718 123.315949 123.306459 123.296970 123.287400 123.277632 123.268142 123.258652 123.248804 123.239314 123.229825 123.220056 123.210566 123.200997 123.191228 123.181738 123.172249 123.162679 123.152911 123.143421 123.133652 123.124362 123.118780 123.123246 123.132815 123.142305 123.151794 123.161563 123.171132 123.180622 123.190391 123.199880 123.209450 123.218939 123.228708 123.238198 123.247966 123.257536 123.267025 123.276515 123.286284 123.295853 123.305343 123.315112 123.324601 123.334171 123.343660 123.353429
0.000000 0.000000 123.412679 123.402911 123.393421 123.383931 123.374083 123.364593 123.355104 123.345335 123.335845 123.326276 123.316507 123.307018 123.297528 123.287958 123.278190 123.268700 123.259211 123.249362 123.239872 123.230383 123.220614 123.211124 123.201555 123.191786 123.182297 123.172807 123.163238 123.153469 123.143979 123.134211 123.124920 123.119338 123.123804 123.133373 123.142863 123.152352 123.162121 123.171691 123.181180 123.190949 123.200439 123.210008 123.219498 123.229266 123.238756 123.248525 123.258094 123.267584 123.277073 123.286842 123.296411 123.305901 123.315670 123.325159 123.334729 123.344218 123.353987
0.000000 0.000000 123.413238 123.403469 123.393979 123.384490 123.374641 123.365151 123.355662 123.345893 123.336404 123.326834 123.317065 123.307576 123.298086 123.288517 123.278748 123.269258 123.259769 123.249920 123.240431 123.230941 123.221172 123.211683 123.202113 123.192344 123.182855 123.173365 123.163796 123.154027 123.144537 123.134769 123.125279 123.119896 123.124362 123.133931 123.143421 123.152911 123.162679 123.172249 123.181738 123.191507 123.200997 123.210566 123.220056 123.229825 123.239314 123.249083 123.258652 123.268142 123.277632 123.287400 123.296970 123.306459 123.316228 123.325718 123.335287 123.344777 123.354545
0.000000 0.000000 123.413796 123.404027 123.394537 123.385048 123.375279 123.365710 123.356220 123.346451 123.336962 123.327392 123.317624 123.308134 123.298644 123.289075 123.279306 123.269817 123.260327 123.250558 123.240989 123.231499 123.221730 123.212241 123.202671 123.192903 123.183413 123.173923 123.164354 123.154585 123.145096 123.135327 123.125837 123.120455 123.124920 123.134490 123.143979 123.153469 123.163238 123.172807 123.182297 123.192065 123.201555 123.211124 123.220614 123.230383 123.239872 123.249641 123.259211 123.268700 123.278190 123.287958 123.297528 123.307018 123.316786 123.326276 123.335845 123.345335 123.355104
0.000000 0.000000 123.414354 123.404585 123.395096 123.385606 123.375837 123.366268 123.356778 123.347010 123.337520 123.327951 123.318182 123.308692 123.299203 123.289633 123.279864 123.270375 123.260885 123.251116 123.241547 123.232057 123.222289 123.212799 123.203230 123.193461 123.183971 123.174482 123.164912 123.155144 123.145654 123.135885 123.126396 123.121013 123.125279 123.135048 123.144537 123.154027 123.163796 123.173365 123.182855 123.192624 123.202113 123.211683 123.221172 123.230941 123.240431 123.250000 123.259769 123.269258 123.278748 123.288517 123.298086 123.307576 123.317344 123.326834 123.336404 123.345893 123.355662
0.000000 0.000000 123.414912 123.405144 123.395654 123.386164 123.376396 123.366826 123.357336 123.347568 123.338078 123.328509 123.318740 123.309250 123.299761 123.290191 123.280423 123.270933 123.261443 123.251675 123.242105 123.232616 123.222847 123.213357 123.203788 123.194019 123.184529 123.175040 123.165470 123.155702 123.146212 123.136443 123.126954 123.121571 123.125837 123.135606 123.145096 123.154585 123.164354 123.173923 123.183413 123.193182 123.202671 123.212241 123.221730 123.231499 123.240989 123.250558 123.260327 123.269817 123.279306 123.289075 123.298644 123.308134 123.317903 123.327392 123.336962 123.346451 123.356220
0.000000 0.000000 123.415470 123.405702 123.396212 123.386722 123.376954 123.367384 123.357895 123.348126 123.338636 123.329067 123.319298 123.309809 123.300319 123.290750 123.280981 123.271491 123.262002 123.252233 123.242663 123.233174 123.223405 123.213915 123.204346 123.194577 123.185088 123.175598 123.166029 123.156260 123.146770 123.137002 123.127512 123.122129 123.126396 123.136164 123.145654 123.155144 123.164912 123.174482 123.183971 123.193740 123.203230 123.212799 123.222289 123.232057 123.241547 123.251116 123.260885 123.270375 123.279864 123.289633 123.299203 123.308692 123.318461 123.327951 123.337520 123.347010 123.356778
0.000000 0.000000 123.416029 123.406260 123.396770 123.387281 123.377512 123.367943 123.358453 123.348684 123.339195 123.329625 123.319856 123.310367 123.300877 123.291308 123.281539 123.272049 123.262560 123.252791 123.243222 123.233732 123.223963 123.214474 123.204904 123.195136 123.185646 123.176156 123.166587 123.156818 123.147329 123.137560 123.128070 123.122687 123.126954 123.136722 123.146212 123.155702 123.165470 123.175040 123.184529 123.194298 123.203788 123.213357 123.222847 123.232616 123.242105 123.251675 123.261443 123.270933 123.280423 123.290191 123.299761 123.309250 123.319019 123.328509 123.338078 123.347568 123.357336
0.000000 0.000000 123.416587 123.406818 123.397329 123.387839 123.378070 123.368501 123.359011 123.349242 123.339753 123.330183 123.320415 123.310925 123.301435 123.291667 123.282097 123.272608 123.263118 123.253349 123.243780 123.234290 123.224522 123.215032 123.205462 123.195694 123.186204 123.176715 123.166946 123.157376 123.147887 123.138118 123.128628 123.123246 123.127512 123.137281 123.146770 123.156260 123.166029 123.175598 123.185088 123.194856 123.204346 123.213915 123.223405 123.233174 123.242663 123.252233 123.262002 123.271491 123.280981 123.290750 123.300319 123.309809 123.319577 123.329067 123.338636 123.348126 123.357895
0.000000 0.000000 0.000000 123.407376 123.397887 123.388397 123.378628 123.369059 123.359569 123.349801 123.340311 123.330742 123.320973 123.311483 123.301994 123.292225 123.282655 123.273166 123.263676 123.253907 123.244338 123.234848 123.225080 123.215590 123.206021 123.196252 123.186762 123.177273 123.167504 123.157935 123.148445 123.138676 123.129187 123.123804 123.128070 123.137839 123.147329 123.156818 123.166587 123.176156 123.185646 123.195415 123.204904 123.214474 123.223963 123.233732 123.243222 123.252791 123.262560 123.272049 123.281539 123.291308 123.300877 123.310367 123.320136 123.329625 123.339195 123.348684 123.358453
0.000000 0.000000 0.000000 123.407935 123.398445 123.388955 123.379187 123.369617 123.360128 123.350359 123.340869 123.331300 123.321531 123.312041 123.302552 123.292783 123.283214 123.273724 123.264234 123.254466 123.244896 123.235407 123.225638 123.216148 123.206579 123.196810 123.187321 123.177831 123.168062 123.158493 123.149003 123.139234 123.129745 123.124362 123.128628 123.138397 123.147887 123.157376 123.166946 123.176715 123.186204 123.195973 123.205462 123.215032 123.224522 123.234290 123.243780 123.253349 123.263118 123.272608 123.282097 123.291667 123.301435 123.310925 123.320694 123.330183 123.339753 123.349242 123.359011
0.000000 0.000000 0.000000 123.408493 123.399003 123.389514 123.379745 123.370175 123.360686 123.350917 123.341427 123.331858 123.322089 123.312600 123.303110 123.293341 123.283772 123.274282 123.264793 123.255024 123.245455 123.235965 123.226196 123.216707 123.207137 123.197368 123.187879 123.178389 123.168620 123.159051 123.149561 123.139793 123.130303 123.124920 123.129187 123.138955 123.148445 123.157935 123.167504 123.177273 123.186762 123.196531 123.206021 123.215590 123.225080 123.234848 123.244338 123.253907 123.263676 123.273166 123.282655 123.292225 123.301994 123.311483 123.321252 123.330742 123.340311 123.349801 123.359569
0.000000 0.000000 0.000000 123.409051 123.399561 123.390072 123.380303 123.370734 123.361244 123.351475 123.341986 123.332416 123.322647 123.313158 123.303668 123.293900 123.284330 123.274840 123.265351 123.255582 123.246013 123.236523 123.226754 123.217265 123.207695 123.197927 123.188437 123.178947 123.169179 123.159609 123.150120 123.140351 123.130861 123.125558 123.129745 123.139514 123.149003 123.158493 123.168062 123.177831 123.187321 123.197089 123.206579 123.216148 123.225638 123.235407 123.244896 123.254466 123.264234 123.273724 123.283214 123.292783 123.302552 123.312041 123.321810 123.331300 123.340869 123.350359 123.360128
0.000000 0.000000 0.000000 123.409609 123.400120 123.390630 123.380861 123.371292 123.361802 123.352033 123.342544 123.332974 123.323206 123.313716 123.304226 123.294458 123.284888 123.275399 123.265909 123.256140 123.246571 123.237081 123.227313 123.217823 123.208254 123.198485 123.188995 123.179506 123.169737 123.160167 123.150678 123.140909 123.131419 123.126116 123.130303 123.140072 123.149561 123.159051 123.168620 123.178389 123.187879 123.197647 123.207137 123.216707 123.226196 123.235965 123.245455 123.255024 123.264793 123.274282 123.283772 123.293341 123.303110 123.312600 123.322368 123.331858 123.341427 123.350917 123.360686
0.000000 0.000000 0.000000 123.410167 123.400678 123.391188 123.381419 123.371850 123.362360 123.352592 123.343102 123.333612 123.323764 123.314274 123.304785 123.295016 123.285447 123.275957 123.266467 123.256699 123.247129 123.237640 123.227871 123.218381 123.208612 123.199043 123.189553 123.180064 123.170295 123.160726 123.151236 123.141467 123.131978 123.126675 123.130861 123.140630 123.150120 123.159609 123.169179 123.178947 123.188437 123.198206 123.207695 123.217265 123.226754 123.236523 123.246013 123.255582 123.265351 123.274840 123.284330 123.293900 123.303668 123.313158 123.322927 123.332416 123.341986 123.351475 123.361244
0.000000 0.000000 0.000000 123.410726 123.401236 123.391746 123.381978 123.372408 123.362919 123.353150 123.343660 123.334171 123.324322 123.314833 123.305343 123.295574 123.286005 123.276515 123.267025 123.257257 123.247687 123.238198 123.228429 123.218939 123.209171 123.199601 123.190112 123.180622 123.170853 123.161284 123.151794 123.142025 123.132536 123.127233 123.131419 123.141188 123.150678 123.160167 123.169737 123.179506 123.188995 123.198764 123.208254 123.217823 123.227313 123.237081 123.246571 123.256140 123.265909 123.275399 123.284888 123.294458 123.304226 123.313716 123.323485 123.332974 123.342544 123.352033 123.361802
0.000000 0.000000 0.000000 123.411284 123.401794 123.392305 123.382536 123.372966 123.363477 123.353708 123.344218 123.334729 123.324880 123.315391 123.305901 123.296132 123.286563 123.277073 123.267584 123.257815 123.248246 123.238756 123.228987 123.219498 123.209729 123.200159 123.190670 123.181180 123.171411 123.161842 123.152352 123.142584 123.133094 123.127791 123.131978 123.141746 123.151236 123.160726 123.170295 123.180064 123.189553 123.199322 123.208892 123.218381 123.227871 123.237640 123.247129 123.256699 123.266467 123.275957 123.285447 123.295016 123.304785 123.314274 123.324043 123.333612 123.343102 123.352592 123.362360
0.000000 0.000000 0.000000 123.411842 123.402352 123.392863 123.383094 123.373525 123.364035 123.354266 123.344777 123.335287 123.325439 123.315949 123.306459 123.296691 123.287121 123.277632 123.268142 123.258373 123.248804 123.239314 123.229545 123.220056 123.210287 123.200718 123.191228 123.181738 123.171970 123.162400 123.152911 123.143142 123.133652 123.128349 123.132536 123.142305 123.151794 123.161284 123.170853 123.180622 123.190112 123.199880 123.209450 123.218939 123.228429 123.238198 123.247687 123.257257 123.267025 123.276515 123.286005 123.295574 123.305343 123.314833 123.324601 123.334171 123.343660 123.353150 123.362919
0.000000 0.000000 0.000000 123.412400 123.402911 123.393421 123.383652 123.374083 123.364593 123.354825 123.345335 123.335845 123.325997 123.316507 123.307018 123.297249 123.287679 123.278190 123.268700 123.258931 123.249362 123.239872 123.230104 123.220614 123.210845 123.201276 123.191786 123.182297 123.172528 123.162958 123.153469 123.143700 123.134211 123.128907 123.133094 123.142863 123.152352 123.161842 123.171411 123.181180 123.190670 123.200439 123.210008 123.219498 123.228987 123.238756 123.248246 123.257815 123.267584 123.277073 123.286563 123.296132 123.305901 123.315391 123.325159 123.334729 123.344218 123.353708 123.363477
0.000000 0.000000 0.000000 123.412958 123.403469 123.393979 123.384211 123.374641 123.365151 123.355383 123.345893 123.336404 123.326555 123.317065 123.307576 123.297807 123.288238 123.278748 123.269258 123.259490 123.249920 123.240431 123.230662 123.221172 123.211404 123.201834 123.192344 123.182855 123.173086 123.163517 123.154027 123.144258 123.134769 123.129466 123.133652 123.143421 123.152911 123.162400 123.171970 123.181738 123.191228 123.200997 123.210566 123.220056 123.229545 123.239314 123.248804 123.258373 123.268142 123.277632 123.287121 123.296691 123.306459 123.315949 123.325718 123.335287 123.344777 123.354266 123.364035
0.000000 0.000000 0.000000 123.413517 123.404027 123.394537 123.384769 123.375279 123.365710 123.355941 123.346451 123.336962 123.327113 123.317624 123.308134 123.298365 123.288796 123.279306 123.269817 123.260048 123.250558 123.240989 123.231220 123.221730 123.211962 123.202392 123.192903 123.183413 123.173644 123.164075 123.154585 123.144817 123.135327 123.130024 123.134211 123.143979 123.153469 123.162958 123.172528 123.182297 123.191786 123.201555 123.211124 123.220614 123.230104 123.239872 123.249362 123.258931 123.268700 123.278190 123.287679 123.297249 123.307018 123.316507 123.326276 123.335845 123.345335 123.354825 123.364593
