FireSTARR/test/constant/O1a_S060_A090_WD225_WS000/arrival.asc
ncols         67
nrows         747
xllcorner     423303.990666
yllcorner     12674155.311160
cellsize      100.000000
NODATA_value  0.000000
[rows 52 to 77 of 747, columns 0 to 58 of 67]
0.000000 0.000000 0.000000 0.000000 0.000000 0.000000 0.000000 0.000000 0.000000 0.000000 0.000000 0.000000 0.000000 0.000000 0.000000 0.000000 0.000000 0.000000 0.000000 0.000000 123.397608 123.291308 123.206021 123.142584 123.110965 123.101475 123.091986 123.082416 123.072927 123.063158 123.053389 123.043900 123.034330 123.029027 123.033214 123.042783 123.052552 123.062041 123.071531 123.081300 123.090869 123.100359 123.110128 123.132815 123.201276 123.286842 123.390909 0.000000 0.000000 0.000000 0.000000 0.000000 0.000000 0.000000 0.000000 0.000000 0.000000 0.000000 0.000000
0.000000 0.000000 0.000000 0.000000 0.000000 0.000000 0.000000 0.000000 0.000000 0.000000 0.000000 0.000000 0.000000 0.000000 0.000000 0.000000 0.000000 0.000000 0.000000 0.000000 123.379466 123.279306 123.198206 123.130024 123.111523 123.102033 123.092544 123.082974 123.073485 123.063716 123.053947 123.044458 123.034888 123.029585 123.033772 123.043341 123.053110 123.062600 123.072089 123.081858 123.091427 123.100917 123.110686 123.120734 123.194298 123.268700 123.370175 0.000000 0.000000 0.000000 0.000000 0.000000 0.000000 0.000000 0.000000 0.000000 0.000000 0.000000 0.000000
0.000000 0.000000 0.000000 0.000000 0.000000 0.000000 0.000000 0.000000 0.000000 0.000000 0.000000 0.000000 0.000000 0.000000 0.000000 0.000000 0.000000 0.000000 0.000000 0.000000 123.361523 123.265630 123.178947 123.122129 123.112081 123.102592 123.093102 123.083333 123.074043 123.064274 123.054506 123.045016 123.035447 123.030144 123.034330 123.043900 123.053668 123.063158 123.072647 123.082416 123.091986 123.101475 123.111244 123.120734 123.182855 123.254745 123.348684 0.000000 0.000000 0.000000 0.000000 0.000000 0.000000 0.000000 0.000000 0.000000 0.000000 0.000000 0.000000
0.000000 0.000000 0.000000 0.000000 0.000000 0.000000 0.000000 0.000000 0.000000 0.000000 0.000000 0.000000 0.000000 0.000000 0.000000 0.000000 0.000000 0.000000 0.000000 0.000000 123.343660 123.253070 123.173923 123.122408 123.112640 123.103150 123.093660 123.083892 123.074601 123.064833 123.055064 123.045574 123.036005 123.030702 123.034888 123.044458 123.054226 123.063716 123.073206 123.082974 123.092544 123.102033 123.111802 123.121292 123.173365 123.240989 123.331579 0.000000 0.000000 0.000000 0.000000 0.000000 0.000000 0.000000 0.000000 0.000000 0.000000 0.000000 0.000000
0.000000 0.000000 0.000000 0.000000 0.000000 0.000000 0.000000 0.000000 0.000000 0.000000 0.000000 0.000000 0.000000 0.000000 0.000000 0.000000 0.000000 0.000000 0.000000 0.000000 123.325159 123.237919 123.168620 123.122966 123.113198 123.103708 123.094218 123.084450 123.075159 123.065391 123.055622 123.046132 123.036563 123.031260 123.035447 123.045016 123.054785 123.064274 123.073764 123.083333 123.093102 123.102592 123.112360 123.121850 123.162400 123.230941 123.319298 0.000000 0.000000 0.000000 0.000000 0.000000 0.000000 0.000000 0.000000 0.000000 0.000000 0.000000 0.000000
0.000000 0.000000 0.000000 0.000000 0.000000 0.000000 0.000000 0.000000 0.000000 0.000000 0.000000 0.000000 0.000000 0.000000 0.000000 0.000000 0.000000 0.000000 0.000000 123.414354 123.312321 123.224801 123.161563 123.123525 123.113756 123.104266 123.094777 123.085008 123.075718 123.065949 123.056180 123.046691 123.037121 123.031818 123.036005 123.045574 123.055343 123.064833 123.074322 123.083892 123.093660 123.103150 123.112919 123.122408 123.151794 123.220056 123.303389 123.404027 0.000000 0.000000 0.000000 0.000000 0.000000 0.000000 0.000000 0.000000 0.000000 0.000000 0.000000
0.000000 0.000000 0.000000 0.000000 0.000000 0.000000 0.000000 0.000000 0.000000 0.000000 0.000000 0.000000 0.000000 0.000000 0.000000 0.000000 0.000000 0.000000 0.000000 123.395375 123.300319 123.216707 123.149561 123.124083 123.114314 123.104825 123.095335 123.085566 123.076276 123.066507 123.056738 123.047249 123.037679 123.032376 123.036563 123.046132 123.055901 123.065391 123.074880 123.084450 123.094218 123.103708 123.113477 123.122966 123.144258 123.215032 123.289354 123.381699 0.000000 0.000000 0.000000 0.000000 0.000000 0.000000 0.000000 0.000000 0.000000 0.000000 0.000000
0.000000 0.000000 0.000000 0.000000 0.000000 0.000000 0.000000 0.000000 0.000000 0.000000 0.000000 0.000000 0.000000 0.000000 0.000000 0.000000 0.000000 0.000000 0.000000 123.380303 123.285167 123.198206 123.140351 123.124641 123.114872 123.105383 123.095893 123.086124 123.076834 123.067065 123.057297 123.047807 123.038238 123.032935 123.037121 123.046691 123.056459 123.065949 123.075439 123.085008 123.094777 123.104266 123.114035 123.123525 123.133373 123.202951 123.276515 123.363756 0.000000 0.000000 0.000000 0.000000 0.000000 0.000000 0.000000 0.000000 0.000000 0.000000 0.000000
0.000000 0.000000 0.000000 0.000000 0.000000 0.000000 0.000000 0.000000 0.000000 0.000000 0.000000 0.000000 0.000000 0.000000 0.000000 0.000000 0.000000 0.000000 0.000000 123.361244 123.273724 123.193740 123.134769 123.125279 123.115431 123.105941 123.096451 123.086683 123.077392 123.067624 123.057855 123.048365 123.038796 123.033493 123.037679 123.047249 123.057018 123.066507 123.075997 123.085566 123.095335 123.104825 123.114593 123.124083 123.133652 123.193740 123.259211 123.351196 0.000000 0.000000 0.000000 0.000000 0.000000 0.000000 0.000000 0.000000 0.000000 0.000000 0.000000
0.000000 0.000000 0.000000 0.000000 0.000000 0.000000 0.000000 0.000000 0.000000 0.000000 0.000000 0.000000 0.000000 0.000000 0.000000 0.000000 0.000000 0.000000 0.000000 123.344498 123.255024 123.188437 123.135327 123.125837 123.115989 123.106499 123.097010 123.087241 123.077951 123.068182 123.058413 123.048923 123.039354 123.034051 123.038238 123.047807 123.057576 123.067065 123.076555 123.086124 123.095893 123.105383 123.115151 123.124641 123.134211 123.178389 123.251396 123.337520 0.000000 0.000000 0.000000 0.000000 0.000000 0.000000 0.000000 0.000000 0.000000 0.000000 0.000000
0.000000 0.000000 0.000000 0.000000 0.000000 0.000000 0.000000 0.000000 0.000000 0.000000 0.000000 0.000000 0.000000 0.000000 0.000000 0.000000 0.000000 0.000000 0.000000 123.331021 123.243501 123.180901 123.135885 123.126396 123.116547 123.107057 123.097568 123.087799 123.078509 123.068740 123.058971 123.049482 123.039912 123.034609 123.038796 123.048365 123.058134 123.067624 123.077113 123.086683 123.096451 123.105941 123.115710 123.125000 123.134769 123.171132 123.241826 123.323485 0.000000 0.000000 0.000000 0.000000 0.000000 0.000000 0.000000 0.000000 0.000000 0.000000 0.000000
0.000000 0.000000 0.000000 0.000000 0.000000 0.000000 0.000000 0.000000 0.000000 0.000000 0.000000 0.000000 0.000000 0.000000 0.000000 0.000000 0.000000 0.000000 123.415470 123.320415 123.233453 123.168341 123.136443 123.126954 123.117105 123.107616 123.098126 123.088357 123.079067 123.069298 123.059529 123.050040 123.040470 123.035167 123.039354 123.048923 123.058692 123.068182 123.077671 123.087241 123.097010 123.106499 123.116268 123.125558 123.135327 123.161563 123.233732 123.307018 123.398445 0.000000 0.000000 0.000000 0.000000 0.000000 0.000000 0.000000 0.000000 0.000000 0.000000
0.000000 0.000000 0.000000 0.000000 0.000000 0.000000 0.000000 0.000000 0.000000 0.000000 0.000000 0.000000 0.000000 0.000000 0.000000 0.000000 0.000000 0.000000 123.394817 123.303110 123.218660 123.158214 123.137002 123.127512 123.117663 123.108174 123.098684 123.088915 123.079625 123.069856 123.060088 123.050598 123.041029 123.035726 123.039912 123.049482 123.059250 123.068740 123.078230 123.087799 123.097568 123.107057 123.116826 123.126116 123.135885 123.149282 123.223405 123.288796 123.383094 0.000000 0.000000 0.000000 0.000000 0.000000 0.000000 0.000000 0.000000 0.000000 0.000000
0.000000 0.000000 0.000000 0.000000 0.000000 0.000000 0.000000 0.000000 0.000000 0.000000 0.000000 0.000000 0.000000 0.000000 0.000000 0.000000 0.000000 0.000000 123.380303 123.288796 123.212799 123.147608 123.137560 123.128070 123.118222 123.108732 123.099242 123.089474 123.080183 123.070415 123.060646 123.051156 123.041587 123.036284 123.040470 123.050040 123.059809 123.069298 123.078788 123.088357 123.098126 123.107616 123.117384 123.126675 123.136443 123.146212 123.211404 123.279027 123.371850 0.000000 0.000000 0.000000 0.000000 0.000000 0.000000 0.000000 0.000000 0.000000 0.000000
0.000000 0.000000 0.000000 0.000000 0.000000 0.000000 0.000000 0.000000 0.000000 0.000000 0.000000 0.000000 0.000000 0.000000 0.000000 0.000000 0.000000 0.000000 123.364872 123.275957 123.203788 123.147608 123.138118 123.128628 123.118780 123.109290 123.099801 123.090032 123.080742 123.070973 123.061204 123.051715 123.042225 123.036842 123.041029 123.050598 123.060367 123.069856 123.079346 123.088915 123.098684 123.108174 123.117943 123.127233 123.137002 123.146770 123.199322 123.270096 123.352871 0.000000 0.000000 0.000000 0.000000 0.000000 0.000000 0.000000 0.000000 0.000000 0.000000
0.000000 0.000000 0.000000 0.000000 0.000000 0.000000 0.000000 0.000000 0.000000 0.000000 0.000000 0.000000 0.000000 0.000000 0.000000 0.000000 0.000000 0.000000 123.352033 123.262281 123.200439 123.148166 123.138676 123.129187 123.119338 123.109848 123.100359 123.090590 123.081300 123.071531 123.061762 123.052273 123.042783 123.037400 123.041587 123.051156 123.060925 123.070415 123.079904 123.089474 123.099242 123.108732 123.118501 123.127791 123.137560 123.147329 123.188716 123.259490 123.344777 0.000000 0.000000 0.000000 0.000000 0.000000 0.000000 0.000000 0.000000 0.000000 0.000000
0.000000 0.000000 0.000000 0.000000 0.000000 0.000000 0.000000 0.000000 0.000000 0.000000 0.000000 0.000000 0.000000 0.000000 0.000000 0.000000 0.000000 0.000000 123.334450 123.245455 123.188437 123.148724 123.139234 123.129745 123.119896 123.110407 123.100917 123.091148 123.081858 123.072089 123.062321 123.052831 123.043341 123.037958 123.042225 123.051715 123.061483 123.070973 123.080462 123.090032 123.099801 123.109290 123.119059 123.128349 123.138118 123.147887 123.182855 123.254187 123.324880 0.000000 0.000000 0.000000 0.000000 0.000000 0.000000 0.000000 0.000000 0.000000 0.000000
0.000000 0.000000 0.000000 0.000000 0.000000 0.000000 0.000000 0.000000 0.000000 0.000000 0.000000 0.000000 0.000000 0.000000 0.000000 0.000000 0.000000 123.414912 123.324880 123.237640 123.182018 123.149282 123.139793 123.130303 123.120455 123.110965 123.101475 123.091707 123.082416 123.072647 123.062879 123.053389 123.043900 123.038517 123.042783 123.052273 123.062041 123.071531 123.081021 123.090590 123.100359 123.109848 123.119617 123.128907 123.138676 123.148445 123.171691 123.243222 123.309809 123.402911 0.000000 0.000000 0.000000 0.000000 0.000000 0.000000 0.000000 0.000000 0.000000
0.000000 0.000000 0.000000 0.000000 0.000000 0.000000 0.000000 0.000000 0.000000 0.000000 0.000000 0.000000 0.000000 0.000000 0.000000 0.000000 0.000000 123.399282 123.307855 123.227313 123.167225 123.149840 123.140351 123.130861 123.121013 123.111523 123.102033 123.092265 123.082974 123.073206 123.063437 123.053947 123.044458 123.039075 123.043341 123.052831 123.062600 123.072089 123.081579 123.091148 123.100917 123.110407 123.120175 123.129466 123.139234 123.149003 123.159051 123.229825 123.296970 123.388676 0.000000 0.000000 0.000000 0.000000 0.000000 0.000000 0.000000 0.000000 0.000000
0.000000 0.000000 0.000000 0.000000 0.000000 0.000000 0.000000 0.000000 0.000000 0.000000 0.000000 0.000000 0.000000 0.000000 0.000000 0.000000 0.000000 123.382257 123.296691 123.223126 123.160447 123.150399 123.140909 123.131419 123.121571 123.112081 123.102592 123.092823 123.083333 123.073764 123.063995 123.054506 123.045016 123.039633 123.043900 123.053389 123.063158 123.072647 123.082137 123.091707 123.101475 123.110965 123.120734 123.130024 123.139793 123.149561 123.159051 123.216427 123.287121 123.376954 0.000000 0.000000 0.000000 0.000000 0.000000 0.000000 0.000000 0.000000 0.000000
0.000000 0.000000 0.000000 0.000000 0.000000 0.000000 0.000000 0.000000 0.000000 0.000000 0.000000 0.000000 0.000000 0.000000 0.000000 0.000000 0.000000 123.371850 123.280702 123.213636 123.160726 123.150957 123.141467 123.131978 123.122129 123.112640 123.103150 123.093381 123.083892 123.074322 123.064553 123.055064 123.045574 123.040191 123.044458 123.053947 123.063716 123.073206 123.082695 123.092265 123.102033 123.111523 123.121292 123.130582 123.140351 123.150120 123.159609 123.210566 123.279585 123.357616 0.000000 0.000000 0.000000 0.000000 0.000000 0.000000 0.000000 0.000000 0.000000
0.000000 0.000000 0.000000 0.000000 0.000000 0.000000 0.000000 0.000000 0.000000 0.000000 0.000000 0.000000 0.000000 0.000000 0.000000 0.000000 0.000000 123.353429 123.265630 123.210287 123.161284 123.151515 123.142025 123.132536 123.122687 123.113198 123.103708 123.093939 123.084450 123.074880 123.065112 123.055622 123.046132 123.040750 123.045016 123.054506 123.064274 123.073764 123.083254 123.092823 123.102592 123.112081 123.121850 123.131140 123.140909 123.150678 123.160167 123.197368 123.273724 123.343102 0.000000 0.000000 0.000000 0.000000 0.000000 0.000000 0.000000 0.000000 0.000000
0.000000 0.000000 0.000000 0.000000 0.000000 0.000000 0.000000 0.000000 0.000000 0.000000 0.000000 0.000000 0.000000 0.000000 0.000000 0.000000 0.000000 123.340032 123.255303 123.199880 123.161842 123.152073 123.142584 123.133094 123.123246 123.113756 123.104266 123.094498 123.085008 123.075439 123.065670 123.056180 123.046691 123.041308 123.045574 123.055064 123.064833 123.074322 123.083892 123.093381 123.103150 123.112640 123.122408 123.131699 123.141467 123.151236 123.160726 123.190949 123.258652 123.331021 0.000000 0.000000 0.000000 0.000000 0.000000 0.000000 0.000000 0.000000 0.000000
0.000000 0.000000 0.000000 0.000000 0.000000 0.000000 0.000000 0.000000 0.000000 0.000000 0.000000 0.000000 0.000000 0.000000 0.000000 0.000000 0.000000 123.326555 123.245175 123.189274 123.162400 123.152632 123.143142 123.133652 123.123804 123.114314 123.104825 123.095056 123.085566 123.075997 123.066228 123.056738 123.047249 123.041667 123.046132 123.055622 123.065391 123.074880 123.084450 123.093939 123.103708 123.113198 123.122966 123.132257 123.142025 123.151794 123.161284 123.177831 123.248525 123.315670 123.411284 0.000000 0.000000 0.000000 0.000000 0.000000 0.000000 0.000000 0.000000
0.000000 0.000000 0.000000 0.000000 0.000000 0.000000 0.000000 0.000000 0.000000 0.000000 0.000000 0.000000 0.000000 0.000000 0.000000 0.000000 123.403190 123.314274 123.243501 123.175877 123.162958 123.153190 123.143700 123.134211 123.124362 123.114872 123.105383 123.095614 123.086124 123.076555 123.066786 123.057297 123.047807 123.042225 123.046691 123.056180 123.065949 123.075439 123.085008 123.094498 123.104266 123.113756 123.123525 123.132815 123.142584 123.152352 123.161842 123.171691 123.235965 123.306459 123.393700 0.000000 0.000000 0.000000 0.000000 0.000000 0.000000 0.000000 0.000000
0.000000 0.000000 0.000000 0.000000 0.000000 0.000000 0.000000 0.000000 0.000000 0.000000 0.000000 0.000000 0.000000 0.000000 0.000000 0.000000 123.386722 123.300598 123.235407 123.173086 123.163517 123.153748 123.144258 123.134769 123.124920 123.115431 123.105941 123.096172 123.086683 123.077113 123.067344 123.057855 123.048365 123.042783 123.047249 123.056738 123.066507 123.075997 123.085566 123.095056 123.104825 123.114314 123.124083 123.133373 123.143142 123.152911 123.162400 123.171970 123.225917 123.298365 123.375279 0.000000 0.000000 0.000000 0.000000 0.000000 0.000000 0.000000 0.000000
