FireSTARR/test/constant/O1a_S060_A090_WD225_WS000/arrival.asc
ncols         67
nrows         747
xllcorner     423303.990666
yllcorner     12674155.311160
cellsize      100.000000
NODATA_value  0.000000
[rows 442 to 467 of 747, columns 0 to 58 of 67]
0.000000 0.000000 0.000000 0.000000 0.000000 0.000000 0.000000 0.000000 0.000000 0.000000 0.000000 0.000000 0.000000 0.000000 0.000000 123.415191 123.405423 123.395933 123.386443 123.376675 123.367105 123.357616 123.347847 123.338357 123.328788 123.319019 123.309529 123.300040 123.290470 123.280702 123.271212 123.261443 123.251954 123.246571 123.250837 123.260606 123.270096 123.279585 123.289354 123.298923 123.308413 123.318182 123.327671 123.337241 123.347010 123.356499 123.365989 123.375558 123.385327 123.394817 123.404585 123.414075 0.000000 0.000000 0.000000 0.000000 0.000000 0.000000 0.000000
0.000000 0.000000 0.000000 0.000000 0.000000 0.000000 0.000000 0.000000 0.000000 0.000000 0.000000 0.000000 0.000000 0.000000 0.000000 123.415750 123.405981 123.396491 123.387002 123.377233 123.367663 123.358174 123.348405 123.338915 123.329346 123.319577 123.310088 123.300598 123.291029 123.281260 123.271770 123.262002 123.252512 123.247129 123.251396 123.261164 123.270654 123.280144 123.289912 123.299482 123.308971 123.318740 123.328230 123.337799 123.347568 123.357057 123.366547 123.376116 123.385885 123.395375 123.405144 123.414633 0.000000 0.000000 0.000000 0.000000 0.000000 0.000000 0.000000
0.000000 0.000000 0.000000 0.000000 0.000000 0.000000 0.000000 0.000000 0.000000 0.000000 0.000000 0.000000 0.000000 0.000000 0.000000 123.416308 123.406539 123.397049 123.387560 123.377791 123.368222 123.358732 123.348963 123.339474 123.329904 123.320136 123.310646 123.301156 123.291587 123.281818 123.272329 123.262560 123.253070 123.247687 123.251954 123.261722 123.271212 123.280702 123.290470 123.300040 123.309529 123.319298 123.328788 123.338357 123.348126 123.357616 123.367105 123.376675 123.386443 123.395933 123.405702 123.415191 0.000000 0.000000 0.000000 0.000000 0.000000 0.000000 0.000000
0.000000 0.000000 0.000000 0.000000 0.000000 0.000000 0.000000 0.000000 0.000000 0.000000 0.000000 0.000000 0.000000 0.000000 0.000000 123.416667 123.407097 123.397608 123.388118 123.378349 123.368780 123.359290 123.349522 123.340032 123.330462 123.320694 123.311204 123.301715 123.291946 123.282376 123.272887 123.263118 123.253628 123.248246 123.252512 123.262281 123.271770 123.281260 123.291029 123.300598 123.310088 123.319856 123.329346 123.338915 123.348684 123.358174 123.367663 123.377233 123.387002 123.396491 123.406260 123.415750 0.000000 0.000000 0.000000 0.000000 0.000000 0.000000 0.000000
0.000000 0.000000 0.000000 0.000000 0.000000 0.000000 0.000000 0.000000 0.000000 0.000000 0.000000 0.000000 0.000000 0.000000 0.000000 0.000000 123.407655 123.398166 123.388676 123.378907 123.369338 123.359848 123.350080 123.340590 123.331021 123.321252 123.311762 123.302273 123.292504 123.282935 123.273445 123.263676 123.254187 123.248804 123.253070 123.262839 123.272329 123.281818 123.291587 123.301156 123.310646 123.320415 123.329904 123.339474 123.349242 123.358732 123.368222 123.377791 123.387560 123.397049 123.406818 123.416308 0.000000 0.000000 0.000000 0.000000 0.000000 0.000000 0.000000
0.000000 0.000000 0.000000 0.000000 0.000000 0.000000 0.000000 0.000000 0.000000 0.000000 0.000000 0.000000 0.000000 0.000000 0.000000 0.000000 123.408214 123.398724 123.389234 123.379466 123.369896 123.360407 123.350638 123.341148 123.331579 123.321810 123.312321 123.302831 123.293062 123.283493 123.274003 123.264234 123.254745 123.249362 123.253628 123.263397 123.272887 123.282376 123.291946 123.301715 123.311204 123.320973 123.330462 123.340032 123.349801 123.359290 123.368780 123.378349 123.388118 123.397608 123.407376 0.000000 0.000000 0.000000 0.000000 0.000000 0.000000 0.000000 0.000000
0.000000 0.000000 0.000000 0.000000 0.000000 0.000000 0.000000 0.000000 0.000000 0.000000 0.000000 0.000000 0.000000 0.000000 0.000000 0.000000 123.408772 123.399282 123.389793 123.380024 123.370455 123.360965 123.351196 123.341707 123.332137 123.322368 123.312879 123.303389 123.293620 123.284051 123.274561 123.264793 123.255303 123.249920 123.254187 123.263955 123.273445 123.282935 123.292504 123.302273 123.311762 123.321531 123.331021 123.340590 123.350359 123.359848 123.369338 123.378907 123.388676 123.398166 123.407935 0.000000 0.000000 0.000000 0.000000 0.000000 0.000000 0.000000 0.000000
0.000000 0.000000 0.000000 0.000000 0.000000 0.000000 0.000000 0.000000 0.000000 0.000000 0.000000 0.000000 0.000000 0.000000 0.000000 0.000000 123.409330 123.399840 123.390351 123.380582 123.371013 123.361523 123.351754 123.342265 123.332695 123.322927 123.313437 123.303947 123.294179 123.284609 123.275120 123.265351 123.255861 123.250558 123.254745 123.264514 123.274003 123.283493 123.293062 123.302831 123.312321 123.322089 123.331579 123.341148 123.350917 123.360407 123.369896 123.379466 123.389234 123.398724 123.408493 0.000000 0.000000 0.000000 0.000000 0.000000 0.000000 0.000000 0.000000
0.000000 0.000000 0.000000 0.000000 0.000000 0.000000 0.000000 0.000000 0.000000 0.000000 0.000000 0.000000 0.000000 0.000000 0.000000 0.000000 123.409888 123.400399 123.390909 123.381140 123.371571 123.362081 123.352313 123.342823 123.333254 123.323485 123.313995 123.304506 123.294737 123.285167 123.275678 123.265909 123.256419 123.251116 123.255303 123.265072 123.274561 123.284051 123.293620 123.303389 123.312879 123.322647 123.332137 123.341707 123.351475 123.360965 123.370455 123.380024 123.389793 123.399282 123.409051 0.000000 0.000000 0.000000 0.000000 0.000000 0.000000 0.000000 0.000000
0.000000 0.000000 0.000000 0.000000 0.000000 0.000000 0.000000 0.000000 0.000000 0.000000 0.000000 0.000000 0.000000 0.000000 0.000000 0.000000 123.410447 123.400957 123.391467 123.381699 123.372129 123.362640 123.352871 123.343381 123.333892 123.324043 123.314553 123.305064 123.295295 123.285726 123.276236 123.266467 123.256978 123.251675 123.255861 123.265630 123.275120 123.284609 123.294179 123.303947 123.313437 123.323206 123.332695 123.342265 123.352033 123.361523 123.371013 123.380582 123.390351 123.399840 123.409609 0.000000 0.000000 0.000000 0.000000 0.000000 0.000000 0.000000 0.000000
0.000000 0.000000 0.000000 0.000000 0.000000 0.000000 0.000000 0.000000 0.000000 0.000000 0.000000 0.000000 0.000000 0.000000 0.000000 0.000000 123.411005 123.401515 123.392025 123.382257 123.372687 123.363198 123.353429 123.343939 123.334450 123.324601 123.315112 123.305622 123.295853 123.286284 123.276794 123.267025 123.257536 123.252233 123.256419 123.266188 123.275678 123.285167 123.294737 123.304506 123.313995 123.323764 123.333254 123.342823 123.352592 123.362081 123.371571 123.381140 123.390909 123.400399 123.410167 0.000000 0.000000 0.000000 0.000000 0.000000 0.000000 0.000000 0.000000
0.000000 0.000000 0.000000 0.000000 0.000000 0.000000 0.000000 0.000000 0.000000 0.000000 0.000000 0.000000 0.000000 0.000000 0.000000 0.000000 123.411563 123.402073 123.392584 123.382815 123.373246 123.363756 123.353987 123.344498 123.335008 123.325159 123.315670 123.306180 123.296411 123.286842 123.277352 123.267584 123.258094 123.252791 123.256978 123.266746 123.276236 123.285726 123.295295 123.305064 123.314553 123.324322 123.333892 123.343381 123.353150 123.362640 123.372129 123.381699 123.391467 123.400957 123.410726 0.000000 0.000000 0.000000 0.000000 0.000000 0.000000 0.000000 0.000000
0.000000 0.000000 0.000000 0.000000 0.000000 0.000000 0.000000 0.000000 0.000000 0.000000 0.000000 0.000000 0.000000 0.000000 0.000000 0.000000 123.412121 123.402632 123.393142 123.383373 123.373804 123.364314 123.354545 123.345056 123.335566 123.325718 123.316228 123.306738 123.296970 123.287400 123.277911 123.268142 123.258652 123.253349 123.257536 123.267305 123.276794 123.286284 123.295853 123.305622 123.315112 123.324880 123.334450 123.343939 123.353708 123.363198 123.372687 123.382257 123.392025 123.401515 123.411284 0.000000 0.000000 0.000000 0.000000 0.000000 0.000000 0.000000 0.000000
0.000000 0.000000 0.000000 0.000000 0.000000 0.000000 0.000000 0.000000 0.000000 0.000000 0.000000 0.000000 0.000000 0.000000 0.000000 0.000000 123.412679 123.403190 123.393700 123.383931 123.374362 123.364872 123.355104 123.345614 123.336124 123.326276 123.316786 123.307297 123.297528 123.287958 123.278469 123.268700 123.259211 123.253907 123.258094 123.267863 123.277352 123.286842 123.296411 123.306180 123.315670 123.325439 123.335008 123.344498 123.354266 123.363756 123.373246 123.382815 123.392584 123.402073 123.411842 0.000000 0.000000 0.000000 0.000000 0.000000 0.000000 0.000000 0.000000
0.000000 0.000000 0.000000 0.000000 0.000000 0.000000 0.000000 0.000000 0.000000 0.000000 0.000000 0.000000 0.000000 0.000000 0.000000 0.000000 123.413238 123.403748 123.394258 123.384490 123.374920 123.365431 123.355662 123.346172 123.336683 123.326834 123.317344 123.307855 123.298086 123.288517 123.279027 123.269258 123.259769 123.254466 123.258652 123.268421 123.277911 123.287400 123.296970 123.306738 123.316228 123.325997 123.335566 123.345056 123.354825 123.364314 123.373804 123.383373 123.393142 123.402632 123.412400 0.000000 0.000000 0.000000 0.000000 0.000000 0.000000 0.000000 0.000000
0.000000 0.000000 0.000000 0.000000 0.000000 0.000000 0.000000 0.000000 0.000000 0.000000 0.000000 0.000000 0.000000 0.000000 0.000000 0.000000 123.413796 123.404306 123.394817 123.385048 123.375558 123.365989 123.356220 123.346730 123.337241 123.327392 123.317903 123.308413 123.298644 123.289075 123.279585 123.269817 123.260327 123.255024 123.259211 123.268979 123.278469 123.287958 123.297528 123.307297 123.316786 123.326555 123.336124 123.345614 123.355383 123.364872 123.374362 123.383931 123.393700 123.403190 123.412958 0.000000 0.000000 0.000000 0.000000 0.000000 0.000000 0.000000 0.000000
0.000000 0.000000 0.000000 0.000000 0.000000 0.000000 0.000000 0.000000 0.000000 0.000000 0.000000 0.000000 0.000000 0.000000 0.000000 0.000000 123.414354 123.404864 123.395375 123.385606 123.376116 123.366547 123.356778 123.347289 123.337799 123.327951 123.318461 123.308971 123.299203 123.289633 123.280144 123.270375 123.260885 123.255582 123.259769 123.269537 123.279027 123.288517 123.298086 123.307855 123.317344 123.327113 123.336683 123.346172 123.355941 123.365431 123.374920 123.384490 123.394258 123.403748 123.413517 0.000000 0.000000 0.000000 0.000000 0.000000 0.000000 0.000000 0.000000
0.000000 0.000000 0.000000 0.000000 0.000000 0.000000 0.000000 0.000000 0.000000 0.000000 0.000000 0.000000 0.000000 0.000000 0.000000 0.000000 123.414912 123.405423 123.395933 123.386164 123.376675 123.367105 123.357336 123.347847 123.338357 123.328509 123.319019 123.309529 123.299761 123.290191 123.280702 123.270933 123.261443 123.256140 123.260327 123.270096 123.279585 123.289075 123.298644 123.308413 123.317903 123.327671 123.337241 123.346730 123.356499 123.365989 123.375558 123.385048 123.394817 123.404306 123.414075 0.000000 0.000000 0.000000 0.000000 0.000000 0.000000 0.000000 0.000000
0.000000 0.000000 0.000000 0.000000 0.000000 0.000000 0.000000 0.000000 0.000000 0.000000 0.000000 0.000000 0.000000 0.000000 0.000000 0.000000 123.415470 123.405981 123.396491 123.386722 123.377233 123.367663 123.357895 123.348405 123.338915 123.329067 123.319577 123.310088 123.300319 123.290750 123.281260 123.271491 123.262002 123.256699 123.260885 123.270654 123.280144 123.289633 123.299203 123.308971 123.318461 123.328230 123.337799 123.347289 123.357057 123.366547 123.376116 123.385606 123.395375 123.404864 123.414633 0.000000 0.000000 0.000000 0.000000 0.000000 0.000000 0.000000 0.000000
0.000000 0.000000 0.000000 0.000000 0.000000 0.000000 0.000000 0.000000 0.000000 0.000000 0.000000 0.000000 0.000000 0.000000 0.000000 0.000000 123.416029 123.406539 123.397049 123.387281 123.377791 123.368222 123.358453 123.348963 123.339474 123.329625 123.320136 123.310646 123.300877 123.291308 123.281818 123.272049 123.262560 123.257257 123.261443 123.271212 123.280702 123.290191 123.299761 123.309529 123.319019 123.328788 123.338357 123.347847 123.357616 123.367105 123.376675 123.386164 123.395933 123.405423 123.415191 0.000000 0.000000 0.000000 0.000000 0.000000 0.000000 0.000000 0.000000
0.000000 0.000000 0.000000 0.000000 0.000000 0.000000 0.000000 0.000000 0.000000 0.000000 0.000000 0.000000 0.000000 0.000000 0.000000 0.000000 123.416587 123.407097 123.397608 123.387839 123.378349 123.368780 123.359011 123.349522 123.340032 123.330183 123.320694 123.311204 123.301435 123.291946 123.282376 123.272608 123.263118 123.257815 123.262002 123.271770 123.281260 123.290750 123.300319 123.310088 123.319577 123.329346 123.338915 123.348405 123.358174 123.367663 123.377233 123.386722 123.396491 123.405981 123.415750 0.000000 0.000000 0.000000 0.000000 0.000000 0.000000 0.000000 0.000000
0.000000 0.000000 0.000000 0.000000 0.000000 0.000000 0.000000 0.000000 0.000000 0.000000 0.000000 0.000000 0.000000 0.000000 0.000000 0.000000 0.000000 123.407655 123.398166 123.388397 123.378907 123.369338 123.359569 123.350080 123.340590 123.330742 123.321252 123.311762 123.301994 123.292504 123.282935 123.273166 123.263676 123.258373 123.262560 123.272329 123.281818 123.291308 123.300877 123.310646 123.320136 123.329904 123.339474 123.348963 123.358732 123.368222 123.377791 123.387281 123.397049 123.406539 123.416308 0.000000 0.000000 0.000000 0.000000 0.000000 0.000000 0.000000 0.000000
0.000000 0.000000 0.000000 0.000000 0.000000 0.000000 0.000000 0.000000 0.000000 0.000000 0.000000 0.000000 0.000000 0.000000 0.000000 0.000000 0.000000 123.408214 123.398724 123.388955 123.379466 123.369896 123.360128 123.350638 123.341148 123.331300 123.321810 123.312321 123.302552 123.293062 123.283493 123.273724 123.264234 123.258931 123.263118 123.272887 123.282376 123.291946 123.301435 123.311204 123.320694 123.330462 123.340032 123.349522 123.359290 123.368780 123.378349 123.387839 123.397608 123.407097 123.416667 0.000000 0.000000 0.000000 0.000000 0.000000 0.000000 0.000000 0.000000
0.000000 0.000000 0.000000 0.000000 0.000000 0.000000 0.000000 0.000000 0.000000 0.000000 0.000000 0.000000 0.000000 0.000000 0.000000 0.000000 0.000000 123.408772 123.399282 123.389514 123.380024 123.370455 123.360686 123.351196 123.341707 123.331858 123.322368 123.312879 123.303110 123.293620 123.284051 123.274282 123.264793 123.259490 123.263676 123.273445 123.282935 123.292504 123.301994 123.311762 123.321252 123.331021 123.340590 123.350080 123.359848 123.369338 123.378907 123.388397 123.398166 123.407655 0.000000 0.000000 0.000000 0.000000 0.000000 0.000000 0.000000 0.000000 0.000000
0.000000 0.000000 0.000000 0.000000 0.000000 0.000000 0.000000 0.000000 0.000000 0.000000 0.000000 0.000000 0.000000 0.000000 0.000000 0.000000 0.000000 123.409330 123.399840 123.390072 123.380582 123.371013 123.361244 123.351754 123.342265 123.332416 123.322927 123.313437 123.303668 123.294179 123.284609 123.274840 123.265351 123.260048 123.264234 123.274003 123.283493 123.293062 123.302552 123.312321 123.321810 123.331579 123.341148 123.350638 123.360407 123.369896 123.379466 123.388955 123.398724 123.408214 0.000000 0.000000 0.000000 0.000000 0.000000 0.000000 0.000000 0.000000 0.000000
0.000000 0.000000 0.000000 0.000000 0.000000 0.000000 0.000000 0.000000 0.000000 0.000000 0.000000 0.000000 0.000000 0.000000 0.000000 0.000000 0.000000 123.409888 123.400399 123.390630 123.381140 123.371571 123.361802 123.352313 123.342823 123.332974 123.323485 123.313995 123.304226 123.294737 123.285167 123.275399 123.265909 123.260606 123.264793 123.274561 123.284051 123.293620 123.303110 123.312879 123.322368 123.332137 123.341707 123.351196 123.360965 123.370455 123.380024 123.389514 123.399282 123.408772 0.000000 0.000000 0.000000 0.000000 0.000000 0.000000 0.000000 0.000000 0.000000
