FireSTARR/test/constant/O1a_S060_A090_WD225_WS000/arrival.asc
ncols         67
nrows         747
xllcorner     423303.990666
yllcorner     12674155.311160
cellsize      100.000000
NODATA_value  0.000000
[rows 416 to 441 of 747, columns 0 to 58 of 67]
0.000000 0.000000 0.000000 0.000000 0.000000 0.000000 0.000000 0.000000 0.000000 0.000000 0.000000 0.000000 0.000000 0.000000 123.410167 123.400678 123.390909 123.381419 123.371850 123.362081 123.352592 123.343102 123.333333 123.323764 123.314274 123.304506 123.295016 123.285447 123.275957 123.266188 123.256699 123.247129 123.237360 123.232057 123.236523 123.246013 123.255582 123.265072 123.274840 123.284330 123.293900 123.303668 123.313158 123.322647 123.332416 123.341986 123.351475 123.361244 123.370734 123.380303 123.390072 123.399561 123.409051 0.000000 0.000000 0.000000 0.000000 0.000000 0.000000
0.000000 0.000000 0.000000 0.000000 0.000000 0.000000 0.000000 0.000000 0.000000 0.000000 0.000000 0.000000 0.000000 0.000000 123.410726 123.401236 123.391467 123.381978 123.372408 123.362640 123.353150 123.343660 123.333892 123.324322 123.314833 123.305064 123.295574 123.286005 123.276515 123.266746 123.257257 123.247687 123.237919 123.232616 123.237081 123.246571 123.256140 123.265630 123.275399 123.284888 123.294458 123.304226 123.313716 123.323206 123.332974 123.342544 123.352033 123.361802 123.371292 123.380861 123.390630 123.400120 123.409609 0.000000 0.000000 0.000000 0.000000 0.000000 0.000000
0.000000 0.000000 0.000000 0.000000 0.000000 0.000000 0.000000 0.000000 0.000000 0.000000 0.000000 0.000000 0.000000 0.000000 123.411284 123.401794 123.392025 123.382536 123.372966 123.363198 123.353708 123.344218 123.334450 123.324880 123.315391 123.305622 123.296132 123.286563 123.277073 123.267305 123.257815 123.248246 123.238477 123.233174 123.237640 123.247129 123.256699 123.266188 123.275957 123.285447 123.295016 123.304785 123.314274 123.323764 123.333612 123.343102 123.352592 123.362360 123.371850 123.381419 123.391188 123.400678 123.410167 0.000000 0.000000 0.000000 0.000000 0.000000 0.000000
0.000000 0.000000 0.000000 0.000000 0.000000 0.000000 0.000000 0.000000 0.000000 0.000000 0.000000 0.000000 0.000000 0.000000 123.411842 123.402352 123.392584 123.383094 123.373525 123.363756 123.354266 123.344777 123.335008 123.325439 123.315949 123.306180 123.296691 123.287121 123.277632 123.267863 123.258373 123.248804 123.239035 123.233732 123.238198 123.247687 123.257257 123.266746 123.276515 123.286005 123.295574 123.305343 123.314833 123.324322 123.334171 123.343660 123.353150 123.362919 123.372408 123.381978 123.391746 123.401236 123.410726 0.000000 0.000000 0.000000 0.000000 0.000000 0.000000
0.000000 0.000000 0.000000 0.000000 0.000000 0.000000 0.000000 0.000000 0.000000 0.000000 0.000000 0.000000 0.000000 0.000000 123.412400 123.402911 123.393142 123.383652 123.374083 123.364314 123.354825 123.345335 123.335566 123.325997 123.316507 123.306738 123.297249 123.287679 123.278190 123.268421 123.258931 123.249362 123.239593 123.234290 123.238756 123.248246 123.257815 123.267305 123.277073 123.286563 123.296132 123.305901 123.315391 123.324880 123.334729 123.344218 123.353708 123.363477 123.372966 123.382536 123.392305 123.401794 123.411284 0.000000 0.000000 0.000000 0.000000 0.000000 0.000000
0.000000 0.000000 0.000000 0.000000 0.000000 0.000000 0.000000 0.000000 0.000000 0.000000 0.000000 0.000000 0.000000 0.000000 123.412958 123.403469 123.393700 123.384211 123.374641 123.364872 123.355383 123.345893 123.336124 123.326555 123.317065 123.307297 123.297807 123.288238 123.278748 123.268979 123.259490 123.249920 123.240151 123.234848 123.239314 123.248804 123.258373 123.267863 123.277632 123.287121 123.296691 123.306459 123.315949 123.325439 123.335287 123.344777 123.354266 123.364035 123.373525 123.383094 123.392863 123.402352 123.411842 0.000000 0.000000 0.000000 0.000000 0.000000 0.000000
0.000000 0.000000 0.000000 0.000000 0.000000 0.000000 0.000000 0.000000 0.000000 0.000000 0.000000 0.000000 0.000000 0.000000 123.413517 123.404027 123.394258 123.384769 123.375279 123.365431 123.355941 123.346451 123.336683 123.327113 123.317624 123.307855 123.298365 123.288796 123.279306 123.269537 123.260048 123.250279 123.240710 123.235407 123.239872 123.249362 123.258931 123.268421 123.278190 123.287679 123.297249 123.307018 123.316507 123.325997 123.335845 123.345335 123.354825 123.364593 123.374083 123.383652 123.393421 123.402911 123.412400 0.000000 0.000000 0.000000 0.000000 0.000000 0.000000
0.000000 0.000000 0.000000 0.000000 0.000000 0.000000 0.000000 0.000000 0.000000 0.000000 0.000000 0.000000 0.000000 0.000000 123.414075 123.404585 123.394817 123.385327 123.375837 123.365989 123.356499 123.347010 123.337241 123.327671 123.318182 123.308413 123.298923 123.289354 123.279864 123.270096 123.260606 123.250837 123.241268 123.235965 123.240431 123.249920 123.259490 123.268979 123.278748 123.288238 123.297807 123.307576 123.317065 123.326555 123.336404 123.345893 123.355383 123.365151 123.374641 123.384211 123.393979 123.403469 123.412958 0.000000 0.000000 0.000000 0.000000 0.000000 0.000000
0.000000 0.000000 0.000000 0.000000 0.000000 0.000000 0.000000 0.000000 0.000000 0.000000 0.000000 0.000000 0.000000 0.000000 123.414633 123.405144 123.395375 123.385885 123.376396 123.366547 123.357057 123.347568 123.337799 123.328230 123.318740 123.308971 123.299482 123.289912 123.280423 123.270654 123.261164 123.251396 123.241826 123.236523 123.240989 123.250558 123.260048 123.269537 123.279306 123.288796 123.298365 123.308134 123.317624 123.327113 123.336962 123.346451 123.355941 123.365710 123.375279 123.384769 123.394537 123.404027 123.413517 0.000000 0.000000 0.000000 0.000000 0.000000 0.000000
0.000000 0.000000 0.000000 0.000000 0.000000 0.000000 0.000000 0.000000 0.000000 0.000000 0.000000 0.000000 0.000000 0.000000 123.415191 123.405702 123.395933 123.386443 123.376954 123.367105 123.357616 123.348126 123.338357 123.328788 123.319298 123.309529 123.300040 123.290470 123.280981 123.271212 123.261722 123.251954 123.242384 123.237081 123.241547 123.251116 123.260606 123.270096 123.279864 123.289354 123.298923 123.308692 123.318182 123.327671 123.337520 123.347010 123.356499 123.366268 123.375837 123.385327 123.395096 123.404585 123.414075 0.000000 0.000000 0.000000 0.000000 0.000000 0.000000
0.000000 0.000000 0.000000 0.000000 0.000000 0.000000 0.000000 0.000000 0.000000 0.000000 0.000000 0.000000 0.000000 0.000000 123.415750 123.406260 123.396491 123.387002 123.377512 123.367663 123.358174 123.348684 123.338915 123.329346 123.319856 123.310088 123.300598 123.291029 123.281539 123.271770 123.262281 123.252512 123.242943 123.237640 123.242105 123.251675 123.261164 123.270654 123.280423 123.289912 123.299482 123.309250 123.318740 123.328230 123.338078 123.347568 123.357057 123.366826 123.376396 123.385885 123.395654 123.405144 123.414633 0.000000 0.000000 0.000000 0.000000 0.000000 0.000000
0.000000 0.000000 0.000000 0.000000 0.000000 0.000000 0.000000 0.000000 0.000000 0.000000 0.000000 0.000000 0.000000 0.000000 123.416308 123.406818 123.397049 123.387560 123.378070 123.368222 123.358732 123.349242 123.339474 123.329904 123.320415 123.310646 123.301156 123.291587 123.282097 123.272329 123.262839 123.253070 123.243501 123.238198 123.242663 123.252233 123.261722 123.271212 123.280981 123.290470 123.300040 123.309809 123.319298 123.328788 123.338636 123.348126 123.357616 123.367384 123.376954 123.386443 123.396212 123.405702 123.415191 0.000000 0.000000 0.000000 0.000000 0.000000 0.000000
0.000000 0.000000 0.000000 0.000000 0.000000 0.000000 0.000000 0.000000 0.000000 0.000000 0.000000 0.000000 0.000000 0.000000 0.000000 123.407376 123.397608 123.388118 123.378628 123.368780 123.359290 123.349801 123.340032 123.330462 123.320973 123.311204 123.301715 123.292225 123.282655 123.272887 123.263397 123.253628 123.244059 123.238756 123.243222 123.252791 123.262281 123.271770 123.281539 123.291029 123.300598 123.310367 123.319856 123.329346 123.339195 123.348684 123.358174 123.367943 123.377512 123.387002 123.396770 123.406260 123.415750 0.000000 0.000000 0.000000 0.000000 0.000000 0.000000
0.000000 0.000000 0.000000 0.000000 0.000000 0.000000 0.000000 0.000000 0.000000 0.000000 0.000000 0.000000 0.000000 0.000000 0.000000 123.407935 123.398166 123.388676 123.379187 123.369338 123.359848 123.350359 123.340590 123.331021 123.321531 123.311762 123.302273 123.292783 123.283214 123.273445 123.263955 123.254187 123.244617 123.239314 123.243780 123.253349 123.262839 123.272329 123.282097 123.291587 123.301156 123.310925 123.320415 123.329904 123.339753 123.349242 123.358732 123.368501 123.378070 123.387560 123.397329 123.406818 123.416308 0.000000 0.000000 0.000000 0.000000 0.000000 0.000000
0.000000 0.000000 0.000000 0.000000 0.000000 0.000000 0.000000 0.000000 0.000000 0.000000 0.000000 0.000000 0.000000 0.000000 0.000000 123.408493 123.398724 123.389234 123.379745 123.369896 123.360407 123.350917 123.341148 123.331579 123.322089 123.312321 123.302831 123.293341 123.283772 123.274003 123.264514 123.254745 123.245175 123.239872 123.244338 123.253907 123.263397 123.272887 123.282655 123.292225 123.301715 123.311483 123.320973 123.330462 123.340311 123.349801 123.359290 123.369059 123.378628 123.388118 123.397887 123.407376 0.000000 0.000000 0.000000 0.000000 0.000000 0.000000 0.000000
0.000000 0.000000 0.000000 0.000000 0.000000 0.000000 0.000000 0.000000 0.000000 0.000000 0.000000 0.000000 0.000000 0.000000 0.000000 123.409051 123.399282 123.389793 123.380303 123.370455 123.360965 123.351475 123.341707 123.332137 123.322647 123.312879 123.303389 123.293900 123.284330 123.274561 123.265072 123.255303 123.245734 123.240431 123.244896 123.254466 123.263955 123.273445 123.283214 123.292783 123.302273 123.312041 123.321531 123.331021 123.340869 123.350359 123.359848 123.369617 123.379187 123.388676 123.398445 123.407935 0.000000 0.000000 0.000000 0.000000 0.000000 0.000000 0.000000
0.000000 0.000000 0.000000 0.000000 0.000000 0.000000 0.000000 0.000000 0.000000 0.000000 0.000000 0.000000 0.000000 0.000000 0.000000 123.409609 123.399840 123.390351 123.380861 123.371013 123.361523 123.352033 123.342265 123.332695 123.323206 123.313437 123.303947 123.294458 123.284888 123.275120 123.265630 123.255861 123.246292 123.240989 123.245455 123.255024 123.264514 123.274003 123.283772 123.293341 123.302831 123.312600 123.322089 123.331579 123.341427 123.350917 123.360407 123.370175 123.379745 123.389234 123.399003 123.408493 0.000000 0.000000 0.000000 0.000000 0.000000 0.000000 0.000000
0.000000 0.000000 0.000000 0.000000 0.000000 0.000000 0.000000 0.000000 0.000000 0.000000 0.000000 0.000000 0.000000 0.000000 0.000000 123.410167 123.400399 123.390909 123.381419 123.371571 123.362081 123.352592 123.342823 123.333254 123.323764 123.313995 123.304506 123.295016 123.285447 123.275678 123.266188 123.256419 123.246850 123.241547 123.246013 123.255582 123.265072 123.274561 123.284330 123.293900 123.303389 123.313158 123.322647 123.332137 123.341986 123.351475 123.360965 123.370734 123.380303 123.389793 123.399561 123.409051 0.000000 0.000000 0.000000 0.000000 0.000000 0.000000 0.000000
0.000000 0.000000 0.000000 0.000000 0.000000 0.000000 0.000000 0.000000 0.000000 0.000000 0.000000 0.000000 0.000000 0.000000 0.000000 123.410726 123.400957 123.391467 123.381978 123.372129 123.362640 123.353150 123.343381 123.333892 123.324322 123.314553 123.305064 123.295574 123.286005 123.276236 123.266746 123.256978 123.247408 123.242105 123.246571 123.256140 123.265630 123.275120 123.284888 123.294458 123.303947 123.313716 123.323206 123.332695 123.342544 123.352033 123.361523 123.371292 123.380861 123.390351 123.400120 123.409609 0.000000 0.000000 0.000000 0.000000 0.000000 0.000000 0.000000
0.000000 0.000000 0.000000 0.000000 0.000000 0.000000 0.000000 0.000000 0.000000 0.000000 0.000000 0.000000 0.000000 0.000000 0.000000 123.411284 123.401515 123.392025 123.382536 123.372687 123.363198 123.353708 123.343939 123.334450 123.324880 123.315112 123.305622 123.296132 123.286563 123.276794 123.267305 123.257536 123.247966 123.242663 123.247129 123.256699 123.266188 123.275678 123.285447 123.295016 123.304506 123.314274 123.323764 123.333254 123.343102 123.352592 123.362081 123.371850 123.381419 123.390909 123.400678 123.410167 0.000000 0.000000 0.000000 0.000000 0.000000 0.000000 0.000000
0.000000 0.000000 0.000000 0.000000 0.000000 0.000000 0.000000 0.000000 0.000000 0.000000 0.000000 0.000000 0.000000 0.000000 0.000000 123.411842 123.402073 123.392584 123.383094 123.373246 123.363756 123.354266 123.344498 123.335008 123.325439 123.315670 123.306180 123.296691 123.287121 123.277352 123.267863 123.258094 123.248525 123.243222 123.247687 123.257257 123.266746 123.276236 123.286005 123.295574 123.305064 123.314833 123.324322 123.333892 123.343660 123.353150 123.362640 123.372408 123.381978 123.391467 123.401236 123.410726 0.000000 0.000000 0.000000 0.000000 0.000000 0.000000 0.000000
0.000000 0.000000 0.000000 0.000000 0.000000 0.000000 0.000000 0.000000 0.000000 0.000000 0.000000 0.000000 0.000000 0.000000 0.000000 123.412400 123.402632 123.393142 123.383652 123.373804 123.364314 123.354825 123.345056 123.335566 123.325997 123.316228 123.306738 123.297249 123.287679 123.277911 123.268421 123.258652 123.249083 123.243780 123.248246 123.257815 123.267305 123.276794 123.286563 123.296132 123.305622 123.315391 123.324880 123.334450 123.344218 123.353708 123.363198 123.372966 123.382536 123.392025 123.401794 123.411284 0.000000 0.000000 0.000000 0.000000 0.000000 0.000000 0.000000
0.000000 0.000000 0.000000 0.000000 0.000000 0.000000 0.000000 0.000000 0.000000 0.000000 0.000000 0.000000 0.000000 0.000000 0.000000 123.412958 123.403190 123.393700 123.384211 123.374362 123.364872 123.355383 123.345614 123.336124 123.326555 123.316786 123.307297 123.297807 123.288238 123.278469 123.268979 123.259211 123.249641 123.244338 123.248804 123.258373 123.267863 123.277352 123.287121 123.296691 123.306180 123.315949 123.325439 123.335008 123.344777 123.354266 123.363756 123.373525 123.383094 123.392584 123.402352 123.411842 0.000000 0.000000 0.000000 0.000000 0.000000 0.000000 0.000000
0.000000 0.000000 0.000000 0.000000 0.000000 0.000000 0.000000 0.000000 0.000000 0.000000 0.000000 0.000000 0.000000 0.000000 0.000000 123.413517 123.403748 123.394258 123.384769 123.374920 123.365431 123.355941 123.346172 123.336683 123.327113 123.317344 123.307855 123.298365 123.288796 123.279027 123.269537 123.259769 123.250279 123.244896 123.249362 123.258931 123.268421 123.277911 123.287679 123.297249 123.306738 123.316507 123.325997 123.335566 123.345335 123.354825 123.364314 123.374083 123.383652 123.393142 123.402911 123.412400 0.000000 0.000000 0.000000 0.000000 0.000000 0.000000 0.000000
0.000000 0.000000 0.000000 0.000000 0.000000 0.000000 0.000000 0.000000 0.000000 0.000000 0.000000 0.000000 0.000000 0.000000 0.000000 123.414075 123.404306 123.394817 123.385327 123.375558 123.365989 123.356499 123.346730 123.337241 123.327671 123.317903 123.308413 123.298923 123.289354 123.279585 123.270096 123.260327 123.250837 123.245455 123.249920 123.259490 123.268979 123.278469 123.288238 123.297807 123.307297 123.317065 123.326555 123.336124 123.345893 123.355383 123.364872 123.374641 123.384211 123.393700 123.403469 123.412958 0.000000 0.000000 0.000000 0.000000 0.000000 0.000000 0.000000
0.000000 0.000000 0.000000 0.000000 0.000000 0.000000 0.000000 0.000000 0.000000 0.000000 0.000000 0.000000 0.000000 0.000000 0.000000 123.414633 123.404864 123.395375 123.385885 123.376116 123.366547 123.357057 123.347289 123.337799 123.328230 123.318461 123.308971 123.299482 123.289912 123.280144 123.270654 123.260885 123.251396 123.246013 123.250279 123.260048 123.269537 123.279027 123.288796 123.298365 123.307855 123.317624 123.327113 123.336683 123.346451 123.355941 123.365431 123.375000 123.384769 123.394258 123.404027 123.413517 0.000000 0.000000 0.000000 0.000000 0.000000 0.000000 0.000000
