FireSTARR/test/constant/O1a_S060_A180_WD180_WS020/arrival.asc
ncols         732
nrows         141
xllcorner     426603.990666
yllcorner     12747755.311160
cellsize      100.000000
NODATA_value  0.000000
[rows 81 to 107 of 141, columns 244 to 304 of 732]
123.217543 123.216427 123.210845 123.204622 123.202110 123.197366 123.194854 123.192622 123.190947 123.190389 123.188993 123.185644 123.183970 123.182854 123.179505 123.176435 123.176156 123.172807 123.170574 123.168341 123.167783 123.166025 123.162676 123.162676 123.161560 123.159327 123.159048 123.157932 123.155420 123.155420 123.155978 123.156537 123.157095 123.157653 123.158211 123.159886 123.162118 123.164351 123.166584 123.168899 123.171411 123.173644 123.175876 123.178109 123.180342 123.182574 123.184807 123.187040 123.189273 123.191784 123.194017 123.196250 123.198482 123.200715 123.202948 123.205180 123.207413 123.210008 123.212241 123.214473 123.216706
123.192342 123.191226 123.189273 123.187598 123.186482 123.182574 123.180621 123.179505 123.176993 123.176714 123.172807 123.169458 123.167504 123.167225 123.165467 123.162676 123.159886 123.159327 123.158769 123.156816 123.155978 123.155978 123.154025 123.152071 123.152629 123.153188 123.153746 123.154304 123.154862 123.155978 123.158211 123.160444 123.162676 123.164909 123.166946 123.169178 123.171411 123.173644 123.175876 123.178109 123.180342 123.182574 123.185086 123.187319 123.189552 123.191784 123.194017 123.196529 123.198482 123.200715 123.202948 123.205459 123.207692 123.210008 123.212241 123.214473 123.216706 123.218939 123.221171 123.223404 123.225916
123.178667 123.176714 123.175597 123.173365 123.169737 123.168062 123.166305 123.163793 123.161839 123.161560 123.159327 123.156257 123.155420 123.154583 123.152629 123.152908 123.150676 123.149001 123.149280 123.149839 123.150397 123.150955 123.151513 123.152350 123.154025 123.156257 123.158490 123.160723 123.162956 123.165188 123.167783 123.170016 123.172248 123.174481 123.176714 123.178946 123.181179 123.183412 123.185644 123.188156 123.190389 123.192622 123.194854 123.197366 123.199599 123.201831 123.203785 123.206018 123.208333 123.210845 123.213078 123.215310 123.217543 123.219776 123.222288 123.224520 123.226753 123.228986 123.231218 123.233451 123.235684
123.162956 123.160723 123.159327 123.158211 123.155978 123.153188 123.152908 123.152071 123.150118 123.149559 123.149280 123.146210 123.145652 123.146210 123.146769 123.147327 123.148164 123.148722 123.150118 123.152350 123.154583 123.156816 123.159048 123.161281 123.163514 123.165746 123.167783 123.170016 123.172248 123.174481 123.176714 123.178946 123.181179 123.183691 123.185924 123.188156 123.190389 123.192901 123.195133 123.197366 123.199599 123.201831 123.204064 123.206297 123.208612 123.210845 123.213357 123.215590 123.217822 123.219776 123.222008 123.224520 123.226753 123.228986 123.231218 123.233730 123.235963 123.238195 123.240428 123.242661 123.244893
123.149559 123.149001 123.147048 123.146210 123.146210 123.144257 123.142582 123.142861 123.143420 123.143978 123.144536 123.145094 123.145931 123.148164 123.150397 123.152629 123.154862 123.157095 123.159327 123.161560 123.163793 123.166305 123.168620 123.170853 123.173086 123.175318 123.177551 123.179784 123.182016 123.184249 123.186761 123.188993 123.191226 123.193459 123.195971 123.198203 123.200436 123.202669 123.204901 123.207134 123.209450 123.211682 123.213915 123.216427 123.218659 123.220892 123.223125 123.225357 123.227590 123.229823 123.232056 123.234288 123.236800 123.239033 123.241265 123.243498 123.245731 123.247963 123.250279 123.252512 123.254744
123.139512 123.139512 123.140071 123.140629 123.141187 123.141745 123.142303 123.144257 123.146490 123.148722 123.150955 123.153188 123.155420 123.157653 123.159886 123.162118 123.164351 123.166584 123.168620 123.170853 123.173086 123.175318 123.177551 123.179784 123.182295 123.184528 123.186761 123.188993 123.191505 123.193738 123.195971 123.198203 123.200436 123.202669 123.204901 123.207134 123.209450 123.211961 123.214194 123.216427 123.218659 123.220892 123.223125 123.225357 123.227590 123.229823 123.232335 123.234567 123.236800 123.239033 123.241544 123.243498 123.245731 123.247963 123.250558 123.252791 123.255024 123.257256 123.259489 123.261722 123.263954
123.138954 123.139791 123.142024 123.144536 123.146769 123.149001 123.151234 123.153467 123.155699 123.157932 123.160165 123.162397 123.164909 123.167225 123.169458 123.171690 123.173923 123.176156 123.178388 123.180621 123.183133 123.185365 123.187598 123.189831 123.192063 123.194575 123.196808 123.199040 123.201273 123.203506 123.205459 123.207692 123.209729 123.211961 123.214194 123.216427 123.218659 123.220892 123.223125 123.225637 123.227869 123.230102 123.232335 123.234567 123.237079 123.239312 123.241544 123.243498 123.246010 123.248242 123.250558 123.252791 123.255024 123.257535 123.259489 123.261722 123.263954 123.266466 123.268699 123.270931 123.273164
123.147327 123.149559 123.151792 123.154025 123.156257 123.158490 123.160723 123.162956 123.165188 123.167225 123.169458 123.171690 123.173923 123.176156 123.178667 123.180900 123.183133 123.185365 123.187598 123.190110 123.192342 123.194575 123.196808 123.199040 123.201273 123.203506 123.205739 123.208250 123.210287 123.212799 123.215031 123.217264 123.219497 123.221729 123.223962 123.226195 123.228427 123.230660 123.233172 123.235405 123.237637 123.239870 123.242382 123.244614 123.246847 123.249080 123.251395 123.253628 123.255861 123.258093 123.260326 123.262838 123.265071 123.267303 123.269536 123.271769 123.274001 123.276234 123.278467 123.280699 123.283211
123.156537 123.158769 123.161281 123.163514 123.165746 123.168062 123.170295 123.172527 123.174760 123.176993 123.179225 123.181737 123.183970 123.186203 123.188435 123.190947 123.193180 123.195412 123.197645 123.199878 123.202110 123.204343 123.206576 123.208892 123.211403 123.213636 123.215869 123.218101 123.220334 123.222567 123.224799 123.227032 123.229265 123.231776 123.234009 123.236242 123.238474 123.240986 123.243219 123.245452 123.247684 123.249917 123.252233 123.254465 123.256698 123.258931 123.261442 123.263675 123.265908 123.268141 123.270373 123.272606 123.274839 123.277071 123.279304 123.281816 123.284048 123.286281 123.288514 123.290746 123.293062
123.166025 123.168341 123.170574 123.172807 123.175039 123.177272 123.179505 123.181737 123.183691 123.185924 123.188156 123.190389 123.192622 123.194854 123.197087 123.199320 123.201552 123.203785 123.206297 123.208612 123.210845 123.213078 123.215310 123.217543 123.219776 123.222008 123.224520 123.226753 123.228986 123.231218 123.233451 123.235963 123.238195 123.240428 123.242661 123.244893 123.247126 123.249359 123.251675 123.253907 123.256419 123.258652 123.260884 123.263117 123.265350 123.267582 123.269815 123.272048 123.274280 123.276792 123.279025 123.281257 123.283490 123.286002 123.288235 123.290467 123.292504 123.295016 123.297248 123.299481 123.301714
123.175597 123.177830 123.180342 123.182574 123.184807 123.187040 123.189552 123.191784 123.194017 123.196250 123.198482 123.200715 123.202948 123.205180 123.207413 123.209729 123.212241 123.214473 123.216706 123.218939 123.221450 123.223683 123.225916 123.228148 123.230381 123.232614 123.234846 123.237079 123.239312 123.241823 123.244056 123.246289 123.248522 123.250558 123.253070 123.255303 123.257535 123.259768 123.262280 123.264512 123.266745 123.268978 123.271210 123.273443 123.275676 123.277908 123.280141 123.282653 123.284886 123.287118 123.289351 123.291667 123.293899 123.296411 123.298644 123.300876 123.303109 123.305342 123.307574 123.309807 123.312040
123.185644 123.187877 123.190110 123.192622 123.194854 123.197087 123.199320 123.201552 123.203785 123.206018 123.208250 123.210566 123.213078 123.215310 123.217543 123.219776 123.222008 123.224241 123.226474 123.228707 123.231218 123.233451 123.235684 123.237916 123.240149 123.242661 123.244893 123.247126 123.249359 123.251675 123.253907 123.256140 123.258373 123.260605 123.263117 123.265350 123.267582 123.269815 123.272048 123.274280 123.276513 123.278746 123.281257 123.283490 123.285723 123.287956 123.290188 123.292504 123.294737 123.296969 123.299202 123.301435 123.303667 123.306179 123.308412 123.310644 123.312877 123.315389 123.317622 123.319854 123.322087
123.194854 123.197087 123.199320 123.201552 123.203785 123.206297 123.208612 123.210845 123.213078 123.215310 123.217543 123.219776 123.222008 123.224241 123.226753 123.228986 123.231218 123.233451 123.235684 123.238195 123.240428 123.242661 123.244893 123.247126 123.249359 123.251675 123.253907 123.256419 123.258652 123.260884 123.263117 123.265350 123.267582 123.269815 123.272048 123.274280 123.276792 123.279025 123.281257 123.283490 123.285723 123.288235 123.290467 123.292504 123.294737 123.297248 123.299481 123.301714 123.303946 123.306458 123.308691 123.310924 123.313156 123.315389 123.317622 123.319854 123.322087 123.324320 123.326831 123.329064 123.331297
123.204064 123.206297 123.208612 123.210845 123.213078 123.215310 123.217543 123.219776 123.222288 123.224520 123.226753 123.228986 123.231497 123.233730 123.235963 123.238195 123.240428 123.242661 123.244893 123.247126 123.249359 123.251954 123.254186 123.256419 123.258652 123.260884 123.263117 123.265350 123.267582 123.269815 123.272327 123.274559 123.276792 123.279025 123.281537 123.283769 123.286002 123.288235 123.290467 123.292783 123.295016 123.297248 123.299481 123.301993 123.304225 123.306458 123.308691 123.310924 123.313156 123.315389 123.317622 123.319854 123.322366 123.324599 123.326831 123.329064 123.331576 123.333612 123.335845 123.338078 123.340310
123.213915 123.216148 123.218380 123.220613 123.222846 123.225357 123.227590 123.229823 123.232056 123.234567 123.236800 123.239033 123.241265 123.243498 123.245731 123.247963 123.250279 123.252512 123.255024 123.257256 123.259489 123.261722 123.263954 123.266187 123.268420 123.270652 123.272885 123.275397 123.277629 123.279862 123.282095 123.284607 123.286839 123.289072 123.291305 123.293341 123.295853 123.298086 123.300318 123.302551 123.305063 123.307295 123.309528 123.311761 123.313993 123.316226 123.318459 123.320691 123.322924 123.325436 123.327669 123.329901 123.332134 123.334450 123.336682 123.338915 123.341148 123.343380 123.345892 123.348125 123.350357
123.223683 123.225916 123.228427 123.230660 123.232893 123.235125 123.237637 123.239870 123.242103 123.244335 123.246568 123.248801 123.251116 123.253349 123.255582 123.258093 123.260326 123.262559 123.264791 123.267024 123.269257 123.271490 123.273722 123.275955 123.278467 123.280699 123.282932 123.285165 123.287676 123.289909 123.291946 123.294178 123.296690 123.298923 123.301156 123.303388 123.305621 123.308133 123.310365 123.312598 123.314831 123.317063 123.319296 123.321529 123.323761 123.325994 123.328506 123.330739 123.332971 123.335287 123.337520 123.339752 123.341985 123.344218 123.346450 123.348962 123.351195 123.353427 123.355660 123.358172 123.360405
123.233172 123.235405 123.237637 123.239870 123.242103 123.244335 123.246568 123.248801 123.251116 123.253628 123.255861 123.258093 123.260326 123.262559 123.264791 123.267024 123.269257 123.271769 123.274001 123.276234 123.278467 123.280699 123.283211 123.285444 123.287676 123.289909 123.292225 123.294458 123.296690 123.298923 123.301156 123.303388 123.305900 123.308133 123.310365 123.312598 123.315110 123.317063 123.319296 123.321529 123.323761 123.326273 123.328506 123.330739 123.332971 123.335287 123.337520 123.339752 123.341985 123.344218 123.346729 123.348962 123.351195 123.353427 123.355939 123.358172 123.360405 123.362637 123.364870 123.367103 123.369335
123.242940 123.245173 123.247405 123.249638 123.251954 123.254465 123.256698 123.258931 123.261163 123.263396 123.265629 123.267861 123.270094 123.272327 123.274839 123.277071 123.279304 123.281537 123.283769 123.286281 123.288514 123.290746 123.292783 123.295295 123.297527 123.299760 123.301993 123.304505 123.306737 123.308970 123.311203 123.313435 123.315668 123.317901 123.320133 123.322366 123.324878 123.327110 123.329343 123.331576 123.333892 123.336124 123.338357 123.340590 123.342822 123.345334 123.347567 123.349799 123.352032 123.354544 123.356776 123.359009 123.361242 123.363474 123.365707 123.367940 123.370173 123.372405 123.374638 123.376395 123.378628
123.251954 123.254465 123.256698 123.258931 123.261163 123.263675 123.265908 123.268141 123.270373 123.272606 123.274839 123.277071 123.279304 123.281537 123.284048 123.286281 123.288514 123.290746 123.293062 123.295295 123.297527 123.299760 123.301993 123.304505 123.306737 123.308970 123.311203 123.313714 123.315947 123.318180 123.320412 123.322645 123.324878 123.327110 123.329343 123.331576 123.334171 123.336403 123.338357 123.340590 123.343101 123.345334 123.347567 123.349799 123.352032 123.354544 123.356776 123.359009 123.361242 123.363474 123.365707 123.367940 123.370173 123.372684 123.374917 123.377233 123.379465 123.381698 123.383931 123.386163 123.388396
123.262280 123.264233 123.266466 123.268699 123.270931 123.273443 123.275676 123.277908 123.280141 123.282653 123.284886 123.287118 123.289351 123.291584 123.293899 123.296132 123.298365 123.300597 123.303109 123.305342 123.307574 123.309807 123.312040 123.314273 123.316505 123.318738 123.320971 123.323482 123.325715 123.327948 123.330180 123.332692 123.334729 123.336961 123.339194 123.341427 123.343939 123.346171 123.348404 123.350637 123.353148 123.355381 123.357614 123.359846 123.362079 123.364312 123.366544 123.368777 123.371010 123.373522 123.375837 123.378070 123.380303 123.382535 123.384768 123.387001 123.389233 123.391466 123.393978 123.396210 123.398443
123.271210 123.273443 123.275676 123.278188 123.280420 123.282653 123.284886 123.287118 123.289351 123.291584 123.293899 123.296132 123.298644 123.300876 123.303109 123.305342 123.307574 123.309807 123.312040 123.314273 123.316505 123.319017 123.321250 123.323482 123.325715 123.328227 123.330459 123.332692 123.334729 123.336961 123.339473 123.341706 123.343939 123.346171 123.348683 123.350916 123.353148 123.355381 123.357614 123.359846 123.362079 123.364312 123.366544 123.369056 123.371289 123.373522 123.375837 123.378070 123.380303 123.382535 123.384768 123.387001 123.389512 123.391745 123.393978 123.396210 123.398722 123.400955 123.403188 123.405420 123.407653
123.280978 123.283490 123.285723 123.287956 123.290188 123.292504 123.294737 123.296969 123.299202 123.301435 123.303946 123.306179 123.308412 123.310644 123.313156 123.315389 123.317622 123.319854 123.322087 123.324320 123.326552 123.328785 123.331018 123.333612 123.335845 123.338078 123.340310 123.342543 123.344776 123.347008 123.349241 123.351474 123.353986 123.356218 123.358451 123.360684 123.363195 123.365428 123.367382 123.369614 123.371847 123.374359 123.376675 123.378907 123.381140 123.383373 123.385605 123.388117 123.390350 123.392582 123.394815 123.397048 123.399280 123.401792 123.404025 123.406257 123.408490 123.410723 123.412956 123.415188 0.000000
123.289909 123.291946 123.294458 123.296690 123.298923 123.301156 123.303388 123.305900 123.308133 123.310086 123.312319 123.314831 123.317063 123.319296 123.321529 123.324040 123.326273 123.328506 123.330739 123.332971 123.335287 123.337520 123.339752 123.341985 123.344497 123.346729 123.348962 123.351195 123.353427 123.355660 123.357893 123.360125 123.362358 123.364870 123.367103 123.369335 123.371568 123.374080 123.376116 123.378349 123.380582 123.382814 123.385326 123.387559 123.389791 123.392024 123.394536 123.396769 123.399001 123.401234 123.403467 123.405699 123.407932 123.410165 123.412397 123.414909 0.000000 0.000000 0.000000 0.000000 0.000000
123.300318 123.302551 123.304784 123.307016 123.309249 123.311482 123.313714 123.315947 123.318459 123.320691 123.322924 123.325157 123.327390 123.329901 123.332134 123.334171 123.336403 123.338915 123.341148 123.343380 123.345613 123.348125 123.350357 123.352590 123.354823 123.357056 123.359288 123.361521 123.363754 123.365986 123.368498 123.370731 123.372963 123.375279 123.377512 123.379744 123.381977 123.384210 123.386442 123.388954 123.391187 123.393420 123.395652 123.398164 123.400397 123.402629 123.404862 123.407095 123.409327 123.411560 123.413793 123.416025 0.000000 0.000000 0.000000 0.000000 0.000000 0.000000 0.000000 0.000000 0.000000
123.310086 123.312319 123.314831 123.317063 123.319296 123.321529 123.323761 123.325994 123.328227 123.330459 123.332692 123.335008 123.337520 123.339752 123.341985 123.344218 123.346729 123.348962 123.350916 123.353148 123.355381 123.357893 123.360125 123.362358 123.364591 123.367103 123.369335 123.371568 123.373801 123.375837 123.378349 123.380582 123.382814 123.385047 123.387280 123.389512 123.391745 123.393978 123.396210 123.398443 123.400676 123.402908 123.405141 123.407374 123.409607 123.411839 123.414072 123.416305 0.000000 0.000000 0.000000 0.000000 0.000000 0.000000 0.000000 0.000000 0.000000 0.000000 0.000000 0.000000 0.000000
123.319296 123.321808 123.324040 123.326273 123.328506 123.330739 123.332971 123.335287 123.337520 123.339752 123.342264 123.344497 123.346729 123.348962 123.350916 123.353427 123.355660 123.357893 123.360125 123.362637 123.364870 123.367103 123.369335 123.371568 123.373801 123.376116 123.378349 123.380582 123.383093 123.385326 123.387559 123.389791 123.392024 123.394257 123.396490 123.398722 123.400955 123.403467 123.405699 123.407932 123.410165 123.412676 123.414909 0.000000 0.000000 0.000000 0.000000 0.000000 0.000000 0.000000 0.000000 0.000000 0.000000 0.000000 0.000000 0.000000 0.000000 0.000000 0.000000 0.000000 0.000000
123.329064 123.331576 123.333892 123.336124 123.338357 123.340590 123.342822 123.345055 123.347288 123.349520 123.352032 123.354265 123.356497 123.358730 123.361242 123.363474 123.365707 123.367940 123.370173 123.372405 123.374638 123.376954 123.379186 123.381698 123.383931 123.386163 123.388396 123.390629 123.392861 123.395094 123.397327 123.399559 123.402071 123.404304 123.406537 123.408769 123.411281 123.413514 123.415746 0.000000 0.000000 0.000000 0.000000 0.000000 0.000000 0.000000 0.000000 0.000000 0.000000 0.000000 0.000000 0.000000 0.000000 0.000000 0.000000 0.000000 0.000000 0.000000 0.000000 0.000000 0.000000
