FireSTARR/test/constant/O1a_S060_A180_WD180_WS020/arrival.asc
ncols         732
nrows         141
xllcorner     426603.990666
yllcorner     12747755.311160
cellsize      100.000000
NODATA_value  0.000000
[rows 81 to 107 of 141, columns 305 to 365 of 732]
123.218939 123.221171 123.223404 123.225637 123.227869 123.230381 123.232614 123.234846 123.237079 123.239312 123.241823 123.244056 123.246289 123.248522 123.250837 123.253070 123.255303 123.257535 123.259768 123.262001 123.264512 123.266745 123.268978 123.271210 123.273722 123.275955 123.278188 123.280141 123.282374 123.284886 123.287118 123.289351 123.291584 123.294178 123.296132 123.298365 123.300597 123.303109 123.305342 123.307574 123.309807 123.312040 123.314552 123.316784 123.319017 123.321250 123.323482 123.325715 123.327948 123.330180 123.332413 123.334729 123.337241 123.339473 123.341706 123.343939 123.346450 123.348683 123.350916 123.353148 123.355381
123.228148 123.230381 123.232614 123.235125 123.237358 123.239591 123.241823 123.244056 123.246289 123.248522 123.250837 123.253070 123.255582 123.257814 123.260047 123.262280 123.264512 123.266745 123.268978 123.271210 123.273443 123.275955 123.278188 123.280420 123.282653 123.285165 123.287397 123.289630 123.291667 123.293899 123.296411 123.298644 123.300876 123.303109 123.305621 123.307854 123.310086 123.312319 123.314552 123.316784 123.319017 123.321250 123.323482 123.325994 123.328227 123.330459 123.332692 123.335008 123.337241 123.339473 123.341706 123.343939 123.346450 123.348683 123.350916 123.353148 123.355660 123.357893 123.359846 123.362079 123.364312
123.237916 123.240428 123.242661 123.244893 123.247126 123.249359 123.251675 123.253907 123.256140 123.258373 123.260884 123.263117 123.265350 123.267582 123.269815 123.272327 123.274559 123.276792 123.279025 123.281257 123.283490 123.285723 123.287956 123.290188 123.292783 123.295016 123.297248 123.299481 123.301714 123.303946 123.306179 123.308412 123.310924 123.313156 123.315389 123.317622 123.319854 123.322087 123.324320 123.326552 123.328785 123.331297 123.333612 123.335845 123.338078 123.340310 123.342543 123.344776 123.347008 123.349241 123.351753 123.353986 123.356218 123.358451 123.360963 123.363195 123.365428 123.367661 123.369893 123.372126 123.374359
123.247126 123.249359 123.251675 123.254186 123.256419 123.258652 123.260884 123.263117 123.265350 123.267582 123.269815 123.272048 123.274559 123.276792 123.279025 123.281257 123.283769 123.286002 123.288235 123.290467 123.292783 123.295016 123.297248 123.299481 123.301714 123.304225 123.306458 123.308691 123.310924 123.313156 123.315389 123.317622 123.319854 123.322087 123.324599 123.326831 123.329064 123.331297 123.333612 123.335845 123.338078 123.340310 123.342543 123.344776 123.347288 123.349520 123.351753 123.353986 123.356497 123.358730 123.360963 123.363195 123.365428 123.367661 123.369893 123.372126 123.374359 123.376954 123.379186 123.381419 123.383652
123.257256 123.259489 123.261722 123.263954 123.266187 123.268420 123.270652 123.272885 123.275397 123.277629 123.279862 123.282095 123.284327 123.286839 123.289072 123.291305 123.293341 123.295853 123.298086 123.300318 123.302551 123.304784 123.307295 123.309528 123.311761 123.313993 123.316226 123.318459 123.320691 123.322924 123.325436 123.327669 123.329901 123.332134 123.334450 123.336682 123.338915 123.341148 123.343380 123.345892 123.348125 123.350357 123.352590 123.354823 123.356776 123.359009 123.361521 123.363754 123.365986 123.368219 123.370731 123.372963 123.375000 123.377233 123.379744 123.381977 123.384210 123.386442 123.388675 123.391187 123.393420
123.266187 123.268420 123.270931 123.273164 123.275397 123.277629 123.279862 123.282374 123.284607 123.286839 123.289072 123.291305 123.293620 123.295853 123.298086 123.300318 123.302551 123.305063 123.307295 123.309528 123.311761 123.314273 123.316505 123.318738 123.320971 123.323203 123.325436 123.327669 123.329901 123.332134 123.334171 123.336403 123.338636 123.340869 123.343101 123.345334 123.347567 123.349799 123.352032 123.354265 123.356497 123.358730 123.360963 123.363474 123.365707 123.367940 123.370173 123.372405 123.374917 123.376954 123.379186 123.381419 123.383931 123.386163 123.388396 123.390629 123.392861 123.395373 123.397327 123.399559 123.401792
123.275676 123.277908 123.280141 123.282374 123.284607 123.286839 123.289072 123.291305 123.293620 123.296132 123.298365 123.300597 123.302830 123.305063 123.307295 123.309528 123.311761 123.313993 123.316505 123.318738 123.320971 123.323203 123.325715 123.327948 123.330180 123.332413 123.334450 123.336961 123.339194 123.341427 123.343659 123.346171 123.348404 123.350637 123.352869 123.355102 123.357335 123.359567 123.361800 123.364033 123.366544 123.368777 123.371010 123.373242 123.375558 123.377791 123.380024 123.382256 123.384489 123.387001 123.389233 123.391466 123.393699 123.396210 123.398443 123.400676 123.402908 123.404862 123.407374 123.409607 123.411839
123.285444 123.287676 123.289909 123.292225 123.294458 123.296690 123.298923 123.301435 123.303667 123.305900 123.308133 123.310365 123.312877 123.315110 123.317342 123.319575 123.321808 123.324040 123.326273 123.328506 123.330739 123.333250 123.335566 123.337799 123.340031 123.342264 123.344497 123.346729 123.348962 123.351474 123.353707 123.355939 123.358172 123.360405 123.362916 123.364870 123.367103 123.369335 123.371847 123.374080 123.376395 123.378628 123.380861 123.383093 123.385326 123.387559 123.389791 123.392303 123.394536 123.396769 123.399001 123.401513 123.403746 123.405978 123.408211 123.410444 123.412676 123.414909 0.000000 0.000000 0.000000
123.295295 123.297527 123.299760 123.301993 123.304505 123.306737 123.308970 123.311203 123.313435 123.315947 123.318180 123.320412 123.322645 123.324878 123.327110 123.329343 123.331576 123.334171 123.336403 123.338636 123.340869 123.343101 123.345334 123.347567 123.349799 123.352032 123.354544 123.356776 123.359009 123.361242 123.363474 123.365986 123.367940 123.370173 123.372684 123.374917 123.377233 123.379465 123.381698 123.383931 123.386163 123.388396 123.390629 123.392861 123.395094 123.397327 123.399559 123.401792 123.404025 123.406257 123.408490 123.410723 123.412956 123.414909 0.000000 0.000000 0.000000 0.000000 0.000000 0.000000 0.000000
123.303946 123.306458 123.308691 123.310924 123.312877 123.315389 123.317622 123.319854 123.322087 123.324320 123.326831 123.329064 123.331297 123.333333 123.335845 123.338078 123.340310 123.342543 123.345055 123.347288 123.349520 123.351753 123.353986 123.356218 123.358451 123.360684 123.362916 123.365428 123.367661 123.369893 123.372126 123.374359 123.376675 123.379186 123.381419 123.383652 123.385884 123.388117 123.390350 123.392582 123.394815 123.397048 123.399559 123.401792 123.404025 123.406257 123.408769 123.410723 123.412956 123.415188 0.000000 0.000000 0.000000 0.000000 0.000000 0.000000 0.000000 0.000000 0.000000 0.000000 0.000000
123.314552 123.316784 123.319017 123.321250 123.323482 123.325994 123.328227 123.330180 123.332413 123.335008 123.337241 123.339473 123.341706 123.343939 123.346171 123.348404 123.350637 123.352869 123.355381 123.357614 123.359846 123.362079 123.364312 123.366823 123.369056 123.371289 123.373522 123.375837 123.378070 123.380303 123.382535 123.384768 123.387001 123.389512 123.391745 123.393978 123.396210 123.398722 123.400955 123.403188 123.405420 123.407653 123.409886 123.412118 123.414351 123.416584 0.000000 0.000000 0.000000 0.000000 0.000000 0.000000 0.000000 0.000000 0.000000 0.000000 0.000000 0.000000 0.000000 0.000000 0.000000
123.324320 123.326552 123.328785 123.331018 123.333250 123.335845 123.338078 123.340310 123.342543 123.344776 123.347008 123.349241 123.351474 123.353707 123.356218 123.358451 123.360684 123.362916 123.365428 123.367661 123.369893 123.372126 123.374359 123.376395 123.378907 123.381140 123.383373 123.385605 123.388117 123.390350 123.392582 123.394815 123.397048 123.399280 123.401513 123.403746 123.405978 123.408490 123.410723 123.412956 123.415188 0.000000 0.000000 0.000000 0.000000 0.000000 0.000000 0.000000 0.000000 0.000000 0.000000 0.000000 0.000000 0.000000 0.000000 0.000000 0.000000 0.000000 0.000000 0.000000 0.000000
123.333333 123.335566 123.338078 123.340310 123.342543 123.344776 123.347288 123.349520 123.351753 123.353986 123.356218 123.358451 123.360684 123.362916 123.365149 123.367661 123.369893 123.372126 123.374359 123.376675 123.378907 123.381140 123.383373 123.385605 123.388117 123.390350 123.392582 123.394815 123.397327 123.399559 123.401792 123.404025 123.406257 123.408490 123.410723 123.412956 123.415188 0.000000 0.000000 0.000000 0.000000 0.000000 0.000000 0.000000 0.000000 0.000000 0.000000 0.000000 0.000000 0.000000 0.000000 0.000000 0.000000 0.000000 0.000000 0.000000 0.000000 0.000000 0.000000 0.000000 0.000000
123.342822 123.345055 123.347288 123.349520 123.351753 123.353986 123.356218 123.358451 123.360684 123.363195 123.365428 123.367661 123.369893 123.372405 123.374638 123.376675 123.378907 123.381140 123.383652 123.385884 123.388117 123.390350 123.392861 123.395094 123.397327 123.399559 123.401792 123.404025 123.406257 123.408490 123.410723 123.413235 123.415467 0.000000 0.000000 0.000000 0.000000 0.000000 0.000000 0.000000 0.000000 0.000000 0.000000 0.000000 0.000000 0.000000 0.000000 0.000000 0.000000 0.000000 0.000000 0.000000 0.000000 0.000000 0.000000 0.000000 0.000000 0.000000 0.000000 0.000000 0.000000
123.352590 123.355102 123.357056 123.359288 123.361521 123.363754 123.366265 123.368498 123.370731 123.372963 123.375279 123.377512 123.379744 123.381977 123.384489 123.386722 123.388954 123.391187 123.393420 123.395931 123.398164 123.400397 123.402629 123.404862 123.407095 123.409327 123.411560 123.413793 123.416305 0.000000 0.000000 0.000000 0.000000 0.000000 0.000000 0.000000 0.000000 0.000000 0.000000 0.000000 0.000000 0.000000 0.000000 0.000000 0.000000 0.000000 0.000000 0.000000 0.000000 0.000000 0.000000 0.000000 0.000000 0.000000 0.000000 0.000000 0.000000 0.000000 0.000000 0.000000 0.000000
123.362358 123.364591 123.367103 123.369335 123.371568 123.373801 123.376116 123.378628 123.380582 123.382814 123.385047 123.387559 123.389791 123.392024 123.394257 123.396490 123.399001 123.401234 123.403467 123.405699 123.407932 123.410165 123.412397 123.414630 0.000000 0.000000 0.000000 0.000000 0.000000 0.000000 0.000000 0.000000 0.000000 0.000000 0.000000 0.000000 0.000000 0.000000 0.000000 0.000000 0.000000 0.000000 0.000000 0.000000 0.000000 0.000000 0.000000 0.000000 0.000000 0.000000 0.000000 0.000000 0.000000 0.000000 0.000000 0.000000 0.000000 0.000000 0.000000 0.000000 0.000000
123.371568 123.373801 123.376116 123.378628 123.380861 123.383093 123.385326 123.387559 123.390071 123.392303 123.394257 123.396490 123.398722 123.400955 123.403188 123.405420 123.407653 123.409886 123.412118 123.414351 123.416584 0.000000 0.000000 0.000000 0.000000 0.000000 0.000000 0.000000 0.000000 0.000000 0.000000 0.000000 0.000000 0.000000 0.000000 0.000000 0.000000 0.000000 0.000000 0.000000 0.000000 0.000000 0.000000 0.000000 0.000000 0.000000 0.000000 0.000000 0.000000 0.000000 0.000000 0.000000 0.000000 0.000000 0.000000 0.000000 0.000000 0.000000 0.000000 0.000000 0.000000
123.380861 123.383093 123.385326 123.387559 123.389791 123.392303 123.394536 123.396769 123.399001 123.401513 123.403746 123.405978 123.408211 123.410444 123.412676 123.414909 0.000000 0.000000 0.000000 0.000000 0.000000 0.000000 0.000000 0.000000 0.000000 0.000000 0.000000 0.000000 0.000000 0.000000 0.000000 0.000000 0.000000 0.000000 0.000000 0.000000 0.000000 0.000000 0.000000 0.000000 0.000000 0.000000 0.000000 0.000000 0.000000 0.000000 0.000000 0.000000 0.000000 0.000000 0.000000 0.000000 0.000000 0.000000 0.000000 0.000000 0.000000 0.000000 0.000000 0.000000 0.000000
123.390629 123.393141 123.395373 123.397606 123.399839 123.402071 123.404583 123.406816 123.409048 123.411281 123.413514 123.415746 0.000000 0.000000 0.000000 0.000000 0.000000 0.000000 0.000000 0.000000 0.000000 0.000000 0.000000 0.000000 0.000000 0.000000 0.000000 0.000000 0.000000 0.000000 0.000000 0.000000 0.000000 0.000000 0.000000 0.000000 0.000000 0.000000 0.000000 0.000000 0.000000 0.000000 0.000000 0.000000 0.000000 0.000000 0.000000 0.000000 0.000000 0.000000 0.000000 0.000000 0.000000 0.000000 0.000000 0.000000 0.000000 0.000000 0.000000 0.000000 0.000000
123.400676 123.403188 123.405141 123.407374 123.409607 123.411839 123.414072 123.416305 0.000000 0.000000 0.000000 0.000000 0.000000 0.000000 0.000000 0.000000 0.000000 0.000000 0.000000 0.000000 0.000000 0.000000 0.000000 0.000000 0.000000 0.000000 0.000000 0.000000 0.000000 0.000000 0.000000 0.000000 0.000000 0.000000 0.000000 0.000000 0.000000 0.000000 0.000000 0.000000 0.000000 0.000000 0.000000 0.000000 0.000000 0.000000 0.000000 0.000000 0.000000 0.000000 0.000000 0.000000 0.000000 0.000000 0.000000 0.000000 0.000000 0.000000 0.000000 0.000000 0.000000
123.409886 123.412118 123.414351 123.416584 0.000000 0.000000 0.000000 0.000000 0.000000 0.000000 0.000000 0.000000 0.000000 0.000000 0.000000 0.000000 0.000000 0.000000 0.000000 0.000000 0.000000 0.000000 0.000000 0.000000 0.000000 0.000000 0.000000 0.000000 0.000000 0.000000 0.000000 0.000000 0.000000 0.000000 0.000000 0.000000 0.000000 0.000000 0.000000 0.000000 0.000000 0.000000 0.000000 0.000000 0.000000 0.000000 0.000000 0.000000 0.000000 0.000000 0.000000 0.000000 0.000000 0.000000 0.000000 0.000000 0.000000 0.000000 0.000000 0.000000 0.000000
0.000000 0.000000 0.000000 0.000000 0.000000 0.000000 0.000000 0.000000 0.000000 0.000000 0.000000 0.000000 0.000000 0.000000 0.000000 0.000000 0.000000 0.000000 0.000000 0.000000 0.000000 0.000000 0.000000 0.000000 0.000000 0.000000 0.000000 0.000000 0.000000 0.000000 0.000000 0.000000 0.000000 0.000000 0.000000 0.000000 0.000000 0.000000 0.000000 0.000000 0.000000 0.000000 0.000000 0.000000 0.000000 0.000000 0.000000 0.000000 0.000000 0.000000 0.000000 0.000000 0.000000 0.000000 0.000000 0.000000 0.000000 0.000000 0.000000 0.000000 0.000000
0.000000 0.000000 0.000000 0.000000 0.000000 0.000000 0.000000 0.000000 0.000000 0.000000 0.000000 0.000000 0.000000 0.000000 0.000000 0.000000 0.000000 0.000000 0.000000 0.000000 0.000000 0.000000 0.000000 0.000000 0.000000 0.000000 0.000000 0.000000 0.000000 0.000000 0.000000 0.000000 0.000000 0.000000 0.000000 0.000000 0.000000 0.000000 0.000000 0.000000 0.000000 0.000000 0.000000 0.000000 0.000000 0.000000 0.000000 0.000000 0.000000 0.000000 0.000000 0.000000 0.000000 0.000000 0.000000 0.000000 0.000000 0.000000 0.000000 0.000000 0.000000
0.000000 0.000000 0.000000 0.000000 0.000000 0.000000 0.000000 0.000000 0.000000 0.000000 0.000000 0.000000 0.000000 0.000000 0.000000 0.000000 0.000000 0.000000 0.000000 0.000000 0.000000 0.000000 0.000000 0.000000 0.000000 0.000000 0.000000 0.000000 0.000000 0.000000 0.000000 0.000000 0.000000 0.000000 0.000000 0.000000 0.000000 0.000000 0.000000 0.000000 0.000000 0.000000 0.000000 0.000000 0.000000 0.000000 0.000000 0.000000 0.000000 0.000000 0.000000 0.000000 0.000000 0.000000 0.000000 0.000000 0.000000 0.000000 0.000000 0.000000 0.000000
0.000000 0.000000 0.000000 0.000000 0.000000 0.000000 0.000000 0.000000 0.000000 0.000000 0.000000 0.000000 0.000000 0.000000 0.000000 0.000000 0.000000 0.000000 0.000000 0.000000 0.000000 0.000000 0.000000 0.000000 0.000000 0.000000 0.000000 0.000000 0.000000 0.000000 0.000000 0.000000 0.000000 0.000000 0.000000 0.000000 0.000000 0.000000 0.000000 0.000000 0.000000 0.000000 0.000000 0.000000 0.000000 0.000000 0.000000 0.000000 0.000000 0.000000 0.000000 0.000000 0.000000 0.000000 0.000000 0.000000 0.000000 0.000000 0.000000 0.000000 0.000000
0.000000 0.000000 0.000000 0.000000 0.000000 0.000000 0.000000 0.000000 0.000000 0.000000 0.000000 0.000000 0.000000 0.000000 0.000000 0.000000 0.000000 0.000000 0.000000 0.000000 0.000000 0.000000 0.000000 0.000000 0.000000 0.000000 0.000000 0.000000 0.000000 0.000000 0.000000 0.000000 0.000000 0.000000 0.000000 0.000000 0.000000 0.000000 0.000000 0.000000 0.000000 0.000000 0.000000 0.000000 0.000000 0.000000 0.000000 0.000000 0.000000 0.000000 0.000000 0.000000 0.000000 0.000000 0.000000 0.000000 0.000000 0.000000 0.000000 0.000000 0.000000
0.000000 0.000000 0.000000 0.000000 0.000000 0.000000 0.000000 0.000000 0.000000 0.000000 0.000000 0.000000 0.000000 0.000000 0.000000 0.000000 0.000000 0.000000 0.000000 0.000000 0.000000 0.000000 0.000000 0.000000 0.000000 0.000000 0.000000 0.000000 0.000000 0.000000 0.000000 0.000000 0.000000 0.000000 0.000000 0.000000 0.000000 0.000000 0.000000 0.000000 0.000000 0.000000 0.000000 0.000000 0.000000 0.000000 0.000000 0.000000 0.000000 0.000000 0.000000 0.000000 0.000000 0.000000 0.000000 0.000000 0.000000 0.000000 0.000000 0.000000 0.000000
