FireSTARR/test/constant/O1a_S060_A180_WD180_WS020/arrival.asc
ncols         732
nrows         141
xllcorner     426603.990666
yllcorner     12747755.311160
cellsize      100.000000
NODATA_value  0.000000
[rows 54 to 80 of 141, columns 305 to 365 of 732]
0.000000 0.000000 0.000000 0.000000 0.000000 0.000000 0.000000 0.000000 0.000000 0.000000 0.000000 0.000000 0.000000 0.000000 0.000000 0.000000 0.000000 0.000000 0.000000 0.000000 0.000000 0.000000 0.000000 0.000000 0.000000 0.000000 0.000000 0.000000 0.000000 0.000000 0.000000 0.000000 0.000000 0.000000 0.000000 0.000000 0.000000 0.000000 0.000000 0.000000 0.000000 0.000000 0.000000 0.000000 0.000000 0.000000 0.000000 0.000000 0.000000 0.000000 0.000000 0.000000 0.000000 0.000000 0.000000 123.416305 123.415746 123.414630 123.404862 123.398443 123.393141
0.000000 0.000000 0.000000 0.000000 0.000000 0.000000 0.000000 0.000000 0.000000 0.000000 0.000000 0.000000 0.000000 0.000000 0.000000 0.000000 0.000000 0.000000 0.000000 0.000000 0.000000 0.000000 0.000000 0.000000 0.000000 0.000000 0.000000 0.000000 0.000000 0.000000 0.000000 0.000000 0.000000 0.000000 0.000000 0.000000 0.000000 0.000000 0.000000 0.000000 0.000000 0.000000 0.000000 0.000000 0.000000 0.000000 0.000000 0.000000 0.000000 0.000000 123.412397 123.411281 123.407653 123.407653 123.399559 123.392303 123.383373 123.381419 123.373242 123.372405 123.369056
0.000000 0.000000 0.000000 0.000000 0.000000 0.000000 0.000000 0.000000 0.000000 0.000000 0.000000 0.000000 0.000000 0.000000 0.000000 0.000000 0.000000 0.000000 0.000000 0.000000 0.000000 0.000000 0.000000 0.000000 0.000000 0.000000 0.000000 0.000000 0.000000 0.000000 0.000000 0.000000 0.000000 0.000000 0.000000 0.000000 0.000000 0.000000 0.000000 0.000000 0.000000 0.000000 0.000000 0.000000 123.412956 123.408490 123.407932 123.404025 123.402071 123.397606 123.388675 123.378907 123.375279 123.369335 123.365707 123.360684 123.360405 123.357056 123.354265 123.349799 123.343659
0.000000 0.000000 0.000000 0.000000 0.000000 0.000000 0.000000 0.000000 0.000000 0.000000 0.000000 0.000000 0.000000 0.000000 0.000000 0.000000 0.000000 0.000000 0.000000 0.000000 0.000000 0.000000 0.000000 0.000000 0.000000 0.000000 0.000000 0.000000 0.000000 0.000000 0.000000 0.000000 0.000000 0.000000 0.000000 0.000000 0.000000 0.000000 123.415746 123.409607 123.404583 123.400955 123.399001 123.394257 123.389512 123.385605 123.374638 123.372684 123.367103 123.361800 123.357056 123.354823 123.352869 123.347567 123.345892 123.338357 123.333250 123.331018 123.325436 123.320971 123.320691
0.000000 0.000000 0.000000 0.000000 0.000000 0.000000 0.000000 0.000000 0.000000 0.000000 0.000000 0.000000 0.000000 0.000000 0.000000 0.000000 0.000000 0.000000 0.000000 0.000000 0.000000 0.000000 0.000000 0.000000 0.000000 0.000000 0.000000 0.000000 0.000000 0.000000 0.000000 0.000000 123.415188 123.406257 123.405978 123.400955 123.397606 123.393699 123.388117 123.380861 123.378907 123.375837 123.369335 123.362637 123.361521 123.353148 123.351474 123.349241 123.343380 123.338915 123.336682 123.327669 123.325715 123.325157 123.317342 123.312040 123.310924 123.308412 123.308133 123.301435 123.299760
0.000000 0.000000 0.000000 0.000000 0.000000 0.000000 0.000000 0.000000 0.000000 0.000000 0.000000 0.000000 0.000000 0.000000 0.000000 0.000000 0.000000 0.000000 0.000000 0.000000 0.000000 0.000000 0.000000 0.000000 0.000000 0.000000 123.414351 123.409048 123.402629 123.399001 123.395931 123.393141 123.389791 123.385047 123.377233 123.374080 123.369614 123.365707 123.358451 123.350078 123.349520 123.347567 123.344776 123.341427 123.334729 123.331297 123.326273 123.322366 123.315389 123.313993 123.308133 123.305342 123.305063 123.298644 123.298086 123.293899 123.293062 123.290188 123.287397 123.285165 123.282653
0.000000 0.000000 0.000000 0.000000 0.000000 0.000000 0.000000 0.000000 0.000000 0.000000 0.000000 0.000000 0.000000 0.000000 0.000000 0.000000 0.000000 0.000000 0.000000 0.000000 0.000000 123.409886 123.404025 123.398164 123.395652 123.393141 123.388954 123.387838 123.377233 123.373522 123.371289 123.365986 123.359288 123.357335 123.346171 123.344497 123.343380 123.339194 123.337520 123.329343 123.327669 123.322645 123.318459 123.312040 123.308691 123.304225 123.301993 123.301993 123.294737 123.291667 123.289909 123.287118 123.286560 123.281816 123.281537 123.279304 123.277629 123.271210 123.267861 123.266187 123.265071
0.000000 0.000000 0.000000 0.000000 0.000000 0.000000 0.000000 0.000000 0.000000 0.000000 0.000000 0.000000 0.000000 0.000000 123.416584 123.407095 123.406816 123.398443 123.394815 123.390071 123.389233 123.385605 123.376675 123.373242 123.367940 123.362916 123.360963 123.360684 123.348683 123.342543 123.340310 123.340310 123.334450 123.329901 123.324599 123.320412 123.316226 123.309528 123.308412 123.305900 123.300039 123.297527 123.295853 123.290467 123.289909 123.286839 123.283490 123.281257 123.278467 123.276513 123.274001 123.268420 123.266466 123.263954 123.261722 123.260884 123.260047 123.258373 123.255582 123.253070 123.249917
0.000000 0.000000 0.000000 0.000000 0.000000 0.000000 0.000000 0.000000 0.000000 123.414909 123.404025 123.401792 123.397885 123.388396 123.387001 123.382256 123.381419 123.374080 123.369056 123.365428 123.359288 123.356776 123.349520 123.347008 123.338078 123.336961 123.334450 123.329622 123.326552 123.320133 123.316505 123.313156 123.305900 123.302551 123.297248 123.296690 123.293620 123.291946 123.286839 123.283490 123.280420 123.278746 123.275397 123.273164 123.270931 123.270652 123.264512 123.260605 123.258931 123.258652 123.256698 123.255024 123.252233 123.250000 123.249917 123.246568 123.243777 123.241823 123.238754 123.238474 123.235963
0.000000 0.000000 0.000000 123.416584 123.410165 123.407932 123.398722 123.391745 123.384210 123.381419 123.378349 123.377233 123.371568 123.362637 123.361242 123.353707 123.350637 123.345892 123.339752 123.338357 123.331018 123.330739 123.325157 123.322087 123.318180 123.309807 123.305342 123.303667 123.299202 123.293062 123.291305 123.288793 123.286839 123.280978 123.280420 123.276792 123.274839 123.271210 123.269536 123.267303 123.261722 123.259768 123.257256 123.255303 123.254186 123.253349 123.251675 123.248522 123.246568 123.243219 123.240428 123.239870 123.238754 123.235125 123.233172 123.232614 123.231218 123.228707 123.226753 123.225916 123.223962
123.400955 123.395652 123.386163 123.382814 123.378070 123.374638 123.372963 123.366544 123.359009 123.358172 123.352311 123.343101 123.342543 123.335845 123.333892 123.328785 123.324878 123.321808 123.318459 123.318459 123.309807 123.300318 123.295853 123.290746 123.289351 123.287118 123.285444 123.283211 123.277071 123.273722 123.271769 123.270373 123.267303 123.263954 123.262280 123.257535 123.253907 123.252233 123.252233 123.249917 123.248522 123.247126 123.243777 123.242103 123.239312 123.236521 123.235405 123.232056 123.231776 123.229265 123.227869 123.226474 123.225078 123.223125 123.222288 123.219776 123.219776 123.216985 123.216427 123.215590 123.213636
123.370731 123.366265 123.366265 123.355939 123.352032 123.346450 123.340869 123.337241 123.332413 123.329064 123.326552 123.318459 123.315389 123.315110 123.313156 123.306179 123.296411 123.291584 123.286839 123.285444 123.282095 123.280141 123.279862 123.273443 123.269815 123.268141 123.265908 123.262280 123.260326 123.256698 123.253907 123.250558 123.248522 123.247405 123.246289 123.245173 123.241823 123.239870 123.239312 123.235963 123.232614 123.232335 123.228707 123.226474 123.226195 123.224241 123.221450 123.220892 123.219218 123.217264 123.216427 123.213915 123.213915 123.213078 123.210566 123.210287 123.209450 123.206576 123.206855 123.207413 123.207971
123.341985 123.338078 123.329064 123.328227 123.324878 123.322366 123.315947 123.311761 123.306179 123.302272 123.294458 123.292783 123.287676 123.287397 123.280420 123.279025 123.276513 123.273164 123.268978 123.265629 123.264233 123.261442 123.258093 123.254744 123.253070 123.250279 123.246847 123.244614 123.242940 123.241823 123.239033 123.237358 123.235684 123.232614 123.229823 123.229265 123.226474 123.224241 123.223125 123.221171 123.219218 123.217543 123.216706 123.214752 123.213357 123.213636 123.210566 123.209729 123.208892 123.207134 123.206297 123.203785 123.203506 123.203785 123.204343 123.205180 123.205739 123.206297 123.207134 123.209450 123.211682
123.318180 123.308691 123.307854 123.301714 123.298923 123.289630 123.289351 123.284048 123.279583 123.275676 123.273443 123.270931 123.270094 123.267024 123.262280 123.258931 123.258093 123.254465 123.249917 123.246847 123.244056 123.243498 123.241265 123.239591 123.237916 123.235405 123.233172 123.232893 123.229265 123.225916 123.223404 123.223125 123.220055 123.219776 123.217822 123.217822 123.214194 123.213357 123.210287 123.210008 123.207413 123.207692 123.206297 123.204064 123.204064 123.203227 123.200157 123.200436 123.200994 123.201552 123.202110 123.202669 123.203227 123.205459 123.207692 123.209729 123.211961 123.214194 123.216427 123.218659 123.220892
123.285723 123.280978 123.280699 123.279025 123.274280 123.270094 123.267303 123.265350 123.265350 123.257814 123.255582 123.251395 123.247684 123.246568 123.243498 123.240149 123.237916 123.236242 123.234567 123.234288 123.231497 123.229265 123.225916 123.223125 123.222567 123.219776 123.216985 123.216706 123.214473 123.214473 123.210845 123.210008 123.207413 123.206855 123.205180 123.204343 123.203227 123.200994 123.200715 123.199878 123.197087 123.197087 123.197645 123.198203 123.198761 123.199320 123.199878 123.201273 123.203506 123.205739 123.207971 123.210566 123.212799 123.215031 123.217264 123.219497 123.221729 123.223962 123.226195 123.228427 123.230939
123.264233 123.263396 123.262001 123.255024 123.252233 123.249359 123.247405 123.244056 123.240149 123.237358 123.236800 123.234567 123.232893 123.230939 123.228427 123.226195 123.225637 123.222567 123.219218 123.216706 123.216427 123.213357 123.212241 123.211403 123.209171 123.207413 123.206855 123.203785 123.201831 123.200994 123.201273 123.199320 123.197645 123.196808 123.196808 123.193738 123.194296 123.194854 123.195412 123.195971 123.196529 123.197366 123.199599 123.201831 123.204064 123.206297 123.208333 123.210566 123.212799 123.215031 123.217264 123.219497 123.221729 123.223962 123.226474 123.228707 123.230939 123.233172 123.235405 123.237916 123.240149
123.246010 123.240986 123.240149 123.236521 123.233451 123.232893 123.229544 123.227869 123.226753 123.224520 123.222567 123.219218 123.216427 123.215869 123.213078 123.210845 123.208892 123.208250 123.207971 123.204064 123.203506 123.200715 123.200436 123.197924 123.197645 123.197645 123.194296 123.194575 123.193459 123.190668 123.190668 123.191226 123.192063 123.192622 123.193180 123.193738 123.195412 123.197645 123.200157 123.202390 123.204622 123.206576 123.208892 123.211403 123.213636 123.215869 123.218101 123.220334 123.222846 123.225078 123.227311 123.229544 123.231776 123.234009 123.236242 123.238474 123.240707 123.243219 123.245452 123.247684 123.249917
123.227311 123.225637 123.223962 123.223404 123.219497 123.218939 123.215869 123.212520 123.210008 123.209729 123.207692 123.205180 123.204622 123.202390 123.200715 123.200157 123.197087 123.195133 123.194575 123.194296 123.191505 123.191226 123.190110 123.187877 123.187319 123.187877 123.188435 123.188993 123.189552 123.190110 123.191505 123.193738 123.195971 123.198203 123.200436 123.202669 123.204901 123.207134 123.209171 123.211403 123.213915 123.216148 123.218380 123.220613 123.222567 123.225078 123.227311 123.229544 123.231776 123.234288 123.236521 123.238754 123.240986 123.243219 123.245452 123.247684 123.249917 123.252233 123.254744 123.256977 123.259210
123.215031 123.209729 123.208892 123.206297 123.204343 123.202390 123.201552 123.200715 123.199599 123.196808 123.194575 123.192622 123.191505 123.191784 123.190389 123.187877 123.188156 123.186761 123.184249 123.184528 123.185086 123.185644 123.186203 123.186761 123.187598 123.189552 123.191784 123.194017 123.196529 123.198761 123.200994 123.203227 123.205459 123.207692 123.210008 123.212241 123.214473 123.216985 123.219218 123.221450 123.223683 123.225916 123.228148 123.230381 123.232614 123.234846 123.237358 123.239591 123.241823 123.244056 123.246289 123.248522 123.250837 123.253070 123.255303 123.257814 123.260047 123.262280 123.264512 123.266745 123.268978
123.198482 123.197645 123.197087 123.193459 123.192901 123.191505 123.188435 123.188156 123.187040 123.184807 123.184807 123.184528 123.181179 123.181179 123.181737 123.182295 123.182854 123.183412 123.183970 123.185644 123.187877 123.190110 123.192342 123.194575 123.196808 123.199040 123.201273 123.203506 123.205739 123.207971 123.210008 123.212520 123.214752 123.216985 123.219218 123.221450 123.223683 123.225916 123.228148 123.230381 123.232893 123.235125 123.237358 123.239591 123.242103 123.244056 123.246289 123.248522 123.250837 123.253349 123.255582 123.257814 123.260047 123.262280 123.264512 123.266745 123.268978 123.271490 123.273722 123.275955 123.278188
123.185644 123.185086 123.184249 123.183412 123.181458 123.181458 123.178388 123.177830 123.178109 123.178946 123.179505 123.180063 123.180621 123.181179 123.183412 123.185924 123.188156 123.190389 123.192622 123.195133 123.197366 123.199599 123.201831 123.204064 123.206297 123.208612 123.210845 123.213078 123.215590 123.217822 123.220055 123.222288 123.224520 123.226753 123.228986 123.231218 123.233451 123.235963 123.238195 123.240428 123.242661 123.245173 123.247405 123.249638 123.251675 123.254186 123.256419 123.258652 123.260884 123.263117 123.265629 123.267582 123.269815 123.272048 123.274559 123.276792 123.279025 123.281257 123.283490 123.286002 123.288235
123.177830 123.174760 123.174760 123.175318 123.175876 123.176435 123.176993 123.177551 123.179784 123.182016 123.184249 123.186482 123.188714 123.190947 123.193180 123.195412 123.197645 123.199878 123.202110 123.204343 123.206576 123.208612 123.211124 123.213357 123.215590 123.217822 123.220055 123.222288 123.224520 123.226753 123.229265 123.231497 123.233730 123.235963 123.238195 123.240707 123.242940 123.245173 123.247405 123.249638 123.251954 123.254186 123.256419 123.258652 123.261163 123.263396 123.265629 123.267582 123.270094 123.272327 123.274559 123.276792 123.279304 123.281537 123.283769 123.286002 123.288235 123.290467 123.292783 123.295016 123.297248
123.173644 123.174202 123.175318 123.177551 123.179784 123.182295 123.184528 123.186761 123.188993 123.191505 123.193738 123.195971 123.198203 123.200436 123.202669 123.204901 123.207134 123.209450 123.211961 123.214194 123.216427 123.218659 123.220892 123.223125 123.225357 123.227590 123.229823 123.232335 123.234567 123.236800 123.239033 123.241265 123.243777 123.246010 123.248242 123.250279 123.252791 123.255024 123.257256 123.259489 123.262001 123.264233 123.266466 123.268699 123.270931 123.273164 123.275397 123.277629 123.279862 123.282374 123.284607 123.286839 123.288793 123.290746 123.292783 123.295016 123.297248 123.299481 123.301714 123.303946 123.306179
123.180621 123.182854 123.185086 123.187319 123.189552 123.191784 123.194017 123.196250 123.198482 123.200715 123.202948 123.205180 123.207413 123.209729 123.211961 123.214194 123.216427 123.218659 123.220892 123.223125 123.225357 123.227590 123.229823 123.232056 123.234288 123.236521 123.238754 123.240986 123.243219 123.245452 123.247684 123.249917 123.252233 123.254465 123.256977 123.259210 123.261442 123.263675 123.265908 123.268141 123.270373 123.272606 123.274839 123.277350 123.279583 123.281816 123.284048 123.286560 123.288793 123.291025 123.293062 123.295574 123.297807 123.300039 123.302272 123.304505 123.307016 123.309249 123.311482 123.313714 123.315947
123.190110 123.192342 123.194575 123.196808 123.199040 123.201273 123.203506 123.205739 123.207971 123.210566 123.212799 123.215031 123.217264 123.219497 123.221729 123.223962 123.226195 123.228427 123.230939 123.233172 123.235405 123.237637 123.240149 123.242382 123.244614 123.246847 123.249080 123.251116 123.253628 123.255861 123.258093 123.260326 123.262838 123.265071 123.267303 123.269536 123.271769 123.274001 123.276234 123.278467 123.280699 123.283211 123.285444 123.287676 123.289909 123.292225 123.294458 123.296690 123.298923 123.301156 123.303667 123.305900 123.308133 123.310365 123.312877 123.315110 123.317342 123.319575 123.321808 123.324040 123.326273
123.199878 123.202110 123.204343 123.206576 123.208892 123.211124 123.213636 123.215869 123.218101 123.220334 123.222567 123.224799 123.227032 123.229265 123.231497 123.234009 123.236242 123.238474 123.240707 123.243219 123.245452 123.247684 123.249917 123.252233 123.254465 123.256698 123.258931 123.261163 123.263675 123.265908 123.268141 123.270373 123.272606 123.274839 123.277071 123.279304 123.281537 123.284048 123.286281 123.288514 123.290746 123.293062 123.295295 123.297527 123.299760 123.302272 123.304505 123.306737 123.308970 123.311203 123.313714 123.315947 123.318180 123.320133 123.322645 123.324878 123.327110 123.329343 123.331576 123.334171 123.336124
123.208892 123.211403 123.213636 123.215869 123.218101 123.220613 123.222846 123.225078 123.227311 123.229544 123.231776 123.234009 123.236242 123.238474 123.240986 123.243219 123.245452 123.247684 123.250000 123.252233 123.254465 123.256698 123.258931 123.261163 123.263675 123.265908 123.268141 123.270373 123.272606 123.275118 123.277350 123.279583 123.281816 123.284048 123.286281 123.288514 123.290746 123.293341 123.295574 123.297807 123.300039 123.302272 123.304505 123.306737 123.308970 123.311203 123.313714 123.315947 123.318180 123.320412 123.322645 123.325157 123.327390 123.329622 123.331855 123.334171 123.336403 123.338636 123.340869 123.343380 123.345613
