FireSTARR/test/constant/O1a_S060_A180_WD180_WS020/arrival.asc
ncols         732
nrows         141
xllcorner     426603.990666
yllcorner     12747755.311160
cellsize      100.000000
NODATA_value  0.000000
[rows 108 to 134 of 141, columns 0 to 60 of 732]
0.000000 0.000000 0.000000 0.000000 0.000000 0.000000 0.000000 0.000000 0.000000 0.000000 0.000000 0.000000 0.000000 0.000000 0.000000 0.000000 0.000000 0.000000 0.000000 0.000000 0.000000 0.000000 0.000000 0.000000 0.000000 0.000000 0.000000 0.000000 0.000000 0.000000 0.000000 0.000000 0.000000 0.000000 0.000000 0.000000 0.000000 0.000000 0.000000 0.000000 0.000000 0.000000 0.000000 0.000000 0.000000 0.000000 0.000000 0.000000 0.000000 0.000000 0.000000 0.000000 0.000000 0.000000 0.000000 0.000000 0.000000 0.000000 0.000000 0.000000 0.000000
0.000000 0.000000 0.000000 0.000000 0.000000 0.000000 0.000000 0.000000 0.000000 0.000000 0.000000 0.000000 0.000000 0.000000 0.000000 0.000000 0.000000 0.000000 0.000000 0.000000 0.000000 0.000000 0.000000 0.000000 0.000000 0.000000 0.000000 0.000000 0.000000 0.000000 0.000000 0.000000 0.000000 0.000000 0.000000 0.000000 0.000000 0.000000 0.000000 0.000000 0.000000 0.000000 0.000000 0.000000 0.000000 0.000000 0.000000 0.000000 0.000000 0.000000 0.000000 0.000000 0.000000 0.000000 0.000000 0.000000 0.000000 0.000000 0.000000 0.000000 0.000000
0.000000 0.000000 0.000000 0.000000 0.000000 0.000000 0.000000 0.000000 0.000000 0.000000 0.000000 0.000000 0.000000 0.000000 0.000000 0.000000 0.000000 0.000000 0.000000 0.000000 0.000000 0.000000 0.000000 0.000000 0.000000 0.000000 0.000000 0.000000 0.000000 0.000000 0.000000 0.000000 0.000000 0.000000 0.000000 0.000000 0.000000 0.000000 0.000000 0.000000 0.000000 0.000000 0.000000 0.000000 0.000000 0.000000 0.000000 0.000000 0.000000 0.000000 0.000000 0.000000 0.000000 0.000000 0.000000 0.000000 0.000000 0.000000 0.000000 0.000000 0.000000
0.000000 0.000000 0.000000 0.000000 0.000000 0.000000 0.000000 0.000000 0.000000 0.000000 0.000000 0.000000 0.000000 0.000000 0.000000 0.000000 0.000000 0.000000 0.000000 0.000000 0.000000 0.000000 0.000000 0.000000 0.000000 0.000000 0.000000 0.000000 0.000000 0.000000 0.000000 0.000000 0.000000 0.000000 0.000000 0.000000 0.000000 0.000000 0.000000 0.000000 0.000000 0.000000 0.000000 0.000000 0.000000 0.000000 0.000000 0.000000 0.000000 0.000000 0.000000 0.000000 0.000000 0.000000 0.000000 0.000000 0.000000 123.406816 123.394815 123.384489 123.371847
0.000000 0.000000 0.000000 0.000000 0.000000 0.000000 0.000000 0.000000 0.000000 0.000000 0.000000 0.000000 0.000000 0.000000 0.000000 0.000000 0.000000 0.000000 0.000000 0.000000 0.000000 0.000000 0.000000 0.000000 0.000000 0.000000 0.000000 0.000000 0.000000 0.000000 0.000000 0.000000 0.000000 0.000000 0.000000 0.000000 0.000000 0.000000 0.000000 0.000000 0.000000 0.000000 0.000000 0.000000 0.000000 0.000000 0.000000 0.000000 0.000000 0.000000 0.000000 0.000000 0.000000 123.416305 123.383931 123.371010 123.362079 123.336682 123.327110 123.317622 123.312598
0.000000 0.000000 0.000000 0.000000 0.000000 0.000000 0.000000 0.000000 0.000000 0.000000 0.000000 0.000000 0.000000 0.000000 0.000000 0.000000 0.000000 0.000000 0.000000 0.000000 0.000000 0.000000 0.000000 0.000000 0.000000 0.000000 0.000000 0.000000 0.000000 0.000000 0.000000 0.000000 0.000000 0.000000 0.000000 0.000000 0.000000 0.000000 0.000000 0.000000 0.000000 0.000000 0.000000 0.000000 0.000000 0.000000 0.000000 0.000000 0.000000 123.406816 123.392861 123.359009 123.349799 123.327669 123.319017 123.306737 123.294737 123.284886 123.269815 123.247405 123.242940
0.000000 0.000000 0.000000 0.000000 0.000000 0.000000 0.000000 0.000000 0.000000 0.000000 0.000000 0.000000 0.000000 0.000000 0.000000 0.000000 0.000000 0.000000 0.000000 0.000000 0.000000 0.000000 0.000000 0.000000 0.000000 0.000000 0.000000 0.000000 0.000000 0.000000 0.000000 0.000000 0.000000 0.000000 0.000000 0.000000 0.000000 0.000000 0.000000 0.000000 0.000000 0.000000 0.000000 0.000000 0.000000 123.410444 123.385326 123.364591 123.346450 123.318738 123.308970 123.286839 123.274839 123.266466 123.258652 123.239312 123.232056 123.220892 123.211124 123.203227 123.192342
0.000000 0.000000 0.000000 0.000000 0.000000 0.000000 0.000000 0.000000 0.000000 0.000000 0.000000 0.000000 0.000000 0.000000 0.000000 0.000000 0.000000 0.000000 0.000000 0.000000 0.000000 0.000000 0.000000 0.000000 0.000000 0.000000 0.000000 0.000000 0.000000 0.000000 0.000000 0.000000 0.000000 0.000000 0.000000 0.000000 0.000000 0.000000 0.000000 0.000000 123.410444 123.398722 123.388117 123.354265 123.335566 123.315389 123.297807 123.275955 123.267861 123.251116 123.243498 123.229265 123.220334 123.209171 123.196808 123.186761 123.177272 123.168899 123.161002 123.146769 123.139233
0.000000 0.000000 0.000000 0.000000 0.000000 0.000000 0.000000 0.000000 0.000000 0.000000 0.000000 0.000000 0.000000 0.000000 0.000000 0.000000 0.000000 0.000000 0.000000 0.000000 0.000000 0.000000 0.000000 0.000000 0.000000 0.000000 0.000000 0.000000 0.000000 0.000000 0.000000 0.000000 0.000000 0.000000 0.000000 0.000000 0.000000 123.387559 123.375837 123.366265 123.345334 123.310924 123.290188 123.266745 123.255582 123.242940 123.234009 123.217822 123.209450 123.201273 123.188993 123.180063 123.172248 123.158490 123.143699 123.135047 123.129186 123.122126 123.121847 123.113474 123.105102
0.000000 0.000000 0.000000 0.000000 0.000000 0.000000 0.000000 0.000000 0.000000 0.000000 0.000000 0.000000 0.000000 0.000000 0.000000 0.000000 0.000000 0.000000 0.000000 0.000000 0.000000 0.000000 0.000000 0.000000 0.000000 0.000000 0.000000 0.000000 0.000000 0.000000 0.000000 0.000000 0.000000 123.400118 123.365428 123.336403 123.320691 123.309807 123.290746 123.264791 123.246289 123.228148 123.214194 123.204343 123.197924 123.190947 123.173923 123.169737 123.153467 123.149839 123.131140 123.121847 123.119614 123.110684 123.110125 123.098125 123.089473 123.086403 123.082413 123.073482 123.073482
0.000000 0.000000 0.000000 0.000000 0.000000 0.000000 0.000000 0.000000 0.000000 0.000000 0.000000 0.000000 0.000000 0.000000 0.000000 0.000000 0.000000 0.000000 0.000000 0.000000 0.000000 0.000000 0.000000 0.000000 0.000000 0.000000 0.000000 0.000000 0.000000 123.395373 123.379465 123.352032 123.312877 123.299202 123.279583 123.266745 123.234567 123.217822 123.205739 123.195691 123.187319 123.168620 123.161281 123.149839 123.145373 123.136722 123.124638 123.116544 123.106776 123.106497 123.094218 123.089194 123.082413 123.075157 123.070691 123.067342 123.062040 123.057295 123.053109 123.049760 123.046969
0.000000 0.000000 0.000000 0.000000 0.000000 0.000000 0.000000 0.000000 0.000000 0.000000 0.000000 0.000000 0.000000 0.000000 0.000000 0.000000 0.000000 0.000000 0.000000 0.000000 0.000000 0.000000 0.000000 0.000000 0.000000 123.407374 123.381977 123.357614 123.320133 123.300039 123.275955 123.258373 123.244614 123.226474 123.201552 123.182295 123.173644 123.161839 123.149839 123.142024 123.132535 123.124917 123.117382 123.103148 123.098404 123.090590 123.085845 123.078785 123.071250 123.068459 123.061761 123.057295 123.052830 123.049481 123.043899 123.043620 123.042504 123.037118 123.034607 123.033490 123.034048
0.000000 0.000000 0.000000 0.000000 0.000000 0.000000 0.000000 0.000000 0.000000 0.000000 0.000000 0.000000 0.000000 0.000000 0.000000 0.000000 0.000000 0.000000 0.000000 0.000000 0.000000 123.404862 123.376116 123.359846 123.330180 123.305342 123.268141 123.249917 123.237916 123.221171 123.193459 123.173923 123.159886 123.150118 123.141187 123.131419 123.125837 123.112358 123.102869 123.096450 123.086403 123.081576 123.074878 123.069854 123.062319 123.053946 123.050039 123.047807 123.046132 123.040188 123.039630 123.033769 123.032095 123.030420 123.030699 123.031257 123.031816 123.032374 123.032932 123.033769 123.035444
0.000000 0.000000 0.000000 0.000000 0.000000 0.000000 0.000000 0.000000 0.000000 0.000000 0.000000 0.000000 0.000000 0.000000 0.000000 0.000000 0.000000 0.000000 123.397327 123.352311 123.336124 123.308133 123.274280 123.255861 123.232335 123.211403 123.192342 123.178946 123.154025 123.143141 123.131977 123.117103 123.108451 123.103427 123.096450 123.086124 123.081297 123.069017 123.067063 123.058691 123.054225 123.046132 123.043062 123.037397 123.036560 123.036002 123.030420 123.027629 123.027071 123.027629 123.028188 123.029025 123.029583 123.030141 123.031537 123.033769 123.036002 123.038235 123.040467 123.042504 123.044737
0.000000 0.000000 0.000000 0.000000 0.000000 0.000000 0.000000 0.000000 0.000000 0.000000 0.000000 0.000000 0.000000 0.000000 123.394536 123.372963 123.345613 123.313156 123.285165 123.259768 123.229265 123.204622 123.181737 123.170574 123.142024 123.132535 123.123801 123.109567 123.096729 123.095055 123.084729 123.072366 123.063714 123.063714 123.056458 123.043062 123.042225 123.039909 123.033490 123.032932 123.027071 123.024839 123.024001 123.024280 123.024839 123.025397 123.025955 123.026513 123.027350 123.029583 123.031816 123.034327 123.036281 123.038514 123.040746 123.043062 123.045574 123.047807 123.050039 123.052272 123.054505
0.000000 0.000000 0.000000 0.000000 0.000000 0.000000 0.000000 0.000000 0.000000 0.000000 0.000000 123.386722 123.344776 123.316226 123.286281 123.250558 123.230939 123.199320 123.181737 123.161281 123.141187 123.121010 123.098683 123.091427 123.088636 123.080739 123.075994 123.060924 123.052272 123.049481 123.043062 123.037956 123.030699 123.029862 123.029304 123.023722 123.020931 123.020931 123.021490 123.022048 123.022606 123.023164 123.023722 123.025676 123.027908 123.030141 123.032374 123.034607 123.036839 123.039072 123.041305 123.043341 123.045574 123.047807 123.050318 123.052272 123.054505 123.056737 123.058970 123.061482 123.063714
0.000000 0.000000 0.000000 0.000000 0.000000 0.000000 123.407374 123.385605 123.359567 123.335287 123.291946 123.272885 123.241823 123.201273 123.184807 123.158769 123.131419 123.110684 123.099241 123.085008 123.076273 123.075157 123.062319 123.052830 123.043062 123.034886 123.034327 123.026792 123.026792 123.020652 123.018141 123.017582 123.018141 123.018699 123.019257 123.019815 123.020373 123.021210 123.023722 123.025955 123.028188 123.030420 123.032932 123.035165 123.037397 123.039630 123.041584 123.043899 123.046411 123.048644 123.050876 123.053109 123.055621 123.057854 123.060086 123.062319 123.064552 123.066784 123.069017 123.071250 123.073482
0.000000 0.000000 0.000000 123.407653 123.365707 123.335566 123.304225 123.284048 123.241265 123.210845 123.177551 123.151234 123.132814 123.115707 123.095055 123.073203 123.064831 123.054225 123.045295 123.038793 123.031537 123.024001 123.023164 123.017582 123.015350 123.014512 123.014512 123.015350 123.015908 123.016466 123.017024 123.017582 123.019815 123.022048 123.024280 123.026513 123.028746 123.030978 123.033211 123.035444 123.037676 123.039909 123.041946 123.044178 123.046411 123.048923 123.051156 123.053388 123.055621 123.057854 123.060086 123.062319 123.064552 123.066784 123.069296 123.071529 123.073761 123.075994 123.078227 123.080459 123.082692
0.000000 123.336682 123.314552 123.294458 123.261163 123.230660 123.199040 123.167783 123.137280 123.106776 123.086961 123.066226 123.047807 123.040746 123.034607 123.028188 123.019815 123.019536 123.013954 123.011442 123.011163 123.011722 123.012280 123.012838 123.013396 123.013954 123.015350 123.017582 123.020094 123.022327 123.024559 123.026792 123.029025 123.031537 123.033769 123.036002 123.038235 123.040467 123.042783 123.045016 123.047248 123.049481 123.051993 123.054225 123.056458 123.058691 123.060924 123.063156 123.065389 123.067622 123.070133 123.072366 123.074599 123.076831 123.079064 123.081297 123.083612 123.085845 123.088078 123.090590 123.092822
0.000000 123.232335 123.210287 123.177272 123.136722 123.106218 123.085845 123.063993 123.043341 123.034327 123.023722 123.015908 123.010884 123.008652 123.008093 123.008373 123.008931 123.009489 123.010047 123.010605 123.011722 123.013954 123.016187 123.018420 123.020652 123.022885 123.025118 123.027350 123.029583 123.031816 123.034048 123.036281 123.038514 123.040746 123.042783 123.045295 123.047527 123.049760 123.051993 123.054225 123.056458 123.058691 123.060924 123.063156 123.065668 123.067901 123.070133 123.072366 123.074599 123.077110 123.079343 123.081297 123.083612 123.086124 123.088357 123.090590 123.092822 123.095334 123.097288 123.099520 123.101753
0.000000 123.127791 123.104823 123.063156 123.033490 123.019257 123.010605 123.007256 123.004744 123.005024 123.005582 123.006140 123.006698 123.007256 123.007814 123.009489 123.011722 123.013954 123.016187 123.018699 123.020931 123.023164 123.025397 123.027908 123.030141 123.032374 123.034607 123.036839 123.039072 123.041305 123.043620 123.045853 123.048365 123.050597 123.052830 123.055063 123.057295 123.059528 123.061761 123.063993 123.066226 123.068738 123.070971 123.073203 123.075436 123.077948 123.080180 123.082413 123.084450 123.086682 123.089194 123.091427 123.093659 123.095892 123.098404 123.100637 123.102869 123.104823 123.107056 123.109567 123.111800
123.031257 123.012001 123.001954 123.001675 123.002233 123.002791 123.003349 123.003907 123.004465 123.005861 123.008093 123.010326 123.012559 123.014791 123.017024 123.019257 123.021490 123.023722 123.025955 123.028188 123.030420 123.032653 123.034886 123.037118 123.039351 123.041584 123.043899 123.046132 123.048365 123.050597 123.052830 123.055063 123.057295 123.059528 123.061761 123.064273 123.066505 123.068738 123.070971 123.073482 123.075715 123.077948 123.080180 123.082413 123.084450 123.086961 123.089194 123.091427 123.093659 123.096171 123.098404 123.100637 123.102869 123.105102 123.107335 123.109567 123.111800 123.114033 123.116544 123.118777 123.121010
123.000000 123.000279 123.000837 123.001395 123.003628 123.005861 123.008093 123.010326 123.012559 123.014791 123.017303 123.019536 123.021769 123.024001 123.026513 123.028746 123.030978 123.033211 123.035444 123.037676 123.039909 123.042225 123.044458 123.046969 123.049202 123.051435 123.053667 123.055900 123.058133 123.060365 123.062598 123.064831 123.067342 123.069575 123.071808 123.074040 123.076552 123.078785 123.081018 123.083250 123.085566 123.087799 123.090031 123.092264 123.094497 123.097008 123.099241 123.101474 123.103707 123.105939 123.108172 123.110405 123.112637 123.114870 123.117382 123.119614 123.121847 123.124080 123.126395 123.128628 123.130861
0.000000 123.052551 123.036281 123.024001 123.024559 123.026792 123.029025 123.031537 123.033769 123.036002 123.038235 123.040746 123.042783 123.045016 123.047248 123.049481 123.051993 123.054225 123.056458 123.058691 123.061203 123.063435 123.065668 123.067901 123.070133 123.072366 123.074599 123.076831 123.079064 123.081576 123.083892 123.086124 123.088357 123.090590 123.092822 123.095055 123.097288 123.099520 123.102032 123.104265 123.106497 123.108730 123.111242 123.113474 123.115707 123.117940 123.120173 123.122405 123.124638 123.126954 123.129186 123.131698 123.133931 123.136163 123.138396 123.140629 123.142861 123.145094 123.147327 123.149559 123.152071
0.000000 123.181737 123.169737 123.153467 123.139233 123.118498 123.104823 123.090869 123.077669 123.066784 123.068180 123.070412 123.072645 123.074878 123.077110 123.079622 123.081855 123.084171 123.086403 123.088636 123.090869 123.093101 123.095334 123.097567 123.100078 123.102311 123.104544 123.106776 123.109288 123.111521 123.113754 123.115986 123.118219 123.120452 123.122684 123.124917 123.127233 123.129744 123.131977 123.134210 123.136442 123.138675 123.140908 123.143141 123.145373 123.147606 123.150118 123.152350 123.154583 123.156816 123.159327 123.161560 123.163793 123.166025 123.168062 123.170574 123.172807 123.175039 123.177272 123.179784 123.182016
0.000000 0.000000 123.296969 123.284327 123.268141 123.251675 123.234009 123.223125 123.205739 123.189552 123.173365 123.155978 123.145931 123.127791 123.114870 123.109846 123.111800 123.114033 123.116265 123.118777 123.121010 123.122963 123.125279 123.127791 123.130024 123.132256 123.134489 123.136722 123.138954 123.141187 123.143420 123.145652 123.148164 123.150397 123.152629 123.154862 123.157374 123.159607 123.161839 123.164072 123.166305 123.168620 123.170853 123.173086 123.175318 123.177830 123.180063 123.182295 123.184528 123.186761 123.188993 123.191226 123.193459 123.195691 123.198203 123.200436 123.202669 123.204901 123.207413 123.209450 123.211682
0.000000 0.000000 0.000000 123.414072 123.396210 123.385326 123.367940 123.353148 123.338636 123.322087 123.303946 123.289072 123.276792 123.258931 123.242103 123.225078 123.209171 123.199599 123.182295 123.168341 123.152629 123.152908 123.155141 123.157653 123.159886 123.162118 123.164351 123.166667 123.168899 123.171132 123.173365 123.175597 123.177830 123.180342 123.182574 123.184807 123.187319 123.189552 123.191505 123.193738 123.196250 123.198482 123.200715 123.202948 123.205180 123.207692 123.209729 123.211961 123.214194 123.216706 123.218939 123.221171 123.223404 123.225916 123.228148 123.230381 123.232614 123.234846 123.237079 123.239312 123.241544
