FireSTARR/test/constant/C2_S060_A090_WD000_WS000/arrival.asc
ncols         45
nrows         172
xllcorner     424403.990666
yllcorner     12731955.311160
cellsize      100.000000
NODATA_value  0.000000
[rows 68 to 101 of 172, columns 0 to 44 of 45]
0.000000 123.403535 123.389888 123.375000 123.361869 123.348221 123.335815 123.323924 123.312758 123.300351 123.289701 123.278535 123.266129 123.253722 123.244313 123.231906 123.220740 123.209574 123.198924 123.187758 123.176592 123.166667 123.160979 123.164701 123.175351 123.186517 123.197683 123.207609 123.218259 123.229425 123.240591 123.252481 123.262407 123.273573 123.285979 123.296629 123.309036 123.321443 123.334574 123.345740 123.359387 123.374275 123.388647 123.401054 0.000000
0.000000 123.404776 123.391129 123.377481 123.364350 123.350703 123.338296 123.326405 123.315239 123.302833 123.291667 123.281017 123.268610 123.256203 123.246794 123.234387 123.223221 123.212055 123.201405 123.190239 123.179073 123.169148 123.163461 123.167907 123.177833 123.188999 123.200165 123.210815 123.220740 123.231906 123.243072 123.253722 123.264888 123.276054 123.288461 123.299111 123.311517 123.323924 123.335815 123.348221 123.360628 123.376241 123.389888 123.403535 0.000000
0.000000 123.407257 123.392369 123.379963 123.365591 123.353184 123.339537 123.328887 123.317721 123.305314 123.294148 123.283498 123.271091 123.258685 123.249275 123.236869 123.225703 123.214537 123.203887 123.192721 123.181555 123.171629 123.165942 123.170389 123.180314 123.191480 123.202646 123.213296 123.223221 123.234387 123.245553 123.256203 123.267369 123.278535 123.289701 123.301592 123.313999 123.325165 123.338296 123.350703 123.363109 123.377481 123.391129 123.404776 0.000000
0.000000 123.408498 123.394851 123.381203 123.368072 123.354425 123.342018 123.331368 123.320202 123.307795 123.296629 123.285979 123.272332 123.261166 123.251241 123.239350 123.228184 123.217018 123.206368 123.195202 123.184036 123.174111 123.167907 123.172870 123.182795 123.193961 123.205127 123.215777 123.225703 123.236869 123.248035 123.258685 123.269851 123.281017 123.291667 123.304073 123.315239 123.327646 123.340777 123.353184 123.364350 123.379963 123.393610 123.407257 0.000000
0.000000 123.410979 123.397332 123.383685 123.369313 123.356906 123.344499 123.333333 123.322683 123.310277 123.299111 123.288461 123.274813 123.263647 123.253722 123.241831 123.230665 123.219499 123.208333 123.197683 123.186517 123.176592 123.170389 123.175351 123.185277 123.196443 123.207609 123.218259 123.228184 123.239350 123.250000 123.261166 123.272332 123.283498 123.294148 123.306555 123.317721 123.330127 123.342018 123.355665 123.366831 123.381203 123.394851 123.409739 0.000000
0.000000 123.410979 123.398573 123.384925 123.371794 123.358147 123.346981 123.335815 123.325165 123.312758 123.301592 123.289701 123.277295 123.266129 123.254963 123.244313 123.233147 123.221981 123.210815 123.200165 123.188999 123.179073 123.172870 123.177833 123.187758 123.198924 123.209574 123.220740 123.230665 123.241831 123.252481 123.263647 123.274813 123.285979 123.296629 123.309036 123.320202 123.332609 123.343259 123.358147 123.369313 123.381203 123.396091 123.409739 0.000000
0.000000 123.413461 123.401054 123.387407 123.374275 123.360628 123.349462 123.338296 123.327646 123.315239 123.304073 123.291667 123.279776 123.268610 123.257444 123.246794 123.235628 123.224462 123.213296 123.202646 123.191480 123.181555 123.175351 123.180314 123.190239 123.201405 123.212055 123.223221 123.233147 123.244313 123.254963 123.266129 123.277295 123.288461 123.299111 123.311517 123.322683 123.333333 123.345740 123.360628 123.371794 123.383685 123.398573 123.412220 0.000000
0.000000 123.415942 123.402295 123.388647 123.376241 123.363109 123.351943 123.340777 123.330127 123.317721 123.306555 123.294148 123.282257 123.271091 123.259925 123.249275 123.238109 123.226943 123.215777 123.205127 123.193961 123.184036 123.177833 123.182795 123.192721 123.203887 123.214537 123.225703 123.235628 123.246794 123.257444 123.268610 123.279776 123.290942 123.301592 123.313999 123.325165 123.335815 123.348221 123.360628 123.374275 123.384925 123.399813 123.413461 0.000000
0.000000 0.000000 123.403535 123.391129 123.377481 123.365591 123.354425 123.343259 123.332609 123.320202 123.309036 123.296629 123.284739 123.273573 123.262407 123.251241 123.240591 123.229425 123.218259 123.207609 123.196443 123.186517 123.180314 123.185277 123.195202 123.206368 123.217018 123.228184 123.238109 123.249275 123.259925 123.271091 123.282257 123.292907 123.304073 123.316480 123.327646 123.338296 123.350703 123.363109 123.376241 123.387407 123.402295 123.415942 0.000000
0.000000 0.000000 123.406017 123.392369 123.379963 123.368072 123.356906 123.345740 123.334574 123.322683 123.311517 123.299111 123.287220 123.276054 123.264888 123.253722 123.243072 123.231906 123.220740 123.210815 123.198924 123.188999 123.182795 123.187758 123.197683 123.209574 123.219499 123.230665 123.240591 123.251241 123.262407 123.273573 123.284739 123.295389 123.306555 123.318961 123.330127 123.340777 123.353184 123.365591 123.378722 123.389888 123.402295 0.000000 0.000000
0.000000 0.000000 123.408498 123.394851 123.381203 123.370553 123.359387 123.348221 123.335815 123.325165 123.312758 123.301592 123.289701 123.278535 123.267369 123.256203 123.245553 123.234387 123.223221 123.213296 123.201405 123.191480 123.185277 123.190239 123.200165 123.212055 123.221981 123.233147 123.243072 123.253722 123.264888 123.276054 123.287220 123.297870 123.309036 123.320202 123.332609 123.343259 123.355665 123.368072 123.379963 123.392369 123.404776 0.000000 0.000000
0.000000 0.000000 123.409739 123.396091 123.383685 123.373035 123.361869 123.350703 123.338296 123.327646 123.315239 123.304073 123.291667 123.281017 123.269851 123.258685 123.248035 123.236869 123.225703 123.215777 123.203887 123.193961 123.187758 123.192721 123.202646 123.214537 123.224462 123.235628 123.245553 123.256203 123.267369 123.278535 123.289701 123.300351 123.311517 123.322683 123.334574 123.345740 123.358147 123.370553 123.382444 123.394851 123.407257 0.000000 0.000000
0.000000 0.000000 123.412220 123.398573 123.386166 123.375000 123.364350 123.353184 123.340777 123.330127 123.316480 123.306555 123.294148 123.283498 123.272332 123.261166 123.251241 123.239350 123.228184 123.218259 123.206368 123.196443 123.190239 123.195202 123.205127 123.217018 123.226943 123.238109 123.248035 123.258685 123.269851 123.281017 123.291667 123.302833 123.313999 123.325165 123.337055 123.348221 123.360628 123.373035 123.383685 123.397332 123.409739 0.000000 0.000000
0.000000 0.000000 123.413461 123.401054 123.388647 123.377481 123.366831 123.355665 123.343259 123.332609 123.318961 123.307795 123.296629 123.285979 123.274813 123.263647 123.253722 123.241831 123.230665 123.220740 123.209574 123.198924 123.192721 123.197683 123.207609 123.219499 123.229425 123.240591 123.250000 123.261166 123.272332 123.283498 123.294148 123.305314 123.316480 123.327646 123.339537 123.350703 123.363109 123.375000 123.386166 123.398573 123.410979 0.000000 0.000000
0.000000 0.000000 123.415942 123.403535 123.391129 123.379963 123.369313 123.356906 123.345740 123.334574 123.321443 123.310277 123.299111 123.288461 123.277295 123.266129 123.256203 123.244313 123.233147 123.223221 123.212055 123.201405 123.195202 123.200165 123.210815 123.221981 123.231906 123.243072 123.252481 123.263647 123.274813 123.285979 123.296629 123.307795 123.318961 123.330127 123.342018 123.353184 123.364350 123.377481 123.388647 123.401054 123.413461 0.000000 0.000000
0.000000 0.000000 0.000000 123.404776 123.393610 123.382444 123.371794 123.359387 123.348221 123.337055 123.323924 123.312758 123.301592 123.290942 123.279776 123.268610 123.258685 123.246794 123.235628 123.225703 123.214537 123.203887 123.197683 123.202646 123.213296 123.224462 123.234387 123.245553 123.254963 123.266129 123.277295 123.288461 123.299111 123.310277 123.321443 123.332609 123.344499 123.355665 123.366831 123.378722 123.391129 123.402295 123.415942 0.000000 0.000000
0.000000 0.000000 0.000000 123.407257 123.396091 123.384925 123.374275 123.361869 123.350703 123.337055 123.326405 123.315239 123.304073 123.294148 123.282257 123.271091 123.261166 123.249275 123.238109 123.228184 123.217018 123.206368 123.200165 123.205127 123.215777 123.226943 123.236869 123.248035 123.257444 123.268610 123.279776 123.290942 123.301592 123.312758 123.323924 123.335815 123.346981 123.358147 123.369313 123.381203 123.393610 123.404776 0.000000 0.000000 0.000000
0.000000 0.000000 0.000000 123.409739 123.398573 123.387407 123.376241 123.364350 123.353184 123.339537 123.328887 123.317721 123.306555 123.296629 123.284739 123.273573 123.263647 123.252481 123.240591 123.230665 123.219499 123.208333 123.202646 123.207609 123.218259 123.229425 123.239350 123.250000 123.259925 123.271091 123.282257 123.292907 123.304073 123.315239 123.326405 123.338296 123.348221 123.360628 123.371794 123.383685 123.396091 123.407257 0.000000 0.000000 0.000000
0.000000 0.000000 0.000000 123.412220 123.401054 123.389888 123.377481 123.366831 123.355665 123.342018 123.331368 123.320202 123.309036 123.299111 123.287220 123.276054 123.266129 123.253722 123.243072 123.233147 123.221981 123.210815 123.205127 123.209574 123.220740 123.231906 123.241831 123.252481 123.262407 123.273573 123.284739 123.295389 123.306555 123.317721 123.328887 123.339537 123.350703 123.363109 123.374275 123.384925 123.398573 123.409739 0.000000 0.000000 0.000000
0.000000 0.000000 0.000000 123.414701 123.403535 123.392369 123.379963 123.369313 123.356906 123.344499 123.333333 123.322683 123.311517 123.301592 123.289701 123.278535 123.268610 123.256203 123.245553 123.235628 123.224462 123.213296 123.207609 123.212055 123.223221 123.234387 123.244313 123.254963 123.264888 123.276054 123.287220 123.297870 123.309036 123.320202 123.331368 123.342018 123.353184 123.365591 123.376241 123.387407 123.399813 123.410979 0.000000 0.000000 0.000000
0.000000 0.000000 0.000000 123.416667 123.406017 123.394851 123.382444 123.371794 123.359387 123.346981 123.335815 123.325165 123.313999 123.304073 123.292907 123.281017 123.271091 123.258685 123.248035 123.238109 123.226943 123.215777 123.210815 123.214537 123.225703 123.236869 123.246794 123.257444 123.267369 123.278535 123.289701 123.300351 123.311517 123.322683 123.334574 123.344499 123.355665 123.368072 123.378722 123.389888 123.402295 123.413461 0.000000 0.000000 0.000000
0.000000 0.000000 0.000000 0.000000 123.408498 123.397332 123.384925 123.374275 123.360628 123.349462 123.338296 123.327646 123.316480 123.306555 123.295389 123.283498 123.273573 123.261166 123.251241 123.240591 123.229425 123.218259 123.213296 123.217018 123.228184 123.239350 123.249275 123.259925 123.269851 123.281017 123.291667 123.302833 123.313999 123.325165 123.335815 123.346981 123.358147 123.369313 123.381203 123.392369 123.404776 123.415942 0.000000 0.000000 0.000000
0.000000 0.000000 0.000000 0.000000 123.410979 123.399813 123.387407 123.376241 123.361869 123.351943 123.340777 123.330127 123.318961 123.309036 123.297870 123.285979 123.276054 123.263647 123.253722 123.243072 123.231906 123.220740 123.215777 123.219499 123.230665 123.241831 123.252481 123.262407 123.272332 123.283498 123.294148 123.305314 123.316480 123.327646 123.338296 123.349462 123.360628 123.371794 123.383685 123.394851 123.406017 0.000000 0.000000 0.000000 0.000000
0.000000 0.000000 0.000000 0.000000 123.413461 123.402295 123.389888 123.378722 123.364350 123.354425 123.343259 123.332609 123.321443 123.311517 123.300351 123.288461 123.278535 123.266129 123.256203 123.245553 123.234387 123.223221 123.218259 123.221981 123.233147 123.244313 123.254963 123.264888 123.274813 123.285979 123.296629 123.307795 123.318961 123.330127 123.340777 123.351943 123.363109 123.374275 123.386166 123.397332 123.408498 0.000000 0.000000 0.000000 0.000000
0.000000 0.000000 0.000000 0.000000 123.415942 123.404776 123.392369 123.379963 123.366831 123.356906 123.345740 123.334574 123.323924 123.313999 123.302833 123.290942 123.281017 123.268610 123.258685 123.248035 123.236869 123.225703 123.220740 123.224462 123.235628 123.246794 123.257444 123.267369 123.277295 123.288461 123.299111 123.310277 123.321443 123.332609 123.343259 123.354425 123.365591 123.376241 123.387407 123.399813 123.410979 0.000000 0.000000 0.000000 0.000000
0.000000 0.000000 0.000000 0.000000 0.000000 123.406017 123.394851 123.382444 123.369313 123.359387 123.348221 123.337055 123.326405 123.316480 123.305314 123.294148 123.283498 123.271091 123.261166 123.250000 123.239350 123.228184 123.223221 123.226943 123.238109 123.249275 123.259925 123.269851 123.279776 123.290942 123.301592 123.312758 123.323924 123.334574 123.345740 123.356906 123.368072 123.378722 123.389888 123.402295 123.413461 0.000000 0.000000 0.000000 0.000000
0.000000 0.000000 0.000000 0.000000 0.000000 123.408498 123.397332 123.383685 123.371794 123.361869 123.350703 123.339537 123.328887 123.318961 123.307795 123.296629 123.285979 123.273573 123.263647 123.252481 123.241831 123.230665 123.225703 123.229425 123.240591 123.251241 123.262407 123.272332 123.282257 123.292907 123.304073 123.315239 123.326405 123.337055 123.348221 123.359387 123.370553 123.381203 123.392369 123.404776 123.415942 0.000000 0.000000 0.000000 0.000000
0.000000 0.000000 0.000000 0.000000 0.000000 123.410979 123.399813 123.386166 123.374275 123.364350 123.353184 123.342018 123.331368 123.321443 123.310277 123.299111 123.288461 123.276054 123.266129 123.254963 123.244313 123.233147 123.228184 123.231906 123.243072 123.253722 123.264888 123.274813 123.284739 123.295389 123.306555 123.317721 123.328887 123.339537 123.350703 123.361869 123.373035 123.383685 123.394851 123.407257 0.000000 0.000000 0.000000 0.000000 0.000000
0.000000 0.000000 0.000000 0.000000 0.000000 123.413461 123.401054 123.388647 123.377481 123.366831 123.355665 123.344499 123.333333 123.322683 123.312758 123.301592 123.290942 123.278535 123.268610 123.257444 123.246794 123.235628 123.230665 123.234387 123.245553 123.256203 123.267369 123.277295 123.287220 123.297870 123.309036 123.320202 123.331368 123.342018 123.353184 123.364350 123.375000 123.386166 123.397332 123.409739 0.000000 0.000000 0.000000 0.000000 0.000000
0.000000 0.000000 0.000000 0.000000 0.000000 123.415942 123.403535 123.391129 123.379963 123.369313 123.358147 123.346981 123.335815 123.325165 123.315239 123.304073 123.292907 123.281017 123.271091 123.259925 123.249275 123.238109 123.233147 123.236869 123.248035 123.258685 123.269851 123.279776 123.289701 123.300351 123.311517 123.322683 123.333333 123.344499 123.355665 123.366831 123.377481 123.388647 123.399813 123.412220 0.000000 0.000000 0.000000 0.000000 0.000000
0.000000 0.000000 0.000000 0.000000 0.000000 0.000000 123.404776 123.393610 123.382444 123.371794 123.360628 123.349462 123.338296 123.327646 123.317721 123.306555 123.294148 123.283498 123.273573 123.262407 123.251241 123.240591 123.235628 123.239350 123.250000 123.261166 123.272332 123.282257 123.292907 123.302833 123.313999 123.325165 123.335815 123.346981 123.358147 123.369313 123.379963 123.391129 123.402295 123.414701 0.000000 0.000000 0.000000 0.000000 0.000000
0.000000 0.000000 0.000000 0.000000 0.000000 0.000000 123.407257 123.396091 123.384925 123.374275 123.363109 123.351943 123.340777 123.330127 123.320202 123.309036 123.296629 123.285979 123.276054 123.264888 123.253722 123.243072 123.238109 123.241831 123.252481 123.263647 123.274813 123.284739 123.295389 123.305314 123.316480 123.327646 123.338296 123.349462 123.360628 123.371794 123.382444 123.393610 123.404776 123.416667 0.000000 0.000000 0.000000 0.000000 0.000000
0.000000 0.000000 0.000000 0.000000 0.000000 0.000000 123.409739 123.398573 123.387407 123.377481 123.365591 123.354425 123.343259 123.332609 123.322683 123.311517 123.299111 123.288461 123.278535 123.267369 123.256203 123.245553 123.240591 123.244313 123.254963 123.266129 123.277295 123.287220 123.297870 123.307795 123.318961 123.330127 123.340777 123.351943 123.363109 123.374275 123.384925 123.396091 123.407257 0.000000 0.000000 0.000000 0.000000 0.000000 0.000000
0.000000 0.000000 0.000000 0.000000 0.000000 0.000000 123.412220 123.401054 123.389888 123.379963 123.368072 123.356906 123.345740 123.334574 123.325165 123.313999 123.301592 123.290942 123.281017 123.269851 123.258685 123.248035 123.243072 123.246794 123.257444 123.268610 123.279776 123.289701 123.300351 123.310277 123.321443 123.332609 123.343259 123.354425 123.365591 123.376241 123.387407 123.398573 123.409739 0.000000 0.000000 0.000000 0.000000 0.000000 0.000000
