FireSTARR/test/constant/C2_S060_A090_WD000_WS000/arrival.asc
ncols         45
nrows         172
xllcorner     424403.990666
yllcorner     12731955.311160
cellsize      100.000000
NODATA_value  0.000000
[rows 34 to 67 of 172, columns 0 to 44 of 45]
0.000000 0.000000 0.000000 0.000000 0.000000 0.000000 0.000000 0.000000 123.391129 123.310277 123.228184 123.206368 123.190239 123.176592 123.162220 123.151054 123.138647 123.127481 123.115591 123.104425 123.093259 123.082609 123.076405 123.081368 123.092018 123.103184 123.114350 123.125000 123.136166 123.148573 123.160979 123.174111 123.188999 123.203887 123.219499 123.295389 123.376241 0.000000 0.000000 0.000000 0.000000 0.000000 0.000000 0.000000 0.000000
0.000000 0.000000 0.000000 0.000000 0.000000 0.000000 0.000000 0.000000 123.366831 123.285979 123.221981 123.207609 123.191480 123.179073 123.164701 123.153535 123.141129 123.129963 123.118072 123.106906 123.095740 123.085815 123.078887 123.084574 123.094499 123.105665 123.116831 123.127481 123.138647 123.151054 123.163461 123.176592 123.190239 123.206368 123.219499 123.272332 123.354425 0.000000 0.000000 0.000000 0.000000 0.000000 0.000000 0.000000 0.000000
0.000000 0.000000 0.000000 0.000000 0.000000 0.000000 0.000000 0.000000 123.346981 123.266129 123.223221 123.207609 123.193961 123.180314 123.166667 123.156017 123.143610 123.132444 123.120553 123.109387 123.098221 123.088296 123.081368 123.087055 123.096981 123.108147 123.119313 123.129963 123.141129 123.152295 123.164701 123.177833 123.192721 123.207609 123.221981 123.252481 123.333333 123.414701 0.000000 0.000000 0.000000 0.000000 0.000000 0.000000 0.000000
0.000000 0.000000 0.000000 0.000000 0.000000 0.000000 0.000000 123.404776 123.323924 123.243072 123.225703 123.209574 123.195202 123.181555 123.169148 123.158498 123.146091 123.134925 123.123035 123.111869 123.100703 123.090777 123.083333 123.089537 123.099462 123.110628 123.121794 123.132444 123.143610 123.154776 123.167907 123.179073 123.193961 123.207609 123.223221 123.239350 123.311517 123.392369 0.000000 0.000000 0.000000 0.000000 0.000000 0.000000 0.000000
0.000000 0.000000 0.000000 0.000000 0.000000 0.000000 0.000000 123.381203 123.300351 123.240591 123.226943 123.210815 123.197683 123.184036 123.171629 123.160979 123.148573 123.137407 123.126241 123.114350 123.103184 123.093259 123.085815 123.092018 123.101943 123.113109 123.124275 123.134925 123.146091 123.157257 123.170389 123.181555 123.195202 123.208333 123.225703 123.240591 123.287220 123.368072 0.000000 0.000000 0.000000 0.000000 0.000000 0.000000 0.000000
0.000000 0.000000 0.000000 0.000000 0.000000 0.000000 0.000000 123.358147 123.277295 123.243072 123.226943 123.213296 123.200165 123.186517 123.174111 123.163461 123.151054 123.139888 123.128722 123.116831 123.105665 123.095740 123.088296 123.093259 123.104425 123.115591 123.126241 123.137407 123.148573 123.159739 123.172870 123.184036 123.197683 123.210815 123.226943 123.241831 123.263647 123.345740 0.000000 0.000000 0.000000 0.000000 0.000000 0.000000 0.000000
0.000000 0.000000 0.000000 0.000000 0.000000 0.000000 123.415942 123.334574 123.259925 123.244313 123.229425 123.214537 123.201405 123.188999 123.176592 123.165942 123.153535 123.142369 123.131203 123.119313 123.108147 123.096981 123.090777 123.095740 123.106906 123.118072 123.128722 123.139888 123.151054 123.162220 123.174111 123.186517 123.198924 123.213296 123.226943 123.243072 123.257444 123.322683 123.404776 0.000000 0.000000 0.000000 0.000000 0.000000 0.000000
0.000000 0.000000 0.000000 0.000000 0.000000 0.000000 123.397332 123.316480 123.259925 123.244313 123.230665 123.217018 123.203887 123.191480 123.179073 123.167907 123.156017 123.144851 123.133685 123.121794 123.110628 123.099462 123.093259 123.098221 123.109387 123.120553 123.131203 123.142369 123.153535 123.164701 123.175351 123.188999 123.200165 123.215777 123.228184 123.244313 123.258685 123.302833 123.383685 0.000000 0.000000 0.000000 0.000000 0.000000 0.000000
0.000000 0.000000 0.000000 0.000000 0.000000 0.000000 123.373035 123.290942 123.262407 123.246794 123.233147 123.218259 123.205127 123.192721 123.181555 123.170389 123.158498 123.147332 123.136166 123.124275 123.113109 123.101943 123.095740 123.100703 123.111869 123.123035 123.133685 123.144851 123.156017 123.166667 123.177833 123.191480 123.202646 123.217018 123.230665 123.245553 123.261166 123.278535 123.359387 0.000000 0.000000 0.000000 0.000000 0.000000 0.000000
0.000000 0.000000 0.000000 0.000000 0.000000 0.000000 123.350703 123.279776 123.263647 123.248035 123.234387 123.220740 123.207609 123.195202 123.184036 123.172870 123.160979 123.149813 123.138647 123.127481 123.115591 123.104425 123.098221 123.103184 123.114350 123.125000 123.136166 123.147332 123.158498 123.169148 123.180314 123.193961 123.205127 123.218259 123.231906 123.246794 123.262407 123.277295 123.337055 0.000000 0.000000 0.000000 0.000000 0.000000 0.000000
0.000000 0.000000 0.000000 0.000000 0.000000 123.407257 123.326405 123.281017 123.266129 123.249275 123.236869 123.223221 123.209574 123.197683 123.186517 123.175351 123.163461 123.152295 123.141129 123.128722 123.118072 123.106906 123.100703 123.105665 123.116831 123.127481 123.138647 123.149813 123.160979 123.171629 123.182795 123.193961 123.207609 123.218259 123.234387 123.246794 123.264888 123.279776 123.312758 123.394851 0.000000 0.000000 0.000000 0.000000 0.000000
0.000000 0.000000 0.000000 0.000000 0.000000 123.384925 123.302833 123.282257 123.264888 123.251241 123.238109 123.224462 123.212055 123.200165 123.188999 123.177833 123.165942 123.154776 123.143610 123.131203 123.120553 123.109387 123.103184 123.108147 123.119313 123.129963 123.141129 123.152295 123.163461 123.174111 123.185277 123.196443 123.209574 123.220740 123.235628 123.249275 123.264888 123.279776 123.296629 123.371794 0.000000 0.000000 0.000000 0.000000 0.000000
0.000000 0.000000 0.000000 0.000000 0.000000 123.364350 123.297870 123.283498 123.267369 123.253722 123.240591 123.226943 123.214537 123.202646 123.191480 123.180314 123.167907 123.157257 123.146091 123.133685 123.123035 123.111869 123.105665 123.110628 123.121794 123.132444 123.143610 123.154776 123.165942 123.176592 123.187758 123.198924 123.212055 123.223221 123.238109 123.251241 123.266129 123.281017 123.296629 123.350703 0.000000 0.000000 0.000000 0.000000 0.000000
0.000000 0.000000 0.000000 0.000000 0.000000 123.342018 123.300351 123.285979 123.268610 123.256203 123.241831 123.228184 123.217018 123.205127 123.193961 123.182795 123.170389 123.159739 123.148573 123.136166 123.126241 123.114350 123.108147 123.113109 123.124275 123.134925 123.146091 123.156017 123.167907 123.179073 123.190239 123.201405 123.213296 123.225703 123.238109 123.253722 123.266129 123.283498 123.299111 123.328887 123.410979 0.000000 0.000000 0.000000 0.000000
0.000000 0.000000 0.000000 0.000000 123.398573 123.318961 123.301592 123.284739 123.269851 123.256203 123.243072 123.230665 123.219499 123.207609 123.196443 123.185277 123.172870 123.162220 123.149813 123.138647 123.128722 123.116831 123.110628 123.115591 123.126241 123.137407 123.148573 123.158498 123.170389 123.181555 123.192721 123.203887 123.215777 123.228184 123.240591 123.254963 123.268610 123.284739 123.299111 123.315239 123.386166 0.000000 0.000000 0.000000 0.000000
0.000000 0.000000 0.000000 0.000000 123.376241 123.317721 123.302833 123.287220 123.272332 123.258685 123.245553 123.233147 123.221981 123.209574 123.198924 123.187758 123.175351 123.164701 123.152295 123.141129 123.131203 123.119313 123.113109 123.118072 123.128722 123.139888 123.151054 123.160979 123.172870 123.184036 123.195202 123.206368 123.218259 123.230665 123.243072 123.256203 123.271091 123.285979 123.300351 123.316480 123.363109 0.000000 0.000000 0.000000 0.000000
0.000000 0.000000 0.000000 0.000000 123.355665 123.320202 123.304073 123.287220 123.274813 123.261166 123.248035 123.235628 123.224462 123.212055 123.201405 123.188999 123.177833 123.166667 123.154776 123.143610 123.133685 123.121794 123.115591 123.120553 123.131203 123.142369 123.153535 123.163461 123.175351 123.186517 123.197683 123.208333 123.219499 123.233147 123.245553 123.257444 123.273573 123.285979 123.302833 123.317721 123.340777 0.000000 0.000000 0.000000 0.000000
0.000000 0.000000 0.000000 123.413461 123.337055 123.320202 123.304073 123.289701 123.276054 123.262407 123.250000 123.238109 123.226943 123.214537 123.203887 123.191480 123.180314 123.169148 123.157257 123.146091 123.134925 123.124275 123.118072 123.123035 123.133685 123.144851 123.156017 123.165942 123.177833 123.188999 123.200165 123.210815 123.221981 123.235628 123.248035 123.259925 123.274813 123.288461 123.304073 123.318961 123.334574 123.402295 0.000000 0.000000 0.000000
0.000000 0.000000 0.000000 123.389888 123.337055 123.321443 123.306555 123.290942 123.278535 123.264888 123.251241 123.240591 123.229425 123.217018 123.206368 123.193961 123.182795 123.171629 123.159739 123.148573 123.137407 123.127481 123.120553 123.125000 123.136166 123.147332 123.158498 123.167907 123.179073 123.191480 123.202646 123.213296 123.224462 123.238109 123.250000 123.262407 123.276054 123.289701 123.304073 123.318961 123.335815 123.377481 0.000000 0.000000 0.000000
0.000000 0.000000 0.000000 123.368072 123.338296 123.322683 123.306555 123.294148 123.279776 123.266129 123.253722 123.243072 123.231906 123.219499 123.208333 123.196443 123.185277 123.174111 123.162220 123.151054 123.139888 123.129963 123.123035 123.127481 123.138647 123.149813 123.160979 123.170389 123.181555 123.193961 123.205127 123.215777 123.226943 123.239350 123.252481 123.264888 123.277295 123.291667 123.305314 123.321443 123.337055 123.355665 0.000000 0.000000 0.000000
0.000000 0.000000 0.000000 123.355665 123.339537 123.323924 123.309036 123.295389 123.282257 123.268610 123.256203 123.245553 123.233147 123.221981 123.210815 123.198924 123.187758 123.176592 123.164701 123.153535 123.142369 123.132444 123.126241 123.129963 123.141129 123.152295 123.163461 123.172870 123.184036 123.196443 123.206368 123.218259 123.229425 123.240591 123.253722 123.266129 123.279776 123.294148 123.306555 123.322683 123.338296 123.353184 123.412220 0.000000 0.000000
0.000000 0.000000 123.404776 123.356906 123.340777 123.325165 123.310277 123.296629 123.283498 123.271091 123.258685 123.248035 123.235628 123.224462 123.212055 123.201405 123.190239 123.179073 123.166667 123.156017 123.144851 123.134925 123.128722 123.132444 123.143610 123.154776 123.165942 123.175351 123.186517 123.198924 123.208333 123.220740 123.231906 123.243072 123.256203 123.268610 123.281017 123.294148 123.307795 123.323924 123.338296 123.355665 123.392369 0.000000 0.000000
0.000000 0.000000 123.382444 123.358147 123.342018 123.326405 123.312758 123.297870 123.285979 123.272332 123.261166 123.250000 123.238109 123.226943 123.214537 123.203887 123.192721 123.181555 123.169148 123.158498 123.147332 123.137407 123.131203 123.134925 123.146091 123.157257 123.167907 123.177833 123.188999 123.201405 123.210815 123.223221 123.234387 123.244313 123.258685 123.271091 123.283498 123.296629 123.310277 123.323924 123.340777 123.356906 123.373035 0.000000 0.000000
0.000000 0.000000 123.375000 123.359387 123.343259 123.327646 123.313999 123.300351 123.287220 123.274813 123.263647 123.252481 123.240591 123.229425 123.217018 123.206368 123.195202 123.184036 123.171629 123.160979 123.149813 123.139888 123.133685 123.137407 123.148573 123.159739 123.170389 123.180314 123.191480 123.203887 123.213296 123.225703 123.236869 123.246794 123.259925 123.273573 123.284739 123.299111 123.312758 123.325165 123.342018 123.356906 123.373035 0.000000 0.000000
0.000000 123.416667 123.376241 123.360628 123.344499 123.328887 123.316480 123.302833 123.289701 123.277295 123.266129 123.253722 123.243072 123.231906 123.219499 123.208333 123.197683 123.186517 123.174111 123.163461 123.152295 123.142369 123.136166 123.139888 123.151054 123.162220 123.172870 123.182795 123.193961 123.206368 123.215777 123.228184 123.239350 123.249275 123.262407 123.276054 123.287220 123.301592 123.312758 123.327646 123.343259 123.358147 123.375000 123.403535 0.000000
0.000000 123.396091 123.377481 123.361869 123.345740 123.331368 123.317721 123.305314 123.291667 123.279776 123.268610 123.256203 123.245553 123.234387 123.221981 123.210815 123.200165 123.187758 123.176592 123.165942 123.154776 123.144851 123.138647 123.142369 123.153535 123.164701 123.175351 123.185277 123.196443 123.208333 123.218259 123.230665 123.241831 123.252481 123.264888 123.277295 123.289701 123.301592 123.315239 123.330127 123.343259 123.360628 123.376241 123.392369 0.000000
0.000000 123.393610 123.378722 123.363109 123.346981 123.332609 123.320202 123.306555 123.294148 123.282257 123.271091 123.258685 123.248035 123.236869 123.224462 123.213296 123.202646 123.190239 123.179073 123.167907 123.157257 123.147332 123.141129 123.144851 123.156017 123.166667 123.177833 123.187758 123.198924 123.210815 123.220740 123.231906 123.244313 123.254963 123.266129 123.278535 123.291667 123.304073 123.317721 123.332609 123.345740 123.360628 123.376241 123.393610 0.000000
0.000000 123.396091 123.379963 123.364350 123.349462 123.335815 123.322683 123.307795 123.295389 123.284739 123.273573 123.261166 123.250000 123.239350 123.226943 123.215777 123.205127 123.192721 123.181555 123.170389 123.159739 123.149813 123.143610 123.147332 123.158498 123.169148 123.180314 123.190239 123.201405 123.212055 123.223221 123.234387 123.246794 123.257444 123.268610 123.281017 123.294148 123.306555 123.320202 123.333333 123.346981 123.361869 123.377481 123.394851 0.000000
123.413461 123.396091 123.381203 123.365591 123.350703 123.337055 123.323924 123.310277 123.297870 123.287220 123.274813 123.263647 123.252481 123.241831 123.229425 123.218259 123.207609 123.195202 123.184036 123.172870 123.162220 123.152295 123.146091 123.149813 123.160979 123.171629 123.182795 123.192721 123.203887 123.214537 123.225703 123.236869 123.249275 123.259925 123.271091 123.283498 123.296629 123.309036 123.321443 123.335815 123.349462 123.363109 123.379963 123.394851 123.410979
123.413461 123.398573 123.382444 123.366831 123.351943 123.339537 123.325165 123.312758 123.300351 123.289701 123.277295 123.266129 123.254963 123.244313 123.231906 123.220740 123.209574 123.197683 123.186517 123.175351 123.164701 123.154776 123.148573 123.152295 123.163461 123.174111 123.185277 123.195202 123.206368 123.217018 123.228184 123.239350 123.250000 123.262407 123.273573 123.285979 123.297870 123.310277 123.323924 123.337055 123.350703 123.365591 123.379963 123.394851 123.412220
123.415942 123.398573 123.383685 123.368072 123.353184 123.342018 123.326405 123.315239 123.302833 123.291667 123.279776 123.268610 123.257444 123.245553 123.234387 123.223221 123.210815 123.200165 123.188999 123.177833 123.166667 123.157257 123.151054 123.154776 123.165942 123.176592 123.187758 123.197683 123.208333 123.219499 123.230665 123.241831 123.252481 123.264888 123.276054 123.288461 123.300351 123.312758 123.325165 123.338296 123.353184 123.366831 123.379963 123.396091 123.413461
123.415942 123.399813 123.384925 123.370553 123.355665 123.343259 123.328887 123.317721 123.305314 123.294148 123.282257 123.271091 123.259925 123.246794 123.236869 123.225703 123.213296 123.202646 123.191480 123.180314 123.169148 123.159739 123.153535 123.157257 123.167907 123.179073 123.190239 123.200165 123.210815 123.221981 123.233147 123.244313 123.254963 123.267369 123.278535 123.289701 123.302833 123.315239 123.327646 123.340777 123.355665 123.369313 123.382444 123.398573 123.414701
0.000000 123.401054 123.384925 123.371794 123.358147 123.344499 123.331368 123.318961 123.307795 123.296629 123.284739 123.273573 123.262407 123.249275 123.239350 123.228184 123.215777 123.205127 123.193961 123.182795 123.171629 123.162220 123.156017 123.159739 123.170389 123.181555 123.192721 123.202646 123.213296 123.224462 123.235628 123.246794 123.257444 123.268610 123.281017 123.291667 123.305314 123.316480 123.330127 123.342018 123.355665 123.370553 123.384925 123.399813 123.414701
0.000000 123.402295 123.387407 123.373035 123.360628 123.345740 123.333333 123.321443 123.310277 123.297870 123.287220 123.276054 123.264888 123.251241 123.241831 123.230665 123.218259 123.207609 123.196443 123.185277 123.174111 123.164701 123.158498 123.162220 123.172870 123.184036 123.195202 123.205127 123.215777 123.226943 123.238109 123.249275 123.259925 123.271091 123.283498 123.294148 123.307795 123.318961 123.332609 123.344499 123.358147 123.371794 123.387407 123.401054 123.415942
