FireSTARR/test/constant/C2_S060_A180_WD315_WS020/arrival.asc
ncols         331
nrows         116
xllcorner     426503.990666
yllcorner     12737955.311160
cellsize      100.000000
NODATA_value  0.000000
[rows 27 to 53 of 116, columns 122 to 182 of 331]
123.367027 123.372347 123.377956 123.382684 123.388004 123.393324 123.398644 123.403964 123.409284 123.414604 0.000000 0.000000 0.000000 0.000000 0.000000 0.000000 0.000000 0.000000 0.000000 0.000000 0.000000 0.000000 0.000000 0.000000 0.000000 0.000000 0.000000 0.000000 0.000000 0.000000 0.000000 0.000000 0.000000 0.000000 0.000000 0.000000 0.000000 0.000000 0.000000 0.000000 0.000000 0.000000 0.000000 0.000000 0.000000 0.000000 0.000000 0.000000 0.000000 0.000000 0.000000 0.000000 0.000000 0.000000 0.000000 0.000000 0.000000 0.000000 0.000000 0.000000 0.000000
123.355795 123.361115 123.365253 123.370573 123.375591 123.380911 123.386231 123.391551 123.396871 123.401600 123.406920 123.412240 0.000000 0.000000 0.000000 0.000000 0.000000 0.000000 0.000000 0.000000 0.000000 0.000000 0.000000 0.000000 0.000000 0.000000 0.000000 0.000000 0.000000 0.000000 0.000000 0.000000 0.000000 0.000000 0.000000 0.000000 0.000000 0.000000 0.000000 0.000000 0.000000 0.000000 0.000000 0.000000 0.000000 0.000000 0.000000 0.000000 0.000000 0.000000 0.000000 0.000000 0.000000 0.000000 0.000000 0.000000 0.000000 0.000000 0.000000 0.000000 0.000000
123.343382 123.348702 123.354022 123.359342 123.364662 123.369982 123.374711 123.379729 123.385049 123.390369 123.395689 123.401009 123.406329 123.411649 123.416667 0.000000 0.000000 0.000000 0.000000 0.000000 0.000000 0.000000 0.000000 0.000000 0.000000 0.000000 0.000000 0.000000 0.000000 0.000000 0.000000 0.000000 0.000000 0.000000 0.000000 0.000000 0.000000 0.000000 0.000000 0.000000 0.000000 0.000000 0.000000 0.000000 0.000000 0.000000 0.000000 0.000000 0.000000 0.000000 0.000000 0.000000 0.000000 0.000000 0.000000 0.000000 0.000000 0.000000 0.000000 0.000000 0.000000
123.331271 123.336880 123.341609 123.346929 123.352249 123.357569 123.362889 123.368209 123.373529 123.378547 123.383867 123.389187 123.394507 123.399827 123.404555 123.409875 123.415195 0.000000 0.000000 0.000000 0.000000 0.000000 0.000000 0.000000 0.000000 0.000000 0.000000 0.000000 0.000000 0.000000 0.000000 0.000000 0.000000 0.000000 0.000000 0.000000 0.000000 0.000000 0.000000 0.000000 0.000000 0.000000 0.000000 0.000000 0.000000 0.000000 0.000000 0.000000 0.000000 0.000000 0.000000 0.000000 0.000000 0.000000 0.000000 0.000000 0.000000 0.000000 0.000000 0.000000 0.000000
123.318858 123.324178 123.329498 123.334516 123.339836 123.345156 123.349884 123.355204 123.360524 123.365844 123.371164 123.376182 123.380911 123.386822 123.391551 123.396871 123.402191 123.407511 123.412831 0.000000 0.000000 0.000000 0.000000 0.000000 0.000000 0.000000 0.000000 0.000000 0.000000 0.000000 0.000000 0.000000 0.000000 0.000000 0.000000 0.000000 0.000000 0.000000 0.000000 0.000000 0.000000 0.000000 0.000000 0.000000 0.000000 0.000000 0.000000 0.000000 0.000000 0.000000 0.000000 0.000000 0.000000 0.000000 0.000000 0.000000 0.000000 0.000000 0.000000 0.000000 0.000000
123.305262 123.310582 123.315902 123.321222 123.326542 123.331862 123.336880 123.342200 123.347520 123.352840 123.358160 123.363480 123.368209 123.373529 123.379138 123.384458 123.389187 123.394507 123.399827 123.405147 123.410467 123.415787 0.000000 0.000000 0.000000 0.000000 0.000000 0.000000 0.000000 0.000000 0.000000 0.000000 0.000000 0.000000 0.000000 0.000000 0.000000 0.000000 0.000000 0.000000 0.000000 0.000000 0.000000 0.000000 0.000000 0.000000 0.000000 0.000000 0.000000 0.000000 0.000000 0.000000 0.000000 0.000000 0.000000 0.000000 0.000000 0.000000 0.000000 0.000000 0.000000
123.292258 123.298169 123.302898 123.308218 123.313538 123.318858 123.324178 123.329498 123.334516 123.339836 123.344564 123.349884 123.355204 123.360524 123.365844 123.371164 123.376182 123.380911 123.386822 123.391551 123.396871 123.402191 123.407511 123.412831 0.000000 0.000000 0.000000 0.000000 0.000000 0.000000 0.000000 0.000000 0.000000 0.000000 0.000000 0.000000 0.000000 0.000000 0.000000 0.000000 0.000000 0.000000 0.000000 0.000000 0.000000 0.000000 0.000000 0.000000 0.000000 0.000000 0.000000 0.000000 0.000000 0.000000 0.000000 0.000000 0.000000 0.000000 0.000000 0.000000 0.000000
123.281920 123.287240 123.291378 123.295804 123.301124 123.305853 123.311173 123.316493 123.321813 123.327133 123.332453 123.337471 123.342791 123.348111 123.353431 123.358751 123.363480 123.369391 123.374120 123.379729 123.385049 123.390369 123.395098 123.400418 123.405738 123.411058 123.416378 0.000000 0.000000 0.000000 0.000000 0.000000 0.000000 0.000000 0.000000 0.000000 0.000000 0.000000 0.000000 0.000000 0.000000 0.000000 0.000000 0.000000 0.000000 0.000000 0.000000 0.000000 0.000000 0.000000 0.000000 0.000000 0.000000 0.000000 0.000000 0.000000 0.000000 0.000000 0.000000 0.000000 0.000000
123.269507 123.274827 123.280147 123.284875 123.290787 123.295213 123.298169 123.304080 123.308809 123.314129 123.319449 123.324769 123.330089 123.335107 123.340427 123.345747 123.351067 123.356387 123.361707 123.366435 123.371755 123.377364 123.382684 123.387413 123.393324 123.398053 123.403373 123.408693 123.414013 0.000000 0.000000 0.000000 0.000000 0.000000 0.000000 0.000000 0.000000 0.000000 0.000000 0.000000 0.000000 0.000000 0.000000 0.000000 0.000000 0.000000 0.000000 0.000000 0.000000 0.000000 0.000000 0.000000 0.000000 0.000000 0.000000 0.000000 0.000000 0.000000 0.000000 0.000000 0.000000
123.255911 123.261231 123.266551 123.271871 123.277191 123.282511 123.287240 123.292258 123.297578 123.302898 123.308218 123.313538 123.318267 123.324178 123.328907 123.333924 123.339244 123.344564 123.349884 123.355204 123.360524 123.365253 123.370573 123.376182 123.380911 123.386231 123.391551 123.396871 123.401600 123.406920 123.412240 0.000000 0.000000 0.000000 0.000000 0.000000 0.000000 0.000000 0.000000 0.000000 0.000000 0.000000 0.000000 0.000000 0.000000 0.000000 0.000000 0.000000 0.000000 0.000000 0.000000 0.000000 0.000000 0.000000 0.000000 0.000000 0.000000 0.000000 0.000000 0.000000 0.000000
123.243800 123.249120 123.254138 123.259458 123.264778 123.270098 123.275418 123.280738 123.286058 123.290787 123.296396 123.301716 123.307036 123.312355 123.317084 123.322404 123.327724 123.333044 123.338653 123.343382 123.348702 123.354022 123.359342 123.364662 123.369982 123.375000 123.380320 123.385049 123.387413 123.392733 123.398053 123.402782 123.408102 123.413422 0.000000 0.000000 0.000000 0.000000 0.000000 0.000000 0.000000 0.000000 0.000000 0.000000 0.000000 0.000000 0.000000 0.000000 0.000000 0.000000 0.000000 0.000000 0.000000 0.000000 0.000000 0.000000 0.000000 0.000000 0.000000 0.000000 0.000000
123.231978 123.237298 123.242618 123.247938 123.252956 123.258276 123.263596 123.268915 123.274235 123.278964 123.284284 123.289604 123.295213 123.299942 123.305262 123.310582 123.315902 123.321222 123.326542 123.331862 123.336880 123.342200 123.347520 123.352840 123.358160 123.363480 123.368800 123.373529 123.379138 123.384458 123.389187 123.391551 123.396280 123.401600 123.406920 123.412240 0.000000 0.000000 0.000000 0.000000 0.000000 0.000000 0.000000 0.000000 0.000000 0.000000 0.000000 0.000000 0.000000 0.000000 0.000000 0.000000 0.000000 0.000000 0.000000 0.000000 0.000000 0.000000 0.000000 0.000000 0.000000
123.218973 123.224293 123.229613 123.234933 123.240253 123.245573 123.250591 123.255320 123.260640 123.265960 123.271280 123.276600 123.281920 123.287240 123.292258 123.297578 123.302307 123.307627 123.312947 123.318267 123.323587 123.328907 123.333924 123.339244 123.344564 123.349884 123.355204 123.360524 123.365253 123.370573 123.375591 123.380911 123.386231 123.391551 123.396871 123.401009 123.404555 123.409875 123.415195 0.000000 0.000000 0.000000 0.000000 0.000000 0.000000 0.000000 0.000000 0.000000 0.000000 0.000000 0.000000 0.000000 0.000000 0.000000 0.000000 0.000000 0.000000 0.000000 0.000000 0.000000 0.000000
123.207453 123.212471 123.217791 123.223111 123.228431 123.233751 123.239071 123.243800 123.249711 123.254729 123.260049 123.265369 123.270689 123.275418 123.280738 123.286058 123.291378 123.296396 123.301716 123.307036 123.312355 123.317675 123.322995 123.328315 123.332453 123.337471 123.342200 123.348111 123.352840 123.358160 123.363480 123.368800 123.374120 123.379138 123.384458 123.389778 123.395098 123.400418 123.405738 123.409284 123.412831 0.000000 0.000000 0.000000 0.000000 0.000000 0.000000 0.000000 0.000000 0.000000 0.000000 0.000000 0.000000 0.000000 0.000000 0.000000 0.000000 0.000000 0.000000 0.000000 0.000000
123.196222 123.200951 123.203907 123.208924 123.214244 123.219564 123.224884 123.230204 123.234933 123.240253 123.245573 123.250591 123.255911 123.261231 123.265960 123.271871 123.276600 123.281920 123.287240 123.292258 123.297578 123.302898 123.308218 123.313538 123.318858 123.324178 123.329498 123.334516 123.339836 123.345156 123.350475 123.355795 123.361115 123.366435 123.371164 123.376773 123.382093 123.386822 123.392142 123.397462 123.402782 123.408102 123.413422 0.000000 0.000000 0.000000 0.000000 0.000000 0.000000 0.000000 0.000000 0.000000 0.000000 0.000000 0.000000 0.000000 0.000000 0.000000 0.000000 0.000000 0.000000
123.189129 123.194449 123.197995 123.199769 123.203907 123.206862 123.211880 123.217200 123.222520 123.227840 123.233160 123.237889 123.243209 123.248529 123.254138 123.258867 123.264187 123.269507 123.274827 123.280147 123.285467 123.290787 123.295804 123.301124 123.306444 123.311764 123.317084 123.322404 123.327133 123.332453 123.338062 123.342791 123.348702 123.353431 123.358751 123.364071 123.369391 123.374711 123.379729 123.385049 123.390369 123.395689 123.401009 123.406329 123.411649 123.416378 0.000000 0.000000 0.000000 0.000000 0.000000 0.000000 0.000000 0.000000 0.000000 0.000000 0.000000 0.000000 0.000000 0.000000 0.000000
123.176124 123.181444 123.186173 123.191493 123.196813 123.201542 123.203315 123.208044 123.212471 123.214836 123.220156 123.225475 123.230204 123.235524 123.240844 123.246164 123.251182 123.256502 123.261822 123.267142 123.271871 123.277191 123.282511 123.287831 123.292849 123.298169 123.303489 123.308809 123.314129 123.318858 123.324178 123.329498 123.334516 123.339836 123.345156 123.349884 123.355795 123.360524 123.365844 123.371164 123.376182 123.381502 123.386822 123.392142 123.396871 123.402191 123.407511 123.412831 0.000000 0.000000 0.000000 0.000000 0.000000 0.000000 0.000000 0.000000 0.000000 0.000000 0.000000 0.000000 0.000000
123.167258 123.170804 123.173760 123.179080 123.184400 123.189129 123.194449 123.199769 123.205089 123.206862 123.211289 123.216018 123.218382 123.223111 123.228431 123.233160 123.238480 123.243800 123.249120 123.254138 123.260049 123.264778 123.270098 123.275418 123.280738 123.286058 123.291378 123.296396 123.301716 123.307036 123.312355 123.317084 123.322995 123.327724 123.332453 123.336880 123.342200 123.347520 123.352840 123.357569 123.362889 123.368209 123.373529 123.378547 123.383867 123.389187 123.394507 123.399827 123.405147 123.410467 123.415195 0.000000 0.000000 0.000000 0.000000 0.000000 0.000000 0.000000 0.000000 0.000000 0.000000
123.161058 123.164013 123.166667 123.170804 123.174942 123.178489 123.183218 123.188538 123.193267 123.197995 123.202724 123.208044 123.211289 123.213653 123.218973 123.221338 123.226067 123.231387 123.236115 123.241435 123.246755 123.252364 123.257093 123.262413 123.267733 123.273053 123.278373 123.283693 123.289013 123.294031 123.299351 123.304671 123.309991 123.315311 123.320631 123.325360 123.330680 123.336289 123.341609 123.345747 123.350475 123.355795 123.360524 123.365844 123.371164 123.376182 123.381502 123.386822 123.391551 123.396871 123.402191 123.407511 123.412831 0.000000 0.000000 0.000000 0.000000 0.000000 0.000000 0.000000 0.000000
123.152782 123.155147 123.160467 123.165195 123.168440 123.170804 123.173760 123.178489 123.182627 123.186173 123.191493 123.196813 123.202133 123.207453 123.212471 123.214836 123.217791 123.223111 123.226067 123.229613 123.234933 123.240253 123.245573 123.247938 123.253547 123.258276 123.264187 123.268915 123.274235 123.279555 123.284875 123.290195 123.295213 123.300533 123.305853 123.311173 123.316493 123.321813 123.327133 123.331862 123.337471 123.342791 123.348111 123.352840 123.358160 123.363480 123.368800 123.374120 123.379138 123.384458 123.389778 123.395098 123.400418 123.405738 123.411058 123.416378 0.000000 0.000000 0.000000 0.000000 0.000000
123.153373 123.153964 123.155147 123.156329 123.159875 123.164013 123.168440 123.172578 123.174942 123.177307 123.182627 123.187355 123.189129 123.194449 123.199769 123.205089 123.210107 123.215427 123.218382 123.220747 123.226067 123.230204 123.232569 123.237889 123.243209 123.248529 123.253547 123.258276 123.261231 123.266551 123.271871 123.277191 123.282511 123.287831 123.292849 123.298169 123.303489 123.308218 123.313538 123.318858 123.324178 123.329498 123.334516 123.339244 123.345156 123.349884 123.355204 123.360524 123.365844 123.371164 123.376182 123.381502 123.386231 123.391551 123.396871 123.402191 123.407511 123.412831 0.000000 0.000000 0.000000
123.168440 123.159284 123.158102 123.157511 123.157511 123.159284 123.160467 123.162831 123.167849 123.172578 123.176716 123.178489 123.180262 123.185582 123.190902 123.193267 123.197404 123.202724 123.208044 123.213062 123.218382 123.222520 123.225475 123.229613 123.233751 123.236115 123.240844 123.246164 123.251182 123.256502 123.261822 123.265960 123.270098 123.275418 123.280738 123.286058 123.291378 123.296396 123.301716 123.307036 123.309991 123.314720 123.320040 123.325360 123.330680 123.335698 123.341018 123.346338 123.351658 123.356978 123.362298 123.367618 123.372938 123.377956 123.383276 123.388596 123.393915 123.399235 123.403964 123.409284 123.414604
123.185582 123.181444 123.174351 123.167258 123.163422 123.162240 123.161058 123.161649 123.162831 123.164013 123.166378 123.171396 123.176716 123.180853 123.182036 123.184991 123.189720 123.192675 123.196813 123.202133 123.207453 123.212471 123.217791 123.223111 123.226067 123.228431 123.233160 123.237889 123.239662 123.244982 123.250000 123.255320 123.260640 123.265960 123.270689 123.273053 123.278373 123.283693 123.289013 123.294031 123.299351 123.304671 123.309991 123.315311 123.319449 123.322995 123.328315 123.333333 123.338653 123.343973 123.349293 123.354613 123.359933 123.365253 123.370573 123.375591 123.380320 123.385640 123.390960 123.396280 123.401600
123.200360 123.198587 123.192675 123.189129 123.183218 123.178489 123.173169 123.167258 123.166667 123.165195 123.165195 123.166378 123.167849 123.170213 123.175533 123.180853 123.184991 123.186173 123.187947 123.192675 123.195631 123.200360 123.205680 123.210698 123.216018 123.221338 123.226658 123.230204 123.232569 123.237298 123.241435 123.243800 123.248529 123.254138 123.259458 123.264778 123.269507 123.274827 123.276600 123.280738 123.286058 123.291378 123.296396 123.301716 123.307036 123.312355 123.317675 123.322995 123.328315 123.333044 123.337471 123.342200 123.346929 123.352249 123.357569 123.362889 123.368209 123.373529 123.378547 123.383867 123.389187
123.229022 123.219564 123.218973 123.205089 123.202724 123.196813 123.193267 123.184991 123.182627 123.177898 123.171396 123.170804 123.169031 123.169031 123.170213 123.171396 123.173760 123.178489 123.183809 123.188538 123.189720 123.192084 123.196813 123.200360 123.203315 123.208333 123.213653 123.218973 123.224293 123.229613 123.233751 123.236115 123.241435 123.245573 123.247347 123.251773 123.257093 123.262413 123.267733 123.273053 123.278373 123.280738 123.285467 123.290787 123.295804 123.301124 123.306444 123.311764 123.317084 123.322404 123.326542 123.331271 123.336880 123.341609 123.346929 123.352249 123.356978 123.360524 123.365844 123.371164 123.376182
123.256502 123.255911 123.237889 123.231387 123.223702 123.217200 123.209516 123.207453 123.199178 123.196813 123.188538 123.186173 123.179080 123.174942 123.174942 123.172578 123.173169 123.174351 123.175533 123.176716 123.182036 123.187355 123.192675 123.193858 123.195631 123.199769 123.204498 123.208044 123.213062 123.217791 123.223111 123.228431 123.233751 123.237889 123.239662 123.244391 123.249120 123.250591 123.255911 123.261231 123.265960 123.271280 123.276600 123.281920 123.284284 123.288422 123.293440 123.298760 123.304080 123.309400 123.314720 123.320040 123.325360 123.330089 123.335698 123.341018 123.346338 123.351658 123.356387 123.360524 123.363480
123.295804 123.286058 123.268915 123.260049 123.254729 123.242027 123.227840 123.227840 123.221929 123.214244 123.211289 123.202724 123.200360 123.191493 123.189720 123.189129 123.179080 123.179080 123.176716 123.176716 123.177898 123.179080 123.180853 123.184991 123.190311 123.195631 123.197404 123.199178 123.203907 123.208333 123.211289 123.216609 123.221929 123.227249 123.231978 123.237298 123.241435 123.243209 123.248529 123.252956 123.254729 123.259458 123.264778 123.270098 123.275418 123.280738 123.286058 123.287831 123.291378 123.296396 123.301716 123.306444 123.311764 123.317084 123.322404 123.327724 123.333044 123.338062 123.343382 123.348702 123.354022
