FireSTARR/test/constant/C2_S060_A180_WD315_WS020/arrival.asc
ncols         331
nrows         116
xllcorner     426503.990666
yllcorner     12737955.311160
cellsize      100.000000
NODATA_value  0.000000
[rows 54 to 80 of 116, columns 183 to 243 of 331]
123.347520 123.352249 123.358160 123.362889 123.368209 123.372347 123.375591 123.380320 123.385049 123.390369 123.395689 123.401009 123.406329 123.411649 123.416667 0.000000 0.000000 0.000000 0.000000 0.000000 0.000000 0.000000 0.000000 0.000000 0.000000 0.000000 0.000000 0.000000 0.000000 0.000000 0.000000 0.000000 0.000000 0.000000 0.000000 0.000000 0.000000 0.000000 0.000000 0.000000 0.000000 0.000000 0.000000 0.000000 0.000000 0.000000 0.000000 0.000000 0.000000 0.000000 0.000000 0.000000 0.000000 0.000000 0.000000 0.000000 0.000000 0.000000 0.000000 0.000000 0.000000
123.335107 123.340427 123.345747 123.350475 123.355795 123.361115 123.366435 123.371755 123.376773 123.378547 123.383867 123.389187 123.394507 123.399827 123.405147 123.409875 123.415787 0.000000 0.000000 0.000000 0.000000 0.000000 0.000000 0.000000 0.000000 0.000000 0.000000 0.000000 0.000000 0.000000 0.000000 0.000000 0.000000 0.000000 0.000000 0.000000 0.000000 0.000000 0.000000 0.000000 0.000000 0.000000 0.000000 0.000000 0.000000 0.000000 0.000000 0.000000 0.000000 0.000000 0.000000 0.000000 0.000000 0.000000 0.000000 0.000000 0.000000 0.000000 0.000000 0.000000 0.000000
123.322404 123.327724 123.333044 123.338062 123.343382 123.348702 123.354022 123.359342 123.364662 123.369982 123.374711 123.379729 123.384458 123.386822 123.392142 123.397462 123.402782 123.408102 123.412831 0.000000 0.000000 0.000000 0.000000 0.000000 0.000000 0.000000 0.000000 0.000000 0.000000 0.000000 0.000000 0.000000 0.000000 0.000000 0.000000 0.000000 0.000000 0.000000 0.000000 0.000000 0.000000 0.000000 0.000000 0.000000 0.000000 0.000000 0.000000 0.000000 0.000000 0.000000 0.000000 0.000000 0.000000 0.000000 0.000000 0.000000 0.000000 0.000000 0.000000 0.000000 0.000000
123.310582 123.315902 123.321222 123.326542 123.331862 123.336880 123.342200 123.347520 123.352840 123.358160 123.363480 123.368209 123.373529 123.379138 123.384458 123.388004 123.390369 123.395098 123.400418 123.405738 123.411058 123.415787 0.000000 0.000000 0.000000 0.000000 0.000000 0.000000 0.000000 0.000000 0.000000 0.000000 0.000000 0.000000 0.000000 0.000000 0.000000 0.000000 0.000000 0.000000 0.000000 0.000000 0.000000 0.000000 0.000000 0.000000 0.000000 0.000000 0.000000 0.000000 0.000000 0.000000 0.000000 0.000000 0.000000 0.000000 0.000000 0.000000 0.000000 0.000000 0.000000
123.302898 123.307627 123.309400 123.313538 123.318858 123.324178 123.329498 123.334516 123.339836 123.344564 123.349884 123.355204 123.360524 123.365844 123.371164 123.376182 123.381502 123.386822 123.392142 123.393915 123.399235 123.403964 123.409284 123.414604 0.000000 0.000000 0.000000 0.000000 0.000000 0.000000 0.000000 0.000000 0.000000 0.000000 0.000000 0.000000 0.000000 0.000000 0.000000 0.000000 0.000000 0.000000 0.000000 0.000000 0.000000 0.000000 0.000000 0.000000 0.000000 0.000000 0.000000 0.000000 0.000000 0.000000 0.000000 0.000000 0.000000 0.000000 0.000000 0.000000 0.000000
123.290787 123.296396 123.301124 123.306444 123.311173 123.312947 123.318267 123.323587 123.328907 123.333924 123.339244 123.341609 123.346929 123.351658 123.356978 123.362298 123.367618 123.372938 123.378547 123.383276 123.388596 123.393915 123.399235 123.403373 123.406920 123.412240 0.000000 0.000000 0.000000 0.000000 0.000000 0.000000 0.000000 0.000000 0.000000 0.000000 0.000000 0.000000 0.000000 0.000000 0.000000 0.000000 0.000000 0.000000 0.000000 0.000000 0.000000 0.000000 0.000000 0.000000 0.000000 0.000000 0.000000 0.000000 0.000000 0.000000 0.000000 0.000000 0.000000 0.000000 0.000000
123.281329 123.283693 123.288422 123.293440 123.298760 123.303489 123.309400 123.314129 123.317084 123.320631 123.325951 123.331271 123.336289 123.341609 123.346929 123.351067 123.355204 123.360524 123.365844 123.371164 123.376182 123.381502 123.386822 123.392142 123.397462 123.402191 123.407511 123.411649 123.415195 0.000000 0.000000 0.000000 0.000000 0.000000 0.000000 0.000000 0.000000 0.000000 0.000000 0.000000 0.000000 0.000000 0.000000 0.000000 0.000000 0.000000 0.000000 0.000000 0.000000 0.000000 0.000000 0.000000 0.000000 0.000000 0.000000 0.000000 0.000000 0.000000 0.000000 0.000000 0.000000
123.271871 123.277191 123.282511 123.284875 123.287831 123.292849 123.298169 123.303489 123.308218 123.313538 123.318858 123.321222 123.323587 123.328907 123.333924 123.338653 123.343973 123.349293 123.354613 123.359933 123.365253 123.369391 123.372347 123.377956 123.383276 123.388596 123.393915 123.399235 123.404555 123.409284 123.415195 0.000000 0.000000 0.000000 0.000000 0.000000 0.000000 0.000000 0.000000 0.000000 0.000000 0.000000 0.000000 0.000000 0.000000 0.000000 0.000000 0.000000 0.000000 0.000000 0.000000 0.000000 0.000000 0.000000 0.000000 0.000000 0.000000 0.000000 0.000000 0.000000 0.000000
123.261822 123.267142 123.271871 123.275418 123.280738 123.286058 123.289013 123.290787 123.295804 123.301124 123.306444 123.311173 123.316493 123.321813 123.325360 123.327724 123.333044 123.338062 123.343382 123.348702 123.354022 123.359342 123.364662 123.369982 123.373529 123.376182 123.380911 123.386231 123.391551 123.396871 123.402191 123.407511 123.412240 0.000000 0.000000 0.000000 0.000000 0.000000 0.000000 0.000000 0.000000 0.000000 0.000000 0.000000 0.000000 0.000000 0.000000 0.000000 0.000000 0.000000 0.000000 0.000000 0.000000 0.000000 0.000000 0.000000 0.000000 0.000000 0.000000 0.000000 0.000000
123.250591 123.255320 123.260640 123.265960 123.271280 123.275418 123.278964 123.283693 123.289013 123.292849 123.294622 123.299351 123.304671 123.309991 123.315311 123.320631 123.325360 123.328907 123.330680 123.335698 123.341018 123.346338 123.351658 123.356978 123.362298 123.367027 123.372938 123.376773 123.379138 123.383867 123.389187 123.394507 123.399827 123.405147 123.410467 123.415787 0.000000 0.000000 0.000000 0.000000 0.000000 0.000000 0.000000 0.000000 0.000000 0.000000 0.000000 0.000000 0.000000 0.000000 0.000000 0.000000 0.000000 0.000000 0.000000 0.000000 0.000000 0.000000 0.000000 0.000000 0.000000
123.243800 123.246755 123.251773 123.254729 123.258867 123.264187 123.269507 123.274827 123.279555 123.281920 123.286649 123.291667 123.296396 123.298169 123.303489 123.308809 123.313538 123.318858 123.324178 123.327133 123.332453 123.336289 123.339244 123.345156 123.349884 123.355204 123.360524 123.365844 123.371164 123.376182 123.380911 123.383276 123.388004 123.392142 123.397462 123.402782 123.408102 123.413422 0.000000 0.000000 0.000000 0.000000 0.000000 0.000000 0.000000 0.000000 0.000000 0.000000 0.000000 0.000000 0.000000 0.000000 0.000000 0.000000 0.000000 0.000000 0.000000 0.000000 0.000000 0.000000 0.000000
123.237889 123.239662 123.244391 123.247347 123.250591 123.255320 123.259458 123.263004 123.267142 123.272462 123.277782 123.283102 123.287240 123.289604 123.295213 123.299942 123.302307 123.307627 123.312355 123.317675 123.322995 123.328315 123.330089 123.335107 123.340427 123.342200 123.348111 123.352840 123.358160 123.363480 123.368800 123.374120 123.379138 123.384458 123.388004 123.391551 123.395098 123.400418 123.405738 123.411058 123.416378 0.000000 0.000000 0.000000 0.000000 0.000000 0.000000 0.000000 0.000000 0.000000 0.000000 0.000000 0.000000 0.000000 0.000000 0.000000 0.000000 0.000000 0.000000 0.000000 0.000000
123.229613 123.231978 123.237298 123.242027 123.243800 123.248529 123.251182 123.254138 123.258867 123.264187 123.266551 123.271280 123.276600 123.281920 123.286649 123.290787 123.293440 123.298760 123.304080 123.305853 123.309991 123.315311 123.320631 123.325951 123.331271 123.335698 123.339244 123.343973 123.346338 123.351658 123.356978 123.362298 123.367618 123.372938 123.377956 123.383276 123.388596 123.391551 123.395098 123.399827 123.405147 123.410467 123.415787 0.000000 0.000000 0.000000 0.000000 0.000000 0.000000 0.000000 0.000000 0.000000 0.000000 0.000000 0.000000 0.000000 0.000000 0.000000 0.000000 0.000000 0.000000
123.230795 123.231387 123.232569 123.233751 123.235524 123.240253 123.245573 123.247347 123.251182 123.254729 123.257093 123.261822 123.267142 123.271280 123.274235 123.279555 123.284875 123.289604 123.295213 123.296987 123.301124 123.305853 123.309991 123.312947 123.318267 123.323587 123.328907 123.333924 123.339244 123.343382 123.347520 123.349884 123.354613 123.359933 123.365253 123.370573 123.375591 123.380320 123.385640 123.390960 123.395689 123.398644 123.403964 123.409284 123.414013 0.000000 0.000000 0.000000 0.000000 0.000000 0.000000 0.000000 0.000000 0.000000 0.000000 0.000000 0.000000 0.000000 0.000000 0.000000 0.000000
123.237889 123.237298 123.237298 123.234342 123.234933 123.236115 123.237298 123.239071 123.244391 123.249120 123.251182 123.254729 123.258867 123.261231 123.265960 123.271280 123.274827 123.277191 123.281920 123.287831 123.292849 123.297578 123.300533 123.305262 123.310582 123.314129 123.315902 123.321222 123.326542 123.331862 123.336880 123.342200 123.347520 123.352249 123.353431 123.357569 123.362889 123.368209 123.373529 123.378547 123.383867 123.389187 123.394507 123.399235 123.403373 123.406920 123.412240 123.416667 0.000000 0.000000 0.000000 0.000000 0.000000 0.000000 0.000000 0.000000 0.000000 0.000000 0.000000 0.000000 0.000000
123.254138 123.249120 123.243209 123.242027 123.240844 123.240844 123.238480 123.238480 123.240253 123.241435 123.243209 123.247938 123.252956 123.254729 123.258867 123.262413 123.265369 123.270689 123.276009 123.278964 123.280738 123.286058 123.291378 123.296396 123.301716 123.304080 123.308218 123.313538 123.317675 123.320040 123.325360 123.330680 123.335698 123.341018 123.346338 123.351658 123.355795 123.356978 123.360524 123.365844 123.371164 123.376182 123.381502 123.386822 123.392142 123.397462 123.402191 123.408102 123.411058 123.415787 0.000000 0.000000 0.000000 0.000000 0.000000 0.000000 0.000000 0.000000 0.000000 0.000000 0.000000
123.271280 123.268915 123.267142 123.258276 123.250591 123.246755 123.245573 123.244982 123.244982 123.242618 123.242618 123.243800 123.244982 123.246755 123.251773 123.256502 123.258276 123.261822 123.266551 123.268324 123.273644 123.278964 123.282511 123.284284 123.289013 123.294031 123.299942 123.304671 123.308218 123.311173 123.316493 123.321813 123.324769 123.328907 123.333924 123.339244 123.344564 123.349884 123.355204 123.359933 123.361115 123.364662 123.369391 123.374711 123.379729 123.385049 123.390369 123.395689 123.401009 123.406329 123.411649 123.416378 0.000000 0.000000 0.000000 0.000000 0.000000 0.000000 0.000000 0.000000 0.000000
123.287240 123.287240 123.283102 123.275418 123.273053 123.269507 123.261822 123.258276 123.250591 123.249711 123.249120 123.248529 123.246164 123.246164 123.247347 123.249120 123.250000 123.255320 123.260640 123.261822 123.264778 123.270098 123.272462 123.276009 123.281329 123.286058 123.287831 123.293440 123.298760 123.304080 123.309400 123.312355 123.314720 123.320040 123.325360 123.330089 123.332453 123.336880 123.342200 123.347520 123.352840 123.358160 123.363480 123.364662 123.368209 123.373529 123.378547 123.383867 123.388596 123.392142 123.397462 123.402782 123.408102 123.413422 0.000000 0.000000 0.000000 0.000000 0.000000 0.000000 0.000000
123.311764 123.308809 123.305262 123.291378 123.287240 123.281329 123.279555 123.277191 123.275418 123.265960 123.260049 123.254729 123.253547 123.252956 123.252364 123.250000 123.250000 123.251182 123.252364 123.254138 123.258867 123.264187 123.265960 123.268915 123.274235 123.276009 123.280147 123.285467 123.290195 123.292258 123.297578 123.302307 123.307627 123.312947 123.315902 123.318267 123.322995 123.328315 123.333333 123.335698 123.340427 123.345747 123.351067 123.355795 123.361707 123.366435 123.368800 123.371164 123.376182 123.381502 123.386822 123.392142 123.396871 123.402782 123.406920 123.411058 123.416378 0.000000 0.000000 0.000000 0.000000
123.340427 123.327724 123.317675 123.315902 123.309991 123.309400 123.295804 123.291378 123.284284 123.283693 123.280738 123.273644 123.269507 123.268915 123.258867 123.257684 123.258276 123.256502 123.254138 123.254138 123.255320 123.256502 123.257684 123.261822 123.267142 123.270098 123.273053 123.278373 123.279555 123.283102 123.288422 123.294031 123.295804 123.301124 123.306444 123.311764 123.317084 123.320040 123.321813 123.327133 123.332453 123.337471 123.339244 123.343973 123.349884 123.354613 123.359933 123.365253 123.370573 123.372347 123.375591 123.380911 123.385640 123.388596 123.393915 123.399235 123.404555 123.409875 123.414604 0.000000 0.000000
123.356978 123.355795 123.351658 123.343973 123.331862 123.320040 123.320040 123.313538 123.313538 123.299942 123.295213 123.287831 123.287831 123.284875 123.274235 123.273644 123.265369 123.262413 123.261231 123.260640 123.260049 123.257684 123.257684 123.258867 123.260049 123.261231 123.264778 123.270098 123.273644 123.276009 123.281329 123.283102 123.286649 123.291378 123.296987 123.299942 123.304080 123.309400 123.314720 123.320040 123.323587 123.325951 123.331271 123.336289 123.341018 123.343382 123.346929 123.352249 123.357569 123.362889 123.368209 123.373529 123.376182 123.379138 123.384458 123.389187 123.391551 123.396280 123.401009 123.406329 123.411649
123.401600 123.382684 123.377956 123.365844 123.359933 123.354613 123.341018 123.336880 123.323587 123.322995 123.317675 123.314720 123.304080 123.299351 123.295804 123.289604 123.288422 123.278373 123.277782 123.272462 123.266551 123.265369 123.265369 123.264187 123.261822 123.261822 123.263004 123.264187 123.265369 123.268915 123.274235 123.277782 123.280147 123.285467 123.287240 123.290195 123.295213 123.300533 123.304080 123.307036 123.312355 123.317675 123.322404 123.327133 123.328907 123.333924 123.339244 123.344564 123.347520 123.350475 123.355204 123.360524 123.365844 123.371164 123.376182 123.379729 123.382093 123.386822 123.392142 123.396280 123.399235
0.000000 0.000000 123.412240 123.405738 123.385049 123.382684 123.368800 123.364071 123.362889 123.345156 123.341018 123.327724 123.325951 123.322404 123.311173 123.307627 123.303489 123.303489 123.295213 123.290195 123.282511 123.281920 123.274235 123.270689 123.269507 123.268915 123.268324 123.266551 123.265369 123.266551 123.267733 123.268915 123.272462 123.277191 123.281329 123.283102 123.288422 123.291378 123.294622 123.299942 123.305262 123.307627 123.310582 123.315902 123.321222 123.326542 123.331271 123.333333 123.338062 123.343382 123.348702 123.351658 123.354613 123.359342 123.364662 123.369982 123.375000 123.380320 123.383867 123.386231 123.391551
0.000000 0.000000 0.000000 0.000000 0.000000 123.414604 123.406920 123.387413 123.382093 123.372347 123.367618 123.367027 123.345747 123.343973 123.331862 123.329498 123.328907 123.314720 123.312355 123.307627 123.299351 123.299351 123.291667 123.286649 123.285467 123.275418 123.273644 123.273053 123.273644 123.272462 123.270098 123.269507 123.270098 123.271871 123.273053 123.275418 123.281329 123.284875 123.287240 123.292258 123.295213 123.298169 123.302898 123.308218 123.311173 123.314129 123.318858 123.324178 123.329498 123.334516 123.338062 123.342200 123.347520 123.352249 123.355204 123.357569 123.362298 123.367618 123.372938 123.377956 123.383276
0.000000 0.000000 0.000000 0.000000 0.000000 0.000000 0.000000 0.000000 123.414013 123.414013 123.391551 123.386231 123.380911 123.371755 123.368800 123.349293 123.341609 123.336289 123.333044 123.327724 123.316493 123.315902 123.311173 123.305262 123.302898 123.291378 123.290787 123.289604 123.278964 123.278373 123.277191 123.277191 123.276009 123.276600 123.273053 123.274235 123.275418 123.276600 123.280147 123.284875 123.289013 123.291378 123.296396 123.298760 123.301124 123.306444 123.311764 123.315311 123.317675 123.322995 123.328315 123.333333 123.338653 123.341609 123.345156 123.350475 123.355204 123.358751 123.361707 123.367027 123.372347
0.000000 0.000000 0.000000 0.000000 0.000000 0.000000 0.000000 0.000000 0.000000 0.000000 0.000000 0.000000 123.408102 123.395689 123.390369 123.387413 123.375591 123.372347 123.355795 123.344564 123.340427 123.337471 123.333044 123.320631 123.320040 123.315311 123.307627 123.307036 123.295213 123.294622 123.293440 123.283102 123.281920 123.280738 123.281329 123.280147 123.280738 123.277191 123.277782 123.278964 123.280738 123.284284 123.289604 123.292849 123.294622 123.299351 123.302307 123.305262 123.310582 123.315311 123.319449 123.321222 123.325951 123.331271 123.336289 123.341609 123.345747 123.349293 123.354613 123.359933 123.362889
0.000000 0.000000 0.000000 0.000000 0.000000 0.000000 0.000000 0.000000 0.000000 0.000000 0.000000 0.000000 0.000000 0.000000 0.000000 123.403373 123.399827 123.394507 123.383276 123.379729 123.375000 123.359342 123.348111 123.343973 123.342200 123.337471 123.326542 123.323587 123.319449 123.318267 123.311173 123.298760 123.298760 123.289604 123.287240 123.286058 123.284875 123.284875 123.283693 123.284284 123.281329 123.281920 123.283102 123.284284 123.287240 123.292258 123.296396 123.298169 123.302307 123.306444 123.308218 123.312947 123.317675 123.322995 123.324769 123.330089 123.335107 123.339836 123.345156 123.349293 123.352249
