FireSTARR/test/constant/C2_S060_A180_WD315_WS020/arrival.asc
ncols         331
nrows         116
xllcorner     426503.990666
yllcorner     12737955.311160
cellsize      100.000000
NODATA_value  0.000000
[rows 27 to 53 of 116, columns 61 to 121 of 331]
123.075951 123.076542 123.078315 123.079498 123.083044 123.088062 123.091018 123.093382 123.098702 123.104022 123.109342 123.114662 123.119982 123.124120 123.126182 123.130911 123.136231 123.141551 123.146871 123.152191 123.157511 123.162831 123.167258 123.172578 123.177898 123.182627 123.185582 123.190902 123.195631 123.200951 123.206271 123.211880 123.216609 123.221929 123.227249 123.232569 123.237889 123.243209 123.247347 123.251773 123.257093 123.261822 123.267142 123.272462 123.277782 123.283102 123.288422 123.293440 123.298760 123.304080 123.309400 123.314720 123.320040 123.325360 123.330089 123.335698 123.341018 123.346338 123.351067 123.356387 123.361707
123.099884 123.091018 123.089836 123.080089 123.080680 123.081862 123.083044 123.086289 123.091609 123.094564 123.097520 123.102840 123.108160 123.112889 123.118209 123.123529 123.127956 123.129138 123.133867 123.139187 123.144507 123.149827 123.155147 123.160467 123.165195 123.170804 123.176124 123.181444 123.186764 123.188538 123.193267 123.198587 123.203907 123.208924 123.214244 123.219564 123.224884 123.230204 123.234933 123.240253 123.245573 123.250591 123.255911 123.261231 123.265960 123.271871 123.276600 123.281920 123.287240 123.292258 123.297578 123.302898 123.308218 123.313538 123.318858 123.324178 123.329498 123.334516 123.339836 123.345156 123.350475
123.115253 123.113480 123.106387 123.103431 123.094564 123.089836 123.083924 123.084516 123.085698 123.086880 123.089244 123.094564 123.098702 123.100475 123.105795 123.111115 123.116435 123.121164 123.126773 123.131502 123.133276 123.136822 123.142142 123.147462 123.152782 123.158102 123.163422 123.168440 123.173760 123.179080 123.184400 123.189720 123.193267 123.196222 123.201542 123.206862 123.211880 123.217200 123.222520 123.227840 123.233160 123.238480 123.243800 123.249120 123.254138 123.259458 123.264778 123.270098 123.275418 123.280738 123.285467 123.290787 123.296396 123.301716 123.306444 123.311764 123.317084 123.322404 123.327724 123.333044 123.338062
123.143324 123.139778 123.127956 123.119391 123.117027 123.108751 123.107569 123.098702 123.095156 123.087471 123.088062 123.089244 123.090427 123.092791 123.097520 123.102249 123.104613 123.109342 123.114662 123.119982 123.125000 123.130320 123.135640 123.136822 123.141551 123.146871 123.152191 123.156329 123.159284 123.164604 123.169622 123.174942 123.180262 123.185582 123.190311 123.196222 123.200951 123.206271 123.211880 123.217200 123.221929 123.227249 123.232569 123.237889 123.243209 123.248529 123.253547 123.258867 123.263596 123.268324 123.273644 123.278964 123.284284 123.289013 123.294622 123.299942 123.305262 123.309991 123.315902 123.320631 123.325951
123.192675 123.166378 123.154555 123.145689 123.143915 123.132093 123.122938 123.119982 123.115253 123.111707 123.102840 123.101067 123.091609 123.092200 123.093382 123.094564 123.096338 123.101658 123.105795 123.107569 123.112298 123.117618 123.122938 123.128547 123.133276 123.138596 123.140960 123.144507 123.149827 123.155147 123.159875 123.162240 123.167258 123.172578 123.177898 123.183218 123.188538 123.193267 123.199178 123.203907 123.208924 123.214244 123.219564 123.224884 123.230204 123.235524 123.240253 123.245573 123.251182 123.256502 123.261231 123.266551 123.271871 123.277191 123.282511 123.287831 123.292849 123.298169 123.302898 123.308218 123.313538
123.227840 123.214836 123.206271 123.187947 123.169622 123.156920 123.148644 123.146871 123.136231 123.127364 123.124711 123.117618 123.115844 123.106978 123.095747 123.095156 123.095747 123.096929 123.098111 123.100475 123.106387 123.109933 123.111115 123.116435 123.121755 123.126773 123.132093 123.137413 123.142733 123.144507 123.148644 123.153373 123.155738 123.160467 123.165787 123.170804 123.176124 123.181444 123.186764 123.192084 123.197404 123.202724 123.208044 123.213062 123.218382 123.223702 123.229022 123.233751 123.239071 123.244391 123.249711 123.254729 123.260049 123.264778 123.268915 123.274235 123.278964 123.284284 123.289604 123.295213 123.299942
123.251182 123.247347 123.234342 123.232569 123.218973 123.209516 123.192084 123.179671 123.161058 123.152782 123.145098 123.140369 123.131502 123.128547 123.122938 123.111115 123.111115 123.100475 123.099293 123.099293 123.101067 123.102249 123.104022 123.108160 123.113480 123.115253 123.119391 123.124711 123.129729 123.134458 123.139778 123.145098 123.148644 123.151600 123.156329 123.160467 123.163422 123.168440 123.173760 123.179080 123.184400 123.189720 123.195040 123.200360 123.205089 123.210698 123.216018 123.221338 123.226658 123.231978 123.236707 123.242027 123.247347 123.252956 123.257684 123.263004 123.268324 123.273644 123.277782 123.282511 123.287240
123.305853 123.287240 123.265369 123.251773 123.251773 123.236707 123.234342 123.223111 123.216018 123.195040 123.183218 123.162240 123.156920 123.149235 123.144507 123.135640 123.133276 123.120573 123.115844 123.107569 123.104613 123.102840 123.103431 123.104613 123.105795 123.108160 123.112889 123.117027 123.118800 123.123529 123.128547 123.133867 123.139187 123.144507 123.149827 123.152191 123.155147 123.160467 123.164604 123.166378 123.171396 123.176716 123.182036 123.187355 123.192675 123.197995 123.202724 123.208333 123.213653 123.218973 123.224293 123.229613 123.234342 123.239662 123.244982 123.250000 123.255320 123.260640 123.265960 123.271280 123.276600
123.355795 123.333044 123.318858 123.306444 123.286649 123.270689 123.255320 123.253547 123.240844 123.234342 123.223702 123.208333 123.197404 123.189129 123.173760 123.159875 123.149235 123.140960 123.140369 123.136231 123.124120 123.119982 123.111115 123.108751 123.106978 123.106978 123.108160 123.109933 123.111707 123.115844 123.121164 123.122938 123.126182 123.131502 123.136822 123.142142 123.147462 123.152782 123.155738 123.158693 123.163422 123.168440 123.170213 123.174942 123.180262 123.185582 123.190902 123.196222 123.201542 123.206271 123.211880 123.217200 123.222520 123.227249 123.232569 123.237889 123.243209 123.248529 123.253547 123.258867 123.264187
123.400418 123.383867 123.373529 123.343973 123.329498 123.320040 123.309991 123.286058 123.272462 123.260640 123.252956 123.245573 123.241435 123.226658 123.211880 123.207453 123.183809 123.173169 123.165195 123.160467 123.144507 123.141551 123.140369 123.124711 123.123529 123.113480 123.112298 123.110524 123.111115 123.112298 123.113480 123.115253 123.119982 123.124711 123.126773 123.130320 123.135640 123.140960 123.145689 123.148644 123.153964 123.158693 123.162831 123.166378 123.171987 123.174942 123.177898 123.183218 123.188538 123.193858 123.198587 123.203907 123.209516 123.214244 123.219564 123.224884 123.230204 123.235524 123.240253 123.245573 123.250591
0.000000 0.000000 0.000000 123.397462 123.380911 123.365844 123.349884 123.333924 123.319449 123.305853 123.285467 123.274235 123.260049 123.257093 123.249711 123.239071 123.227249 123.213653 123.208333 123.195040 123.170804 123.169031 123.159875 123.148644 123.145689 123.143915 123.129729 123.127956 123.122938 123.116435 123.114662 123.114662 123.115844 123.117027 123.118800 123.123529 123.129138 123.130320 123.133867 123.139778 123.144507 123.149235 123.151600 123.156920 123.161649 123.166667 123.170804 123.174351 123.178489 123.180853 123.186173 123.191493 123.196813 123.201542 123.206862 123.212471 123.217791 123.222520 123.227840 123.233160 123.238480
0.000000 0.000000 0.000000 0.000000 0.000000 123.403373 123.399235 123.379138 123.370573 123.354613 123.332453 123.331271 123.297578 123.294031 123.276009 123.265960 123.256502 123.253547 123.242027 123.241435 123.216609 123.202133 123.199769 123.174351 123.167849 123.156920 123.152782 123.149827 123.145098 123.132684 123.132093 123.125000 123.119982 123.118800 123.118800 123.119982 123.121164 123.122347 123.126773 123.132093 123.133867 123.137413 123.142142 123.147462 123.152782 123.156329 123.159284 123.164604 123.170213 123.174942 123.178489 123.182627 123.184991 123.189720 123.195040 123.200360 123.205680 123.210698 123.216018 123.221338 123.226658
0.000000 0.000000 0.000000 0.000000 0.000000 0.000000 0.000000 0.000000 123.408693 123.406329 123.393915 123.365844 123.349293 123.339836 123.320040 123.301124 123.295213 123.273644 123.268324 123.259458 123.257684 123.244982 123.230795 123.220156 123.205089 123.199178 123.177898 123.171396 123.160467 123.156920 123.153964 123.146871 123.140960 123.135640 123.133276 123.124120 123.122938 123.122347 123.123529 123.124711 123.126182 123.130320 123.135049 123.138004 123.140960 123.146280 123.151009 123.156329 123.160467 123.162831 123.167849 123.173169 123.177898 123.183218 123.186764 123.188538 123.192675 123.197995 123.203315 123.208333 123.213653
0.000000 0.000000 0.000000 0.000000 0.000000 0.000000 0.000000 0.000000 0.000000 0.000000 0.000000 123.413422 123.404555 123.375591 123.370573 123.355204 123.338062 123.328907 123.305262 123.291378 123.277782 123.271280 123.262413 123.261822 123.249711 123.237889 123.224293 123.208044 123.192084 123.182036 123.175533 123.164013 123.161058 123.158102 123.151009 123.145098 123.139778 123.134458 123.127956 123.126773 123.126182 123.127364 123.128547 123.129729 123.133276 123.138004 123.141551 123.144507 123.149235 123.154555 123.159875 123.164604 123.166378 123.171987 123.177307 123.182627 123.187947 123.190311 123.192084 123.196813 123.202133
0.000000 0.000000 0.000000 0.000000 0.000000 0.000000 0.000000 0.000000 0.000000 0.000000 0.000000 0.000000 0.000000 0.000000 123.412831 123.395098 123.374711 123.374120 123.352840 123.338653 123.330089 123.308218 123.287831 123.281920 123.275418 123.271871 123.265369 123.254138 123.236707 123.228431 123.214836 123.189720 123.183809 123.179080 123.166378 123.165195 123.161649 123.155147 123.146871 123.143915 123.139187 123.132093 123.130911 123.130320 123.130911 123.132684 123.133867 123.137413 123.141551 123.145689 123.149235 123.152191 123.157511 123.162831 123.167849 123.171396 123.176716 123.182036 123.186764 123.192675 123.194449
0.000000 0.000000 0.000000 0.000000 0.000000 0.000000 0.000000 0.000000 0.000000 0.000000 0.000000 0.000000 0.000000 0.000000 0.000000 0.000000 0.000000 123.414604 123.396871 123.379138 123.373529 123.349293 123.340427 123.320040 123.313538 123.292258 123.286058 123.280147 123.269507 123.258276 123.251182 123.237889 123.231387 123.207453 123.195631 123.192675 123.183218 123.171987 123.169031 123.165787 123.159284 123.148053 123.147462 123.137413 123.136231 123.136822 123.133867 123.135049 123.136231 123.137413 123.141551 123.146280 123.148644 123.153373 123.155147 123.160467 123.165787 123.170804 123.175533 123.179080 123.184400
0.000000 0.000000 0.000000 0.000000 0.000000 0.000000 0.000000 0.000000 0.000000 0.000000 0.000000 0.000000 0.000000 0.000000 0.000000 0.000000 0.000000 0.000000 0.000000 0.000000 123.412240 123.388596 123.383276 123.374120 123.350475 123.335107 123.326542 123.318267 123.294031 123.290195 123.284875 123.274827 123.271871 123.252956 123.242027 123.230795 123.210107 123.200360 123.197404 123.187355 123.174942 123.173169 123.169622 123.163422 123.152191 123.150418 123.141551 123.139778 123.139187 123.138004 123.138596 123.139778 123.141551 123.144507 123.149827 123.153373 123.156920 123.159284 123.164013 123.166378 123.170804
0.000000 0.000000 0.000000 0.000000 0.000000 0.000000 0.000000 0.000000 0.000000 0.000000 0.000000 0.000000 0.000000 0.000000 0.000000 0.000000 0.000000 0.000000 0.000000 0.000000 0.000000 0.000000 0.000000 123.412831 123.391551 123.387413 123.377956 123.358751 123.339836 123.328907 123.323587 123.294622 123.289013 123.286058 123.278964 123.269507 123.251773 123.240844 123.223702 123.216609 123.205680 123.199178 123.191493 123.177307 123.176716 123.173760 123.167258 123.162240 123.154555 123.148644 123.143915 123.144507 123.141551 123.142733 123.143915 123.145098 123.148644 123.153373 123.157511 123.160467 123.162831
0.000000 0.000000 0.000000 0.000000 0.000000 0.000000 0.000000 0.000000 0.000000 0.000000 0.000000 0.000000 0.000000 0.000000 0.000000 0.000000 0.000000 0.000000 0.000000 0.000000 0.000000 0.000000 0.000000 0.000000 0.000000 0.000000 0.000000 123.402191 123.390960 123.369982 123.358160 123.343973 123.331862 123.321222 123.298760 123.293440 123.287240 123.282511 123.264187 123.256502 123.239662 123.226658 123.223702 123.211880 123.200951 123.195040 123.181444 123.179671 123.173169 123.170804 123.164013 123.158102 123.152782 123.147462 123.148053 123.145689 123.146280 123.147462 123.148644 123.151600 123.156329
0.000000 0.000000 0.000000 0.000000 0.000000 0.000000 0.000000 0.000000 0.000000 0.000000 0.000000 0.000000 0.000000 0.000000 0.000000 0.000000 0.000000 0.000000 0.000000 0.000000 0.000000 0.000000 0.000000 0.000000 0.000000 0.000000 0.000000 0.000000 0.000000 0.000000 123.403964 123.395098 123.371164 123.350475 123.349293 123.330089 123.321813 123.302307 123.302307 123.289604 123.287240 123.265960 123.260049 123.238480 123.231387 123.227840 123.218382 123.206271 123.199178 123.186764 123.182627 123.181444 123.174942 123.175533 123.162240 123.162831 123.151600 123.152191 123.149235 123.150418 123.151600
0.000000 0.000000 0.000000 0.000000 0.000000 0.000000 0.000000 0.000000 0.000000 0.000000 0.000000 0.000000 0.000000 0.000000 0.000000 0.000000 0.000000 0.000000 0.000000 0.000000 0.000000 0.000000 0.000000 0.000000 0.000000 0.000000 0.000000 0.000000 0.000000 0.000000 0.000000 0.000000 0.000000 123.408693 123.392142 123.371755 123.358160 123.351658 123.331271 123.325951 123.306444 123.305853 123.293440 123.286649 123.264778 123.260640 123.237889 123.235524 123.230204 123.216018 123.207453 123.202724 123.189720 123.186173 123.184400 123.179080 123.176716 123.166378 123.163422 123.155738 123.153964
0.000000 0.000000 0.000000 0.000000 0.000000 0.000000 0.000000 0.000000 0.000000 0.000000 0.000000 0.000000 0.000000 0.000000 0.000000 0.000000 0.000000 0.000000 0.000000 0.000000 0.000000 0.000000 0.000000 0.000000 0.000000 0.000000 0.000000 0.000000 0.000000 0.000000 0.000000 0.000000 0.000000 0.000000 0.000000 0.000000 123.415787 123.397462 123.374711 123.358160 123.356978 123.335698 123.330089 123.311173 123.309991 123.297578 123.277191 123.265960 123.265960 123.240844 123.240253 123.236707 123.219564 123.208044 123.205089 123.192675 123.192084 123.187947 123.182036 123.176716 123.170213
0.000000 0.000000 0.000000 0.000000 0.000000 0.000000 0.000000 0.000000 0.000000 0.000000 0.000000 0.000000 0.000000 0.000000 0.000000 0.000000 0.000000 0.000000 0.000000 0.000000 0.000000 0.000000 0.000000 0.000000 0.000000 0.000000 0.000000 0.000000 0.000000 0.000000 0.000000 0.000000 0.000000 0.000000 0.000000 0.000000 0.000000 0.000000 0.000000 123.405738 123.390369 123.379138 123.361707 123.360524 123.336289 123.335107 123.315311 123.311173 123.297578 123.278964 123.270098 123.269507 123.244391 123.240844 123.237298 123.226067 123.211880 123.210698 123.196813 123.195040 123.190902
0.000000 0.000000 0.000000 0.000000 0.000000 0.000000 0.000000 0.000000 0.000000 0.000000 0.000000 0.000000 0.000000 0.000000 0.000000 0.000000 0.000000 0.000000 0.000000 0.000000 0.000000 0.000000 0.000000 0.000000 0.000000 0.000000 0.000000 0.000000 0.000000 0.000000 0.000000 0.000000 0.000000 0.000000 0.000000 0.000000 0.000000 0.000000 0.000000 0.000000 0.000000 123.416667 123.408693 123.387413 123.383276 123.367027 123.364662 123.339244 123.338653 123.317675 123.307036 123.290787 123.278964 123.273644 123.271871 123.248529 123.245573 123.240253 123.218382 123.216018 123.214836
0.000000 0.000000 0.000000 0.000000 0.000000 0.000000 0.000000 0.000000 0.000000 0.000000 0.000000 0.000000 0.000000 0.000000 0.000000 0.000000 0.000000 0.000000 0.000000 0.000000 0.000000 0.000000 0.000000 0.000000 0.000000 0.000000 0.000000 0.000000 0.000000 0.000000 0.000000 0.000000 0.000000 0.000000 0.000000 0.000000 0.000000 0.000000 0.000000 0.000000 0.000000 0.000000 0.000000 0.000000 0.000000 123.416378 123.397462 123.385049 123.371164 123.368800 123.342791 123.336289 123.321813 123.314720 123.301716 123.288422 123.277782 123.270098 123.252364 123.251773 123.239662
0.000000 0.000000 0.000000 0.000000 0.000000 0.000000 0.000000 0.000000 0.000000 0.000000 0.000000 0.000000 0.000000 0.000000 0.000000 0.000000 0.000000 0.000000 0.000000 0.000000 0.000000 0.000000 0.000000 0.000000 0.000000 0.000000 0.000000 0.000000 0.000000 0.000000 0.000000 0.000000 0.000000 0.000000 0.000000 0.000000 0.000000 0.000000 0.000000 0.000000 0.000000 0.000000 0.000000 0.000000 0.000000 0.000000 0.000000 0.000000 0.000000 123.402191 123.385049 123.375000 123.361115 123.349293 123.338062 123.325951 123.320040 123.301124 123.293440 123.281920 123.263596
0.000000 0.000000 0.000000 0.000000 0.000000 0.000000 0.000000 0.000000 0.000000 0.000000 0.000000 0.000000 0.000000 0.000000 0.000000 0.000000 0.000000 0.000000 0.000000 0.000000 0.000000 0.000000 0.000000 0.000000 0.000000 0.000000 0.000000 0.000000 0.000000 0.000000 0.000000 0.000000 0.000000 0.000000 0.000000 0.000000 0.000000 0.000000 0.000000 0.000000 0.000000 0.000000 0.000000 0.000000 0.000000 0.000000 0.000000 0.000000 0.000000 0.000000 0.000000 123.415787 123.389187 123.388004 123.379138 123.362889 123.358160 123.339836 123.330680 123.322404 123.305853
