FireSTARR/test/constant/C2_S060_A180_WD315_WS020/arrival.asc
ncols         331
nrows         116
xllcorner     426503.990666
yllcorner     12737955.311160
cellsize      100.000000
NODATA_value  0.000000
[rows 0 to 26 of 116, columns 61 to 121 of 331]
0.000000 0.000000 0.000000 0.000000 0.000000 0.000000 0.000000 0.000000 0.000000 0.000000 0.000000 0.000000 0.000000 0.000000 0.000000 0.000000 0.000000 0.000000 0.000000 0.000000 0.000000 0.000000 0.000000 0.000000 0.000000 0.000000 0.000000 0.000000 0.000000 0.000000 0.000000 0.000000 0.000000 0.000000 0.000000 0.000000 0.000000 0.000000 0.000000 0.000000 0.000000 0.000000 0.000000 0.000000 0.000000 0.000000 0.000000 0.000000 0.000000 0.000000 0.000000 0.000000 0.000000 0.000000 0.000000 0.000000 0.000000 0.000000 0.000000 0.000000 0.000000
0.000000 0.000000 0.000000 0.000000 0.000000 0.000000 0.000000 0.000000 0.000000 0.000000 0.000000 0.000000 0.000000 0.000000 0.000000 0.000000 0.000000 0.000000 0.000000 0.000000 0.000000 0.000000 0.000000 0.000000 0.000000 0.000000 0.000000 0.000000 0.000000 0.000000 0.000000 0.000000 0.000000 0.000000 0.000000 0.000000 0.000000 0.000000 0.000000 0.000000 0.000000 0.000000 0.000000 0.000000 0.000000 0.000000 0.000000 0.000000 0.000000 0.000000 0.000000 0.000000 0.000000 0.000000 0.000000 0.000000 0.000000 0.000000 0.000000 0.000000 0.000000
0.000000 0.000000 0.000000 0.000000 0.000000 0.000000 0.000000 0.000000 0.000000 0.000000 0.000000 0.000000 0.000000 0.000000 0.000000 0.000000 0.000000 0.000000 0.000000 0.000000 0.000000 0.000000 0.000000 0.000000 0.000000 0.000000 0.000000 0.000000 0.000000 0.000000 0.000000 0.000000 0.000000 0.000000 0.000000 0.000000 0.000000 0.000000 0.000000 0.000000 0.000000 0.000000 0.000000 0.000000 0.000000 0.000000 0.000000 0.000000 0.000000 0.000000 0.000000 0.000000 0.000000 0.000000 0.000000 0.000000 0.000000 0.000000 0.000000 0.000000 0.000000
0.000000 0.000000 0.000000 0.000000 0.000000 0.000000 0.000000 0.000000 0.000000 0.000000 0.000000 0.000000 0.000000 0.000000 0.000000 0.000000 0.000000 0.000000 0.000000 0.000000 0.000000 0.000000 0.000000 0.000000 0.000000 0.000000 0.000000 0.000000 0.000000 0.000000 0.000000 0.000000 0.000000 0.000000 0.000000 0.000000 0.000000 0.000000 0.000000 0.000000 0.000000 0.000000 0.000000 0.000000 0.000000 0.000000 0.000000 0.000000 0.000000 0.000000 0.000000 0.000000 0.000000 0.000000 0.000000 0.000000 0.000000 0.000000 0.000000 0.000000 0.000000
123.386822 123.392142 123.397462 123.402782 123.408102 123.413422 0.000000 0.000000 0.000000 0.000000 0.000000 0.000000 0.000000 0.000000 0.000000 0.000000 0.000000 0.000000 0.000000 0.000000 0.000000 0.000000 0.000000 0.000000 0.000000 0.000000 0.000000 0.000000 0.000000 0.000000 0.000000 0.000000 0.000000 0.000000 0.000000 0.000000 0.000000 0.000000 0.000000 0.000000 0.000000 0.000000 0.000000 0.000000 0.000000 0.000000 0.000000 0.000000 0.000000 0.000000 0.000000 0.000000 0.000000 0.000000 0.000000 0.000000 0.000000 0.000000 0.000000 0.000000 0.000000
123.355204 123.360524 123.365844 123.370573 123.375591 123.380911 123.386231 123.391551 123.396871 123.402191 123.407511 123.412240 0.000000 0.000000 0.000000 0.000000 0.000000 0.000000 0.000000 0.000000 0.000000 0.000000 0.000000 0.000000 0.000000 0.000000 0.000000 0.000000 0.000000 0.000000 0.000000 0.000000 0.000000 0.000000 0.000000 0.000000 0.000000 0.000000 0.000000 0.000000 0.000000 0.000000 0.000000 0.000000 0.000000 0.000000 0.000000 0.000000 0.000000 0.000000 0.000000 0.000000 0.000000 0.000000 0.000000 0.000000 0.000000 0.000000 0.000000 0.000000 0.000000
123.324178 123.329498 123.334516 123.339836 123.345156 123.349884 123.355204 123.360524 123.365844 123.371164 123.376182 123.381502 123.386822 123.391551 123.396871 123.402191 123.407511 123.412831 0.000000 0.000000 0.000000 0.000000 0.000000 0.000000 0.000000 0.000000 0.000000 0.000000 0.000000 0.000000 0.000000 0.000000 0.000000 0.000000 0.000000 0.000000 0.000000 0.000000 0.000000 0.000000 0.000000 0.000000 0.000000 0.000000 0.000000 0.000000 0.000000 0.000000 0.000000 0.000000 0.000000 0.000000 0.000000 0.000000 0.000000 0.000000 0.000000 0.000000 0.000000 0.000000 0.000000
123.302307 123.307627 123.312947 123.318267 123.323587 123.328907 123.333924 123.339244 123.344564 123.349884 123.355204 123.360524 123.365253 123.370573 123.375591 123.380911 123.386231 123.391551 123.396871 123.402191 123.406920 123.412240 0.000000 0.000000 0.000000 0.000000 0.000000 0.000000 0.000000 0.000000 0.000000 0.000000 0.000000 0.000000 0.000000 0.000000 0.000000 0.000000 0.000000 0.000000 0.000000 0.000000 0.000000 0.000000 0.000000 0.000000 0.000000 0.000000 0.000000 0.000000 0.000000 0.000000 0.000000 0.000000 0.000000 0.000000 0.000000 0.000000 0.000000 0.000000 0.000000
123.290787 123.296396 123.301716 123.307036 123.312355 123.317084 123.322404 123.327724 123.333044 123.338653 123.343382 123.348111 123.353431 123.358751 123.364071 123.368800 123.374711 123.379729 123.385049 123.390369 123.395098 123.400418 123.405738 123.410467 123.414013 0.000000 0.000000 0.000000 0.000000 0.000000 0.000000 0.000000 0.000000 0.000000 0.000000 0.000000 0.000000 0.000000 0.000000 0.000000 0.000000 0.000000 0.000000 0.000000 0.000000 0.000000 0.000000 0.000000 0.000000 0.000000 0.000000 0.000000 0.000000 0.000000 0.000000 0.000000 0.000000 0.000000 0.000000 0.000000 0.000000
123.276600 123.281920 123.287240 123.292258 123.296987 123.302307 123.307627 123.312947 123.318267 123.323587 123.328907 123.333924 123.339244 123.343973 123.349293 123.354613 123.359933 123.365253 123.370573 123.375591 123.380320 123.385640 123.390960 123.396280 123.401600 123.406920 123.412240 0.000000 0.000000 0.000000 0.000000 0.000000 0.000000 0.000000 0.000000 0.000000 0.000000 0.000000 0.000000 0.000000 0.000000 0.000000 0.000000 0.000000 0.000000 0.000000 0.000000 0.000000 0.000000 0.000000 0.000000 0.000000 0.000000 0.000000 0.000000 0.000000 0.000000 0.000000 0.000000 0.000000 0.000000
123.264778 123.269507 123.274827 123.280147 123.285467 123.290787 123.295804 123.301124 123.306444 123.311764 123.317084 123.322404 123.327133 123.330089 123.335107 123.341018 123.346338 123.351067 123.356387 123.361707 123.367027 123.372347 123.377364 123.382684 123.388004 123.393324 123.398644 123.403964 123.408693 123.414604 0.000000 0.000000 0.000000 0.000000 0.000000 0.000000 0.000000 0.000000 0.000000 0.000000 0.000000 0.000000 0.000000 0.000000 0.000000 0.000000 0.000000 0.000000 0.000000 0.000000 0.000000 0.000000 0.000000 0.000000 0.000000 0.000000 0.000000 0.000000 0.000000 0.000000 0.000000
123.251773 123.257093 123.261822 123.267142 123.272462 123.277782 123.283102 123.288422 123.293440 123.298169 123.304080 123.308809 123.314129 123.319449 123.324769 123.330089 123.335107 123.340427 123.345156 123.349884 123.352840 123.357569 123.362889 123.368209 123.373529 123.378547 123.383867 123.389187 123.394507 123.399827 123.405147 123.410467 123.415787 0.000000 0.000000 0.000000 0.000000 0.000000 0.000000 0.000000 0.000000 0.000000 0.000000 0.000000 0.000000 0.000000 0.000000 0.000000 0.000000 0.000000 0.000000 0.000000 0.000000 0.000000 0.000000 0.000000 0.000000 0.000000 0.000000 0.000000 0.000000
123.239662 123.244391 123.249711 123.254729 123.260049 123.265369 123.270689 123.276009 123.280738 123.286649 123.291378 123.296396 123.301716 123.307036 123.312355 123.317675 123.322404 123.327724 123.333044 123.338062 123.343382 123.348702 123.354022 123.355795 123.360524 123.365844 123.371164 123.376182 123.381502 123.386822 123.391551 123.396871 123.402191 123.407511 123.412831 0.000000 0.000000 0.000000 0.000000 0.000000 0.000000 0.000000 0.000000 0.000000 0.000000 0.000000 0.000000 0.000000 0.000000 0.000000 0.000000 0.000000 0.000000 0.000000 0.000000 0.000000 0.000000 0.000000 0.000000 0.000000 0.000000
123.227840 123.233160 123.238480 123.243209 123.248529 123.253547 123.258867 123.264187 123.269507 123.274235 123.279555 123.284875 123.290195 123.295804 123.301124 123.305853 123.311173 123.316493 123.321813 123.327133 123.332453 123.337471 123.342791 123.348111 123.353431 123.358160 123.359933 123.364662 123.368800 123.374120 123.379138 123.384458 123.389778 123.395098 123.400418 123.405738 123.411058 123.416378 0.000000 0.000000 0.000000 0.000000 0.000000 0.000000 0.000000 0.000000 0.000000 0.000000 0.000000 0.000000 0.000000 0.000000 0.000000 0.000000 0.000000 0.000000 0.000000 0.000000 0.000000 0.000000 0.000000
123.214244 123.219564 123.224884 123.230204 123.235524 123.240844 123.246164 123.251182 123.256502 123.261231 123.266551 123.271871 123.277191 123.282511 123.287240 123.292849 123.298169 123.303489 123.308809 123.314129 123.318858 123.324178 123.329498 123.334516 123.339836 123.345156 123.350475 123.355795 123.361115 123.363480 123.367618 123.372938 123.377956 123.383276 123.388596 123.393915 123.399235 123.404555 123.409284 123.414604 0.000000 0.000000 0.000000 0.000000 0.000000 0.000000 0.000000 0.000000 0.000000 0.000000 0.000000 0.000000 0.000000 0.000000 0.000000 0.000000 0.000000 0.000000 0.000000 0.000000 0.000000
123.200360 123.205680 123.211289 123.216609 123.221338 123.226658 123.231978 123.237298 123.242618 123.247938 123.252956 123.258276 123.263596 123.268915 123.274235 123.279555 123.284875 123.290195 123.295213 123.300533 123.305853 123.311173 123.315902 123.321222 123.326542 123.331862 123.336880 123.342200 123.347520 123.352840 123.358160 123.363480 123.367618 123.370573 123.376182 123.381502 123.386822 123.391551 123.396871 123.402191 123.407511 123.412831 0.000000 0.000000 0.000000 0.000000 0.000000 0.000000 0.000000 0.000000 0.000000 0.000000 0.000000 0.000000 0.000000 0.000000 0.000000 0.000000 0.000000 0.000000 0.000000
123.187947 123.192675 123.198587 123.203315 123.208333 123.214244 123.219564 123.224293 123.229613 123.234933 123.240253 123.245573 123.250591 123.255911 123.260640 123.265960 123.271280 123.276600 123.281920 123.287240 123.292258 123.297578 123.302307 123.307627 123.312947 123.318267 123.323587 123.328907 123.333924 123.339244 123.344564 123.349884 123.355204 123.360524 123.365844 123.371164 123.376182 123.380320 123.384458 123.389778 123.394507 123.399827 123.405147 123.410467 123.415787 0.000000 0.000000 0.000000 0.000000 0.000000 0.000000 0.000000 0.000000 0.000000 0.000000 0.000000 0.000000 0.000000 0.000000 0.000000 0.000000
123.175533 123.180853 123.186173 123.191493 123.196813 123.202133 123.207453 123.212471 123.217791 123.223111 123.228431 123.233160 123.238480 123.243800 123.249120 123.254138 123.259458 123.264778 123.270098 123.275418 123.280738 123.286058 123.290787 123.296396 123.301716 123.307036 123.312355 123.317084 123.322995 123.327724 123.333044 123.338062 123.343382 123.348702 123.354022 123.359342 123.364071 123.369391 123.374711 123.380320 123.383867 123.387413 123.392733 123.397462 123.402782 123.408102 123.413422 0.000000 0.000000 0.000000 0.000000 0.000000 0.000000 0.000000 0.000000 0.000000 0.000000 0.000000 0.000000 0.000000 0.000000
123.162831 123.167849 123.173169 123.177898 123.183218 123.188538 123.193858 123.199178 123.204498 123.209516 123.214836 123.219564 123.224884 123.230204 123.235524 123.240844 123.246164 123.251182 123.256502 123.261822 123.266551 123.271871 123.277191 123.282511 123.287831 123.292849 123.298169 123.303489 123.308809 123.314129 123.319449 123.324769 123.330089 123.335107 123.339836 123.345156 123.350475 123.355795 123.361115 123.366435 123.371164 123.376773 123.382093 123.387413 123.391551 123.395689 123.400418 123.405738 123.411058 123.416378 0.000000 0.000000 0.000000 0.000000 0.000000 0.000000 0.000000 0.000000 0.000000 0.000000 0.000000
123.153373 123.158693 123.164013 123.167849 123.170213 123.175533 123.180853 123.186173 123.191493 123.196813 123.202133 123.207453 123.212471 123.217791 123.223111 123.228431 123.233751 123.238480 123.243800 123.249120 123.254138 123.259458 123.264778 123.270098 123.275418 123.280738 123.286058 123.291378 123.296396 123.301124 123.306444 123.311764 123.317084 123.322404 123.327724 123.333044 123.338062 123.343382 123.348702 123.354022 123.358751 123.364662 123.369391 123.374711 123.379729 123.385049 123.390369 123.395689 123.399827 123.403373 123.408693 123.414013 0.000000 0.000000 0.000000 0.000000 0.000000 0.000000 0.000000 0.000000 0.000000
123.140960 123.146280 123.151600 123.156920 123.161649 123.166667 123.171987 123.174351 123.179671 123.184991 123.190311 123.195631 123.200951 123.205680 123.211289 123.216609 123.221929 123.226658 123.231978 123.237298 123.242618 123.247938 123.252956 123.258276 123.263596 123.268915 123.274235 123.279555 123.284284 123.290195 123.295213 123.300533 123.305853 123.311173 123.315902 123.321222 123.326542 123.331862 123.336880 123.342200 123.347520 123.352840 123.358160 123.363480 123.368800 123.374120 123.379138 123.384458 123.389778 123.395098 123.400418 123.403373 123.406920 123.411649 123.416667 0.000000 0.000000 0.000000 0.000000 0.000000 0.000000
123.129729 123.135049 123.140369 123.145098 123.150418 123.155738 123.161058 123.166378 123.171396 123.175533 123.177898 123.182627 123.187947 123.193267 123.197995 123.203315 123.208924 123.213653 123.218973 123.224293 123.229613 123.234933 123.239662 123.244982 123.250000 123.255320 123.260640 123.265960 123.271280 123.276600 123.281920 123.286649 123.291667 123.297578 123.302898 123.307627 123.312947 123.318267 123.323587 123.328907 123.333924 123.339244 123.344564 123.349884 123.355204 123.360524 123.365253 123.371164 123.376182 123.380911 123.386231 123.391551 123.396871 123.402191 123.407511 123.411649 123.414604 0.000000 0.000000 0.000000 0.000000
123.114071 123.119391 123.124711 123.129729 123.135049 123.140369 123.145689 123.150418 123.156329 123.161058 123.166378 123.171396 123.176716 123.182036 123.186173 123.190902 123.196222 123.200951 123.206271 123.211880 123.217200 123.221929 123.227249 123.232569 123.237889 123.243209 123.248529 123.253547 123.258867 123.264187 123.269507 123.274827 123.280147 123.285467 123.290195 123.295804 123.301124 123.306444 123.311173 123.317084 123.321813 123.327133 123.332453 123.338062 123.342791 123.348111 123.353431 123.358751 123.364071 123.369391 123.374711 123.379729 123.385049 123.390369 123.395689 123.401009 123.405738 123.411058 123.415787 0.000000 0.000000
123.104613 123.108751 123.111707 123.117027 123.122347 123.127364 123.132684 123.138004 123.143324 123.148644 123.153373 123.158693 123.164013 123.169622 123.174351 123.180262 123.184991 123.190311 123.195631 123.200951 123.204498 123.208333 123.213653 123.218973 123.224293 123.229613 123.234933 123.239662 123.244982 123.250000 123.255911 123.260640 123.265960 123.271280 123.276600 123.281920 123.287240 123.292258 123.297578 123.302307 123.307627 123.312947 123.318267 123.323587 123.328907 123.333924 123.339244 123.344564 123.349293 123.354613 123.359933 123.365253 123.370573 123.375591 123.380320 123.386231 123.390960 123.396280 123.401600 123.406920 123.412240
123.092791 123.098111 123.103431 123.108751 123.112889 123.114662 123.119982 123.124711 123.129729 123.135049 123.140369 123.145689 123.151009 123.156329 123.161649 123.166667 123.171987 123.176716 123.182036 123.187355 123.192675 123.197995 123.203315 123.208333 123.213062 123.216609 123.221929 123.227249 123.232569 123.237889 123.242618 123.247938 123.253547 123.258867 123.263596 123.268915 123.274235 123.279555 123.284875 123.290195 123.295213 123.300533 123.305853 123.311173 123.316493 123.321222 123.327133 123.331862 123.337471 123.342791 123.348111 123.352840 123.358160 123.363480 123.368800 123.374120 123.379138 123.384458 123.389778 123.395098 123.400418
123.083044 123.086289 123.091018 123.096338 123.101658 123.106978 123.112298 123.116435 123.118800 123.123529 123.129138 123.134458 123.139778 123.144507 123.149827 123.155147 123.160467 123.165787 123.170804 123.176124 123.181444 123.186764 123.192084 123.196813 123.201542 123.206862 123.211880 123.217200 123.220747 123.224884 123.230204 123.234933 123.240253 123.245573 123.250591 123.255911 123.261231 123.266551 123.271871 123.276600 123.281920 123.287240 123.292258 123.297578 123.302898 123.308218 123.313538 123.318858 123.323587 123.328907 123.333924 123.339244 123.344564 123.349884 123.354613 123.360524 123.365253 123.370573 123.375591 123.380911 123.386231
123.075360 123.078907 123.083924 123.086880 123.089244 123.093973 123.099293 123.104613 123.109933 123.115253 123.119982 123.122347 123.126773 123.131502 123.136822 123.142142 123.147462 123.152782 123.158102 123.162831 123.168440 123.173760 123.179080 123.183809 123.189129 123.194449 123.199769 123.205089 123.210107 123.215427 123.220747 123.225475 123.229613 123.233160 123.237889 123.243209 123.248529 123.254138 123.258867 123.264187 123.269507 123.274827 123.280147 123.285467 123.290787 123.295804 123.301124 123.306444 123.311764 123.317084 123.322404 123.327133 123.332453 123.338062 123.343382 123.348702 123.353431 123.358751 123.364071 123.369391 123.374711
