FireSTARR/test/constant/O1a_S060_A180_WD270_WS020/arrival.asc
ncols         748
nrows         59
xllcorner     426603.990666
yllcorner     12745855.311160
cellsize      100.000000
NODATA_value  0.000000
[rows 0 to 24 of 59, columns 342 to 398 of 748]
0.000000 0.000000 0.000000 0.000000 0.000000 0.000000 0.000000 0.000000 0.000000 0.000000 0.000000 0.000000 0.000000 0.000000 0.000000 0.000000 0.000000 0.000000 0.000000 0.000000 0.000000 0.000000 0.000000 0.000000 0.000000 0.000000 0.000000 0.000000 0.000000 0.000000 0.000000 0.000000 0.000000 0.000000 0.000000 0.000000 0.000000 0.000000 0.000000 0.000000 0.000000 0.000000 0.000000 0.000000 0.000000 0.000000 0.000000 0.000000 0.000000 0.000000 0.000000 0.000000 0.000000 0.000000 0.000000 0.000000 0.000000
0.000000 0.000000 0.000000 0.000000 0.000000 0.000000 0.000000 0.000000 0.000000 0.000000 0.000000 0.000000 0.000000 0.000000 0.000000 0.000000 0.000000 0.000000 0.000000 0.000000 0.000000 0.000000 0.000000 0.000000 0.000000 0.000000 0.000000 0.000000 0.000000 0.000000 0.000000 0.000000 0.000000 0.000000 0.000000 0.000000 0.000000 0.000000 0.000000 0.000000 0.000000 0.000000 0.000000 0.000000 0.000000 0.000000 0.000000 0.000000 0.000000 0.000000 0.000000 0.000000 0.000000 0.000000 0.000000 0.000000 0.000000
0.000000 0.000000 0.000000 0.000000 0.000000 0.000000 0.000000 0.000000 0.000000 0.000000 0.000000 0.000000 0.000000 0.000000 0.000000 0.000000 0.000000 0.000000 0.000000 0.000000 0.000000 0.000000 0.000000 0.000000 0.000000 0.000000 0.000000 0.000000 0.000000 0.000000 0.000000 0.000000 0.000000 0.000000 0.000000 0.000000 0.000000 0.000000 0.000000 0.000000 0.000000 0.000000 0.000000 0.000000 0.000000 0.000000 0.000000 0.000000 0.000000 0.000000 0.000000 0.000000 0.000000 0.000000 0.000000 0.000000 0.000000
0.000000 0.000000 0.000000 0.000000 0.000000 0.000000 0.000000 0.000000 0.000000 0.000000 0.000000 0.000000 0.000000 0.000000 0.000000 0.000000 0.000000 0.000000 0.000000 0.000000 0.000000 0.000000 0.000000 0.000000 0.000000 0.000000 0.000000 0.000000 0.000000 0.000000 0.000000 0.000000 0.000000 0.000000 0.000000 0.000000 0.000000 0.000000 0.000000 0.000000 0.000000 0.000000 0.000000 0.000000 0.000000 0.000000 0.000000 0.000000 0.000000 0.000000 0.000000 0.000000 0.000000 0.000000 0.000000 0.000000 0.000000
0.000000 0.000000 0.000000 0.000000 0.000000 0.000000 0.000000 0.000000 0.000000 0.000000 0.000000 0.000000 0.000000 0.000000 0.000000 0.000000 0.000000 0.000000 0.000000 0.000000 0.000000 0.000000 0.000000 0.000000 0.000000 0.000000 0.000000 0.000000 0.000000 0.000000 0.000000 0.000000 0.000000 0.000000 0.000000 0.000000 0.000000 0.000000 0.000000 0.000000 0.000000 0.000000 0.000000 0.000000 0.000000 0.000000 0.000000 0.000000 0.000000 0.000000 0.000000 0.000000 0.000000 0.000000 0.000000 0.000000 0.000000
0.000000 0.000000 0.000000 0.000000 0.000000 0.000000 0.000000 0.000000 0.000000 0.000000 0.000000 0.000000 0.000000 0.000000 0.000000 0.000000 0.000000 0.000000 0.000000 0.000000 0.000000 0.000000 0.000000 0.000000 0.000000 0.000000 0.000000 0.000000 0.000000 0.000000 0.000000 0.000000 0.000000 0.000000 0.000000 0.000000 0.000000 0.000000 0.000000 0.000000 0.000000 0.000000 0.000000 0.000000 0.000000 0.000000 0.000000 0.000000 0.000000 0.000000 0.000000 0.000000 0.000000 0.000000 0.000000 0.000000 0.000000
0.000000 0.000000 0.000000 0.000000 0.000000 0.000000 0.000000 0.000000 0.000000 0.000000 0.000000 0.000000 0.000000 0.000000 0.000000 0.000000 0.000000 0.000000 0.000000 0.000000 0.000000 0.000000 0.000000 0.000000 0.000000 0.000000 0.000000 0.000000 0.000000 0.000000 0.000000 0.000000 0.000000 0.000000 0.000000 0.000000 0.000000 0.000000 0.000000 0.000000 0.000000 0.000000 0.000000 0.000000 0.000000 0.000000 0.000000 0.000000 0.000000 0.000000 0.000000 0.000000 0.000000 0.000000 0.000000 0.000000 0.000000
0.000000 0.000000 0.000000 0.000000 0.000000 0.000000 0.000000 0.000000 0.000000 0.000000 0.000000 0.000000 0.000000 0.000000 0.000000 0.000000 0.000000 0.000000 0.000000 0.000000 0.000000 0.000000 0.000000 0.000000 0.000000 0.000000 0.000000 0.000000 0.000000 0.000000 0.000000 0.000000 0.000000 0.000000 0.000000 0.000000 0.000000 0.000000 0.000000 0.000000 0.000000 0.000000 0.000000 0.000000 0.000000 0.000000 0.000000 0.000000 0.000000 0.000000 0.000000 0.000000 0.000000 0.000000 0.000000 0.000000 0.000000
0.000000 0.000000 0.000000 0.000000 0.000000 0.000000 0.000000 0.000000 0.000000 0.000000 0.000000 0.000000 0.000000 0.000000 0.000000 0.000000 0.000000 0.000000 0.000000 0.000000 0.000000 0.000000 0.000000 0.000000 0.000000 0.000000 0.000000 0.000000 0.000000 0.000000 0.000000 0.000000 0.000000 0.000000 0.000000 0.000000 0.000000 0.000000 0.000000 0.000000 0.000000 0.000000 0.000000 0.000000 0.000000 0.000000 0.000000 0.000000 0.000000 0.000000 0.000000 0.000000 0.000000 0.000000 0.000000 0.000000 0.000000
123.407640 123.408198 123.408756 123.409314 123.409872 123.410430 123.410988 123.411546 123.412104 123.412662 123.413220 123.413778 123.414336 123.414894 123.415452 123.416010 123.416568 0.000000 0.000000 0.000000 0.000000 0.000000 0.000000 0.000000 0.000000 0.000000 0.000000 0.000000 0.000000 0.000000 0.000000 0.000000 0.000000 0.000000 0.000000 0.000000 0.000000 0.000000 0.000000 0.000000 0.000000 0.000000 0.000000 0.000000 0.000000 0.000000 0.000000 0.000000 0.000000 0.000000 0.000000 0.000000 0.000000 0.000000 0.000000 0.000000 0.000000
123.396481 123.397039 123.397597 123.398155 123.398713 123.399271 123.399829 123.400387 123.400945 123.401503 123.402061 123.402619 123.403177 123.403735 123.404293 123.404851 123.405409 123.405967 123.406525 123.407082 123.407640 123.408198 123.408756 123.409314 123.409872 123.410430 123.410988 123.411546 123.412104 123.412662 123.413220 123.413778 123.414336 123.414894 123.415452 123.416010 123.416568 0.000000 0.000000 0.000000 0.000000 0.000000 0.000000 0.000000 0.000000 0.000000 0.000000 0.000000 0.000000 0.000000 0.000000 0.000000 0.000000 0.000000 0.000000 0.000000 0.000000
123.385322 123.385880 123.386438 123.386996 123.387554 123.388112 123.388670 123.389228 123.389786 123.390344 123.390902 123.391460 123.392018 123.392576 123.393134 123.393692 123.394249 123.394807 123.395365 123.395923 123.396481 123.397039 123.397597 123.398155 123.398713 123.399271 123.399829 123.400387 123.400945 123.401503 123.402061 123.402619 123.403177 123.403735 123.404293 123.404851 123.405409 123.405967 123.406525 123.407082 123.407640 123.408198 123.408756 123.409314 123.409872 123.410430 123.410988 123.411546 123.412104 123.412662 123.413220 123.413778 123.414336 123.414894 123.415452 123.416010 123.416568
123.374343 123.374901 123.375279 123.375837 123.376395 123.376953 123.377511 123.378069 123.378627 123.379185 123.379743 123.380301 123.380859 123.381416 123.381974 123.382532 123.383090 123.383648 123.384206 123.384764 123.385322 123.385880 123.386438 123.386996 123.387554 123.388112 123.388670 123.389228 123.389786 123.390344 123.390902 123.391460 123.392018 123.392576 123.393134 123.393692 123.394249 123.394807 123.395365 123.395923 123.396481 123.397039 123.397597 123.398155 123.398713 123.399271 123.399829 123.400387 123.400945 123.401503 123.402061 123.402619 123.403177 123.403735 123.404293 123.404851 123.405409
123.363184 123.363742 123.364300 123.364858 123.365416 123.365974 123.366532 123.367090 123.367648 123.368206 123.368764 123.369322 123.369879 123.370437 123.370995 123.371553 123.372111 123.372669 123.373227 123.373785 123.374343 123.374901 123.375279 123.375837 123.376395 123.376953 123.377511 123.378069 123.378627 123.379185 123.379743 123.380301 123.380859 123.381416 123.381974 123.382532 123.383090 123.383648 123.384206 123.384764 123.385322 123.385880 123.386438 123.386996 123.387554 123.388112 123.388670 123.389228 123.389786 123.390344 123.390902 123.391460 123.392018 123.392576 123.393134 123.393692 123.394249
123.352025 123.352583 123.353141 123.353699 123.354257 123.354815 123.355373 123.355931 123.356489 123.357046 123.357604 123.358162 123.358720 123.359278 123.359836 123.360394 123.360952 123.361510 123.362068 123.362626 123.363184 123.363742 123.364300 123.364858 123.365416 123.365974 123.366532 123.367090 123.367648 123.368206 123.368764 123.369322 123.369879 123.370437 123.370995 123.371553 123.372111 123.372669 123.373227 123.373785 123.374343 123.374901 123.375279 123.375837 123.376395 123.376953 123.377511 123.378069 123.378627 123.379185 123.379743 123.380301 123.380859 123.381416 123.381974 123.382532 123.383090
123.340866 123.341424 123.341982 123.342540 123.343098 123.343656 123.344213 123.344771 123.345329 123.345887 123.346445 123.347003 123.347561 123.348119 123.348677 123.349235 123.349793 123.350351 123.350909 123.351467 123.352025 123.352583 123.353141 123.353699 123.354257 123.354815 123.355373 123.355931 123.356489 123.357046 123.357604 123.358162 123.358720 123.359278 123.359836 123.360394 123.360952 123.361510 123.362068 123.362626 123.363184 123.363742 123.364300 123.364858 123.365416 123.365974 123.366532 123.367090 123.367648 123.368206 123.368764 123.369322 123.369879 123.370437 123.370995 123.371553 123.372111
123.329608 123.330166 123.330724 123.331282 123.331840 123.332397 123.332955 123.333612 123.334170 123.334728 123.335286 123.335844 123.336402 123.336960 123.337518 123.338076 123.338634 123.339192 123.339750 123.340308 123.340866 123.341424 123.341982 123.342540 123.343098 123.343656 123.344213 123.344771 123.345329 123.345887 123.346445 123.347003 123.347561 123.348119 123.348677 123.349235 123.349793 123.350351 123.350909 123.351467 123.352025 123.352583 123.353141 123.353699 123.354257 123.354815 123.355373 123.355931 123.356489 123.357046 123.357604 123.358162 123.358720 123.359278 123.359836 123.360394 123.360952
123.318449 123.319007 123.319564 123.320122 123.320680 123.321238 123.321796 123.322354 123.322912 123.323470 123.324028 123.324586 123.325144 123.325702 123.326260 123.326818 123.327376 123.327934 123.328492 123.329050 123.329608 123.330166 123.330724 123.331282 123.331840 123.332397 123.332955 123.333612 123.334170 123.334728 123.335286 123.335844 123.336402 123.336960 123.337518 123.338076 123.338634 123.339192 123.339750 123.340308 123.340866 123.341424 123.341982 123.342540 123.343098 123.343656 123.344213 123.344771 123.345329 123.345887 123.346445 123.347003 123.347561 123.348119 123.348677 123.349235 123.349793
123.307289 123.307847 123.308405 123.308963 123.309521 123.310079 123.310637 123.311195 123.311753 123.312311 123.312869 123.313427 123.313985 123.314543 123.315101 123.315659 123.316217 123.316775 123.317333 123.317891 123.318449 123.319007 123.319564 123.320122 123.320680 123.321238 123.321796 123.322354 123.322912 123.323470 123.324028 123.324586 123.325144 123.325702 123.326260 123.326818 123.327376 123.327934 123.328492 123.329050 123.329608 123.330166 123.330724 123.331282 123.331840 123.332397 123.332955 123.333612 123.334170 123.334728 123.335286 123.335844 123.336402 123.336960 123.337518 123.338076 123.338634
123.296130 123.296688 123.297246 123.297804 123.298362 123.298920 123.299478 123.300036 123.300594 123.301152 123.301710 123.302268 123.302826 123.303384 123.303942 123.304500 123.305058 123.305616 123.306174 123.306731 123.307289 123.307847 123.308405 123.308963 123.309521 123.310079 123.310637 123.311195 123.311753 123.312311 123.312869 123.313427 123.313985 123.314543 123.315101 123.315659 123.316217 123.316775 123.317333 123.317891 123.318449 123.319007 123.319564 123.320122 123.320680 123.321238 123.321796 123.322354 123.322912 123.323470 123.324028 123.324586 123.325144 123.325702 123.326260 123.326818 123.327376
123.284872 123.285430 123.285988 123.286546 123.287104 123.287662 123.288220 123.288778 123.289336 123.289894 123.290452 123.291010 123.291568 123.292225 123.292783 123.293341 123.293898 123.294456 123.295014 123.295572 123.296130 123.296688 123.297246 123.297804 123.298362 123.298920 123.299478 123.300036 123.300594 123.301152 123.301710 123.302268 123.302826 123.303384 123.303942 123.304500 123.305058 123.305616 123.306174 123.306731 123.307289 123.307847 123.308405 123.308963 123.309521 123.310079 123.310637 123.311195 123.311753 123.312311 123.312869 123.313427 123.313985 123.314543 123.315101 123.315659 123.316217
123.273713 123.274271 123.274829 123.275387 123.275945 123.276503 123.277061 123.277619 123.278177 123.278735 123.279293 123.279851 123.280409 123.280967 123.281525 123.282082 123.282640 123.283198 123.283756 123.284314 123.284872 123.285430 123.285988 123.286546 123.287104 123.287662 123.288220 123.288778 123.289336 123.289894 123.290452 123.291010 123.291568 123.292225 123.292783 123.293341 123.293898 123.294456 123.295014 123.295572 123.296130 123.296688 123.297246 123.297804 123.298362 123.298920 123.299478 123.300036 123.300594 123.301152 123.301710 123.302268 123.302826 123.303384 123.303942 123.304500 123.305058
123.262554 123.263112 123.263670 123.264228 123.264786 123.265344 123.265902 123.266460 123.267018 123.267576 123.268134 123.268692 123.269249 123.269807 123.270365 123.270923 123.271481 123.272039 123.272597 123.273155 123.273713 123.274271 123.274829 123.275387 123.275945 123.276503 123.277061 123.277619 123.278177 123.278735 123.279293 123.279851 123.280409 123.280967 123.281525 123.282082 123.282640 123.283198 123.283756 123.284314 123.284872 123.285430 123.285988 123.286546 123.287104 123.287662 123.288220 123.288778 123.289336 123.289894 123.290452 123.291010 123.291568 123.292225 123.292783 123.293341 123.293898
123.251395 123.251953 123.252511 123.253069 123.253627 123.254185 123.254743 123.255301 123.255859 123.256416 123.256974 123.257532 123.258090 123.258648 123.259206 123.259764 123.260322 123.260880 123.261438 123.261996 123.262554 123.263112 123.263670 123.264228 123.264786 123.265344 123.265902 123.266460 123.267018 123.267576 123.268134 123.268692 123.269249 123.269807 123.270365 123.270923 123.271481 123.272039 123.272597 123.273155 123.273713 123.274271 123.274829 123.275387 123.275945 123.276503 123.277061 123.277619 123.278177 123.278735 123.279293 123.279851 123.280409 123.280967 123.281525 123.282082 123.282640
123.240416 123.240974 123.241532 123.242090 123.242648 123.243206 123.243764 123.244322 123.244879 123.245437 123.245995 123.246553 123.247111 123.247669 123.248227 123.248785 123.249343 123.249901 123.250279 123.250837 123.251395 123.251953 123.252511 123.253069 123.253627 123.254185 123.254743 123.255301 123.255859 123.256416 123.256974 123.257532 123.258090 123.258648 123.259206 123.259764 123.260322 123.260880 123.261438 123.261996 123.262554 123.263112 123.263670 123.264228 123.264786 123.265344 123.265902 123.266460 123.267018 123.267576 123.268134 123.268692 123.269249 123.269807 123.270365 123.270923 123.271481
