FireSTARR/test/constant/O1a_S060_A180_WD270_WS020/arrival.asc
ncols         748
nrows         59
xllcorner     426603.990666
yllcorner     12745855.311160
cellsize      100.000000
NODATA_value  0.000000
[rows 25 to 49 of 59, columns 456 to 512 of 748]
123.292783 123.293341 123.293898 123.294456 123.295014 123.295572 123.296130 123.296688 123.297246 123.297804 123.298362 123.298920 123.299478 123.300036 123.300594 123.301152 123.301710 123.302268 123.302826 123.303384 123.303942 123.304500 123.305058 123.305616 123.306174 123.306731 123.307289 123.307847 123.308405 123.308963 123.309521 123.310079 123.310637 123.311195 123.311753 123.312311 123.312869 123.313427 123.313985 123.314543 123.315101 123.315659 123.316217 123.316775 123.317333 123.317891 123.318449 123.319007 123.319564 123.320122 123.320680 123.321238 123.321796 123.322354 123.322912 123.323470 123.324028
123.281525 123.282082 123.282640 123.283198 123.283756 123.284314 123.284872 123.285430 123.285988 123.286546 123.287104 123.287662 123.288220 123.288778 123.289336 123.289894 123.290452 123.291010 123.291568 123.292225 123.292783 123.293341 123.293898 123.294456 123.295014 123.295572 123.296130 123.296688 123.297246 123.297804 123.298362 123.298920 123.299478 123.300036 123.300594 123.301152 123.301710 123.302268 123.302826 123.303384 123.303942 123.304500 123.305058 123.305616 123.306174 123.306731 123.307289 123.307847 123.308405 123.308963 123.309521 123.310079 123.310637 123.311195 123.311753 123.312311 123.312869
123.270365 123.270923 123.271481 123.272039 123.272597 123.273155 123.273713 123.274271 123.274829 123.275387 123.275945 123.276503 123.277061 123.277619 123.278177 123.278735 123.279293 123.279851 123.280409 123.280967 123.281525 123.282082 123.282640 123.283198 123.283756 123.284314 123.284872 123.285430 123.285988 123.286546 123.287104 123.287662 123.288220 123.288778 123.289336 123.289894 123.290452 123.291010 123.291568 123.292225 123.292783 123.293341 123.293898 123.294456 123.295014 123.295572 123.296130 123.296688 123.297246 123.297804 123.298362 123.298920 123.299478 123.300036 123.300594 123.301152 123.301710
123.259206 123.259764 123.260322 123.260880 123.261438 123.261996 123.262554 123.263112 123.263670 123.264228 123.264786 123.265344 123.265902 123.266460 123.267018 123.267576 123.268134 123.268692 123.269249 123.269807 123.270365 123.270923 123.271481 123.272039 123.272597 123.273155 123.273713 123.274271 123.274829 123.275387 123.275945 123.276503 123.277061 123.277619 123.278177 123.278735 123.279293 123.279851 123.280409 123.280967 123.281525 123.282082 123.282640 123.283198 123.283756 123.284314 123.284872 123.285430 123.285988 123.286546 123.287104 123.287662 123.288220 123.288778 123.289336 123.289894 123.290452
123.254185 123.254743 123.255301 123.255859 123.256416 123.256974 123.257532 123.258090 123.258648 123.259206 123.259764 123.260322 123.260880 123.261438 123.261996 123.262554 123.263112 123.263670 123.264228 123.264786 123.265344 123.265902 123.266460 123.267018 123.267576 123.268134 123.268692 123.269249 123.269807 123.270365 123.270923 123.271481 123.272039 123.272597 123.273155 123.273713 123.274271 123.274829 123.275387 123.275945 123.276503 123.277061 123.277619 123.278177 123.278735 123.279293 123.279851 123.280409 123.280967 123.281525 123.282082 123.282640 123.283198 123.283756 123.284314 123.284872 123.285430
123.260601 123.261159 123.261717 123.262275 123.262833 123.263391 123.263949 123.264507 123.265065 123.265623 123.266181 123.266739 123.267297 123.267855 123.268413 123.268971 123.269528 123.270086 123.270644 123.271202 123.271760 123.272318 123.272876 123.273434 123.273992 123.274550 123.275108 123.275666 123.276224 123.276782 123.277340 123.277898 123.278456 123.279014 123.279572 123.280130 123.280688 123.281246 123.281804 123.282361 123.282919 123.283477 123.284035 123.284593 123.285151 123.285709 123.286267 123.286825 123.287383 123.287941 123.288499 123.289057 123.289615 123.290173 123.290731 123.291289 123.291667
123.271760 123.272318 123.272876 123.273434 123.273992 123.274550 123.275108 123.275666 123.276224 123.276782 123.277340 123.277898 123.278456 123.279014 123.279572 123.280130 123.280688 123.281246 123.281804 123.282361 123.282919 123.283477 123.284035 123.284593 123.285151 123.285709 123.286267 123.286825 123.287383 123.287941 123.288499 123.289057 123.289615 123.290173 123.290731 123.291289 123.291667 123.292225 123.292783 123.293341 123.293898 123.294456 123.295014 123.295572 123.296130 123.296688 123.297246 123.297804 123.298362 123.298920 123.299478 123.300036 123.300594 123.301152 123.301710 123.302268 123.302826
123.282919 123.283477 123.284035 123.284593 123.285151 123.285709 123.286267 123.286825 123.287383 123.287941 123.288499 123.289057 123.289615 123.290173 123.290731 123.291289 123.291667 123.292225 123.292783 123.293341 123.293898 123.294456 123.295014 123.295572 123.296130 123.296688 123.297246 123.297804 123.298362 123.298920 123.299478 123.300036 123.300594 123.301152 123.301710 123.302268 123.302826 123.303384 123.303942 123.304500 123.305058 123.305616 123.306174 123.306731 123.307289 123.307847 123.308405 123.308963 123.309521 123.310079 123.310637 123.311195 123.311753 123.312311 123.312869 123.313427 123.313985
123.293898 123.294456 123.295014 123.295572 123.296130 123.296688 123.297246 123.297804 123.298362 123.298920 123.299478 123.300036 123.300594 123.301152 123.301710 123.302268 123.302826 123.303384 123.303942 123.304500 123.305058 123.305616 123.306174 123.306731 123.307289 123.307847 123.308405 123.308963 123.309521 123.310079 123.310637 123.311195 123.311753 123.312311 123.312869 123.313427 123.313985 123.314543 123.315101 123.315659 123.316217 123.316775 123.317333 123.317891 123.318449 123.319007 123.319564 123.320122 123.320680 123.321238 123.321796 123.322354 123.322912 123.323470 123.324028 123.324586 123.325144
123.305058 123.305616 123.306174 123.306731 123.307289 123.307847 123.308405 123.308963 123.309521 123.310079 123.310637 123.311195 123.311753 123.312311 123.312869 123.313427 123.313985 123.314543 123.315101 123.315659 123.316217 123.316775 123.317333 123.317891 123.318449 123.319007 123.319564 123.320122 123.320680 123.321238 123.321796 123.322354 123.322912 123.323470 123.324028 123.324586 123.325144 123.325702 123.326260 123.326818 123.327376 123.327934 123.328492 123.329050 123.329608 123.330166 123.330724 123.331282 123.331840 123.332397 123.332955 123.333612 123.334170 123.334728 123.335286 123.335844 123.336402
123.316217 123.316775 123.317333 123.317891 123.318449 123.319007 123.319564 123.320122 123.320680 123.321238 123.321796 123.322354 123.322912 123.323470 123.324028 123.324586 123.325144 123.325702 123.326260 123.326818 123.327376 123.327934 123.328492 123.329050 123.329608 123.330166 123.330724 123.331282 123.331840 123.332397 123.332955 123.333612 123.334170 123.334728 123.335286 123.335844 123.336402 123.336960 123.337518 123.338076 123.338634 123.339192 123.339750 123.340308 123.340866 123.341424 123.341982 123.342540 123.343098 123.343656 123.344213 123.344771 123.345329 123.345887 123.346445 123.347003 123.347561
123.327376 123.327934 123.328492 123.329050 123.329608 123.330166 123.330724 123.331282 123.331840 123.332397 123.332955 123.333612 123.334170 123.334728 123.335286 123.335844 123.336402 123.336960 123.337518 123.338076 123.338634 123.339192 123.339750 123.340308 123.340866 123.341424 123.341982 123.342540 123.343098 123.343656 123.344213 123.344771 123.345329 123.345887 123.346445 123.347003 123.347561 123.348119 123.348677 123.349235 123.349793 123.350351 123.350909 123.351467 123.352025 123.352583 123.353141 123.353699 123.354257 123.354815 123.355373 123.355931 123.356489 123.357046 123.357604 123.358162 123.358720
123.338634 123.339192 123.339750 123.340308 123.340866 123.341424 123.341982 123.342540 123.343098 123.343656 123.344213 123.344771 123.345329 123.345887 123.346445 123.347003 123.347561 123.348119 123.348677 123.349235 123.349793 123.350351 123.350909 123.351467 123.352025 123.352583 123.353141 123.353699 123.354257 123.354815 123.355373 123.355931 123.356489 123.357046 123.357604 123.358162 123.358720 123.359278 123.359836 123.360394 123.360952 123.361510 123.362068 123.362626 123.363184 123.363742 123.364300 123.364858 123.365416 123.365974 123.366532 123.367090 123.367648 123.368206 123.368764 123.369322 123.369879
123.349793 123.350351 123.350909 123.351467 123.352025 123.352583 123.353141 123.353699 123.354257 123.354815 123.355373 123.355931 123.356489 123.357046 123.357604 123.358162 123.358720 123.359278 123.359836 123.360394 123.360952 123.361510 123.362068 123.362626 123.363184 123.363742 123.364300 123.364858 123.365416 123.365974 123.366532 123.367090 123.367648 123.368206 123.368764 123.369322 123.369879 123.370437 123.370995 123.371553 123.372111 123.372669 123.373227 123.373785 123.374343 123.374901 123.375558 123.376116 123.376674 123.377232 123.377790 123.378348 123.378906 123.379464 123.380022 123.380580 123.381138
123.360952 123.361510 123.362068 123.362626 123.363184 123.363742 123.364300 123.364858 123.365416 123.365974 123.366532 123.367090 123.367648 123.368206 123.368764 123.369322 123.369879 123.370437 123.370995 123.371553 123.372111 123.372669 123.373227 123.373785 123.374343 123.374901 123.375558 123.376116 123.376674 123.377232 123.377790 123.378348 123.378906 123.379464 123.380022 123.380580 123.381138 123.381695 123.382253 123.382811 123.383369 123.383927 123.384485 123.385043 123.385601 123.386159 123.386717 123.387275 123.387833 123.388391 123.388949 123.389507 123.390065 123.390623 123.391181 123.391739 123.392297
123.372111 123.372669 123.373227 123.373785 123.374343 123.374901 123.375558 123.376116 123.376674 123.377232 123.377790 123.378348 123.378906 123.379464 123.380022 123.380580 123.381138 123.381695 123.382253 123.382811 123.383369 123.383927 123.384485 123.385043 123.385601 123.386159 123.386717 123.387275 123.387833 123.388391 123.388949 123.389507 123.390065 123.390623 123.391181 123.391739 123.392297 123.392855 123.393413 123.393971 123.394528 123.395086 123.395644 123.396202 123.396760 123.397318 123.397876 123.398434 123.398992 123.399550 123.400108 123.400666 123.401224 123.401782 123.402340 123.402898 123.403456
123.383369 123.383927 123.384485 123.385043 123.385601 123.386159 123.386717 123.387275 123.387833 123.388391 123.388949 123.389507 123.390065 123.390623 123.391181 123.391739 123.392297 123.392855 123.393413 123.393971 123.394528 123.395086 123.395644 123.396202 123.396760 123.397318 123.397876 123.398434 123.398992 123.399550 123.400108 123.400666 123.401224 123.401782 123.402340 123.402898 123.403456 123.404014 123.404572 123.405130 123.405688 123.406246 123.406804 123.407361 123.407919 123.408477 123.409035 123.409593 123.410151 123.410709 123.411267 123.411825 123.412383 123.412941 123.413499 123.414057 123.414615
123.394528 123.395086 123.395644 123.396202 123.396760 123.397318 123.397876 123.398434 123.398992 123.399550 123.400108 123.400666 123.401224 123.401782 123.402340 123.402898 123.403456 123.404014 123.404572 123.405130 123.405688 123.406246 123.406804 123.407361 123.407919 123.408477 123.409035 123.409593 123.410151 123.410709 123.411267 123.411825 123.412383 123.412941 123.413499 123.414057 123.414615 123.415173 123.415731 123.416289 123.416667 0.000000 0.000000 0.000000 0.000000 0.000000 0.000000 0.000000 0.000000 0.000000 0.000000 0.000000 0.000000 0.000000 0.000000 0.000000 0.000000
123.405688 123.406246 123.406804 123.407361 123.407919 123.408477 123.409035 123.409593 123.410151 123.410709 123.411267 123.411825 123.412383 123.412941 123.413499 123.414057 123.414615 123.415173 123.415731 123.416289 123.416667 0.000000 0.000000 0.000000 0.000000 0.000000 0.000000 0.000000 0.000000 0.000000 0.000000 0.000000 0.000000 0.000000 0.000000 0.000000 0.000000 0.000000 0.000000 0.000000 0.000000 0.000000 0.000000 0.000000 0.000000 0.000000 0.000000 0.000000 0.000000 0.000000 0.000000 0.000000 0.000000 0.000000 0.000000 0.000000 0.000000
123.416667 0.000000 0.000000 0.000000 0.000000 0.000000 0.000000 0.000000 0.000000 0.000000 0.000000 0.000000 0.000000 0.000000 0.000000 0.000000 0.000000 0.000000 0.000000 0.000000 0.000000 0.000000 0.000000 0.000000 0.000000 0.000000 0.000000 0.000000 0.000000 0.000000 0.000000 0.000000 0.000000 0.000000 0.000000 0.000000 0.000000 0.000000 0.000000 0.000000 0.000000 0.000000 0.000000 0.000000 0.000000 0.000000 0.000000 0.000000 0.000000 0.000000 0.000000 0.000000 0.000000 0.000000 0.000000 0.000000 0.000000
0.000000 0.000000 0.000000 0.000000 0.000000 0.000000 0.000000 0.000000 0.000000 0.000000 0.000000 0.000000 0.000000 0.000000 0.000000 0.000000 0.000000 0.000000 0.000000 0.000000 0.000000 0.000000 0.000000 0.000000 0.000000 0.000000 0.000000 0.000000 0.000000 0.000000 0.000000 0.000000 0.000000 0.000000 0.000000 0.000000 0.000000 0.000000 0.000000 0.000000 0.000000 0.000000 0.000000 0.000000 0.000000 0.000000 0.000000 0.000000 0.000000 0.000000 0.000000 0.000000 0.000000 0.000000 0.000000 0.000000 0.000000
0.000000 0.000000 0.000000 0.000000 0.000000 0.000000 0.000000 0.000000 0.000000 0.000000 0.000000 0.000000 0.000000 0.000000 0.000000 0.000000 0.000000 0.000000 0.000000 0.000000 0.000000 0.000000 0.000000 0.000000 0.000000 0.000000 0.000000 0.000000 0.000000 0.000000 0.000000 0.000000 0.000000 0.000000 0.000000 0.000000 0.000000 0.000000 0.000000 0.000000 0.000000 0.000000 0.000000 0.000000 0.000000 0.000000 0.000000 0.000000 0.000000 0.000000 0.000000 0.000000 0.000000 0.000000 0.000000 0.000000 0.000000
0.000000 0.000000 0.000000 0.000000 0.000000 0.000000 0.000000 0.000000 0.000000 0.000000 0.000000 0.000000 0.000000 0.000000 0.000000 0.000000 0.000000 0.000000 0.000000 0.000000 0.000000 0.000000 0.000000 0.000000 0.000000 0.000000 0.000000 0.000000 0.000000 0.000000 0.000000 0.000000 0.000000 0.000000 0.000000 0.000000 0.000000 0.000000 0.000000 0.000000 0.000000 0.000000 0.000000 0.000000 0.000000 0.000000 0.000000 0.000000 0.000000 0.000000 0.000000 0.000000 0.000000 0.000000 0.000000 0.000000 0.000000
0.000000 0.000000 0.000000 0.000000 0.000000 0.000000 0.000000 0.000000 0.000000 0.000000 0.000000 0.000000 0.000000 0.000000 0.000000 0.000000 0.000000 0.000000 0.000000 0.000000 0.000000 0.000000 0.000000 0.000000 0.000000 0.000000 0.000000 0.000000 0.000000 0.000000 0.000000 0.000000 0.000000 0.000000 0.000000 0.000000 0.000000 0.000000 0.000000 0.000000 0.000000 0.000000 0.000000 0.000000 0.000000 0.000000 0.000000 0.000000 0.000000 0.000000 0.000000 0.000000 0.000000 0.000000 0.000000 0.000000 0.000000
0.000000 0.000000 0.000000 0.000000 0.000000 0.000000 0.000000 0.000000 0.000000 0.000000 0.000000 0.000000 0.000000 0.000000 0.000000 0.000000 0.000000 0.000000 0.000000 0.000000 0.000000 0.000000 0.000000 0.000000 0.000000 0.000000 0.000000 0.000000 0.000000 0.000000 0.000000 0.000000 0.000000 0.000000 0.000000 0.000000 0.000000 0.000000 0.000000 0.000000 0.000000 0.000000 0.000000 0.000000 0.000000 0.000000 0.000000 0.000000 0.000000 0.000000 0.000000 0.000000 0.000000 0.000000 0.000000 0.000000 0.000000
