FireSTARR/test/constant/O1a_S060_A180_WD270_WS020/arrival.asc
ncols         748
nrows         59
xllcorner     426603.990666
yllcorner     12745855.311160
cellsize      100.000000
NODATA_value  0.000000
[rows 25 to 49 of 59, columns 285 to 341 of 748]
123.197354 123.197912 123.198470 123.199028 123.199586 123.200144 123.200702 123.201260 123.201818 123.202376 123.202934 123.203492 123.204050 123.204608 123.205166 123.205724 123.206282 123.206840 123.207397 123.207955 123.208612 123.209170 123.209728 123.210286 123.210844 123.211402 123.211960 123.212518 123.213076 123.213634 123.214192 123.214750 123.215308 123.215866 123.216424 123.216982 123.217540 123.218098 123.218656 123.219213 123.219771 123.220329 123.220887 123.221445 123.222003 123.222561 123.223119 123.223677 123.224235 123.224793 123.225351 123.225909 123.226467 123.227025 123.227583 123.228141 123.228699
123.186195 123.186753 123.187311 123.187869 123.188427 123.188985 123.189543 123.190101 123.190659 123.191217 123.191775 123.192333 123.192891 123.193449 123.194007 123.194564 123.195122 123.195680 123.196238 123.196796 123.197354 123.197912 123.198470 123.199028 123.199586 123.200144 123.200702 123.201260 123.201818 123.202376 123.202934 123.203492 123.204050 123.204608 123.205166 123.205724 123.206282 123.206840 123.207397 123.207955 123.208612 123.209170 123.209728 123.210286 123.210844 123.211402 123.211960 123.212518 123.213076 123.213634 123.214192 123.214750 123.215308 123.215866 123.216424 123.216982 123.217540
123.175036 123.175594 123.176152 123.176710 123.177268 123.177826 123.178384 123.178942 123.179500 123.180058 123.180616 123.181174 123.181731 123.182289 123.182847 123.183405 123.183963 123.184521 123.185079 123.185637 123.186195 123.186753 123.187311 123.187869 123.188427 123.188985 123.189543 123.190101 123.190659 123.191217 123.191775 123.192333 123.192891 123.193449 123.194007 123.194564 123.195122 123.195680 123.196238 123.196796 123.197354 123.197912 123.198470 123.199028 123.199586 123.200144 123.200702 123.201260 123.201818 123.202376 123.202934 123.203492 123.204050 123.204608 123.205166 123.205724 123.206282
123.163778 123.164336 123.164894 123.165452 123.166010 123.166568 123.167225 123.167783 123.168341 123.168898 123.169456 123.170014 123.170572 123.171130 123.171688 123.172246 123.172804 123.173362 123.173920 123.174478 123.175036 123.175594 123.176152 123.176710 123.177268 123.177826 123.178384 123.178942 123.179500 123.180058 123.180616 123.181174 123.181731 123.182289 123.182847 123.183405 123.183963 123.184521 123.185079 123.185637 123.186195 123.186753 123.187311 123.187869 123.188427 123.188985 123.189543 123.190101 123.190659 123.191217 123.191775 123.192333 123.192891 123.193449 123.194007 123.194564 123.195122
123.158756 123.159314 123.159872 123.160430 123.160988 123.161546 123.162104 123.162662 123.163220 123.163778 123.164336 123.164894 123.165452 123.166010 123.166568 123.167225 123.167783 123.168341 123.168898 123.169456 123.170014 123.170572 123.171130 123.171688 123.172246 123.172804 123.173362 123.173920 123.174478 123.175036 123.175594 123.176152 123.176710 123.177268 123.177826 123.178384 123.178942 123.179500 123.180058 123.180616 123.181174 123.181731 123.182289 123.182847 123.183405 123.183963 123.184521 123.185079 123.185637 123.186195 123.186753 123.187311 123.187869 123.188427 123.188985 123.189543 123.190101
123.165173 123.165731 123.166289 123.166667 123.167225 123.167783 123.168341 123.168898 123.169456 123.170014 123.170572 123.171130 123.171688 123.172246 123.172804 123.173362 123.173920 123.174478 123.175036 123.175594 123.176152 123.176710 123.177268 123.177826 123.178384 123.178942 123.179500 123.180058 123.180616 123.181174 123.181731 123.182289 123.182847 123.183405 123.183963 123.184521 123.185079 123.185637 123.186195 123.186753 123.187311 123.187869 123.188427 123.188985 123.189543 123.190101 123.190659 123.191217 123.191775 123.192333 123.192891 123.193449 123.194007 123.194564 123.195122 123.195680 123.196238
123.176152 123.176710 123.177268 123.177826 123.178384 123.178942 123.179500 123.180058 123.180616 123.181174 123.181731 123.182289 123.182847 123.183405 123.183963 123.184521 123.185079 123.185637 123.186195 123.186753 123.187311 123.187869 123.188427 123.188985 123.189543 123.190101 123.190659 123.191217 123.191775 123.192333 123.192891 123.193449 123.194007 123.194564 123.195122 123.195680 123.196238 123.196796 123.197354 123.197912 123.198470 123.199028 123.199586 123.200144 123.200702 123.201260 123.201818 123.202376 123.202934 123.203492 123.204050 123.204608 123.205166 123.205724 123.206282 123.206840 123.207397
123.187311 123.187869 123.188427 123.188985 123.189543 123.190101 123.190659 123.191217 123.191775 123.192333 123.192891 123.193449 123.194007 123.194564 123.195122 123.195680 123.196238 123.196796 123.197354 123.197912 123.198470 123.199028 123.199586 123.200144 123.200702 123.201260 123.201818 123.202376 123.202934 123.203492 123.204050 123.204608 123.205166 123.205724 123.206282 123.206840 123.207397 123.207955 123.208612 123.209170 123.209728 123.210286 123.210844 123.211402 123.211960 123.212518 123.213076 123.213634 123.214192 123.214750 123.215308 123.215866 123.216424 123.216982 123.217540 123.218098 123.218656
123.198470 123.199028 123.199586 123.200144 123.200702 123.201260 123.201818 123.202376 123.202934 123.203492 123.204050 123.204608 123.205166 123.205724 123.206282 123.206840 123.207397 123.207955 123.208612 123.209170 123.209728 123.210286 123.210844 123.211402 123.211960 123.212518 123.213076 123.213634 123.214192 123.214750 123.215308 123.215866 123.216424 123.216982 123.217540 123.218098 123.218656 123.219213 123.219771 123.220329 123.220887 123.221445 123.222003 123.222561 123.223119 123.223677 123.224235 123.224793 123.225351 123.225909 123.226467 123.227025 123.227583 123.228141 123.228699 123.229257 123.229815
123.209728 123.210286 123.210844 123.211402 123.211960 123.212518 123.213076 123.213634 123.214192 123.214750 123.215308 123.215866 123.216424 123.216982 123.217540 123.218098 123.218656 123.219213 123.219771 123.220329 123.220887 123.221445 123.222003 123.222561 123.223119 123.223677 123.224235 123.224793 123.225351 123.225909 123.226467 123.227025 123.227583 123.228141 123.228699 123.229257 123.229815 123.230373 123.230931 123.231489 123.232046 123.232604 123.233162 123.233720 123.234278 123.234836 123.235394 123.235952 123.236510 123.237068 123.237626 123.238184 123.238742 123.239300 123.239858 123.240416 123.240974
123.220887 123.221445 123.222003 123.222561 123.223119 123.223677 123.224235 123.224793 123.225351 123.225909 123.226467 123.227025 123.227583 123.228141 123.228699 123.229257 123.229815 123.230373 123.230931 123.231489 123.232046 123.232604 123.233162 123.233720 123.234278 123.234836 123.235394 123.235952 123.236510 123.237068 123.237626 123.238184 123.238742 123.239300 123.239858 123.240416 123.240974 123.241532 123.242090 123.242648 123.243206 123.243764 123.244322 123.244879 123.245437 123.245995 123.246553 123.247111 123.247669 123.248227 123.248785 123.249343 123.249901 123.250558 123.251116 123.251674 123.252232
123.232046 123.232604 123.233162 123.233720 123.234278 123.234836 123.235394 123.235952 123.236510 123.237068 123.237626 123.238184 123.238742 123.239300 123.239858 123.240416 123.240974 123.241532 123.242090 123.242648 123.243206 123.243764 123.244322 123.244879 123.245437 123.245995 123.246553 123.247111 123.247669 123.248227 123.248785 123.249343 123.249901 123.250558 123.251116 123.251674 123.252232 123.252790 123.253348 123.253906 123.254464 123.255022 123.255580 123.256138 123.256695 123.257253 123.257811 123.258369 123.258927 123.259485 123.260043 123.260601 123.261159 123.261717 123.262275 123.262833 123.263391
123.243206 123.243764 123.244322 123.244879 123.245437 123.245995 123.246553 123.247111 123.247669 123.248227 123.248785 123.249343 123.249901 123.250558 123.251116 123.251674 123.252232 123.252790 123.253348 123.253906 123.254464 123.255022 123.255580 123.256138 123.256695 123.257253 123.257811 123.258369 123.258927 123.259485 123.260043 123.260601 123.261159 123.261717 123.262275 123.262833 123.263391 123.263949 123.264507 123.265065 123.265623 123.266181 123.266739 123.267297 123.267855 123.268413 123.268971 123.269528 123.270086 123.270644 123.271202 123.271760 123.272318 123.272876 123.273434 123.273992 123.274550
123.254464 123.255022 123.255580 123.256138 123.256695 123.257253 123.257811 123.258369 123.258927 123.259485 123.260043 123.260601 123.261159 123.261717 123.262275 123.262833 123.263391 123.263949 123.264507 123.265065 123.265623 123.266181 123.266739 123.267297 123.267855 123.268413 123.268971 123.269528 123.270086 123.270644 123.271202 123.271760 123.272318 123.272876 123.273434 123.273992 123.274550 123.275108 123.275666 123.276224 123.276782 123.277340 123.277898 123.278456 123.279014 123.279572 123.280130 123.280688 123.281246 123.281804 123.282361 123.282919 123.283477 123.284035 123.284593 123.285151 123.285709
123.265623 123.266181 123.266739 123.267297 123.267855 123.268413 123.268971 123.269528 123.270086 123.270644 123.271202 123.271760 123.272318 123.272876 123.273434 123.273992 123.274550 123.275108 123.275666 123.276224 123.276782 123.277340 123.277898 123.278456 123.279014 123.279572 123.280130 123.280688 123.281246 123.281804 123.282361 123.282919 123.283477 123.284035 123.284593 123.285151 123.285709 123.286267 123.286825 123.287383 123.287941 123.288499 123.289057 123.289615 123.290173 123.290731 123.291289 123.291667 123.292225 123.292783 123.293341 123.293898 123.294456 123.295014 123.295572 123.296130 123.296688
123.276782 123.277340 123.277898 123.278456 123.279014 123.279572 123.280130 123.280688 123.281246 123.281804 123.282361 123.282919 123.283477 123.284035 123.284593 123.285151 123.285709 123.286267 123.286825 123.287383 123.287941 123.288499 123.289057 123.289615 123.290173 123.290731 123.291289 123.291946 123.292504 123.293062 123.293620 123.294177 123.294735 123.295293 123.295851 123.296409 123.296967 123.297525 123.298083 123.298641 123.299199 123.299757 123.300315 123.300873 123.301431 123.301989 123.302547 123.303105 123.303663 123.304221 123.304779 123.305337 123.305895 123.306453 123.307010 123.307568 123.308126
123.287941 123.288499 123.289057 123.289615 123.290173 123.290731 123.291289 123.291946 123.292504 123.293062 123.293620 123.294177 123.294735 123.295293 123.295851 123.296409 123.296967 123.297525 123.298083 123.298641 123.299199 123.299757 123.300315 123.300873 123.301431 123.301989 123.302547 123.303105 123.303663 123.304221 123.304779 123.305337 123.305895 123.306453 123.307010 123.307568 123.308126 123.308684 123.309242 123.309800 123.310358 123.310916 123.311474 123.312032 123.312590 123.313148 123.313706 123.314264 123.314822 123.315380 123.315938 123.316496 123.317054 123.317612 123.318170 123.318728 123.319286
123.299199 123.299757 123.300315 123.300873 123.301431 123.301989 123.302547 123.303105 123.303663 123.304221 123.304779 123.305337 123.305895 123.306453 123.307010 123.307568 123.308126 123.308684 123.309242 123.309800 123.310358 123.310916 123.311474 123.312032 123.312590 123.313148 123.313706 123.314264 123.314822 123.315380 123.315938 123.316496 123.317054 123.317612 123.318170 123.318728 123.319286 123.319843 123.320401 123.320959 123.321517 123.322075 123.322633 123.323191 123.323749 123.324307 123.324865 123.325423 123.325981 123.326539 123.327097 123.327655 123.328213 123.328771 123.329329 123.329887 123.330445
123.310358 123.310916 123.311474 123.312032 123.312590 123.313148 123.313706 123.314264 123.314822 123.315380 123.315938 123.316496 123.317054 123.317612 123.318170 123.318728 123.319286 123.319843 123.320401 123.320959 123.321517 123.322075 123.322633 123.323191 123.323749 123.324307 123.324865 123.325423 123.325981 123.326539 123.327097 123.327655 123.328213 123.328771 123.329329 123.329887 123.330445 123.331003 123.331561 123.332119 123.332676 123.333234 123.333612 123.334170 123.334728 123.335286 123.335844 123.336402 123.336960 123.337518 123.338076 123.338634 123.339192 123.339750 123.340308 123.340866 123.341424
123.321517 123.322075 123.322633 123.323191 123.323749 123.324307 123.324865 123.325423 123.325981 123.326539 123.327097 123.327655 123.328213 123.328771 123.329329 123.329887 123.330445 123.331003 123.331561 123.332119 123.332676 123.333234 123.333612 123.334170 123.334728 123.335286 123.335844 123.336402 123.336960 123.337518 123.338076 123.338634 123.339192 123.339750 123.340308 123.340866 123.341424 123.341982 123.342540 123.343098 123.343656 123.344213 123.344771 123.345329 123.345887 123.346445 123.347003 123.347561 123.348119 123.348677 123.349235 123.349793 123.350351 123.350909 123.351467 123.352025 123.352583
123.332676 123.333234 123.333612 123.334170 123.334728 123.335286 123.335844 123.336402 123.336960 123.337518 123.338076 123.338634 123.339192 123.339750 123.340308 123.340866 123.341424 123.341982 123.342540 123.343098 123.343656 123.344213 123.344771 123.345329 123.345887 123.346445 123.347003 123.347561 123.348119 123.348677 123.349235 123.349793 123.350351 123.350909 123.351467 123.352025 123.352583 123.353141 123.353699 123.354257 123.354815 123.355373 123.355931 123.356489 123.357046 123.357604 123.358162 123.358720 123.359278 123.359836 123.360394 123.360952 123.361510 123.362068 123.362626 123.363184 123.363742
123.343656 123.344213 123.344771 123.345329 123.345887 123.346445 123.347003 123.347561 123.348119 123.348677 123.349235 123.349793 123.350351 123.350909 123.351467 123.352025 123.352583 123.353141 123.353699 123.354257 123.354815 123.355373 123.355931 123.356489 123.357046 123.357604 123.358162 123.358720 123.359278 123.359836 123.360394 123.360952 123.361510 123.362068 123.362626 123.363184 123.363742 123.364300 123.364858 123.365416 123.365974 123.366532 123.367090 123.367648 123.368206 123.368764 123.369322 123.369879 123.370437 123.370995 123.371553 123.372111 123.372669 123.373227 123.373785 123.374343 123.374901
123.354815 123.355373 123.355931 123.356489 123.357046 123.357604 123.358162 123.358720 123.359278 123.359836 123.360394 123.360952 123.361510 123.362068 123.362626 123.363184 123.363742 123.364300 123.364858 123.365416 123.365974 123.366532 123.367090 123.367648 123.368206 123.368764 123.369322 123.369879 123.370437 123.370995 123.371553 123.372111 123.372669 123.373227 123.373785 123.374343 123.374901 123.375558 123.376116 123.376674 123.377232 123.377790 123.378348 123.378906 123.379464 123.380022 123.380580 123.381138 123.381695 123.382253 123.382811 123.383369 123.383927 123.384485 123.385043 123.385601 123.386159
123.365974 123.366532 123.367090 123.367648 123.368206 123.368764 123.369322 123.369879 123.370437 123.370995 123.371553 123.372111 123.372669 123.373227 123.373785 123.374343 123.374901 123.375558 123.376116 123.376674 123.377232 123.377790 123.378348 123.378906 123.379464 123.380022 123.380580 123.381138 123.381695 123.382253 123.382811 123.383369 123.383927 123.384485 123.385043 123.385601 123.386159 123.386717 123.387275 123.387833 123.388391 123.388949 123.389507 123.390065 123.390623 123.391181 123.391739 123.392297 123.392855 123.393413 123.393971 123.394528 123.395086 123.395644 123.396202 123.396760 123.397318
123.377232 123.377790 123.378348 123.378906 123.379464 123.380022 123.380580 123.381138 123.381695 123.382253 123.382811 123.383369 123.383927 123.384485 123.385043 123.385601 123.386159 123.386717 123.387275 123.387833 123.388391 123.388949 123.389507 123.390065 123.390623 123.391181 123.391739 123.392297 123.392855 123.393413 123.393971 123.394528 123.395086 123.395644 123.396202 123.396760 123.397318 123.397876 123.398434 123.398992 123.399550 123.400108 123.400666 123.401224 123.401782 123.402340 123.402898 123.403456 123.404014 123.404572 123.405130 123.405688 123.406246 123.406804 123.407361 123.407919 123.408477
