FireSTARR/test/constant/C2_S060_A000_WD180_WS020/arrival.asc
ncols         187
nrows         131
xllcorner     408203.990666
yllcorner     12748355.311160
cellsize      100.000000
NODATA_value  0.000000
[rows 81 to 107 of 131, columns 120 to 179 of 187]
123.147975 123.158579 123.169318 123.178154 123.186107 123.189642 123.198479 123.205548 123.217170 123.225123 123.232192 123.239262 123.252651 123.262371 123.275626 123.284463 123.293434 123.306689 123.319944 123.326130 123.335101 123.349239 123.359843 123.372215 123.380302 123.392673 123.410347 0.000000 0.000000 0.000000 0.000000 0.000000 0.000000 0.000000 0.000000 0.000000 0.000000 0.000000 0.000000 0.000000 0.000000 0.000000 0.000000 0.000000 0.000000 0.000000 0.000000 0.000000 0.000000 0.000000 0.000000 0.000000 0.000000 0.000000 0.000000 0.000000 0.000000 0.000000 0.000000 0.000000
123.144441 123.143557 123.155045 123.164765 123.170201 123.178154 123.182573 123.190526 123.197595 123.209217 123.216286 123.226890 123.234843 123.243680 123.256186 123.266790 123.277394 123.291532 123.297852 123.311991 123.320828 123.327897 123.340403 123.351890 123.363378 123.373098 123.396208 123.402394 123.414765 0.000000 0.000000 0.000000 0.000000 0.000000 0.000000 0.000000 0.000000 0.000000 0.000000 0.000000 0.000000 0.000000 0.000000 0.000000 0.000000 0.000000 0.000000 0.000000 0.000000 0.000000 0.000000 0.000000 0.000000 0.000000 0.000000 0.000000 0.000000 0.000000 0.000000 0.000000
123.147092 123.141790 123.140022 123.144441 123.156812 123.162114 123.172852 123.179038 123.185224 123.193177 123.201130 123.208333 123.217170 123.231309 123.233076 123.245447 123.258837 123.268557 123.279161 123.287998 123.303154 123.317293 123.321711 123.335984 123.349239 123.358960 123.366029 123.382069 123.393557 123.405928 123.415649 0.000000 0.000000 0.000000 0.000000 0.000000 0.000000 0.000000 0.000000 0.000000 0.000000 0.000000 0.000000 0.000000 0.000000 0.000000 0.000000 0.000000 0.000000 0.000000 0.000000 0.000000 0.000000 0.000000 0.000000 0.000000 0.000000 0.000000 0.000000 0.000000
123.149743 123.146208 123.140022 123.137371 123.137371 123.146208 123.153277 123.163881 123.171969 123.175503 123.186107 123.191409 123.201130 123.213635 123.224239 123.227774 123.237494 123.249866 123.265022 123.270324 123.286230 123.295201 123.308456 123.314642 123.324362 123.335984 123.350123 123.365145 123.373098 123.384720 123.397092 123.406812 0.000000 0.000000 0.000000 0.000000 0.000000 0.000000 0.000000 0.000000 0.000000 0.000000 0.000000 0.000000 0.000000 0.000000 0.000000 0.000000 0.000000 0.000000 0.000000 0.000000 0.000000 0.000000 0.000000 0.000000 0.000000 0.000000 0.000000 0.000000
123.155045 123.148859 123.144441 123.140022 123.135604 123.133837 123.139139 123.146208 123.155928 123.162998 123.172852 123.179922 123.182573 123.196711 123.204664 123.214519 123.224239 123.234843 123.242796 123.257953 123.262371 123.274743 123.287114 123.300503 123.311107 123.320828 123.327897 123.341286 123.354541 123.365145 123.377651 123.388255 123.397975 123.410347 0.000000 0.000000 0.000000 0.000000 0.000000 0.000000 0.000000 0.000000 0.000000 0.000000 0.000000 0.000000 0.000000 0.000000 0.000000 0.000000 0.000000 0.000000 0.000000 0.000000 0.000000 0.000000 0.000000 0.000000 0.000000 0.000000
123.157696 123.154161 123.147975 123.142673 123.138255 123.132953 123.131186 123.130302 123.138255 123.153277 123.158579 123.167550 123.170201 123.174620 123.190526 123.195828 123.205548 123.217170 123.222472 123.234843 123.248098 123.257069 123.265906 123.278277 123.291532 123.304038 123.309340 123.320828 123.334217 123.345705 123.357192 123.369564 123.385604 123.390906 123.401510 123.416532 0.000000 0.000000 0.000000 0.000000 0.000000 0.000000 0.000000 0.000000 0.000000 0.000000 0.000000 0.000000 0.000000 0.000000 0.000000 0.000000 0.000000 0.000000 0.000000 0.000000 0.000000 0.000000 0.000000 0.000000
123.162998 123.156812 123.151510 123.147975 123.141790 123.138255 123.131186 123.128535 123.126767 123.132953 123.142673 123.148859 123.159463 123.165649 123.169318 123.181689 123.187875 123.204664 123.208199 123.214519 123.226890 123.240145 123.251767 123.264139 123.268557 123.282696 123.296085 123.300503 123.311107 123.323479 123.343937 123.354541 123.360727 123.374866 123.381186 123.393557 123.408579 0.000000 0.000000 0.000000 0.000000 0.000000 0.000000 0.000000 0.000000 0.000000 0.000000 0.000000 0.000000 0.000000 0.000000 0.000000 0.000000 0.000000 0.000000 0.000000 0.000000 0.000000 0.000000 0.000000
123.165649 123.160347 123.156812 123.150626 123.147092 123.140906 123.135604 123.132069 123.125884 123.123982 123.123982 123.133837 123.145324 123.150626 123.159463 123.165649 123.176387 123.179038 123.193177 123.199362 123.207315 123.218937 123.238378 123.243680 123.252651 123.266790 123.280045 123.287114 123.294318 123.303154 123.323479 123.330548 123.343054 123.355425 123.366913 123.373098 123.391790 123.398859 123.413881 0.000000 0.000000 0.000000 0.000000 0.000000 0.000000 0.000000 0.000000 0.000000 0.000000 0.000000 0.000000 0.000000 0.000000 0.000000 0.000000 0.000000 0.000000 0.000000 0.000000 0.000000
123.170201 123.164765 123.160347 123.155928 123.149743 123.145324 123.140906 123.134720 123.131186 123.124866 123.121331 123.120447 123.130302 123.137371 123.146208 123.154161 123.158579 123.168434 123.174620 123.185224 123.191409 123.198479 123.216286 123.225123 123.234843 123.243680 123.255302 123.266790 123.278277 123.288881 123.295201 123.310224 123.321711 123.335101 123.347472 123.358076 123.371331 123.378535 123.391790 123.404161 0.000000 0.000000 0.000000 0.000000 0.000000 0.000000 0.000000 0.000000 0.000000 0.000000 0.000000 0.000000 0.000000 0.000000 0.000000 0.000000 0.000000 0.000000 0.000000 0.000000
123.173736 123.169318 123.164765 123.158579 123.155045 123.148859 123.143557 123.139139 123.133837 123.128535 123.124866 123.119564 123.116913 123.117796 123.128535 123.136488 123.148859 123.152394 123.158579 123.165649 123.177271 123.186107 123.194060 123.209217 123.219821 123.233960 123.236611 123.248982 123.262371 123.270324 123.280928 123.291532 123.302271 123.316409 123.329664 123.338635 123.349239 123.359843 123.370447 123.382953 123.400626 123.412114 0.000000 0.000000 0.000000 0.000000 0.000000 0.000000 0.000000 0.000000 0.000000 0.000000 0.000000 0.000000 0.000000 0.000000 0.000000 0.000000 0.000000 0.000000
123.178154 123.172852 123.168434 123.163881 123.157696 123.154161 123.148859 123.142673 123.137371 123.133837 123.127651 123.123982 123.117796 123.115145 123.114262 123.123098 123.126767 123.140906 123.147975 123.155045 123.162998 123.170201 123.183456 123.190526 123.199362 123.210984 123.222472 123.233076 123.243680 123.253535 123.261488 123.272975 123.283579 123.298736 123.307573 123.319944 123.335984 123.345705 123.351007 123.366029 123.379418 123.390022 123.403277 123.414765 0.000000 0.000000 0.000000 0.000000 0.000000 0.000000 0.000000 0.000000 0.000000 0.000000 0.000000 0.000000 0.000000 0.000000 0.000000 0.000000
123.181689 123.176387 123.172852 123.166532 123.162998 123.157696 123.151510 123.147975 123.142673 123.136488 123.132953 123.126767 123.123098 123.117796 123.112494 123.110727 123.113378 123.122215 123.132069 123.139139 123.147975 123.151510 123.160347 123.174620 123.179922 123.192293 123.202897 123.212752 123.226890 123.233960 123.244564 123.252651 123.266790 123.275626 123.289765 123.302271 123.311107 123.322595 123.336868 123.343054 123.355425 123.369564 123.382953 123.394441 123.412114 0.000000 0.000000 0.000000 0.000000 0.000000 0.000000 0.000000 0.000000 0.000000 0.000000 0.000000 0.000000 0.000000 0.000000 0.000000
123.186991 123.181689 123.176387 123.171969 123.165649 123.161230 123.156812 123.150626 123.146208 123.141790 123.136488 123.132069 123.126767 123.120447 123.115145 123.110727 123.108076 123.107192 123.115145 123.121331 123.135604 123.141790 123.148859 123.156812 123.166532 123.176387 123.187875 123.194060 123.212752 123.218937 123.225123 123.235727 123.243680 123.259720 123.267673 123.280928 123.293434 123.307573 123.315526 123.330548 123.338635 123.348356 123.365145 123.373982 123.384720 123.400626 0.000000 0.000000 0.000000 0.000000 0.000000 0.000000 0.000000 0.000000 0.000000 0.000000 0.000000 0.000000 0.000000 0.000000
123.190526 123.186107 123.180805 123.174620 123.169318 123.164765 123.159463 123.155928 123.149743 123.144441 123.140906 123.135604 123.129418 123.125000 123.120447 123.114262 123.111611 123.106309 123.103658 123.107192 123.113378 123.125000 123.132953 123.144441 123.145324 123.156812 123.172852 123.178154 123.185224 123.197595 123.210984 123.218054 123.228658 123.241029 123.250884 123.261488 123.272092 123.285347 123.297852 123.315526 123.324362 123.333333 123.340403 123.356309 123.366029 123.383837 123.394441 0.000000 0.000000 0.000000 0.000000 0.000000 0.000000 0.000000 0.000000 0.000000 0.000000 0.000000 0.000000 0.000000
123.194060 123.189642 123.183456 123.179922 123.173736 123.169318 123.164765 123.158579 123.154161 123.149743 123.143557 123.139139 123.134720 123.129418 123.124866 123.119564 123.114262 123.108076 123.103658 123.101007 123.101007 123.108960 123.116029 123.123982 123.134720 123.140906 123.149743 123.163881 123.168434 123.178154 123.194944 123.202013 123.212752 123.218937 123.232192 123.246331 123.252651 123.265022 123.276510 123.287998 123.306689 123.314642 123.325246 123.338635 123.348356 123.362494 123.372215 123.390906 123.404161 0.000000 0.000000 0.000000 0.000000 0.000000 0.000000 0.000000 0.000000 0.000000 0.000000 0.000000
123.199362 123.193177 123.188758 123.183456 123.179038 123.173736 123.168434 123.162998 123.157696 123.153277 123.148859 123.142673 123.138255 123.133837 123.127651 123.123982 123.118680 123.113378 123.108076 123.102774 123.099239 123.097472 123.102774 123.108960 123.116913 123.133837 123.137371 123.147092 123.155928 123.163881 123.175503 123.186107 123.199362 123.202897 123.210101 123.226890 123.237494 123.243680 123.255302 123.273859 123.286230 123.298736 123.307573 123.316409 123.330548 123.340403 123.354541 123.369564 123.389139 123.395324 123.413881 0.000000 0.000000 0.000000 0.000000 0.000000 0.000000 0.000000 0.000000 0.000000
123.201130 123.196711 123.192293 123.186991 123.182573 123.177271 123.172852 123.166532 123.161230 123.157696 123.151510 123.147975 123.142673 123.136488 123.132953 123.126767 123.122215 123.117796 123.112494 123.108076 123.101890 123.096588 123.094821 123.093937 123.101890 123.108076 123.120447 123.134720 123.135604 123.147092 123.158579 123.161230 123.177271 123.186991 123.194060 123.202897 123.218937 123.228658 123.234843 123.246331 123.262371 123.275626 123.287998 123.298736 123.306689 123.320828 123.333199 123.343937 123.363378 123.381186 123.394441 123.404161 0.000000 0.000000 0.000000 0.000000 0.000000 0.000000 0.000000 0.000000
123.218937 123.202897 123.195828 123.191409 123.186107 123.180805 123.176387 123.171085 123.165649 123.161230 123.156812 123.150626 123.145324 123.141790 123.135604 123.131186 123.125000 123.120447 123.116029 123.111611 123.105425 123.101007 123.095705 123.092170 123.091286 123.098356 123.100123 123.116913 123.125884 123.131186 123.141790 123.151510 123.156812 123.167550 123.179038 123.188758 123.200246 123.210101 123.221588 123.226007 123.245447 123.254418 123.266790 123.283579 123.289765 123.304922 123.313758 123.325246 123.343937 123.356309 123.372215 123.383837 0.000000 0.000000 0.000000 0.000000 0.000000 0.000000 0.000000 0.000000
123.248098 123.232192 123.216286 123.199362 123.189642 123.184340 123.179922 123.175503 123.169318 123.165649 123.159463 123.154161 123.150626 123.144441 123.140906 123.135604 123.129418 123.125000 123.119564 123.116029 123.110727 123.105425 123.101007 123.094821 123.090403 123.087752 123.087752 123.095705 123.108960 123.116913 123.127651 123.128535 123.141790 123.153277 123.158579 123.170201 123.182573 123.191409 123.201130 123.211868 123.223356 123.234843 123.254418 123.265906 123.273859 123.281812 123.292550 123.304922 123.318177 123.340403 123.350123 123.366029 123.379418 0.000000 0.000000 0.000000 0.000000 0.000000 0.000000 0.000000
123.276510 123.260604 123.243680 123.226890 123.210984 123.195828 123.183456 123.179038 123.174620 123.169318 123.164765 123.159463 123.154161 123.149743 123.143557 123.139139 123.134720 123.129418 123.124866 123.118680 123.113378 123.109843 123.104541 123.098356 123.093937 123.088635 123.085101 123.084217 123.092170 123.099239 123.112494 123.118680 123.123982 123.132953 123.145324 123.155045 123.162998 123.176387 123.181689 123.191409 123.203781 123.214519 123.226007 123.240145 123.253535 123.265022 123.273859 123.284463 123.303154 123.316409 123.329664 123.348356 123.355425 123.397092 0.000000 0.000000 0.000000 0.000000 0.000000 0.000000
123.304038 123.288881 123.272092 123.256186 123.239262 123.223356 123.206432 123.190526 123.177271 123.173736 123.167550 123.162998 123.158579 123.153277 123.148859 123.142673 123.137371 123.132953 123.127651 123.123982 123.118680 123.112494 123.108960 123.103658 123.098356 123.093937 123.087752 123.083199 123.081432 123.081432 123.090403 123.105425 123.110727 123.117796 123.128535 123.142673 123.143557 123.158579 123.170201 123.177271 123.188758 123.198479 123.205548 123.222472 123.238378 123.244564 123.257953 123.269441 123.282696 123.291532 123.308456 123.323479 123.336868 123.354541 123.413881 0.000000 0.000000 0.000000 0.000000 0.000000
123.333199 123.317293 123.300503 123.284463 123.267673 123.251767 123.234843 123.218937 123.202897 123.186991 123.171969 123.166532 123.161230 123.157696 123.151510 123.147092 123.142673 123.136488 123.131186 123.125884 123.121331 123.117796 123.111611 123.106309 123.102774 123.097472 123.091286 123.087752 123.080548 123.078781 123.077897 123.088635 123.096588 123.102774 123.110727 123.116913 123.129418 123.139139 123.150626 123.161230 123.171969 123.177271 123.189642 123.198479 123.214519 123.226007 123.240145 123.248098 123.259720 123.271208 123.284463 123.302271 123.319060 123.329664 123.371331 0.000000 0.000000 0.000000 0.000000 0.000000
123.362494 123.346588 123.330548 123.313758 123.297852 123.280928 123.265022 123.249866 123.233076 123.217170 123.201130 123.184340 123.168434 123.160347 123.155928 123.151510 123.145324 123.140906 123.135604 123.131186 123.126767 123.120447 123.116913 123.111611 123.105425 123.101890 123.096588 123.091286 123.085984 123.081432 123.076130 123.074362 123.075246 123.088635 123.093054 123.101890 123.111611 123.121331 123.132069 123.142673 123.156812 123.166532 123.170201 123.180805 123.198479 123.206432 123.216286 123.230425 123.239262 123.250884 123.268557 123.280928 123.294318 123.307573 123.328781 123.387371 0.000000 0.000000 0.000000 0.000000
123.391790 123.374866 123.358960 123.342170 123.326130 123.309340 123.293434 123.278277 123.261488 123.245447 123.228658 123.212752 123.196711 123.179922 123.163881 123.154161 123.151510 123.144441 123.140022 123.135604 123.129418 123.125884 123.119564 123.115145 123.110727 123.104541 123.100123 123.095705 123.090403 123.085101 123.080548 123.074362 123.071711 123.070828 123.079664 123.085984 123.094821 123.105425 123.118680 123.125884 123.134720 123.150626 123.157696 123.166667 123.178154 123.185224 123.196711 123.217170 123.221588 123.229541 123.249866 123.257069 123.277394 123.291667 123.301387 123.344821 123.403277 0.000000 0.000000 0.000000
123.412998 123.403277 123.387371 123.370447 123.354541 123.337752 123.321711 123.305805 123.289765 123.273859 123.257953 123.241029 123.224239 123.208199 123.192293 123.175503 123.159463 123.147975 123.145324 123.138255 123.133837 123.129418 123.123098 123.119564 123.113378 123.109843 123.104541 123.097472 123.093937 123.089519 123.084217 123.078781 123.074362 123.069944 123.068177 123.070828 123.077013 123.086868 123.097472 123.106309 123.122215 123.129418 123.139139 123.147975 123.162998 123.166532 123.176387 123.194944 123.202013 123.212752 123.227774 123.238378 123.254418 123.267673 123.281812 123.302271 123.361611 0.000000 0.000000 0.000000
0.000000 0.000000 123.409463 123.397092 123.383837 123.367796 123.351890 123.335101 123.318177 123.302271 123.286230 123.270324 123.254418 123.238378 123.221588 123.204664 123.188758 123.172852 123.156812 123.141790 123.137371 123.132953 123.127651 123.122215 123.118680 123.112494 123.107192 123.103658 123.098356 123.093937 123.088635 123.083199 123.077897 123.073479 123.067293 123.065526 123.064642 123.072595 123.082315 123.095705 123.099239 123.114262 123.119564 123.134720 123.145324 123.153277 123.159463 123.174620 123.185224 123.194944 123.205548 123.217170 123.228658 123.246331 123.262371 123.273859 123.319060 123.378535 0.000000 0.000000
0.000000 0.000000 0.000000 0.000000 123.403277 123.391790 123.379418 123.363378 123.346588 123.329664 123.313758 123.297852 123.281812 123.265906 123.249866 123.233960 123.217170 123.201130 123.184340 123.168434 123.152394 123.136488 123.132069 123.126767 123.121331 123.117796 123.112494 123.106309 123.102774 123.097472 123.091286 123.086868 123.082315 123.077897 123.072595 123.067293 123.062875 123.061107 123.063758 123.076130 123.084217 123.096588 123.105425 123.110727 123.125000 123.134720 123.147975 123.152394 123.165649 123.176387 123.190526 123.197595 123.209217 123.227774 123.238378 123.255302 123.277394 123.335984 123.396208 0.000000
