FireSTARR/test/constant/O1a_S060_A180_WD225_WS020/arrival.asc
ncols         742
nrows         96
xllcorner     426603.990666
yllcorner     12747555.311160
cellsize      100.000000
NODATA_value  0.000000
[rows 54 to 80 of 96, columns 180 to 239 of 742]
123.245440 123.243208 123.242929 123.241813 123.239860 123.237070 123.235117 123.233443 123.231769 123.230095 123.229258 123.227863 123.225352 123.223957 123.221446 123.219772 123.218656 123.214192 123.213634 123.211681 123.209170 123.207679 123.205726 123.202936 123.201262 123.199588 123.197635 123.197356 123.195124 123.193450 123.190102 123.190102 123.189265 123.187870 123.186196 123.183964 123.182290 123.180616 123.180337 123.178942 123.177547 123.176152 123.175036 123.174757 123.173921 123.171968 123.169736 123.168341 123.167783 123.166012 123.164059 123.164059 123.162943 123.162106 123.160432 123.160153 123.158479 123.158200 123.157084 123.155410
123.225910 123.224236 123.223957 123.221725 123.220330 123.218377 123.215866 123.214750 123.210844 123.210565 123.207958 123.206005 123.204331 123.202099 123.199030 123.196798 123.195124 123.193171 123.191776 123.190102 123.189823 123.188149 123.185917 123.183964 123.182569 123.182011 123.179221 123.177268 123.176710 123.175036 123.174479 123.172247 123.171131 123.170852 123.169457 123.168620 123.168062 123.165733 123.164059 123.162943 123.162385 123.161548 123.158479 123.158200 123.157363 123.155689 123.154852 123.153457 123.152899 123.151783 123.150388 123.150109 123.148436 123.147599 123.146483 123.145925 123.145646 123.144809 123.143414 123.142577
123.206563 123.204610 123.203773 123.200704 123.198472 123.195961 123.195682 123.192892 123.189265 123.187312 123.185917 123.184243 123.183964 123.181732 123.178663 123.178105 123.176431 123.175315 123.173363 123.172805 123.171131 123.169178 123.168899 123.166012 123.165175 123.164338 123.163501 123.163501 123.162106 123.160153 123.157642 123.157084 123.157084 123.154852 123.152899 123.152620 123.151783 123.150109 123.148436 123.147878 123.146762 123.145088 123.145088 123.143972 123.142577 123.141461 123.140624 123.140624 123.139508 123.139229 123.137555 123.136718 123.136718 123.135602 123.135044 123.134486 123.133649 123.133370 123.133649 123.134207
123.184801 123.182848 123.181453 123.178942 123.178105 123.176152 123.174757 123.172526 123.170852 123.170573 123.167783 123.166012 123.165175 123.163501 123.162106 123.160432 123.159595 123.158479 123.158479 123.157642 123.156247 123.153736 123.152062 123.151783 123.150388 123.150109 123.148157 123.146762 123.144809 123.143693 123.142856 123.142019 123.140345 123.140066 123.138950 123.137276 123.136718 123.136160 123.135323 123.134486 123.134207 123.132533 123.131975 123.131696 123.130580 123.130580 123.129464 123.128627 123.128348 123.128627 123.129185 123.129743 123.130301 123.130859 123.131417 123.131975 123.132533 123.133091 123.134765 123.136997
123.165175 123.163222 123.161827 123.160153 123.158479 123.158200 123.157363 123.155968 123.154015 123.152899 123.152341 123.150946 123.149272 123.147041 123.146483 123.146204 123.144809 123.143972 123.142019 123.139787 123.139508 123.138113 123.136997 123.136160 123.135323 123.133928 123.132254 123.132254 123.131138 123.130301 123.129464 123.129185 123.127511 123.127511 123.126395 123.125558 123.125000 123.124345 123.123509 123.123230 123.123509 123.124066 123.124624 123.125279 123.125837 123.126395 123.126953 123.127511 123.128069 123.129743 123.131696 123.133370 123.134765 123.136997 123.138671 123.140066 123.141740 123.143972 123.145646 123.147041
123.148157 123.147599 123.147041 123.145088 123.142019 123.141740 123.141182 123.139787 123.139508 123.138113 123.137276 123.134207 123.132812 123.132254 123.131696 123.130580 123.128906 123.127232 123.127232 123.125837 123.125000 123.124345 123.124066 123.122672 123.122393 123.121277 123.120440 123.120440 123.119324 123.118487 123.118208 123.118487 123.119045 123.119603 123.120161 123.120719 123.121277 123.121835 123.122393 123.122951 123.124345 123.126674 123.128069 123.129743 123.131975 123.133370 123.135044 123.136997 123.138950 123.140345 123.141740 123.143972 123.145646 123.147320 123.148994 123.151225 123.152620 123.154015 123.155968 123.157921
123.133649 123.132533 123.130859 123.128348 123.128069 123.126395 123.126116 123.124345 123.124066 123.121835 123.121556 123.120161 123.119324 123.118766 123.117371 123.117371 123.116255 123.115418 123.115418 123.114302 123.113744 123.113186 123.113465 123.114023 123.114581 123.115139 123.115697 123.116255 123.116813 123.117371 123.117929 123.119324 123.121556 123.123230 123.124624 123.126674 123.128348 123.129743 123.131975 123.133649 123.135044 123.136718 123.138950 123.140624 123.142019 123.143972 123.145925 123.147320 123.148994 123.150946 123.152899 123.154294 123.155968 123.158200 123.159874 123.161269 123.162943 123.165175 123.166570 123.168620
123.117650 123.115976 123.115697 123.114581 123.113744 123.112349 123.112349 123.111233 123.110675 123.110117 123.109280 123.109001 123.108164 123.108443 123.109001 123.109559 123.110117 123.110675 123.111233 123.111791 123.112349 123.112907 123.114302 123.116534 123.118208 123.119603 123.121556 123.123509 123.125000 123.126953 123.128627 123.130022 123.131975 123.133928 123.135602 123.136997 123.138950 123.140903 123.142298 123.143972 123.146204 123.147878 123.149272 123.150946 123.153178 123.154852 123.156247 123.158200 123.160153 123.161548 123.163222 123.165175 123.166667 123.168620 123.170294 123.172247 123.174200 123.175594 123.177268 123.179500
123.105095 123.104258 123.103979 123.103142 123.103421 123.103979 123.104537 123.105095 123.105653 123.106211 123.106769 123.107327 123.107885 123.109280 123.111233 123.112628 123.114302 123.116534 123.118208 123.119603 123.121277 123.123509 123.125000 123.126953 123.128627 123.130580 123.131975 123.133928 123.135881 123.137555 123.138950 123.141182 123.142856 123.144251 123.145925 123.148157 123.149830 123.151225 123.153178 123.155131 123.156526 123.158200 123.160153 123.162106 123.163501 123.165175 123.167225 123.168620 123.170573 123.172526 123.173921 123.175594 123.177826 123.179500 123.180895 123.182569 123.184801 123.186196 123.187870 123.189823
123.101189 123.101747 123.102305 123.102863 123.104537 123.105932 123.107606 123.109280 123.111512 123.112907 123.114581 123.116534 123.118487 123.119882 123.121277 123.123509 123.125000 123.126953 123.128906 123.130580 123.131975 123.133928 123.135881 123.137555 123.138950 123.141182 123.142856 123.144251 123.145925 123.148157 123.149830 123.151225 123.153178 123.155410 123.156805 123.158200 123.160153 123.162106 123.163780 123.165175 123.167225 123.169457 123.170852 123.172526 123.174479 123.176431 123.177826 123.179221 123.181732 123.183127 123.184801 123.186475 123.188707 123.190102 123.191497 123.193450 123.195403 123.197077 123.198472 123.200704
123.107606 123.109280 123.111512 123.113186 123.114581 123.116255 123.118487 123.120161 123.121556 123.123509 123.125000 123.126674 123.128906 123.130580 123.131975 123.133928 123.135881 123.137555 123.138950 123.140903 123.142856 123.144251 123.145925 123.148157 123.149830 123.151225 123.152899 123.155131 123.156526 123.158200 123.160153 123.162106 123.163501 123.164896 123.167225 123.169178 123.171410 123.173084 123.174479 123.176710 123.178384 123.179779 123.181453 123.183685 123.185359 123.186754 123.188707 123.190660 123.192055 123.193729 123.195682 123.197635 123.199030 123.200704 123.202936 123.204610 123.206005 123.207679 123.210007 123.211402
123.118487 123.120161 123.121835 123.123509 123.125279 123.126953 123.128906 123.130859 123.132254 123.133649 123.136160 123.137555 123.139229 123.140903 123.143135 123.144530 123.145925 123.148157 123.149830 123.151504 123.152899 123.155131 123.156805 123.158200 123.160153 123.162106 123.163780 123.165175 123.167225 123.169178 123.170573 123.172805 123.174479 123.176152 123.177547 123.179779 123.181453 123.183127 123.184801 123.187033 123.188428 123.189823 123.191776 123.193729 123.195403 123.196798 123.199030 123.200704 123.202099 123.203773 123.206005 123.207679 123.209449 123.211123 123.212797 123.214192 123.216424 123.218098 123.219493 123.221167
123.128906 123.131138 123.132812 123.134765 123.136160 123.138113 123.140066 123.141740 123.143135 123.145367 123.147041 123.148436 123.150109 123.152341 123.154015 123.155410 123.157363 123.159316 123.160711 123.162385 123.164338 123.166291 123.167783 123.170015 123.171410 123.173084 123.174757 123.176989 123.178384 123.179779 123.182011 123.183685 123.185359 123.186754 123.189265 123.190660 123.192334 123.194008 123.196240 123.197635 123.199030 123.200983 123.202936 123.204610 123.206005 123.208237 123.210007 123.211402 123.213076 123.215308 123.216703 123.218377 123.220330 123.222283 123.223678 123.225073 123.227305 123.228979 123.230653 123.232327
123.139787 123.141740 123.143414 123.144809 123.146762 123.148715 123.150109 123.151783 123.154015 123.155689 123.157084 123.158758 123.160990 123.162385 123.164059 123.166012 123.167783 123.169457 123.170852 123.173084 123.174757 123.176431 123.177826 123.180337 123.181732 123.183127 123.185080 123.187033 123.188707 123.190102 123.192334 123.194008 123.195403 123.197077 123.199309 123.200983 123.202378 123.204331 123.206563 123.207958 123.209728 123.211681 123.213076 123.214471 123.216982 123.218377 123.220051 123.221725 123.223957 123.225352 123.226747 123.228979 123.230653 123.232327 123.233722 123.235954 123.237628 123.239302 123.240976 123.243208
123.151504 123.153178 123.155131 123.157084 123.158479 123.160153 123.162385 123.163780 123.165454 123.167225 123.169457 123.170852 123.172526 123.174200 123.176431 123.177826 123.179500 123.181453 123.183406 123.184801 123.186196 123.188707 123.190102 123.191776 123.193450 123.195682 123.197077 123.198472 123.200425 123.202378 123.204052 123.205447 123.207679 123.209170 123.210565 123.212518 123.214471 123.215866 123.217540 123.219772 123.221446 123.222841 123.224515 123.226747 123.228421 123.229816 123.231769 123.233722 123.235117 123.236791 123.238744 123.240697 123.242092 123.243766 123.245998 123.247393 123.249066 123.251116 123.252511 123.254185
123.160711 123.162385 123.164338 123.166291 123.167783 123.169457 123.171410 123.173363 123.174757 123.176431 123.178384 123.180337 123.181732 123.183406 123.185638 123.187033 123.188707 123.190381 123.192613 123.194008 123.195403 123.197635 123.199309 123.200983 123.202378 123.204610 123.206284 123.207679 123.210007 123.211402 123.212797 123.215029 123.216703 123.218377 123.220051 123.222283 123.223678 123.225910 123.227305 123.229258 123.231211 123.232606 123.234280 123.236512 123.238186 123.239581 123.241255 123.243487 123.244882 123.246556 123.248509 123.250000 123.251674 123.253906 123.255580 123.256975 123.258928 123.260881 123.262276 123.263950
123.171131 123.173642 123.175036 123.176431 123.178384 123.180337 123.182011 123.183406 123.185638 123.187312 123.188707 123.190381 123.192613 123.194287 123.195682 123.197356 123.199588 123.200983 123.202657 123.204610 123.206563 123.207958 123.210007 123.211681 123.213076 123.215029 123.216982 123.218377 123.220051 123.222004 123.223957 123.225352 123.227026 123.229258 123.230932 123.232327 123.234001 123.236233 123.237628 123.239302 123.241255 123.243208 123.244603 123.245998 123.248509 123.249903 123.251674 123.253627 123.255022 123.256696 123.258649 123.260602 123.261997 123.263671 123.265903 123.267298 123.268972 123.270646 123.272878 123.274272
123.181732 123.183127 123.185359 123.187033 123.188707 123.190381 123.192613 123.194008 123.195403 123.197356 123.199309 123.200983 123.202378 123.204610 123.206284 123.207679 123.210007 123.211402 123.212797 123.215029 123.216703 123.218377 123.219772 123.222004 123.223678 123.225073 123.227026 123.228979 123.230653 123.232606 123.234280 123.236233 123.238186 123.239581 123.241255 123.243487 123.244882 123.246835 123.248509 123.250558 123.252511 123.254743 123.256138 123.257812 123.260044 123.261718 123.263113 123.264787 123.267019 123.268693 123.270088 123.272041 123.273994 123.275388 123.277062 123.279015 123.280968 123.282363 123.284037 123.286269
123.192334 123.194845 123.196240 123.197914 123.199588 123.201820 123.203215 123.204610 123.206842 123.208333 123.210565 123.211960 123.213913 123.215866 123.217261 123.218935 123.220888 123.222841 123.224236 123.225910 123.228142 123.229816 123.231211 123.232885 123.235117 123.236512 123.238186 123.240139 123.242092 123.243487 123.244882 123.247114 123.248787 123.250279 123.252790 123.254185 123.255580 123.257533 123.259486 123.261160 123.262555 123.264787 123.266461 123.268414 123.269809 123.271762 123.273715 123.275388 123.276783 123.279015 123.280689 123.282084 123.283758 123.285990 123.287664 123.289059 123.291012 123.293062 123.294457 123.295852
123.204052 123.205726 123.207121 123.208891 123.211123 123.212518 123.214192 123.216145 123.218098 123.219493 123.220888 123.223120 123.224794 123.226468 123.228142 123.230374 123.231769 123.233164 123.235117 123.237070 123.238744 123.240139 123.242371 123.244045 123.245719 123.247114 123.249345 123.251116 123.252511 123.254185 123.256417 123.257812 123.259486 123.261439 123.263392 123.264787 123.266182 123.268414 123.270088 123.271762 123.273436 123.275667 123.277062 123.278457 123.280410 123.282363 123.284037 123.285432 123.287664 123.289338 123.291012 123.293062 123.294457 123.295852 123.298084 123.299757 123.301431 123.302826 123.305058 123.306732
123.213913 123.215866 123.217819 123.219493 123.220888 123.223120 123.224794 123.226747 123.228142 123.230095 123.232048 123.233443 123.235117 123.237349 123.239023 123.240418 123.242092 123.244324 123.245719 123.247393 123.249345 123.251395 123.252790 123.254185 123.256417 123.258091 123.259765 123.261160 123.263671 123.265066 123.266461 123.268414 123.270367 123.272041 123.273436 123.275667 123.277341 123.278736 123.280410 123.282642 123.284316 123.285711 123.287664 123.289617 123.291291 123.293062 123.294736 123.296131 123.297805 123.300036 123.301710 123.303105 123.305058 123.307011 123.308406 123.310080 123.312312 123.313986 123.315381 123.317055
123.225073 123.226747 123.228421 123.230653 123.232048 123.233443 123.235675 123.237349 123.239023 123.240418 123.242650 123.244324 123.245998 123.247672 123.249903 123.251395 123.253348 123.254743 123.256975 123.258649 123.260323 123.261997 123.264229 123.265624 123.267856 123.269251 123.271204 123.273157 123.274551 123.276225 123.278457 123.280131 123.281526 123.283200 123.285432 123.286827 123.288501 123.290454 123.291946 123.293620 123.295852 123.297526 123.298921 123.300873 123.302826 123.304221 123.305895 123.307848 123.309801 123.311196 123.312870 123.315102 123.316776 123.318171 123.319845 123.322077 123.323472 123.325146 123.327099 123.329052
123.235954 123.237349 123.238744 123.240976 123.242650 123.244324 123.245998 123.248230 123.249624 123.251395 123.253348 123.254743 123.256417 123.258649 123.260044 123.261997 123.263671 123.265624 123.267577 123.268972 123.270646 123.272878 123.274272 123.275946 123.277620 123.279852 123.281247 123.282642 123.284874 123.286548 123.288222 123.289617 123.291667 123.293620 123.295015 123.296968 123.298921 123.300315 123.301989 123.303942 123.305895 123.307290 123.308964 123.311196 123.312870 123.314265 123.315939 123.318171 123.319566 123.321240 123.323193 123.325146 123.326541 123.327936 123.330168 123.331842 123.333333 123.335565 123.336960 123.338634
123.246277 123.247951 123.250000 123.251674 123.253348 123.255301 123.257254 123.258649 123.260044 123.262276 123.263950 123.265624 123.267298 123.269530 123.270925 123.273157 123.274551 123.276504 123.278457 123.279852 123.281526 123.283758 123.285432 123.287385 123.288780 123.290733 123.292225 123.294178 123.296131 123.297805 123.299200 123.301152 123.303105 123.304779 123.306174 123.308406 123.310080 123.312033 123.313428 123.315381 123.317613 123.319008 123.320682 123.322635 123.324588 123.325983 123.327378 123.329889 123.331284 123.332958 123.335007 123.336402 123.337797 123.340029 123.341703 123.343377 123.345051 123.347283 123.348678 123.350352
123.257533 123.259765 123.261439 123.262834 123.264508 123.266740 123.268414 123.269809 123.271762 123.272878 123.274272 123.275946 123.278178 123.279852 123.281247 123.282921 123.285153 123.286548 123.288222 123.290175 123.291667 123.293341 123.295573 123.297247 123.298642 123.300594 123.302547 123.303942 123.305616 123.307569 123.309522 123.310917 123.312591 123.314823 123.316218 123.317892 123.319566 123.321798 123.323193 123.324588 123.326820 123.328494 123.330447 123.331842 123.333891 123.335844 123.337797 123.339192 123.341145 123.343098 123.344493 123.346167 123.348120 123.350073 123.351468 123.353142 123.355374 123.356769 123.358722 123.360396
123.267019 123.268693 123.270925 123.272320 123.273994 123.275667 123.277899 123.279294 123.280689 123.282921 123.284874 123.286269 123.287664 123.290175 123.291570 123.293341 123.295294 123.296689 123.298084 123.300315 123.301989 123.303663 123.305337 123.307569 123.308964 123.310638 123.312312 123.314544 123.315939 123.317334 123.319566 123.321240 123.322914 123.324309 123.326541 123.328215 123.329610 123.331563 123.333333 123.334728 123.336960 123.338634 123.340308 123.341982 123.344214 123.345609 123.347004 123.348957 123.350910 123.352584 123.353979 123.356211 123.357885 123.359280 123.360954 123.363186 123.364860 123.366255 123.368208 123.370161
123.277341 123.279015 123.280410 123.282921 123.284316 123.285711 123.287664 123.289617 123.291291 123.293341 123.294736 123.296410 123.298084 123.300315 123.301710 123.303105 123.305058 123.307011 123.308685 123.310080 123.312312 123.313986 123.315660 123.317055 123.319566 123.320961 123.322356 123.324309 123.326262 123.327936 123.329331 123.331563 123.333237 123.334728 123.336681 123.338355 123.339750 123.341703 123.343656 123.345330 123.346725 123.348957 123.350631 123.352026 123.353700 123.355932 123.357606 123.359001 123.360954 123.362907 123.364302 123.365976 123.368208 123.369882 123.371277 123.372951 123.375000 123.376674 123.378069 123.380022
