FireSTARR/test/constant/O1a_S060_A180_WD225_WS020/arrival.asc
ncols         742
nrows         96
xllcorner     426603.990666
yllcorner     12747555.311160
cellsize      100.000000
NODATA_value  0.000000
[rows 27 to 53 of 96, columns 420 to 479 of 742]
123.358722 123.356769 123.355374 123.353421 123.351468 123.349236 123.348399 123.347283 123.345609 123.344214 123.343377 123.343098 123.341145 123.340029 123.338076 123.337797 123.335844 123.335007 123.334449 123.332679 123.332121 123.330447 123.328494 123.327657 123.326820 123.325983 123.324588 123.322914 123.322635 123.321798 123.320961 123.319008 123.317892 123.317334 123.315660 123.315102 123.313707 123.312033 123.310638 123.309801 123.309243 123.308406 123.306732 123.305337 123.305058 123.304221 123.302826 123.302547 123.300873 123.300036 123.299479 123.298363 123.297805 123.296131 123.296131 123.295015 123.293341 123.292783 123.292504 123.291291
123.340587 123.338634 123.337797 123.337239 123.335007 123.334170 123.332400 123.330726 123.330447 123.329331 123.327378 123.327099 123.325704 123.324309 123.322914 123.322635 123.320682 123.319566 123.319287 123.317334 123.317055 123.315939 123.315660 123.314265 123.312033 123.311754 123.310080 123.308406 123.308127 123.305895 123.304779 123.304221 123.303384 123.301710 123.300594 123.300036 123.299200 123.297805 123.297805 123.296131 123.295573 123.294178 123.294178 123.292783 123.292225 123.290733 123.289896 123.288222 123.287943 123.287106 123.285990 123.285990 123.284874 123.284316 123.283200 123.283200 123.282642 123.281247 123.280689 123.279852
123.324309 123.323472 123.322077 123.320961 123.319566 123.317892 123.317613 123.315660 123.314823 123.313986 123.313428 123.311475 123.311475 123.310080 123.309801 123.308127 123.306453 123.305895 123.304221 123.302826 123.302268 123.300036 123.299200 123.298363 123.297805 123.296131 123.295015 123.294178 123.292783 123.292504 123.292225 123.290733 123.289338 123.288222 123.287943 123.287106 123.285432 123.284874 123.283200 123.282921 123.282084 123.281247 123.280689 123.279852 123.279573 123.278736 123.277899 123.277341 123.277341 123.275667 123.274830 123.273994 123.273715 123.272599 123.272320 123.271483 123.270646 123.270367 123.269530 123.269251
123.308964 123.308406 123.306453 123.306453 123.305337 123.304779 123.303384 123.301431 123.300873 123.300315 123.298642 123.297247 123.296689 123.294736 123.293341 123.292225 123.291291 123.289617 123.289338 123.288780 123.287106 123.287106 123.285432 123.284316 123.284037 123.282921 123.281805 123.280410 123.279852 123.278457 123.277899 123.277062 123.276783 123.275667 123.274830 123.274551 123.273715 123.272878 123.272320 123.272041 123.270646 123.269530 123.269251 123.268414 123.267577 123.267577 123.266461 123.265624 123.265345 123.264508 123.264229 123.264787 123.265345 123.265903 123.266461 123.267019 123.267577 123.268135 123.268693 123.269809
123.295294 123.294457 123.292225 123.291570 123.290175 123.288501 123.287106 123.286827 123.285432 123.284874 123.283479 123.283200 123.281526 123.280410 123.279573 123.279015 123.278178 123.277062 123.275388 123.275109 123.274272 123.273157 123.271762 123.271204 123.270646 123.269809 123.269530 123.268693 123.267856 123.267298 123.267019 123.265345 123.264508 123.264508 123.263392 123.262555 123.262276 123.261439 123.260881 123.260323 123.259486 123.259207 123.259765 123.260323 123.260881 123.261439 123.261997 123.262555 123.263113 123.263671 123.264787 123.266461 123.267856 123.269530 123.271762 123.273436 123.274830 123.276783 123.278736 123.280410
123.279852 123.278457 123.278178 123.276783 123.275946 123.275667 123.273715 123.273157 123.272320 123.270646 123.270088 123.268972 123.268135 123.267019 123.266461 123.265624 123.265066 123.264229 123.263392 123.262834 123.261997 123.261718 123.260323 123.259486 123.259486 123.258370 123.257812 123.257254 123.256417 123.256138 123.255301 123.254464 123.254185 123.254743 123.255301 123.255859 123.256417 123.256975 123.257533 123.258091 123.258649 123.259765 123.261160 123.262834 123.264787 123.266740 123.268135 123.269530 123.271762 123.273715 123.275109 123.276783 123.279015 123.280410 123.282084 123.283758 123.285990 123.287385 123.288780 123.291012
123.267019 123.265066 123.263950 123.263671 123.262834 123.261439 123.260602 123.260323 123.259765 123.258370 123.257812 123.257254 123.256696 123.255301 123.254743 123.254185 123.253348 123.253348 123.252232 123.251395 123.251395 123.250279 123.249345 123.249066 123.249624 123.250279 123.250837 123.251395 123.251953 123.252511 123.253069 123.253627 123.254464 123.256138 123.257533 123.259765 123.261439 123.262834 123.264787 123.266740 123.268414 123.269809 123.271762 123.273715 123.275388 123.276783 123.279015 123.280689 123.282084 123.283758 123.285990 123.287664 123.289059 123.291012 123.292783 123.294457 123.296410 123.298363 123.299757 123.301152
123.253627 123.252511 123.252511 123.251674 123.250558 123.249903 123.249066 123.248230 123.247951 123.247114 123.246277 123.245998 123.245161 123.244324 123.244045 123.244603 123.245161 123.245719 123.246277 123.246835 123.247393 123.247951 123.248509 123.249345 123.251116 123.252790 123.254185 123.256417 123.258091 123.259486 123.261160 123.263392 123.265066 123.266461 123.268414 123.270367 123.271762 123.273436 123.275667 123.277341 123.278736 123.280410 123.282642 123.284316 123.285711 123.287664 123.289896 123.291291 123.293062 123.294736 123.296410 123.297805 123.300315 123.301710 123.303942 123.305895 123.307569 123.309522 123.311475 123.312870
123.242092 123.241255 123.240976 123.240139 123.239302 123.239023 123.239581 123.240139 123.240697 123.241255 123.241813 123.242371 123.242929 123.243487 123.244324 123.245998 123.247393 123.249066 123.251116 123.252511 123.254743 123.256417 123.258091 123.259486 123.261997 123.263392 123.264787 123.266740 123.268693 123.270367 123.271762 123.273715 123.275667 123.277062 123.278736 123.280968 123.282642 123.284037 123.285711 123.287943 123.289338 123.291012 123.293062 123.294457 123.296131 123.298363 123.300036 123.301431 123.303384 123.305337 123.306732 123.308406 123.310359 123.312312 123.313707 123.315381 123.317613 123.319287 123.320682 123.322356
123.236233 123.236791 123.237349 123.237907 123.238465 123.239302 123.240697 123.242371 123.244324 123.246277 123.247672 123.249066 123.251395 123.252790 123.254743 123.256696 123.258091 123.259765 123.261718 123.263671 123.265066 123.266740 123.268972 123.270367 123.272041 123.273715 123.275946 123.277341 123.278736 123.280968 123.282642 123.284316 123.285711 123.287943 123.289617 123.291291 123.293341 123.294736 123.296131 123.298363 123.300036 123.301710 123.303384 123.305616 123.307011 123.309243 123.310638 123.312591 123.314544 123.315939 123.317613 123.319845 123.321519 123.322914 123.324588 123.326820 123.328215 123.329889 123.331842 123.333333
123.240976 123.242371 123.244045 123.246277 123.247951 123.249903 123.251953 123.253627 123.255022 123.256975 123.258928 123.260323 123.261997 123.263950 123.265903 123.267298 123.268972 123.271204 123.272878 123.274272 123.275946 123.278178 123.279573 123.281247 123.283200 123.285153 123.286548 123.287943 123.290175 123.291667 123.293899 123.295294 123.297247 123.299200 123.300873 123.302268 123.304500 123.306174 123.307569 123.309243 123.311475 123.313149 123.314544 123.316497 123.318450 123.319845 123.321519 123.323472 123.325425 123.326820 123.328494 123.330726 123.332121 123.333612 123.336123 123.337518 123.338913 123.341145 123.342819 123.344493
123.251953 123.253627 123.255022 123.256696 123.258928 123.260323 123.261997 123.263950 123.265903 123.267298 123.268972 123.270925 123.272878 123.274272 123.275946 123.278178 123.279573 123.281247 123.282921 123.285153 123.286548 123.287943 123.290175 123.291667 123.293899 123.295294 123.297247 123.299200 123.300873 123.302268 123.304500 123.306174 123.307569 123.309243 123.311475 123.313149 123.314544 123.316497 123.318450 123.319845 123.321519 123.323472 123.325425 123.326820 123.328215 123.330726 123.332121 123.333612 123.336123 123.337518 123.338913 123.341145 123.342819 123.344493 123.345888 123.348120 123.349794 123.351468 123.353142 123.355374
123.261718 123.263671 123.265624 123.267019 123.268693 123.270925 123.272599 123.273994 123.275667 123.277899 123.279573 123.280968 123.282921 123.284874 123.286269 123.287943 123.290175 123.291667 123.293341 123.295573 123.296968 123.298642 123.300315 123.302547 123.303942 123.305337 123.307569 123.309243 123.310917 123.312312 123.314823 123.316218 123.317613 123.319566 123.321519 123.323193 123.324588 123.326820 123.328494 123.330168 123.331563 123.333612 123.335844 123.337518 123.338913 123.340866 123.342819 123.344214 123.345888 123.348120 123.349794 123.351189 123.352863 123.355095 123.356490 123.358164 123.360117 123.362070 123.363465 123.364860
123.272878 123.274272 123.275667 123.277899 123.279573 123.281247 123.282921 123.285153 123.286548 123.287943 123.289896 123.291667 123.293341 123.295015 123.296968 123.298921 123.300315 123.301989 123.304221 123.305616 123.307290 123.308964 123.311196 123.312591 123.314265 123.316218 123.318171 123.319566 123.320961 123.323472 123.324867 123.326541 123.328215 123.330447 123.331842 123.333237 123.335286 123.337239 123.338634 123.340308 123.342540 123.344214 123.345609 123.347283 123.349515 123.351189 123.352584 123.354537 123.356490 123.357885 123.359559 123.361512 123.363465 123.364860 123.366534 123.368766 123.370161 123.371835 123.373509 123.375279
123.284037 123.285711 123.287106 123.288780 123.291012 123.292504 123.294178 123.296131 123.298084 123.299479 123.300873 123.303105 123.304779 123.306453 123.308127 123.310359 123.311754 123.313707 123.315381 123.317334 123.319287 123.320682 123.322356 123.324588 123.326262 123.327657 123.329331 123.331563 123.332958 123.335007 123.336681 123.338076 123.339750 123.341982 123.343656 123.345051 123.347004 123.348957 123.350352 123.352026 123.353979 123.355932 123.357327 123.359001 123.361233 123.362628 123.364581 123.366255 123.368208 123.370161 123.371556 123.373230 123.375000 123.376953 123.378348 123.380301 123.382254 123.383928 123.385323 123.387555
123.294178 123.295852 123.298084 123.299479 123.301152 123.303105 123.305058 123.306453 123.307848 123.310080 123.311754 123.313428 123.315102 123.317334 123.318729 123.320124 123.322077 123.324030 123.325704 123.327099 123.329331 123.331005 123.332958 123.334728 123.336402 123.338076 123.339750 123.341982 123.343377 123.344772 123.346725 123.348678 123.350352 123.351747 123.353979 123.355653 123.357327 123.358722 123.361233 123.362628 123.364023 123.365976 123.367929 123.369603 123.370998 123.372951 123.374903 123.376953 123.378348 123.380301 123.382254 123.383649 123.385323 123.387276 123.389229 123.390624 123.392298 123.394530 123.395925 123.397878
123.305337 123.306732 123.308127 123.310080 123.312033 123.313707 123.315102 123.317334 123.319008 123.320403 123.322077 123.324309 123.325983 123.327378 123.329052 123.331284 123.332958 123.334728 123.336402 123.337797 123.339471 123.341703 123.343377 123.344772 123.346725 123.348678 123.350352 123.351747 123.353979 123.355653 123.357048 123.358722 123.360954 123.362628 123.364023 123.365697 123.367929 123.369324 123.370998 123.372951 123.374903 123.376674 123.378069 123.380022 123.381975 123.383370 123.385044 123.387276 123.388950 123.390345 123.392019 123.394251 123.395925 123.397320 123.399272 123.401225 123.402620 123.404294 123.406247 123.408200
123.316218 123.318450 123.320124 123.321519 123.323193 123.325425 123.327099 123.328494 123.330447 123.332400 123.333891 123.335286 123.337518 123.339192 123.340866 123.342261 123.344772 123.346167 123.347562 123.349515 123.351747 123.353142 123.354537 123.356769 123.358443 123.360117 123.361512 123.363744 123.365418 123.366813 123.368487 123.370719 123.372393 123.373787 123.375837 123.377790 123.379185 123.381417 123.383091 123.384765 123.386160 123.388392 123.390066 123.391461 123.393414 123.395367 123.397041 123.398436 123.400388 123.402341 123.404015 123.405410 123.407642 123.409316 123.410711 123.412385 123.414617 123.416291 0.000000 0.000000
123.326262 123.327657 123.329331 123.331284 123.333237 123.334449 123.336681 123.338076 123.339750 123.341703 123.343656 123.345051 123.346725 123.348678 123.350631 123.352026 123.353700 123.355932 123.357327 123.359001 123.360675 123.362907 123.364302 123.365697 123.367929 123.369603 123.371277 123.372672 123.375000 123.376674 123.378069 123.380022 123.381975 123.383370 123.385044 123.386997 123.388950 123.390345 123.392019 123.394251 123.395925 123.397599 123.399272 123.401225 123.403178 123.404573 123.406247 123.408479 123.409874 123.411548 123.413222 123.415454 123.416667 0.000000 0.000000 0.000000 0.000000 0.000000 0.000000 0.000000
123.337518 123.338913 123.341145 123.342540 123.344493 123.346446 123.348120 123.349515 123.351747 123.353421 123.355374 123.356769 123.358722 123.360675 123.362070 123.363744 123.365976 123.367650 123.369045 123.370719 123.372951 123.374624 123.376395 123.378069 123.380022 123.381417 123.383370 123.385323 123.386997 123.388392 123.390624 123.392298 123.393693 123.395367 123.397599 123.399272 123.400667 123.402620 123.404573 123.405968 123.407642 123.409595 123.411548 123.412943 123.414617 123.416667 0.000000 0.000000 0.000000 0.000000 0.000000 0.000000 0.000000 0.000000 0.000000 0.000000 0.000000 0.000000 0.000000 0.000000
123.346725 123.348120 123.349794 123.352026 123.353700 123.355095 123.356769 123.359001 123.360396 123.362070 123.363744 123.365976 123.367371 123.369045 123.370998 123.372951 123.374345 123.376395 123.377790 123.379464 123.381417 123.383370 123.384765 123.386439 123.388671 123.390345 123.391740 123.393414 123.395646 123.397041 123.398715 123.400388 123.402620 123.404015 123.405410 123.407642 123.409316 123.410990 123.412385 123.414896 123.416291 0.000000 0.000000 0.000000 0.000000 0.000000 0.000000 0.000000 0.000000 0.000000 0.000000 0.000000 0.000000 0.000000 0.000000 0.000000 0.000000 0.000000 0.000000 0.000000
123.356769 123.359001 123.360675 123.362349 123.363744 123.365976 123.367650 123.369045 123.370998 123.372951 123.374624 123.376395 123.378069 123.379743 123.381417 123.383649 123.385044 123.386439 123.388392 123.390345 123.392019 123.393414 123.395646 123.397320 123.399272 123.400667 123.402620 123.404573 123.405968 123.407642 123.409874 123.411548 123.412943 123.414617 123.416667 0.000000 0.000000 0.000000 0.000000 0.000000 0.000000 0.000000 0.000000 0.000000 0.000000 0.000000 0.000000 0.000000 0.000000 0.000000 0.000000 0.000000 0.000000 0.000000 0.000000 0.000000 0.000000 0.000000 0.000000 0.000000
123.368487 123.370440 123.372393 123.373787 123.375279 123.377790 123.379185 123.380859 123.382533 123.384765 123.386160 123.387555 123.389508 123.391461 123.393135 123.394530 123.396762 123.398436 123.400109 123.401504 123.404015 123.405410 123.406805 123.408758 123.410711 123.412385 123.413780 123.416012 0.000000 0.000000 0.000000 0.000000 0.000000 0.000000 0.000000 0.000000 0.000000 0.000000 0.000000 0.000000 0.000000 0.000000 0.000000 0.000000 0.000000 0.000000 0.000000 0.000000 0.000000 0.000000 0.000000 0.000000 0.000000 0.000000 0.000000 0.000000 0.000000 0.000000 0.000000 0.000000
123.379185 123.381417 123.382812 123.384207 123.386160 123.388113 123.389787 123.391182 123.393414 123.395088 123.396483 123.398157 123.400388 123.402062 123.403457 123.405410 123.407363 123.409037 123.410432 123.412664 123.414338 123.415733 0.000000 0.000000 0.000000 0.000000 0.000000 0.000000 0.000000 0.000000 0.000000 0.000000 0.000000 0.000000 0.000000 0.000000 0.000000 0.000000 0.000000 0.000000 0.000000 0.000000 0.000000 0.000000 0.000000 0.000000 0.000000 0.000000 0.000000 0.000000 0.000000 0.000000 0.000000 0.000000 0.000000 0.000000 0.000000 0.000000 0.000000 0.000000
123.389229 123.390624 123.392019 123.394251 123.395925 123.397599 123.399272 123.401504 123.402899 123.404294 123.406247 123.408200 123.409874 123.411269 123.413501 123.415175 123.416570 0.000000 0.000000 0.000000 0.000000 0.000000 0.000000 0.000000 0.000000 0.000000 0.000000 0.000000 0.000000 0.000000 0.000000 0.000000 0.000000 0.000000 0.000000 0.000000 0.000000 0.000000 0.000000 0.000000 0.000000 0.000000 0.000000 0.000000 0.000000 0.000000 0.000000 0.000000 0.000000 0.000000 0.000000 0.000000 0.000000 0.000000 0.000000 0.000000 0.000000 0.000000 0.000000 0.000000
123.400109 123.401783 123.403736 123.405689 123.407084 123.408479 123.410711 123.412385 123.414059 123.415733 0.000000 0.000000 0.000000 0.000000 0.000000 0.000000 0.000000 0.000000 0.000000 0.000000 0.000000 0.000000 0.000000 0.000000 0.000000 0.000000 0.000000 0.000000 0.000000 0.000000 0.000000 0.000000 0.000000 0.000000 0.000000 0.000000 0.000000 0.000000 0.000000 0.000000 0.000000 0.000000 0.000000 0.000000 0.000000 0.000000 0.000000 0.000000 0.000000 0.000000 0.000000 0.000000 0.000000 0.000000 0.000000 0.000000 0.000000 0.000000 0.000000 0.000000
123.410711 123.412664 123.414059 123.415454 0.000000 0.000000 0.000000 0.000000 0.000000 0.000000 0.000000 0.000000 0.000000 0.000000 0.000000 0.000000 0.000000 0.000000 0.000000 0.000000 0.000000 0.000000 0.000000 0.000000 0.000000 0.000000 0.000000 0.000000 0.000000 0.000000 0.000000 0.000000 0.000000 0.000000 0.000000 0.000000 0.000000 0.000000 0.000000 0.000000 0.000000 0.000000 0.000000 0.000000 0.000000 0.000000 0.000000 0.000000 0.000000 0.000000 0.000000 0.000000 0.000000 0.000000 0.000000 0.000000 0.000000 0.000000 0.000000 0.000000
