FireSTARR/test/constant/O1a_S060_A180_WD225_WS020/arrival.asc
ncols         742
nrows         96
xllcorner     426603.990666
yllcorner     12747555.311160
cellsize      100.000000
NODATA_value  0.000000
[rows 27 to 53 of 96, columns 240 to 299 of 742]
0.000000 0.000000 0.000000 0.000000 0.000000 0.000000 0.000000 0.000000 0.000000 0.000000 0.000000 0.000000 0.000000 0.000000 0.000000 0.000000 0.000000 0.000000 0.000000 0.000000 0.000000 0.000000 0.000000 0.000000 0.000000 0.000000 0.000000 0.000000 0.000000 0.000000 0.000000 0.000000 0.000000 0.000000 0.000000 0.000000 0.000000 0.000000 0.000000 0.000000 0.000000 0.000000 0.000000 0.000000 0.000000 0.000000 0.000000 0.000000 0.000000 0.000000 0.000000 0.000000 0.000000 0.000000 0.000000 0.000000 0.000000 0.000000 0.000000 0.000000
0.000000 0.000000 0.000000 0.000000 0.000000 0.000000 0.000000 0.000000 0.000000 0.000000 0.000000 0.000000 0.000000 0.000000 0.000000 0.000000 0.000000 0.000000 0.000000 0.000000 0.000000 0.000000 0.000000 0.000000 0.000000 0.000000 0.000000 0.000000 0.000000 0.000000 0.000000 0.000000 0.000000 0.000000 0.000000 0.000000 0.000000 0.000000 0.000000 0.000000 0.000000 0.000000 0.000000 0.000000 0.000000 0.000000 0.000000 0.000000 0.000000 0.000000 0.000000 0.000000 0.000000 0.000000 0.000000 0.000000 0.000000 0.000000 0.000000 0.000000
0.000000 0.000000 0.000000 0.000000 0.000000 0.000000 0.000000 0.000000 0.000000 0.000000 0.000000 0.000000 0.000000 0.000000 0.000000 0.000000 0.000000 0.000000 0.000000 0.000000 0.000000 0.000000 0.000000 0.000000 0.000000 0.000000 0.000000 0.000000 0.000000 0.000000 0.000000 0.000000 0.000000 0.000000 0.000000 0.000000 0.000000 0.000000 0.000000 0.000000 0.000000 0.000000 0.000000 0.000000 0.000000 0.000000 0.000000 0.000000 0.000000 0.000000 0.000000 0.000000 0.000000 0.000000 0.000000 0.000000 0.000000 0.000000 0.000000 0.000000
0.000000 0.000000 0.000000 0.000000 0.000000 0.000000 0.000000 0.000000 0.000000 0.000000 0.000000 0.000000 0.000000 0.000000 0.000000 0.000000 0.000000 0.000000 0.000000 0.000000 0.000000 0.000000 0.000000 0.000000 0.000000 0.000000 0.000000 0.000000 0.000000 0.000000 0.000000 0.000000 0.000000 0.000000 0.000000 0.000000 0.000000 0.000000 0.000000 0.000000 0.000000 0.000000 0.000000 0.000000 0.000000 0.000000 0.000000 0.000000 0.000000 0.000000 0.000000 0.000000 0.000000 0.000000 0.000000 0.000000 0.000000 0.000000 0.000000 0.000000
0.000000 0.000000 0.000000 0.000000 0.000000 0.000000 0.000000 0.000000 0.000000 0.000000 0.000000 0.000000 0.000000 0.000000 0.000000 0.000000 0.000000 0.000000 0.000000 0.000000 0.000000 0.000000 0.000000 0.000000 0.000000 0.000000 0.000000 0.000000 0.000000 0.000000 0.000000 0.000000 0.000000 0.000000 0.000000 0.000000 0.000000 0.000000 0.000000 0.000000 0.000000 0.000000 0.000000 0.000000 0.000000 0.000000 0.000000 0.000000 0.000000 0.000000 0.000000 0.000000 0.000000 0.000000 0.000000 0.000000 0.000000 0.000000 0.000000 0.000000
0.000000 0.000000 0.000000 0.000000 0.000000 0.000000 0.000000 0.000000 0.000000 0.000000 0.000000 0.000000 0.000000 0.000000 0.000000 0.000000 0.000000 0.000000 0.000000 0.000000 0.000000 0.000000 0.000000 0.000000 0.000000 0.000000 0.000000 0.000000 0.000000 0.000000 0.000000 0.000000 0.000000 0.000000 0.000000 0.000000 0.000000 0.000000 0.000000 0.000000 0.000000 0.000000 0.000000 0.000000 0.000000 0.000000 0.000000 0.000000 0.000000 0.000000 0.000000 0.000000 0.000000 0.000000 0.000000 0.000000 0.000000 0.000000 0.000000 0.000000
0.000000 0.000000 0.000000 0.000000 0.000000 0.000000 0.000000 0.000000 0.000000 0.000000 0.000000 0.000000 0.000000 0.000000 0.000000 0.000000 0.000000 0.000000 0.000000 0.000000 0.000000 0.000000 0.000000 0.000000 0.000000 0.000000 0.000000 0.000000 0.000000 0.000000 0.000000 0.000000 0.000000 0.000000 0.000000 0.000000 0.000000 0.000000 0.000000 0.000000 0.000000 0.000000 0.000000 0.000000 0.000000 0.000000 0.000000 0.000000 0.000000 0.000000 0.000000 0.000000 0.000000 0.000000 0.000000 0.000000 0.000000 0.000000 0.000000 0.000000
0.000000 0.000000 0.000000 0.000000 0.000000 0.000000 0.000000 0.000000 0.000000 0.000000 0.000000 0.000000 0.000000 0.000000 0.000000 0.000000 0.000000 0.000000 0.000000 0.000000 0.000000 0.000000 0.000000 0.000000 0.000000 0.000000 0.000000 0.000000 0.000000 0.000000 0.000000 0.000000 0.000000 0.000000 0.000000 0.000000 0.000000 0.000000 0.000000 0.000000 0.000000 0.000000 0.000000 0.000000 0.000000 0.000000 0.000000 0.000000 0.000000 0.000000 0.000000 0.000000 0.000000 0.000000 0.000000 0.000000 0.000000 0.000000 0.000000 0.000000
0.000000 0.000000 0.000000 0.000000 0.000000 0.000000 0.000000 0.000000 0.000000 0.000000 0.000000 0.000000 0.000000 0.000000 0.000000 0.000000 0.000000 0.000000 0.000000 0.000000 0.000000 0.000000 0.000000 0.000000 0.000000 0.000000 0.000000 0.000000 0.000000 0.000000 0.000000 0.000000 0.000000 0.000000 0.000000 0.000000 0.000000 0.000000 0.000000 0.000000 0.000000 0.000000 0.000000 0.000000 0.000000 0.000000 0.000000 0.000000 0.000000 0.000000 0.000000 0.000000 0.000000 0.000000 0.000000 0.000000 0.000000 0.000000 123.415733 123.413780
0.000000 0.000000 0.000000 0.000000 0.000000 0.000000 0.000000 0.000000 0.000000 0.000000 0.000000 0.000000 0.000000 0.000000 0.000000 0.000000 0.000000 0.000000 0.000000 0.000000 0.000000 0.000000 0.000000 0.000000 0.000000 0.000000 0.000000 0.000000 0.000000 0.000000 0.000000 0.000000 0.000000 0.000000 0.000000 0.000000 0.000000 0.000000 0.000000 0.000000 0.000000 0.000000 0.000000 0.000000 0.000000 0.000000 0.000000 123.416570 123.416012 123.414338 123.411827 123.407642 123.406247 123.404294 123.402062 123.400667 123.399830 123.396483 123.395646 123.394251
0.000000 0.000000 0.000000 0.000000 0.000000 0.000000 0.000000 0.000000 0.000000 0.000000 0.000000 0.000000 0.000000 0.000000 0.000000 0.000000 0.000000 0.000000 0.000000 0.000000 0.000000 0.000000 0.000000 0.000000 0.000000 0.000000 0.000000 0.000000 0.000000 0.000000 0.000000 0.000000 0.000000 0.000000 0.000000 0.000000 0.000000 123.415454 123.413780 123.411548 123.410990 123.407921 123.405968 123.404294 123.402062 123.397599 123.396483 123.394251 123.392577 123.390624 123.390066 123.388392 123.386439 123.384207 123.382254 123.380022 123.377511 123.375279 123.373230 123.373230
0.000000 0.000000 0.000000 0.000000 0.000000 0.000000 0.000000 0.000000 0.000000 0.000000 0.000000 0.000000 0.000000 0.000000 0.000000 0.000000 0.000000 0.000000 0.000000 0.000000 0.000000 0.000000 0.000000 0.000000 0.000000 0.000000 123.416012 123.413780 123.413222 123.410990 123.407363 123.405968 123.404015 123.402062 123.400388 123.398715 123.396762 123.396204 123.392577 123.388671 123.387555 123.385602 123.383649 123.381975 123.380022 123.378069 123.376395 123.375000 123.372393 123.370998 123.367650 123.366813 123.364860 123.362628 123.360954 123.360675 123.358443 123.356211 123.354537 123.352863
0.000000 0.000000 0.000000 0.000000 0.000000 0.000000 0.000000 0.000000 0.000000 0.000000 0.000000 0.000000 0.000000 0.000000 0.000000 0.000000 123.416291 123.415733 123.413501 123.408200 123.407921 123.406247 123.403457 123.399551 123.397878 123.396762 123.393693 123.392856 123.391182 123.389229 123.388392 123.386439 123.383091 123.380580 123.379185 123.377232 123.373787 123.371556 123.370440 123.368487 123.367092 123.365418 123.363465 123.360117 123.359280 123.357048 123.355095 123.352863 123.352305 123.350910 123.348957 123.346167 123.344214 123.344214 123.342261 123.340866 123.340587 123.336960 123.336681 123.332958
0.000000 0.000000 0.000000 0.000000 0.000000 0.000000 0.000000 0.000000 123.415175 123.409595 123.408200 123.406526 123.404015 123.400667 123.400946 123.397041 123.393414 123.392019 123.388671 123.387276 123.385881 123.383091 123.381696 123.381138 123.378627 123.374903 123.373509 123.371835 123.367929 123.365976 123.364302 123.362349 123.361791 123.358722 123.357885 123.355653 123.353142 123.350910 123.349515 123.347562 123.345888 123.344214 123.342540 123.340308 123.338913 123.338355 123.335844 123.335286 123.333237 123.331284 123.329052 123.327378 123.325425 123.324030 123.321519 123.321519 123.318729 123.314823 123.312312 123.310638
123.414896 123.408200 123.403736 123.400109 123.398715 123.396762 123.393972 123.392298 123.390345 123.388113 123.383649 123.382254 123.380580 123.379743 123.376674 123.373230 123.371556 123.370998 123.369045 123.365139 123.363186 123.361233 123.359559 123.356490 123.356211 123.354537 123.352863 123.350352 123.348678 123.345609 123.343656 123.343098 123.340029 123.339471 123.337239 123.335844 123.332958 123.331842 123.330168 123.329052 123.327099 123.325146 123.323472 123.321519 123.320403 123.318450 123.316218 123.315102 123.313149 123.311196 123.307011 123.304779 123.302826 123.300873 123.300315 123.298921 123.296689 123.295015 123.293062 123.291012
123.383928 123.382812 123.381138 123.378906 123.375837 123.374066 123.371277 123.369603 123.369045 123.363465 123.361512 123.359280 123.357885 123.355932 123.353979 123.351189 123.348399 123.347562 123.346167 123.345330 123.343098 123.340587 123.340029 123.338913 123.335286 123.333612 123.331842 123.329331 123.327936 123.325704 123.323751 123.322635 123.320961 123.318729 123.317892 123.316497 123.314265 123.311754 123.310917 123.307848 123.306174 123.305058 123.304221 123.302268 123.299757 123.295852 123.294457 123.291570 123.289896 123.289059 123.285990 123.284595 123.282921 123.281247 123.280410 123.278736 123.277341 123.276225 123.272878 123.270925
123.361512 123.360954 123.359001 123.357048 123.352863 123.349515 123.347841 123.346167 123.344214 123.342261 123.341145 123.338913 123.338634 123.336681 123.333891 123.332121 123.331005 123.327936 123.325146 123.323472 123.321798 123.320124 123.318729 123.316218 123.314265 123.312870 123.312033 123.310359 123.310080 123.308964 123.305895 123.303942 123.300315 123.299200 123.298084 123.295852 123.294457 123.291012 123.289059 123.286548 123.284037 123.282084 123.280968 123.279294 123.276783 123.275667 123.274830 123.273157 123.271204 123.269809 123.267856 123.265066 123.264508 123.262834 123.260881 123.257533 123.257533 123.256417 123.255022 123.253627
123.337239 123.337239 123.334728 123.333891 123.332679 123.330726 123.328215 123.326262 123.324030 123.322635 123.320682 123.320403 123.315102 123.314544 123.312591 123.310359 123.308127 123.307290 123.305337 123.305058 123.303663 123.301710 123.300315 123.297805 123.295015 123.294178 123.291946 123.290454 123.288222 123.287106 123.284316 123.282363 123.279294 123.276504 123.274551 123.272878 123.270925 123.269809 123.268693 123.267298 123.265624 123.263950 123.263392 123.259486 123.259207 123.257812 123.255301 123.254743 123.251395 123.250000 123.249345 123.247672 123.245719 123.244324 123.242371 123.242092 123.240697 123.239023 123.238465 123.236791
123.318729 123.316497 123.314823 123.313428 123.311196 123.309243 123.306732 123.304221 123.302547 123.300594 123.300036 123.299479 123.297526 123.295852 123.294457 123.293620 123.291570 123.288780 123.286548 123.284316 123.282084 123.280689 123.279294 123.277620 123.275109 123.274551 123.270088 123.267577 123.265624 123.263950 123.263392 123.261997 123.260323 123.258370 123.257254 123.253627 123.253069 123.252511 123.250279 123.247951 123.246277 123.244045 123.242929 123.240976 123.240697 123.239860 123.236791 123.236512 123.235117 123.233722 123.231769 123.231490 123.230653 123.228979 123.227305 123.227305 123.226189 123.224515 123.223957 123.222562
123.296689 123.295015 123.294178 123.292783 123.291012 123.289617 123.289338 123.286827 123.284316 123.282921 123.282363 123.279573 123.277341 123.274551 123.272599 123.271483 123.270088 123.268135 123.266461 123.262555 123.259486 123.258649 123.257533 123.255022 123.255022 123.252511 123.252511 123.248230 123.246556 123.245719 123.244045 123.242371 123.240697 123.238465 123.237628 123.235396 123.234559 123.233164 123.231211 123.229816 123.229258 123.227026 123.226189 123.225352 123.225352 123.224236 123.222004 123.220888 123.219493 123.218656 123.218656 123.216982 123.216145 123.215029 123.212518 123.210844 123.210844 123.209728 123.208237 123.206563
123.280410 123.277620 123.275946 123.274272 123.272599 123.269809 123.268135 123.265624 123.264508 123.262555 123.260323 123.258370 123.256417 123.253906 123.251953 123.251953 123.249066 123.246835 123.246277 123.244882 123.243208 123.240418 123.239023 123.237349 123.235396 123.232885 123.231769 123.229537 123.228142 123.226468 123.224794 123.224515 123.222562 123.221725 123.220330 123.219772 123.219493 123.217819 123.215866 123.215587 123.214471 123.213355 123.212797 123.211402 123.208891 123.208237 123.206842 123.205168 123.205168 123.203494 123.201541 123.200704 123.200146 123.199309 123.197635 123.196240 123.195682 123.194845 123.194566 123.192892
123.257812 123.255859 123.255301 123.253069 123.250558 123.248230 123.247393 123.245440 123.243766 123.241534 123.240139 123.238744 123.236233 123.234559 123.233722 123.230653 123.229816 123.227305 123.225631 123.223957 123.222283 123.220051 123.219493 123.218656 123.216982 123.215587 123.215029 123.214192 123.212797 123.212239 123.210286 123.209728 123.208237 123.206842 123.206284 123.204331 123.203215 123.201820 123.201262 123.200146 123.199309 123.197635 123.195961 123.194845 123.194287 123.192334 123.191218 123.190939 123.190102 123.189265 123.187870 123.187870 123.186475 123.185080 123.184522 123.183127 123.182290 123.182011 123.180895 123.180616
123.237628 123.235675 123.233443 123.231769 123.230374 123.229816 123.227863 123.226189 123.223399 123.221725 123.220051 123.218098 123.215866 123.214192 123.213355 123.211960 123.210844 123.210007 123.209170 123.208891 123.207121 123.206842 123.205168 123.203215 123.201820 123.201820 123.200425 123.199030 123.197635 123.196519 123.195403 123.194008 123.194008 123.192334 123.190381 123.188986 123.187591 123.185917 123.185917 123.185080 123.184243 123.182848 123.182848 123.181174 123.180337 123.179500 123.178105 123.178105 123.176710 123.175873 123.175594 123.173921 123.173921 123.172805 123.171968 123.171689 123.170573 123.170015 123.169736 123.168620
123.218098 123.216424 123.214471 123.212239 123.211123 123.210007 123.207958 123.206284 123.205447 123.204052 123.203773 123.202099 123.201820 123.200425 123.198193 123.197077 123.196519 123.195961 123.194287 123.192613 123.191497 123.190381 123.188986 123.188707 123.187312 123.185359 123.184522 123.182569 123.181174 123.180616 123.179779 123.178942 123.177826 123.177547 123.176710 123.175594 123.174479 123.173084 123.171968 123.171968 123.170573 123.170573 123.168899 123.168899 123.167783 123.166946 123.166570 123.165733 123.164896 123.164617 123.163780 123.163501 123.164059 123.164617 123.165175 123.165733 123.166291 123.166946 123.167504 123.168062
123.199588 123.198472 123.197077 123.196798 123.196519 123.194008 123.192334 123.191218 123.190660 123.189265 123.187591 123.186754 123.185638 123.184801 123.183685 123.182569 123.181174 123.179221 123.177826 123.177268 123.175594 123.174757 123.174479 123.172805 123.172526 123.171689 123.170573 123.169457 123.168062 123.167504 123.166667 123.166012 123.165175 123.165175 123.163222 123.162664 123.161827 123.161548 123.160711 123.159874 123.159595 123.158758 123.158479 123.159037 123.159595 123.160153 123.160711 123.161269 123.161827 123.162385 123.162943 123.164338 123.165733 123.167225 123.168899 123.171131 123.172526 123.174200 123.176152 123.178105
123.185359 123.183964 123.182011 123.181453 123.180058 123.178384 123.177826 123.175873 123.174200 123.173921 123.172805 123.170573 123.169736 123.169178 123.168341 123.167783 123.167225 123.165454 123.164338 123.162943 123.162943 123.161827 123.160990 123.160153 123.159874 123.158200 123.157921 123.157084 123.156526 123.155689 123.155131 123.154294 123.153736 123.153457 123.154015 123.154573 123.155131 123.155689 123.156247 123.156805 123.157363 123.157921 123.159037 123.160432 123.162106 123.164059 123.166012 123.167504 123.168899 123.171131 123.172805 123.174479 123.176152 123.178384 123.179779 123.181174 123.183127 123.185080 123.186754 123.188149
123.168899 123.167783 123.166012 123.165733 123.164059 123.163222 123.162943 123.162106 123.160432 123.159316 123.157921 123.157642 123.156526 123.155968 123.155131 123.154573 123.153178 123.152899 123.152062 123.151225 123.150946 123.150109 123.149272 123.148436 123.148436 123.148994 123.149551 123.150109 123.150667 123.151225 123.151783 123.152341 123.152899 123.153736 123.155410 123.156805 123.159037 123.160711 123.162385 123.164059 123.166291 123.167783 123.169178 123.171131 123.173084 123.174479 123.176152 123.178105 123.180058 123.181453 123.183127 123.185359 123.186754 123.188428 123.190102 123.192334 123.193729 123.195124 123.197356 123.199030
