FireSTARR/test/constant/O1a_S060_A180_WD225_WS020/arrival.asc
ncols         742
nrows         96
xllcorner     426603.990666
yllcorner     12747555.311160
cellsize      100.000000
NODATA_value  0.000000
[rows 0 to 26 of 96, columns 540 to 599 of 742]
0.000000 0.000000 0.000000 0.000000 0.000000 0.000000 0.000000 0.000000 0.000000 0.000000 0.000000 0.000000 0.000000 0.000000 0.000000 0.000000 0.000000 0.000000 0.000000 0.000000 0.000000 0.000000 0.000000 0.000000 0.000000 0.000000 0.000000 0.000000 0.000000 0.000000 0.000000 0.000000 0.000000 0.000000 0.000000 0.000000 0.000000 0.000000 0.000000 0.000000 0.000000 0.000000 0.000000 0.000000 0.000000 0.000000 0.000000 0.000000 0.000000 0.000000 0.000000 0.000000 0.000000 0.000000 0.000000 0.000000 0.000000 0.000000 0.000000 0.000000
0.000000 0.000000 0.000000 0.000000 0.000000 0.000000 0.000000 0.000000 0.000000 0.000000 0.000000 0.000000 0.000000 0.000000 0.000000 0.000000 0.000000 0.000000 0.000000 0.000000 0.000000 0.000000 0.000000 0.000000 0.000000 0.000000 0.000000 0.000000 0.000000 0.000000 0.000000 0.000000 0.000000 0.000000 0.000000 0.000000 0.000000 0.000000 0.000000 0.000000 0.000000 0.000000 0.000000 0.000000 0.000000 0.000000 0.000000 0.000000 0.000000 0.000000 0.000000 0.000000 0.000000 0.000000 0.000000 0.000000 0.000000 0.000000 0.000000 0.000000
0.000000 0.000000 0.000000 0.000000 0.000000 0.000000 0.000000 0.000000 0.000000 0.000000 0.000000 0.000000 0.000000 0.000000 0.000000 0.000000 0.000000 0.000000 0.000000 0.000000 0.000000 0.000000 0.000000 0.000000 0.000000 0.000000 0.000000 0.000000 0.000000 0.000000 0.000000 0.000000 0.000000 0.000000 0.000000 0.000000 0.000000 0.000000 0.000000 0.000000 0.000000 0.000000 0.000000 0.000000 0.000000 0.000000 0.000000 0.000000 0.000000 0.000000 0.000000 0.000000 0.000000 0.000000 0.000000 0.000000 0.000000 0.000000 0.000000 0.000000
0.000000 0.000000 0.000000 0.000000 0.000000 0.000000 0.000000 0.000000 0.000000 0.000000 0.000000 0.000000 0.000000 0.000000 0.000000 0.000000 0.000000 0.000000 0.000000 0.000000 0.000000 0.000000 0.000000 0.000000 0.000000 0.000000 0.000000 0.000000 0.000000 0.000000 0.000000 0.000000 0.000000 0.000000 0.000000 0.000000 0.000000 0.000000 0.000000 0.000000 0.000000 0.000000 0.000000 0.000000 0.000000 0.000000 0.000000 0.000000 0.000000 0.000000 0.000000 0.000000 0.000000 0.000000 0.000000 0.000000 0.000000 0.000000 0.000000 0.000000
0.000000 0.000000 0.000000 0.000000 0.000000 0.000000 0.000000 0.000000 0.000000 0.000000 0.000000 0.000000 0.000000 0.000000 0.000000 0.000000 0.000000 0.000000 0.000000 0.000000 0.000000 0.000000 0.000000 0.000000 0.000000 0.000000 0.000000 0.000000 0.000000 0.000000 0.000000 0.000000 0.000000 0.000000 0.000000 0.000000 0.000000 0.000000 0.000000 0.000000 0.000000 0.000000 0.000000 0.000000 0.000000 0.000000 0.000000 0.000000 0.000000 0.000000 0.000000 0.000000 0.000000 0.000000 0.000000 0.000000 0.000000 0.000000 0.000000 0.000000
0.000000 0.000000 0.000000 0.000000 0.000000 0.000000 0.000000 0.000000 0.000000 0.000000 0.000000 0.000000 0.000000 0.000000 0.000000 0.000000 0.000000 0.000000 0.000000 0.000000 0.000000 0.000000 0.000000 0.000000 0.000000 0.000000 0.000000 0.000000 0.000000 0.000000 0.000000 0.000000 0.000000 0.000000 0.000000 0.000000 0.000000 0.000000 0.000000 0.000000 0.000000 0.000000 0.000000 0.000000 0.000000 0.000000 0.000000 0.000000 0.000000 0.000000 0.000000 0.000000 0.000000 0.000000 0.000000 0.000000 0.000000 0.000000 0.000000 0.000000
0.000000 0.000000 0.000000 0.000000 0.000000 0.000000 0.000000 0.000000 0.000000 0.000000 0.000000 0.000000 0.000000 0.000000 0.000000 0.000000 0.000000 0.000000 0.000000 0.000000 0.000000 0.000000 0.000000 0.000000 0.000000 0.000000 0.000000 0.000000 0.000000 0.000000 0.000000 0.000000 0.000000 0.000000 0.000000 0.000000 0.000000 0.000000 0.000000 0.000000 0.000000 0.000000 0.000000 0.000000 0.000000 0.000000 0.000000 0.000000 0.000000 0.000000 0.000000 0.000000 0.000000 0.000000 0.000000 0.000000 0.000000 0.000000 0.000000 0.000000
0.000000 0.000000 0.000000 0.000000 0.000000 0.000000 0.000000 0.000000 0.000000 0.000000 0.000000 0.000000 0.000000 0.000000 0.000000 0.000000 0.000000 0.000000 0.000000 0.000000 0.000000 0.000000 0.000000 0.000000 0.000000 0.000000 0.000000 0.000000 0.000000 0.000000 0.000000 0.000000 0.000000 0.000000 0.000000 0.000000 0.000000 0.000000 0.000000 0.000000 0.000000 0.000000 0.000000 0.000000 0.000000 0.000000 0.000000 0.000000 0.000000 0.000000 0.000000 0.000000 0.000000 0.000000 0.000000 0.000000 0.000000 0.000000 0.000000 0.000000
0.000000 0.000000 0.000000 0.000000 0.000000 0.000000 0.000000 0.000000 0.000000 0.000000 0.000000 0.000000 0.000000 0.000000 0.000000 0.000000 0.000000 0.000000 0.000000 0.000000 0.000000 0.000000 0.000000 0.000000 0.000000 0.000000 0.000000 0.000000 0.000000 0.000000 0.000000 0.000000 0.000000 0.000000 0.000000 0.000000 0.000000 0.000000 0.000000 0.000000 0.000000 0.000000 0.000000 0.000000 0.000000 0.000000 0.000000 0.000000 0.000000 0.000000 0.000000 0.000000 0.000000 0.000000 0.000000 0.000000 0.000000 0.000000 0.000000 0.000000
0.000000 0.000000 0.000000 0.000000 0.000000 0.000000 0.000000 0.000000 0.000000 0.000000 0.000000 0.000000 0.000000 0.000000 0.000000 0.000000 0.000000 0.000000 0.000000 0.000000 0.000000 0.000000 0.000000 0.000000 0.000000 0.000000 0.000000 0.000000 0.000000 0.000000 0.000000 0.000000 0.000000 0.000000 0.000000 0.000000 0.000000 0.000000 0.000000 0.000000 0.000000 0.000000 0.000000 0.000000 0.000000 0.000000 0.000000 0.000000 0.000000 0.000000 0.000000 0.000000 0.000000 0.000000 0.000000 0.000000 0.000000 0.000000 0.000000 0.000000
0.000000 0.000000 0.000000 0.000000 0.000000 0.000000 0.000000 0.000000 0.000000 0.000000 0.000000 0.000000 0.000000 0.000000 0.000000 0.000000 0.000000 0.000000 0.000000 0.000000 0.000000 0.000000 0.000000 0.000000 0.000000 0.000000 0.000000 0.000000 0.000000 0.000000 0.000000 0.000000 0.000000 0.000000 0.000000 0.000000 0.000000 0.000000 0.000000 0.000000 0.000000 0.000000 0.000000 0.000000 0.000000 0.000000 0.000000 0.000000 0.000000 0.000000 0.000000 123.415454 123.414617 123.412385 123.411269 123.410153 123.409874 123.408200 123.407363 123.405410
0.000000 0.000000 0.000000 0.000000 0.000000 0.000000 0.000000 0.000000 0.000000 0.000000 0.000000 0.000000 0.000000 0.000000 0.000000 0.000000 0.000000 0.000000 0.000000 0.000000 0.000000 0.000000 0.000000 0.000000 0.000000 0.000000 0.000000 0.000000 0.000000 0.000000 0.000000 0.000000 0.000000 0.000000 0.000000 0.000000 123.416012 123.415175 123.415175 123.413780 123.412664 123.412106 123.410990 123.409874 123.409037 123.406526 123.406247 123.404294 123.404294 123.402341 123.400667 123.400109 123.399272 123.397599 123.396483 123.395925 123.394530 123.393972 123.393693 123.392019
0.000000 0.000000 0.000000 0.000000 0.000000 0.000000 0.000000 0.000000 0.000000 0.000000 0.000000 0.000000 0.000000 0.000000 0.000000 0.000000 0.000000 0.000000 0.000000 0.000000 0.000000 0.000000 123.416667 123.415454 123.413780 123.413780 123.412943 123.410711 123.410153 123.410153 123.409037 123.407642 123.407084 123.406526 123.405689 123.404294 123.402341 123.400667 123.400109 123.398715 123.398436 123.397041 123.395646 123.394251 123.392577 123.392298 123.390903 123.389787 123.389229 123.388392 123.387834 123.386718 123.385602 123.384486 123.383370 123.383091 123.381696 123.380859 123.379743 123.378906
0.000000 0.000000 0.000000 0.000000 0.000000 0.000000 0.000000 0.000000 0.000000 0.000000 123.415175 123.414617 123.412943 123.411827 123.410990 123.409037 123.408479 123.407642 123.405689 123.405410 123.404852 123.404015 123.402620 123.402341 123.401504 123.400667 123.399272 123.397599 123.395646 123.395367 123.393693 123.393414 123.392856 123.391182 123.389229 123.387555 123.387276 123.385602 123.385602 123.384207 123.383091 123.382812 123.381696 123.381417 123.380022 123.378348 123.378069 123.376395 123.375558 123.374903 123.373787 123.372114 123.370719 123.370719 123.369603 123.368766 123.367650 123.367371 123.365976 123.365418
123.413222 123.410711 123.409316 123.408200 123.406526 123.406526 123.405131 123.403457 123.402620 123.402341 123.401504 123.399551 123.398994 123.397599 123.397320 123.396204 123.396204 123.393972 123.392577 123.390624 123.390066 123.389508 123.389229 123.387555 123.386439 123.384765 123.382812 123.382254 123.380580 123.380580 123.379185 123.378627 123.377232 123.376395 123.376116 123.374903 123.373230 123.372951 123.371277 123.370719 123.369882 123.369045 123.367092 123.365697 123.365418 123.364581 123.363744 123.362349 123.362349 123.360954 123.360675 123.360117 123.359559 123.358164 123.357885 123.357327 123.356211 123.355932 123.355653 123.354816
123.397041 123.396483 123.394530 123.393972 123.392577 123.392298 123.391182 123.390624 123.390345 123.388950 123.386718 123.386439 123.384207 123.383928 123.382812 123.381138 123.379743 123.378069 123.377232 123.376395 123.375279 123.373787 123.373230 123.372951 123.371556 123.370998 123.369882 123.368487 123.367929 123.366255 123.365976 123.364860 123.364023 123.363465 123.361791 123.360396 123.359559 123.359280 123.357606 123.357048 123.355932 123.355932 123.355095 123.354537 123.353142 123.352863 123.352026 123.351189 123.350631 123.350352 123.349515 123.348120 123.347562 123.346725 123.346446 123.345609 123.344493 123.344493 123.343656 123.342819
123.383928 123.382812 123.381696 123.379743 123.378627 123.377790 123.377511 123.374624 123.373509 123.371835 123.371277 123.370440 123.368766 123.368766 123.367929 123.366255 123.365697 123.365976 123.363465 123.362628 123.361233 123.360954 123.360675 123.359280 123.359001 123.357327 123.355374 123.354537 123.353979 123.353142 123.352026 123.350910 123.350631 123.349794 123.349236 123.349236 123.347841 123.347004 123.346167 123.345888 123.345330 123.344772 123.342819 123.342540 123.341703 123.341424 123.340587 123.339750 123.338913 123.338634 123.337797 123.337239 123.336681 123.335844 123.335565 123.334728 123.335286 123.335844 123.336402 123.336960
123.367929 123.365976 123.365139 123.363744 123.363465 123.362628 123.361233 123.360675 123.360675 123.359280 123.357606 123.356211 123.355932 123.355095 123.354258 123.353979 123.353142 123.351189 123.349515 123.348678 123.348678 123.347004 123.346167 123.345609 123.344772 123.344214 123.343935 123.342540 123.342261 123.341424 123.340587 123.340308 123.339471 123.338355 123.337518 123.336402 123.336402 123.335565 123.334728 123.334449 123.333333 123.332958 123.332121 123.331842 123.330726 123.330168 123.329889 123.330168 123.330726 123.331284 123.331842 123.332400 123.332958 123.333612 123.334170 123.334728 123.336402 123.337797 123.340029 123.341703
123.354258 123.352584 123.352026 123.350631 123.350073 123.349236 123.348957 123.348120 123.346167 123.345051 123.343656 123.343098 123.342819 123.341145 123.340308 123.339750 123.339471 123.339192 123.337518 123.337239 123.336123 123.335844 123.335286 123.334170 123.333891 123.332400 123.331842 123.331284 123.330447 123.329610 123.329331 123.328215 123.328215 123.327378 123.326262 123.325704 123.325425 123.324867 123.325146 123.325704 123.326262 123.326820 123.327378 123.327936 123.328494 123.329052 123.329610 123.331284 123.332958 123.335007 123.336402 123.338076 123.339750 123.341982 123.343377 123.344772 123.347004 123.348678 123.350352 123.351747
123.340308 123.339750 123.338355 123.337518 123.337239 123.336681 123.335007 123.333891 123.333891 123.332400 123.332400 123.331284 123.330726 123.330168 123.329331 123.328773 123.327378 123.326820 123.325983 123.325425 123.324867 123.324309 123.323193 123.322914 123.322077 123.321519 123.320961 123.320124 123.319566 123.320124 123.320682 123.321240 123.321798 123.322356 123.322914 123.323472 123.324030 123.324588 123.326262 123.327657 123.329331 123.331563 123.332958 123.335007 123.336681 123.338634 123.340029 123.341982 123.343935 123.345609 123.347004 123.349236 123.350910 123.352305 123.353979 123.356211 123.357885 123.359280 123.361233 123.363186
123.327657 123.327099 123.326262 123.325983 123.325146 123.324309 123.324030 123.322914 123.322077 123.320961 123.320124 123.319845 123.319008 123.318450 123.317892 123.317055 123.316776 123.315939 123.315102 123.314544 123.314823 123.315381 123.315939 123.316497 123.317055 123.317892 123.318450 123.319008 123.319566 123.320961 123.322356 123.324588 123.326262 123.327936 123.329331 123.331563 123.333237 123.334728 123.336960 123.338355 123.339750 123.341982 123.343656 123.345330 123.346725 123.349236 123.350631 123.352305 123.353979 123.356211 123.357606 123.359001 123.361233 123.362907 123.364581 123.365976 123.368208 123.369882 123.371277 123.372951
123.315939 123.315381 123.315102 123.313986 123.313986 123.312870 123.312033 123.311754 123.310917 123.310080 123.309522 123.309801 123.310359 123.310917 123.311475 123.312033 123.312591 123.313149 123.313707 123.314265 123.315660 123.317334 123.319566 123.321240 123.322635 123.324309 123.326541 123.328215 123.329610 123.331563 123.333333 123.335286 123.336681 123.338634 123.340587 123.341982 123.343656 123.345888 123.347562 123.348957 123.350631 123.352863 123.354258 123.355932 123.357885 123.360117 123.361512 123.363465 123.365139 123.367092 123.369045 123.370440 123.372114 123.374345 123.375837 123.377232 123.379185 123.381417 123.382812 123.384207
123.305337 123.304500 123.304779 123.305337 123.305895 123.306453 123.307011 123.307569 123.308127 123.308685 123.309243 123.310638 123.312312 123.314544 123.315939 123.317613 123.319287 123.321519 123.322914 123.324309 123.326541 123.328215 123.329889 123.331284 123.333333 123.335007 123.336960 123.338913 123.340308 123.341703 123.344214 123.345609 123.347283 123.348957 123.351189 123.352584 123.353979 123.355932 123.357885 123.359559 123.360954 123.363186 123.364860 123.366255 123.367929 123.370161 123.371835 123.373230 123.375279 123.377232 123.378627 123.380580 123.382533 123.384207 123.385602 123.387834 123.389508 123.391182 123.392577 123.395088
123.303663 123.304221 123.305337 123.307290 123.309243 123.310917 123.312312 123.314544 123.316218 123.318171 123.319566 123.321519 123.323472 123.324867 123.326541 123.328773 123.330447 123.331842 123.333612 123.335565 123.337239 123.339192 123.341145 123.342540 123.343935 123.346167 123.347841 123.349515 123.351189 123.353421 123.354816 123.356490 123.358164 123.360396 123.361791 123.363186 123.365418 123.367092 123.369045 123.370440 123.372393 123.374345 123.375837 123.378069 123.379464 123.381138 123.382812 123.385044 123.386439 123.387834 123.390066 123.391740 123.393414 123.394809 123.397320 123.398715 123.400109 123.402062 123.404015 123.405689
123.312591 123.314265 123.316497 123.317892 123.319287 123.321519 123.323193 123.324867 123.326262 123.328773 123.330168 123.331563 123.333612 123.335565 123.336960 123.339192 123.341145 123.342819 123.344214 123.346167 123.348120 123.349794 123.351189 123.353421 123.355095 123.356490 123.358164 123.360396 123.362070 123.363465 123.365418 123.367650 123.369045 123.370440 123.372393 123.374345 123.375837 123.377511 123.379464 123.381417 123.382812 123.384486 123.386718 123.388392 123.389787 123.391461 123.393693 123.395088 123.396762 123.398715 123.400667 123.402062 123.403457 123.405689 123.407363 123.409037 123.410711 123.412943 123.414338 123.415733
123.323751 123.325425 123.326820 123.328494 123.330726 123.332400 123.333891 123.335565 123.337797 123.339192 123.340587 123.342819 123.344493 123.346167 123.347562 123.350073 123.351468 123.352863 123.354816 123.356769 123.358443 123.359838 123.362070 123.363744 123.365139 123.366813 123.369045 123.370719 123.372114 123.373787 123.375837 123.377232 123.379464 123.381138 123.382533 123.384207 123.386439 123.388113 123.389508 123.391461 123.393414 123.395088 123.396483 123.398436 123.400388 123.401783 123.403457 123.405689 123.407363 123.408758 123.410432 123.412664 123.414059 123.415733 0.000000 0.000000 0.000000 0.000000 0.000000 0.000000
123.333891 123.336123 123.337518 123.339192 123.341145 123.343098 123.344493 123.345888 123.348399 123.349794 123.351468 123.353142 123.355374 123.356769 123.358164 123.360117 123.362070 123.363744 123.365139 123.367371 123.369045 123.370440 123.372114 123.374345 123.375558 123.377790 123.379464 123.381138 123.382533 123.384765 123.386439 123.387834 123.389787 123.391740 123.393414 123.394809 123.396762 123.398715 123.400109 123.401783 123.404015 123.405689 123.407084 123.408758 123.410990 123.412664 123.414059 123.416012 0.000000 0.000000 0.000000 0.000000 0.000000 0.000000 0.000000 0.000000 0.000000 0.000000 0.000000 0.000000
