FireSTARR/test/constant/O1a_S060_A090_WD180_WS020/arrival.asc
ncols         75
nrows         746
xllcorner     422903.990666
yllcorner     12674255.311160
cellsize      100.000000
NODATA_value  0.000000
[rows 182 to 207 of 746, columns 0 to 57 of 75]
0.000000 0.000000 0.000000 0.000000 123.390667 123.354876 123.346762 123.338649 123.330834 123.322721 123.314608 123.306774 123.298661 123.290567 123.282733 123.274620 123.266506 123.258673 123.250560 123.242465 123.234632 123.226518 123.218405 123.210571 123.202477 123.194364 123.186530 123.178417 123.170304 123.162489 123.154376 123.146263 123.138429 123.130316 123.122221 123.114388 123.106274 123.101798 123.105435 123.113269 123.121382 123.129476 123.137310 123.145423 123.153537 123.161370 123.169464 123.177578 123.185691 123.193804 123.201638 123.209732 123.217846 123.225679 123.233792 123.241906 123.249739 123.257834
0.000000 0.000000 0.000000 0.000000 123.377798 123.355435 123.347322 123.339209 123.331394 123.323281 123.315167 123.307334 123.299220 123.291126 123.283293 123.275179 123.267066 123.259232 123.251119 123.243025 123.235191 123.227078 123.218965 123.211131 123.203037 123.194923 123.187090 123.178977 123.170863 123.163049 123.154935 123.146822 123.138988 123.130875 123.122781 123.114947 123.106834 123.102358 123.105995 123.113828 123.121942 123.130036 123.137869 123.145983 123.154096 123.161930 123.170024 123.178137 123.186251 123.194364 123.202197 123.210292 123.218405 123.226239 123.234352 123.242465 123.250280 123.258393
0.000000 0.000000 0.000000 0.000000 123.364947 123.355995 123.347881 123.339768 123.331954 123.323840 123.315727 123.307893 123.299780 123.291667 123.283852 123.275739 123.267626 123.259792 123.251679 123.243584 123.235751 123.227637 123.219524 123.211691 123.203596 123.195483 123.187649 123.179536 123.171423 123.163608 123.155495 123.147382 123.139548 123.131435 123.123340 123.115507 123.107394 123.102917 123.106554 123.114388 123.122501 123.130595 123.138429 123.146542 123.154656 123.162489 123.170583 123.178697 123.186810 123.194923 123.202757 123.210851 123.218965 123.226798 123.234911 123.243025 123.250839 123.258953
0.000000 0.000000 0.000000 0.000000 123.364668 123.356554 123.348441 123.340328 123.332513 123.324400 123.316286 123.308453 123.300340 123.292226 123.284412 123.276298 123.268185 123.260351 123.252238 123.244144 123.236310 123.228197 123.220084 123.212250 123.204156 123.196043 123.188209 123.180096 123.171982 123.164168 123.156054 123.147941 123.140108 123.131994 123.123900 123.116066 123.107953 123.103477 123.107114 123.114947 123.123061 123.131155 123.138988 123.147102 123.155215 123.163049 123.171143 123.179256 123.187370 123.195483 123.203317 123.211411 123.219524 123.227358 123.235471 123.243584 123.251399 123.259512
0.000000 0.000000 0.000000 0.000000 123.365227 123.357114 123.349000 123.340887 123.333073 123.324959 123.316846 123.309012 123.300899 123.292786 123.284971 123.276858 123.268745 123.260911 123.252798 123.244703 123.236870 123.228757 123.220643 123.212810 123.204715 123.196602 123.188768 123.180655 123.172542 123.164727 123.156614 123.148501 123.140667 123.132554 123.124460 123.116626 123.108513 123.104036 123.107673 123.115507 123.123620 123.131714 123.139548 123.147661 123.155775 123.163608 123.171703 123.179816 123.187929 123.196043 123.203876 123.211970 123.220084 123.227917 123.236031 123.244144 123.251958 123.260072
0.000000 0.000000 0.000000 123.415287 123.365787 123.357673 123.349560 123.341447 123.333613 123.325519 123.317406 123.309572 123.301459 123.293345 123.285531 123.277417 123.269304 123.261471 123.253357 123.245263 123.237429 123.229316 123.221203 123.213369 123.205275 123.197162 123.189328 123.181215 123.173101 123.165287 123.157174 123.149060 123.141227 123.133113 123.125280 123.117185 123.109072 123.104596 123.108233 123.116066 123.124180 123.132274 123.140108 123.148221 123.156334 123.164168 123.172262 123.180375 123.188489 123.196602 123.204436 123.212530 123.220643 123.228477 123.236590 123.244703 123.252518 123.260631
0.000000 0.000000 0.000000 123.403257 123.366346 123.358233 123.350120 123.342006 123.334173 123.326078 123.317965 123.310131 123.302018 123.293905 123.286090 123.277977 123.269864 123.262030 123.253917 123.245823 123.237989 123.229876 123.221762 123.213929 123.205834 123.197721 123.189888 123.181774 123.173661 123.165846 123.157733 123.149620 123.141786 123.133673 123.125560 123.117745 123.109632 123.105155 123.108792 123.116626 123.124739 123.132834 123.140667 123.148780 123.156894 123.164727 123.172822 123.180935 123.189048 123.197162 123.204995 123.213089 123.221203 123.229036 123.237150 123.245263 123.253077 123.261191
0.000000 0.000000 0.000000 123.388988 123.366906 123.358792 123.350679 123.342566 123.334732 123.326638 123.318525 123.310691 123.302578 123.294464 123.286650 123.278537 123.270423 123.262590 123.254476 123.246382 123.238548 123.230435 123.222322 123.214488 123.206394 123.198281 123.190447 123.182334 123.174220 123.166406 123.158293 123.150179 123.142346 123.134232 123.126119 123.118305 123.110191 123.105715 123.109352 123.117185 123.125280 123.133393 123.141227 123.149340 123.157453 123.165287 123.173381 123.181494 123.189608 123.197721 123.205555 123.213649 123.221762 123.229596 123.237709 123.245823 123.253637 123.261750
0.000000 0.000000 0.000000 123.375839 123.367465 123.359352 123.351239 123.343125 123.335292 123.327197 123.319084 123.311251 123.303137 123.295024 123.287209 123.279096 123.270983 123.263149 123.255036 123.246942 123.239108 123.230995 123.222881 123.215048 123.206954 123.198840 123.191007 123.182893 123.174780 123.166946 123.158852 123.150739 123.142905 123.134792 123.126679 123.118864 123.110751 123.106274 123.109911 123.117745 123.125839 123.133953 123.141786 123.149900 123.158013 123.165846 123.173941 123.182054 123.190167 123.198281 123.206114 123.214209 123.222322 123.230155 123.238269 123.246382 123.254197 123.262310
0.000000 0.000000 0.000000 123.376119 123.368025 123.359911 123.351798 123.343685 123.335851 123.327757 123.319644 123.311810 123.303697 123.295583 123.287769 123.279656 123.271542 123.263709 123.255595 123.247501 123.239668 123.231554 123.223441 123.215607 123.207513 123.199400 123.191566 123.183453 123.175340 123.167506 123.159412 123.151298 123.143465 123.135351 123.127238 123.119424 123.111310 123.106834 123.110471 123.118305 123.126399 123.134512 123.142346 123.150459 123.158572 123.166406 123.174500 123.182614 123.190727 123.198840 123.206674 123.214768 123.222881 123.230715 123.238828 123.246942 123.254756 123.262869
0.000000 0.000000 0.000000 123.376679 123.368584 123.360471 123.352358 123.344244 123.336411 123.328317 123.320203 123.312370 123.304256 123.296143 123.288328 123.280215 123.272102 123.264268 123.256155 123.248061 123.240227 123.232114 123.224000 123.216167 123.208073 123.199959 123.192126 123.184012 123.175899 123.168066 123.159971 123.151858 123.144024 123.135911 123.127798 123.119983 123.111870 123.107394 123.111031 123.118864 123.126958 123.135072 123.142905 123.151019 123.159132 123.166946 123.175060 123.183173 123.191286 123.199400 123.207233 123.215328 123.223441 123.231274 123.239388 123.247501 123.255316 123.263429
0.000000 0.000000 123.412769 123.377238 123.369144 123.361031 123.352917 123.344804 123.336970 123.328876 123.320763 123.312929 123.304816 123.296703 123.288888 123.280775 123.272661 123.264828 123.256714 123.248620 123.240787 123.232673 123.224560 123.216726 123.208613 123.200519 123.192685 123.184572 123.176459 123.168625 123.160531 123.152417 123.144584 123.136471 123.128357 123.120543 123.112429 123.107953 123.111590 123.119424 123.127518 123.135631 123.143465 123.151578 123.159691 123.167506 123.175619 123.183733 123.191846 123.199959 123.207793 123.215887 123.224000 123.231834 123.239947 123.248061 123.255875 123.263988
0.000000 0.000000 123.412489 123.377798 123.369703 123.361590 123.353477 123.345363 123.337530 123.329436 123.321322 123.313489 123.305375 123.297262 123.289448 123.281334 123.273221 123.265387 123.257274 123.249180 123.241346 123.233233 123.225120 123.217286 123.209173 123.201078 123.193245 123.185131 123.177018 123.169185 123.161090 123.152977 123.145143 123.137030 123.128917 123.121102 123.112989 123.108513 123.112150 123.119983 123.128077 123.136191 123.144024 123.152138 123.160251 123.168066 123.176179 123.184292 123.192406 123.200519 123.208333 123.216447 123.224560 123.232394 123.240507 123.248620 123.256435 123.264548
0.000000 0.000000 123.399900 123.378357 123.369983 123.362150 123.354036 123.345923 123.338089 123.329995 123.321882 123.314048 123.305935 123.297822 123.290007 123.281894 123.273780 123.265947 123.257834 123.249739 123.241906 123.233792 123.225679 123.217846 123.209732 123.201638 123.193804 123.185691 123.177578 123.169744 123.161650 123.153537 123.145703 123.137590 123.129476 123.121662 123.113548 123.109072 123.112709 123.120543 123.128637 123.136750 123.144584 123.152697 123.160811 123.168625 123.176738 123.184852 123.192965 123.201078 123.208893 123.217006 123.225120 123.232953 123.241066 123.249180 123.256994 123.265108
0.000000 0.000000 123.387030 123.378917 123.370543 123.362709 123.354596 123.346483 123.338649 123.330555 123.322441 123.314608 123.306494 123.298381 123.290567 123.282453 123.274340 123.266506 123.258393 123.250280 123.242465 123.234352 123.226239 123.218405 123.210292 123.202197 123.194364 123.186251 123.178137 123.170304 123.162209 123.154096 123.146263 123.138149 123.130036 123.122221 123.114108 123.109632 123.113269 123.121102 123.129197 123.137310 123.145143 123.153257 123.161370 123.169185 123.177298 123.185411 123.193525 123.201638 123.209452 123.217566 123.225679 123.233513 123.241626 123.249739 123.257554 123.265667
0.000000 0.000000 123.387310 123.379476 123.371102 123.363269 123.355155 123.347042 123.339209 123.331114 123.323001 123.315167 123.307054 123.298941 123.291126 123.283013 123.274900 123.267066 123.258953 123.250839 123.243025 123.234911 123.226798 123.218965 123.210851 123.202757 123.194923 123.186810 123.178697 123.170863 123.162769 123.154656 123.146822 123.138709 123.130595 123.122781 123.114668 123.110191 123.113828 123.121662 123.129756 123.137869 123.145703 123.153816 123.161930 123.169744 123.177857 123.185971 123.194084 123.202197 123.210012 123.218125 123.226239 123.234072 123.242185 123.250280 123.258113 123.266227
0.000000 0.000000 123.387869 123.380036 123.371662 123.363828 123.355715 123.347602 123.339768 123.331674 123.323560 123.315727 123.307614 123.299500 123.291667 123.283572 123.275459 123.267626 123.259512 123.251399 123.243584 123.235471 123.227358 123.219524 123.211411 123.203317 123.195483 123.187370 123.179256 123.171423 123.163328 123.155215 123.147382 123.139268 123.131155 123.123340 123.115227 123.110751 123.114388 123.122221 123.130316 123.138429 123.146263 123.154376 123.162489 123.170304 123.178417 123.186530 123.194644 123.202757 123.210571 123.218685 123.226798 123.234632 123.242745 123.250839 123.258673 123.266786
0.000000 0.000000 123.388429 123.380595 123.372221 123.364388 123.356274 123.348161 123.340328 123.332233 123.324120 123.316286 123.308173 123.300060 123.292226 123.284132 123.276019 123.268185 123.260072 123.251958 123.244144 123.236031 123.227917 123.220084 123.211970 123.203876 123.196043 123.187929 123.179816 123.171982 123.163888 123.155775 123.147941 123.139828 123.131714 123.123900 123.115787 123.111310 123.114947 123.122781 123.130875 123.138988 123.146822 123.154935 123.163049 123.170863 123.178977 123.187090 123.195203 123.203317 123.211131 123.219244 123.227358 123.235191 123.243305 123.251399 123.259232 123.267346
0.000000 123.411370 123.388988 123.381155 123.372781 123.364947 123.356834 123.348721 123.340887 123.332793 123.324680 123.316846 123.308733 123.300619 123.292786 123.284691 123.276578 123.268745 123.260631 123.252518 123.244703 123.236590 123.228477 123.220643 123.212530 123.204436 123.196602 123.188489 123.180375 123.172542 123.164448 123.156334 123.148501 123.140387 123.132274 123.124460 123.116346 123.111870 123.115507 123.123340 123.131435 123.139548 123.147382 123.155495 123.163608 123.171423 123.179536 123.187649 123.195763 123.203876 123.211691 123.219804 123.227917 123.235751 123.243864 123.251958 123.259792 123.267905
0.000000 123.398780 123.389548 123.381714 123.373340 123.365507 123.357394 123.349280 123.341447 123.333333 123.325239 123.317406 123.309292 123.301179 123.293345 123.285251 123.277138 123.269304 123.261191 123.253077 123.245263 123.237150 123.229036 123.221203 123.213089 123.204995 123.197162 123.189048 123.180935 123.173101 123.165007 123.156894 123.149060 123.140947 123.132834 123.125000 123.116906 123.112429 123.116066 123.123900 123.131994 123.140108 123.147941 123.156054 123.164168 123.171982 123.180096 123.188209 123.196322 123.204436 123.212250 123.220363 123.228477 123.236310 123.244424 123.252518 123.260351 123.268465
0.000000 123.398221 123.390108 123.382274 123.373900 123.366066 123.357953 123.349840 123.342006 123.333893 123.325799 123.317965 123.309852 123.301738 123.293905 123.285811 123.277697 123.269864 123.261750 123.253637 123.245823 123.237709 123.229596 123.221762 123.213649 123.205555 123.197721 123.189608 123.181494 123.173661 123.165567 123.157453 123.149620 123.141506 123.133393 123.125560 123.117465 123.112989 123.116626 123.124460 123.132554 123.140667 123.148501 123.156614 123.164727 123.172542 123.180655 123.188768 123.196882 123.204995 123.212810 123.220923 123.229036 123.236870 123.244983 123.253077 123.260911 123.269024
0.000000 123.398780 123.390667 123.382834 123.374460 123.366626 123.358513 123.350399 123.342566 123.334452 123.326358 123.318525 123.310411 123.302298 123.294464 123.286370 123.278257 123.270423 123.262310 123.254197 123.246382 123.238269 123.230155 123.222322 123.214209 123.206114 123.198281 123.190167 123.182054 123.174220 123.166126 123.158013 123.150179 123.142066 123.133953 123.126119 123.118025 123.113548 123.117185 123.125000 123.133113 123.141227 123.149060 123.157174 123.165287 123.173101 123.181215 123.189328 123.197441 123.205555 123.213369 123.221483 123.229596 123.237429 123.245543 123.253637 123.261471 123.269584
0.000000 123.399340 123.391227 123.383393 123.375000 123.367185 123.359072 123.350959 123.343125 123.335012 123.326918 123.319084 123.310971 123.302857 123.295024 123.286930 123.278816 123.270983 123.262869 123.254756 123.246942 123.238828 123.230715 123.222881 123.214768 123.206674 123.198840 123.190727 123.182614 123.174780 123.166667 123.158572 123.150739 123.142626 123.134512 123.126679 123.118584 123.114108 123.117745 123.125560 123.133673 123.141786 123.149620 123.157733 123.165846 123.173661 123.181774 123.189888 123.198001 123.206114 123.213929 123.222042 123.230155 123.237989 123.246102 123.254197 123.262030 123.270143
0.000000 123.399900 123.391786 123.383953 123.375560 123.367745 123.359632 123.351518 123.343685 123.335571 123.327477 123.319644 123.311530 123.303417 123.295583 123.287489 123.279376 123.271542 123.263429 123.255316 123.247501 123.239388 123.231274 123.223441 123.215328 123.207233 123.199400 123.191286 123.183173 123.175340 123.167226 123.159132 123.151298 123.143185 123.135072 123.127238 123.119144 123.114668 123.118305 123.126119 123.134232 123.142346 123.150179 123.158293 123.166406 123.174220 123.182334 123.190447 123.198560 123.206674 123.214488 123.222602 123.230715 123.238548 123.246662 123.254756 123.262590 123.270703
0.000000 123.400459 123.392346 123.384512 123.376119 123.368305 123.360191 123.352078 123.344244 123.336131 123.328037 123.320203 123.312090 123.303977 123.296143 123.288049 123.279935 123.272102 123.263988 123.255875 123.248061 123.239947 123.231834 123.224000 123.215887 123.207793 123.199959 123.191846 123.183733 123.175899 123.167786 123.159691 123.151858 123.143745 123.135631 123.127798 123.119703 123.115227 123.118864 123.126679 123.134792 123.142905 123.150739 123.158852 123.166946 123.174780 123.182893 123.191007 123.199120 123.207233 123.215048 123.223161 123.231274 123.239108 123.247221 123.255316 123.263149 123.271263
123.409412 123.401019 123.392905 123.384792 123.376679 123.368864 123.360751 123.352637 123.344804 123.336691 123.328596 123.320763 123.312649 123.304536 123.296703 123.288608 123.280495 123.272661 123.264548 123.256435 123.248620 123.240507 123.232394 123.224560 123.216447 123.208333 123.200519 123.192406 123.184292 123.176459 123.168345 123.160251 123.152417 123.144304 123.136191 123.128357 123.120263 123.115787 123.119424 123.127238 123.135351 123.143465 123.151298 123.159412 123.167506 123.175340 123.183453 123.191566 123.199680 123.207793 123.215607 123.223721 123.231834 123.239668 123.247781 123.255875 123.263709 123.271822
