FireSTARR/test/constant/O1a_S060_A090_WD180_WS020/arrival.asc
ncols         75
nrows         746
xllcorner     422903.990666
yllcorner     12674255.311160
cellsize      100.000000
NODATA_value  0.000000
[rows 442 to 467 of 746, columns 0 to 57 of 75]
0.000000 0.000000 0.000000 0.000000 0.000000 0.000000 0.000000 0.000000 0.000000 0.000000 0.000000 0.000000 0.000000 0.000000 0.000000 0.000000 123.412209 123.404096 123.395983 123.387869 123.380036 123.371942 123.363828 123.355995 123.347881 123.340048 123.331954 123.323840 123.316007 123.307893 123.299780 123.291946 123.283852 123.275739 123.267905 123.259792 123.251679 123.247221 123.250839 123.258673 123.266786 123.274900 123.282733 123.290846 123.298941 123.307054 123.314888 123.323001 123.331114 123.339209 123.347042 123.355155 123.363269 123.371102 123.379197 123.387310 123.395143 123.403257
0.000000 0.000000 0.000000 0.000000 0.000000 0.000000 0.000000 0.000000 0.000000 0.000000 0.000000 0.000000 0.000000 0.000000 0.000000 0.000000 123.412769 123.404656 123.396542 123.388429 123.380595 123.372501 123.364388 123.356554 123.348441 123.340607 123.332513 123.324400 123.316566 123.308453 123.300340 123.292506 123.284412 123.276298 123.268465 123.260351 123.252238 123.247781 123.251399 123.259232 123.267346 123.275459 123.283293 123.291406 123.299500 123.307614 123.315447 123.323560 123.331674 123.339768 123.347602 123.355715 123.363828 123.371662 123.379756 123.387869 123.395703 123.403816
0.000000 0.000000 0.000000 0.000000 0.000000 0.000000 0.000000 0.000000 0.000000 0.000000 0.000000 0.000000 0.000000 0.000000 0.000000 0.000000 123.413328 123.405215 123.397102 123.388988 123.381155 123.373061 123.364947 123.357114 123.349000 123.341167 123.333073 123.324959 123.317126 123.309012 123.300899 123.293066 123.284971 123.276858 123.269024 123.260911 123.252798 123.248340 123.251958 123.259792 123.267905 123.276019 123.283852 123.291946 123.300060 123.308173 123.316007 123.324120 123.332233 123.340328 123.348161 123.356274 123.364388 123.372221 123.380316 123.388429 123.396263 123.404376
0.000000 0.000000 0.000000 0.000000 0.000000 0.000000 0.000000 0.000000 0.000000 0.000000 0.000000 0.000000 0.000000 0.000000 0.000000 0.000000 123.413888 123.405775 123.397661 123.389548 123.381714 123.373620 123.365507 123.357673 123.349560 123.341726 123.333613 123.325519 123.317685 123.309572 123.301459 123.293625 123.285531 123.277417 123.269584 123.261471 123.253357 123.248900 123.252518 123.260351 123.268465 123.276578 123.284412 123.292506 123.300619 123.308733 123.316566 123.324680 123.332793 123.340887 123.348721 123.356834 123.364947 123.372781 123.380875 123.388988 123.396822 123.404935
0.000000 0.000000 0.000000 0.000000 0.000000 0.000000 0.000000 0.000000 0.000000 0.000000 0.000000 0.000000 0.000000 0.000000 0.000000 0.000000 123.414448 123.406334 123.398221 123.390108 123.382274 123.374180 123.366066 123.358233 123.350120 123.342286 123.334173 123.326078 123.318245 123.310131 123.302018 123.294185 123.286090 123.277977 123.270143 123.262030 123.253917 123.249460 123.253077 123.260911 123.269024 123.277138 123.284971 123.293066 123.301179 123.309292 123.317126 123.325239 123.333333 123.341447 123.349280 123.357394 123.365507 123.373340 123.381435 123.389548 123.397382 123.405495
0.000000 0.000000 0.000000 0.000000 0.000000 0.000000 0.000000 0.000000 0.000000 0.000000 0.000000 0.000000 0.000000 0.000000 0.000000 0.000000 123.415007 123.406894 123.398780 123.390667 123.382834 123.374739 123.366626 123.358792 123.350679 123.342846 123.334732 123.326638 123.318804 123.310691 123.302578 123.294744 123.286650 123.278537 123.270703 123.262590 123.254476 123.250000 123.253637 123.261471 123.269584 123.277697 123.285531 123.293625 123.301738 123.309852 123.317685 123.325799 123.333893 123.342006 123.349840 123.357953 123.366066 123.373900 123.381994 123.390108 123.397941 123.406054
0.000000 0.000000 0.000000 0.000000 0.000000 0.000000 0.000000 0.000000 0.000000 0.000000 0.000000 0.000000 0.000000 0.000000 0.000000 0.000000 123.415567 123.407453 123.399340 123.391227 123.383393 123.375280 123.367185 123.359352 123.351239 123.343405 123.335292 123.327197 123.319364 123.311251 123.303137 123.295304 123.287209 123.279096 123.271263 123.263149 123.255036 123.250560 123.254197 123.262030 123.270143 123.278257 123.286090 123.294185 123.302298 123.310411 123.318245 123.326358 123.334452 123.342566 123.350399 123.358513 123.366626 123.374460 123.382554 123.390667 123.398501 123.406614
0.000000 0.000000 0.000000 0.000000 0.000000 0.000000 0.000000 0.000000 0.000000 0.000000 0.000000 0.000000 0.000000 0.000000 0.000000 0.000000 123.416126 123.408013 123.399900 123.391786 123.383953 123.375839 123.367745 123.359911 123.351798 123.343965 123.335851 123.327757 123.319923 123.311810 123.303697 123.295863 123.287769 123.279656 123.271822 123.263709 123.255595 123.251119 123.254756 123.262590 123.270703 123.278816 123.286650 123.294744 123.302857 123.310971 123.318804 123.326918 123.335012 123.343125 123.350959 123.359072 123.367185 123.375000 123.383113 123.391227 123.399060 123.407174
0.000000 0.000000 0.000000 0.000000 0.000000 0.000000 0.000000 0.000000 0.000000 0.000000 0.000000 0.000000 0.000000 0.000000 0.000000 0.000000 123.416667 123.408572 123.400459 123.392346 123.384512 123.376399 123.368305 123.360471 123.352358 123.344524 123.336411 123.328317 123.320483 123.312370 123.304256 123.296423 123.288328 123.280215 123.272382 123.264268 123.256155 123.251679 123.255316 123.263149 123.271263 123.279376 123.287209 123.295304 123.303417 123.311530 123.319364 123.327477 123.335571 123.343685 123.351518 123.359632 123.367745 123.375560 123.383673 123.391786 123.399620 123.407733
0.000000 0.000000 0.000000 0.000000 0.000000 0.000000 0.000000 0.000000 0.000000 0.000000 0.000000 0.000000 0.000000 0.000000 0.000000 0.000000 0.000000 123.409132 123.401019 123.392905 123.385072 123.376958 123.368864 123.361031 123.352917 123.345084 123.336970 123.328876 123.321043 123.312929 123.304816 123.296982 123.288888 123.280775 123.272941 123.264828 123.256714 123.252238 123.255875 123.263709 123.271822 123.279935 123.287769 123.295863 123.303977 123.312090 123.319923 123.328037 123.336131 123.344244 123.352078 123.360191 123.368305 123.376119 123.384232 123.392346 123.400179 123.408293
0.000000 0.000000 0.000000 0.000000 0.000000 0.000000 0.000000 0.000000 0.000000 0.000000 0.000000 0.000000 0.000000 0.000000 0.000000 0.000000 0.000000 123.409691 123.401578 123.393465 123.385631 123.377518 123.369424 123.361590 123.353477 123.345643 123.337530 123.329436 123.321602 123.313489 123.305375 123.297542 123.289448 123.281334 123.273501 123.265387 123.257274 123.252798 123.256435 123.264268 123.272382 123.280495 123.288328 123.296423 123.304536 123.312649 123.320483 123.328596 123.336691 123.344804 123.352637 123.360751 123.368864 123.376679 123.384792 123.392905 123.400739 123.408852
0.000000 0.000000 0.000000 0.000000 0.000000 0.000000 0.000000 0.000000 0.000000 0.000000 0.000000 0.000000 0.000000 0.000000 0.000000 0.000000 0.000000 123.410251 123.402138 123.394024 123.386191 123.378077 123.369983 123.362150 123.354036 123.346203 123.338089 123.329995 123.322162 123.314048 123.305935 123.298101 123.290007 123.281894 123.274060 123.265947 123.257834 123.253357 123.256994 123.264828 123.272941 123.281054 123.288888 123.296982 123.305096 123.313209 123.321043 123.329156 123.337250 123.345363 123.353197 123.361310 123.369424 123.377238 123.385351 123.393465 123.401298 123.409412
0.000000 0.000000 0.000000 0.000000 0.000000 0.000000 0.000000 0.000000 0.000000 0.000000 0.000000 0.000000 0.000000 0.000000 0.000000 0.000000 0.000000 123.410811 123.402697 123.394584 123.386750 123.378637 123.370543 123.362709 123.354596 123.346762 123.338649 123.330555 123.322721 123.314608 123.306494 123.298661 123.290567 123.282453 123.274620 123.266506 123.258393 123.253917 123.257554 123.265387 123.273501 123.281614 123.289448 123.297542 123.305655 123.313768 123.321602 123.329715 123.337810 123.345923 123.353757 123.361870 123.369983 123.377798 123.385911 123.394024 123.401858 123.409971
0.000000 0.000000 0.000000 0.000000 0.000000 0.000000 0.000000 0.000000 0.000000 0.000000 0.000000 0.000000 0.000000 0.000000 0.000000 0.000000 0.000000 123.411370 123.403257 123.395143 123.387310 123.379197 123.371102 123.363269 123.355155 123.347322 123.339209 123.331114 123.323281 123.315167 123.307054 123.299220 123.291126 123.283013 123.275179 123.267066 123.258953 123.254476 123.258113 123.265947 123.274060 123.282174 123.290007 123.298101 123.306215 123.314328 123.322162 123.330275 123.338369 123.346483 123.354316 123.362429 123.370543 123.378357 123.386471 123.394584 123.402417 123.410531
0.000000 0.000000 0.000000 0.000000 0.000000 0.000000 0.000000 0.000000 0.000000 0.000000 0.000000 0.000000 0.000000 0.000000 0.000000 0.000000 0.000000 123.411930 123.403816 123.395703 123.387869 123.379756 123.371662 123.363828 123.355715 123.347881 123.339768 123.331674 123.323840 123.315727 123.307614 123.299780 123.291667 123.283572 123.275739 123.267626 123.259512 123.255036 123.258673 123.266506 123.274620 123.282733 123.290567 123.298661 123.306774 123.314888 123.322721 123.330834 123.338929 123.347042 123.354876 123.362989 123.371102 123.378917 123.387030 123.395143 123.402977 123.411090
0.000000 0.000000 0.000000 0.000000 0.000000 0.000000 0.000000 0.000000 0.000000 0.000000 0.000000 0.000000 0.000000 0.000000 0.000000 0.000000 0.000000 123.412489 123.404376 123.396263 123.388429 123.380316 123.372221 123.364388 123.356274 123.348441 123.340328 123.332233 123.324400 123.316286 123.308173 123.300340 123.292226 123.284132 123.276298 123.268185 123.260072 123.255595 123.259232 123.267066 123.275179 123.283293 123.291126 123.299220 123.307334 123.315447 123.323281 123.331394 123.339488 123.347602 123.355435 123.363548 123.371662 123.379476 123.387590 123.395703 123.403537 123.411650
0.000000 0.000000 0.000000 0.000000 0.000000 0.000000 0.000000 0.000000 0.000000 0.000000 0.000000 0.000000 0.000000 0.000000 0.000000 0.000000 0.000000 123.413049 123.404935 123.396822 123.388988 123.380875 123.372781 123.364947 123.356834 123.349000 123.340887 123.332793 123.324959 123.316846 123.308733 123.300899 123.292786 123.284691 123.276858 123.268745 123.260631 123.256155 123.259792 123.267626 123.275739 123.283852 123.291946 123.299780 123.307893 123.316007 123.323840 123.331954 123.340048 123.348161 123.355995 123.364108 123.372221 123.380036 123.388149 123.396263 123.404096 123.412209
0.000000 0.000000 0.000000 0.000000 0.000000 0.000000 0.000000 0.000000 0.000000 0.000000 0.000000 0.000000 0.000000 0.000000 0.000000 0.000000 0.000000 123.413608 123.405495 123.397382 123.389548 123.381435 123.373340 123.365507 123.357394 123.349560 123.341447 123.333333 123.325519 123.317406 123.309292 123.301459 123.293345 123.285251 123.277417 123.269304 123.261191 123.256714 123.260351 123.268185 123.276298 123.284412 123.292506 123.300340 123.308453 123.316566 123.324400 123.332513 123.340607 123.348721 123.356554 123.364668 123.372781 123.380595 123.388709 123.396822 123.404656 123.412769
0.000000 0.000000 0.000000 0.000000 0.000000 0.000000 0.000000 0.000000 0.000000 0.000000 0.000000 0.000000 0.000000 0.000000 0.000000 0.000000 0.000000 123.414168 123.406054 123.397941 123.390108 123.381994 123.373900 123.366066 123.357953 123.350120 123.342006 123.333893 123.326078 123.317965 123.309852 123.302018 123.293905 123.285811 123.277977 123.269864 123.261750 123.257274 123.260911 123.268745 123.276858 123.284971 123.293066 123.300899 123.309012 123.317126 123.324959 123.333073 123.341167 123.349280 123.357114 123.365227 123.373340 123.381155 123.389268 123.397382 123.405215 123.413328
0.000000 0.000000 0.000000 0.000000 0.000000 0.000000 0.000000 0.000000 0.000000 0.000000 0.000000 0.000000 0.000000 0.000000 0.000000 0.000000 0.000000 123.414727 123.406614 123.398501 123.390667 123.382554 123.374460 123.366626 123.358513 123.350679 123.342566 123.334452 123.326638 123.318525 123.310411 123.302578 123.294464 123.286370 123.278537 123.270423 123.262310 123.257834 123.261471 123.269304 123.277417 123.285531 123.293625 123.301459 123.309572 123.317685 123.325519 123.333613 123.341726 123.349840 123.357673 123.365787 123.373900 123.381714 123.389828 123.397941 123.405775 123.413888
0.000000 0.000000 0.000000 0.000000 0.000000 0.000000 0.000000 0.000000 0.000000 0.000000 0.000000 0.000000 0.000000 0.000000 0.000000 0.000000 0.000000 123.415287 123.407174 123.399060 123.391227 123.383113 123.375280 123.367185 123.359072 123.351239 123.343125 123.335012 123.327197 123.319084 123.310971 123.303137 123.295024 123.286930 123.279096 123.270983 123.262869 123.258393 123.262030 123.269864 123.277977 123.286090 123.294185 123.302018 123.310131 123.318245 123.326078 123.334173 123.342286 123.350399 123.358233 123.366346 123.374460 123.382274 123.390387 123.398501 123.406334 123.414448
0.000000 0.000000 0.000000 0.000000 0.000000 0.000000 0.000000 0.000000 0.000000 0.000000 0.000000 0.000000 0.000000 0.000000 0.000000 0.000000 0.000000 123.415846 123.407733 123.399620 123.391786 123.383673 123.375839 123.367745 123.359632 123.351798 123.343685 123.335571 123.327757 123.319644 123.311530 123.303697 123.295583 123.287489 123.279656 123.271542 123.263429 123.258953 123.262590 123.270423 123.278537 123.286650 123.294744 123.302578 123.310691 123.318804 123.326638 123.334732 123.342846 123.350959 123.358792 123.366906 123.375000 123.382834 123.390947 123.399060 123.406894 123.415007
0.000000 0.000000 0.000000 0.000000 0.000000 0.000000 0.000000 0.000000 0.000000 0.000000 0.000000 0.000000 0.000000 0.000000 0.000000 0.000000 0.000000 123.416406 123.408293 123.400179 123.392346 123.384232 123.376399 123.368305 123.360191 123.352358 123.344244 123.336131 123.328317 123.320203 123.312090 123.304256 123.296143 123.288049 123.280215 123.272102 123.263988 123.259512 123.263149 123.270983 123.279096 123.287209 123.295304 123.303137 123.311251 123.319364 123.327197 123.335292 123.343405 123.351518 123.359352 123.367465 123.375560 123.383393 123.391506 123.399620 123.407453 123.415567
0.000000 0.000000 0.000000 0.000000 0.000000 0.000000 0.000000 0.000000 0.000000 0.000000 0.000000 0.000000 0.000000 0.000000 0.000000 0.000000 0.000000 0.000000 123.408852 123.400739 123.392905 123.384792 123.376958 123.368864 123.360751 123.352917 123.344804 123.336691 123.328876 123.320763 123.312649 123.304816 123.296703 123.288608 123.280775 123.272661 123.264548 123.260072 123.263709 123.271542 123.279656 123.287769 123.295863 123.303697 123.311810 123.319923 123.327757 123.335851 123.343965 123.352078 123.359911 123.368025 123.376119 123.383953 123.392066 123.400179 123.408013 123.416126
0.000000 0.000000 0.000000 0.000000 0.000000 0.000000 0.000000 0.000000 0.000000 0.000000 0.000000 0.000000 0.000000 0.000000 0.000000 0.000000 0.000000 0.000000 123.409412 123.401298 123.393465 123.385351 123.377518 123.369424 123.361310 123.353477 123.345363 123.337250 123.329436 123.321322 123.313209 123.305375 123.297262 123.289168 123.281334 123.273221 123.265108 123.260631 123.264268 123.272102 123.280215 123.288328 123.296423 123.304256 123.312370 123.320483 123.328317 123.336411 123.344524 123.352637 123.360471 123.368584 123.376679 123.384512 123.392626 123.400739 123.408572 123.416667
0.000000 0.000000 0.000000 0.000000 0.000000 0.000000 0.000000 0.000000 0.000000 0.000000 0.000000 0.000000 0.000000 0.000000 0.000000 0.000000 0.000000 0.000000 123.409971 123.401858 123.394024 123.385911 123.378077 123.369983 123.361870 123.354036 123.345923 123.337810 123.329995 123.321882 123.313768 123.305935 123.297822 123.289727 123.281894 123.273780 123.265667 123.261191 123.264828 123.272661 123.280775 123.288888 123.296982 123.304816 123.312929 123.321043 123.328876 123.336970 123.345084 123.353197 123.361031 123.369144 123.377238 123.385072 123.393185 123.401298 123.409132 0.000000
