FireSTARR/test/constant/O1a_S060_A090_WD180_WS020/arrival.asc
ncols         75
nrows         746
xllcorner     422903.990666
yllcorner     12674255.311160
cellsize      100.000000
NODATA_value  0.000000
[rows 208 to 233 of 746, columns 0 to 57 of 75]
123.409691 123.401578 123.393465 123.385351 123.377238 123.369424 123.361310 123.353197 123.345363 123.337250 123.329156 123.321322 123.313209 123.305096 123.297262 123.289168 123.281054 123.273221 123.265108 123.256994 123.249180 123.241066 123.232953 123.225120 123.217006 123.208893 123.201078 123.192965 123.184852 123.177018 123.168905 123.160811 123.152977 123.144864 123.136750 123.128917 123.120823 123.116346 123.119983 123.127798 123.135911 123.144024 123.151858 123.159971 123.168066 123.175899 123.184012 123.192126 123.200239 123.208333 123.216167 123.224280 123.232394 123.240227 123.248340 123.256435 123.264268 123.272382
123.410251 123.402138 123.394024 123.385911 123.377798 123.369983 123.361870 123.353757 123.345923 123.337810 123.329715 123.321882 123.313768 123.305655 123.297822 123.289727 123.281614 123.273780 123.265667 123.257554 123.249739 123.241626 123.233513 123.225679 123.217566 123.209452 123.201638 123.193525 123.185411 123.177578 123.169464 123.161370 123.153537 123.145423 123.137310 123.129476 123.121382 123.116906 123.120543 123.128357 123.136471 123.144584 123.152417 123.160531 123.168625 123.176459 123.184572 123.192685 123.200799 123.208893 123.216726 123.224840 123.232953 123.240787 123.248900 123.256994 123.264828 123.272941
123.410811 123.402697 123.394584 123.386471 123.378357 123.370543 123.362429 123.354316 123.346483 123.338369 123.330275 123.322441 123.314328 123.306215 123.298381 123.290287 123.282174 123.274340 123.266227 123.258113 123.250280 123.242185 123.234072 123.226239 123.218125 123.210012 123.202197 123.194084 123.185971 123.178137 123.170024 123.161930 123.154096 123.145983 123.137869 123.130036 123.121942 123.117465 123.121102 123.128917 123.137030 123.145143 123.152977 123.161090 123.169185 123.177018 123.185131 123.193245 123.201358 123.209452 123.217286 123.225399 123.233513 123.241346 123.249460 123.257554 123.265387 123.273501
123.411370 123.403257 123.395143 123.387030 123.378917 123.371102 123.362989 123.354876 123.347042 123.338929 123.330834 123.323001 123.314888 123.306774 123.298941 123.290846 123.282733 123.274900 123.266786 123.258673 123.250839 123.242745 123.234632 123.226798 123.218685 123.210571 123.202757 123.194644 123.186530 123.178697 123.170583 123.162489 123.154656 123.146542 123.138429 123.130595 123.122501 123.118025 123.121662 123.129476 123.137590 123.145703 123.153537 123.161650 123.169744 123.177578 123.185691 123.193804 123.201918 123.210012 123.217846 123.225959 123.234072 123.241906 123.250000 123.258113 123.265947 123.274060
123.411930 123.403816 123.395703 123.387590 123.379476 123.371662 123.363548 123.355435 123.347602 123.339488 123.331394 123.323560 123.315447 123.307334 123.299500 123.291406 123.283293 123.275459 123.267346 123.259232 123.251399 123.243305 123.235191 123.227358 123.219244 123.211131 123.203317 123.195203 123.187090 123.179256 123.171143 123.163049 123.155215 123.147102 123.138988 123.131155 123.123061 123.118584 123.122221 123.130036 123.138149 123.146263 123.154096 123.162209 123.170304 123.178137 123.186251 123.194364 123.202477 123.210571 123.218405 123.226518 123.234632 123.242465 123.250560 123.258673 123.266506 123.274620
123.412489 123.404376 123.396263 123.388149 123.380036 123.372221 123.364108 123.355995 123.348161 123.340048 123.331954 123.324120 123.316007 123.307893 123.300060 123.291946 123.283852 123.276019 123.267905 123.259792 123.251958 123.243864 123.235751 123.227917 123.219804 123.211691 123.203876 123.195763 123.187649 123.179816 123.171703 123.163608 123.155775 123.147661 123.139548 123.131714 123.123620 123.119144 123.122781 123.130595 123.138709 123.146822 123.154656 123.162769 123.170863 123.178697 123.186810 123.194923 123.203037 123.211131 123.218965 123.227078 123.235191 123.243025 123.251119 123.259232 123.267066 123.275179
123.413049 123.404935 123.396822 123.388709 123.380595 123.372781 123.364668 123.356554 123.348721 123.340607 123.332513 123.324680 123.316566 123.308453 123.300619 123.292506 123.284412 123.276578 123.268465 123.260351 123.252518 123.244424 123.236310 123.228477 123.220363 123.212250 123.204436 123.196322 123.188209 123.180375 123.172262 123.164168 123.156334 123.148221 123.140108 123.132274 123.124180 123.119703 123.123340 123.131155 123.139268 123.147382 123.155215 123.163328 123.171423 123.179256 123.187370 123.195483 123.203596 123.211691 123.219524 123.227637 123.235751 123.243584 123.251679 123.259792 123.267626 123.275739
123.413608 123.405495 123.397382 123.389268 123.381155 123.373340 123.365227 123.357114 123.349280 123.341167 123.333073 123.325239 123.317126 123.309012 123.301179 123.293066 123.284971 123.277138 123.269024 123.260911 123.253077 123.244983 123.236870 123.229036 123.220923 123.212810 123.204995 123.196882 123.188768 123.180935 123.172822 123.164727 123.156894 123.148780 123.140667 123.132834 123.124739 123.120263 123.123900 123.131714 123.139828 123.147941 123.155775 123.163888 123.171982 123.179816 123.187929 123.196043 123.204156 123.212250 123.220084 123.228197 123.236310 123.244144 123.252238 123.260351 123.268185 123.276298
123.414168 123.406054 123.397941 123.389828 123.381714 123.373900 123.365787 123.357673 123.349840 123.341726 123.333613 123.325799 123.317685 123.309572 123.301738 123.293625 123.285531 123.277697 123.269584 123.261471 123.253637 123.245543 123.237429 123.229596 123.221483 123.213369 123.205555 123.197441 123.189328 123.181494 123.173381 123.165287 123.157453 123.149340 123.141227 123.133393 123.125280 123.120823 123.124460 123.132274 123.140387 123.148501 123.156334 123.164448 123.172542 123.180375 123.188489 123.196602 123.204715 123.212810 123.220643 123.228757 123.236870 123.244703 123.252798 123.260911 123.268745 123.276858
123.414727 123.406614 123.398501 123.390387 123.382274 123.374460 123.366346 123.358233 123.350399 123.342286 123.334173 123.326358 123.318245 123.310131 123.302298 123.294185 123.286090 123.278257 123.270143 123.262030 123.254197 123.246102 123.237989 123.230155 123.222042 123.213929 123.206114 123.198001 123.189888 123.182054 123.173941 123.165846 123.158013 123.149900 123.141786 123.133953 123.125839 123.121382 123.125000 123.132834 123.140947 123.149060 123.156894 123.165007 123.173101 123.180935 123.189048 123.197162 123.205275 123.213369 123.221203 123.229316 123.237429 123.245263 123.253357 123.261471 123.269304 123.277417
123.415287 123.407174 123.399060 123.390947 123.382834 123.375000 123.366906 123.358792 123.350959 123.342846 123.334732 123.326918 123.318804 123.310691 123.302857 123.294744 123.286650 123.278816 123.270703 123.262590 123.254756 123.246662 123.238548 123.230715 123.222602 123.214488 123.206674 123.198560 123.190447 123.182614 123.174500 123.166406 123.158572 123.150459 123.142346 123.134512 123.126399 123.121942 123.125560 123.133393 123.141506 123.149620 123.157453 123.165567 123.173661 123.181494 123.189608 123.197721 123.205834 123.213929 123.221762 123.229876 123.237989 123.245823 123.253917 123.262030 123.269864 123.277977
123.415846 123.407733 123.399620 123.391506 123.383393 123.375560 123.367465 123.359352 123.351518 123.343405 123.335292 123.327477 123.319364 123.311251 123.303417 123.295304 123.287209 123.279376 123.271263 123.263149 123.255316 123.247221 123.239108 123.231274 123.223161 123.215048 123.207233 123.199120 123.191007 123.183173 123.175060 123.166946 123.159132 123.151019 123.142905 123.135072 123.126958 123.122501 123.126119 123.133953 123.142066 123.150179 123.158013 123.166126 123.174220 123.182054 123.190167 123.198281 123.206394 123.214488 123.222322 123.230435 123.238548 123.246382 123.254476 123.262590 123.270423 123.278537
123.416406 123.408293 123.400179 123.392066 123.383953 123.376119 123.368025 123.359911 123.352078 123.343965 123.335851 123.328037 123.319923 123.311810 123.303977 123.295863 123.287769 123.279935 123.271822 123.263709 123.255875 123.247781 123.239668 123.231834 123.223721 123.215607 123.207793 123.199680 123.191566 123.183733 123.175619 123.167506 123.159691 123.151578 123.143465 123.135631 123.127518 123.123061 123.126679 123.134512 123.142626 123.150739 123.158572 123.166667 123.174780 123.182614 123.190727 123.198840 123.206954 123.215048 123.222881 123.230995 123.239108 123.246942 123.255036 123.263149 123.270983 123.279096
0.000000 123.408852 123.400739 123.392626 123.384512 123.376679 123.368584 123.360471 123.352637 123.344524 123.336411 123.328596 123.320483 123.312370 123.304536 123.296423 123.288328 123.280495 123.272382 123.264268 123.256435 123.248340 123.240227 123.232394 123.224280 123.216167 123.208333 123.200239 123.192126 123.184292 123.176179 123.168066 123.160251 123.152138 123.144024 123.136191 123.128077 123.123620 123.127238 123.135072 123.143185 123.151298 123.159132 123.167226 123.175340 123.183173 123.191286 123.199400 123.207513 123.215607 123.223441 123.231554 123.239668 123.247501 123.255595 123.263709 123.271542 123.279656
0.000000 123.409412 123.401298 123.393185 123.385072 123.377238 123.369144 123.361031 123.353197 123.345084 123.336970 123.329156 123.321043 123.312929 123.305096 123.296982 123.288888 123.281054 123.272941 123.264828 123.256994 123.248900 123.240787 123.232953 123.224840 123.216726 123.208893 123.200799 123.192685 123.184852 123.176738 123.168625 123.160811 123.152697 123.144584 123.136750 123.128637 123.124180 123.127798 123.135631 123.143745 123.151858 123.159691 123.167786 123.175899 123.183733 123.191846 123.199959 123.208073 123.216167 123.224000 123.232114 123.240227 123.248061 123.256155 123.264268 123.272102 123.280215
0.000000 123.409971 123.401858 123.393745 123.385631 123.377798 123.369703 123.361590 123.353757 123.345643 123.337530 123.329715 123.321602 123.313489 123.305655 123.297542 123.289448 123.281614 123.273501 123.265387 123.257554 123.249460 123.241346 123.233513 123.225399 123.217286 123.209452 123.201358 123.193245 123.185411 123.177298 123.169185 123.161370 123.153257 123.145143 123.137310 123.129197 123.124739 123.128357 123.136191 123.144304 123.152417 123.160251 123.168345 123.176459 123.184292 123.192406 123.200519 123.208613 123.216726 123.224560 123.232673 123.240787 123.248620 123.256714 123.264828 123.272661 123.280775
0.000000 123.410531 123.402417 123.394304 123.386191 123.378357 123.370263 123.362150 123.354316 123.346203 123.338089 123.330275 123.322162 123.314048 123.306215 123.298101 123.290007 123.282174 123.274060 123.265947 123.258113 123.250000 123.241906 123.234072 123.225959 123.217846 123.210012 123.201918 123.193804 123.185971 123.177857 123.169744 123.161930 123.153816 123.145703 123.137869 123.129756 123.125280 123.128917 123.136750 123.144864 123.152977 123.160811 123.168905 123.177018 123.184852 123.192965 123.201078 123.209173 123.217286 123.225120 123.233233 123.241346 123.249180 123.257274 123.265387 123.273221 123.281334
0.000000 123.411090 123.402977 123.394864 123.386750 123.378917 123.370823 123.362709 123.354876 123.346762 123.338649 123.330834 123.322721 123.314608 123.306774 123.298661 123.290567 123.282733 123.274620 123.266506 123.258673 123.250560 123.242465 123.234632 123.226518 123.218405 123.210571 123.202477 123.194364 123.186530 123.178417 123.170304 123.162489 123.154376 123.146263 123.138429 123.130316 123.125839 123.129476 123.137310 123.145423 123.153537 123.161370 123.169464 123.177578 123.185411 123.193525 123.201638 123.209732 123.217846 123.225679 123.233792 123.241906 123.249739 123.257834 123.265947 123.273780 123.281894
0.000000 123.411650 123.403537 123.395423 123.387310 123.379476 123.371382 123.363269 123.355435 123.347322 123.339209 123.331394 123.323281 123.315167 123.307334 123.299220 123.291126 123.283293 123.275179 123.267066 123.259232 123.251119 123.243025 123.235191 123.227078 123.218965 123.211131 123.203037 123.194923 123.187090 123.178977 123.170863 123.163049 123.154935 123.146822 123.138988 123.130875 123.126399 123.130036 123.137869 123.145983 123.154096 123.161930 123.170024 123.178137 123.185971 123.194084 123.202197 123.210292 123.218405 123.226239 123.234352 123.242465 123.250280 123.258393 123.266506 123.274340 123.282453
0.000000 123.412209 123.404096 123.395983 123.387869 123.380036 123.371942 123.363828 123.355995 123.347881 123.339768 123.331954 123.323840 123.315727 123.307893 123.299780 123.291667 123.283852 123.275739 123.267626 123.259792 123.251679 123.243584 123.235751 123.227637 123.219524 123.211691 123.203596 123.195483 123.187649 123.179536 123.171423 123.163608 123.155495 123.147382 123.139548 123.131435 123.126958 123.130595 123.138429 123.146542 123.154656 123.162489 123.170583 123.178697 123.186530 123.194644 123.202757 123.210851 123.218965 123.226798 123.234911 123.243025 123.250839 123.258953 123.267066 123.274900 123.283013
0.000000 123.412769 123.404656 123.396542 123.388429 123.380595 123.372501 123.364388 123.356554 123.348441 123.340328 123.332513 123.324400 123.316286 123.308453 123.300340 123.292226 123.284412 123.276298 123.268185 123.260351 123.252238 123.244144 123.236310 123.228197 123.220084 123.212250 123.204156 123.196043 123.188209 123.180096 123.171982 123.164168 123.156054 123.147941 123.140108 123.131994 123.127518 123.131155 123.138988 123.147102 123.155215 123.163049 123.171143 123.179256 123.187090 123.195203 123.203317 123.211411 123.219524 123.227358 123.235471 123.243584 123.251399 123.259512 123.267626 123.275459 123.283572
0.000000 123.413328 123.405215 123.397102 123.388988 123.381155 123.373061 123.364947 123.357114 123.349000 123.340887 123.333073 123.324959 123.316846 123.309012 123.300899 123.292786 123.284971 123.276858 123.268745 123.260911 123.252798 123.244703 123.236870 123.228757 123.220643 123.212810 123.204715 123.196602 123.188768 123.180655 123.172542 123.164727 123.156614 123.148501 123.140667 123.132554 123.128077 123.131714 123.139548 123.147661 123.155775 123.163608 123.171703 123.179816 123.187649 123.195763 123.203876 123.211970 123.220084 123.227917 123.236031 123.244144 123.251958 123.260072 123.268185 123.276019 123.284132
0.000000 123.413888 123.405775 123.397661 123.389548 123.381714 123.373620 123.365507 123.357673 123.349560 123.341447 123.333613 123.325519 123.317406 123.309572 123.301459 123.293345 123.285531 123.277417 123.269304 123.261471 123.253357 123.245263 123.237429 123.229316 123.221203 123.213369 123.205275 123.197162 123.189328 123.181215 123.173101 123.165287 123.157174 123.149060 123.141227 123.133113 123.128637 123.132274 123.140108 123.148221 123.156334 123.164168 123.172262 123.180375 123.188209 123.196322 123.204436 123.212530 123.220643 123.228477 123.236590 123.244703 123.252518 123.260631 123.268745 123.276578 123.284691
0.000000 123.414448 123.406334 123.398221 123.390108 123.382274 123.374180 123.366066 123.358233 123.350120 123.342006 123.334173 123.326078 123.317965 123.310131 123.302018 123.293905 123.286090 123.277977 123.269864 123.262030 123.253917 123.245823 123.237989 123.229876 123.221762 123.213929 123.205834 123.197721 123.189888 123.181774 123.173661 123.165846 123.157733 123.149620 123.141786 123.133673 123.129197 123.132834 123.140667 123.148780 123.156894 123.164727 123.172822 123.180935 123.188768 123.196882 123.204995 123.213089 123.221203 123.229036 123.237150 123.245263 123.253077 123.261191 123.269304 123.277138 123.285251
0.000000 123.415007 123.406894 123.398780 123.390667 123.382834 123.374739 123.366626 123.358792 123.350679 123.342566 123.334732 123.326638 123.318525 123.310691 123.302578 123.294464 123.286650 123.278537 123.270423 123.262590 123.254476 123.246382 123.238548 123.230435 123.222322 123.214488 123.206394 123.198281 123.190447 123.182334 123.174220 123.166406 123.158293 123.150179 123.142346 123.134232 123.129756 123.133393 123.141227 123.149340 123.157453 123.165287 123.173381 123.181494 123.189328 123.197441 123.205555 123.213649 123.221762 123.229596 123.237709 123.245823 123.253637 123.261750 123.269864 123.277697 123.285811
0.000000 123.415567 123.407453 123.399340 123.391227 123.383393 123.375280 123.367185 123.359352 123.351239 123.343125 123.335292 123.327197 123.319084 123.311251 123.303137 123.295024 123.287209 123.279096 123.270983 123.263149 123.255036 123.246942 123.239108 123.230995 123.222881 123.215048 123.206954 123.198840 123.191007 123.182893 123.174780 123.166946 123.158852 123.150739 123.142905 123.134792 123.130316 123.133953 123.141786 123.149900 123.158013 123.165846 123.173941 123.182054 123.189888 123.198001 123.206114 123.214209 123.222322 123.230155 123.238269 123.246382 123.254197 123.262310 123.270423 123.278257 123.286370
