FireSTARR/test/constant/O1a_S060_A090_WD180_WS020/arrival.asc
ncols         75
nrows         746
xllcorner     422903.990666
yllcorner     12674255.311160
cellsize      100.000000
NODATA_value  0.000000
[rows 52 to 77 of 746, columns 0 to 57 of 75]
0.000000 0.000000 0.000000 0.000000 0.000000 0.000000 0.000000 0.000000 0.000000 0.000000 0.000000 0.000000 0.000000 0.000000 0.000000 0.000000 0.000000 0.000000 0.000000 0.000000 0.000000 0.000000 0.000000 0.000000 123.371942 123.274620 123.211691 123.131994 123.097602 123.089768 123.081674 123.073560 123.065727 123.057614 123.049500 123.041667 123.033572 123.029096 123.032733 123.040567 123.048661 123.056774 123.064608 123.072721 123.080555 123.088649 123.096762 123.119424 123.190447 123.276298 123.363269 0.000000 0.000000 0.000000 0.000000 0.000000 0.000000 0.000000
0.000000 0.000000 0.000000 0.000000 0.000000 0.000000 0.000000 0.000000 0.000000 0.000000 0.000000 0.000000 0.000000 0.000000 0.000000 0.000000 0.000000 0.000000 0.000000 0.000000 0.000000 0.000000 0.000000 0.000000 123.351239 123.262030 123.207233 123.122501 123.098161 123.090328 123.082233 123.074120 123.066286 123.058173 123.050060 123.042226 123.034132 123.029656 123.033293 123.041126 123.049220 123.057334 123.065167 123.073281 123.081114 123.089209 123.097322 123.105995 123.189048 123.265947 123.353757 0.000000 0.000000 0.000000 0.000000 0.000000 0.000000 0.000000
0.000000 0.000000 0.000000 0.000000 0.000000 0.000000 0.000000 0.000000 0.000000 0.000000 0.000000 0.000000 0.000000 0.000000 0.000000 0.000000 0.000000 0.000000 0.000000 0.000000 0.000000 0.000000 0.000000 0.000000 123.330834 123.246382 123.185411 123.107114 123.098721 123.090887 123.082793 123.074680 123.066846 123.058733 123.050619 123.042786 123.034691 123.030215 123.033852 123.041667 123.049780 123.057893 123.065727 123.073840 123.081674 123.089768 123.097881 123.105715 123.179536 123.248340 123.338089 123.413608 0.000000 0.000000 0.000000 0.000000 0.000000 0.000000
0.000000 0.000000 0.000000 0.000000 0.000000 0.000000 0.000000 0.000000 0.000000 0.000000 0.000000 0.000000 0.000000 0.000000 0.000000 0.000000 0.000000 0.000000 0.000000 0.000000 0.000000 0.000000 0.000000 123.412769 123.314888 123.246102 123.167226 123.107394 123.099280 123.091447 123.083333 123.075239 123.067406 123.059292 123.051179 123.043345 123.035251 123.030775 123.034412 123.042226 123.050340 123.058453 123.066286 123.074400 123.082233 123.090328 123.098441 123.106274 123.167226 123.241346 123.318804 123.404935 0.000000 0.000000 0.000000 0.000000 0.000000 0.000000
0.000000 0.000000 0.000000 0.000000 0.000000 0.000000 0.000000 0.000000 0.000000 0.000000 0.000000 0.000000 0.000000 0.000000 0.000000 0.000000 0.000000 0.000000 0.000000 0.000000 0.000000 0.000000 0.000000 123.402977 123.313489 123.233513 123.155775 123.107953 123.099840 123.092006 123.083893 123.075799 123.067965 123.059852 123.051738 123.043905 123.035811 123.031334 123.034971 123.042786 123.050899 123.059012 123.066846 123.074959 123.082793 123.090887 123.099000 123.106834 123.152697 123.224000 123.309572 123.395703 0.000000 0.000000 0.000000 0.000000 0.000000 0.000000
0.000000 0.000000 0.000000 0.000000 0.000000 0.000000 0.000000 0.000000 0.000000 0.000000 0.000000 0.000000 0.000000 0.000000 0.000000 0.000000 0.000000 0.000000 0.000000 0.000000 0.000000 0.000000 0.000000 123.376399 123.300340 123.233233 123.145703 123.108513 123.100399 123.092566 123.084452 123.076358 123.068525 123.060411 123.052298 123.044464 123.036370 123.031894 123.035531 123.043345 123.051459 123.059572 123.067406 123.075519 123.083613 123.091447 123.099560 123.107394 123.145423 123.211411 123.298381 123.375560 0.000000 0.000000 0.000000 0.000000 0.000000 0.000000
0.000000 0.000000 0.000000 0.000000 0.000000 0.000000 0.000000 0.000000 0.000000 0.000000 0.000000 0.000000 0.000000 0.000000 0.000000 0.000000 0.000000 0.000000 0.000000 0.000000 0.000000 0.000000 0.000000 123.370543 123.286650 123.211131 123.132834 123.109072 123.100959 123.093125 123.085012 123.076918 123.069084 123.060971 123.052857 123.045024 123.036930 123.032453 123.036090 123.043905 123.052018 123.060131 123.067965 123.076078 123.084173 123.092006 123.100120 123.107953 123.131155 123.206954 123.286370 123.362709 0.000000 0.000000 0.000000 0.000000 0.000000 0.000000
0.000000 0.000000 0.000000 0.000000 0.000000 0.000000 0.000000 0.000000 0.000000 0.000000 0.000000 0.000000 0.000000 0.000000 0.000000 0.000000 0.000000 0.000000 0.000000 0.000000 0.000000 0.000000 0.000000 123.347602 123.272102 123.204995 123.131994 123.109632 123.101518 123.093685 123.085571 123.077477 123.069644 123.061530 123.053417 123.045583 123.037489 123.033013 123.036650 123.044464 123.052578 123.060691 123.068525 123.076638 123.084732 123.092566 123.100679 123.108513 123.117185 123.201078 123.264548 123.353757 0.000000 0.000000 0.000000 0.000000 0.000000 0.000000
0.000000 0.000000 0.000000 0.000000 0.000000 0.000000 0.000000 0.000000 0.000000 0.000000 0.000000 0.000000 0.000000 0.000000 0.000000 0.000000 0.000000 0.000000 0.000000 0.000000 0.000000 0.000000 0.000000 123.347322 123.257274 123.188489 123.118305 123.110191 123.102078 123.094244 123.086131 123.078037 123.070203 123.062090 123.053977 123.046143 123.038049 123.033572 123.037209 123.045024 123.053137 123.061251 123.069084 123.077197 123.085292 123.093125 123.101239 123.109072 123.117465 123.174220 123.251679 123.344524 0.000000 0.000000 0.000000 0.000000 0.000000 0.000000
0.000000 0.000000 0.000000 0.000000 0.000000 0.000000 0.000000 0.000000 0.000000 0.000000 0.000000 0.000000 0.000000 0.000000 0.000000 0.000000 0.000000 0.000000 0.000000 0.000000 0.000000 0.000000 123.415567 123.328317 123.254756 123.179256 123.118864 123.110751 123.102637 123.094804 123.086691 123.078596 123.070763 123.062649 123.054536 123.046703 123.038608 123.034132 123.037769 123.045583 123.053697 123.061810 123.069644 123.077757 123.085851 123.093685 123.101798 123.109632 123.118025 123.168066 123.241626 123.326918 123.410251 0.000000 0.000000 0.000000 0.000000 0.000000
0.000000 0.000000 0.000000 0.000000 0.000000 0.000000 0.000000 0.000000 0.000000 0.000000 0.000000 0.000000 0.000000 0.000000 0.000000 0.000000 0.000000 0.000000 0.000000 0.000000 0.000000 0.000000 123.397382 123.311530 123.244703 123.170304 123.119424 123.111310 123.103197 123.095363 123.087250 123.079156 123.071322 123.063209 123.055096 123.047262 123.039168 123.034691 123.038328 123.046143 123.054256 123.062370 123.070203 123.078317 123.086411 123.094244 123.102358 123.110191 123.118584 123.164168 123.231554 123.315447 123.402417 0.000000 0.000000 0.000000 0.000000 0.000000
0.000000 0.000000 0.000000 0.000000 0.000000 0.000000 0.000000 0.000000 0.000000 0.000000 0.000000 0.000000 0.000000 0.000000 0.000000 0.000000 0.000000 0.000000 0.000000 0.000000 0.000000 0.000000 123.388988 123.307893 123.237709 123.156614 123.119983 123.111870 123.103757 123.095923 123.087810 123.079715 123.071882 123.063768 123.055655 123.047822 123.039727 123.035251 123.038888 123.046703 123.054816 123.062929 123.070763 123.078876 123.086970 123.094804 123.102917 123.110751 123.119144 123.144864 123.231554 123.302298 123.381714 0.000000 0.000000 0.000000 0.000000 0.000000
0.000000 0.000000 0.000000 0.000000 0.000000 0.000000 0.000000 0.000000 0.000000 0.000000 0.000000 0.000000 0.000000 0.000000 0.000000 0.000000 0.000000 0.000000 0.000000 0.000000 0.000000 0.000000 123.377518 123.297542 123.220643 123.143185 123.120543 123.112429 123.104316 123.096483 123.088369 123.080275 123.072441 123.064328 123.056215 123.048381 123.040287 123.035811 123.039448 123.047262 123.055375 123.063489 123.071322 123.079436 123.087530 123.095363 123.103477 123.111310 123.119703 123.142066 123.216167 123.283293 123.369983 0.000000 0.000000 0.000000 0.000000 0.000000
0.000000 0.000000 0.000000 0.000000 0.000000 0.000000 0.000000 0.000000 0.000000 0.000000 0.000000 0.000000 0.000000 0.000000 0.000000 0.000000 0.000000 0.000000 0.000000 0.000000 0.000000 0.000000 123.365787 123.282174 123.206394 123.129476 123.121102 123.112989 123.104876 123.097042 123.088929 123.080834 123.073001 123.064888 123.056774 123.048941 123.040846 123.036370 123.040007 123.047822 123.055935 123.064048 123.071882 123.079995 123.088089 123.095923 123.104036 123.111870 123.120263 123.128357 123.202757 123.271542 123.360471 0.000000 0.000000 0.000000 0.000000 0.000000
0.000000 0.000000 0.000000 0.000000 0.000000 0.000000 0.000000 0.000000 0.000000 0.000000 0.000000 0.000000 0.000000 0.000000 0.000000 0.000000 0.000000 0.000000 0.000000 0.000000 0.000000 0.000000 123.348161 123.268745 123.201918 123.129476 123.121662 123.113548 123.105435 123.097602 123.089488 123.081394 123.073560 123.065447 123.057334 123.049500 123.041406 123.036930 123.040567 123.048381 123.056494 123.064608 123.072441 123.080555 123.088649 123.096483 123.104596 123.112429 123.120823 123.128917 123.189888 123.262310 123.344804 0.000000 0.000000 0.000000 0.000000 0.000000
0.000000 0.000000 0.000000 0.000000 0.000000 0.000000 0.000000 0.000000 0.000000 0.000000 0.000000 0.000000 0.000000 0.000000 0.000000 0.000000 0.000000 0.000000 0.000000 0.000000 0.000000 123.416406 123.335571 123.261471 123.182893 123.130036 123.122221 123.114108 123.105995 123.098161 123.090048 123.081954 123.074120 123.066007 123.057893 123.050060 123.041946 123.037489 123.041126 123.048941 123.057054 123.065167 123.073001 123.081114 123.089209 123.097042 123.105155 123.112989 123.121382 123.129476 123.182893 123.256155 123.329436 123.410811 0.000000 0.000000 0.000000 0.000000
0.000000 0.000000 0.000000 0.000000 0.000000 0.000000 0.000000 0.000000 0.000000 0.000000 0.000000 0.000000 0.000000 0.000000 0.000000 0.000000 0.000000 0.000000 0.000000 0.000000 0.000000 123.406614 123.329715 123.245263 123.181215 123.130595 123.122781 123.114668 123.106554 123.098721 123.090607 123.082513 123.074680 123.066566 123.058453 123.050619 123.042506 123.038049 123.041667 123.049500 123.057614 123.065727 123.073560 123.081674 123.089768 123.097602 123.105715 123.113548 123.121942 123.130036 123.165846 123.248620 123.313209 123.405495 0.000000 0.000000 0.000000 0.000000
0.000000 0.000000 0.000000 0.000000 0.000000 0.000000 0.000000 0.000000 0.000000 0.000000 0.000000 0.000000 0.000000 0.000000 0.000000 0.000000 0.000000 0.000000 0.000000 0.000000 0.000000 123.388988 123.305375 123.242185 123.169185 123.131155 123.123340 123.115227 123.107114 123.099280 123.091167 123.083073 123.075239 123.067126 123.059012 123.051179 123.043066 123.038608 123.042226 123.050060 123.058173 123.066286 123.074120 123.082233 123.090328 123.098161 123.106274 123.114108 123.122501 123.130595 123.152977 123.227637 123.300340 123.384792 0.000000 0.000000 0.000000 0.000000
0.000000 0.000000 0.000000 0.000000 0.000000 0.000000 0.000000 0.000000 0.000000 0.000000 0.000000 0.000000 0.000000 0.000000 0.000000 0.000000 0.000000 0.000000 0.000000 0.000000 0.000000 123.383113 123.298941 123.228197 123.156054 123.131714 123.123900 123.115787 123.107673 123.099840 123.091726 123.083613 123.075799 123.067685 123.059572 123.051738 123.043625 123.039168 123.042786 123.050619 123.058733 123.066846 123.074680 123.082793 123.090887 123.098721 123.106834 123.114668 123.123061 123.131155 123.139548 123.222322 123.286370 123.368584 0.000000 0.000000 0.000000 0.000000
0.000000 0.000000 0.000000 0.000000 0.000000 0.000000 0.000000 0.000000 0.000000 0.000000 0.000000 0.000000 0.000000 0.000000 0.000000 0.000000 0.000000 0.000000 0.000000 0.000000 0.000000 123.365787 123.283852 123.220363 123.140667 123.132274 123.124460 123.116346 123.108233 123.100399 123.092286 123.084173 123.076358 123.068245 123.060131 123.052298 123.044185 123.039727 123.043345 123.051179 123.059292 123.067406 123.075239 123.083333 123.091447 123.099280 123.107394 123.115227 123.123620 123.131714 123.139548 123.206674 123.273501 123.362989 0.000000 0.000000 0.000000 0.000000
0.000000 0.000000 0.000000 0.000000 0.000000 0.000000 0.000000 0.000000 0.000000 0.000000 0.000000 0.000000 0.000000 0.000000 0.000000 0.000000 0.000000 0.000000 0.000000 0.000000 0.000000 123.361031 123.278257 123.206674 123.140947 123.132834 123.125000 123.116906 123.108792 123.100959 123.092846 123.084732 123.076918 123.068804 123.060691 123.052857 123.044744 123.040287 123.043905 123.051738 123.059852 123.067965 123.075799 123.083893 123.092006 123.099840 123.107953 123.115787 123.124180 123.132274 123.140108 123.202477 123.273780 123.338929 0.000000 0.000000 0.000000 0.000000
0.000000 0.000000 0.000000 0.000000 0.000000 0.000000 0.000000 0.000000 0.000000 0.000000 0.000000 0.000000 0.000000 0.000000 0.000000 0.000000 0.000000 0.000000 0.000000 0.000000 0.000000 123.339209 123.265108 123.194364 123.141506 123.133393 123.125560 123.117465 123.109352 123.101518 123.093405 123.085292 123.077477 123.069364 123.061251 123.053417 123.045304 123.040846 123.044464 123.052298 123.060411 123.068525 123.076358 123.084452 123.092566 123.100399 123.108513 123.116346 123.124739 123.132834 123.140667 123.190727 123.253917 123.324120 0.000000 0.000000 0.000000 0.000000
0.000000 0.000000 0.000000 0.000000 0.000000 0.000000 0.000000 0.000000 0.000000 0.000000 0.000000 0.000000 0.000000 0.000000 0.000000 0.000000 0.000000 0.000000 0.000000 0.000000 123.407453 123.332233 123.257834 123.185131 123.142066 123.133953 123.126119 123.118025 123.109911 123.102078 123.093965 123.085851 123.078037 123.069923 123.061810 123.053977 123.045863 123.041406 123.045024 123.052857 123.060971 123.069084 123.076918 123.085012 123.093125 123.100959 123.109072 123.116906 123.125280 123.133393 123.141227 123.176459 123.246942 123.311530 123.401298 0.000000 0.000000 0.000000
0.000000 0.000000 0.000000 0.000000 0.000000 0.000000 0.000000 0.000000 0.000000 0.000000 0.000000 0.000000 0.000000 0.000000 0.000000 0.000000 0.000000 0.000000 0.000000 0.000000 123.400739 123.313489 123.245543 123.166406 123.142626 123.134512 123.126679 123.118584 123.110471 123.102637 123.094524 123.086411 123.078596 123.070483 123.062370 123.054536 123.046423 123.041946 123.045583 123.053417 123.061530 123.069644 123.077477 123.085571 123.093685 123.101518 123.109632 123.117465 123.125839 123.133953 123.141786 123.164448 123.239388 123.309852 123.391786 0.000000 0.000000 0.000000
0.000000 0.000000 0.000000 0.000000 0.000000 0.000000 0.000000 0.000000 0.000000 0.000000 0.000000 0.000000 0.000000 0.000000 0.000000 0.000000 0.000000 0.000000 0.000000 0.000000 123.380316 123.299220 123.240507 123.165846 123.143185 123.135072 123.127238 123.119144 123.111031 123.103197 123.095084 123.086970 123.079156 123.071043 123.062929 123.055096 123.046982 123.042506 123.046143 123.053977 123.062090 123.070203 123.078037 123.086131 123.094244 123.102078 123.110191 123.118025 123.126399 123.134512 123.142346 123.150739 123.226798 123.299220 123.382274 0.000000 0.000000 0.000000
0.000000 0.000000 0.000000 0.000000 0.000000 0.000000 0.000000 0.000000 0.000000 0.000000 0.000000 0.000000 0.000000 0.000000 0.000000 0.000000 0.000000 0.000000 0.000000 0.000000 123.370823 123.299500 123.229316 123.151858 123.143745 123.135631 123.127798 123.119703 123.111590 123.103757 123.095643 123.087530 123.079715 123.071602 123.063489 123.055655 123.047542 123.043066 123.046703 123.054536 123.062649 123.070763 123.078596 123.086691 123.094804 123.102637 123.110751 123.118584 123.126958 123.135072 123.142905 123.151019 123.215048 123.284691 123.361590 0.000000 0.000000 0.000000
