FireSTARR/test/constant/C2_S060_A090_WD225_WS020/arrival.asc
ncols         70
nrows         74
xllcorner     426003.990666
yllcorner     12742055.311160
cellsize      100.000000
NODATA_value  0.000000
[rows 26 to 51 of 74, columns 0 to 58 of 70]
0.000000 0.000000 0.000000 0.000000 0.000000 123.402177 123.362600 123.337514 123.312572 123.285539 123.262543 123.235510 123.210424 123.183391 123.158448 123.156358 123.152177 123.145905 123.141724 123.137543 123.135453 123.133362 123.131272 123.127091 123.123053 123.123053 123.129181 123.139634 123.152177 123.160539 123.172938 123.183391 123.193843 123.204296 123.216695 123.227148 123.237600 123.248053 123.262543 123.272996 123.283448 123.297938 123.310481 123.318843 123.333333 123.343786 123.358419 123.368872 123.385453 123.410539 0.000000 0.000000 0.000000 0.000000 0.000000 0.000000 0.000000 0.000000 0.000000
0.000000 0.000000 0.000000 0.000000 0.000000 0.000000 123.383362 123.356329 123.331386 123.304210 123.281358 123.256272 123.231329 123.204296 123.177119 123.164720 123.162629 123.154267 123.152177 123.147996 123.143815 123.141724 123.139634 123.135453 123.133362 123.129181 123.129181 123.135453 123.145905 123.158448 123.168757 123.179210 123.187572 123.200115 123.212514 123.222967 123.233419 123.245962 123.258362 123.268815 123.277177 123.289720 123.300029 123.314662 123.327205 123.337514 123.352148 123.362600 123.377091 123.387543 123.404267 0.000000 0.000000 0.000000 0.000000 0.000000 0.000000 0.000000 0.000000
0.000000 0.000000 0.000000 0.000000 0.000000 0.000000 123.402177 123.377091 123.350057 123.323024 123.300029 123.275086 123.250000 123.222967 123.195934 123.175029 123.170848 123.166667 123.162629 123.158448 123.154267 123.150086 123.147996 123.143815 123.139634 123.139634 123.135453 123.135453 123.143815 123.154267 123.164720 123.175029 123.185481 123.195934 123.206386 123.218786 123.229238 123.241781 123.250000 123.262543 123.275086 123.283448 123.297938 123.310481 123.320934 123.335424 123.343786 123.356329 123.368872 123.383362 123.395905 123.406358 0.000000 0.000000 0.000000 0.000000 0.000000 0.000000 0.000000
0.000000 0.000000 0.000000 0.000000 0.000000 0.000000 0.000000 123.395905 123.370962 123.343786 123.318843 123.293757 123.268815 123.241781 123.216695 123.191753 123.181300 123.177119 123.172938 123.166667 123.162629 123.160539 123.156358 123.154267 123.152177 123.147996 123.145905 123.141724 123.141724 123.150086 123.160539 123.170848 123.181300 123.193843 123.202205 123.212514 123.222967 123.233419 123.245962 123.258362 123.270905 123.281358 123.291667 123.302119 123.314662 123.327205 123.337514 123.352148 123.364691 123.377091 123.391724 123.402177 123.414720 0.000000 0.000000 0.000000 0.000000 0.000000 0.000000
0.000000 0.000000 0.000000 0.000000 0.000000 0.000000 0.000000 123.414720 123.389634 123.362600 123.337514 123.312572 123.287629 123.260453 123.235510 123.210424 123.189662 123.185481 123.183391 123.177119 123.172938 123.168757 123.164720 123.160539 123.160539 123.156358 123.154267 123.150086 123.147996 123.147996 123.158448 123.166667 123.177119 123.189662 123.200115 123.208333 123.218786 123.231329 123.243872 123.252091 123.262543 123.275086 123.289720 123.300029 123.310481 123.320934 123.335424 123.347967 123.358419 123.368872 123.381272 123.393815 123.408448 0.000000 0.000000 0.000000 0.000000 0.000000 0.000000
0.000000 0.000000 0.000000 0.000000 0.000000 0.000000 0.000000 0.000000 123.408448 123.381272 123.358419 123.333333 123.306300 123.281358 123.254181 123.229238 123.202205 123.198024 123.193843 123.187572 123.183391 123.179210 123.175029 123.168757 123.168757 123.166667 123.164720 123.160539 123.158448 123.154267 123.156358 123.164720 123.172938 123.185481 123.195934 123.206386 123.214605 123.225057 123.235510 123.250000 123.260453 123.270905 123.283448 123.293757 123.304210 123.316753 123.329296 123.337514 123.352148 123.366781 123.377091 123.387543 123.400086 123.414720 0.000000 0.000000 0.000000 0.000000 0.000000
0.000000 0.000000 0.000000 0.000000 0.000000 0.000000 0.000000 0.000000 0.000000 123.400086 123.377091 123.350057 123.325115 123.300029 123.272996 123.250000 123.222967 123.206386 123.200115 123.198024 123.191753 123.187572 123.183391 123.181300 123.175029 123.175029 123.172938 123.166667 123.164720 123.162629 123.160539 123.162629 123.172938 123.181300 123.189662 123.202205 123.212514 123.220876 123.233419 123.245962 123.256272 123.266724 123.277177 123.287629 123.300029 123.310481 123.323024 123.333333 123.345876 123.360510 123.370962 123.381272 123.391724 123.406358 0.000000 0.000000 0.000000 0.000000 0.000000
0.000000 0.000000 0.000000 0.000000 0.000000 0.000000 0.000000 0.000000 0.000000 0.000000 123.395905 123.370962 123.345876 123.318843 123.291667 123.268815 123.241781 123.216695 123.214605 123.208333 123.202205 123.198024 123.193843 123.189662 123.185481 123.183391 123.181300 123.179210 123.172938 123.172938 123.168757 123.166667 123.168757 123.177119 123.187572 123.198024 123.208333 123.220876 123.227148 123.239691 123.248053 123.264634 123.275086 123.285539 123.295848 123.308391 123.318843 123.329296 123.341695 123.352148 123.362600 123.379181 123.389634 123.400086 123.412629 0.000000 0.000000 0.000000 0.000000
0.000000 0.000000 0.000000 0.000000 0.000000 0.000000 0.000000 0.000000 0.000000 0.000000 123.414720 123.389634 123.364691 123.337514 123.310481 123.287629 123.260453 123.235510 123.222967 123.216695 123.214605 123.208333 123.202205 123.198024 123.195934 123.189662 123.189662 123.187572 123.183391 123.179210 123.179210 123.175029 123.172938 123.175029 123.185481 123.193843 123.204296 123.214605 123.225057 123.235510 123.245962 123.258362 123.266724 123.279267 123.293757 123.302119 123.312572 123.325115 123.335424 123.345876 123.358419 123.368872 123.381272 123.395905 123.406358 123.416667 0.000000 0.000000 0.000000
0.000000 0.000000 0.000000 0.000000 0.000000 0.000000 0.000000 0.000000 0.000000 0.000000 0.000000 123.408448 123.383362 123.356329 123.329296 123.306300 123.279267 123.254181 123.231329 123.227148 123.222967 123.218786 123.214605 123.208333 123.204296 123.200115 123.198024 123.193843 123.193843 123.189662 123.185481 123.185481 123.181300 123.179210 123.181300 123.191753 123.200115 123.210424 123.222967 123.233419 123.241781 123.252091 123.264634 123.277177 123.289720 123.297938 123.308391 123.318843 123.329296 123.341695 123.356329 123.366781 123.377091 123.387543 123.400086 123.414720 0.000000 0.000000 0.000000
0.000000 0.000000 0.000000 0.000000 0.000000 0.000000 0.000000 0.000000 0.000000 0.000000 0.000000 0.000000 123.402177 123.375000 123.347967 123.325115 123.297938 123.272996 123.248053 123.239691 123.231329 123.229238 123.222967 123.218786 123.214605 123.210424 123.208333 123.202205 123.200115 123.200115 123.195934 123.191753 123.189662 123.187572 123.185481 123.187572 123.198024 123.206386 123.218786 123.229238 123.239691 123.250000 123.260453 123.270905 123.281358 123.293757 123.304210 123.316753 123.327205 123.337514 123.350057 123.360510 123.373053 123.383362 123.393815 123.406358 0.000000 0.000000 0.000000
0.000000 0.000000 0.000000 0.000000 0.000000 0.000000 0.000000 0.000000 0.000000 0.000000 0.000000 0.000000 0.000000 123.393815 123.368872 123.345876 123.316753 123.291667 123.266724 123.245962 123.245962 123.237600 123.233419 123.229238 123.225057 123.218786 123.216695 123.212514 123.208333 123.206386 123.204296 123.202205 123.198024 123.195934 123.193843 123.191753 123.195934 123.204296 123.214605 123.225057 123.235510 123.245962 123.256272 123.266724 123.277177 123.289720 123.300029 123.312572 123.323024 123.333333 123.343786 123.354238 123.368872 123.379181 123.391724 123.402177 123.414720 0.000000 0.000000
0.000000 0.000000 0.000000 0.000000 0.000000 0.000000 0.000000 0.000000 0.000000 0.000000 0.000000 0.000000 0.000000 123.412629 123.387543 123.364691 123.335424 123.310481 123.285539 123.260453 123.254181 123.245962 123.243872 123.239691 123.233419 123.229238 123.225057 123.225057 123.220876 123.214605 123.212514 123.212514 123.206386 123.204296 123.202205 123.198024 123.198024 123.202205 123.212514 123.220876 123.233419 123.241781 123.252091 123.264634 123.272996 123.283448 123.293757 123.308391 123.316753 123.329296 123.339605 123.352148 123.362600 123.373053 123.387543 123.397996 123.406358 0.000000 0.000000
0.000000 0.000000 0.000000 0.000000 0.000000 0.000000 0.000000 0.000000 0.000000 0.000000 0.000000 0.000000 0.000000 0.000000 123.406358 123.383362 123.354238 123.329296 123.304210 123.279267 123.262543 123.258362 123.254181 123.250000 123.245962 123.239691 123.237600 123.233419 123.227148 123.222967 123.220876 123.220876 123.216695 123.212514 123.210424 123.208333 123.206386 123.204296 123.208333 123.218786 123.227148 123.237600 123.250000 123.260453 123.268815 123.281358 123.291667 123.302119 123.312572 123.325115 123.337514 123.347967 123.356329 123.366781 123.381272 123.391724 123.404267 123.414720 0.000000
0.000000 0.000000 0.000000 0.000000 0.000000 0.000000 0.000000 0.000000 0.000000 0.000000 0.000000 0.000000 0.000000 0.000000 0.000000 123.400086 123.375000 123.347967 123.323024 123.297938 123.272996 123.268815 123.262543 123.258362 123.254181 123.248053 123.243872 123.239691 123.237600 123.235510 123.229238 123.227148 123.225057 123.220876 123.218786 123.216695 123.214605 123.212514 123.210424 123.214605 123.225057 123.233419 123.245962 123.256272 123.266724 123.277177 123.287629 123.297938 123.308391 123.320934 123.329296 123.341695 123.352148 123.362600 123.375000 123.387543 123.400086 123.410539 0.000000
0.000000 0.000000 0.000000 0.000000 0.000000 0.000000 0.000000 0.000000 0.000000 0.000000 0.000000 0.000000 0.000000 0.000000 0.000000 0.000000 123.393815 123.368872 123.343786 123.316753 123.291667 123.279267 123.275086 123.268815 123.264634 123.258362 123.256272 123.250000 123.248053 123.241781 123.237600 123.237600 123.233419 123.231329 123.227148 123.225057 123.222967 123.220876 123.216695 123.216695 123.220876 123.233419 123.241781 123.252091 123.262543 123.272996 123.283448 123.293757 123.304210 123.314662 123.325115 123.337514 123.350057 123.360510 123.370962 123.381272 123.391724 123.406358 0.000000
0.000000 0.000000 0.000000 0.000000 0.000000 0.000000 0.000000 0.000000 0.000000 0.000000 0.000000 0.000000 0.000000 0.000000 0.000000 0.000000 123.412629 123.387543 123.362600 123.335424 123.310481 123.287629 123.283448 123.277177 123.272996 123.270905 123.264634 123.260453 123.256272 123.252091 123.250000 123.245962 123.243872 123.239691 123.237600 123.233419 123.229238 123.229238 123.225057 123.222967 123.222967 123.227148 123.239691 123.248053 123.256272 123.270905 123.281358 123.289720 123.300029 123.312572 123.320934 123.333333 123.343786 123.354238 123.366781 123.377091 123.389634 123.400086 123.410539
0.000000 0.000000 0.000000 0.000000 0.000000 0.000000 0.000000 0.000000 0.000000 0.000000 0.000000 0.000000 0.000000 0.000000 0.000000 0.000000 0.000000 123.406358 123.381272 123.356329 123.331386 123.304210 123.293757 123.291667 123.283448 123.281358 123.275086 123.270905 123.266724 123.260453 123.258362 123.254181 123.250000 123.250000 123.245962 123.241781 123.239691 123.235510 123.235510 123.231329 123.229238 123.229238 123.233419 123.245962 123.254181 123.264634 123.277177 123.287629 123.297938 123.308391 123.316753 123.327205 123.339605 123.352148 123.362600 123.373053 123.383362 123.393815 123.404267
0.000000 0.000000 0.000000 0.000000 0.000000 0.000000 0.000000 0.000000 0.000000 0.000000 0.000000 0.000000 0.000000 0.000000 0.000000 0.000000 0.000000 0.000000 123.400086 123.375000 123.350057 123.325115 123.304210 123.297938 123.293757 123.289720 123.285539 123.279267 123.275086 123.270905 123.268815 123.264634 123.258362 123.256272 123.254181 123.252091 123.250000 123.245962 123.241781 123.241781 123.237600 123.235510 123.235510 123.241781 123.254181 123.260453 123.270905 123.283448 123.293757 123.304210 123.314662 123.325115 123.335424 123.345876 123.356329 123.368872 123.379181 123.391724 123.400086
0.000000 0.000000 0.000000 0.000000 0.000000 0.000000 0.000000 0.000000 0.000000 0.000000 0.000000 0.000000 0.000000 0.000000 0.000000 0.000000 0.000000 0.000000 0.000000 123.393815 123.368872 123.343786 123.316753 123.310481 123.306300 123.297938 123.295848 123.289720 123.285539 123.281358 123.277177 123.275086 123.268815 123.264634 123.262543 123.260453 123.258362 123.254181 123.252091 123.248053 123.245962 123.243872 123.241781 123.241781 123.250000 123.258362 123.268815 123.279267 123.289720 123.300029 123.312572 123.320934 123.329296 123.341695 123.354238 123.364691 123.375000 123.387543 123.397996
0.000000 0.000000 0.000000 0.000000 0.000000 0.000000 0.000000 0.000000 0.000000 0.000000 0.000000 0.000000 0.000000 0.000000 0.000000 0.000000 0.000000 0.000000 0.000000 123.412629 123.387543 123.362600 123.335424 123.318843 123.314662 123.310481 123.306300 123.300029 123.295848 123.291667 123.287629 123.283448 123.279267 123.275086 123.272996 123.268815 123.266724 123.264634 123.258362 123.256272 123.254181 123.252091 123.250000 123.248053 123.248053 123.256272 123.266724 123.275086 123.283448 123.297938 123.308391 123.318843 123.327205 123.339605 123.347967 123.358419 123.368872 123.383362 123.393815
0.000000 0.000000 0.000000 0.000000 0.000000 0.000000 0.000000 0.000000 0.000000 0.000000 0.000000 0.000000 0.000000 0.000000 0.000000 0.000000 0.000000 0.000000 0.000000 0.000000 123.406358 123.381272 123.354238 123.331386 123.327205 123.320934 123.316753 123.310481 123.304210 123.300029 123.295848 123.293757 123.289720 123.285539 123.281358 123.279267 123.275086 123.272996 123.268815 123.264634 123.264634 123.260453 123.258362 123.256272 123.254181 123.254181 123.262543 123.272996 123.281358 123.291667 123.302119 123.314662 123.323024 123.333333 123.343786 123.354238 123.364691 123.375000 123.389634
0.000000 0.000000 0.000000 0.000000 0.000000 0.000000 0.000000 0.000000 0.000000 0.000000 0.000000 0.000000 0.000000 0.000000 0.000000 0.000000 0.000000 0.000000 0.000000 0.000000 0.000000 123.400086 123.375000 123.350057 123.335424 123.329296 123.325115 123.320934 123.316753 123.310481 123.306300 123.304210 123.297938 123.293757 123.289720 123.285539 123.283448 123.283448 123.279267 123.272996 123.272996 123.268815 123.266724 123.264634 123.262543 123.260453 123.260453 123.270905 123.279267 123.289720 123.300029 123.310481 123.320934 123.331386 123.341695 123.352148 123.360510 123.373053 123.383362
0.000000 0.000000 0.000000 0.000000 0.000000 0.000000 0.000000 0.000000 0.000000 0.000000 0.000000 0.000000 0.000000 0.000000 0.000000 0.000000 0.000000 0.000000 0.000000 0.000000 0.000000 0.000000 123.393815 123.368872 123.343786 123.339605 123.337514 123.331386 123.327205 123.318843 123.316753 123.312572 123.308391 123.306300 123.300029 123.295848 123.291667 123.289720 123.285539 123.283448 123.281358 123.279267 123.275086 123.272996 123.270905 123.268815 123.266724 123.266724 123.277177 123.287629 123.295848 123.304210 123.316753 123.327205 123.337514 123.347967 123.358419 123.368872 123.381272
0.000000 0.000000 0.000000 0.000000 0.000000 0.000000 0.000000 0.000000 0.000000 0.000000 0.000000 0.000000 0.000000 0.000000 0.000000 0.000000 0.000000 0.000000 0.000000 0.000000 0.000000 0.000000 123.412629 123.387543 123.362600 123.352148 123.347967 123.339605 123.335424 123.331386 123.325115 123.320934 123.318843 123.312572 123.310481 123.304210 123.302119 123.297938 123.295848 123.291667 123.291667 123.287629 123.283448 123.281358 123.279267 123.277177 123.275086 123.272996 123.272996 123.283448 123.291667 123.302119 123.312572 123.323024 123.335424 123.345876 123.354238 123.364691 123.377091
0.000000 0.000000 0.000000 0.000000 0.000000 0.000000 0.000000 0.000000 0.000000 0.000000 0.000000 0.000000 0.000000 0.000000 0.000000 0.000000 0.000000 0.000000 0.000000 0.000000 0.000000 0.000000 0.000000 123.406358 123.381272 123.358419 123.356329 123.352148 123.345876 123.343786 123.335424 123.331386 123.329296 123.323024 123.318843 123.314662 123.312572 123.308391 123.304210 123.302119 123.300029 123.295848 123.293757 123.289720 123.287629 123.285539 123.283448 123.281358 123.279267 123.281358 123.289720 123.300029 123.310481 123.318843 123.329296 123.339605 123.352148 123.362600 123.370962
