FireSTARR/test/constant/C2_S060_A090_WD225_WS020/arrival.asc
ncols         70
nrows         74
xllcorner     426003.990666
yllcorner     12742055.311160
cellsize      100.000000
NODATA_value  0.000000
[rows 0 to 25 of 74, columns 0 to 58 of 70]
0.000000 0.000000 0.000000 0.000000 0.000000 123.410539 123.379181 123.364691 123.360510 123.381272 123.404267 0.000000 0.000000 0.000000 0.000000 0.000000 0.000000 0.000000 0.000000 0.000000 0.000000 0.000000 0.000000 0.000000 0.000000 0.000000 0.000000 0.000000 0.000000 0.000000 0.000000 0.000000 0.000000 0.000000 0.000000 0.000000 0.000000 0.000000 0.000000 0.000000 0.000000 0.000000 0.000000 0.000000 0.000000 0.000000 0.000000 0.000000 0.000000 0.000000 0.000000 0.000000 0.000000 0.000000 0.000000 0.000000 0.000000 0.000000 0.000000
0.000000 0.000000 0.000000 0.000000 123.381272 123.339605 123.308391 123.295848 123.297938 123.320934 123.345876 123.368872 123.393815 0.000000 0.000000 0.000000 0.000000 0.000000 0.000000 0.000000 0.000000 0.000000 0.000000 0.000000 0.000000 0.000000 0.000000 0.000000 0.000000 0.000000 0.000000 0.000000 0.000000 0.000000 0.000000 0.000000 0.000000 0.000000 0.000000 0.000000 0.000000 0.000000 0.000000 0.000000 0.000000 0.000000 0.000000 0.000000 0.000000 0.000000 0.000000 0.000000 0.000000 0.000000 0.000000 0.000000 0.000000 0.000000 0.000000
0.000000 0.000000 123.408448 123.354238 123.310481 123.268815 123.237600 123.229238 123.239691 123.262543 123.287629 123.310481 123.335424 123.358419 123.383362 123.406358 0.000000 0.000000 0.000000 0.000000 0.000000 0.000000 0.000000 0.000000 0.000000 0.000000 0.000000 0.000000 0.000000 0.000000 0.000000 0.000000 0.000000 0.000000 0.000000 0.000000 0.000000 0.000000 0.000000 0.000000 0.000000 0.000000 0.000000 0.000000 0.000000 0.000000 0.000000 0.000000 0.000000 0.000000 0.000000 0.000000 0.000000 0.000000 0.000000 0.000000 0.000000 0.000000 0.000000
0.000000 0.000000 123.373053 123.291667 123.239691 123.198024 123.166667 123.162629 123.179210 123.204296 123.229238 123.252091 123.275086 123.300029 123.323024 123.347967 123.370962 123.393815 0.000000 0.000000 0.000000 0.000000 0.000000 0.000000 0.000000 0.000000 0.000000 0.000000 0.000000 0.000000 0.000000 0.000000 0.000000 0.000000 0.000000 0.000000 0.000000 0.000000 0.000000 0.000000 0.000000 0.000000 0.000000 0.000000 0.000000 0.000000 0.000000 0.000000 0.000000 0.000000 0.000000 0.000000 0.000000 0.000000 0.000000 0.000000 0.000000 0.000000 0.000000
0.000000 123.416667 123.337514 123.256272 123.177119 123.127091 123.095876 123.095876 123.120962 123.145905 123.168757 123.191753 123.216695 123.239691 123.264634 123.287629 123.312572 123.337514 123.360510 123.383362 123.408448 0.000000 0.000000 0.000000 0.000000 0.000000 0.000000 0.000000 0.000000 0.000000 0.000000 0.000000 0.000000 0.000000 0.000000 0.000000 0.000000 0.000000 0.000000 0.000000 0.000000 0.000000 0.000000 0.000000 0.000000 0.000000 0.000000 0.000000 0.000000 0.000000 0.000000 0.000000 0.000000 0.000000 0.000000 0.000000 0.000000 0.000000 0.000000
0.000000 123.381272 123.300029 123.220876 123.141724 123.060481 123.031358 123.037629 123.062572 123.087514 123.110510 123.133362 123.158448 123.181300 123.204296 123.229238 123.252091 123.277177 123.300029 123.325115 123.347967 123.370962 123.395905 0.000000 0.000000 0.000000 0.000000 0.000000 0.000000 0.000000 0.000000 0.000000 0.000000 0.000000 0.000000 0.000000 0.000000 0.000000 0.000000 0.000000 0.000000 0.000000 0.000000 0.000000 0.000000 0.000000 0.000000 0.000000 0.000000 0.000000 0.000000 0.000000 0.000000 0.000000 0.000000 0.000000 0.000000 0.000000 0.000000
0.000000 123.358419 123.279267 123.200115 123.118872 123.039720 123.000000 123.004181 123.018815 123.043757 123.066753 123.089605 123.114691 123.139634 123.162629 123.185481 123.210424 123.233419 123.258362 123.281358 123.304210 123.329296 123.354238 123.377091 123.400086 0.000000 0.000000 0.000000 0.000000 0.000000 0.000000 0.000000 0.000000 0.000000 0.000000 0.000000 0.000000 0.000000 0.000000 0.000000 0.000000 0.000000 0.000000 0.000000 0.000000 0.000000 0.000000 0.000000 0.000000 0.000000 0.000000 0.000000 0.000000 0.000000 0.000000 0.000000 0.000000 0.000000 0.000000
0.000000 123.347967 123.268815 123.189662 123.110510 123.039720 123.004181 123.004181 123.010453 123.022996 123.037629 123.060481 123.085424 123.110510 123.133362 123.156358 123.181300 123.204296 123.229238 123.252091 123.275086 123.300029 123.325115 123.347967 123.370962 123.393815 0.000000 0.000000 0.000000 0.000000 0.000000 0.000000 0.000000 0.000000 0.000000 0.000000 0.000000 0.000000 0.000000 0.000000 0.000000 0.000000 0.000000 0.000000 0.000000 0.000000 0.000000 0.000000 0.000000 0.000000 0.000000 0.000000 0.000000 0.000000 0.000000 0.000000 0.000000 0.000000 0.000000
123.416667 123.337514 123.258362 123.179210 123.110510 123.060481 123.020905 123.010453 123.010453 123.016724 123.031358 123.041667 123.056300 123.081386 123.104238 123.127091 123.152177 123.177119 123.200115 123.222967 123.245962 123.270905 123.293757 123.318843 123.341695 123.366781 123.389634 123.414720 0.000000 0.000000 0.000000 0.000000 0.000000 0.000000 0.000000 0.000000 0.000000 0.000000 0.000000 0.000000 0.000000 0.000000 0.000000 0.000000 0.000000 0.000000 0.000000 0.000000 0.000000 0.000000 0.000000 0.000000 0.000000 0.000000 0.000000 0.000000 0.000000 0.000000 0.000000
123.406358 123.327205 123.250000 123.183391 123.129181 123.079296 123.039720 123.020905 123.016724 123.016724 123.025086 123.035539 123.045848 123.058391 123.075115 123.097967 123.123053 123.145905 123.170848 123.195934 123.218786 123.241781 123.266724 123.289720 123.314662 123.337514 123.362600 123.387543 123.406358 0.000000 0.000000 0.000000 0.000000 0.000000 0.000000 0.000000 0.000000 0.000000 0.000000 0.000000 0.000000 0.000000 0.000000 0.000000 0.000000 0.000000 0.000000 0.000000 0.000000 0.000000 0.000000 0.000000 0.000000 0.000000 0.000000 0.000000 0.000000 0.000000 0.000000
123.395905 123.318843 123.254181 123.202205 123.147996 123.097967 123.058391 123.031358 123.027177 123.022996 123.022996 123.031358 123.043757 123.054210 123.066753 123.077205 123.093786 123.116781 123.139634 123.164720 123.187572 123.212514 123.235510 123.258362 123.283448 123.306300 123.331386 123.354238 123.377091 123.402177 0.000000 0.000000 0.000000 0.000000 0.000000 0.000000 0.000000 0.000000 0.000000 0.000000 0.000000 0.000000 0.000000 0.000000 0.000000 0.000000 0.000000 0.000000 0.000000 0.000000 0.000000 0.000000 0.000000 0.000000 0.000000 0.000000 0.000000 0.000000 0.000000
123.389634 123.325115 123.272996 123.220876 123.168757 123.116781 123.077205 123.052119 123.035539 123.033448 123.029267 123.029267 123.037629 123.052119 123.062572 123.070934 123.083333 123.095876 123.110510 123.133362 123.158448 123.183391 123.206386 123.231329 123.254181 123.279267 123.302119 123.325115 123.350057 123.375000 123.397996 0.000000 0.000000 0.000000 0.000000 0.000000 0.000000 0.000000 0.000000 0.000000 0.000000 0.000000 0.000000 0.000000 0.000000 0.000000 0.000000 0.000000 0.000000 0.000000 0.000000 0.000000 0.000000 0.000000 0.000000 0.000000 0.000000 0.000000 0.000000
123.395905 123.343786 123.293757 123.239691 123.187572 123.135453 123.097967 123.070934 123.045848 123.043757 123.039720 123.035539 123.037629 123.045848 123.056300 123.066753 123.079296 123.089605 123.104238 123.114691 123.129181 123.154267 123.179210 123.202205 123.225057 123.248053 123.272996 123.295848 123.318843 123.343786 123.368872 123.391724 123.416667 0.000000 0.000000 0.000000 0.000000 0.000000 0.000000 0.000000 0.000000 0.000000 0.000000 0.000000 0.000000 0.000000 0.000000 0.000000 0.000000 0.000000 0.000000 0.000000 0.000000 0.000000 0.000000 0.000000 0.000000 0.000000 0.000000
123.414720 123.362600 123.312572 123.258362 123.206386 123.154267 123.116781 123.089605 123.064662 123.052119 123.047938 123.045848 123.041667 123.043757 123.054210 123.064662 123.077205 123.085424 123.095876 123.106329 123.123053 123.131272 123.147996 123.172938 123.195934 123.218786 123.243872 123.266724 123.291667 123.314662 123.339605 123.362600 123.385453 123.410539 0.000000 0.000000 0.000000 0.000000 0.000000 0.000000 0.000000 0.000000 0.000000 0.000000 0.000000 0.000000 0.000000 0.000000 0.000000 0.000000 0.000000 0.000000 0.000000 0.000000 0.000000 0.000000 0.000000 0.000000 0.000000
0.000000 123.383362 123.331386 123.277177 123.225057 123.175029 123.135453 123.108419 123.083333 123.060481 123.058391 123.054210 123.052119 123.047938 123.050029 123.060481 123.068843 123.079296 123.091695 123.102148 123.116781 123.125000 123.141724 123.150086 123.166667 123.189662 123.214605 123.237600 123.262543 123.285539 123.310481 123.335424 123.358419 123.381272 123.404267 0.000000 0.000000 0.000000 0.000000 0.000000 0.000000 0.000000 0.000000 0.000000 0.000000 0.000000 0.000000 0.000000 0.000000 0.000000 0.000000 0.000000 0.000000 0.000000 0.000000 0.000000 0.000000 0.000000 0.000000
0.000000 123.402177 123.350057 123.295848 123.243872 123.193843 123.154267 123.127091 123.102148 123.077205 123.066753 123.064662 123.060481 123.056300 123.054210 123.056300 123.066753 123.077205 123.087514 123.097967 123.110510 123.123053 123.133362 123.143815 123.158448 123.168757 123.185481 123.208333 123.231329 123.256272 123.279267 123.304210 123.327205 123.352148 123.375000 123.400086 0.000000 0.000000 0.000000 0.000000 0.000000 0.000000 0.000000 0.000000 0.000000 0.000000 0.000000 0.000000 0.000000 0.000000 0.000000 0.000000 0.000000 0.000000 0.000000 0.000000 0.000000 0.000000 0.000000
0.000000 0.000000 123.368872 123.316753 123.262543 123.212514 123.172938 123.147996 123.120962 123.095876 123.077205 123.075115 123.068843 123.066753 123.064662 123.060481 123.062572 123.073024 123.085424 123.093786 123.106329 123.116781 123.127091 123.137543 123.150086 123.160539 123.177119 123.187572 123.202205 123.227148 123.250000 123.272996 123.297938 123.323024 123.345876 123.368872 123.393815 123.416667 0.000000 0.000000 0.000000 0.000000 0.000000 0.000000 0.000000 0.000000 0.000000 0.000000 0.000000 0.000000 0.000000 0.000000 0.000000 0.000000 0.000000 0.000000 0.000000 0.000000 0.000000
0.000000 0.000000 123.387543 123.335424 123.283448 123.231329 123.191753 123.166667 123.139634 123.114691 123.089605 123.083333 123.077205 123.075115 123.073024 123.068843 123.066753 123.068843 123.081386 123.091695 123.102148 123.110510 123.125000 123.133362 123.143815 123.158448 123.170848 123.179210 123.195934 123.204296 123.222967 123.245962 123.268815 123.293757 123.316753 123.341695 123.364691 123.389634 123.412629 0.000000 0.000000 0.000000 0.000000 0.000000 0.000000 0.000000 0.000000 0.000000 0.000000 0.000000 0.000000 0.000000 0.000000 0.000000 0.000000 0.000000 0.000000 0.000000 0.000000
0.000000 0.000000 123.406358 123.354238 123.302119 123.250000 123.210424 123.185481 123.158448 123.133362 123.108419 123.093786 123.089605 123.085424 123.081386 123.077205 123.077205 123.073024 123.077205 123.085424 123.100057 123.108419 123.118872 123.129181 123.141724 123.150086 123.162629 123.175029 123.187572 123.198024 123.212514 123.222967 123.239691 123.262543 123.287629 123.310481 123.333333 123.358419 123.383362 123.406358 0.000000 0.000000 0.000000 0.000000 0.000000 0.000000 0.000000 0.000000 0.000000 0.000000 0.000000 0.000000 0.000000 0.000000 0.000000 0.000000 0.000000 0.000000 0.000000
0.000000 0.000000 0.000000 123.373053 123.320934 123.268815 123.229238 123.204296 123.177119 123.152177 123.127091 123.102148 123.100057 123.095876 123.089605 123.085424 123.085424 123.081386 123.079296 123.083333 123.093786 123.104238 123.114691 123.125000 123.135453 123.147996 123.158448 123.170848 123.181300 123.193843 123.206386 123.214605 123.231329 123.241781 123.258362 123.281358 123.306300 123.329296 123.354238 123.377091 123.400086 0.000000 0.000000 0.000000 0.000000 0.000000 0.000000 0.000000 0.000000 0.000000 0.000000 0.000000 0.000000 0.000000 0.000000 0.000000 0.000000 0.000000 0.000000
0.000000 0.000000 0.000000 123.393815 123.339605 123.287629 123.248053 123.222967 123.195934 123.170848 123.145905 123.120962 123.106329 123.102148 123.100057 123.095876 123.093786 123.089605 123.087514 123.085424 123.089605 123.100057 123.112600 123.120962 123.133362 123.143815 123.152177 123.164720 123.177119 123.189662 123.200115 123.210424 123.222967 123.233419 123.248053 123.260453 123.277177 123.300029 123.325115 123.347967 123.370962 123.395905 0.000000 0.000000 0.000000 0.000000 0.000000 0.000000 0.000000 0.000000 0.000000 0.000000 0.000000 0.000000 0.000000 0.000000 0.000000 0.000000 0.000000
0.000000 0.000000 0.000000 123.412629 123.358419 123.308391 123.268815 123.241781 123.216695 123.189662 123.164720 123.139634 123.116781 123.114691 123.112600 123.106329 123.102148 123.097967 123.097967 123.093786 123.091695 123.095876 123.106329 123.118872 123.129181 123.137543 123.147996 123.162629 123.170848 123.181300 123.193843 123.204296 123.218786 123.227148 123.241781 123.252091 123.268815 123.279267 123.295848 123.318843 123.341695 123.366781 123.389634 123.414720 0.000000 0.000000 0.000000 0.000000 0.000000 0.000000 0.000000 0.000000 0.000000 0.000000 0.000000 0.000000 0.000000 0.000000 0.000000
0.000000 0.000000 0.000000 0.000000 123.377091 123.327205 123.287629 123.262543 123.235510 123.210424 123.185481 123.158448 123.133362 123.125000 123.118872 123.114691 123.112600 123.108419 123.106329 123.102148 123.100057 123.097967 123.102148 123.112600 123.125000 123.135453 123.143815 123.158448 123.168757 123.179210 123.189662 123.202205 123.214605 123.222967 123.235510 123.245962 123.258362 123.272996 123.287629 123.295848 123.312572 123.337514 123.360510 123.385453 123.408448 0.000000 0.000000 0.000000 0.000000 0.000000 0.000000 0.000000 0.000000 0.000000 0.000000 0.000000 0.000000 0.000000 0.000000
0.000000 0.000000 0.000000 0.000000 123.395905 123.345876 123.306300 123.281358 123.256272 123.229238 123.204296 123.177119 123.152177 123.133362 123.131272 123.127091 123.120962 123.116781 123.114691 123.112600 123.108419 123.106329 123.104238 123.108419 123.120962 123.131272 123.143815 123.150086 123.162629 123.172938 123.185481 123.195934 123.208333 123.216695 123.231329 123.243872 123.256272 123.266724 123.281358 123.289720 123.306300 123.314662 123.331386 123.354238 123.379181 123.402177 0.000000 0.000000 0.000000 0.000000 0.000000 0.000000 0.000000 0.000000 0.000000 0.000000 0.000000 0.000000 0.000000
0.000000 0.000000 0.000000 0.000000 123.416667 123.364691 123.325115 123.300029 123.275086 123.248053 123.222967 123.198024 123.170848 123.145905 123.139634 123.135453 123.129181 123.127091 123.125000 123.120962 123.118872 123.114691 123.110510 123.110510 123.116781 123.127091 123.137543 123.147996 123.158448 123.170848 123.181300 123.193843 123.202205 123.212514 123.225057 123.237600 123.248053 123.258362 123.270905 123.283448 123.297938 123.308391 123.323024 123.333333 123.350057 123.373053 123.397996 0.000000 0.000000 0.000000 0.000000 0.000000 0.000000 0.000000 0.000000 0.000000 0.000000 0.000000 0.000000
0.000000 0.000000 0.000000 0.000000 0.000000 123.383362 123.343786 123.318843 123.293757 123.266724 123.241781 123.216695 123.189662 123.164720 123.150086 123.145905 123.141724 123.135453 123.133362 123.131272 123.127091 123.125000 123.120962 123.118872 123.116781 123.123053 123.133362 123.145905 123.156358 123.164720 123.175029 123.185481 123.198024 123.208333 123.220876 123.231329 123.243872 123.256272 123.264634 123.279267 123.289720 123.300029 123.314662 123.325115 123.341695 123.352148 123.368872 123.391724 123.414720 0.000000 0.000000 0.000000 0.000000 0.000000 0.000000 0.000000 0.000000 0.000000 0.000000
