FireSTARR/test/constant/M1M225PC_S060_A000_WD270_WS000/arrival.asc
ncols         44
nrows         13
xllcorner     422403.990666
yllcorner     12748155.311160
cellsize      100.000000
NODATA_value  0.000000
0.000000 0.000000 0.000000 0.000000 0.000000 0.000000 0.000000 0.000000 0.000000 0.000000 0.000000 0.000000 0.000000 0.000000 0.000000 0.000000 0.000000 0.000000 0.000000 0.000000 0.000000 123.414043 123.404282 123.404282 123.394522 123.389641 123.379880 123.372376 123.389641 0.000000 0.000000 0.000000 0.000000 0.000000 0.000000 0.000000 0.000000 0.000000 0.000000 0.000000 0.000000 0.000000 0.000000 0.000000 
0.000000 0.000000 0.000000 0.000000 0.000000 0.000000 0.000000 0.000000 0.000000 0.000000 0.000000 0.000000 0.000000 0.000000 0.000000 0.000000 123.416667 123.409163 123.399402 123.389641 123.379880 123.367496 123.362616 123.352855 123.347974 123.338214 123.330710 123.320949 123.316069 123.311188 123.306308 123.347974 123.416667 0.000000 0.000000 0.000000 0.000000 0.000000 0.000000 0.000000 0.000000 0.000000 0.000000 0.000000 
0.000000 0.000000 0.000000 0.000000 0.000000 0.000000 0.000000 0.000000 0.000000 0.000000 0.000000 0.000000 0.000000 123.409163 123.399402 123.389641 123.379880 123.372376 123.362616 123.352855 123.343094 123.330710 123.320949 123.311188 123.306308 123.296547 123.284163 123.279282 123.269522 123.259761 123.250000 123.247376 123.237616 123.237616 123.289043 123.362616 0.000000 0.000000 0.000000 0.000000 0.000000 0.000000 0.000000 0.000000 
0.000000 0.000000 0.000000 0.000000 0.000000 0.000000 0.000000 0.000000 0.000000 123.409163 123.399402 123.389641 123.379880 123.372376 123.362616 123.352855 123.343094 123.330710 123.320949 123.311188 123.301427 123.291667 123.284163 123.274402 123.264641 123.254880 123.242496 123.232735 123.222974 123.218094 123.208333 123.200829 123.191069 123.181308 123.176427 123.171547 123.176427 123.242496 123.320949 123.394522 0.000000 0.000000 0.000000 0.000000 
0.000000 0.000000 0.000000 0.000000 0.000000 123.414043 123.404282 123.394522 123.384761 123.372376 123.362616 123.352855 123.343094 123.333333 123.325829 123.316069 123.306308 123.296547 123.284163 123.274402 123.264641 123.254880 123.247376 123.237616 123.227855 123.218094 123.205710 123.195949 123.186188 123.176427 123.166667 123.159163 123.149402 123.139641 123.129880 123.122376 123.117496 123.107735 123.102855 123.129880 123.200829 123.264641 123.330710 0.000000 
0.000000 123.416667 123.409163 123.399402 123.389641 123.379880 123.367496 123.357735 123.347974 123.338214 123.330710 123.320949 123.311188 123.301427 123.289043 123.279282 123.269522 123.259761 123.250000 123.242496 123.232735 123.222974 123.213214 123.200829 123.191069 123.181308 123.171547 123.164043 123.154282 123.144522 123.134761 123.122376 123.112616 123.102855 123.093094 123.083333 123.075829 123.066069 123.056308 123.046547 123.039043 123.034163 123.070949 123.311188 
123.409163 123.399402 123.389641 123.379880 123.372376 123.362616 123.352855 123.343094 123.330710 123.320949 123.311188 123.301427 123.291667 123.284163 123.274402 123.264641 123.254880 123.242496 123.232735 123.222974 123.213214 123.205710 123.195949 123.186188 123.176427 123.164043 123.154282 123.144522 123.134761 123.125000 123.117496 123.107735 123.097974 123.088214 123.075829 123.066069 123.056308 123.046547 123.039043 123.029282 123.019522 123.009761 123.000000 123.195949 
0.000000 123.416667 123.409163 123.399402 123.389641 123.379880 123.367496 123.357735 123.347974 123.338214 123.330710 123.320949 123.311188 123.301427 123.289043 123.279282 123.269522 123.259761 123.250000 123.242496 123.232735 123.222974 123.213214 123.200829 123.191069 123.181308 123.171547 123.164043 123.154282 123.144522 123.134761 123.122376 123.112616 123.102855 123.093094 123.088214 123.075829 123.066069 123.056308 123.046547 123.039043 123.039043 123.097974 123.338214 
0.000000 0.000000 0.000000 0.000000 0.000000 123.414043 123.404282 123.394522 123.384761 123.372376 123.362616 123.352855 123.343094 123.333333 123.325829 123.316069 123.306308 123.296547 123.284163 123.274402 123.264641 123.254880 123.247376 123.237616 123.227855 123.218094 123.205710 123.195949 123.186188 123.181308 123.171547 123.164043 123.154282 123.144522 123.134761 123.125000 123.122376 123.112616 123.107735 123.159163 123.227855 123.291667 123.362616 0.000000 
0.000000 0.000000 0.000000 0.000000 0.000000 0.000000 0.000000 0.000000 123.416667 123.409163 123.404282 123.394522 123.384761 123.372376 123.362616 123.352855 123.343094 123.333333 123.325829 123.316069 123.306308 123.296547 123.284163 123.274402 123.264641 123.254880 123.247376 123.237616 123.227855 123.218094 123.213214 123.205710 123.195949 123.191069 123.181308 123.176427 123.218094 123.284163 123.343094 0.000000 0.000000 0.000000 0.000000 0.000000 
0.000000 0.000000 0.000000 0.000000 0.000000 0.000000 0.000000 0.000000 0.000000 0.000000 0.000000 0.000000 123.416667 123.409163 123.399402 123.389641 123.379880 123.372376 123.362616 123.352855 123.343094 123.333333 123.325829 123.316069 123.306308 123.296547 123.289043 123.279282 123.274402 123.264641 123.259761 123.250000 123.247376 123.269522 123.343094 123.414043 0.000000 0.000000 0.000000 0.000000 0.000000 0.000000 0.000000 0.000000 
0.000000 0.000000 0.000000 0.000000 0.000000 0.000000 0.000000 0.000000 0.000000 0.000000 0.000000 0.000000 0.000000 0.000000 0.000000 0.000000 123.416667 123.409163 123.399402 123.389641 123.384761 123.372376 123.367496 123.357735 123.347974 123.343094 123.333333 123.325829 123.325829 123.316069 123.320949 123.384761 0.000000 0.000000 0.000000 0.000000 0.000000 0.000000 0.000000 0.000000 0.000000 0.000000 0.000000 0.000000 
0.000000 0.000000 0.000000 0.000000 0.000000 0.000000 0.000000 0.000000 0.000000 0.000000 0.000000 0.000000 0.000000 0.000000 0.000000 0.000000 0.000000 0.000000 0.000000 0.000000 0.000000 123.414043 123.414043 123.404282 123.394522 123.394522 123.384761 123.384761 0.000000 0.000000 0.000000 0.000000 0.000000 0.000000 0.000000 0.000000 0.000000 0.000000 0.000000 0.000000 0.000000 0.000000 0.000000 0.000000 
