FireSTARR/test/constant/M1M225PC_S060_A090_WD000_WS020/arrival.asc
ncols         19
nrows         107
xllcorner     425703.990666
yllcorner     12738155.311160
cellsize      100.000000
NODATA_value  0.000000
0.000000 0.000000 0.000000 0.000000 0.000000 0.000000 0.000000 0.000000 123.116818 123.000000 123.089242 0.000000 0.000000 0.000000 0.000000 0.000000 0.000000 0.000000 0.000000 
0.000000 0.000000 0.000000 0.000000 0.000000 0.000000 0.000000 123.325151 123.065303 123.003939 123.059394 123.313333 0.000000 0.000000 0.000000 0.000000 0.000000 0.000000 0.000000 
0.000000 0.000000 0.000000 0.000000 0.000000 0.000000 0.000000 123.297576 123.065303 123.007879 123.021666 123.281515 0.000000 0.000000 0.000000 0.000000 0.000000 0.000000 0.000000 
0.000000 0.000000 0.000000 0.000000 0.000000 0.000000 0.000000 123.251970 123.025606 123.011818 123.021666 123.210303 0.000000 0.000000 0.000000 0.000000 0.000000 0.000000 0.000000 
0.000000 0.000000 0.000000 0.000000 0.000000 0.000000 0.000000 123.190303 123.027576 123.015757 123.025606 123.176515 0.000000 0.000000 0.000000 0.000000 0.000000 0.000000 0.000000 
0.000000 0.000000 0.000000 0.000000 0.000000 0.000000 123.408485 123.174545 123.031515 123.019697 123.029545 123.128939 123.368788 0.000000 0.000000 0.000000 0.000000 0.000000 0.000000 
0.000000 0.000000 0.000000 0.000000 0.000000 0.000000 123.355000 123.146666 123.035454 123.023636 123.033485 123.116818 123.331060 0.000000 0.000000 0.000000 0.000000 0.000000 0.000000 
0.000000 0.000000 0.000000 0.000000 0.000000 0.000000 123.313333 123.110909 123.039394 123.027576 123.037424 123.101060 123.293636 0.000000 0.000000 0.000000 0.000000 0.000000 0.000000 
0.000000 0.000000 0.000000 0.000000 0.000000 0.000000 123.305454 123.075151 123.043636 123.031515 123.041363 123.067273 123.259848 0.000000 0.000000 0.000000 0.000000 0.000000 0.000000 
0.000000 0.000000 0.000000 0.000000 0.000000 0.000000 123.265757 123.071212 123.047576 123.035454 123.045606 123.069242 123.226060 0.000000 0.000000 0.000000 0.000000 0.000000 0.000000 
0.000000 0.000000 0.000000 0.000000 0.000000 0.000000 123.231970 123.075151 123.051515 123.039394 123.049545 123.073182 123.194242 0.000000 0.000000 0.000000 0.000000 0.000000 0.000000 
0.000000 0.000000 0.000000 0.000000 0.000000 123.414394 123.188333 123.079091 123.055454 123.041667 123.053485 123.077121 123.176515 123.360909 0.000000 0.000000 0.000000 0.000000 0.000000 
0.000000 0.000000 0.000000 0.000000 0.000000 123.362879 123.168636 123.083030 123.059394 123.045606 123.057424 123.081060 123.150606 123.356970 0.000000 0.000000 0.000000 0.000000 0.000000 
0.000000 0.000000 0.000000 0.000000 0.000000 123.343182 123.144697 123.087273 123.063333 123.049545 123.061363 123.085303 123.130909 123.325151 0.000000 0.000000 0.000000 0.000000 0.000000 
0.000000 0.000000 0.000000 0.000000 0.000000 123.309394 123.116818 123.091212 123.067273 123.053485 123.065303 123.089242 123.112879 123.273636 0.000000 0.000000 0.000000 0.000000 0.000000 
0.000000 0.000000 0.000000 0.000000 0.000000 123.279545 123.118788 123.095151 123.071212 123.057424 123.069242 123.093182 123.116818 123.237879 0.000000 0.000000 0.000000 0.000000 0.000000 
0.000000 0.000000 0.000000 0.000000 0.000000 123.239848 123.122727 123.099091 123.075151 123.061363 123.073182 123.097121 123.120757 123.230000 0.000000 0.000000 0.000000 0.000000 0.000000 
0.000000 0.000000 0.000000 0.000000 123.414394 123.218182 123.125000 123.103030 123.079091 123.065303 123.077121 123.101060 123.124697 123.212273 123.394697 0.000000 0.000000 0.000000 0.000000 
0.000000 0.000000 0.000000 0.000000 123.382879 123.204091 123.128939 123.106970 123.083030 123.069242 123.081060 123.105000 123.126970 123.186363 123.360909 0.000000 0.000000 0.000000 0.000000 
0.000000 0.000000 0.000000 0.000000 123.366818 123.198182 123.132879 123.110909 123.087273 123.073182 123.085303 123.108939 123.130909 123.158485 123.325151 0.000000 0.000000 0.000000 0.000000 
0.000000 0.000000 0.000000 0.000000 123.327121 123.162424 123.136818 123.114848 123.091212 123.077121 123.089242 123.112879 123.134848 123.158485 123.311363 0.000000 0.000000 0.000000 0.000000 
0.000000 0.000000 0.000000 0.000000 123.289394 123.164394 123.140757 123.118788 123.095151 123.081060 123.093182 123.116818 123.138788 123.162424 123.279545 0.000000 0.000000 0.000000 0.000000 
0.000000 0.000000 0.000000 0.000000 123.287424 123.168636 123.144697 123.122727 123.099091 123.085303 123.097121 123.120757 123.142727 123.166363 123.271666 0.000000 0.000000 0.000000 0.000000 
0.000000 0.000000 0.000000 0.000000 123.263788 123.172576 123.148636 123.126970 123.103030 123.089242 123.101060 123.124697 123.146666 123.170606 123.243788 0.000000 0.000000 0.000000 0.000000 
0.000000 0.000000 0.000000 123.398636 123.245757 123.176515 123.152576 123.130909 123.106970 123.093182 123.105000 123.128939 123.150606 123.174545 123.243788 123.398636 0.000000 0.000000 0.000000 
0.000000 0.000000 0.000000 123.374697 123.214242 123.180454 123.156515 123.134848 123.110909 123.097121 123.108939 123.132879 123.154545 123.178485 123.204091 123.358939 0.000000 0.000000 0.000000 
0.000000 0.000000 0.000000 123.355000 123.208030 123.184394 123.160454 123.138788 123.114848 123.101060 123.112879 123.136818 123.158485 123.182424 123.206060 123.327121 0.000000 0.000000 0.000000 
0.000000 0.000000 0.000000 123.333030 123.212273 123.188333 123.164394 123.142727 123.118788 123.105000 123.116818 123.140757 123.162424 123.186363 123.210303 123.327121 0.000000 0.000000 0.000000 
0.000000 0.000000 0.000000 123.315303 123.216212 123.192273 123.168636 123.146666 123.122727 123.108939 123.120757 123.144697 123.166363 123.190303 123.214242 123.319242 0.000000 0.000000 0.000000 
0.000000 0.000000 0.000000 123.311363 123.220151 123.196212 123.172576 123.150606 123.126970 123.112879 123.124697 123.148636 123.170606 123.194242 123.218182 123.281515 0.000000 0.000000 0.000000 
0.000000 0.000000 0.000000 123.283485 123.224091 123.200151 123.176515 123.154545 123.130909 123.116818 123.126970 123.152576 123.174545 123.198182 123.222121 123.271666 123.416363 0.000000 0.000000 
0.000000 0.000000 123.412424 123.253939 123.228030 123.204091 123.180454 123.158485 123.134848 123.120757 123.130909 123.156515 123.178485 123.202121 123.226060 123.249697 123.404545 0.000000 0.000000 
0.000000 0.000000 123.414394 123.255909 123.231970 123.208030 123.184394 123.162424 123.138788 123.124697 123.134848 123.160454 123.182424 123.206060 123.230000 123.251970 123.372727 0.000000 0.000000 
0.000000 0.000000 123.396666 123.259848 123.235909 123.212273 123.188333 123.166363 123.142727 123.128939 123.138788 123.164394 123.186363 123.210303 123.233939 123.255909 123.374697 0.000000 0.000000 
0.000000 0.000000 123.368788 123.263788 123.239848 123.216212 123.192273 123.168636 123.146666 123.132879 123.142727 123.166667 123.190303 123.214242 123.237879 123.259848 123.345151 0.000000 0.000000 
0.000000 0.000000 123.355000 123.267727 123.243788 123.220151 123.196212 123.172576 123.150606 123.136818 123.146666 123.170606 123.194242 123.218182 123.241818 123.263788 123.325151 0.000000 0.000000 
0.000000 0.000000 123.339242 123.271666 123.247727 123.224091 123.200151 123.176515 123.154545 123.140757 123.150606 123.174545 123.198182 123.222121 123.245757 123.267727 123.295606 0.000000 0.000000 
0.000000 0.000000 123.299545 123.275606 123.251970 123.228030 123.204091 123.180454 123.158485 123.144697 123.154545 123.178485 123.202121 123.226060 123.249697 123.271666 123.295606 0.000000 0.000000 
0.000000 0.000000 123.301515 123.279545 123.255909 123.231970 123.208030 123.184394 123.162424 123.148636 123.158485 123.182424 123.206060 123.230000 123.253939 123.275606 123.299545 0.000000 0.000000 
0.000000 0.000000 123.305454 123.283485 123.259848 123.235909 123.212273 123.188333 123.166363 123.152576 123.162424 123.186363 123.210303 123.233939 123.257879 123.279545 123.303485 123.398636 0.000000 
0.000000 123.412424 123.309394 123.287424 123.263788 123.239848 123.216212 123.192273 123.170606 123.156515 123.166363 123.190303 123.214242 123.237879 123.261818 123.283485 123.307424 123.376970 0.000000 
0.000000 123.384848 123.313333 123.291363 123.267727 123.243788 123.220151 123.196212 123.174545 123.160454 123.170606 123.194242 123.218182 123.241818 123.265757 123.287424 123.311363 123.370757 0.000000 
0.000000 123.349091 123.317273 123.293636 123.271666 123.247727 123.224091 123.200151 123.178485 123.164394 123.174545 123.198182 123.222121 123.245757 123.269697 123.291363 123.315303 123.341212 0.000000 
0.000000 123.345151 123.321212 123.297576 123.275606 123.251970 123.228030 123.204091 123.182424 123.168636 123.178485 123.202121 123.226060 123.249697 123.273636 123.295606 123.319242 123.343182 0.000000 
0.000000 123.349091 123.325151 123.301515 123.279545 123.255909 123.231970 123.208030 123.186363 123.172576 123.182424 123.206060 123.230000 123.253939 123.277576 123.299545 123.323182 123.347121 0.000000 
0.000000 123.353030 123.329091 123.305454 123.283485 123.259848 123.235909 123.212273 123.190303 123.176515 123.186363 123.210303 123.233939 123.257879 123.281515 123.303485 123.327121 123.351060 0.000000 
0.000000 123.356970 123.333030 123.309394 123.287424 123.263788 123.239848 123.216212 123.194242 123.180454 123.190303 123.214242 123.237879 123.261818 123.285454 123.307424 123.331060 123.355000 0.000000 
123.416667 123.360909 123.337273 123.313333 123.291363 123.267727 123.243788 123.220151 123.198182 123.184394 123.194242 123.218182 123.241818 123.265757 123.289394 123.311363 123.335303 123.358939 123.412424 
123.390757 123.364848 123.341212 123.317273 123.293636 123.271666 123.247727 123.224091 123.202121 123.188333 123.198182 123.222121 123.245757 123.269697 123.291667 123.315303 123.339242 123.362879 123.386818 
123.392727 123.368788 123.345151 123.321212 123.297576 123.275606 123.251970 123.228030 123.206060 123.192273 123.202121 123.226060 123.249697 123.273636 123.295606 123.319242 123.343182 123.366818 123.390757 
123.396666 123.372727 123.349091 123.325151 123.301515 123.279545 123.255909 123.231970 123.208333 123.196212 123.206060 123.230000 123.253939 123.277576 123.299545 123.323182 123.347121 123.370757 123.394697 
123.400606 123.376970 123.353030 123.329091 123.305454 123.283485 123.259848 123.235909 123.212273 123.200151 123.210303 123.233939 123.257879 123.281515 123.303485 123.327121 123.351060 123.374697 123.398636 
123.404545 123.380909 123.356970 123.333030 123.309394 123.287424 123.263788 123.239848 123.216212 123.204091 123.214242 123.237879 123.261818 123.285454 123.307424 123.331060 123.355000 123.378939 123.402576 
123.408485 123.384848 123.360909 123.337273 123.313333 123.291363 123.267727 123.243788 123.220151 123.208030 123.218182 123.241818 123.265757 123.289394 123.311363 123.335303 123.358939 123.382879 123.406515 
123.412424 123.388788 123.364848 123.341212 123.317273 123.295606 123.271666 123.247727 123.224091 123.212273 123.222121 123.245757 123.269697 123.291667 123.315303 123.339242 123.362879 123.386818 123.410454 
123.416363 123.392727 123.368788 123.345151 123.321212 123.299545 123.275606 123.251970 123.228030 123.216212 123.226060 123.249697 123.273636 123.295606 123.319242 123.343182 123.366818 123.390757 123.414394 
0.000000 123.396666 123.372727 123.349091 123.325151 123.303485 123.279545 123.255909 123.231970 123.220151 123.230000 123.253939 123.277576 123.299545 123.323182 123.347121 123.370757 123.394697 123.416667 
0.000000 123.400606 123.376970 123.353030 123.329091 123.307424 123.283485 123.259848 123.235909 123.224091 123.233939 123.257879 123.281515 123.303485 123.327121 123.351060 123.374697 123.398636 0.000000 
0.000000 123.404545 123.380909 123.356970 123.333030 123.311363 123.287424 123.263788 123.239848 123.228030 123.237879 123.261818 123.285454 123.307424 123.331060 123.355000 123.378939 123.402576 0.000000 
0.000000 123.408485 123.384848 123.360909 123.337273 123.315303 123.291363 123.267727 123.243788 123.231970 123.241818 123.265757 123.289394 123.311363 123.335303 123.358939 123.382879 123.406515 0.000000 
0.000000 123.412424 123.388788 123.364848 123.341212 123.319242 123.295606 123.271666 123.247727 123.235909 123.245757 123.269697 123.293636 123.315303 123.339242 123.362879 123.386818 123.410454 0.000000 
0.000000 123.416363 123.392727 123.368788 123.345151 123.323182 123.299545 123.275606 123.251970 123.239848 123.249697 123.273636 123.297576 123.319242 123.343182 123.366818 123.390757 123.414394 0.000000 
0.000000 0.000000 123.396666 123.372727 123.349091 123.327121 123.303485 123.279545 123.255909 123.243788 123.253939 123.277576 123.301515 123.323182 123.347121 123.370757 123.394697 123.416667 0.000000 
0.000000 0.000000 123.400606 123.376970 123.353030 123.331060 123.307424 123.283485 123.259848 123.247727 123.257879 123.281515 123.305454 123.327121 123.351060 123.374697 123.398636 0.000000 0.000000 
0.000000 0.000000 123.404545 123.380909 123.356970 123.333333 123.311363 123.287424 123.263788 123.251970 123.261818 123.285454 123.309394 123.331060 123.355000 123.378939 123.402576 0.000000 0.000000 
0.000000 0.000000 123.408485 123.384848 123.360909 123.337273 123.315303 123.291363 123.267727 123.255909 123.265757 123.289394 123.313333 123.335303 123.358939 123.382879 123.406515 0.000000 0.000000 
0.000000 0.000000 123.412424 123.388788 123.364848 123.341212 123.319242 123.295606 123.271666 123.259848 123.269697 123.293636 123.317273 123.339242 123.362879 123.386818 123.410454 0.000000 0.000000 
0.000000 0.000000 123.416363 123.392727 123.368788 123.345151 123.323182 123.299545 123.275606 123.263788 123.273636 123.297576 123.321212 123.343182 123.366818 123.390757 123.414394 0.000000 0.000000 
0.000000 0.000000 0.000000 123.396666 123.372727 123.349091 123.327121 123.303485 123.279545 123.267727 123.277576 123.301515 123.325151 123.347121 123.370757 123.394697 123.416667 0.000000 0.000000 
0.000000 0.000000 0.000000 123.400606 123.376970 123.353030 123.331060 123.307424 123.283485 123.271666 123.281515 123.305454 123.329091 123.351060 123.374697 123.398636 0.000000 0.000000 0.000000 
0.000000 0.000000 0.000000 123.404545 123.380909 123.356970 123.335303 123.311363 123.287424 123.275606 123.285454 123.309394 123.333030 123.355000 123.378939 123.402576 0.000000 0.000000 0.000000 
0.000000 0.000000 0.000000 123.408485 123.384848 123.360909 123.339242 123.315303 123.291363 123.279545 123.289394 123.313333 123.335303 123.358939 123.382879 123.406515 0.000000 0.000000 0.000000 
0.000000 0.000000 0.000000 123.412424 123.388788 123.364848 123.343182 123.319242 123.295606 123.283485 123.293636 123.317273 123.339242 123.362879 123.386818 123.410454 0.000000 0.000000 0.000000 
0.000000 0.000000 0.000000 123.416363 123.392727 123.368788 123.347121 123.323182 123.299545 123.287424 123.297576 123.321212 123.343182 123.366818 123.390757 123.414394 0.000000 0.000000 0.000000 
0.000000 0.000000 0.000000 0.000000 123.396666 123.372727 123.351060 123.327121 123.303485 123.291363 123.301515 123.325151 123.347121 123.370757 123.394697 0.000000 0.000000 0.000000 0.000000 
0.000000 0.000000 0.000000 0.000000 123.400606 123.376970 123.355000 123.331060 123.307424 123.295606 123.305454 123.329091 123.351060 123.374697 123.398636 0.000000 0.000000 0.000000 0.000000 
0.000000 0.000000 0.000000 0.000000 123.404545 123.380909 123.358939 123.335303 123.311363 123.299545 123.309394 123.333030 123.355000 123.378939 123.402576 0.000000 0.000000 0.000000 0.000000 
0.000000 0.000000 0.000000 0.000000 123.408485 123.384848 123.362879 123.339242 123.315303 123.303485 123.313333 123.337273 123.358939 123.382879 123.406515 0.000000 0.000000 0.000000 0.000000 
0.000000 0.000000 0.000000 0.000000 123.412424 123.388788 123.366818 123.343182 123.319242 123.307424 123.317273 123.341212 123.362879 123.386818 123.410454 0.000000 0.000000 0.000000 0.000000 
0.000000 0.000000 0.000000 0.000000 123.416363 123.392727 123.370757 123.347121 123.323182 123.311363 123.321212 123.345151 123.366818 123.390757 123.414394 0.000000 0.000000 0.000000 0.000000 
0.000000 0.000000 0.000000 0.000000 0.000000 123.396666 123.374697 123.351060 123.327121 123.315303 123.325151 123.349091 123.370757 123.394697 0.000000 0.000000 0.000000 0.000000 0.000000 
0.000000 0.000000 0.000000 0.000000 0.000000 123.400606 123.378939 123.355000 123.331060 123.319242 123.329091 123.353030 123.374697 123.398636 0.000000 0.000000 0.000000 0.000000 0.000000 
0.000000 0.000000 0.000000 0.000000 0.000000 123.404545 123.382879 123.358939 123.335303 123.323182 123.333030 123.356970 123.378939 123.402576 0.000000 0.000000 0.000000 0.000000 0.000000 
0.000000 0.000000 0.000000 0.000000 0.000000 123.408485 123.386818 123.362879 123.339242 123.327121 123.337273 123.360909 123.382879 123.406515 0.000000 0.000000 0.000000 0.000000 0.000000 
0.000000 0.000000 0.000000 0.000000 0.000000 123.412424 123.390757 123.366818 123.343182 123.331060 123.341212 123.364848 123.386818 123.410454 0.000000 0.000000 0.000000 0.000000 0.000000 
0.000000 0.000000 0.000000 0.000000 0.000000 123.416363 123.394697 123.370757 123.347121 123.333333 123.345151 123.368788 123.390757 123.414394 0.000000 0.000000 0.000000 0.000000 0.000000 
0.000000 0.000000 0.000000 0.000000 0.000000 0.000000 123.398636 123.374697 123.351060 123.337273 123.349091 123.372727 123.394697 0.000000 0.000000 0.000000 0.000000 0.000000 0.000000 
0.000000 0.000000 0.000000 0.000000 0.000000 0.000000 123.402576 123.378939 123.355000 123.341212 123.353030 123.375000 123.398636 0.000000 0.000000 0.000000 0.000000 0.000000 0.000000 
0.000000 0.000000 0.000000 0.000000 0.000000 0.000000 123.406515 123.382879 123.358939 123.345151 123.356970 123.378939 123.402576 0.000000 0.000000 0.000000 0.000000 0.000000 0.000000 
0.000000 0.000000 0.000000 0.000000 0.000000 0.000000 123.410454 123.386818 123.362879 123.349091 123.360909 123.382879 123.406515 0.000000 0.000000 0.000000 0.000000 0.000000 0.000000 
0.000000 0.000000 0.000000 0.000000 0.000000 0.000000 123.414394 123.390757 123.366818 123.353030 123.364848 123.386818 123.410454 0.000000 0.000000 0.000000 0.000000 0.000000 0.000000 
0.000000 0.000000 0.000000 0.000000 0.000000 0.000000 123.416667 123.394697 123.370757 123.356970 123.368788 123.390757 123.414394 0.000000 0.000000 0.000000 0.000000 0.000000 0.000000 
0.000000 0.000000 0.000000 0.000000 0.000000 0.000000 0.000000 123.398636 123.374697 123.360909 123.372727 123.394697 0.000000 0.000000 0.000000 0.000000 0.000000 0.000000 0.000000 
0.000000 0.000000 0.000000 0.000000 0.000000 0.000000 0.000000 123.402576 123.378939 123.364848 123.375000 123.398636 0.000000 0.000000 0.000000 0.000000 0.000000 0.000000 0.000000 
0.000000 0.000000 0.000000 0.000000 0.000000 0.000000 0.000000 123.406515 123.382879 123.368788 123.378939 123.402576 0.000000 0.000000 0.000000 0.000000 0.000000 0.000000 0.000000 
0.000000 0.000000 0.000000 0.000000 0.000000 0.000000 0.000000 123.410454 123.386818 123.372727 123.382879 123.406515 0.000000 0.000000 0.000000 0.000000 0.000000 0.000000 0.000000 
0.000000 0.000000 0.000000 0.000000 0.000000 0.000000 0.000000 123.414394 123.390757 123.376970 123.386818 123.410454 0.000000 0.000000 0.000000 0.000000 0.000000 0.000000 0.000000 
0.000000 0.000000 0.000000 0.000000 0.000000 0.000000 0.000000 0.000000 123.394697 123.380909 123.390757 123.414394 0.000000 0.000000 0.000000 0.000000 0.000000 0.000000 0.000000 
0.000000 0.000000 0.000000 0.000000 0.000000 0.000000 0.000000 0.000000 123.398636 123.384848 123.394697 0.000000 0.000000 0.000000 0.000000 0.000000 0.000000 0.000000 0.000000 
0.000000 0.000000 0.000000 0.000000 0.000000 0.000000 0.000000 0.000000 123.402576 123.388788 123.398636 0.000000 0.000000 0.000000 0.000000 0.000000 0.000000 0.000000 0.000000 
0.000000 0.000000 0.000000 0.000000 0.000000 0.000000 0.000000 0.000000 123.406515 123.392727 123.402576 0.000000 0.000000 0.000000 0.000000 0.000000 0.000000 0.000000 0.000000 
0.000000 0.000000 0.000000 0.000000 0.000000 0.000000 0.000000 0.000000 123.410454 123.396666 123.406515 0.000000 0.000000 0.000000 0.000000 0.000000 0.000000 0.000000 0.000000 
0.000000 0.000000 0.000000 0.000000 0.000000 0.000000 0.000000 0.000000 123.414394 123.400606 123.410454 0.000000 0.000000 0.000000 0.000000 0.000000 0.000000 0.000000 0.000000 
0.000000 0.000000 0.000000 0.000000 0.000000 0.000000 0.000000 0.000000 0.000000 123.404545 123.414394 0.000000 0.000000 0.000000 0.000000 0.000000 0.000000 0.000000 0.000000 
0.000000 0.000000 0.000000 0.000000 0.000000 0.000000 0.000000 0.000000 0.000000 123.408485 0.000000 0.000000 0.000000 0.000000 0.000000 0.000000 0.000000 0.000000 0.000000 
0.000000 0.000000 0.000000 0.000000 0.000000 0.000000 0.000000 0.000000 0.000000 123.412424 0.000000 0.000000 0.000000 0.000000 0.000000 0.000000 0.000000 0.000000 0.000000 
0.000000 0.000000 0.000000 0.000000 0.000000 0.000000 0.000000 0.000000 0.000000 123.416363 0.000000 0.000000 0.000000 0.000000 0.000000 0.000000 0.000000 0.000000 0.000000 
