FireSTARR/test/constant/C2_S000_A000_WD270_WS020/arrival.asc
ncols         104
nrows         41
xllcorner     426003.990666
yllcorner     12746755.311160
cellsize      100.000000
NODATA_value  0.000000
[rows 0 to 25 of 41, columns 0 to 57 of 104]
0.000000 0.000000 0.000000 0.000000 0.000000 0.000000 0.000000 0.000000 0.000000 0.000000 0.000000 0.000000 0.000000 0.000000 0.000000 0.000000 0.000000 0.000000 0.000000 0.000000 0.000000 0.000000 0.000000 0.000000 0.000000 0.000000 0.000000 0.000000 0.000000 0.000000 0.000000 0.000000 0.000000 0.000000 0.000000 0.000000 0.000000 0.000000 0.000000 0.000000 0.000000 0.000000 0.000000 0.000000 0.000000 0.000000 0.000000 0.000000 0.000000 0.000000 0.000000 0.000000 0.000000 0.000000 0.000000 0.000000 0.000000 0.000000
0.000000 0.000000 0.000000 0.000000 0.000000 0.000000 0.000000 0.000000 0.000000 0.000000 0.000000 0.000000 0.000000 0.000000 0.000000 0.000000 0.000000 0.000000 0.000000 0.000000 0.000000 0.000000 0.000000 0.000000 0.000000 0.000000 0.000000 0.000000 0.000000 0.000000 0.000000 0.000000 0.000000 0.000000 0.000000 0.000000 0.000000 0.000000 0.000000 0.000000 0.000000 0.000000 0.000000 0.000000 0.000000 0.000000 0.000000 0.000000 0.000000 0.000000 0.000000 0.000000 0.000000 0.000000 123.411687 123.403055 123.394423 123.392265
0.000000 0.000000 0.000000 0.000000 0.000000 0.000000 0.000000 0.000000 0.000000 0.000000 0.000000 0.000000 0.000000 0.000000 0.000000 0.000000 0.000000 0.000000 0.000000 0.000000 0.000000 0.000000 0.000000 0.000000 0.000000 0.000000 0.000000 0.000000 0.000000 0.000000 0.000000 0.000000 0.000000 0.000000 0.000000 0.000000 0.000000 0.000000 0.000000 0.000000 0.000000 0.000000 0.000000 0.000000 0.000000 0.000000 0.000000 0.000000 0.000000 123.409529 123.400897 123.392265 123.383632 123.374337 123.372179 123.374337 123.377158 123.381474
0.000000 0.000000 0.000000 0.000000 0.000000 0.000000 0.000000 0.000000 0.000000 0.000000 0.000000 0.000000 0.000000 0.000000 0.000000 0.000000 0.000000 0.000000 0.000000 0.000000 0.000000 0.000000 0.000000 0.000000 0.000000 0.000000 0.000000 0.000000 0.000000 0.000000 0.000000 0.000000 0.000000 0.000000 0.000000 0.000000 0.000000 0.000000 0.000000 0.000000 0.000000 0.000000 0.000000 123.416667 123.407371 123.400897 123.390107 123.381474 123.372179 123.365704 123.354914 123.350598 123.350598 123.354914 123.359230 123.361388 123.365704 123.370021
0.000000 0.000000 0.000000 0.000000 0.000000 0.000000 0.000000 0.000000 0.000000 0.000000 0.000000 0.000000 0.000000 0.000000 0.000000 0.000000 0.000000 0.000000 0.000000 0.000000 0.000000 0.000000 0.000000 0.000000 0.000000 0.000000 0.000000 0.000000 0.000000 0.000000 0.000000 0.000000 0.000000 0.000000 0.000000 0.000000 0.000000 0.000000 123.416003 123.405213 123.396581 123.390107 123.381474 123.372179 123.361388 123.354914 123.346282 123.337649 123.328354 123.328354 123.332670 123.337649 123.339808 123.344124 123.348440 123.352756 123.354914 123.359230
0.000000 0.000000 0.000000 0.000000 0.000000 0.000000 0.000000 0.000000 0.000000 0.000000 0.000000 0.000000 0.000000 0.000000 0.000000 0.000000 0.000000 0.000000 0.000000 0.000000 0.000000 0.000000 0.000000 0.000000 0.000000 0.000000 0.000000 0.000000 0.000000 0.000000 0.000000 0.000000 0.000000 123.413845 123.405213 123.394423 123.385790 123.379316 123.370021 123.361388 123.350598 123.344124 123.335491 123.326196 123.317564 123.308931 123.306773 123.311089 123.315405 123.317564 123.321880 123.326196 123.330512 123.332670 123.335491 123.339808 123.344124 123.346282
0.000000 0.000000 0.000000 0.000000 0.000000 0.000000 0.000000 0.000000 0.000000 0.000000 0.000000 0.000000 0.000000 0.000000 0.000000 0.000000 0.000000 0.000000 0.000000 0.000000 0.000000 0.000000 0.000000 0.000000 0.000000 0.000000 0.000000 0.000000 123.413845 123.403055 123.394423 123.385790 123.377158 123.367862 123.359230 123.350598 123.341966 123.335491 123.324038 123.315405 123.306773 123.300299 123.291003 123.286687 123.288845 123.293825 123.295983 123.300299 123.304615 123.306773 123.311089 123.313247 123.317564 123.321880 123.324038 123.328354 123.332670 123.333333
0.000000 0.000000 0.000000 0.000000 0.000000 0.000000 0.000000 0.000000 0.000000 0.000000 0.000000 0.000000 0.000000 0.000000 0.000000 0.000000 0.000000 0.000000 0.000000 0.000000 0.000000 0.000000 0.000000 123.409529 123.403055 123.394423 123.383632 123.375000 123.367862 123.359230 123.350598 123.339808 123.330512 123.324038 123.315405 123.304615 123.295983 123.288845 123.280213 123.269423 123.265107 123.267265 123.271581 123.273739 123.278055 123.282371 123.284529 123.286687 123.291003 123.293825 123.298141 123.302457 123.306773 123.311089 123.313247 123.317564 123.319722 123.324038
0.000000 0.000000 0.000000 0.000000 0.000000 0.000000 0.000000 0.000000 0.000000 0.000000 0.000000 0.000000 0.000000 0.000000 0.000000 0.000000 0.000000 0.000000 123.409529 123.400897 123.392265 123.383632 123.374337 123.363546 123.357072 123.348440 123.339808 123.330512 123.321880 123.313247 123.304615 123.293825 123.286687 123.278055 123.269423 123.258632 123.250000 123.245021 123.245021 123.247179 123.252158 123.256474 123.260790 123.260790 123.265107 123.269423 123.273739 123.278055 123.282371 123.284529 123.288845 123.291003 123.295983 123.298141 123.302457 123.306773 123.311089 123.315405
0.000000 0.000000 0.000000 0.000000 0.000000 0.000000 0.000000 0.000000 0.000000 0.000000 0.000000 0.000000 123.416003 123.407371 123.398739 123.390107 123.381474 123.372179 123.363546 123.354914 123.348440 123.337649 123.328354 123.319722 123.313247 123.302457 123.293825 123.284529 123.278055 123.267265 123.258632 123.249337 123.240704 123.232072 123.223440 123.223440 123.225598 123.229914 123.234230 123.238546 123.240704 123.242862 123.247179 123.250000 123.254316 123.258632 123.262948 123.267265 123.269423 123.273739 123.275897 123.280213 123.284529 123.288845 123.293825 123.298141 123.302457 123.304615
0.000000 0.000000 0.000000 0.000000 0.000000 0.000000 0.000000 123.416003 123.407371 123.396581 123.387948 123.381474 123.372179 123.361388 123.352756 123.344124 123.337649 123.328354 123.317564 123.308931 123.302457 123.291667 123.282371 123.273739 123.267265 123.258632 123.249337 123.240704 123.232072 123.223440 123.212649 123.205512 123.201196 123.203354 123.207670 123.212649 123.216966 123.219124 123.221282 123.223440 123.227756 123.232072 123.236388 123.240704 123.242862 123.247179 123.252158 123.254316 123.258632 123.262948 123.267265 123.271581 123.275897 123.278055 123.282371 123.286687 123.291003 123.293825
0.000000 0.000000 0.000000 0.000000 0.000000 123.407371 123.377158 123.370021 123.361388 123.352756 123.341966 123.335491 123.326196 123.317564 123.306773 123.298141 123.291003 123.282371 123.271581 123.262948 123.256474 123.247179 123.236388 123.227756 123.221282 123.212649 123.203354 123.194722 123.186089 123.179615 123.181773 123.186089 123.190405 123.192564 123.196880 123.199038 123.201196 123.205512 123.210491 123.214808 123.219124 123.221282 123.225598 123.229914 123.232072 123.236388 123.240704 123.245021 123.249337 123.252158 123.256474 123.260790 123.265107 123.269423 123.273739 123.278055 123.282371 123.286687
0.000000 0.000000 0.000000 0.000000 123.405213 123.361388 123.332670 123.324038 123.315405 123.306773 123.298141 123.291003 123.280213 123.271581 123.262948 123.254316 123.247179 123.236388 123.227756 123.219124 123.212649 123.201196 123.192564 123.183931 123.175299 123.166667 123.159529 123.159529 123.163845 123.166667 123.170983 123.175299 123.177457 123.181773 123.186089 123.188247 123.192564 123.196880 123.199038 123.203354 123.207670 123.212649 123.216966 123.221282 123.225598 123.227756 123.232072 123.236388 123.240704 123.245021 123.247179 123.252158 123.256474 123.260790 123.265107 123.269423 123.273739 123.278055
0.000000 0.000000 0.000000 123.403055 123.359230 123.317564 123.286687 123.280213 123.269423 123.260790 123.252158 123.245021 123.234230 123.225598 123.216966 123.207670 123.201196 123.190405 123.181773 123.173141 123.166003 123.157371 123.146581 123.140107 123.137948 123.140107 123.144423 123.148739 123.153055 123.155213 123.159529 123.163845 123.166003 123.170983 123.175299 123.179615 123.183931 123.188247 123.190405 123.194722 123.199038 123.203354 123.207670 123.210491 123.214808 123.219124 123.221282 123.225598 123.229914 123.234230 123.238546 123.242862 123.247179 123.252158 123.256474 123.260790 123.265107 123.269423
0.000000 0.000000 123.411687 123.357072 123.315405 123.271581 123.240704 123.234230 123.225598 123.216966 123.207670 123.199038 123.190405 123.181773 123.170983 123.163845 123.155213 123.146581 123.135790 123.127158 123.122179 123.115704 123.117862 123.122179 123.127158 123.129316 123.133632 123.137948 123.140107 123.144423 123.148739 123.153055 123.157371 123.161687 123.166003 123.168825 123.173141 123.177457 123.181773 123.183931 123.188247 123.192564 123.196880 123.201196 123.205512 123.210491 123.214808 123.219124 123.223440 123.225598 123.229914 123.234230 123.238546 123.242862 123.247179 123.252158 123.254316 123.258632
0.000000 0.000000 123.383632 123.311089 123.269423 123.225598 123.196880 123.188247 123.179615 123.170983 123.161687 123.153055 123.144423 123.135790 123.127158 123.117862 123.111388 123.100598 123.096282 123.096282 123.100598 123.104914 123.107072 123.111388 123.115704 123.120021 123.124337 123.127158 123.131474 123.135790 123.137948 123.142265 123.146581 123.150897 123.155213 123.159529 123.163845 123.168825 123.173141 123.177457 123.181773 123.183931 123.188247 123.192564 123.196880 123.201196 123.205512 123.210491 123.214808 123.219124 123.221282 123.225598 123.229914 123.234230 123.238546 123.242862 123.247179 123.252158
0.000000 0.000000 123.354914 123.282371 123.223440 123.181773 123.150897 123.144423 123.133632 123.125000 123.115704 123.109230 123.098440 123.089808 123.080512 123.074038 123.074038 123.078354 123.082670 123.087649 123.089808 123.094124 123.098440 123.100598 123.104914 123.109230 123.113546 123.117862 123.122179 123.125000 123.129316 123.133632 123.137948 123.142265 123.146581 123.150897 123.155213 123.159529 123.163845 123.168825 123.173141 123.177457 123.179615 123.183931 123.188247 123.192564 123.196880 123.201196 123.205512 123.210491 123.214808 123.219124 123.223440 123.225598 123.229914 123.234230 123.238546 123.242862
0.000000 123.398739 123.326196 123.254316 123.181773 123.135790 123.104914 123.098440 123.089808 123.080512 123.069722 123.063247 123.054615 123.052457 123.056773 123.061089 123.065405 123.067564 123.071880 123.076196 123.080512 123.082670 123.087649 123.091966 123.096282 123.100598 123.104914 123.109230 123.113546 123.117862 123.122179 123.125000 123.129316 123.133632 123.137948 123.142265 123.146581 123.150897 123.155213 123.159529 123.163845 123.168825 123.173141 123.177457 123.181773 123.183931 123.188247 123.192564 123.196880 123.201196 123.205512 123.210491 123.214808 123.219124 123.223440 123.227756 123.232072 123.236388
0.000000 123.370021 123.298141 123.225598 123.155213 123.089808 123.061089 123.052457 123.043825 123.034529 123.032371 123.034529 123.036687 123.041003 123.045983 123.050299 123.054615 123.058931 123.063247 123.067564 123.071880 123.076196 123.080512 123.083333 123.087649 123.091966 123.096282 123.100598 123.104914 123.109230 123.113546 123.117862 123.122179 123.127158 123.131474 123.135790 123.140107 123.144423 123.148739 123.153055 123.157371 123.161687 123.166003 123.168825 123.173141 123.177457 123.181773 123.186089 123.190405 123.194722 123.199038 123.203354 123.207670 123.212649 123.216966 123.221282 123.225598 123.229914
123.413845 123.341966 123.269423 123.196880 123.125000 123.054615 123.015107 123.010790 123.010790 123.015107 123.019423 123.023739 123.028055 123.032371 123.036687 123.041003 123.045983 123.050299 123.054615 123.058931 123.063247 123.067564 123.071880 123.076196 123.080512 123.085491 123.089808 123.094124 123.098440 123.102756 123.104914 123.109230 123.113546 123.117862 123.122179 123.127158 123.131474 123.135790 123.140107 123.144423 123.148739 123.153055 123.157371 123.161687 123.166003 123.170983 123.175299 123.179615 123.183931 123.188247 123.192564 123.196880 123.201196 123.205512 123.208333 123.212649 123.216966 123.221282
123.400897 123.328354 123.256474 123.186089 123.113546 123.041003 123.000000 123.002158 123.006474 123.010790 123.015107 123.019423 123.023739 123.028055 123.032371 123.036687 123.041003 123.045983 123.050299 123.054615 123.058931 123.063247 123.067564 123.071880 123.076196 123.080512 123.085491 123.089808 123.094124 123.098440 123.102756 123.107072 123.111388 123.115704 123.120021 123.124337 123.127158 123.131474 123.135790 123.140107 123.144423 123.148739 123.153055 123.157371 123.161687 123.166003 123.170983 123.175299 123.179615 123.183931 123.188247 123.192564 123.196880 123.201196 123.205512 123.210491 123.214808 123.219124
123.416667 123.344124 123.273739 123.201196 123.129316 123.056773 123.019423 123.012948 123.012948 123.017265 123.021581 123.025897 123.030213 123.034529 123.038845 123.041667 123.045983 123.050299 123.054615 123.058931 123.063247 123.067564 123.071880 123.076196 123.080512 123.085491 123.089808 123.094124 123.098440 123.102756 123.107072 123.111388 123.115704 123.120021 123.124337 123.127158 123.131474 123.135790 123.140107 123.144423 123.148739 123.153055 123.157371 123.161687 123.166003 123.170983 123.175299 123.179615 123.183931 123.188247 123.192564 123.196880 123.201196 123.205512 123.210491 123.214808 123.219124 123.223440
0.000000 123.372179 123.300299 123.229914 123.157371 123.096282 123.065405 123.058931 123.048141 123.041003 123.034529 123.034529 123.038845 123.043825 123.045983 123.050299 123.054615 123.058931 123.063247 123.067564 123.071880 123.076196 123.080512 123.085491 123.089808 123.094124 123.096282 123.100598 123.104914 123.109230 123.113546 123.117862 123.122179 123.127158 123.131474 123.135790 123.140107 123.144423 123.148739 123.153055 123.157371 123.161687 123.166003 123.168825 123.173141 123.177457 123.181773 123.186089 123.190405 123.194722 123.199038 123.203354 123.207670 123.212649 123.216966 123.221282 123.225598 123.229914
0.000000 123.400897 123.330512 123.256474 123.186089 123.140107 123.111388 123.102756 123.094124 123.085491 123.076196 123.067564 123.058931 123.054615 123.056773 123.061089 123.065405 123.067564 123.071880 123.076196 123.080512 123.085491 123.089808 123.094124 123.098440 123.100598 123.104914 123.109230 123.113546 123.117862 123.122179 123.127158 123.131474 123.135790 123.140107 123.144423 123.148739 123.153055 123.157371 123.161687 123.166003 123.168825 123.173141 123.177457 123.181773 123.186089 123.190405 123.194722 123.199038 123.203354 123.207670 123.212649 123.216966 123.219124 123.223440 123.227756 123.232072 123.236388
0.000000 0.000000 123.357072 123.286687 123.227756 123.186089 123.155213 123.148739 123.140107 123.131474 123.122179 123.113546 123.104914 123.096282 123.085491 123.078354 123.076196 123.078354 123.082670 123.087649 123.091966 123.094124 123.098440 123.102756 123.107072 123.111388 123.115704 123.120021 123.124337 123.127158 123.131474 123.135790 123.140107 123.144423 123.148739 123.153055 123.157371 123.161687 123.166003 123.168825 123.173141 123.177457 123.181773 123.186089 123.190405 123.194722 123.199038 123.203354 123.207670 123.212649 123.216966 123.219124 123.223440 123.227756 123.232072 123.236388 123.240704 123.245021
0.000000 0.000000 123.385790 123.317564 123.273739 123.232072 123.201196 123.194722 123.183931 123.175299 123.166003 123.159529 123.148739 123.140107 123.131474 123.122179 123.115704 123.104914 123.098440 123.098440 123.102756 123.107072 123.109230 123.113546 123.115704 123.120021 123.124337 123.129316 123.131474 123.135790 123.140107 123.144423 123.148739 123.153055 123.157371 123.161687 123.166003 123.168825 123.173141 123.177457 123.181773 123.186089 123.190405 123.194722 123.199038 123.203354 123.207670 123.212649 123.216966 123.219124 123.223440 123.227756 123.232072 123.236388 123.240704 123.245021 123.249337 123.254316
