FireSTARR/test/constant/O1a_S060_A090_WD000_WS020/arrival.asc
ncols         59
nrows         748
xllcorner     423703.990666
yllcorner     12674055.311160
cellsize      100.000000
NODATA_value  0.000000
[rows 260 to 285 of 748, columns 0 to 58 of 59]
0.000000 0.000000 0.000000 0.000000 0.000000 123.407919 123.396760 123.385601 123.374343 123.363184 123.352025 123.340866 123.329887 123.318728 123.307568 123.296409 123.285151 123.273992 123.262833 123.251674 123.240416 123.229257 123.218098 123.207119 123.195959 123.184800 123.173641 123.162383 123.151224 123.145086 123.149829 123.160988 123.172246 123.183405 123.194564 123.205724 123.216982 123.228141 123.239300 123.250279 123.261717 123.272876 123.284035 123.295014 123.306174 123.317333 123.328492 123.339750 123.350909 123.362068 123.373227 123.384485 123.395644 123.406804 0.000000 0.000000 0.000000 0.000000 0.000000
0.000000 0.000000 0.000000 0.000000 0.000000 123.408477 123.397318 123.386159 123.374901 123.363742 123.352583 123.341424 123.330445 123.319286 123.308126 123.296967 123.285709 123.274550 123.263391 123.252232 123.240974 123.229815 123.218656 123.207676 123.196517 123.185358 123.174199 123.162941 123.151782 123.145644 123.150387 123.161546 123.172804 123.183963 123.195122 123.206282 123.217540 123.228699 123.239858 123.250837 123.262275 123.273434 123.284593 123.295572 123.306731 123.317891 123.329050 123.340308 123.351467 123.362626 123.373785 123.385043 123.396202 123.407361 0.000000 0.000000 0.000000 0.000000 0.000000
0.000000 0.000000 0.000000 0.000000 0.000000 123.409035 123.397876 123.386717 123.375558 123.364300 123.353141 123.341982 123.331003 123.319843 123.308684 123.297525 123.286267 123.275108 123.263949 123.252790 123.241532 123.230373 123.219213 123.208234 123.197075 123.185916 123.174757 123.163499 123.152340 123.146202 123.150945 123.162104 123.173362 123.184521 123.195680 123.206840 123.218098 123.229257 123.240416 123.251395 123.262833 123.273992 123.285151 123.296130 123.307289 123.318449 123.329608 123.340866 123.352025 123.363184 123.374343 123.385601 123.396760 123.407919 0.000000 0.000000 0.000000 0.000000 0.000000
0.000000 0.000000 0.000000 0.000000 0.000000 123.409593 123.398434 123.387275 123.376116 123.364858 123.353699 123.342540 123.331561 123.320401 123.309242 123.298083 123.286825 123.275666 123.264507 123.253348 123.242090 123.230931 123.219771 123.208612 123.197633 123.186474 123.175315 123.164057 123.152898 123.146760 123.151503 123.162662 123.173920 123.185079 123.196238 123.207397 123.218656 123.229815 123.240974 123.251953 123.263391 123.274550 123.285709 123.296688 123.307847 123.319007 123.330166 123.341424 123.352583 123.363742 123.374901 123.386159 123.397318 123.408477 0.000000 0.000000 0.000000 0.000000 0.000000
0.000000 0.000000 0.000000 0.000000 0.000000 123.410151 123.398992 123.387833 123.376674 123.365416 123.354257 123.343098 123.332119 123.320959 123.309800 123.298641 123.287383 123.276224 123.265065 123.253906 123.242648 123.231489 123.220329 123.209170 123.198191 123.187032 123.175873 123.164615 123.153456 123.147318 123.152061 123.163220 123.174478 123.185637 123.196796 123.207955 123.219213 123.230373 123.241532 123.252511 123.263949 123.275108 123.286267 123.297246 123.308405 123.319564 123.330724 123.341982 123.353141 123.364300 123.375558 123.386717 123.397876 123.409035 0.000000 0.000000 0.000000 0.000000 0.000000
0.000000 0.000000 0.000000 0.000000 0.000000 123.410709 123.399550 123.388391 123.377232 123.365974 123.354815 123.343656 123.332676 123.321517 123.310358 123.299199 123.287941 123.276782 123.265623 123.254464 123.243206 123.232046 123.220887 123.209728 123.198749 123.187590 123.176431 123.165173 123.154014 123.147876 123.152619 123.163778 123.175036 123.186195 123.197354 123.208612 123.219771 123.230931 123.242090 123.253069 123.264507 123.275666 123.286825 123.297804 123.308963 123.320122 123.331282 123.342540 123.353699 123.364858 123.376116 123.387275 123.398434 123.409593 0.000000 0.000000 0.000000 0.000000 0.000000
0.000000 0.000000 0.000000 0.000000 0.000000 123.411267 123.400108 123.388949 123.377790 123.366532 123.355373 123.344213 123.333234 123.322075 123.310916 123.299757 123.288499 123.277340 123.266181 123.255022 123.243764 123.232604 123.221445 123.210286 123.199307 123.188148 123.176989 123.165731 123.154572 123.148434 123.153177 123.164336 123.175594 123.186753 123.197912 123.209170 123.220329 123.231489 123.242648 123.253627 123.265065 123.276224 123.287383 123.298362 123.309521 123.320680 123.331840 123.343098 123.354257 123.365416 123.376674 123.387833 123.398992 123.410151 0.000000 0.000000 0.000000 0.000000 0.000000
0.000000 0.000000 0.000000 0.000000 0.000000 123.411825 123.400666 123.389507 123.378348 123.367090 123.355931 123.344771 123.333891 123.322633 123.311474 123.300315 123.289057 123.277898 123.266739 123.255580 123.244322 123.233162 123.222003 123.210844 123.199865 123.188706 123.177547 123.166289 123.155130 123.148992 123.153735 123.164894 123.176152 123.187311 123.198470 123.209728 123.220887 123.232046 123.243206 123.254185 123.265623 123.276782 123.287941 123.298920 123.310079 123.321238 123.332397 123.343656 123.354815 123.365974 123.377232 123.388391 123.399550 123.410709 0.000000 0.000000 0.000000 0.000000 0.000000
0.000000 0.000000 0.000000 0.000000 0.000000 123.412383 123.401224 123.390065 123.378906 123.367648 123.356489 123.345329 123.334170 123.323191 123.312032 123.300873 123.289615 123.278456 123.267297 123.256138 123.244879 123.233720 123.222561 123.211402 123.200423 123.189264 123.178105 123.166946 123.155688 123.149550 123.154293 123.165452 123.176710 123.187869 123.199028 123.210286 123.221445 123.232604 123.243764 123.254743 123.266181 123.277340 123.288499 123.299478 123.310637 123.321796 123.332955 123.344213 123.355373 123.366532 123.377790 123.388949 123.400108 123.411267 0.000000 0.000000 0.000000 0.000000 0.000000
0.000000 0.000000 0.000000 0.000000 0.000000 123.412941 123.401782 123.390623 123.379464 123.368206 123.357046 123.345887 123.334728 123.323749 123.312590 123.301431 123.290173 123.279014 123.267855 123.256695 123.245437 123.234278 123.223119 123.211960 123.200981 123.189822 123.178663 123.167504 123.156246 123.150108 123.154851 123.166010 123.177268 123.188427 123.199586 123.210844 123.222003 123.233162 123.244322 123.255301 123.266739 123.277898 123.289057 123.300036 123.311195 123.322354 123.333612 123.344771 123.355931 123.367090 123.378348 123.389507 123.400666 123.411825 0.000000 0.000000 0.000000 0.000000 0.000000
0.000000 0.000000 0.000000 0.000000 0.000000 123.413499 123.402340 123.391181 123.380022 123.368764 123.357604 123.346445 123.335286 123.324307 123.313148 123.301989 123.290731 123.279572 123.268413 123.257253 123.245995 123.234836 123.223677 123.212518 123.201539 123.190380 123.179221 123.168062 123.156804 123.150666 123.155409 123.166568 123.177826 123.188985 123.200144 123.211402 123.222561 123.233720 123.244879 123.255859 123.267297 123.278456 123.289615 123.300594 123.311753 123.322912 123.334170 123.345329 123.356489 123.367648 123.378906 123.390065 123.401224 123.412383 0.000000 0.000000 0.000000 0.000000 0.000000
0.000000 0.000000 0.000000 0.000000 0.000000 123.414057 123.402898 123.391739 123.380580 123.369322 123.358162 123.347003 123.335844 123.324865 123.313706 123.302547 123.291289 123.280130 123.268971 123.257811 123.246553 123.235394 123.224235 123.213076 123.202097 123.190938 123.179779 123.168620 123.157361 123.151224 123.155967 123.167225 123.178384 123.189543 123.200702 123.211960 123.223119 123.234278 123.245437 123.256416 123.267855 123.279014 123.290173 123.301152 123.312311 123.323470 123.334728 123.345887 123.357046 123.368206 123.379464 123.390623 123.401782 123.412941 0.000000 0.000000 0.000000 0.000000 0.000000
0.000000 0.000000 0.000000 0.000000 0.000000 123.414615 123.403456 123.392297 123.381138 123.369879 123.358720 123.347561 123.336402 123.325423 123.314264 123.303105 123.291946 123.280688 123.269528 123.258369 123.247111 123.235952 123.224793 123.213634 123.202655 123.191496 123.180337 123.169177 123.157919 123.151782 123.156525 123.167783 123.178942 123.190101 123.201260 123.212518 123.223677 123.234836 123.245995 123.256974 123.268413 123.279572 123.290731 123.301710 123.312869 123.324028 123.335286 123.346445 123.357604 123.368764 123.380022 123.391181 123.402340 123.413499 0.000000 0.000000 0.000000 0.000000 0.000000
0.000000 0.000000 0.000000 0.000000 0.000000 123.415173 123.404014 123.392855 123.381695 123.370437 123.359278 123.348119 123.336960 123.325981 123.314822 123.303663 123.292504 123.281246 123.270086 123.258927 123.247669 123.236510 123.225351 123.214192 123.203213 123.192054 123.180895 123.169735 123.158477 123.152340 123.157082 123.168341 123.179500 123.190659 123.201818 123.213076 123.224235 123.235394 123.246553 123.257532 123.268971 123.280130 123.291289 123.302268 123.313427 123.324586 123.335844 123.347003 123.358162 123.369322 123.380580 123.391739 123.402898 123.414057 0.000000 0.000000 0.000000 0.000000 0.000000
0.000000 0.000000 0.000000 0.000000 0.000000 123.415731 123.404572 123.393413 123.382253 123.370995 123.359836 123.348677 123.337518 123.326539 123.315380 123.304221 123.293062 123.281804 123.270644 123.259485 123.248227 123.237068 123.225909 123.214750 123.203771 123.192612 123.181453 123.170293 123.159035 123.152898 123.157640 123.168898 123.180058 123.191217 123.202376 123.213634 123.224793 123.235952 123.247111 123.258090 123.269528 123.280688 123.291667 123.302826 123.313985 123.325144 123.336402 123.347561 123.358720 123.369879 123.381138 123.392297 123.403456 123.414615 0.000000 0.000000 0.000000 0.000000 0.000000
0.000000 0.000000 0.000000 0.000000 0.000000 123.416289 123.405130 123.393971 123.382811 123.371553 123.360394 123.349235 123.338076 123.327097 123.315938 123.304779 123.293620 123.282361 123.271202 123.260043 123.248785 123.237626 123.226467 123.215308 123.204329 123.193170 123.182010 123.170851 123.159593 123.153456 123.158198 123.169456 123.180616 123.191775 123.202934 123.214192 123.225351 123.236510 123.247669 123.258648 123.270086 123.281246 123.292225 123.303384 123.314543 123.325702 123.336960 123.348119 123.359278 123.370437 123.381695 123.392855 123.404014 123.415173 0.000000 0.000000 0.000000 0.000000 0.000000
0.000000 0.000000 0.000000 0.000000 0.000000 0.000000 123.405688 123.394528 123.383369 123.372111 123.360952 123.349793 123.338634 123.327655 123.316496 123.305337 123.294177 123.282919 123.271760 123.260601 123.249343 123.238184 123.227025 123.215866 123.204887 123.193728 123.182568 123.171409 123.160151 123.154014 123.158756 123.170014 123.181174 123.192333 123.203492 123.214750 123.225909 123.237068 123.248227 123.259206 123.270644 123.281804 123.292783 123.303942 123.315101 123.326260 123.337518 123.348677 123.359836 123.370995 123.382253 123.393413 123.404572 123.415731 0.000000 0.000000 0.000000 0.000000 0.000000
0.000000 0.000000 0.000000 0.000000 0.000000 0.000000 123.406246 123.395086 123.383927 123.372669 123.361510 123.350351 123.339192 123.328213 123.317054 123.305895 123.294735 123.283477 123.272318 123.261159 123.249901 123.238742 123.227583 123.216424 123.205445 123.194286 123.183126 123.171967 123.160709 123.154572 123.159314 123.170572 123.181731 123.192891 123.204050 123.215308 123.226467 123.237626 123.248785 123.259764 123.271202 123.282361 123.293341 123.304500 123.315659 123.326818 123.338076 123.349235 123.360394 123.371553 123.382811 123.393971 123.405130 123.416289 0.000000 0.000000 0.000000 0.000000 0.000000
0.000000 0.000000 0.000000 0.000000 0.000000 0.000000 123.406804 123.395644 123.384485 123.373227 123.362068 123.350909 123.339750 123.328771 123.317612 123.306453 123.295293 123.284035 123.272876 123.261717 123.250558 123.239300 123.228141 123.216982 123.206003 123.194843 123.183684 123.172525 123.161267 123.155130 123.159872 123.171130 123.182289 123.193449 123.204608 123.215866 123.227025 123.238184 123.249343 123.260322 123.271760 123.282919 123.293898 123.305058 123.316217 123.327376 123.338634 123.349793 123.360952 123.372111 123.383369 123.394528 123.405688 123.416667 0.000000 0.000000 0.000000 0.000000 0.000000
0.000000 0.000000 0.000000 0.000000 0.000000 0.000000 123.407361 123.396202 123.385043 123.373785 123.362626 123.351467 123.340308 123.329329 123.318170 123.307010 123.295851 123.284593 123.273434 123.262275 123.251116 123.239858 123.228699 123.217540 123.206561 123.195401 123.184242 123.173083 123.161825 123.155688 123.160430 123.171688 123.182847 123.194007 123.205166 123.216424 123.227583 123.238742 123.249901 123.260880 123.272318 123.283477 123.294456 123.305616 123.316775 123.327934 123.339192 123.350351 123.361510 123.372669 123.383927 123.395086 123.406246 0.000000 0.000000 0.000000 0.000000 0.000000 0.000000
0.000000 0.000000 0.000000 0.000000 0.000000 0.000000 123.407919 123.396760 123.385601 123.374343 123.363184 123.352025 123.340866 123.329887 123.318728 123.307568 123.296409 123.285151 123.273992 123.262833 123.251674 123.240416 123.229257 123.218098 123.207119 123.195959 123.184800 123.173641 123.162383 123.156246 123.160988 123.172246 123.183405 123.194564 123.205724 123.216982 123.228141 123.239300 123.250279 123.261438 123.272876 123.284035 123.295014 123.306174 123.317333 123.328492 123.339750 123.350909 123.362068 123.373227 123.384485 123.395644 123.406804 0.000000 0.000000 0.000000 0.000000 0.000000 0.000000
0.000000 0.000000 0.000000 0.000000 0.000000 0.000000 123.408477 123.397318 123.386159 123.374901 123.363742 123.352583 123.341424 123.330445 123.319286 123.308126 123.296967 123.285709 123.274550 123.263391 123.252232 123.240974 123.229815 123.218656 123.207676 123.196517 123.185358 123.174199 123.162941 123.156804 123.161546 123.172804 123.183963 123.195122 123.206282 123.217540 123.228699 123.239858 123.250837 123.261996 123.273434 123.284593 123.295572 123.306731 123.317891 123.329050 123.340308 123.351467 123.362626 123.373785 123.385043 123.396202 123.407361 0.000000 0.000000 0.000000 0.000000 0.000000 0.000000
0.000000 0.000000 0.000000 0.000000 0.000000 0.000000 123.409035 123.397876 123.386717 123.375558 123.364300 123.353141 123.341982 123.331003 123.319843 123.308684 123.297525 123.286267 123.275108 123.263949 123.252790 123.241532 123.230373 123.219213 123.208234 123.197075 123.185916 123.174757 123.163499 123.157361 123.162104 123.173362 123.184521 123.195680 123.206840 123.218098 123.229257 123.240416 123.251395 123.262554 123.273992 123.285151 123.296130 123.307289 123.318449 123.329608 123.340866 123.352025 123.363184 123.374343 123.385601 123.396760 123.407919 0.000000 0.000000 0.000000 0.000000 0.000000 0.000000
0.000000 0.000000 0.000000 0.000000 0.000000 0.000000 123.409593 123.398434 123.387275 123.376116 123.364858 123.353699 123.342540 123.331561 123.320401 123.309242 123.298083 123.286825 123.275666 123.264507 123.253348 123.242090 123.230931 123.219771 123.208612 123.197633 123.186474 123.175315 123.164057 123.157919 123.162662 123.173920 123.185079 123.196238 123.207397 123.218656 123.229815 123.240974 123.251953 123.263112 123.274550 123.285709 123.296688 123.307847 123.319007 123.330166 123.341424 123.352583 123.363742 123.374901 123.386159 123.397318 123.408477 0.000000 0.000000 0.000000 0.000000 0.000000 0.000000
0.000000 0.000000 0.000000 0.000000 0.000000 0.000000 123.410151 123.398992 123.387833 123.376674 123.365416 123.354257 123.343098 123.332119 123.320959 123.309800 123.298641 123.287383 123.276224 123.265065 123.253906 123.242648 123.231489 123.220329 123.209170 123.198191 123.187032 123.175873 123.164615 123.158477 123.163220 123.174478 123.185637 123.196796 123.207955 123.219213 123.230373 123.241532 123.252511 123.263670 123.275108 123.286267 123.297246 123.308405 123.319564 123.330724 123.341982 123.353141 123.364300 123.375558 123.386717 123.397876 123.409035 0.000000 0.000000 0.000000 0.000000 0.000000 0.000000
0.000000 0.000000 0.000000 0.000000 0.000000 0.000000 123.410709 123.399550 123.388391 123.377232 123.365974 123.354815 123.343656 123.332676 123.321517 123.310358 123.299199 123.287941 123.276782 123.265623 123.254464 123.243206 123.232046 123.220887 123.209728 123.198749 123.187590 123.176431 123.165173 123.159035 123.163778 123.175036 123.186195 123.197354 123.208612 123.219771 123.230931 123.242090 123.253069 123.264228 123.275666 123.286825 123.297804 123.308963 123.320122 123.331282 123.342540 123.353699 123.364858 123.376116 123.387275 123.398434 123.409593 0.000000 0.000000 0.000000 0.000000 0.000000 0.000000
