FireSTARR/test/constant/O1a_S060_A090_WD225_WS020/arrival.asc
ncols         120
nrows         736
xllcorner     425303.990666
yllcorner     12675255.311160
cellsize      100.000000
NODATA_value  0.000000
[rows 297 to 323 of 736, columns 0 to 59 of 120]
0.000000 0.000000 0.000000 0.000000 0.000000 0.000000 0.000000 0.000000 0.000000 0.000000 0.000000 0.000000 0.000000 0.000000 0.000000 0.000000 0.000000 0.000000 0.000000 0.000000 0.000000 0.000000 0.000000 0.000000 0.000000 0.000000 0.000000 123.414118 123.403221 123.395118 123.387853 123.378353 123.368260 123.359878 123.351216 123.343951 123.335010 123.326593 123.318490 123.308431 123.300608 123.291946 123.282691 123.274309 123.267324 123.256985 123.247451 123.239628 123.231245 123.222025 123.213083 123.205226 123.196843 123.187902 123.178961 123.170299 123.168064 123.174770 123.183711 123.192373
0.000000 0.000000 0.000000 0.000000 0.000000 0.000000 0.000000 0.000000 0.000000 0.000000 0.000000 0.000000 0.000000 0.000000 0.000000 0.000000 0.000000 0.000000 0.000000 0.000000 0.000000 0.000000 0.000000 0.000000 0.000000 0.000000 0.000000 123.415236 123.405456 123.396515 123.389809 123.380309 123.369937 123.361834 123.353172 123.345907 123.336686 123.328549 123.320446 123.310108 123.302564 123.293623 123.284368 123.276544 123.269280 123.258662 123.248848 123.241025 123.233201 123.223981 123.215319 123.207182 123.198240 123.189579 123.180917 123.172255 123.168623 123.174211 123.183152 123.191814
0.000000 0.000000 0.000000 0.000000 0.000000 0.000000 0.000000 0.000000 0.000000 0.000000 0.000000 0.000000 0.000000 0.000000 0.000000 0.000000 0.000000 0.000000 0.000000 0.000000 0.000000 0.000000 0.000000 0.000000 0.000000 0.000000 0.000000 123.415794 123.406853 123.398471 123.390647 123.382265 123.371613 123.363510 123.354848 123.347583 123.338363 123.329946 123.322402 123.311784 123.303961 123.295299 123.286603 123.277941 123.271235 123.260618 123.250559 123.242981 123.234598 123.225657 123.216716 123.208892 123.200196 123.191534 123.182593 123.173931 123.169181 123.173652 123.182593 123.190417
0.000000 0.000000 0.000000 0.000000 0.000000 0.000000 0.000000 0.000000 0.000000 0.000000 0.000000 0.000000 0.000000 0.000000 0.000000 0.000000 0.000000 0.000000 0.000000 0.000000 0.000000 0.000000 0.000000 0.000000 0.000000 0.000000 0.000000 0.000000 123.408809 123.400427 123.391485 123.384221 123.373569 123.365466 123.356804 123.349539 123.340598 123.331902 123.324079 123.314020 123.305917 123.297255 123.288280 123.279897 123.272353 123.262015 123.252515 123.244937 123.236554 123.227333 123.218672 123.211127 123.202152 123.192932 123.184270 123.175887 123.169740 123.173093 123.181755 123.189858
0.000000 0.000000 0.000000 0.000000 0.000000 0.000000 0.000000 0.000000 0.000000 0.000000 0.000000 0.000000 0.000000 0.000000 0.000000 0.000000 0.000000 0.000000 0.000000 0.000000 0.000000 0.000000 0.000000 0.000000 0.000000 0.000000 0.000000 0.000000 123.410765 123.402103 123.393441 123.385897 123.375279 123.367422 123.358481 123.351216 123.342275 123.333892 123.326035 123.315696 123.307873 123.298931 123.290236 123.281574 123.273471 123.263971 123.254191 123.246613 123.238510 123.229289 123.220348 123.212525 123.203829 123.194887 123.186505 123.177284 123.170578 123.171696 123.180637 123.189299
0.000000 0.000000 0.000000 0.000000 0.000000 0.000000 0.000000 0.000000 0.000000 0.000000 0.000000 0.000000 0.000000 0.000000 0.000000 0.000000 0.000000 0.000000 0.000000 0.000000 0.000000 0.000000 0.000000 0.000000 0.000000 0.000000 0.000000 0.000000 123.412441 123.404059 123.395118 123.388132 123.376956 123.369098 123.360157 123.353172 123.344230 123.335289 123.327432 123.317652 123.309549 123.300887 123.291633 123.283250 123.275147 123.265927 123.255868 123.248569 123.240186 123.230686 123.222025 123.214201 123.205785 123.196843 123.187623 123.179240 123.171137 123.171137 123.180079 123.189020
0.000000 0.000000 0.000000 0.000000 0.000000 0.000000 0.000000 0.000000 0.000000 0.000000 0.000000 0.000000 0.000000 0.000000 0.000000 0.000000 0.000000 0.000000 0.000000 0.000000 0.000000 0.000000 0.000000 0.000000 0.000000 0.000000 0.000000 0.000000 123.414397 123.405456 123.397074 123.389809 123.379191 123.371334 123.362113 123.354848 123.345628 123.337245 123.329388 123.319049 123.311505 123.302843 123.293623 123.285206 123.276824 123.267603 123.258103 123.250559 123.242422 123.232642 123.224260 123.216436 123.207182 123.198520 123.189579 123.181196 123.172255 123.171696 123.179520 123.188182
0.000000 0.000000 0.000000 0.000000 0.000000 0.000000 0.000000 0.000000 0.000000 0.000000 0.000000 0.000000 0.000000 0.000000 0.000000 0.000000 0.000000 0.000000 0.000000 0.000000 0.000000 0.000000 0.000000 0.000000 0.000000 0.000000 0.000000 0.000000 123.416074 123.407412 123.399030 123.391485 123.380868 123.372731 123.363510 123.356245 123.347583 123.339201 123.331343 123.321005 123.313461 123.304240 123.295578 123.287162 123.278780 123.269838 123.259779 123.252515 123.243819 123.234598 123.225378 123.218113 123.209172 123.200476 123.191534 123.182873 123.174490 123.172255 123.178681 123.187623
0.000000 0.000000 0.000000 0.000000 0.000000 0.000000 0.000000 0.000000 0.000000 0.000000 0.000000 0.000000 0.000000 0.000000 0.000000 0.000000 0.000000 0.000000 0.000000 0.000000 0.000000 0.000000 0.000000 0.000000 0.000000 0.000000 0.000000 0.000000 0.000000 123.409368 123.400706 123.393721 123.382824 123.374407 123.365466 123.357084 123.349539 123.340878 123.333020 123.322961 123.315417 123.306196 123.297255 123.289118 123.280736 123.271235 123.261735 123.254191 123.245775 123.236275 123.227333 123.220069 123.211127 123.202152 123.193211 123.184829 123.176167 123.172814 123.177843 123.187064
0.000000 0.000000 0.000000 0.000000 0.000000 0.000000 0.000000 0.000000 0.000000 0.000000 0.000000 0.000000 0.000000 0.000000 0.000000 0.000000 0.000000 0.000000 0.000000 0.000000 0.000000 0.000000 0.000000 0.000000 0.000000 0.000000 0.000000 0.000000 0.000000 123.411044 123.402662 123.395397 123.384221 123.376397 123.367422 123.358760 123.351216 123.342833 123.335010 123.324637 123.317373 123.307873 123.299211 123.290515 123.282691 123.273191 123.263132 123.255868 123.247731 123.238231 123.229289 123.221466 123.212525 123.203829 123.195167 123.186784 123.177843 123.173373 123.177005 123.185946
0.000000 0.000000 0.000000 0.000000 0.000000 0.000000 0.000000 0.000000 0.000000 0.000000 0.000000 0.000000 0.000000 0.000000 0.000000 0.000000 0.000000 0.000000 0.000000 0.000000 0.000000 0.000000 0.000000 0.000000 0.000000 0.000000 0.000000 0.000000 0.000000 123.413280 123.404338 123.397353 123.386177 123.378074 123.369098 123.360716 123.353172 123.344789 123.336686 123.326873 123.319329 123.309549 123.300887 123.292505 123.284088 123.275147 123.265088 123.257824 123.249128 123.239907 123.230966 123.223422 123.214480 123.205785 123.197123 123.188740 123.180079 123.173931 123.176167 123.185387
0.000000 0.000000 0.000000 0.000000 0.000000 0.000000 0.000000 0.000000 0.000000 0.000000 0.000000 0.000000 0.000000 0.000000 0.000000 0.000000 0.000000 0.000000 0.000000 0.000000 0.000000 0.000000 0.000000 0.000000 0.000000 0.000000 0.000000 0.000000 0.000000 123.414677 123.406015 123.398750 123.388132 123.379750 123.371054 123.362672 123.355128 123.346745 123.338363 123.328270 123.320446 123.311505 123.302564 123.294461 123.286044 123.276265 123.267324 123.259221 123.251118 123.241584 123.232922 123.225378 123.216436 123.207740 123.199079 123.190696 123.181755 123.174490 123.176167 123.184829
0.000000 0.000000 0.000000 0.000000 0.000000 0.000000 0.000000 0.000000 0.000000 0.000000 0.000000 0.000000 0.000000 0.000000 0.000000 0.000000 0.000000 0.000000 0.000000 0.000000 0.000000 0.000000 0.000000 0.000000 0.000000 0.000000 0.000000 0.000000 0.000000 123.416633 123.407971 123.400706 123.389809 123.381706 123.372731 123.364628 123.357084 123.348701 123.340319 123.329946 123.321843 123.313461 123.304799 123.296417 123.288280 123.278500 123.268721 123.261177 123.253074 123.243539 123.234598 123.227054 123.218113 123.209730 123.200755 123.192652 123.183711 123.175049 123.175328 123.183990
0.000000 0.000000 0.000000 0.000000 0.000000 0.000000 0.000000 0.000000 0.000000 0.000000 0.000000 0.000000 0.000000 0.000000 0.000000 0.000000 0.000000 0.000000 0.000000 0.000000 0.000000 0.000000 0.000000 0.000000 0.000000 0.000000 0.000000 0.000000 0.000000 0.000000 123.409647 123.402662 123.391765 123.383662 123.374407 123.366304 123.358760 123.350657 123.341995 123.332182 123.323520 123.315417 123.306476 123.298373 123.289677 123.280456 123.270677 123.263132 123.254750 123.245495 123.236275 123.229289 123.220069 123.211407 123.202432 123.194329 123.185108 123.176446 123.175608 123.183431
0.000000 0.000000 0.000000 0.000000 0.000000 0.000000 0.000000 0.000000 0.000000 0.000000 0.000000 0.000000 0.000000 0.000000 0.000000 0.000000 0.000000 0.000000 0.000000 0.000000 0.000000 0.000000 0.000000 0.000000 0.000000 0.000000 0.000000 0.000000 0.000000 0.000000 123.411603 123.404338 123.393441 123.385618 123.376397 123.367981 123.360436 123.352333 123.343672 123.333613 123.325476 123.317373 123.308431 123.300049 123.291633 123.282133 123.272353 123.264809 123.256706 123.247451 123.238510 123.230686 123.222025 123.213083 123.204667 123.196005 123.187064 123.178402 123.176167 123.182593
0.000000 0.000000 0.000000 0.000000 0.000000 0.000000 0.000000 0.000000 0.000000 0.000000 0.000000 0.000000 0.000000 0.000000 0.000000 0.000000 0.000000 0.000000 0.000000 0.000000 0.000000 0.000000 0.000000 0.000000 0.000000 0.000000 0.000000 0.000000 0.000000 0.000000 123.413280 123.406294 123.395118 123.387015 123.378074 123.370216 123.362672 123.354010 123.345907 123.335848 123.326873 123.319329 123.309829 123.301726 123.293623 123.284088 123.274030 123.267044 123.258382 123.248848 123.239628 123.232363 123.223981 123.215319 123.205785 123.198240 123.189020 123.180079 123.176726 123.181755
0.000000 0.000000 0.000000 0.000000 0.000000 0.000000 0.000000 0.000000 0.000000 0.000000 0.000000 0.000000 0.000000 0.000000 0.000000 0.000000 0.000000 0.000000 0.000000 0.000000 0.000000 0.000000 0.000000 0.000000 0.000000 0.000000 0.000000 0.000000 0.000000 0.000000 123.415236 123.407971 123.397353 123.388971 123.379750 123.371892 123.363789 123.356245 123.347583 123.337525 123.328829 123.321005 123.311784 123.303681 123.295020 123.285765 123.276265 123.268441 123.260059 123.250838 123.241584 123.234598 123.225657 123.216995 123.208020 123.199358 123.190696 123.182034 123.177284 123.181196
0.000000 0.000000 0.000000 0.000000 0.000000 0.000000 0.000000 0.000000 0.000000 0.000000 0.000000 0.000000 0.000000 0.000000 0.000000 0.000000 0.000000 0.000000 0.000000 0.000000 0.000000 0.000000 0.000000 0.000000 0.000000 0.000000 0.000000 0.000000 0.000000 0.000000 0.000000 123.409647 123.399030 123.391206 123.381706 123.373848 123.366025 123.357363 123.349539 123.339201 123.330785 123.323240 123.313740 123.305637 123.296976 123.288000 123.277383 123.270118 123.262015 123.252794 123.243539 123.235716 123.227333 123.218951 123.209730 123.201593 123.192652 123.183990 123.177843 123.180358
0.000000 0.000000 0.000000 0.000000 0.000000 0.000000 0.000000 0.000000 0.000000 0.000000 0.000000 0.000000 0.000000 0.000000 0.000000 0.000000 0.000000 0.000000 0.000000 0.000000 0.000000 0.000000 0.000000 0.000000 0.000000 0.000000 0.000000 0.000000 0.000000 0.000000 0.000000 123.411883 123.400985 123.392603 123.383662 123.375279 123.367701 123.359598 123.350936 123.341157 123.332461 123.324917 123.315417 123.307593 123.298652 123.289397 123.279338 123.272353 123.263691 123.254191 123.245216 123.237951 123.229569 123.220348 123.211407 123.203270 123.194608 123.185387 123.178402 123.179520
0.000000 0.000000 0.000000 0.000000 0.000000 0.000000 0.000000 0.000000 0.000000 0.000000 0.000000 0.000000 0.000000 0.000000 0.000000 0.000000 0.000000 0.000000 0.000000 0.000000 0.000000 0.000000 0.000000 0.000000 0.000000 0.000000 0.000000 0.000000 0.000000 0.000000 0.000000 123.413559 123.402383 123.394559 123.385618 123.377235 123.369378 123.361554 123.352892 123.342554 123.334172 123.326593 123.317652 123.308990 123.300328 123.291353 123.281294 123.273471 123.265647 123.256147 123.247172 123.239628 123.230686 123.222304 123.213363 123.204946 123.196564 123.187343 123.178961 123.179240
0.000000 0.000000 0.000000 0.000000 0.000000 0.000000 0.000000 0.000000 0.000000 0.000000 0.000000 0.000000 0.000000 0.000000 0.000000 0.000000 0.000000 0.000000 0.000000 0.000000 0.000000 0.000000 0.000000 0.000000 0.000000 0.000000 0.000000 0.000000 0.000000 0.000000 0.000000 123.415515 123.404338 123.396235 123.387015 123.379191 123.371334 123.362951 123.354848 123.344510 123.336127 123.328549 123.319049 123.310946 123.302284 123.293064 123.282971 123.275706 123.267324 123.258103 123.249128 123.241304 123.232922 123.224260 123.215319 123.206902 123.198520 123.189020 123.180637 123.179520
0.000000 0.000000 0.000000 0.000000 0.000000 0.000000 0.000000 0.000000 0.000000 0.000000 0.000000 0.000000 0.000000 0.000000 0.000000 0.000000 0.000000 0.000000 0.000000 0.000000 0.000000 0.000000 0.000000 0.000000 0.000000 0.000000 0.000000 0.000000 0.000000 0.000000 0.000000 0.000000 123.406294 123.397912 123.388971 123.380588 123.373010 123.364907 123.356525 123.346466 123.337804 123.329946 123.320726 123.312902 123.303681 123.294740 123.284927 123.277383 123.269280 123.259779 123.251118 123.243539 123.234878 123.225936 123.216716 123.208892 123.200476 123.190696 123.182593 123.180079
0.000000 0.000000 0.000000 0.000000 0.000000 0.000000 0.000000 0.000000 0.000000 0.000000 0.000000 0.000000 0.000000 0.000000 0.000000 0.000000 0.000000 0.000000 0.000000 0.000000 0.000000 0.000000 0.000000 0.000000 0.000000 0.000000 0.000000 0.000000 0.000000 0.000000 0.000000 0.000000 123.407971 123.400147 123.390927 123.382824 123.374687 123.366584 123.358481 123.348142 123.339760 123.331902 123.322961 123.314579 123.305637 123.296417 123.286603 123.279059 123.271235 123.261735 123.253074 123.244937 123.236275 123.227892 123.218672 123.210848 123.202432 123.192652 123.184270 123.180637
0.000000 0.000000 0.000000 0.000000 0.000000 0.000000 0.000000 0.000000 0.000000 0.000000 0.000000 0.000000 0.000000 0.000000 0.000000 0.000000 0.000000 0.000000 0.000000 0.000000 0.000000 0.000000 0.000000 0.000000 0.000000 0.000000 0.000000 0.000000 0.000000 0.000000 0.000000 0.000000 123.410206 123.401265 123.392603 123.384500 123.376676 123.368260 123.360157 123.350098 123.341436 123.333892 123.324637 123.316534 123.307593 123.298652 123.288280 123.281294 123.272912 123.263691 123.254750 123.246892 123.238231 123.229848 123.220348 123.212804 123.204388 123.194329 123.186226 123.181196
0.000000 0.000000 0.000000 0.000000 0.000000 0.000000 0.000000 0.000000 0.000000 0.000000 0.000000 0.000000 0.000000 0.000000 0.000000 0.000000 0.000000 0.000000 0.000000 0.000000 0.000000 0.000000 0.000000 0.000000 0.000000 0.000000 0.000000 0.000000 0.000000 0.000000 0.000000 0.000000 123.411603 123.403221 123.394559 123.386177 123.378353 123.370495 123.361834 123.352054 123.343113 123.335289 123.326593 123.318490 123.309270 123.299770 123.290515 123.282691 123.274868 123.265647 123.256706 123.248848 123.240186 123.231804 123.222025 123.214480 123.206064 123.196564 123.188182 123.181755
0.000000 0.000000 0.000000 0.000000 0.000000 0.000000 0.000000 0.000000 0.000000 0.000000 0.000000 0.000000 0.000000 0.000000 0.000000 0.000000 0.000000 0.000000 0.000000 0.000000 0.000000 0.000000 0.000000 0.000000 0.000000 0.000000 0.000000 0.000000 0.000000 0.000000 0.000000 0.000000 123.413280 123.405177 123.396515 123.388412 123.380029 123.372172 123.364069 123.354010 123.345069 123.337245 123.327990 123.320446 123.311226 123.302005 123.291633 123.284647 123.276544 123.267603 123.258103 123.250279 123.242142 123.233481 123.223981 123.216436 123.207740 123.197961 123.190137 123.182314
0.000000 0.000000 0.000000 0.000000 0.000000 0.000000 0.000000 0.000000 0.000000 0.000000 0.000000 0.000000 0.000000 0.000000 0.000000 0.000000 0.000000 0.000000 0.000000 0.000000 0.000000 0.000000 0.000000 0.000000 0.000000 0.000000 0.000000 0.000000 0.000000 0.000000 0.000000 0.000000 123.415515 123.406853 123.398471 123.390088 123.381985 123.374128 123.365745 123.355686 123.347025 123.339201 123.329946 123.322402 123.312902 123.303961 123.293623 123.286603 123.278221 123.269559 123.260059 123.252515 123.243819 123.235157 123.225936 123.217833 123.209730 123.199917 123.192093 123.182873
