FireSTARR/test/constant/O1a_S060_A090_WD225_WS020/arrival.asc
ncols         120
nrows         736
xllcorner     425303.990666
yllcorner     12675255.311160
cellsize      100.000000
NODATA_value  0.000000
[rows 81 to 107 of 736, columns 0 to 59 of 120]
0.000000 123.407412 123.383382 123.361554 123.337245 123.314858 123.292225 123.270397 123.247451 123.227333 123.205505 123.183431 123.161603 123.142603 123.133103 123.124687 123.116304 123.107642 123.099819 123.090319 123.081902 123.073520 123.064299 123.055637 123.047534 123.045858 123.053123 123.062064 123.070167 123.080226 123.097025 123.135059 123.185108 123.243260 123.302843 123.360716 0.000000 0.000000 0.000000 0.000000 0.000000 0.000000 0.000000 0.000000 0.000000 0.000000 0.000000 0.000000 0.000000 0.000000 0.000000 0.000000 0.000000 0.000000 0.000000 0.000000 0.000000 0.000000 0.000000 0.000000
0.000000 123.409088 123.385338 123.363231 123.338642 123.316534 123.293902 123.272074 123.249407 123.229289 123.207461 123.185108 123.163559 123.144559 123.135059 123.126676 123.117701 123.109878 123.101495 123.091995 123.083892 123.074917 123.066255 123.057873 123.048931 123.046417 123.051726 123.061226 123.069608 123.079108 123.091716 123.128912 123.171417 123.229289 123.297534 123.345069 123.409368 0.000000 0.000000 0.000000 0.000000 0.000000 0.000000 0.000000 0.000000 0.000000 0.000000 0.000000 0.000000 0.000000 0.000000 0.000000 0.000000 0.000000 0.000000 0.000000 0.000000 0.000000 0.000000 0.000000
0.000000 123.410765 123.386735 123.363789 123.340598 123.318211 123.295858 123.274030 123.251118 123.230686 123.209451 123.187064 123.165515 123.146515 123.137015 123.128632 123.119657 123.110995 123.103451 123.093672 123.085569 123.076873 123.068211 123.059270 123.050608 123.046976 123.051726 123.060387 123.069049 123.078549 123.087245 123.128353 123.161603 123.218672 123.287162 123.337804 123.395397 0.000000 0.000000 0.000000 0.000000 0.000000 0.000000 0.000000 0.000000 0.000000 0.000000 0.000000 0.000000 0.000000 0.000000 0.000000 0.000000 0.000000 0.000000 0.000000 0.000000 0.000000 0.000000 0.000000
0.000000 123.411603 123.388691 123.365745 123.342554 123.320446 123.297814 123.275427 123.252794 123.232642 123.210848 123.189020 123.167225 123.148191 123.138412 123.130309 123.121613 123.112951 123.105407 123.095628 123.087525 123.078829 123.069887 123.060946 123.052843 123.047534 123.050887 123.059270 123.068490 123.077711 123.086686 123.121892 123.155736 123.212525 123.265088 123.325476 123.384500 0.000000 0.000000 0.000000 0.000000 0.000000 0.000000 0.000000 0.000000 0.000000 0.000000 0.000000 0.000000 0.000000 0.000000 0.000000 0.000000 0.000000 0.000000 0.000000 0.000000 0.000000 0.000000 0.000000
0.000000 123.413559 123.390647 123.367701 123.344510 123.322123 123.299770 123.277662 123.254750 123.234598 123.212804 123.190976 123.169181 123.150147 123.140368 123.132265 123.123289 123.115186 123.107363 123.097304 123.089480 123.080505 123.071843 123.063182 123.054520 123.048093 123.050049 123.058990 123.067652 123.076035 123.086407 123.108201 123.146515 123.206064 123.244378 123.312623 123.379471 0.000000 0.000000 0.000000 0.000000 0.000000 0.000000 0.000000 0.000000 0.000000 0.000000 0.000000 0.000000 0.000000 0.000000 0.000000 0.000000 0.000000 0.000000 0.000000 0.000000 0.000000 0.000000 0.000000
0.000000 123.415515 123.392324 123.369378 123.345907 123.324079 123.301446 123.279618 123.256147 123.236275 123.214480 123.192932 123.170858 123.151544 123.142324 123.133662 123.125000 123.116584 123.109319 123.099539 123.091157 123.082461 123.073520 123.064299 123.056476 123.048652 123.049211 123.058431 123.067093 123.075476 123.085289 123.107642 123.139250 123.189299 123.237392 123.308431 123.372172 0.000000 0.000000 0.000000 0.000000 0.000000 0.000000 0.000000 0.000000 0.000000 0.000000 0.000000 0.000000 0.000000 0.000000 0.000000 0.000000 0.000000 0.000000 0.000000 0.000000 0.000000 0.000000 0.000000
0.000000 0.000000 123.394280 123.371054 123.347863 123.325476 123.303123 123.281015 123.258103 123.238510 123.216157 123.194887 123.172534 123.153500 123.144000 123.135618 123.126956 123.118539 123.111275 123.100936 123.093113 123.084451 123.075196 123.066534 123.057873 123.049490 123.049211 123.057873 123.066814 123.074917 123.084730 123.097304 123.138412 123.178961 123.232642 123.293343 123.351216 0.000000 0.000000 0.000000 0.000000 0.000000 0.000000 0.000000 0.000000 0.000000 0.000000 0.000000 0.000000 0.000000 0.000000 0.000000 0.000000 0.000000 0.000000 0.000000 0.000000 0.000000 0.000000 0.000000
0.000000 0.000000 123.396235 123.371892 123.349819 123.327432 123.305079 123.282971 123.260059 123.240186 123.218113 123.196285 123.174770 123.155456 123.145956 123.137574 123.128632 123.120216 123.112951 123.102892 123.094789 123.086407 123.077152 123.068211 123.059829 123.051446 123.049770 123.057314 123.065696 123.074358 123.083892 123.096745 123.133382 123.174211 123.227333 123.277383 123.335848 123.403780 0.000000 0.000000 0.000000 0.000000 0.000000 0.000000 0.000000 0.000000 0.000000 0.000000 0.000000 0.000000 0.000000 0.000000 0.000000 0.000000 0.000000 0.000000 0.000000 0.000000 0.000000 0.000000
0.000000 0.000000 123.397633 123.374128 123.351495 123.329388 123.307034 123.284927 123.261735 123.242422 123.220069 123.198240 123.176446 123.157133 123.147912 123.139250 123.130588 123.121892 123.114628 123.104848 123.097025 123.088083 123.078829 123.069887 123.061784 123.053123 123.050328 123.055917 123.065137 123.074079 123.083020 123.095907 123.130309 123.156853 123.215878 123.267882 123.329667 123.397074 0.000000 0.000000 0.000000 0.000000 0.000000 0.000000 0.000000 0.000000 0.000000 0.000000 0.000000 0.000000 0.000000 0.000000 0.000000 0.000000 0.000000 0.000000 0.000000 0.000000 0.000000 0.000000
0.000000 0.000000 123.398750 123.375838 123.353731 123.331064 123.308990 123.286324 123.263691 123.244098 123.222025 123.200196 123.178402 123.159368 123.149868 123.141206 123.132544 123.124128 123.116863 123.106525 123.098422 123.089760 123.081064 123.072123 123.063461 123.055358 123.050887 123.055637 123.064299 123.072961 123.081343 123.091716 123.120216 123.152941 123.195167 123.247172 123.321843 123.372731 0.000000 0.000000 0.000000 0.000000 0.000000 0.000000 0.000000 0.000000 0.000000 0.000000 0.000000 0.000000 0.000000 0.000000 0.000000 0.000000 0.000000 0.000000 0.000000 0.000000 0.000000 0.000000
0.000000 0.000000 123.400985 123.377515 123.355128 123.333020 123.310387 123.288280 123.265368 123.245775 123.223981 123.201873 123.179799 123.160765 123.151544 123.142882 123.134500 123.125559 123.117981 123.108481 123.100378 123.091716 123.082461 123.073520 123.065696 123.056755 123.051446 123.054799 123.063182 123.072402 123.080785 123.090319 123.103172 123.151265 123.185667 123.242701 123.302843 123.371334 0.000000 0.000000 0.000000 0.000000 0.000000 0.000000 0.000000 0.000000 0.000000 0.000000 0.000000 0.000000 0.000000 0.000000 0.000000 0.000000 0.000000 0.000000 0.000000 0.000000 0.000000 0.000000
0.000000 0.000000 123.402383 123.379750 123.356804 123.334730 123.312343 123.289677 123.267044 123.247731 123.225936 123.204108 123.181755 123.162721 123.153221 123.144559 123.136456 123.127235 123.120216 123.110157 123.102613 123.093392 123.084172 123.075196 123.067093 123.058431 123.052005 123.053961 123.062902 123.072123 123.080226 123.089760 123.102613 123.146235 123.180917 123.240745 123.294740 123.356525 0.000000 0.000000 0.000000 0.000000 0.000000 0.000000 0.000000 0.000000 0.000000 0.000000 0.000000 0.000000 0.000000 0.000000 0.000000 0.000000 0.000000 0.000000 0.000000 0.000000 0.000000 0.000000
0.000000 0.000000 123.404338 123.381427 123.359039 123.336407 123.314299 123.291633 123.269000 123.249407 123.227892 123.205505 123.183711 123.164677 123.155456 123.146515 123.138412 123.129191 123.121613 123.111834 123.104010 123.095628 123.086127 123.077432 123.069049 123.060667 123.052564 123.053123 123.062343 123.071005 123.079667 123.089201 123.102054 123.141485 123.172814 123.225936 123.280456 123.344789 123.400427 0.000000 0.000000 0.000000 0.000000 0.000000 0.000000 0.000000 0.000000 0.000000 0.000000 0.000000 0.000000 0.000000 0.000000 0.000000 0.000000 0.000000 0.000000 0.000000 0.000000 0.000000
0.000000 0.000000 123.405456 123.383382 123.360716 123.338363 123.315976 123.293623 123.270956 123.251397 123.229848 123.207182 123.185387 123.166353 123.157133 123.148471 123.140368 123.131147 123.123289 123.113789 123.105966 123.097025 123.087804 123.079108 123.071005 123.062343 123.053681 123.053123 123.061226 123.070446 123.079388 123.088363 123.097583 123.129471 123.162162 123.207740 123.260059 123.332182 123.390088 0.000000 0.000000 0.000000 0.000000 0.000000 0.000000 0.000000 0.000000 0.000000 0.000000 0.000000 0.000000 0.000000 0.000000 0.000000 0.000000 0.000000 0.000000 0.000000 0.000000 0.000000
0.000000 0.000000 123.407412 123.384779 123.362672 123.340319 123.318211 123.295020 123.272912 123.253353 123.231804 123.209172 123.187623 123.168343 123.159088 123.150427 123.142324 123.133103 123.125279 123.115466 123.107642 123.098981 123.089480 123.081064 123.072682 123.064299 123.055358 123.053681 123.060667 123.069608 123.078270 123.087804 123.097025 123.128912 123.161603 123.194608 123.255029 123.323240 123.378074 0.000000 0.000000 0.000000 0.000000 0.000000 0.000000 0.000000 0.000000 0.000000 0.000000 0.000000 0.000000 0.000000 0.000000 0.000000 0.000000 0.000000 0.000000 0.000000 0.000000 0.000000
0.000000 0.000000 123.409088 123.386735 123.364628 123.342275 123.319608 123.296976 123.274309 123.255029 123.233760 123.210848 123.189020 123.170020 123.160486 123.151824 123.144000 123.134779 123.126956 123.117701 123.109319 123.100936 123.091716 123.082461 123.074637 123.065696 123.057034 123.054240 123.060108 123.068490 123.077711 123.086407 123.095628 123.108481 123.157971 123.192932 123.251397 123.305917 123.374128 0.000000 0.000000 0.000000 0.000000 0.000000 0.000000 0.000000 0.000000 0.000000 0.000000 0.000000 0.000000 0.000000 0.000000 0.000000 0.000000 0.000000 0.000000 0.000000 0.000000 0.000000
0.000000 0.000000 123.410765 123.388691 123.366025 123.344230 123.321285 123.298931 123.276265 123.256985 123.235716 123.212525 123.190696 123.171696 123.162721 123.153780 123.145677 123.136735 123.128632 123.119098 123.111275 123.102613 123.092833 123.084451 123.076035 123.067652 123.058990 123.054799 123.059549 123.067932 123.077432 123.085569 123.095069 123.107922 123.155456 123.187343 123.240186 123.286044 123.360436 0.000000 0.000000 0.000000 0.000000 0.000000 0.000000 0.000000 0.000000 0.000000 0.000000 0.000000 0.000000 0.000000 0.000000 0.000000 0.000000 0.000000 0.000000 0.000000 0.000000 0.000000
0.000000 0.000000 123.412721 123.390368 123.367981 123.346186 123.323520 123.300608 123.278221 123.258941 123.237672 123.214760 123.192932 123.173652 123.164677 123.155736 123.147912 123.138691 123.130588 123.121054 123.113231 123.104569 123.095069 123.086407 123.077990 123.069608 123.060667 123.055358 123.058711 123.067093 123.076314 123.085010 123.094230 123.107363 123.146794 123.179799 123.216436 123.266765 123.347025 123.413280 0.000000 0.000000 0.000000 0.000000 0.000000 0.000000 0.000000 0.000000 0.000000 0.000000 0.000000 0.000000 0.000000 0.000000 0.000000 0.000000 0.000000 0.000000 0.000000 0.000000
0.000000 0.000000 123.414677 123.392603 123.369937 123.347863 123.325196 123.302564 123.279897 123.260897 123.239628 123.216436 123.194608 123.175049 123.166074 123.157412 123.149030 123.140368 123.132544 123.123289 123.115186 123.106525 123.097025 123.087804 123.079946 123.071285 123.062343 123.055917 123.058152 123.066534 123.075755 123.084451 123.093951 123.102613 123.136456 123.172814 123.211127 123.265927 123.335848 123.399030 0.000000 0.000000 0.000000 0.000000 0.000000 0.000000 0.000000 0.000000 0.000000 0.000000 0.000000 0.000000 0.000000 0.000000 0.000000 0.000000 0.000000 0.000000 0.000000 0.000000
0.000000 0.000000 123.416633 123.394280 123.371892 123.349539 123.327152 123.304240 123.281853 123.262853 123.241584 123.218392 123.196564 123.177005 123.168064 123.159368 123.151265 123.142324 123.134500 123.124687 123.117142 123.108481 123.098422 123.089760 123.081623 123.073520 123.064579 123.056476 123.057034 123.065976 123.075196 123.083333 123.091995 123.102054 123.130588 123.166074 123.199637 123.260059 123.319887 123.388691 0.000000 0.000000 0.000000 0.000000 0.000000 0.000000 0.000000 0.000000 0.000000 0.000000 0.000000 0.000000 0.000000 0.000000 0.000000 0.000000 0.000000 0.000000 0.000000 0.000000
0.000000 0.000000 0.000000 123.396515 123.373569 123.351495 123.328549 123.305917 123.283530 123.264809 123.243539 123.220069 123.197961 123.178961 123.170020 123.161324 123.152941 123.143721 123.136177 123.126676 123.119098 123.110436 123.100657 123.091995 123.083613 123.074917 123.066255 123.057593 123.057034 123.065417 123.073799 123.083020 123.091716 123.100936 123.113789 123.163280 123.198240 123.242981 123.312343 123.373010 0.000000 0.000000 0.000000 0.000000 0.000000 0.000000 0.000000 0.000000 0.000000 0.000000 0.000000 0.000000 0.000000 0.000000 0.000000 0.000000 0.000000 0.000000 0.000000 0.000000
0.000000 0.000000 0.000000 123.397912 123.375279 123.353172 123.330505 123.308152 123.285206 123.266485 123.244378 123.221745 123.199917 123.180637 123.171696 123.163280 123.154618 123.145677 123.138412 123.128353 123.121054 123.112392 123.102054 123.093392 123.085289 123.076873 123.068211 123.059270 123.057593 123.064858 123.073240 123.082182 123.090598 123.100378 123.113231 123.157133 123.192373 123.240186 123.292225 123.362392 0.000000 0.000000 0.000000 0.000000 0.000000 0.000000 0.000000 0.000000 0.000000 0.000000 0.000000 0.000000 0.000000 0.000000 0.000000 0.000000 0.000000 0.000000 0.000000 0.000000
0.000000 0.000000 0.000000 123.399868 123.377235 123.354569 123.332461 123.309829 123.287162 123.268162 123.245775 123.223981 123.201873 123.182593 123.173652 123.165236 123.156574 123.147633 123.140088 123.130029 123.123010 123.114348 123.103731 123.095348 123.086966 123.078829 123.070167 123.060946 123.058152 123.064020 123.072402 123.081623 123.090319 123.099819 123.112672 123.145956 123.185108 123.224260 123.278221 123.347583 0.000000 0.000000 0.000000 0.000000 0.000000 0.000000 0.000000 0.000000 0.000000 0.000000 0.000000 0.000000 0.000000 0.000000 0.000000 0.000000 0.000000 0.000000 0.000000 0.000000
0.000000 0.000000 0.000000 123.401824 123.379191 123.356804 123.334172 123.311784 123.289118 123.270118 123.247451 123.225657 123.203549 123.184270 123.175049 123.167225 123.158250 123.149309 123.141765 123.132265 123.124687 123.116304 123.105966 123.097025 123.088922 123.080505 123.072123 123.063182 123.058711 123.063461 123.071843 123.081064 123.089760 123.098981 123.107922 123.138971 123.181196 123.216157 123.273191 123.331902 123.399868 0.000000 0.000000 0.000000 0.000000 0.000000 0.000000 0.000000 0.000000 0.000000 0.000000 0.000000 0.000000 0.000000 0.000000 0.000000 0.000000 0.000000 0.000000 0.000000
0.000000 0.000000 0.000000 123.403500 123.381147 123.358201 123.336127 123.313740 123.291074 123.271794 123.249407 123.227613 123.205785 123.185946 123.177005 123.168902 123.159927 123.151265 123.143721 123.133662 123.126676 123.117981 123.107642 123.098701 123.090598 123.082461 123.073520 123.064858 123.059270 123.062343 123.071285 123.080505 123.088922 123.097304 123.107363 123.128632 123.171696 123.204388 123.266485 123.322123 123.389250 0.000000 0.000000 0.000000 0.000000 0.000000 0.000000 0.000000 0.000000 0.000000 0.000000 0.000000 0.000000 0.000000 0.000000 0.000000 0.000000 0.000000 0.000000 0.000000
0.000000 0.000000 0.000000 123.405456 123.383103 123.360157 123.337804 123.315696 123.292784 123.274030 123.251118 123.229010 123.207182 123.188182 123.178961 123.170578 123.162162 123.153221 123.145118 123.135618 123.128632 123.119657 123.109598 123.100936 123.092275 123.084172 123.075476 123.066814 123.059829 123.062064 123.070726 123.079108 123.088083 123.096745 123.106245 123.118819 123.171417 123.203549 123.254471 123.299490 123.375838 0.000000 0.000000 0.000000 0.000000 0.000000 0.000000 0.000000 0.000000 0.000000 0.000000 0.000000 0.000000 0.000000 0.000000 0.000000 0.000000 0.000000 0.000000 0.000000
0.000000 0.000000 0.000000 123.407412 123.385059 123.362113 123.339480 123.317093 123.294461 123.275706 123.253353 123.230966 123.208892 123.189858 123.180637 123.172534 123.163280 123.155177 123.147074 123.137574 123.130309 123.121892 123.110995 123.102054 123.094510 123.085848 123.077432 123.068211 123.060387 123.060946 123.070167 123.078549 123.087804 123.096186 123.105686 123.118539 123.166074 123.196005 123.237951 123.295020 123.355966 0.000000 0.000000 0.000000 0.000000 0.000000 0.000000 0.000000 0.000000 0.000000 0.000000 0.000000 0.000000 0.000000 0.000000 0.000000 0.000000 0.000000 0.000000 0.000000
