FireSTARR/test/constant/O1a_S060_A090_WD225_WS020/arrival.asc
ncols         120
nrows         736
xllcorner     425303.990666
yllcorner     12675255.311160
cellsize      100.000000
NODATA_value  0.000000
[rows 270 to 296 of 736, columns 0 to 59 of 120]
0.000000 0.000000 0.000000 0.000000 0.000000 0.000000 0.000000 0.000000 0.000000 0.000000 0.000000 0.000000 0.000000 0.000000 0.000000 0.000000 0.000000 0.000000 0.000000 0.000000 0.000000 123.414118 123.404897 123.396235 123.388132 123.380588 123.371613 123.364628 123.354848 123.347583 123.338363 123.328270 123.319608 123.311505 123.304520 123.295020 123.286044 123.277941 123.270118 123.259779 123.251397 123.242701 123.233760 123.225378 123.216995 123.208020 123.198799 123.191814 123.182593 123.173373 123.164397 123.156294 123.152941 123.158530 123.167225 123.175887 123.185108 123.193490 123.202152 123.210848
0.000000 0.000000 0.000000 0.000000 0.000000 0.000000 0.000000 0.000000 0.000000 0.000000 0.000000 0.000000 0.000000 0.000000 0.000000 0.000000 0.000000 0.000000 0.000000 0.000000 0.000000 123.416074 123.406574 123.398191 123.389809 123.382265 123.373848 123.366584 123.356525 123.349819 123.340319 123.329946 123.321843 123.313182 123.306196 123.296696 123.288000 123.279618 123.271515 123.261735 123.253353 123.244378 123.235995 123.227054 123.218951 123.210010 123.200755 123.193770 123.183990 123.174770 123.166353 123.158250 123.153500 123.157691 123.167225 123.174770 123.184549 123.192932 123.201873 123.209730
0.000000 0.000000 0.000000 0.000000 0.000000 0.000000 0.000000 0.000000 0.000000 0.000000 0.000000 0.000000 0.000000 0.000000 0.000000 0.000000 0.000000 0.000000 0.000000 0.000000 0.000000 0.000000 123.408250 123.400147 123.391485 123.384221 123.374966 123.367981 123.358481 123.351495 123.342275 123.331902 123.323240 123.315417 123.306755 123.298652 123.289677 123.281574 123.273471 123.263412 123.254750 123.246613 123.237113 123.228731 123.220628 123.211407 123.202152 123.195167 123.185946 123.176726 123.168343 123.160206 123.154059 123.157133 123.165794 123.174770 123.183990 123.192093 123.201314 123.209172
0.000000 0.000000 0.000000 0.000000 0.000000 0.000000 0.000000 0.000000 0.000000 0.000000 0.000000 0.000000 0.000000 0.000000 0.000000 0.000000 0.000000 0.000000 0.000000 0.000000 0.000000 0.000000 123.410206 123.401824 123.393441 123.386177 123.376956 123.369937 123.360157 123.353451 123.344230 123.333613 123.325196 123.316814 123.307873 123.300049 123.291353 123.283250 123.275427 123.265088 123.256706 123.248289 123.239348 123.230686 123.222304 123.213363 123.204108 123.195726 123.187902 123.178681 123.169461 123.161883 123.154618 123.156574 123.165236 123.174211 123.183431 123.191534 123.200476 123.208892
0.000000 0.000000 0.000000 0.000000 0.000000 0.000000 0.000000 0.000000 0.000000 0.000000 0.000000 0.000000 0.000000 0.000000 0.000000 0.000000 0.000000 0.000000 0.000000 0.000000 0.000000 0.000000 123.411883 123.404059 123.395118 123.387574 123.379191 123.371892 123.361834 123.354848 123.346186 123.335289 123.327152 123.318770 123.309829 123.302005 123.293343 123.284927 123.277103 123.267324 123.258382 123.250279 123.241025 123.232642 123.224260 123.215319 123.206064 123.197682 123.189299 123.180358 123.171696 123.163559 123.155177 123.155456 123.164118 123.173373 123.181476 123.190976 123.199917 123.208333
0.000000 0.000000 0.000000 0.000000 0.000000 0.000000 0.000000 0.000000 0.000000 0.000000 0.000000 0.000000 0.000000 0.000000 0.000000 0.000000 0.000000 0.000000 0.000000 0.000000 0.000000 0.000000 123.414118 123.405456 123.397074 123.389530 123.380868 123.373569 123.363789 123.356804 123.348142 123.337245 123.328829 123.320726 123.311505 123.303961 123.295020 123.286883 123.279059 123.268441 123.260059 123.251956 123.242701 123.234598 123.226216 123.216995 123.207461 123.199637 123.191255 123.182314 123.173373 123.165515 123.156574 123.155736 123.163559 123.172255 123.180917 123.190417 123.198799 123.207461
0.000000 0.000000 0.000000 0.000000 0.000000 0.000000 0.000000 0.000000 0.000000 0.000000 0.000000 0.000000 0.000000 0.000000 0.000000 0.000000 0.000000 0.000000 0.000000 0.000000 0.000000 0.000000 123.415515 123.407412 123.399030 123.391206 123.382824 123.375279 123.365745 123.358760 123.349819 123.339201 123.330785 123.322402 123.313461 123.305637 123.296696 123.288559 123.280736 123.270677 123.262015 123.253632 123.244657 123.235995 123.228172 123.218951 123.209451 123.201035 123.193211 123.183990 123.175049 123.167225 123.158250 123.156294 123.163280 123.171417 123.180358 123.189858 123.198240 123.207182
0.000000 0.000000 0.000000 0.000000 0.000000 0.000000 0.000000 0.000000 0.000000 0.000000 0.000000 0.000000 0.000000 0.000000 0.000000 0.000000 0.000000 0.000000 0.000000 0.000000 0.000000 0.000000 0.000000 123.409368 123.400706 123.392882 123.384221 123.377235 123.367701 123.360436 123.351495 123.341157 123.332461 123.324358 123.315417 123.307873 123.298652 123.290794 123.282412 123.272353 123.263971 123.255588 123.246613 123.237951 123.229569 123.220628 123.211127 123.203270 123.194608 123.185946 123.177005 123.169181 123.160206 123.156853 123.162721 123.171137 123.179520 123.189020 123.197402 123.206623
0.000000 0.000000 0.000000 0.000000 0.000000 0.000000 0.000000 0.000000 0.000000 0.000000 0.000000 0.000000 0.000000 0.000000 0.000000 0.000000 0.000000 0.000000 0.000000 0.000000 0.000000 0.000000 0.000000 123.411044 123.402662 123.394838 123.386177 123.378912 123.369098 123.362672 123.353451 123.342554 123.334172 123.326035 123.317093 123.309270 123.300049 123.292505 123.284368 123.274030 123.265927 123.256985 123.248569 123.240186 123.231525 123.222304 123.212804 123.204667 123.196843 123.187902 123.178681 123.171137 123.162162 123.157412 123.162162 123.170578 123.178681 123.187343 123.196843 123.205785
0.000000 0.000000 0.000000 0.000000 0.000000 0.000000 0.000000 0.000000 0.000000 0.000000 0.000000 0.000000 0.000000 0.000000 0.000000 0.000000 0.000000 0.000000 0.000000 0.000000 0.000000 0.000000 0.000000 123.413000 123.404618 123.396515 123.388132 123.380868 123.371054 123.364069 123.354848 123.344510 123.336127 123.327711 123.319049 123.310946 123.302005 123.294181 123.285765 123.275985 123.267324 123.258941 123.250279 123.241584 123.233481 123.224260 123.214760 123.206623 123.198240 123.189579 123.180358 123.172534 123.164118 123.157971 123.161044 123.169461 123.178681 123.187064 123.196285 123.205226
0.000000 0.000000 0.000000 0.000000 0.000000 0.000000 0.000000 0.000000 0.000000 0.000000 0.000000 0.000000 0.000000 0.000000 0.000000 0.000000 0.000000 0.000000 0.000000 0.000000 0.000000 0.000000 0.000000 123.414677 123.406574 123.398750 123.389809 123.382824 123.373010 123.365745 123.356804 123.346466 123.337525 123.329667 123.320726 123.313182 123.303961 123.296137 123.287721 123.277662 123.269280 123.260897 123.251956 123.243539 123.235157 123.226216 123.216436 123.208333 123.200196 123.191534 123.182593 123.174770 123.165515 123.158530 123.160486 123.168902 123.177564 123.186226 123.195726 123.204667
0.000000 0.000000 0.000000 0.000000 0.000000 0.000000 0.000000 0.000000 0.000000 0.000000 0.000000 0.000000 0.000000 0.000000 0.000000 0.000000 0.000000 0.000000 0.000000 0.000000 0.000000 0.000000 0.000000 123.416353 123.408530 123.400147 123.392044 123.384779 123.374687 123.367981 123.358760 123.348142 123.339760 123.331343 123.322402 123.314858 123.305637 123.297534 123.289677 123.279338 123.271515 123.262294 123.254191 123.245216 123.237113 123.228172 123.218113 123.210289 123.202152 123.192932 123.183990 123.176167 123.167505 123.159088 123.159368 123.168343 123.177005 123.185946 123.195167 123.203549
0.000000 0.000000 0.000000 0.000000 0.000000 0.000000 0.000000 0.000000 0.000000 0.000000 0.000000 0.000000 0.000000 0.000000 0.000000 0.000000 0.000000 0.000000 0.000000 0.000000 0.000000 0.000000 0.000000 0.000000 123.410486 123.402103 123.393441 123.386735 123.376676 123.369657 123.360436 123.350098 123.341716 123.333333 123.324358 123.316814 123.307593 123.299490 123.291353 123.281574 123.273191 123.264250 123.255309 123.246892 123.238789 123.229569 123.220348 123.212245 123.203829 123.194887 123.185946 123.177843 123.169461 123.160206 123.159647 123.167784 123.176446 123.184829 123.194608 123.202432
0.000000 0.000000 0.000000 0.000000 0.000000 0.000000 0.000000 0.000000 0.000000 0.000000 0.000000 0.000000 0.000000 0.000000 0.000000 0.000000 0.000000 0.000000 0.000000 0.000000 0.000000 0.000000 0.000000 0.000000 123.412162 123.404338 123.395397 123.388691 123.378353 123.371613 123.362392 123.352054 123.343113 123.335010 123.325755 123.318211 123.309270 123.301446 123.293343 123.282691 123.275147 123.266206 123.257544 123.248848 123.240466 123.231525 123.221466 123.213922 123.205785 123.196843 123.187623 123.180079 123.170858 123.162162 123.160206 123.167505 123.175608 123.184549 123.192652 123.202152
0.000000 0.000000 0.000000 0.000000 0.000000 0.000000 0.000000 0.000000 0.000000 0.000000 0.000000 0.000000 0.000000 0.000000 0.000000 0.000000 0.000000 0.000000 0.000000 0.000000 0.000000 0.000000 0.000000 0.000000 123.413839 123.405736 123.397353 123.390647 123.380029 123.373010 123.364069 123.354010 123.345069 123.336686 123.327711 123.320167 123.310946 123.303123 123.295020 123.284927 123.276824 123.267882 123.259221 123.250559 123.242701 123.233481 123.223701 123.215598 123.207740 123.198520 123.189579 123.181755 123.172814 123.164118 123.160765 123.166353 123.174770 123.183431 123.192093 123.201593
0.000000 0.000000 0.000000 0.000000 0.000000 0.000000 0.000000 0.000000 0.000000 0.000000 0.000000 0.000000 0.000000 0.000000 0.000000 0.000000 0.000000 0.000000 0.000000 0.000000 0.000000 0.000000 0.000000 0.000000 123.415794 123.407691 123.399030 123.392603 123.381985 123.374966 123.365745 123.355966 123.346745 123.338642 123.329667 123.322123 123.312902 123.305079 123.296696 123.286603 123.278780 123.269838 123.260897 123.252794 123.244378 123.235157 123.225657 123.217554 123.209730 123.200476 123.191534 123.183711 123.174770 123.165794 123.161324 123.165794 123.174211 123.182873 123.191814 123.201035
0.000000 0.000000 0.000000 0.000000 0.000000 0.000000 0.000000 0.000000 0.000000 0.000000 0.000000 0.000000 0.000000 0.000000 0.000000 0.000000 0.000000 0.000000 0.000000 0.000000 0.000000 0.000000 0.000000 0.000000 0.000000 123.409368 123.400985 123.394280 123.383382 123.376956 123.367981 123.357922 123.348422 123.340319 123.331343 123.323799 123.314579 123.306755 123.298652 123.288280 123.280456 123.271235 123.262853 123.254191 123.246334 123.237113 123.227054 123.219230 123.211407 123.202152 123.193211 123.185108 123.176446 123.167784 123.161883 123.164956 123.173373 123.182593 123.191255 123.200476
0.000000 0.000000 0.000000 0.000000 0.000000 0.000000 0.000000 0.000000 0.000000 0.000000 0.000000 0.000000 0.000000 0.000000 0.000000 0.000000 0.000000 0.000000 0.000000 0.000000 0.000000 0.000000 0.000000 0.000000 0.000000 123.411044 123.402383 123.395956 123.385338 123.378353 123.369657 123.359878 123.350657 123.341995 123.333299 123.326035 123.316534 123.308431 123.300328 123.290236 123.282412 123.273191 123.264809 123.256147 123.247731 123.238789 123.229289 123.221466 123.213083 123.203829 123.195446 123.187064 123.178681 123.169740 123.162441 123.164118 123.173093 123.181476 123.190137 123.200196
0.000000 0.000000 0.000000 0.000000 0.000000 0.000000 0.000000 0.000000 0.000000 0.000000 0.000000 0.000000 0.000000 0.000000 0.000000 0.000000 0.000000 0.000000 0.000000 0.000000 0.000000 0.000000 0.000000 0.000000 0.000000 123.413000 123.404338 123.398191 123.387294 123.380309 123.371613 123.361834 123.351775 123.344230 123.335010 123.327432 123.318211 123.310387 123.302284 123.291946 123.284368 123.275147 123.266765 123.258382 123.249687 123.240466 123.230686 123.222863 123.215039 123.205785 123.196843 123.189020 123.180079 123.171417 123.163000 123.163280 123.171976 123.181196 123.189579 123.197961
0.000000 0.000000 0.000000 0.000000 0.000000 0.000000 0.000000 0.000000 0.000000 0.000000 0.000000 0.000000 0.000000 0.000000 0.000000 0.000000 0.000000 0.000000 0.000000 0.000000 0.000000 0.000000 0.000000 0.000000 0.000000 123.414956 123.406294 123.399868 123.388971 123.382544 123.373010 123.363789 123.354010 123.345348 123.336686 123.329388 123.320167 123.311784 123.304240 123.293623 123.286044 123.276824 123.268441 123.259779 123.251676 123.242422 123.232363 123.224819 123.216436 123.207461 123.198520 123.190696 123.181755 123.173373 123.164118 123.163559 123.171696 123.180079 123.188740 123.197402
0.000000 0.000000 0.000000 0.000000 0.000000 0.000000 0.000000 0.000000 0.000000 0.000000 0.000000 0.000000 0.000000 0.000000 0.000000 0.000000 0.000000 0.000000 0.000000 0.000000 0.000000 0.000000 0.000000 0.000000 0.000000 123.416667 123.407971 123.401824 123.391206 123.383941 123.374966 123.365745 123.355686 123.347583 123.338642 123.331343 123.322123 123.313740 123.305917 123.295858 123.288000 123.278780 123.270118 123.261735 123.253632 123.244378 123.234598 123.226775 123.218392 123.209451 123.200755 123.192932 123.183990 123.175049 123.166353 123.164118 123.171137 123.179520 123.188182 123.197123
0.000000 0.000000 0.000000 0.000000 0.000000 0.000000 0.000000 0.000000 0.000000 0.000000 0.000000 0.000000 0.000000 0.000000 0.000000 0.000000 0.000000 0.000000 0.000000 0.000000 0.000000 0.000000 0.000000 0.000000 0.000000 0.000000 123.410206 123.403221 123.392603 123.385897 123.376956 123.367422 123.357363 123.349260 123.340598 123.333020 123.323799 123.315696 123.307873 123.297534 123.289677 123.280736 123.272353 123.263412 123.255588 123.246334 123.236275 123.228451 123.220348 123.211407 123.202432 123.194329 123.185667 123.177005 123.168064 123.164677 123.170578 123.178681 123.187623 123.196564
0.000000 0.000000 0.000000 0.000000 0.000000 0.000000 0.000000 0.000000 0.000000 0.000000 0.000000 0.000000 0.000000 0.000000 0.000000 0.000000 0.000000 0.000000 0.000000 0.000000 0.000000 0.000000 0.000000 0.000000 0.000000 0.000000 123.411603 123.405456 123.394559 123.386456 123.378353 123.369098 123.359319 123.350936 123.342554 123.335010 123.325755 123.317373 123.309270 123.299490 123.291353 123.282691 123.273471 123.265088 123.257544 123.247731 123.238231 123.230407 123.222025 123.213083 123.204388 123.196285 123.187623 123.178681 123.170020 123.165236 123.169461 123.178402 123.186784 123.195446
0.000000 0.000000 0.000000 0.000000 0.000000 0.000000 0.000000 0.000000 0.000000 0.000000 0.000000 0.000000 0.000000 0.000000 0.000000 0.000000 0.000000 0.000000 0.000000 0.000000 0.000000 0.000000 0.000000 0.000000 0.000000 0.000000 123.413559 123.407412 123.396515 123.387294 123.380309 123.371334 123.360995 123.352892 123.344230 123.336686 123.327432 123.319329 123.311226 123.300887 123.293343 123.284647 123.275706 123.267044 123.259500 123.249687 123.239628 123.232084 123.224260 123.215039 123.205785 123.198240 123.189020 123.180637 123.171976 123.165794 123.169181 123.177843 123.186226 123.194887
0.000000 0.000000 0.000000 0.000000 0.000000 0.000000 0.000000 0.000000 0.000000 0.000000 0.000000 0.000000 0.000000 0.000000 0.000000 0.000000 0.000000 0.000000 0.000000 0.000000 0.000000 0.000000 0.000000 0.000000 0.000000 0.000000 123.415515 123.408809 123.397912 123.389530 123.382265 123.373010 123.362672 123.354569 123.345907 123.338363 123.329388 123.321005 123.313182 123.302843 123.295020 123.286603 123.277383 123.269000 123.261456 123.251676 123.241584 123.233760 123.225657 123.216436 123.207740 123.199917 123.190976 123.182593 123.173373 123.166353 123.167784 123.177005 123.185108 123.193770
0.000000 0.000000 0.000000 0.000000 0.000000 0.000000 0.000000 0.000000 0.000000 0.000000 0.000000 0.000000 0.000000 0.000000 0.000000 0.000000 0.000000 0.000000 0.000000 0.000000 0.000000 0.000000 0.000000 0.000000 0.000000 0.000000 0.000000 123.410765 123.399868 123.391206 123.383941 123.374966 123.364907 123.356245 123.347863 123.340319 123.331343 123.322682 123.314858 123.304799 123.296696 123.288280 123.279059 123.270956 123.263412 123.253074 123.243539 123.235716 123.227613 123.218392 123.209730 123.201873 123.192932 123.184270 123.175328 123.166946 123.167225 123.175887 123.184829 123.193490
0.000000 0.000000 0.000000 0.000000 0.000000 0.000000 0.000000 0.000000 0.000000 0.000000 0.000000 0.000000 0.000000 0.000000 0.000000 0.000000 0.000000 0.000000 0.000000 0.000000 0.000000 0.000000 0.000000 0.000000 0.000000 0.000000 0.000000 123.412441 123.401544 123.392882 123.385897 123.376676 123.366025 123.358481 123.349260 123.341716 123.333020 123.324637 123.317093 123.306476 123.298931 123.289956 123.281015 123.272353 123.265368 123.255029 123.245216 123.237392 123.229569 123.220348 123.211127 123.203270 123.194608 123.186226 123.177284 123.168343 123.167505 123.175887 123.183990 123.192932
