FireSTARR/test/constant/O1a_S060_A090_WD225_WS020/arrival.asc
ncols         120
nrows         736
xllcorner     425303.990666
yllcorner     12675255.311160
cellsize      100.000000
NODATA_value  0.000000
[rows 189 to 215 of 736, columns 0 to 59 of 120]
0.000000 0.000000 0.000000 0.000000 0.000000 0.000000 0.000000 0.000000 0.000000 0.000000 123.402383 123.380309 123.357363 123.337804 123.330226 123.321285 123.313461 123.305358 123.296417 123.286603 123.277383 123.267603 123.259779 123.250838 123.242422 123.234598 123.227054 123.216995 123.207461 123.199637 123.191814 123.182593 123.173931 123.164956 123.156853 123.148191 123.138971 123.130868 123.122731 123.113231 123.107084 123.109319 123.118260 123.127235 123.135338 123.144559 123.153221 123.161603 123.170858 123.180079 123.189299 123.201593 123.232084 123.263971 123.299490 123.341995 123.392324 0.000000 0.000000 0.000000
0.000000 0.000000 0.000000 0.000000 0.000000 0.000000 0.000000 0.000000 0.000000 0.000000 123.404618 123.381427 123.359319 123.339480 123.331902 123.322682 123.315417 123.306755 123.298093 123.288559 123.279618 123.269280 123.262015 123.252794 123.244098 123.236554 123.229010 123.218951 123.209451 123.201035 123.193490 123.184270 123.175608 123.166946 123.158530 123.150427 123.140927 123.132824 123.124687 123.115186 123.107642 123.108760 123.117701 123.126118 123.135059 123.143721 123.152103 123.161044 123.170299 123.178961 123.188740 123.200755 123.221186 123.256706 123.294740 123.340319 123.385897 0.000000 0.000000 0.000000
0.000000 0.000000 0.000000 0.000000 0.000000 0.000000 0.000000 0.000000 0.000000 0.000000 123.406294 123.383382 123.360995 123.341436 123.333892 123.324637 123.317373 123.308711 123.300049 123.290236 123.281015 123.271235 123.263412 123.254191 123.246054 123.238510 123.230966 123.220907 123.211407 123.202990 123.195726 123.185946 123.177564 123.168623 123.160486 123.151544 123.142882 123.134779 123.126676 123.116584 123.108201 123.108201 123.117142 123.125559 123.134500 123.143162 123.151824 123.160486 123.169740 123.178402 123.186784 123.200476 123.215598 123.239907 123.294461 123.319608 123.374966 0.000000 0.000000 0.000000
0.000000 0.000000 0.000000 0.000000 0.000000 0.000000 0.000000 0.000000 0.000000 0.000000 123.408250 123.385059 123.362951 123.342833 123.335289 123.326593 123.319329 123.310667 123.301446 123.292225 123.282971 123.272633 123.265368 123.256147 123.248010 123.239907 123.232922 123.222583 123.212804 123.204946 123.197123 123.188182 123.178961 123.170299 123.161883 123.153780 123.144838 123.136177 123.128353 123.118539 123.109878 123.108760 123.115745 123.124966 123.133662 123.142044 123.150706 123.159927 123.168902 123.177284 123.186226 123.195446 123.208020 123.239348 123.282691 123.319049 123.369937 0.000000 0.000000 0.000000
0.000000 0.000000 0.000000 0.000000 0.000000 0.000000 0.000000 0.000000 0.000000 0.000000 123.409647 123.386735 123.364628 123.344789 123.337245 123.327990 123.320726 123.312343 123.303402 123.293902 123.284647 123.274588 123.267324 123.258103 123.249966 123.241863 123.234878 123.224539 123.214760 123.206623 123.199079 123.189299 123.180917 123.172255 123.163839 123.155456 123.146794 123.138412 123.129750 123.120216 123.111554 123.109319 123.115466 123.124128 123.132824 123.141765 123.150427 123.159368 123.168064 123.176446 123.185667 123.194887 123.207461 123.238510 123.272353 123.313740 123.352892 123.400706 0.000000 0.000000
0.000000 0.000000 0.000000 0.000000 0.000000 0.000000 0.000000 0.000000 0.000000 0.000000 123.411603 123.388691 123.366304 123.346745 123.339201 123.330226 123.321285 123.314299 123.305358 123.295578 123.286324 123.276544 123.268721 123.259779 123.251956 123.244098 123.236554 123.226216 123.216716 123.208613 123.201035 123.191534 123.182873 123.173931 123.165794 123.157133 123.148750 123.140088 123.131985 123.121892 123.113510 123.109878 123.114628 123.123569 123.132544 123.140647 123.149868 123.158250 123.166946 123.176167 123.185387 123.194329 123.206902 123.230686 123.266765 123.308711 123.352333 123.395397 0.000000 0.000000
0.000000 0.000000 0.000000 0.000000 0.000000 0.000000 0.000000 0.000000 0.000000 0.000000 123.413559 123.390647 123.368260 123.348422 123.340878 123.331623 123.323240 123.315976 123.307034 123.297534 123.288280 123.278221 123.270956 123.261735 123.253353 123.245775 123.238231 123.228451 123.218392 123.210289 123.202711 123.193211 123.184549 123.175887 123.167505 123.159088 123.150427 123.141765 123.133382 123.123848 123.115186 123.110436 123.114348 123.123010 123.131427 123.140088 123.148750 123.157971 123.166353 123.175328 123.184270 123.193490 123.206343 123.228172 123.261735 123.303961 123.347304 123.391206 0.000000 0.000000
0.000000 0.000000 0.000000 0.000000 0.000000 0.000000 0.000000 0.000000 0.000000 0.000000 123.414956 123.392603 123.370216 123.350378 123.343113 123.333299 123.325196 123.317652 123.309270 123.299490 123.290236 123.280177 123.272633 123.263412 123.255309 123.247731 123.240186 123.229848 123.220348 123.211686 123.204667 123.194887 123.186505 123.177843 123.169461 123.160765 123.152103 123.144000 123.135338 123.125559 123.117422 123.110995 123.113510 123.122451 123.131147 123.139809 123.148471 123.157133 123.165794 123.174770 123.183152 123.192093 123.205505 123.223142 123.244937 123.296417 123.346745 123.370216 0.000000 0.000000
0.000000 0.000000 0.000000 0.000000 0.000000 0.000000 0.000000 0.000000 0.000000 0.000000 123.416353 123.394559 123.372172 123.352054 123.344510 123.335289 123.326873 123.319608 123.310667 123.301446 123.291946 123.281853 123.274309 123.265088 123.256985 123.249407 123.240745 123.231804 123.222304 123.213922 123.206343 123.196843 123.188182 123.179520 123.171417 123.162441 123.154059 123.145677 123.137574 123.127794 123.118819 123.111554 123.112392 123.121613 123.130588 123.138971 123.147353 123.156015 123.165236 123.174490 123.182593 123.191534 123.200755 123.213363 123.244657 123.286603 123.332182 123.369657 123.410486 0.000000
0.000000 0.000000 0.000000 0.000000 0.000000 0.000000 0.000000 0.000000 0.000000 0.000000 0.000000 123.396515 123.374128 123.354010 123.346466 123.336966 123.328829 123.321564 123.312623 123.303123 123.293902 123.283809 123.276265 123.267044 123.258662 123.251397 123.242422 123.233760 123.224260 123.215598 123.208020 123.198520 123.189858 123.181476 123.173373 123.164677 123.155456 123.147633 123.139250 123.129191 123.120775 123.112392 123.112113 123.120495 123.129471 123.138412 123.147074 123.155736 123.164677 123.173652 123.181755 123.190976 123.200196 123.213083 123.242701 123.280736 123.317652 123.366025 123.405177 0.000000
0.000000 0.000000 0.000000 0.000000 0.000000 0.000000 0.000000 0.000000 0.000000 0.000000 0.000000 123.398471 123.376118 123.355966 123.348422 123.338642 123.330226 123.323520 123.314579 123.304799 123.295578 123.285765 123.278221 123.269000 123.260618 123.253353 123.244378 123.235436 123.225936 123.217275 123.210010 123.200196 123.192093 123.182873 123.175049 123.166353 123.157412 123.149030 123.141206 123.131147 123.122731 123.114069 123.112672 123.119937 123.128912 123.137294 123.145956 123.155177 123.163839 123.172814 123.181476 123.190417 123.199637 123.212245 123.237392 123.272074 123.313182 123.355686 123.400706 0.000000
0.000000 0.000000 0.000000 0.000000 0.000000 0.000000 0.000000 0.000000 0.000000 0.000000 0.000000 123.399868 123.377794 123.357642 123.350098 123.340598 123.332182 123.325476 123.316255 123.306755 123.297534 123.287441 123.279059 123.270956 123.262574 123.255029 123.246334 123.237392 123.227613 123.219510 123.211686 123.202432 123.193770 123.184829 123.176726 123.168343 123.159368 123.150985 123.143162 123.133382 123.124407 123.116025 123.113231 123.119378 123.128353 123.136735 123.145677 123.154059 123.162441 123.171417 123.180637 123.189579 123.199079 123.211407 123.234039 123.259500 123.309270 123.352054 123.394280 0.000000
0.000000 0.000000 0.000000 0.000000 0.000000 0.000000 0.000000 0.000000 0.000000 0.000000 0.000000 123.401824 123.379471 123.359598 123.352054 123.342554 123.334172 123.327432 123.318211 123.308711 123.299211 123.289397 123.280456 123.272912 123.264530 123.256985 123.247731 123.239069 123.229569 123.221186 123.213363 123.204108 123.195726 123.186784 123.178961 123.170020 123.161044 123.152941 123.145118 123.134779 123.126397 123.117701 123.113789 123.119098 123.127515 123.136456 123.145118 123.153500 123.162441 123.170858 123.180079 123.188461 123.197402 123.210569 123.223142 123.250279 123.294740 123.351495 123.378632 0.000000
0.000000 0.000000 0.000000 0.000000 0.000000 0.000000 0.000000 0.000000 0.000000 0.000000 0.000000 123.403780 123.381427 123.360995 123.353451 123.344510 123.335569 123.329388 123.319887 123.310667 123.300887 123.290794 123.282133 123.274868 123.265927 123.258382 123.249687 123.240745 123.230966 123.223142 123.215319 123.206064 123.197123 123.188461 123.180637 123.171696 123.163000 123.154618 123.146515 123.136735 123.128353 123.119378 123.114348 123.117981 123.126956 123.135897 123.144000 123.152662 123.161324 123.170858 123.179520 123.187902 123.196843 123.206064 123.218951 123.249687 123.294181 123.328549 123.375838 0.000000
0.000000 0.000000 0.000000 0.000000 0.000000 0.000000 0.000000 0.000000 0.000000 0.000000 0.000000 123.405736 123.383382 123.362951 123.355407 123.345907 123.337525 123.331343 123.321564 123.312064 123.302843 123.292784 123.284088 123.276824 123.267882 123.260338 123.251676 123.242701 123.232922 123.224539 123.216716 123.207461 123.199079 123.190417 123.182593 123.173652 123.164677 123.156574 123.148471 123.138412 123.129750 123.121334 123.114907 123.117422 123.126118 123.134779 123.143721 123.152383 123.161044 123.170299 123.178681 123.187064 123.196285 123.205505 123.218392 123.246334 123.285765 123.327432 123.369378 123.410486
0.000000 0.000000 0.000000 0.000000 0.000000 0.000000 0.000000 0.000000 0.000000 0.000000 0.000000 123.407691 123.385338 123.364907 123.357363 123.347863 123.339480 123.333020 123.323520 123.314020 123.304799 123.294740 123.285486 123.278780 123.269838 123.262294 123.253074 123.244098 123.234878 123.226495 123.218672 123.209451 123.201035 123.192093 123.183990 123.175049 123.166353 123.158250 123.150427 123.140088 123.131706 123.123010 123.115466 123.116304 123.125279 123.134221 123.142603 123.151265 123.160206 123.168902 123.178123 123.186784 123.195446 123.204946 123.217275 123.241863 123.277383 123.320446 123.364628 123.405456
0.000000 0.000000 0.000000 0.000000 0.000000 0.000000 0.000000 0.000000 0.000000 0.000000 0.000000 123.409647 123.387015 123.366584 123.359039 123.349819 123.341157 123.335010 123.325196 123.316255 123.306755 123.296137 123.287441 123.280736 123.271515 123.263971 123.255029 123.246054 123.236554 123.228451 123.220628 123.211407 123.202711 123.193770 123.186226 123.177005 123.168343 123.159927 123.152103 123.142044 123.133382 123.125000 123.116584 123.116025 123.124966 123.133382 123.142044 123.150985 123.159368 123.168343 123.177564 123.185946 123.194887 123.204667 123.216995 123.236554 123.271794 123.315976 123.353731 123.397912
0.000000 0.000000 0.000000 0.000000 0.000000 0.000000 0.000000 0.000000 0.000000 0.000000 0.000000 123.411603 123.388691 123.368539 123.361275 123.351495 123.343113 123.336966 123.327432 123.317652 123.308152 123.298093 123.289397 123.282412 123.273471 123.265927 123.256985 123.248010 123.238510 123.230128 123.222304 123.212804 123.204946 123.196005 123.188182 123.178961 123.170020 123.162162 123.154059 123.143721 123.135338 123.126956 123.117981 123.116584 123.124128 123.133103 123.141485 123.150427 123.158809 123.167505 123.176167 123.185667 123.193770 123.202711 123.216157 123.224539 123.263691 123.300049 123.349539 123.381985
0.000000 0.000000 0.000000 0.000000 0.000000 0.000000 0.000000 0.000000 0.000000 0.000000 0.000000 123.412441 123.390647 123.370216 123.362672 123.353451 123.344789 123.337525 123.328829 123.319608 123.310108 123.300049 123.291074 123.282971 123.275147 123.267882 123.258662 123.249687 123.240186 123.232084 123.224260 123.214760 123.206343 123.197682 123.189579 123.180358 123.171696 123.163839 123.155736 123.145956 123.137294 123.128353 123.119937 123.117142 123.123289 123.132265 123.141206 123.149309 123.157971 123.166633 123.175608 123.184549 123.193211 123.202152 123.215598 123.223981 123.255029 123.289118 123.337525 123.381147
0.000000 0.000000 0.000000 0.000000 0.000000 0.000000 0.000000 0.000000 0.000000 0.000000 0.000000 123.414397 123.392324 123.372172 123.364628 123.355128 123.346466 123.338083 123.330785 123.321285 123.312064 123.301726 123.293064 123.284368 123.276824 123.269838 123.260618 123.251676 123.241863 123.233760 123.225936 123.216716 123.208020 123.199637 123.191534 123.182314 123.173652 123.165794 123.157412 123.147353 123.138971 123.130588 123.121892 123.117701 123.122451 123.131985 123.140088 123.148471 123.157691 123.166074 123.174770 123.183711 123.192373 123.201593 123.211127 123.223422 123.254471 123.284368 123.331343 123.372451
0.000000 0.000000 0.000000 0.000000 0.000000 0.000000 0.000000 0.000000 0.000000 0.000000 0.000000 123.416633 123.394559 123.374128 123.366584 123.356804 123.348422 123.340319 123.332740 123.322961 123.313740 123.303681 123.295020 123.286044 123.278780 123.271794 123.262294 123.253353 123.244098 123.235436 123.227613 123.218392 123.210010 123.201593 123.193211 123.184270 123.175608 123.167505 123.159368 123.149309 123.140927 123.131985 123.123848 123.118260 123.121892 123.130868 123.139530 123.147912 123.156574 123.165515 123.175049 123.183152 123.191814 123.200755 123.210289 123.222863 123.251956 123.277662 123.326314 123.369378
0.000000 0.000000 0.000000 0.000000 0.000000 0.000000 0.000000 0.000000 0.000000 0.000000 0.000000 0.000000 123.396235 123.375838 123.368260 123.359039 123.350378 123.341995 123.334451 123.325196 123.315696 123.305358 123.296417 123.288280 123.280736 123.273750 123.263971 123.255029 123.245775 123.237392 123.229569 123.220348 123.211686 123.203549 123.194887 123.185946 123.177564 123.169181 123.161044 123.151544 123.142882 123.133662 123.125559 123.118819 123.121054 123.130309 123.138691 123.147353 123.156294 123.164677 123.173093 123.182593 123.191534 123.199917 123.209451 123.222025 123.241863 123.273191 123.315137 123.356245
0.000000 0.000000 0.000000 0.000000 0.000000 0.000000 0.000000 0.000000 0.000000 0.000000 0.000000 0.000000 123.398471 123.377794 123.370216 123.360716 123.352333 123.343392 123.336407 123.326314 123.317373 123.307034 123.298373 123.289956 123.282691 123.275706 123.265927 123.257265 123.247731 123.238789 123.231245 123.222025 123.213363 123.204946 123.197123 123.187902 123.178961 123.171137 123.163000 123.152941 123.144838 123.135897 123.127235 123.119378 123.120216 123.129471 123.138132 123.146794 123.155736 123.164118 123.172814 123.181476 123.190976 123.199358 123.208020 123.221466 123.229848 123.272633 123.305358 123.354848
0.000000 0.000000 0.000000 0.000000 0.000000 0.000000 0.000000 0.000000 0.000000 0.000000 0.000000 0.000000 123.399868 123.379471 123.371892 123.362672 123.353731 123.345628 123.337804 123.328270 123.319049 123.308990 123.300049 123.291946 123.284647 123.277662 123.267603 123.258662 123.249128 123.240745 123.233201 123.223701 123.215319 123.206902 123.198240 123.189299 123.180917 123.173093 123.164677 123.154897 123.146515 123.137015 123.129471 123.120216 123.119937 123.128632 123.137853 123.146235 123.154618 123.163280 123.171976 123.180917 123.190417 123.198520 123.207461 123.220907 123.229289 123.267324 123.301167 123.344230
0.000000 0.000000 0.000000 0.000000 0.000000 0.000000 0.000000 0.000000 0.000000 0.000000 0.000000 0.000000 123.401824 123.381147 123.373569 123.364069 123.355686 123.347304 123.339760 123.330505 123.321005 123.310387 123.301726 123.293623 123.286603 123.278500 123.269838 123.260338 123.251118 123.242701 123.234878 123.225657 123.217275 123.208892 123.200476 123.191255 123.182873 123.175049 123.166633 123.156574 123.148191 123.139250 123.131147 123.121892 123.120495 123.128074 123.137294 123.145397 123.153780 123.163000 123.171417 123.180079 123.189020 123.197961 123.206902 123.216436 123.228731 123.264809 123.287441 123.338922
0.000000 0.000000 0.000000 0.000000 0.000000 0.000000 0.000000 0.000000 0.000000 0.000000 0.000000 0.000000 123.403780 123.383103 123.375559 123.366025 123.357642 123.348981 123.341716 123.331902 123.322961 123.312343 123.303681 123.295020 123.287162 123.279059 123.271235 123.262574 123.253074 123.244378 123.236554 123.227613 123.219230 123.210289 123.202152 123.193211 123.184549 123.176446 123.168623 123.158250 123.150147 123.140927 123.133103 123.123848 123.121054 123.127235 123.136177 123.144838 123.153221 123.161883 123.170858 123.179520 123.188740 123.197123 123.206064 123.215878 123.228172 123.253912 123.282971 123.333892
0.000000 0.000000 0.000000 0.000000 0.000000 0.000000 0.000000 0.000000 0.000000 0.000000 0.000000 0.000000 123.405456 123.384500 123.377235 123.367981 123.359319 123.351216 123.343392 123.333892 123.324917 123.314299 123.305079 123.297255 123.288280 123.281015 123.273191 123.264250 123.254471 123.246334 123.238789 123.229569 123.220628 123.212245 123.203829 123.194887 123.186505 123.178402 123.170020 123.160206 123.152103 123.142603 123.134500 123.125838 123.121613 123.126676 123.135618 123.143721 123.152662 123.161044 123.169740 123.178402 123.187064 123.196843 123.205226 123.213922 123.227333 123.249687 123.278500 123.318770
