FireSTARR/test/constant/M1M225PC_S060_A180_WD045_WS000/arrival.asc
ncols         45
nrows         13
xllcorner     426503.990666
yllcorner     12748155.311160
cellsize      100.000000
NODATA_value  0.000000
0.000000 0.000000 0.000000 0.000000 0.000000 0.000000 0.000000 0.000000 0.000000 0.000000 0.000000 0.000000 0.000000 0.000000 0.000000 123.404282 123.372376 123.379880 123.384761 123.389641 123.394522 123.399402 123.409163 123.416667 0.000000 0.000000 0.000000 0.000000 0.000000 0.000000 0.000000 0.000000 0.000000 0.000000 0.000000 0.000000 0.000000 0.000000 0.000000 0.000000 0.000000 0.000000 0.000000 0.000000 0.000000 
0.000000 0.000000 0.000000 0.000000 0.000000 0.000000 0.000000 0.000000 0.000000 0.000000 0.000000 0.000000 123.357735 123.306308 123.306308 123.316069 123.320949 123.325829 123.330710 123.338214 123.347974 123.357735 123.367496 123.379880 123.389641 123.399402 123.404282 123.414043 0.000000 0.000000 0.000000 0.000000 0.000000 0.000000 0.000000 0.000000 0.000000 0.000000 0.000000 0.000000 0.000000 0.000000 0.000000 0.000000 0.000000 
0.000000 0.000000 0.000000 0.000000 0.000000 0.000000 0.000000 0.000000 123.372376 123.301427 123.242496 123.237616 123.247376 123.250000 123.254880 123.264641 123.274402 123.284163 123.291667 123.301427 123.311188 123.320949 123.330710 123.338214 123.347974 123.357735 123.367496 123.379880 123.389641 123.399402 123.409163 123.416667 0.000000 0.000000 0.000000 0.000000 0.000000 0.000000 0.000000 0.000000 0.000000 0.000000 0.000000 0.000000 0.000000 
0.000000 0.000000 0.000000 0.000000 123.399402 123.325829 123.259761 123.181308 123.171547 123.176427 123.181308 123.191069 123.200829 123.208333 123.218094 123.222974 123.232735 123.242496 123.254880 123.264641 123.274402 123.284163 123.291667 123.301427 123.311188 123.320949 123.330710 123.338214 123.347974 123.357735 123.367496 123.379880 123.389641 123.399402 123.409163 123.416667 0.000000 0.000000 0.000000 0.000000 0.000000 0.000000 0.000000 0.000000 0.000000 
0.000000 123.343094 123.269522 123.195949 123.139641 123.102855 123.107735 123.112616 123.122376 123.129880 123.139641 123.149402 123.159163 123.171547 123.181308 123.191069 123.200829 123.208333 123.218094 123.227855 123.232735 123.242496 123.254880 123.264641 123.274402 123.284163 123.291667 123.301427 123.311188 123.320949 123.330710 123.338214 123.347974 123.357735 123.367496 123.379880 123.389641 123.399402 123.409163 123.416667 0.000000 0.000000 0.000000 0.000000 0.000000 
123.357735 123.080710 123.034163 123.034163 123.041667 123.051427 123.061188 123.070949 123.080710 123.093094 123.102855 123.112616 123.122376 123.129880 123.139641 123.149402 123.159163 123.166667 123.176427 123.186188 123.195949 123.205710 123.218094 123.227855 123.237616 123.247376 123.254880 123.264641 123.274402 123.284163 123.296547 123.306308 123.316069 123.325829 123.333333 123.343094 123.352855 123.362616 123.372376 123.384761 123.394522 123.404282 123.414043 0.000000 0.000000 
123.242496 123.000000 123.004880 123.014641 123.024402 123.034163 123.046547 123.056308 123.066069 123.075829 123.083333 123.093094 123.102855 123.112616 123.122376 123.134761 123.144522 123.154282 123.164043 123.171547 123.181308 123.191069 123.200829 123.213214 123.222974 123.232735 123.242496 123.250000 123.259761 123.269522 123.279282 123.289043 123.301427 123.311188 123.320949 123.330710 123.338214 123.347974 123.357735 123.367496 123.379880 123.389641 123.399402 123.409163 123.416667 
123.389641 123.112616 123.046547 123.039043 123.046547 123.056308 123.066069 123.075829 123.083333 123.093094 123.102855 123.112616 123.122376 123.134761 123.144522 123.154282 123.164043 123.171547 123.181308 123.191069 123.200829 123.213214 123.222974 123.232735 123.242496 123.250000 123.259761 123.269522 123.279282 123.289043 123.296547 123.306308 123.316069 123.325829 123.338214 123.347974 123.357735 123.367496 123.375000 123.384761 123.394522 123.404282 123.414043 0.000000 0.000000 
0.000000 123.372376 123.301427 123.227855 123.164043 123.107735 123.107735 123.117496 123.125000 123.134761 123.144522 123.149402 123.159163 123.171547 123.181308 123.191069 123.200829 123.208333 123.218094 123.227855 123.237616 123.247376 123.254880 123.264641 123.274402 123.284163 123.296547 123.306308 123.316069 123.325829 123.333333 123.343094 123.352855 123.362616 123.372376 123.384761 123.394522 123.404282 123.414043 0.000000 0.000000 0.000000 0.000000 0.000000 0.000000 
0.000000 0.000000 0.000000 0.000000 0.000000 123.357735 123.284163 123.213214 123.176427 123.181308 123.191069 123.195949 123.200829 123.213214 123.222974 123.227855 123.237616 123.247376 123.254880 123.264641 123.274402 123.284163 123.296547 123.306308 123.316069 123.325829 123.333333 123.343094 123.352855 123.362616 123.372376 123.379880 123.389641 123.399402 123.409163 0.000000 0.000000 0.000000 0.000000 0.000000 0.000000 0.000000 0.000000 0.000000 0.000000 
0.000000 0.000000 0.000000 0.000000 0.000000 0.000000 0.000000 0.000000 123.399402 123.330710 123.259761 123.247376 123.254880 123.259761 123.264641 123.269522 123.279282 123.289043 123.296547 123.306308 123.316069 123.325829 123.333333 123.343094 123.352855 123.357735 123.367496 123.379880 123.389641 123.399402 123.409163 123.416667 0.000000 0.000000 0.000000 0.000000 0.000000 0.000000 0.000000 0.000000 0.000000 0.000000 0.000000 0.000000 0.000000 
0.000000 0.000000 0.000000 0.000000 0.000000 0.000000 0.000000 0.000000 0.000000 0.000000 0.000000 0.000000 123.384761 123.316069 123.316069 123.325829 123.325829 123.333333 123.338214 123.347974 123.357735 123.367496 123.372376 123.379880 123.389641 123.399402 123.409163 0.000000 0.000000 0.000000 0.000000 0.000000 0.000000 0.000000 0.000000 0.000000 0.000000 0.000000 0.000000 0.000000 0.000000 0.000000 0.000000 0.000000 0.000000 
0.000000 0.000000 0.000000 0.000000 0.000000 0.000000 0.000000 0.000000 0.000000 0.000000 0.000000 0.000000 0.000000 0.000000 0.000000 0.000000 123.379880 123.384761 123.394522 123.394522 123.404282 123.409163 123.414043 0.000000 0.000000 0.000000 0.000000 0.000000 0.000000 0.000000 0.000000 0.000000 0.000000 0.000000 0.000000 0.000000 0.000000 0.000000 0.000000 0.000000 0.000000 0.000000 0.000000 0.000000 0.000000 
