FireSTARR/test/constant/O1a_S060_A090_WD090_WS020/arrival.asc
ncols         141
nrows         732
xllcorner     413603.990666
yllcorner     12675655.311160
cellsize      100.000000
NODATA_value  0.000000
[rows 270 to 296 of 732, columns 61 to 121 of 141]
0.000000 0.000000 0.000000 0.000000 0.000000 0.000000 0.000000 0.000000 0.000000 123.396210 123.359567 123.332134 123.301156 123.277071 123.259210 123.234846 123.217822 123.201552 123.184249 123.171132 123.159327 123.153746 123.157653 123.167225 123.176156 123.186761 123.195412 123.204622 123.214473 123.224799 123.232893 123.242661 123.252791 123.262559 123.271769 123.281537 123.290746 123.300597 123.310086 123.319017 123.329064 123.338078 123.348125 123.358172 123.366544 123.376395 123.385605 123.395373 123.404583 123.413793 0.000000 0.000000 0.000000 0.000000 0.000000 0.000000 0.000000 0.000000 0.000000 0.000000 0.000000
0.000000 0.000000 0.000000 0.000000 0.000000 0.000000 0.000000 0.000000 0.000000 123.390629 123.355939 123.326273 123.292225 123.272885 123.257814 123.232335 123.216985 123.197087 123.183412 123.169737 123.158490 123.154304 123.159886 123.169458 123.178388 123.188993 123.197645 123.206855 123.216706 123.227032 123.235125 123.244893 123.255024 123.265071 123.274001 123.284048 123.293062 123.302830 123.312319 123.321529 123.331297 123.340590 123.350357 123.360405 123.369056 123.378628 123.387838 123.397606 123.406816 123.416025 0.000000 0.000000 0.000000 0.000000 0.000000 0.000000 0.000000 0.000000 0.000000 0.000000 0.000000
0.000000 0.000000 0.000000 0.000000 0.000000 0.000000 0.000000 0.000000 0.000000 123.378628 123.350078 123.317901 123.291305 123.269815 123.253349 123.230939 123.209450 123.196250 123.182016 123.168899 123.156537 123.154862 123.162118 123.171690 123.180621 123.191226 123.199878 123.209171 123.218939 123.229265 123.237358 123.247126 123.257256 123.267303 123.276234 123.286281 123.295295 123.305342 123.314273 123.323761 123.333612 123.342822 123.352590 123.362637 123.371289 123.380861 123.390071 123.400118 123.409048 0.000000 0.000000 0.000000 0.000000 0.000000 0.000000 0.000000 0.000000 0.000000 0.000000 0.000000 0.000000
0.000000 0.000000 0.000000 0.000000 0.000000 0.000000 0.000000 0.000000 123.412676 123.376954 123.347567 123.314552 123.289351 123.268420 123.248242 123.225357 123.207971 123.192901 123.177551 123.167783 123.155699 123.155420 123.164351 123.173923 123.183133 123.193459 123.202110 123.211403 123.221450 123.231776 123.239591 123.249359 123.259489 123.269257 123.278467 123.288514 123.297527 123.307574 123.316784 123.325994 123.335845 123.345055 123.355102 123.364870 123.373522 123.383093 123.392582 123.402350 123.411281 0.000000 0.000000 0.000000 0.000000 0.000000 0.000000 0.000000 0.000000 0.000000 0.000000 0.000000 0.000000
0.000000 0.000000 0.000000 0.000000 0.000000 0.000000 0.000000 0.000000 123.403467 123.367382 123.340590 123.309807 123.284886 123.266187 123.241823 123.224241 123.207134 123.190947 123.175597 123.165746 123.155978 123.157653 123.166584 123.176156 123.185365 123.195691 123.204343 123.213636 123.223683 123.234009 123.241823 123.251675 123.261722 123.271490 123.280699 123.290746 123.300039 123.309807 123.319017 123.328227 123.338078 123.347288 123.357335 123.367103 123.375837 123.385605 123.394815 123.404583 123.413514 0.000000 0.000000 0.000000 0.000000 0.000000 0.000000 0.000000 0.000000 0.000000 0.000000 0.000000 0.000000
0.000000 0.000000 0.000000 0.000000 0.000000 0.000000 0.000000 0.000000 123.400118 123.364033 123.338915 123.300876 123.280978 123.266187 123.239312 123.222288 123.206018 123.190668 123.174760 123.163235 123.156537 123.159886 123.168620 123.178388 123.187598 123.197924 123.206576 123.215869 123.225916 123.236242 123.244056 123.254186 123.263954 123.273722 123.283211 123.293062 123.302272 123.312040 123.321250 123.330459 123.340310 123.349799 123.359567 123.369335 123.378070 123.387838 123.397048 123.406816 123.415746 0.000000 0.000000 0.000000 0.000000 0.000000 0.000000 0.000000 0.000000 0.000000 0.000000 0.000000 0.000000
0.000000 0.000000 0.000000 0.000000 0.000000 0.000000 0.000000 0.000000 123.399280 123.356497 123.328506 123.296132 123.276792 123.260047 123.238195 123.220055 123.200994 123.187598 123.173086 123.162397 123.157095 123.162118 123.170853 123.180621 123.189831 123.200436 123.208612 123.218101 123.228148 123.238474 123.246289 123.256419 123.266187 123.276234 123.285444 123.295295 123.304505 123.314552 123.323482 123.332692 123.342543 123.352032 123.361800 123.371568 123.380303 123.390071 123.399280 123.409327 0.000000 0.000000 0.000000 0.000000 0.000000 0.000000 0.000000 0.000000 0.000000 0.000000 0.000000 0.000000 0.000000
0.000000 0.000000 0.000000 0.000000 0.000000 0.000000 0.000000 0.000000 123.382535 123.355381 123.322366 123.295016 123.275118 123.258373 123.235125 123.214194 123.199599 123.185365 123.172527 123.161560 123.157653 123.164351 123.173086 123.182574 123.192342 123.202390 123.210845 123.220334 123.230381 123.240986 123.248522 123.258652 123.268420 123.278467 123.287676 123.297527 123.306737 123.316784 123.325994 123.335008 123.344776 123.353986 123.364033 123.374080 123.382535 123.392303 123.401513 123.411560 0.000000 0.000000 0.000000 0.000000 0.000000 0.000000 0.000000 0.000000 0.000000 0.000000 0.000000 0.000000 0.000000
0.000000 0.000000 0.000000 0.000000 0.000000 0.000000 0.000000 0.000000 123.373801 123.351195 123.319017 123.294737 123.273164 123.256140 123.232614 123.212520 123.198203 123.183133 123.171411 123.159048 123.158490 123.166584 123.175318 123.184807 123.194575 123.203506 123.213078 123.222567 123.232614 123.243219 123.250837 123.260884 123.270652 123.280699 123.289909 123.299760 123.308970 123.319017 123.328227 123.337241 123.347288 123.356218 123.366265 123.376395 123.384768 123.394815 123.403746 123.413793 0.000000 0.000000 0.000000 0.000000 0.000000 0.000000 0.000000 0.000000 0.000000 0.000000 0.000000 0.000000 0.000000
0.000000 0.000000 0.000000 0.000000 0.000000 0.000000 0.000000 123.408490 123.370731 123.345055 123.311761 123.289630 123.271769 123.251395 123.228148 123.211403 123.196250 123.180900 123.170853 123.159048 123.159048 123.168620 123.177551 123.187040 123.196808 123.205739 123.215310 123.225078 123.234846 123.245173 123.253070 123.263396 123.273164 123.282932 123.292225 123.301993 123.311203 123.321250 123.330459 123.339473 123.349520 123.358451 123.368498 123.378628 123.387001 123.397048 123.405978 123.416025 0.000000 0.000000 0.000000 0.000000 0.000000 0.000000 0.000000 0.000000 0.000000 0.000000 0.000000 0.000000 0.000000
0.000000 0.000000 0.000000 0.000000 0.000000 0.000000 0.000000 123.406537 123.367940 123.340869 123.305342 123.285165 123.265908 123.244893 123.227311 123.208250 123.194296 123.178946 123.168062 123.159607 123.161281 123.170853 123.179784 123.189273 123.199040 123.208250 123.217543 123.227311 123.237079 123.246289 123.255303 123.265629 123.275397 123.285165 123.294458 123.304505 123.313435 123.323482 123.332692 123.341985 123.351753 123.360963 123.370731 123.380861 123.389512 123.399001 123.408211 0.000000 0.000000 0.000000 0.000000 0.000000 0.000000 0.000000 0.000000 0.000000 0.000000 0.000000 0.000000 0.000000 0.000000
0.000000 0.000000 0.000000 0.000000 0.000000 0.000000 0.000000 123.392582 123.361521 123.339752 123.300597 123.284607 123.265071 123.241544 123.223962 123.205459 123.192901 123.178109 123.166305 123.160165 123.163514 123.173086 123.182016 123.191505 123.201273 123.210566 123.219776 123.229544 123.239312 123.248522 123.257256 123.267861 123.277629 123.287397 123.296690 123.306737 123.315668 123.325715 123.334729 123.344218 123.353986 123.363195 123.372963 123.382814 123.391745 123.401234 123.410444 0.000000 0.000000 0.000000 0.000000 0.000000 0.000000 0.000000 0.000000 0.000000 0.000000 0.000000 0.000000 0.000000 0.000000
0.000000 0.000000 0.000000 0.000000 0.000000 0.000000 0.000000 123.387280 123.359846 123.325436 123.299481 123.279583 123.263396 123.240149 123.218380 123.203785 123.190110 123.176156 123.166025 123.160723 123.165746 123.175318 123.184528 123.193738 123.203506 123.212799 123.222008 123.231776 123.241823 123.250558 123.259489 123.270094 123.279862 123.289630 123.298923 123.308970 123.318180 123.327948 123.337241 123.346450 123.356218 123.365428 123.375279 123.385326 123.393978 123.403467 123.412956 0.000000 0.000000 0.000000 0.000000 0.000000 0.000000 0.000000 0.000000 0.000000 0.000000 0.000000 0.000000 0.000000 0.000000
0.000000 0.000000 0.000000 0.000000 0.000000 0.000000 0.000000 123.378628 123.352869 123.322366 123.298365 123.276513 123.259489 123.237358 123.216148 123.201273 123.188435 123.175318 123.164351 123.161281 123.167783 123.177272 123.186761 123.195971 123.205739 123.215031 123.224241 123.234288 123.244056 123.252791 123.261722 123.272327 123.282095 123.291667 123.301156 123.311203 123.320412 123.330180 123.339473 123.348683 123.358730 123.367661 123.377791 123.387559 123.396210 123.405978 123.415188 0.000000 0.000000 0.000000 0.000000 0.000000 0.000000 0.000000 0.000000 0.000000 0.000000 0.000000 0.000000 0.000000 0.000000
0.000000 0.000000 0.000000 0.000000 0.000000 0.000000 123.413235 123.375837 123.348683 123.314273 123.295295 123.275118 123.257535 123.232893 123.215031 123.199320 123.184249 123.174202 123.162118 123.161839 123.170016 123.179505 123.188993 123.198203 123.207971 123.217264 123.226474 123.236521 123.246289 123.255024 123.263954 123.274559 123.284607 123.293899 123.303667 123.313435 123.322645 123.332413 123.341706 123.350916 123.360963 123.370173 123.380024 123.389791 123.398722 123.408211 0.000000 0.000000 0.000000 0.000000 0.000000 0.000000 0.000000 0.000000 0.000000 0.000000 0.000000 0.000000 0.000000 0.000000 0.000000
0.000000 0.000000 0.000000 0.000000 0.000000 0.000000 123.398443 123.374080 123.345892 123.307016 123.291584 123.269815 123.248522 123.231218 123.212520 123.197645 123.183970 123.171969 123.162397 123.163514 123.172248 123.181737 123.191226 123.200436 123.210287 123.219776 123.228707 123.238754 123.248522 123.257256 123.266466 123.276792 123.286839 123.296132 123.305900 123.315668 123.324878 123.335008 123.343939 123.353148 123.363195 123.372405 123.382256 123.392024 123.400955 123.410444 0.000000 0.000000 0.000000 0.000000 0.000000 0.000000 0.000000 0.000000 0.000000 0.000000 0.000000 0.000000 0.000000 0.000000 0.000000
0.000000 0.000000 0.000000 0.000000 0.000000 0.000000 123.394257 123.366544 123.343659 123.303946 123.286002 123.269257 123.246010 123.229265 123.210566 123.197366 123.181458 123.170016 123.162956 123.165746 123.174481 123.183970 123.193738 123.202669 123.212799 123.222008 123.230939 123.240986 123.250837 123.259489 123.268699 123.279025 123.289072 123.298365 123.308133 123.317901 123.327110 123.337241 123.346450 123.355381 123.365149 123.374638 123.384489 123.394536 123.403188 123.412676 0.000000 0.000000 0.000000 0.000000 0.000000 0.000000 0.000000 0.000000 0.000000 0.000000 0.000000 0.000000 0.000000 0.000000 0.000000
0.000000 0.000000 0.000000 0.000000 0.000000 0.000000 123.390908 123.363195 123.333333 123.302830 123.284886 123.266745 123.244056 123.222567 123.207692 123.194296 123.179784 123.169178 123.163514 123.167783 123.176714 123.186203 123.195971 123.204901 123.215031 123.224241 123.233451 123.243219 123.253070 123.261722 123.270931 123.281257 123.291305 123.300597 123.310365 123.320133 123.329622 123.339473 123.348683 123.357614 123.367382 123.376675 123.386722 123.396769 123.405420 123.414909 0.000000 0.000000 0.000000 0.000000 0.000000 0.000000 0.000000 0.000000 0.000000 0.000000 0.000000 0.000000 0.000000 0.000000 0.000000
0.000000 0.000000 0.000000 0.000000 0.000000 0.000000 123.384489 123.360125 123.326273 123.301993 123.282095 123.266187 123.242103 123.220334 123.205459 123.192063 123.179225 123.169178 123.164072 123.169737 123.178946 123.188435 123.198203 123.207134 123.217264 123.226474 123.235684 123.245452 123.255303 123.263954 123.273164 123.283769 123.293620 123.302830 123.312598 123.322366 123.331855 123.341706 123.350916 123.359846 123.369614 123.379186 123.389233 123.399001 123.407374 0.000000 0.000000 0.000000 0.000000 0.000000 0.000000 0.000000 0.000000 0.000000 0.000000 0.000000 0.000000 0.000000 0.000000 0.000000 0.000000
0.000000 0.000000 0.000000 0.000000 0.000000 123.405978 123.381140 123.352590 123.321808 123.298086 123.279862 123.259210 123.237358 123.218939 123.204901 123.190668 123.178109 123.165746 123.164630 123.171969 123.181179 123.190668 123.200436 123.209729 123.219497 123.228707 123.237916 123.247684 123.257535 123.266187 123.275397 123.286002 123.295853 123.305063 123.315110 123.324599 123.333892 123.343939 123.353148 123.362358 123.371847 123.381419 123.391466 123.401234 123.409886 0.000000 0.000000 0.000000 0.000000 0.000000 0.000000 0.000000 0.000000 0.000000 0.000000 0.000000 0.000000 0.000000 0.000000 0.000000 0.000000
0.000000 0.000000 0.000000 0.000000 0.000000 123.402908 123.375000 123.350357 123.311761 123.295574 123.273722 123.253349 123.235405 123.216427 123.202669 123.187040 123.176156 123.165467 123.165188 123.174202 123.183412 123.192901 123.202669 123.211961 123.221729 123.230939 123.240149 123.249917 123.259768 123.268141 123.277908 123.288235 123.298086 123.307295 123.317342 123.326831 123.336124 123.346171 123.355381 123.364591 123.374080 123.383652 123.393699 123.403467 123.412118 0.000000 0.000000 0.000000 0.000000 0.000000 0.000000 0.000000 0.000000 0.000000 0.000000 0.000000 0.000000 0.000000 0.000000 0.000000 0.000000
0.000000 0.000000 0.000000 0.000000 0.000000 123.399839 123.370452 123.347008 123.310365 123.290746 123.272606 123.251675 123.233172 123.213915 123.200994 123.185924 123.175318 123.165746 123.166946 123.176435 123.185924 123.195133 123.204901 123.214194 123.223962 123.233172 123.242382 123.252233 123.262001 123.270373 123.280141 123.290467 123.300318 123.309528 123.319575 123.329064 123.338636 123.348404 123.357614 123.366823 123.376116 123.385884 123.395652 123.405699 123.414351 0.000000 0.000000 0.000000 0.000000 0.000000 0.000000 0.000000 0.000000 0.000000 0.000000 0.000000 0.000000 0.000000 0.000000 0.000000 0.000000
0.000000 0.000000 0.000000 0.000000 0.000000 123.399839 123.365428 123.337520 123.307295 123.289072 123.271490 123.247963 123.226474 123.211682 123.198761 123.184807 123.173086 123.166305 123.169178 123.178667 123.188156 123.197366 123.207134 123.216427 123.226195 123.235405 123.244614 123.254744 123.264512 123.272606 123.282374 123.292783 123.302830 123.312040 123.321808 123.331297 123.340869 123.350637 123.359846 123.369056 123.378349 123.388117 123.398164 123.407932 123.416584 0.000000 0.000000 0.000000 0.000000 0.000000 0.000000 0.000000 0.000000 0.000000 0.000000 0.000000 0.000000 0.000000 0.000000 0.000000 0.000000
0.000000 0.000000 0.000000 0.000000 0.000000 123.389791 123.364033 123.330459 123.305900 123.286002 123.269815 123.244893 123.224241 123.209171 123.197645 123.182574 123.172527 123.166946 123.171411 123.180900 123.190389 123.199599 123.209450 123.218659 123.228427 123.237637 123.246847 123.256977 123.266745 123.274839 123.284607 123.295016 123.305063 123.314273 123.324040 123.333333 123.343101 123.352869 123.362079 123.371568 123.380582 123.390629 123.400397 123.410165 0.000000 0.000000 0.000000 0.000000 0.000000 0.000000 0.000000 0.000000 0.000000 0.000000 0.000000 0.000000 0.000000 0.000000 0.000000 0.000000 0.000000
0.000000 0.000000 0.000000 0.000000 123.412676 123.381698 123.360405 123.324878 123.301993 123.283211 123.264512 123.240707 123.223683 123.208333 123.193180 123.182016 123.170853 123.167504 123.173644 123.183133 123.192622 123.201831 123.211682 123.220892 123.230660 123.240149 123.249080 123.259210 123.268978 123.277071 123.286839 123.297248 123.307295 123.316505 123.326273 123.335566 123.345334 123.355381 123.364312 123.373801 123.382814 123.392861 123.402629 123.412397 0.000000 0.000000 0.000000 0.000000 0.000000 0.000000 0.000000 0.000000 0.000000 0.000000 0.000000 0.000000 0.000000 0.000000 0.000000 0.000000 0.000000
0.000000 0.000000 0.000000 0.000000 123.406257 123.376395 123.354265 123.317063 123.299760 123.282932 123.256977 123.239033 123.221171 123.206018 123.191784 123.180900 123.168620 123.168062 123.175876 123.185365 123.194854 123.204064 123.214194 123.223125 123.233172 123.242382 123.251395 123.261442 123.270373 123.279304 123.289072 123.299481 123.309528 123.318738 123.328506 123.337799 123.347567 123.357614 123.366823 123.375837 123.385047 123.395094 123.404862 123.414630 0.000000 0.000000 0.000000 0.000000 0.000000 0.000000 0.000000 0.000000 0.000000 0.000000 0.000000 0.000000 0.000000 0.000000 0.000000 0.000000 0.000000
0.000000 0.000000 0.000000 0.000000 123.403188 123.375279 123.344776 123.313435 123.294737 123.277071 123.256419 123.237358 123.219776 123.205739 123.190389 123.179225 123.168620 123.168899 123.178109 123.187598 123.197366 123.206297 123.216427 123.225357 123.235405 123.244614 123.253907 123.263675 123.272606 123.281537 123.291305 123.301714 123.311761 123.320971 123.330739 123.340031 123.350078 123.359846 123.369056 123.378070 123.387559 123.397327 123.407095 123.416667 0.000000 0.000000 0.000000 0.000000 0.000000 0.000000 0.000000 0.000000 0.000000 0.000000 0.000000 0.000000 0.000000 0.000000 0.000000 0.000000 0.000000
