FireSTARR/test/constant/O1a_S060_A090_WD090_WS020/arrival.asc
ncols         141
nrows         732
xllcorner     413603.990666
yllcorner     12675655.311160
cellsize      100.000000
NODATA_value  0.000000
[rows 189 to 215 of 732, columns 61 to 121 of 141]
0.000000 0.000000 0.000000 0.000000 0.000000 0.000000 0.000000 0.000000 0.000000 0.000000 0.000000 0.000000 0.000000 0.000000 0.000000 0.000000 0.000000 0.000000 0.000000 0.000000 0.000000 0.000000 0.000000 0.000000 123.404862 123.357893 123.321808 123.292504 123.237916 123.208612 123.192622 123.167504 123.146490 123.132814 123.119056 123.107614 123.108172 123.117103 123.127233 123.135605 123.146210 123.154862 123.165188 123.173923 123.183691 123.193180 123.202948 123.212241 123.221171 123.231218 123.241265 123.250279 123.258931 123.269257 123.279304 123.288514 123.297527 123.306179 123.316226 123.326273 123.335845
0.000000 0.000000 0.000000 0.000000 0.000000 0.000000 0.000000 0.000000 0.000000 0.000000 0.000000 0.000000 0.000000 0.000000 0.000000 0.000000 0.000000 0.000000 0.000000 0.000000 0.000000 0.000000 0.000000 0.000000 123.398443 123.355660 123.313156 123.283211 123.229265 123.204622 123.187319 123.163514 123.145373 123.131977 123.117382 123.108172 123.110405 123.119335 123.129465 123.138117 123.148443 123.157095 123.167225 123.176156 123.185924 123.195412 123.205180 123.214473 123.223404 123.233451 123.243498 123.252512 123.261163 123.271490 123.281537 123.290746 123.299760 123.308412 123.318459 123.328506 123.338078
0.000000 0.000000 0.000000 0.000000 0.000000 0.000000 0.000000 0.000000 0.000000 0.000000 0.000000 0.000000 0.000000 0.000000 0.000000 0.000000 0.000000 0.000000 0.000000 0.000000 0.000000 0.000000 0.000000 0.000000 123.386442 123.352032 123.305342 123.273443 123.224241 123.202110 123.182854 123.160444 123.143420 123.129186 123.114870 123.108730 123.112358 123.121568 123.131698 123.140350 123.150676 123.159327 123.169458 123.178388 123.188156 123.197645 123.207413 123.216706 123.225637 123.235684 123.245731 123.255024 123.263396 123.274001 123.283769 123.293062 123.301993 123.310644 123.320691 123.330739 123.340310
0.000000 0.000000 0.000000 0.000000 0.000000 0.000000 0.000000 0.000000 0.000000 0.000000 0.000000 0.000000 0.000000 0.000000 0.000000 0.000000 0.000000 0.000000 0.000000 0.000000 0.000000 0.000000 0.000000 0.000000 123.378349 123.337799 123.302272 123.261722 123.223125 123.200994 123.180621 123.155978 123.140629 123.127233 123.113195 123.109288 123.114591 123.123801 123.133931 123.142582 123.153188 123.161560 123.171690 123.180621 123.190668 123.199878 123.209729 123.218939 123.228148 123.237916 123.247963 123.257256 123.265629 123.276234 123.286002 123.295295 123.304225 123.312877 123.322924 123.332971 123.342822
0.000000 0.000000 0.000000 0.000000 0.000000 0.000000 0.000000 0.000000 0.000000 0.000000 0.000000 0.000000 0.000000 0.000000 0.000000 0.000000 0.000000 0.000000 0.000000 0.000000 0.000000 0.000000 0.000000 123.416584 123.369893 123.329622 123.301156 123.252512 123.217543 123.198482 123.178388 123.154862 123.138675 123.125279 123.112916 123.109846 123.117103 123.125837 123.136163 123.144815 123.155420 123.163793 123.173923 123.182854 123.192901 123.202110 123.211961 123.221171 123.230381 123.240428 123.250000 123.259489 123.267861 123.278467 123.288235 123.297527 123.306458 123.315110 123.325436 123.335287 123.345055
0.000000 0.000000 0.000000 0.000000 0.000000 0.000000 0.000000 0.000000 0.000000 0.000000 0.000000 0.000000 0.000000 0.000000 0.000000 0.000000 0.000000 0.000000 0.000000 0.000000 0.000000 0.000000 0.000000 123.408211 123.363754 123.326273 123.288235 123.240149 123.214194 123.196808 123.173365 123.150397 123.136163 123.122684 123.110963 123.110405 123.119335 123.128070 123.138396 123.147048 123.156816 123.166305 123.176156 123.185365 123.195133 123.204343 123.214473 123.223404 123.232614 123.242661 123.251954 123.261722 123.270373 123.280699 123.290467 123.299760 123.308691 123.317342 123.327669 123.337520 123.347288
0.000000 0.000000 0.000000 0.000000 0.000000 0.000000 0.000000 0.000000 0.000000 0.000000 0.000000 0.000000 0.000000 0.000000 0.000000 0.000000 0.000000 0.000000 0.000000 0.000000 0.000000 0.000000 0.000000 123.399559 123.359288 123.320691 123.279583 123.234288 123.209729 123.190947 123.168062 123.150397 123.135605 123.121289 123.110963 123.111800 123.121568 123.130303 123.140629 123.149559 123.159048 123.168341 123.178388 123.187598 123.197366 123.206576 123.216706 123.225637 123.234846 123.244893 123.254186 123.263954 123.272606 123.283211 123.293062 123.301993 123.310924 123.319575 123.329901 123.339752 123.349520
0.000000 0.000000 0.000000 0.000000 0.000000 0.000000 0.000000 0.000000 0.000000 0.000000 0.000000 0.000000 0.000000 0.000000 0.000000 0.000000 0.000000 0.000000 0.000000 0.000000 0.000000 0.000000 0.000000 123.388954 123.355660 123.310644 123.266466 123.229544 123.206018 123.188156 123.165467 123.147606 123.133652 123.120452 123.111521 123.114033 123.123801 123.132535 123.142861 123.151792 123.161281 123.170853 123.180621 123.189831 123.199878 123.208892 123.218939 123.227869 123.237358 123.247126 123.256419 123.266187 123.274839 123.285444 123.295295 123.304505 123.313156 123.321808 123.332134 123.341985 123.351753
0.000000 0.000000 0.000000 0.000000 0.000000 0.000000 0.000000 0.000000 0.000000 0.000000 0.000000 0.000000 0.000000 0.000000 0.000000 0.000000 0.000000 0.000000 0.000000 0.000000 0.000000 0.000000 0.000000 123.379465 123.339752 123.308691 123.255582 123.225637 123.204901 123.184807 123.163793 123.143978 123.130582 123.117940 123.112079 123.116265 123.125558 123.134768 123.145094 123.154025 123.163514 123.173086 123.182854 123.192063 123.202110 123.211124 123.221171 123.230381 123.239591 123.249359 123.258652 123.268420 123.277071 123.287676 123.297527 123.306737 123.315389 123.324040 123.334450 123.344218 123.353986
0.000000 0.000000 0.000000 0.000000 0.000000 0.000000 0.000000 0.000000 0.000000 0.000000 0.000000 0.000000 0.000000 0.000000 0.000000 0.000000 0.000000 0.000000 0.000000 0.000000 0.000000 0.000000 0.000000 123.373242 123.332413 123.305342 123.246568 123.220892 123.202390 123.182295 123.158490 123.142303 123.128907 123.116265 123.112637 123.118498 123.127791 123.137001 123.147606 123.156257 123.165746 123.175318 123.185086 123.194575 123.204343 123.213636 123.223404 123.232614 123.241823 123.251675 123.260884 123.270652 123.279583 123.289909 123.299760 123.308970 123.317622 123.326273 123.336682 123.346729 123.356218
0.000000 0.000000 0.000000 0.000000 0.000000 0.000000 0.000000 0.000000 0.000000 0.000000 0.000000 0.000000 0.000000 0.000000 0.000000 0.000000 0.000000 0.000000 0.000000 0.000000 0.000000 0.000000 123.409607 123.366544 123.329343 123.297248 123.245731 123.220334 123.200436 123.175597 123.156537 123.142024 123.126395 123.114870 123.113195 123.120731 123.130024 123.139233 123.149839 123.158490 123.167783 123.177551 123.187319 123.196808 123.206576 123.215869 123.225637 123.234846 123.244056 123.253907 123.263117 123.272885 123.281816 123.291946 123.301993 123.311203 123.319854 123.328506 123.338915 123.348962 123.358451
0.000000 0.000000 0.000000 0.000000 0.000000 0.000000 0.000000 0.000000 0.000000 0.000000 0.000000 0.000000 0.000000 0.000000 0.000000 0.000000 0.000000 0.000000 0.000000 0.000000 0.000000 0.000000 123.399001 123.364033 123.328227 123.278746 123.239870 123.213078 123.199878 123.173644 123.153467 123.140629 123.124917 123.114033 123.114033 123.122963 123.132256 123.141745 123.152071 123.160723 123.170016 123.179784 123.189552 123.199040 123.208612 123.218101 123.227869 123.237079 123.246289 123.256140 123.265350 123.275397 123.284048 123.294458 123.304225 123.313435 123.322087 123.330739 123.341148 123.351195 123.360684
0.000000 0.000000 0.000000 0.000000 0.000000 0.000000 0.000000 0.000000 0.000000 0.000000 0.000000 0.000000 0.000000 0.000000 0.000000 0.000000 0.000000 0.000000 0.000000 0.000000 0.000000 0.000000 123.390908 123.359567 123.313993 123.266745 123.237079 123.210566 123.194017 123.168899 123.153746 123.137838 123.124080 123.114591 123.116265 123.125000 123.134489 123.143978 123.154304 123.162956 123.172248 123.182016 123.191784 123.201273 123.211124 123.220334 123.230102 123.239591 123.248522 123.258373 123.267582 123.277629 123.286281 123.296690 123.306458 123.315668 123.324320 123.332971 123.343380 123.353427 123.363195
0.000000 0.000000 0.000000 0.000000 0.000000 0.000000 0.000000 0.000000 0.000000 0.000000 0.000000 0.000000 0.000000 0.000000 0.000000 0.000000 0.000000 0.000000 0.000000 0.000000 0.000000 0.000000 123.379186 123.350637 123.312319 123.259210 123.229544 123.208892 123.188993 123.167783 123.149839 123.135605 123.122126 123.115149 123.118219 123.127233 123.136722 123.146210 123.156537 123.165188 123.174481 123.184249 123.194017 123.203506 123.213357 123.222567 123.232335 123.241823 123.250837 123.260605 123.269815 123.279862 123.288514 123.298923 123.308691 123.317901 123.326552 123.335287 123.345892 123.355660 123.365428
0.000000 0.000000 0.000000 0.000000 0.000000 0.000000 0.000000 0.000000 0.000000 0.000000 0.000000 0.000000 0.000000 0.000000 0.000000 0.000000 0.000000 0.000000 0.000000 0.000000 0.000000 0.000000 123.375000 123.339194 123.299481 123.255582 123.228986 123.207413 123.187598 123.163514 123.147327 123.133093 123.121010 123.115707 123.120452 123.129465 123.138954 123.148443 123.159048 123.167504 123.176714 123.186482 123.196250 123.205739 123.215590 123.224799 123.234846 123.244056 123.253070 123.263117 123.272327 123.282095 123.290746 123.301156 123.311203 123.320133 123.329064 123.337520 123.348125 123.357893 123.367661
0.000000 0.000000 0.000000 0.000000 0.000000 0.000000 0.000000 0.000000 0.000000 0.000000 0.000000 0.000000 0.000000 0.000000 0.000000 0.000000 0.000000 0.000000 0.000000 0.000000 0.000000 123.412397 123.369893 123.333250 123.285444 123.246010 123.222288 123.205459 123.179784 123.161560 123.145373 123.131977 123.119335 123.116265 123.122684 123.131698 123.141187 123.150955 123.161281 123.170016 123.178946 123.188993 123.198482 123.207971 123.217822 123.227032 123.237079 123.246289 123.255303 123.265350 123.274559 123.284327 123.293062 123.303667 123.313435 123.322366 123.331297 123.340031 123.350357 123.360125 123.369893
0.000000 0.000000 0.000000 0.000000 0.000000 0.000000 0.000000 0.000000 0.000000 0.000000 0.000000 0.000000 0.000000 0.000000 0.000000 0.000000 0.000000 0.000000 0.000000 0.000000 0.000000 123.405978 123.367661 123.332692 123.276792 123.244335 123.218659 123.203227 123.178946 123.157095 123.144815 123.129744 123.117382 123.116823 123.124917 123.133931 123.143420 123.152908 123.163514 123.172248 123.181179 123.191226 123.200715 123.210287 123.220334 123.229265 123.239312 123.248522 123.257814 123.267582 123.276792 123.286839 123.295295 123.305900 123.315668 123.324878 123.333612 123.342264 123.352590 123.362358 123.372405
0.000000 0.000000 0.000000 0.000000 0.000000 0.000000 0.000000 0.000000 0.000000 0.000000 0.000000 0.000000 0.000000 0.000000 0.000000 0.000000 0.000000 0.000000 0.000000 0.000000 0.000000 123.393699 123.357614 123.322366 123.268978 123.239870 123.214752 123.197645 123.172527 123.156816 123.142582 123.128070 123.117382 123.117661 123.126954 123.136163 123.145652 123.155141 123.165746 123.174481 123.183691 123.193459 123.202948 123.212520 123.222567 123.231776 123.241544 123.250837 123.260047 123.269815 123.279025 123.289072 123.297527 123.308133 123.317901 123.327110 123.335566 123.344497 123.355102 123.364870 123.374638
0.000000 0.000000 0.000000 0.000000 0.000000 0.000000 0.000000 0.000000 0.000000 0.000000 0.000000 0.000000 0.000000 0.000000 0.000000 0.000000 0.000000 0.000000 0.000000 0.000000 0.000000 123.382535 123.349520 123.299760 123.262838 123.233451 123.212799 123.192901 123.171690 123.154025 123.141187 123.127512 123.117940 123.119893 123.129186 123.138396 123.147885 123.157374 123.168062 123.176435 123.185924 123.195691 123.205180 123.215031 123.224799 123.234009 123.243777 123.253070 123.262280 123.272048 123.281257 123.291305 123.300039 123.310365 123.320133 123.329343 123.338078 123.346729 123.357056 123.367103 123.376675
0.000000 0.000000 0.000000 0.000000 0.000000 0.000000 0.000000 0.000000 0.000000 0.000000 0.000000 0.000000 0.000000 0.000000 0.000000 0.000000 0.000000 0.000000 0.000000 0.000000 0.000000 123.379186 123.343380 123.290746 123.259768 123.231497 123.210566 123.191784 123.167225 123.150676 123.137280 123.124359 123.118498 123.122126 123.131419 123.140629 123.150118 123.159607 123.170295 123.178946 123.188156 123.197924 123.207413 123.217264 123.227032 123.236242 123.246289 123.255303 123.264512 123.274559 123.283769 123.293341 123.302272 123.312598 123.322645 123.331576 123.340310 123.348962 123.359288 123.369335 123.378907
0.000000 0.000000 0.000000 0.000000 0.000000 0.000000 0.000000 0.000000 0.000000 0.000000 0.000000 0.000000 0.000000 0.000000 0.000000 0.000000 0.000000 0.000000 0.000000 0.000000 123.412956 123.374359 123.337799 123.286839 123.250837 123.227311 123.209450 123.191226 123.165188 123.149001 123.135605 123.122684 123.119056 123.124080 123.133652 123.143141 123.152350 123.162118 123.172527 123.181179 123.190389 123.200436 123.209729 123.219497 123.229265 123.238474 123.248522 123.257535 123.266745 123.276792 123.286002 123.295853 123.304505 123.314831 123.324599 123.333892 123.342543 123.351195 123.361521 123.371568 123.381419
0.000000 0.000000 0.000000 0.000000 0.000000 0.000000 0.000000 0.000000 0.000000 0.000000 0.000000 0.000000 0.000000 0.000000 0.000000 0.000000 0.000000 0.000000 0.000000 0.000000 123.403467 123.365149 123.335845 123.279025 123.249359 123.221729 123.207134 123.182574 123.163235 123.148722 123.133652 123.122684 123.119614 123.126395 123.135884 123.145373 123.154583 123.164351 123.174760 123.183412 123.192622 123.202669 123.211961 123.221450 123.231497 123.240707 123.250279 123.260047 123.268978 123.279025 123.288235 123.298086 123.306737 123.317063 123.326831 123.336124 123.344776 123.353427 123.363754 123.373801 123.383652
0.000000 0.000000 0.000000 0.000000 0.000000 0.000000 0.000000 0.000000 0.000000 0.000000 0.000000 0.000000 0.000000 0.000000 0.000000 0.000000 0.000000 0.000000 0.000000 0.000000 123.394536 123.361242 123.325157 123.272327 123.245731 123.218659 123.202110 123.179784 123.159886 123.147048 123.132256 123.120452 123.120173 123.128628 123.138117 123.147606 123.156816 123.166584 123.177272 123.185644 123.194854 123.204901 123.213915 123.223962 123.233730 123.243219 123.252512 123.262280 123.271210 123.281257 123.290188 123.300318 123.308970 123.319296 123.329064 123.338357 123.347288 123.355660 123.366265 123.376116 123.385884
0.000000 0.000000 0.000000 0.000000 0.000000 0.000000 0.000000 0.000000 0.000000 0.000000 0.000000 0.000000 0.000000 0.000000 0.000000 0.000000 0.000000 0.000000 0.000000 0.000000 123.390908 123.353427 123.304505 123.268699 123.238195 123.216706 123.199320 123.175318 123.160165 123.144536 123.130861 123.120731 123.121847 123.130861 123.140350 123.149839 123.159048 123.168899 123.179505 123.188156 123.197087 123.207134 123.216148 123.226195 123.235963 123.245173 123.254744 123.264512 123.273443 123.283490 123.292783 123.302551 123.311203 123.321529 123.331297 123.340590 123.349520 123.358172 123.368498 123.378628 123.388117
0.000000 0.000000 0.000000 0.000000 0.000000 0.000000 0.000000 0.000000 0.000000 0.000000 0.000000 0.000000 0.000000 0.000000 0.000000 0.000000 0.000000 0.000000 0.000000 0.000000 123.384768 123.352590 123.295295 123.264791 123.235125 123.214473 123.195971 123.171132 123.156257 123.142582 123.130303 123.121289 123.124080 123.133093 123.142582 123.152071 123.161281 123.171132 123.181737 123.190389 123.199320 123.209450 123.218380 123.228427 123.238195 123.247405 123.256977 123.266466 123.275676 123.285723 123.295016 123.305063 123.313435 123.324040 123.333333 123.342822 123.351474 123.360405 123.370731 123.380582 123.390350
0.000000 0.000000 0.000000 0.000000 0.000000 0.000000 0.000000 0.000000 0.000000 0.000000 0.000000 0.000000 0.000000 0.000000 0.000000 0.000000 0.000000 0.000000 0.000000 0.000000 123.374917 123.339194 123.293062 123.255861 123.231776 123.213078 123.187319 123.169458 123.154025 123.140629 123.127512 123.121847 123.126116 123.135326 123.144815 123.154304 123.163514 123.173365 123.183970 123.192622 123.201552 123.211682 123.220613 123.230660 123.240707 123.249638 123.259210 123.268699 123.278188 123.287956 123.297248 123.307295 123.315668 123.326273 123.335566 123.345055 123.353707 123.362637 123.372963 123.382814 123.392861
0.000000 0.000000 0.000000 0.000000 0.000000 0.000000 0.000000 0.000000 0.000000 0.000000 0.000000 0.000000 0.000000 0.000000 0.000000 0.000000 0.000000 0.000000 0.000000 123.408769 123.369614 123.322645 123.284048 123.251395 123.225637 123.209729 123.185644 123.168341 123.152071 123.137001 123.125837 123.122405 123.128349 123.137559 123.147048 123.156537 123.165746 123.175597 123.186203 123.194854 123.204064 123.213915 123.223125 123.232893 123.242940 123.252233 123.261442 123.271210 123.280420 123.290188 123.299481 123.309528 123.317901 123.328506 123.337799 123.347288 123.355939 123.364870 123.375279 123.385047 123.395094
