FireSTARR/test/constant/O1a_S060_A090_WD090_WS020/arrival.asc
ncols         141
nrows         732
xllcorner     413603.990666
yllcorner     12675655.311160
cellsize      100.000000
NODATA_value  0.000000
[rows 162 to 188 of 732, columns 61 to 121 of 141]
0.000000 0.000000 0.000000 0.000000 0.000000 0.000000 0.000000 0.000000 0.000000 0.000000 0.000000 0.000000 0.000000 0.000000 0.000000 0.000000 0.000000 0.000000 0.000000 0.000000 0.000000 0.000000 0.000000 0.000000 0.000000 0.000000 0.000000 0.000000 0.000000 123.403467 123.367661 123.322366 123.284607 123.251116 123.199040 123.173923 123.154583 123.129186 123.114870 123.101753 123.092264 123.094218 123.103986 123.112916 123.122405 123.131698 123.141466 123.150676 123.160444 123.170016 123.179784 123.188993 123.198203 123.207971 123.217822 123.227032 123.237079 123.246847 123.255024 123.264791 123.275118
0.000000 0.000000 0.000000 0.000000 0.000000 0.000000 0.000000 0.000000 0.000000 0.000000 0.000000 0.000000 0.000000 0.000000 0.000000 0.000000 0.000000 0.000000 0.000000 0.000000 0.000000 0.000000 0.000000 0.000000 0.000000 0.000000 0.000000 0.000000 0.000000 123.394536 123.349799 123.311203 123.275676 123.247684 123.189552 123.171969 123.151792 123.128349 123.113474 123.098683 123.092822 123.096450 123.106218 123.115149 123.124638 123.133931 123.143978 123.152908 123.162956 123.172248 123.182016 123.191226 123.200436 123.210287 123.220055 123.229265 123.239312 123.249080 123.257256 123.267024 123.277350
0.000000 0.000000 0.000000 0.000000 0.000000 0.000000 0.000000 0.000000 0.000000 0.000000 0.000000 0.000000 0.000000 0.000000 0.000000 0.000000 0.000000 0.000000 0.000000 0.000000 0.000000 0.000000 0.000000 0.000000 0.000000 0.000000 0.000000 0.000000 0.000000 123.386722 123.341706 123.303667 123.271769 123.234009 123.185086 123.166946 123.145931 123.126395 123.111800 123.098683 123.093380 123.098683 123.108451 123.117382 123.126954 123.136163 123.146210 123.155141 123.165188 123.174481 123.184249 123.193459 123.202669 123.212520 123.222567 123.231776 123.241544 123.251116 123.259210 123.269257 123.279583
0.000000 0.000000 0.000000 0.000000 0.000000 0.000000 0.000000 0.000000 0.000000 0.000000 0.000000 0.000000 0.000000 0.000000 0.000000 0.000000 0.000000 0.000000 0.000000 0.000000 0.000000 0.000000 0.000000 0.000000 0.000000 0.000000 0.000000 0.000000 0.000000 123.380582 123.333250 123.302830 123.261442 123.224799 123.182574 123.163514 123.140071 123.123801 123.109288 123.096450 123.093939 123.100916 123.110684 123.119614 123.129186 123.138396 123.148443 123.157374 123.167504 123.176714 123.186482 123.195691 123.204901 123.214752 123.224799 123.234009 123.243777 123.253349 123.261442 123.271490 123.282095
0.000000 0.000000 0.000000 0.000000 0.000000 0.000000 0.000000 0.000000 0.000000 0.000000 0.000000 0.000000 0.000000 0.000000 0.000000 0.000000 0.000000 0.000000 0.000000 0.000000 0.000000 0.000000 0.000000 0.000000 0.000000 0.000000 0.000000 0.000000 0.000000 123.373242 123.331018 123.295016 123.258652 123.216148 123.180063 123.162676 123.136163 123.121847 123.107056 123.094776 123.094497 123.103148 123.112916 123.121847 123.131419 123.140629 123.150676 123.159886 123.169737 123.178946 123.188714 123.197924 123.207134 123.216985 123.227032 123.236242 123.246010 123.255582 123.263954 123.273722 123.284327
0.000000 0.000000 0.000000 0.000000 0.000000 0.000000 0.000000 0.000000 0.000000 0.000000 0.000000 0.000000 0.000000 0.000000 0.000000 0.000000 0.000000 0.000000 0.000000 0.000000 0.000000 0.000000 0.000000 0.000000 0.000000 0.000000 0.000000 0.000000 123.405141 123.371568 123.324878 123.286002 123.251675 123.207971 123.178667 123.161002 123.133093 123.120731 123.105102 123.095055 123.096171 123.105381 123.115149 123.124080 123.133652 123.143141 123.152908 123.162118 123.171969 123.181179 123.191226 123.200157 123.209450 123.219218 123.229265 123.238474 123.248242 123.257814 123.266187 123.276234 123.286560
0.000000 0.000000 0.000000 0.000000 0.000000 0.000000 0.000000 0.000000 0.000000 0.000000 0.000000 0.000000 0.000000 0.000000 0.000000 0.000000 0.000000 0.000000 0.000000 0.000000 0.000000 0.000000 0.000000 0.000000 0.000000 0.000000 0.000000 0.000000 123.396769 123.356218 123.315947 123.278467 123.243219 123.194017 123.176993 123.155699 123.132256 123.117382 123.104823 123.095613 123.098404 123.107614 123.117382 123.126116 123.136163 123.145373 123.155141 123.164351 123.174202 123.183412 123.193459 123.202390 123.211682 123.221450 123.231497 123.240707 123.250558 123.260047 123.268420 123.278467 123.288793
0.000000 0.000000 0.000000 0.000000 0.000000 0.000000 0.000000 0.000000 0.000000 0.000000 0.000000 0.000000 0.000000 0.000000 0.000000 0.000000 0.000000 0.000000 0.000000 0.000000 0.000000 0.000000 0.000000 0.000000 0.000000 0.000000 0.000000 0.000000 123.390908 123.354544 123.313714 123.274559 123.236521 123.189831 123.170853 123.147606 123.130582 123.116265 123.101753 123.096171 123.100637 123.109846 123.119893 123.128349 123.138396 123.147606 123.157374 123.166584 123.176435 123.185644 123.195691 123.204901 123.213915 123.223962 123.233730 123.242940 123.253070 123.262280 123.270652 123.280699 123.291025
0.000000 0.000000 0.000000 0.000000 0.000000 0.000000 0.000000 0.000000 0.000000 0.000000 0.000000 0.000000 0.000000 0.000000 0.000000 0.000000 0.000000 0.000000 0.000000 0.000000 0.000000 0.000000 0.000000 0.000000 0.000000 0.000000 0.000000 0.000000 123.386722 123.337799 123.306737 123.268141 123.230939 123.186761 123.168620 123.146210 123.129744 123.112916 123.099799 123.096729 123.103148 123.112079 123.122126 123.130582 123.140629 123.149839 123.159607 123.168899 123.178667 123.187877 123.197924 123.207134 123.216148 123.226195 123.235963 123.245173 123.255303 123.264512 123.273164 123.282932 123.293341
0.000000 0.000000 0.000000 0.000000 0.000000 0.000000 0.000000 0.000000 0.000000 0.000000 0.000000 0.000000 0.000000 0.000000 0.000000 0.000000 0.000000 0.000000 0.000000 0.000000 0.000000 0.000000 0.000000 0.000000 0.000000 0.000000 0.000000 0.000000 123.376675 123.335008 123.298365 123.263117 123.228707 123.184249 123.166584 123.139791 123.125558 123.110963 123.098404 123.097288 123.105381 123.114312 123.124359 123.132814 123.142861 123.152071 123.161839 123.171132 123.180900 123.190389 123.200157 123.209450 123.218380 123.228427 123.238195 123.247405 123.257535 123.266745 123.275397 123.285165 123.295853
0.000000 0.000000 0.000000 0.000000 0.000000 0.000000 0.000000 0.000000 0.000000 0.000000 0.000000 0.000000 0.000000 0.000000 0.000000 0.000000 0.000000 0.000000 0.000000 0.000000 0.000000 0.000000 0.000000 0.000000 0.000000 0.000000 0.000000 123.411839 123.371289 123.328785 123.289909 123.253907 123.201273 123.182854 123.165188 123.138954 123.124638 123.108730 123.098125 123.097846 123.107614 123.116544 123.126675 123.135326 123.145094 123.154304 123.164351 123.173365 123.183412 123.192622 123.202390 123.211682 123.220613 123.230660 123.240428 123.249638 123.259768 123.268141 123.277629 123.287397 123.298086
0.000000 0.000000 0.000000 0.000000 0.000000 0.000000 0.000000 0.000000 0.000000 0.000000 0.000000 0.000000 0.000000 0.000000 0.000000 0.000000 0.000000 0.000000 0.000000 0.000000 0.000000 0.000000 0.000000 0.000000 0.000000 0.000000 0.000000 123.400118 123.360684 123.320971 123.287118 123.247405 123.198482 123.181737 123.159327 123.136442 123.121289 123.108172 123.098404 123.100078 123.109846 123.118777 123.128907 123.137559 123.147606 123.156537 123.166584 123.175597 123.185644 123.194854 123.204622 123.213915 123.222846 123.233172 123.242940 123.251954 123.262001 123.270373 123.279862 123.289630 123.300039
0.000000 0.000000 0.000000 0.000000 0.000000 0.000000 0.000000 0.000000 0.000000 0.000000 0.000000 0.000000 0.000000 0.000000 0.000000 0.000000 0.000000 0.000000 0.000000 0.000000 0.000000 0.000000 0.000000 0.000000 0.000000 0.000000 0.000000 123.395373 123.357614 123.316226 123.276792 123.240149 123.194296 123.180063 123.154304 123.135047 123.120173 123.105381 123.098962 123.102311 123.112079 123.121010 123.131140 123.139791 123.149839 123.158769 123.168899 123.177830 123.187877 123.197087 123.206855 123.216148 123.225078 123.235405 123.245173 123.254465 123.264233 123.272606 123.282095 123.291946 123.302272
0.000000 0.000000 0.000000 0.000000 0.000000 0.000000 0.000000 0.000000 0.000000 0.000000 0.000000 0.000000 0.000000 0.000000 0.000000 0.000000 0.000000 0.000000 0.000000 0.000000 0.000000 0.000000 0.000000 0.000000 0.000000 0.000000 0.000000 123.390629 123.341427 123.307016 123.272327 123.225637 123.190668 123.173365 123.151513 123.131698 123.118498 123.104823 123.099520 123.104544 123.114312 123.123242 123.133373 123.142024 123.152071 123.161002 123.171132 123.180342 123.190110 123.199320 123.209171 123.218380 123.227311 123.237637 123.247405 123.256698 123.266466 123.274839 123.284327 123.294178 123.304784
0.000000 0.000000 0.000000 0.000000 0.000000 0.000000 0.000000 0.000000 0.000000 0.000000 0.000000 0.000000 0.000000 0.000000 0.000000 0.000000 0.000000 0.000000 0.000000 0.000000 0.000000 0.000000 0.000000 0.000000 0.000000 0.000000 0.000000 123.381698 123.339194 123.301435 123.263675 123.213078 123.188156 123.170016 123.143699 123.129744 123.115707 123.103148 123.100078 123.106776 123.116544 123.125279 123.135605 123.144536 123.154304 123.163514 123.173365 123.182574 123.192622 123.201831 123.211682 123.220613 123.229544 123.239870 123.249638 123.258931 123.268699 123.277071 123.286560 123.296690 123.307016
0.000000 0.000000 0.000000 0.000000 0.000000 0.000000 0.000000 0.000000 0.000000 0.000000 0.000000 0.000000 0.000000 0.000000 0.000000 0.000000 0.000000 0.000000 0.000000 0.000000 0.000000 0.000000 0.000000 0.000000 0.000000 0.000000 123.411839 123.373242 123.332134 123.297248 123.258931 123.208892 123.187040 123.169737 123.143699 123.128907 123.112637 123.101195 123.100916 123.109009 123.118777 123.127512 123.137838 123.146769 123.156537 123.165746 123.175597 123.184807 123.194854 123.204064 123.213915 123.222846 123.231776 123.242103 123.251954 123.261163 123.270931 123.279304 123.288793 123.298923 123.309249
0.000000 0.000000 0.000000 0.000000 0.000000 0.000000 0.000000 0.000000 0.000000 0.000000 0.000000 0.000000 0.000000 0.000000 0.000000 0.000000 0.000000 0.000000 0.000000 0.000000 0.000000 0.000000 0.000000 0.000000 0.000000 0.000000 123.405141 123.362079 123.328506 123.287118 123.248522 123.202390 123.185365 123.161002 123.139791 123.126395 123.111521 123.101474 123.102032 123.111242 123.121010 123.129744 123.140350 123.149001 123.158769 123.168062 123.177830 123.187040 123.197087 123.206297 123.216148 123.225357 123.234009 123.244335 123.254186 123.263675 123.273443 123.281537 123.291025 123.301156 123.311482
0.000000 0.000000 0.000000 0.000000 0.000000 0.000000 0.000000 0.000000 0.000000 0.000000 0.000000 0.000000 0.000000 0.000000 0.000000 0.000000 0.000000 0.000000 0.000000 0.000000 0.000000 0.000000 0.000000 0.000000 0.000000 0.000000 123.400955 123.351195 123.319017 123.281257 123.234846 123.197924 123.183970 123.158769 123.138675 123.124080 123.111242 123.102032 123.104544 123.113474 123.123522 123.131977 123.142582 123.151234 123.161002 123.170295 123.180063 123.189552 123.199320 123.208333 123.218380 123.227590 123.236242 123.246568 123.256419 123.265908 123.275676 123.283769 123.293341 123.303388 123.313714
0.000000 0.000000 0.000000 0.000000 0.000000 0.000000 0.000000 0.000000 0.000000 0.000000 0.000000 0.000000 0.000000 0.000000 0.000000 0.000000 0.000000 0.000000 0.000000 0.000000 0.000000 0.000000 0.000000 0.000000 0.000000 0.000000 123.392861 123.346729 123.310924 123.276234 123.225357 123.196250 123.177830 123.154304 123.137001 123.122963 123.108172 123.102590 123.106776 123.115707 123.125837 123.134210 123.144815 123.153467 123.163235 123.172527 123.182295 123.191784 123.201552 123.210845 123.220613 123.229823 123.238474 123.248801 123.258652 123.268141 123.277908 123.286002 123.295853 123.305621 123.315947
0.000000 0.000000 0.000000 0.000000 0.000000 0.000000 0.000000 0.000000 0.000000 0.000000 0.000000 0.000000 0.000000 0.000000 0.000000 0.000000 0.000000 0.000000 0.000000 0.000000 0.000000 0.000000 0.000000 0.000000 0.000000 0.000000 123.386163 123.343659 123.306737 123.266466 123.216148 123.194296 123.174481 123.149280 123.133931 123.119614 123.106497 123.103148 123.109009 123.117940 123.128070 123.136722 123.147048 123.155699 123.165467 123.174760 123.184807 123.194017 123.203785 123.213078 123.222846 123.232056 123.240707 123.251116 123.261163 123.270373 123.280141 123.288235 123.298086 123.307854 123.318180
0.000000 0.000000 0.000000 0.000000 0.000000 0.000000 0.000000 0.000000 0.000000 0.000000 0.000000 0.000000 0.000000 0.000000 0.000000 0.000000 0.000000 0.000000 0.000000 0.000000 0.000000 0.000000 0.000000 0.000000 0.000000 123.416584 123.367940 123.334729 123.294458 123.264233 123.212520 123.191505 123.173365 123.147048 123.132256 123.119056 123.106497 123.103707 123.111242 123.120173 123.130303 123.138954 123.149280 123.157932 123.167783 123.176993 123.187040 123.196250 123.206018 123.215310 123.225078 123.234288 123.242940 123.253628 123.263396 123.272606 123.282374 123.290467 123.300318 123.310086 123.320412
0.000000 0.000000 0.000000 0.000000 0.000000 0.000000 0.000000 0.000000 0.000000 0.000000 0.000000 0.000000 0.000000 0.000000 0.000000 0.000000 0.000000 0.000000 0.000000 0.000000 0.000000 0.000000 0.000000 0.000000 0.000000 123.410723 123.359846 123.329343 123.292504 123.246289 123.207413 123.189552 123.169458 123.145931 123.130303 123.115707 123.104544 123.104265 123.113474 123.122405 123.132535 123.141187 123.151792 123.160165 123.170295 123.179225 123.189273 123.198482 123.208250 123.217543 123.227311 123.236800 123.245173 123.255861 123.265629 123.274839 123.284886 123.292783 123.302551 123.312319 123.322645
0.000000 0.000000 0.000000 0.000000 0.000000 0.000000 0.000000 0.000000 0.000000 0.000000 0.000000 0.000000 0.000000 0.000000 0.000000 0.000000 0.000000 0.000000 0.000000 0.000000 0.000000 0.000000 0.000000 0.000000 0.000000 123.402908 123.352590 123.324599 123.282653 123.236800 123.205739 123.187598 123.163514 123.143141 123.128349 123.114591 123.104823 123.105939 123.115707 123.124638 123.134768 123.143420 123.154025 123.162397 123.172527 123.181737 123.191505 123.200715 123.210287 123.220055 123.229823 123.239033 123.247405 123.258093 123.267861 123.277071 123.287118 123.295016 123.305063 123.314831 123.324878
0.000000 0.000000 0.000000 0.000000 0.000000 0.000000 0.000000 0.000000 0.000000 0.000000 0.000000 0.000000 0.000000 0.000000 0.000000 0.000000 0.000000 0.000000 0.000000 0.000000 0.000000 0.000000 0.000000 0.000000 0.000000 123.394815 123.350078 123.313435 123.280978 123.228148 123.200994 123.181458 123.161002 123.141187 123.126675 123.113754 123.105381 123.108172 123.117940 123.126675 123.137001 123.145931 123.156257 123.164909 123.174760 123.183970 123.194017 123.202948 123.212520 123.222288 123.232056 123.241265 123.249917 123.260326 123.270094 123.279304 123.289351 123.297248 123.307295 123.317063 123.327110
0.000000 0.000000 0.000000 0.000000 0.000000 0.000000 0.000000 0.000000 0.000000 0.000000 0.000000 0.000000 0.000000 0.000000 0.000000 0.000000 0.000000 0.000000 0.000000 0.000000 0.000000 0.000000 0.000000 0.000000 0.000000 123.390629 123.343939 123.302272 123.278467 123.220334 123.198203 123.178388 123.157653 123.137280 123.125279 123.111242 123.105939 123.110405 123.120173 123.128907 123.139233 123.148164 123.158490 123.167225 123.176993 123.186203 123.196250 123.205180 123.214752 123.224520 123.234288 123.243498 123.252233 123.262559 123.272606 123.281537 123.291584 123.299481 123.309528 123.319296 123.329343
0.000000 0.000000 0.000000 0.000000 0.000000 0.000000 0.000000 0.000000 0.000000 0.000000 0.000000 0.000000 0.000000 0.000000 0.000000 0.000000 0.000000 0.000000 0.000000 0.000000 0.000000 0.000000 0.000000 0.000000 0.000000 123.375837 123.343101 123.298923 123.262838 123.218380 123.197645 123.176714 123.150397 123.136722 123.122405 123.109846 123.106497 123.112637 123.122405 123.131140 123.141466 123.150397 123.160723 123.169458 123.179505 123.188435 123.198482 123.207413 123.216985 123.226474 123.236521 123.245731 123.254465 123.264791 123.274839 123.284048 123.293062 123.301714 123.311761 123.321529 123.331576
0.000000 0.000000 0.000000 0.000000 0.000000 0.000000 0.000000 0.000000 0.000000 0.000000 0.000000 0.000000 0.000000 0.000000 0.000000 0.000000 0.000000 0.000000 0.000000 0.000000 0.000000 0.000000 0.000000 0.000000 123.414351 123.367382 123.333250 123.297807 123.248242 123.210845 123.193459 123.174481 123.149839 123.134489 123.119335 123.107893 123.107056 123.114870 123.124917 123.133373 123.143978 123.152629 123.162956 123.171690 123.181458 123.190668 123.200715 123.210008 123.218939 123.228707 123.238754 123.247963 123.256698 123.267024 123.277071 123.286281 123.295295 123.303946 123.313993 123.323761 123.333612
