FireSTARR/test/constant/O1a_S060_A090_WD090_WS020/arrival.asc
ncols         141
nrows         732
xllcorner     413603.990666
yllcorner     12675655.311160
cellsize      100.000000
NODATA_value  0.000000
[rows 243 to 269 of 732, columns 61 to 121 of 141]
0.000000 0.000000 0.000000 0.000000 0.000000 0.000000 0.000000 0.000000 0.000000 0.000000 0.000000 0.000000 0.000000 0.000000 123.407932 123.357614 123.320691 123.284048 123.264233 123.242103 123.220055 123.199878 123.181737 123.167225 123.153188 123.142303 123.138396 123.144536 123.153467 123.163514 123.172248 123.182016 123.191226 123.201273 123.210566 123.220334 123.229544 123.239312 123.248522 123.258373 123.267582 123.276792 123.286839 123.296690 123.305621 123.315947 123.324878 123.334171 123.343939 123.353986 123.363195 123.371847 123.381698 123.392024 123.400676 123.409886 0.000000 0.000000 0.000000 0.000000 0.000000
0.000000 0.000000 0.000000 0.000000 0.000000 0.000000 0.000000 0.000000 0.000000 0.000000 0.000000 0.000000 0.000000 0.000000 123.392582 123.349520 123.315110 123.279583 123.256419 123.238474 123.214752 123.196250 123.180900 123.166305 123.152071 123.140350 123.138954 123.146769 123.155699 123.165746 123.174481 123.184249 123.193738 123.203506 123.212799 123.222567 123.231776 123.241823 123.250837 123.260605 123.269815 123.279304 123.289072 123.298923 123.307854 123.318180 123.327390 123.336403 123.346171 123.356218 123.365428 123.374080 123.383931 123.394257 123.403188 123.412118 0.000000 0.000000 0.000000 0.000000 0.000000
0.000000 0.000000 0.000000 0.000000 0.000000 0.000000 0.000000 0.000000 0.000000 0.000000 0.000000 0.000000 0.000000 0.000000 123.381140 123.336124 123.311203 123.274559 123.255024 123.236521 123.211682 123.195412 123.178109 123.163514 123.151792 123.139791 123.139512 123.149001 123.157932 123.168062 123.176714 123.186203 123.195971 123.205739 123.215031 123.224799 123.234009 123.244056 123.253070 123.263117 123.272048 123.281537 123.291305 123.301156 123.310086 123.320412 123.329622 123.338636 123.348683 123.358451 123.367382 123.376395 123.386163 123.396769 123.405420 123.414351 0.000000 0.000000 0.000000 0.000000 0.000000
0.000000 0.000000 0.000000 0.000000 0.000000 0.000000 0.000000 0.000000 0.000000 0.000000 0.000000 0.000000 0.000000 0.000000 123.368777 123.334450 123.305342 123.273164 123.250837 123.234846 123.210287 123.193180 123.174760 123.162676 123.149559 123.140071 123.141466 123.151234 123.160165 123.170295 123.178946 123.188435 123.198203 123.207971 123.217264 123.227032 123.236242 123.246289 123.255303 123.265350 123.274559 123.283769 123.293620 123.303388 123.312319 123.322645 123.331855 123.340869 123.350916 123.360684 123.369614 123.378628 123.388396 123.399001 123.407653 0.000000 0.000000 0.000000 0.000000 0.000000 0.000000
0.000000 0.000000 0.000000 0.000000 0.000000 0.000000 0.000000 0.000000 0.000000 0.000000 0.000000 0.000000 0.000000 123.411281 123.362637 123.326273 123.298923 123.272048 123.249638 123.232056 123.208612 123.189831 123.173086 123.159327 123.147606 123.140629 123.143699 123.153746 123.162397 123.172807 123.181179 123.190668 123.200436 123.210287 123.219497 123.229265 123.238754 123.248522 123.257814 123.267582 123.276792 123.286002 123.295853 123.305900 123.314552 123.324878 123.333892 123.343101 123.353148 123.362916 123.371847 123.380861 123.390908 123.401234 123.409886 0.000000 0.000000 0.000000 0.000000 0.000000 0.000000
0.000000 0.000000 0.000000 0.000000 0.000000 0.000000 0.000000 0.000000 0.000000 0.000000 0.000000 0.000000 0.000000 123.400676 123.357056 123.324599 123.286560 123.269815 123.245731 123.223962 123.204064 123.186482 123.172248 123.157374 123.145652 123.141187 123.145931 123.155978 123.164630 123.175039 123.183412 123.192901 123.202669 123.212520 123.221729 123.231497 123.240986 123.250837 123.260047 123.269815 123.279025 123.288235 123.298086 123.308133 123.316784 123.327110 123.336124 123.345613 123.355381 123.365149 123.374080 123.383093 123.393141 123.403467 123.412118 0.000000 0.000000 0.000000 0.000000 0.000000 0.000000
0.000000 0.000000 0.000000 0.000000 0.000000 0.000000 0.000000 0.000000 0.000000 0.000000 0.000000 0.000000 0.000000 123.390908 123.347008 123.319854 123.284886 123.261442 123.243219 123.219776 123.199878 123.184249 123.170016 123.156537 123.145652 123.141745 123.148164 123.158211 123.166946 123.177272 123.185924 123.195133 123.204901 123.215031 123.223962 123.234009 123.243219 123.253070 123.262280 123.272048 123.281257 123.290467 123.300318 123.310365 123.319017 123.329343 123.338636 123.347846 123.357893 123.367661 123.375837 123.385326 123.395373 123.405978 123.414351 0.000000 0.000000 0.000000 0.000000 0.000000 0.000000
0.000000 0.000000 0.000000 0.000000 0.000000 0.000000 0.000000 0.000000 0.000000 0.000000 0.000000 0.000000 0.000000 123.377233 123.340590 123.315110 123.279025 123.258093 123.240428 123.217822 123.199878 123.182574 123.166667 123.154862 123.143141 123.142303 123.150397 123.160165 123.169178 123.179505 123.188156 123.197366 123.207134 123.217264 123.226195 123.236242 123.245452 123.255303 123.264512 123.274280 123.283769 123.292783 123.302551 123.312598 123.321250 123.331576 123.340869 123.350078 123.360125 123.369893 123.378070 123.387838 123.397606 123.408211 123.416584 0.000000 0.000000 0.000000 0.000000 0.000000 0.000000
0.000000 0.000000 0.000000 0.000000 0.000000 0.000000 0.000000 0.000000 0.000000 0.000000 0.000000 0.000000 0.000000 123.370173 123.336403 123.308133 123.277908 123.255303 123.238754 123.215310 123.195691 123.181179 123.166305 123.154025 123.142861 123.143699 123.152629 123.162397 123.171411 123.181737 123.190389 123.199599 123.209450 123.219497 123.228427 123.238474 123.247684 123.257535 123.266745 123.276513 123.286002 123.295016 123.305063 123.314831 123.323482 123.333892 123.343101 123.352311 123.362358 123.372126 123.380303 123.390071 123.399839 123.410444 0.000000 0.000000 0.000000 0.000000 0.000000 0.000000 0.000000
0.000000 0.000000 0.000000 0.000000 0.000000 0.000000 0.000000 0.000000 0.000000 0.000000 0.000000 0.000000 123.415746 123.369056 123.330739 123.307295 123.276234 123.253070 123.235963 123.213357 123.192901 123.177830 123.164351 123.152350 123.143420 123.145931 123.154862 123.164630 123.173644 123.183970 123.192622 123.201831 123.211682 123.221729 123.230939 123.240707 123.249917 123.259768 123.268978 123.278746 123.288235 123.297248 123.307295 123.317063 123.325715 123.336403 123.345334 123.354544 123.364312 123.374359 123.382535 123.392303 123.402071 123.412676 0.000000 0.000000 0.000000 0.000000 0.000000 0.000000 0.000000
0.000000 0.000000 0.000000 0.000000 0.000000 0.000000 0.000000 0.000000 0.000000 0.000000 0.000000 0.000000 123.406816 123.363474 123.329622 123.298365 123.267303 123.251116 123.227869 123.208250 123.191784 123.176993 123.161002 123.150955 123.143978 123.148164 123.157095 123.166667 123.175876 123.186203 123.195133 123.204064 123.214194 123.223962 123.233172 123.243219 123.252233 123.262280 123.271210 123.280978 123.290467 123.299760 123.309528 123.319296 123.328227 123.338636 123.347846 123.357056 123.366544 123.376675 123.384768 123.394536 123.404304 123.414630 0.000000 0.000000 0.000000 0.000000 0.000000 0.000000 0.000000
0.000000 0.000000 0.000000 0.000000 0.000000 0.000000 0.000000 0.000000 0.000000 0.000000 0.000000 0.000000 123.399001 123.354265 123.322087 123.289630 123.266466 123.248522 123.223683 123.206855 123.188435 123.175597 123.159886 123.148722 123.144815 123.150397 123.159327 123.168899 123.178109 123.188435 123.197366 123.206297 123.216427 123.226195 123.235405 123.245452 123.254465 123.264512 123.273443 123.283211 123.292504 123.301993 123.311761 123.321529 123.330459 123.340869 123.350078 123.359009 123.369056 123.378907 123.387001 123.396769 123.406537 123.416667 0.000000 0.000000 0.000000 0.000000 0.000000 0.000000 0.000000
0.000000 0.000000 0.000000 0.000000 0.000000 0.000000 0.000000 0.000000 0.000000 0.000000 0.000000 0.000000 123.382814 123.345613 123.317901 123.287397 123.261163 123.245452 123.221450 123.202948 123.186203 123.170574 123.159607 123.147606 123.145373 123.152629 123.161560 123.171132 123.180342 123.190947 123.199599 123.208612 123.218659 123.228427 123.237637 123.247684 123.256698 123.266745 123.275955 123.285444 123.295016 123.304225 123.313993 123.324040 123.332692 123.342822 123.352311 123.361242 123.371289 123.381140 123.389233 123.399001 123.409048 0.000000 0.000000 0.000000 0.000000 0.000000 0.000000 0.000000 0.000000
0.000000 0.000000 0.000000 0.000000 0.000000 0.000000 0.000000 0.000000 0.000000 0.000000 0.000000 0.000000 123.374917 123.342822 123.312598 123.281257 123.259210 123.242940 123.219218 123.199878 123.184807 123.170016 123.158211 123.146210 123.145931 123.154862 123.163793 123.173365 123.182574 123.193180 123.201831 123.211124 123.220892 123.230660 123.240149 123.249917 123.259210 123.268978 123.278188 123.287676 123.297248 123.306458 123.316226 123.326273 123.334729 123.345334 123.354544 123.363474 123.373522 123.382535 123.391466 123.401234 123.411281 0.000000 0.000000 0.000000 0.000000 0.000000 0.000000 0.000000 0.000000
0.000000 0.000000 0.000000 0.000000 0.000000 0.000000 0.000000 0.000000 0.000000 0.000000 0.000000 0.000000 123.371010 123.334171 123.308133 123.277629 123.258093 123.239870 123.216706 123.199320 123.181458 123.167783 123.157095 123.146490 123.147327 123.157095 123.166025 123.175597 123.184807 123.195412 123.204064 123.213357 123.223125 123.232893 123.242382 123.251954 123.261442 123.271210 123.280420 123.289909 123.299481 123.308691 123.318459 123.328506 123.336961 123.347567 123.356776 123.365986 123.375837 123.384768 123.393699 123.403467 123.413514 0.000000 0.000000 0.000000 0.000000 0.000000 0.000000 0.000000 0.000000
0.000000 0.000000 0.000000 0.000000 0.000000 0.000000 0.000000 0.000000 0.000000 0.000000 0.000000 123.405978 123.369893 123.331297 123.298365 123.275397 123.256140 123.231218 123.216706 123.196250 123.181179 123.166025 123.154862 123.147048 123.149559 123.159327 123.168341 123.177830 123.187319 123.197645 123.206297 123.215590 123.225357 123.235405 123.244614 123.254465 123.263675 123.273443 123.282653 123.291946 123.301714 123.310924 123.320691 123.330739 123.339473 123.349799 123.359009 123.368219 123.378349 123.387001 123.395931 123.405699 123.415746 0.000000 0.000000 0.000000 0.000000 0.000000 0.000000 0.000000 0.000000
0.000000 0.000000 0.000000 0.000000 0.000000 0.000000 0.000000 0.000000 0.000000 0.000000 0.000000 123.394815 123.359288 123.326831 123.293341 123.270373 123.256419 123.227590 123.211124 123.192901 123.178667 123.164072 123.152629 123.147606 123.151792 123.161560 123.170574 123.180063 123.189552 123.199878 123.208612 123.217822 123.227590 123.237637 123.246847 123.256698 123.265908 123.275676 123.284886 123.294178 123.304225 123.313156 123.322924 123.332971 123.341706 123.352032 123.361242 123.370452 123.380303 123.389233 123.398164 123.408211 0.000000 0.000000 0.000000 0.000000 0.000000 0.000000 0.000000 0.000000 0.000000
0.000000 0.000000 0.000000 0.000000 0.000000 0.000000 0.000000 0.000000 0.000000 0.000000 0.000000 123.388675 123.352032 123.324040 123.293062 123.266187 123.249638 123.225357 123.206576 123.190947 123.174760 123.162956 123.152071 123.148164 123.154025 123.163793 123.172807 123.182295 123.191784 123.202110 123.210566 123.220055 123.229823 123.239870 123.249080 123.258931 123.268141 123.277908 123.287397 123.296411 123.306458 123.315389 123.325436 123.335287 123.343939 123.354265 123.363474 123.372684 123.382535 123.391466 123.400397 123.410444 0.000000 0.000000 0.000000 0.000000 0.000000 0.000000 0.000000 0.000000 0.000000
0.000000 0.000000 0.000000 0.000000 0.000000 0.000000 0.000000 0.000000 0.000000 0.000000 0.000000 123.380861 123.348404 123.320133 123.286281 123.265908 123.249359 123.223962 123.203785 123.189273 123.174481 123.161839 123.149839 123.148722 123.156257 123.166305 123.175039 123.184528 123.194017 123.204343 123.212799 123.222288 123.232056 123.242103 123.251116 123.261163 123.270373 123.280141 123.289630 123.298644 123.308691 123.317622 123.327669 123.337520 123.346171 123.356776 123.365707 123.375000 123.384768 123.393699 123.402629 123.412676 0.000000 0.000000 0.000000 0.000000 0.000000 0.000000 0.000000 0.000000 0.000000
0.000000 0.000000 0.000000 0.000000 0.000000 0.000000 0.000000 0.000000 0.000000 0.000000 123.412956 123.373522 123.340869 123.313714 123.282653 123.263117 123.242940 123.222567 123.201273 123.187877 123.171969 123.161002 123.149280 123.149559 123.158490 123.168620 123.177272 123.186761 123.196250 123.206576 123.215031 123.224520 123.234567 123.244335 123.253628 123.263675 123.272606 123.282653 123.291667 123.301156 123.310924 123.320133 123.329901 123.339752 123.348683 123.359009 123.367940 123.377233 123.387001 123.395931 123.405141 123.414909 0.000000 0.000000 0.000000 0.000000 0.000000 0.000000 0.000000 0.000000 0.000000
0.000000 0.000000 0.000000 0.000000 0.000000 0.000000 0.000000 0.000000 0.000000 0.000000 123.404583 123.365986 123.337241 123.304784 123.278746 123.259489 123.235684 123.219776 123.199320 123.184528 123.171411 123.159607 123.149839 123.151792 123.160723 123.170853 123.179505 123.188993 123.198761 123.208892 123.217264 123.226753 123.236800 123.246847 123.255861 123.265908 123.274839 123.284886 123.293899 123.303388 123.313156 123.322366 123.332134 123.341985 123.350916 123.361242 123.370173 123.379744 123.389512 123.398164 123.407374 0.000000 0.000000 0.000000 0.000000 0.000000 0.000000 0.000000 0.000000 0.000000 0.000000
0.000000 0.000000 0.000000 0.000000 0.000000 0.000000 0.000000 0.000000 0.000000 0.000000 123.404304 123.360684 123.330180 123.300597 123.274001 123.259210 123.232614 123.215031 123.198203 123.184249 123.167783 123.157374 123.150397 123.154025 123.162956 123.173086 123.181737 123.191226 123.200715 123.211403 123.219497 123.228986 123.239033 123.249080 123.258093 123.268141 123.277071 123.287118 123.296411 123.305621 123.315389 123.324599 123.334450 123.344497 123.353148 123.363195 123.372405 123.381977 123.391745 123.400397 123.409607 0.000000 0.000000 0.000000 0.000000 0.000000 0.000000 0.000000 0.000000 0.000000 0.000000
0.000000 0.000000 0.000000 0.000000 0.000000 0.000000 0.000000 0.000000 0.000000 0.000000 123.388954 123.355102 123.327669 123.296411 123.273164 123.254465 123.231776 123.213357 123.195133 123.182016 123.166584 123.155420 123.150955 123.156257 123.165188 123.175318 123.183970 123.193459 123.202948 123.213636 123.221729 123.231497 123.241265 123.251116 123.260326 123.270373 123.279583 123.289351 123.298644 123.307854 123.317622 123.326831 123.336682 123.346729 123.355381 123.365428 123.374638 123.384210 123.393978 123.402629 123.411839 0.000000 0.000000 0.000000 0.000000 0.000000 0.000000 0.000000 0.000000 0.000000 0.000000
0.000000 0.000000 0.000000 0.000000 0.000000 0.000000 0.000000 0.000000 0.000000 0.000000 123.385326 123.352590 123.321808 123.291025 123.268978 123.250837 123.228986 123.207692 123.192901 123.178946 123.166584 123.155141 123.151513 123.158490 123.167504 123.177551 123.186203 123.195412 123.205180 123.215869 123.223962 123.233730 123.243777 123.253349 123.262559 123.272606 123.281816 123.291667 123.300876 123.310086 123.319854 123.329343 123.338915 123.348962 123.357614 123.367661 123.376675 123.386442 123.396210 123.404862 123.414351 0.000000 0.000000 0.000000 0.000000 0.000000 0.000000 0.000000 0.000000 0.000000 0.000000
0.000000 0.000000 0.000000 0.000000 0.000000 0.000000 0.000000 0.000000 0.000000 123.416025 123.377512 123.344218 123.317342 123.286560 123.266466 123.250558 123.226474 123.205180 123.192063 123.176435 123.164351 123.152629 123.152071 123.160723 123.169737 123.180063 123.188435 123.197645 123.207692 123.218101 123.226195 123.235963 123.245731 123.255861 123.265071 123.274839 123.284048 123.293899 123.303109 123.312319 123.322087 123.331576 123.341148 123.351195 123.359846 123.369893 123.378907 123.388675 123.397885 123.407095 123.416584 0.000000 0.000000 0.000000 0.000000 0.000000 0.000000 0.000000 0.000000 0.000000 0.000000
0.000000 0.000000 0.000000 0.000000 0.000000 0.000000 0.000000 0.000000 0.000000 123.412118 123.371289 123.340869 123.310365 123.282932 123.264791 123.244614 123.222567 123.204622 123.188993 123.174760 123.164351 123.152629 123.153188 123.162956 123.171690 123.182295 123.190947 123.199878 123.210008 123.220334 123.228427 123.238195 123.247963 123.258093 123.267303 123.277071 123.286281 123.296132 123.305342 123.314552 123.324599 123.333612 123.343380 123.353427 123.362079 123.372126 123.381140 123.390908 123.400118 123.409327 0.000000 0.000000 0.000000 0.000000 0.000000 0.000000 0.000000 0.000000 0.000000 0.000000 0.000000
0.000000 0.000000 0.000000 0.000000 0.000000 0.000000 0.000000 0.000000 0.000000 123.402908 123.364591 123.336961 123.304784 123.281816 123.262559 123.238195 123.218939 123.203227 123.187598 123.172248 123.162676 123.153188 123.155420 123.165188 123.173923 123.184528 123.193180 123.202110 123.212241 123.222567 123.230660 123.240428 123.250279 123.260326 123.269536 123.279304 123.288793 123.298365 123.307854 123.316784 123.326831 123.335845 123.345892 123.355939 123.364312 123.374359 123.383373 123.393141 123.402350 123.411560 0.000000 0.000000 0.000000 0.000000 0.000000 0.000000 0.000000 0.000000 0.000000 0.000000 0.000000
