FireSTARR/test/constant/C2_S000_A270_WD135_WS020/arrival.asc
ncols         76
nrows         76
xllcorner     419803.990666
yllcorner     12748055.311160
cellsize      100.000000
NODATA_value  0.000000
[rows 0 to 25 of 76, columns 0 to 58 of 76]
123.413845 123.411687 123.413845 123.416003 0.000000 0.000000 0.000000 0.000000 0.000000 0.000000 0.000000 0.000000 0.000000 0.000000 0.000000 0.000000 0.000000 0.000000 0.000000 0.000000 0.000000 0.000000 0.000000 0.000000 0.000000 0.000000 0.000000 0.000000 0.000000 0.000000 0.000000 0.000000 0.000000 0.000000 0.000000 0.000000 0.000000 0.000000 0.000000 0.000000 0.000000 0.000000 0.000000 0.000000 0.000000 0.000000 0.000000 0.000000 0.000000 0.000000 0.000000 0.000000 0.000000 0.000000 0.000000 0.000000 0.000000 0.000000 0.000000
123.413845 123.407371 123.407371 123.409529 123.409529 123.413845 123.416003 123.416667 0.000000 0.000000 0.000000 0.000000 0.000000 0.000000 0.000000 0.000000 0.000000 0.000000 0.000000 0.000000 0.000000 0.000000 0.000000 0.000000 0.000000 0.000000 0.000000 0.000000 0.000000 0.000000 0.000000 0.000000 0.000000 0.000000 0.000000 0.000000 0.000000 0.000000 0.000000 0.000000 0.000000 0.000000 0.000000 0.000000 0.000000 0.000000 0.000000 0.000000 0.000000 0.000000 0.000000 0.000000 0.000000 0.000000 0.000000 0.000000 0.000000 0.000000 0.000000
123.416003 123.407371 123.400897 123.400897 123.403055 123.405213 123.405213 123.409529 123.411687 123.411687 123.416667 0.000000 0.000000 0.000000 0.000000 0.000000 0.000000 0.000000 0.000000 0.000000 0.000000 0.000000 0.000000 0.000000 0.000000 0.000000 0.000000 0.000000 0.000000 0.000000 0.000000 0.000000 0.000000 0.000000 0.000000 0.000000 0.000000 0.000000 0.000000 0.000000 0.000000 0.000000 0.000000 0.000000 0.000000 0.000000 0.000000 0.000000 0.000000 0.000000 0.000000 0.000000 0.000000 0.000000 0.000000 0.000000 0.000000 0.000000 0.000000
0.000000 123.409529 123.403055 123.394423 123.394423 123.396581 123.398739 123.400897 123.403055 123.405213 123.407371 123.409529 123.413845 123.416003 0.000000 0.000000 0.000000 0.000000 0.000000 0.000000 0.000000 0.000000 0.000000 0.000000 0.000000 0.000000 0.000000 0.000000 0.000000 0.000000 0.000000 0.000000 0.000000 0.000000 0.000000 0.000000 0.000000 0.000000 0.000000 0.000000 0.000000 0.000000 0.000000 0.000000 0.000000 0.000000 0.000000 0.000000 0.000000 0.000000 0.000000 0.000000 0.000000 0.000000 0.000000 0.000000 0.000000 0.000000 0.000000
0.000000 123.411687 123.405213 123.396581 123.387948 123.387948 123.390107 123.392265 123.394423 123.396581 123.398739 123.403055 123.405213 123.407371 123.411687 123.413845 123.413845 0.000000 0.000000 0.000000 0.000000 0.000000 0.000000 0.000000 0.000000 0.000000 0.000000 0.000000 0.000000 0.000000 0.000000 0.000000 0.000000 0.000000 0.000000 0.000000 0.000000 0.000000 0.000000 0.000000 0.000000 0.000000 0.000000 0.000000 0.000000 0.000000 0.000000 0.000000 0.000000 0.000000 0.000000 0.000000 0.000000 0.000000 0.000000 0.000000 0.000000 0.000000 0.000000
0.000000 123.413845 123.405213 123.398739 123.390107 123.383632 123.381474 123.383632 123.385790 123.390107 123.390107 123.392265 123.394423 123.398739 123.400897 123.405213 123.407371 123.409529 123.411687 123.413845 123.416667 0.000000 0.000000 0.000000 0.000000 0.000000 0.000000 0.000000 0.000000 0.000000 0.000000 0.000000 0.000000 0.000000 0.000000 0.000000 0.000000 0.000000 0.000000 0.000000 0.000000 0.000000 0.000000 0.000000 0.000000 0.000000 0.000000 0.000000 0.000000 0.000000 0.000000 0.000000 0.000000 0.000000 0.000000 0.000000 0.000000 0.000000 0.000000
0.000000 123.416003 123.407371 123.400897 123.392265 123.383632 123.377158 123.377158 123.377158 123.379316 123.381474 123.385790 123.385790 123.390107 123.392265 123.396581 123.398739 123.400897 123.403055 123.407371 123.409529 123.411687 123.416003 0.000000 0.000000 0.000000 0.000000 0.000000 0.000000 0.000000 0.000000 0.000000 0.000000 0.000000 0.000000 0.000000 0.000000 0.000000 0.000000 0.000000 0.000000 0.000000 0.000000 0.000000 0.000000 0.000000 0.000000 0.000000 0.000000 0.000000 0.000000 0.000000 0.000000 0.000000 0.000000 0.000000 0.000000 0.000000 0.000000
0.000000 123.416667 123.411687 123.403055 123.394423 123.385790 123.379316 123.370021 123.370021 123.372179 123.374337 123.377158 123.379316 123.381474 123.383632 123.387948 123.387948 123.392265 123.394423 123.398739 123.400897 123.400897 123.407371 123.411687 123.411687 123.413845 0.000000 0.000000 0.000000 0.000000 0.000000 0.000000 0.000000 0.000000 0.000000 0.000000 0.000000 0.000000 0.000000 0.000000 0.000000 0.000000 0.000000 0.000000 0.000000 0.000000 0.000000 0.000000 0.000000 0.000000 0.000000 0.000000 0.000000 0.000000 0.000000 0.000000 0.000000 0.000000 0.000000
0.000000 0.000000 123.411687 123.405213 123.396581 123.387948 123.381474 123.372179 123.363546 123.363546 123.365704 123.367862 123.370021 123.372179 123.374337 123.377158 123.381474 123.383632 123.385790 123.390107 123.392265 123.394423 123.396581 123.400897 123.405213 123.405213 123.409529 123.413845 123.416667 0.000000 0.000000 0.000000 0.000000 0.000000 0.000000 0.000000 0.000000 0.000000 0.000000 0.000000 0.000000 0.000000 0.000000 0.000000 0.000000 0.000000 0.000000 0.000000 0.000000 0.000000 0.000000 0.000000 0.000000 0.000000 0.000000 0.000000 0.000000 0.000000 0.000000
0.000000 0.000000 123.413845 123.405213 123.398739 123.390107 123.381474 123.375000 123.365704 123.359230 123.357072 123.359230 123.363546 123.363546 123.365704 123.367862 123.372179 123.374337 123.377158 123.381474 123.381474 123.385790 123.390107 123.390107 123.396581 123.398739 123.400897 123.403055 123.407371 123.409529 123.416003 0.000000 0.000000 0.000000 0.000000 0.000000 0.000000 0.000000 0.000000 0.000000 0.000000 0.000000 0.000000 0.000000 0.000000 0.000000 0.000000 0.000000 0.000000 0.000000 0.000000 0.000000 0.000000 0.000000 0.000000 0.000000 0.000000 0.000000 0.000000
0.000000 0.000000 123.416003 123.407371 123.398739 123.392265 123.383632 123.375000 123.367862 123.359230 123.352756 123.352756 123.352756 123.354914 123.359230 123.359230 123.361388 123.363546 123.367862 123.372179 123.374337 123.377158 123.379316 123.381474 123.385790 123.387948 123.392265 123.394423 123.398739 123.400897 123.405213 123.411687 123.413845 0.000000 0.000000 0.000000 0.000000 0.000000 0.000000 0.000000 0.000000 0.000000 0.000000 0.000000 0.000000 0.000000 0.000000 0.000000 0.000000 0.000000 0.000000 0.000000 0.000000 0.000000 0.000000 0.000000 0.000000 0.000000 0.000000
0.000000 0.000000 0.000000 123.411687 123.400897 123.392265 123.385790 123.379316 123.370021 123.363546 123.354914 123.346282 123.346282 123.346282 123.350598 123.352756 123.354914 123.354914 123.359230 123.361388 123.365704 123.367862 123.372179 123.374337 123.377158 123.379316 123.383632 123.385790 123.390107 123.392265 123.396581 123.400897 123.405213 123.409529 123.411687 123.416003 0.000000 0.000000 0.000000 0.000000 0.000000 0.000000 0.000000 0.000000 0.000000 0.000000 0.000000 0.000000 0.000000 0.000000 0.000000 0.000000 0.000000 0.000000 0.000000 0.000000 0.000000 0.000000 0.000000
0.000000 0.000000 0.000000 123.413845 123.405213 123.396581 123.385790 123.379316 123.372179 123.363546 123.357072 123.346282 123.339808 123.339808 123.341966 123.344124 123.346282 123.348440 123.350598 123.354914 123.354914 123.359230 123.363546 123.365704 123.367862 123.370021 123.374337 123.377158 123.379316 123.381474 123.385790 123.390107 123.396581 123.398739 123.403055 123.407371 123.411687 123.416667 0.000000 0.000000 0.000000 0.000000 0.000000 0.000000 0.000000 0.000000 0.000000 0.000000 0.000000 0.000000 0.000000 0.000000 0.000000 0.000000 0.000000 0.000000 0.000000 0.000000 0.000000
0.000000 0.000000 0.000000 123.416003 123.407371 123.398739 123.390107 123.381474 123.374337 123.365704 123.357072 123.350598 123.339808 123.333333 123.332670 123.335491 123.335491 123.339808 123.341966 123.344124 123.348440 123.350598 123.352756 123.357072 123.359230 123.361388 123.365704 123.367862 123.370021 123.374337 123.379316 123.381474 123.383632 123.390107 123.392265 123.396581 123.403055 123.405213 123.411687 123.416003 0.000000 0.000000 0.000000 0.000000 0.000000 0.000000 0.000000 0.000000 0.000000 0.000000 0.000000 0.000000 0.000000 0.000000 0.000000 0.000000 0.000000 0.000000 0.000000
0.000000 0.000000 0.000000 0.000000 123.409529 123.400897 123.394423 123.385790 123.374337 123.365704 123.359230 123.350598 123.344124 123.333333 123.328354 123.328354 123.328354 123.330512 123.332670 123.335491 123.337649 123.341966 123.344124 123.346282 123.350598 123.354914 123.354914 123.359230 123.361388 123.365704 123.367862 123.372179 123.374337 123.379316 123.383632 123.385790 123.392265 123.394423 123.403055 123.405213 123.411687 0.000000 0.000000 0.000000 0.000000 0.000000 0.000000 0.000000 0.000000 0.000000 0.000000 0.000000 0.000000 0.000000 0.000000 0.000000 0.000000 0.000000 0.000000
0.000000 0.000000 0.000000 0.000000 123.413845 123.405213 123.396581 123.387948 123.379316 123.370021 123.361388 123.352756 123.344124 123.337649 123.330512 123.321880 123.321880 123.321880 123.326196 123.328354 123.330512 123.332670 123.335491 123.337649 123.339808 123.344124 123.348440 123.350598 123.352756 123.357072 123.359230 123.361388 123.365704 123.370021 123.372179 123.377158 123.383632 123.385790 123.392265 123.398739 123.398739 123.405213 123.413845 123.416667 0.000000 0.000000 0.000000 0.000000 0.000000 0.000000 0.000000 0.000000 0.000000 0.000000 0.000000 0.000000 0.000000 0.000000 0.000000
0.000000 0.000000 0.000000 0.000000 123.416003 123.409529 123.398739 123.387948 123.381474 123.374337 123.363546 123.354914 123.346282 123.339808 123.330512 123.321880 123.315405 123.315405 123.317564 123.319722 123.319722 123.324038 123.326196 123.328354 123.332670 123.335491 123.337649 123.341966 123.344124 123.348440 123.348440 123.352756 123.357072 123.359230 123.361388 123.367862 123.372179 123.374337 123.381474 123.387948 123.390107 123.394423 123.398739 123.407371 123.411687 0.000000 0.000000 0.000000 0.000000 0.000000 0.000000 0.000000 0.000000 0.000000 0.000000 0.000000 0.000000 0.000000 0.000000
0.000000 0.000000 0.000000 0.000000 0.000000 123.409529 123.403055 123.392265 123.381474 123.375000 123.367862 123.359230 123.348440 123.341966 123.332670 123.324038 123.315405 123.308931 123.308931 123.311089 123.313247 123.315405 123.317564 123.321880 123.324038 123.326196 123.328354 123.332670 123.335491 123.339808 123.339808 123.344124 123.346282 123.350598 123.352756 123.359230 123.363546 123.365704 123.372179 123.377158 123.383632 123.385790 123.390107 123.394423 123.403055 123.405213 0.000000 0.000000 0.000000 0.000000 0.000000 0.000000 0.000000 0.000000 0.000000 0.000000 0.000000 0.000000 0.000000
0.000000 0.000000 0.000000 0.000000 0.000000 123.411687 123.403055 123.396581 123.387948 123.377158 123.370021 123.361388 123.352756 123.341966 123.333333 123.326196 123.319722 123.311089 123.304615 123.302457 123.304615 123.306773 123.308931 123.311089 123.315405 123.317564 123.319722 123.324038 123.326196 123.330512 123.330512 123.335491 123.337649 123.339808 123.344124 123.348440 123.352756 123.357072 123.361388 123.365704 123.372179 123.377158 123.379316 123.383632 123.392265 123.394423 123.409529 0.000000 0.000000 0.000000 0.000000 0.000000 0.000000 0.000000 0.000000 0.000000 0.000000 0.000000 0.000000
0.000000 0.000000 0.000000 0.000000 0.000000 123.416003 123.407371 123.396581 123.390107 123.381474 123.370021 123.363546 123.354914 123.346282 123.337649 123.328354 123.319722 123.313247 123.304615 123.298141 123.295983 123.298141 123.300299 123.304615 123.304615 123.308931 123.311089 123.313247 123.317564 123.321880 123.321880 123.326196 123.330512 123.332670 123.333333 123.337649 123.341966 123.348440 123.350598 123.354914 123.361388 123.367862 123.370021 123.375000 123.381474 123.385790 123.390107 123.413845 0.000000 0.000000 0.000000 0.000000 0.000000 0.000000 0.000000 0.000000 0.000000 0.000000 0.000000
0.000000 0.000000 0.000000 0.000000 0.000000 0.000000 123.409529 123.400897 123.392265 123.383632 123.375000 123.365704 123.357072 123.348440 123.337649 123.330512 123.321880 123.315405 123.306773 123.298141 123.291003 123.291003 123.291667 123.293825 123.298141 123.298141 123.302457 123.304615 123.306773 123.311089 123.315405 123.317564 123.319722 123.324038 123.326196 123.328354 123.330512 123.337649 123.339808 123.344124 123.348440 123.357072 123.359230 123.363546 123.367862 123.377158 123.381474 123.396581 0.000000 0.000000 0.000000 0.000000 0.000000 0.000000 0.000000 0.000000 0.000000 0.000000 0.000000
0.000000 0.000000 0.000000 0.000000 0.000000 0.000000 123.413845 123.405213 123.394423 123.385790 123.377158 123.370021 123.359230 123.350598 123.341966 123.333333 123.324038 123.317564 123.308931 123.300299 123.291667 123.284529 123.284529 123.286687 123.288845 123.291667 123.293825 123.298141 123.300299 123.300299 123.306773 123.306773 123.311089 123.315405 123.317564 123.319722 123.324038 123.326196 123.332670 123.335491 123.339808 123.346282 123.350598 123.354914 123.359230 123.365704 123.372179 123.375000 123.400897 0.000000 0.000000 0.000000 0.000000 0.000000 0.000000 0.000000 0.000000 0.000000 0.000000
0.000000 0.000000 0.000000 0.000000 0.000000 0.000000 123.416003 123.409529 123.396581 123.387948 123.379316 123.370021 123.361388 123.352756 123.344124 123.335491 123.328354 123.317564 123.311089 123.302457 123.295983 123.286687 123.280213 123.278055 123.280213 123.282371 123.286687 123.286687 123.288845 123.293825 123.295983 123.298141 123.302457 123.304615 123.306773 123.311089 123.313247 123.315405 123.321880 123.324038 123.328354 123.332670 123.341966 123.344124 123.348440 123.352756 123.361388 123.363546 123.381474 123.405213 0.000000 0.000000 0.000000 0.000000 0.000000 0.000000 0.000000 0.000000 0.000000
0.000000 0.000000 0.000000 0.000000 0.000000 0.000000 0.000000 123.409529 123.403055 123.394423 123.383632 123.374337 123.365704 123.354914 123.348440 123.337649 123.330512 123.321880 123.313247 123.304615 123.295983 123.291003 123.280213 123.273739 123.271581 123.273739 123.275897 123.280213 123.280213 123.284529 123.288845 123.288845 123.293825 123.295983 123.300299 123.300299 123.304615 123.306773 123.311089 123.313247 123.319722 123.326196 123.330512 123.333333 123.337649 123.341966 123.350598 123.354914 123.361388 123.387948 123.411687 0.000000 0.000000 0.000000 0.000000 0.000000 0.000000 0.000000 0.000000
0.000000 0.000000 0.000000 0.000000 0.000000 0.000000 0.000000 123.416003 123.405213 123.396581 123.387948 123.377158 123.367862 123.359230 123.350598 123.341966 123.332670 123.324038 123.315405 123.306773 123.298141 123.291003 123.282371 123.273739 123.267265 123.267265 123.267265 123.269423 123.273739 123.275897 123.278055 123.280213 123.284529 123.286687 123.291003 123.293825 123.295983 123.300299 123.300299 123.304615 123.311089 123.315405 123.317564 123.326196 123.328354 123.332670 123.337649 123.344124 123.348440 123.367862 123.390107 123.416003 0.000000 0.000000 0.000000 0.000000 0.000000 0.000000 0.000000
0.000000 0.000000 0.000000 0.000000 0.000000 0.000000 0.000000 0.000000 123.409529 123.398739 123.390107 123.381474 123.372179 123.361388 123.352756 123.344124 123.335491 123.328354 123.317564 123.308931 123.300299 123.291667 123.284529 123.278055 123.269423 123.260790 123.260790 123.262948 123.262948 123.267265 123.269423 123.273739 123.273739 123.280213 123.280213 123.284529 123.286687 123.291003 123.293825 123.295983 123.300299 123.304615 123.306773 123.315405 123.319722 123.324038 123.326196 123.333333 123.339808 123.348440 123.372179 123.396581 0.000000 0.000000 0.000000 0.000000 0.000000 0.000000 0.000000
