FireSTARR/test/constant/C2_S000_A270_WD135_WS020/arrival.asc
ncols         76
nrows         76
xllcorner     419803.990666
yllcorner     12748055.311160
cellsize      100.000000
NODATA_value  0.000000
[rows 26 to 51 of 76, columns 0 to 58 of 76]
0.000000 0.000000 0.000000 0.000000 0.000000 0.000000 0.000000 0.000000 123.413845 123.403055 123.394423 123.383632 123.374337 123.365704 123.357072 123.346282 123.337649 123.328354 123.319722 123.311089 123.302457 123.293825 123.286687 123.278055 123.269423 123.260790 123.254316 123.254316 123.256474 123.258632 123.260790 123.262948 123.267265 123.269423 123.271581 123.275897 123.278055 123.282371 123.284529 123.286687 123.288845 123.293825 123.298141 123.302457 123.308931 123.315405 123.317564 123.324038 123.328354 123.332670 123.352756 123.377158 123.403055 0.000000 0.000000 0.000000 0.000000 0.000000 0.000000
0.000000 0.000000 0.000000 0.000000 0.000000 0.000000 0.000000 0.000000 123.416003 123.407371 123.398739 123.390107 123.379316 123.367862 123.359230 123.350598 123.339808 123.332670 123.324038 123.315405 123.304615 123.298141 123.288845 123.280213 123.271581 123.265107 123.254316 123.249337 123.247179 123.250000 123.252158 123.254316 123.256474 123.260790 123.262948 123.267265 123.269423 123.271581 123.275897 123.280213 123.282371 123.284529 123.288845 123.291667 123.300299 123.304615 123.308931 123.311089 123.315405 123.324038 123.332670 123.357072 123.381474 123.405213 0.000000 0.000000 0.000000 0.000000 0.000000
0.000000 0.000000 0.000000 0.000000 0.000000 0.000000 0.000000 0.000000 0.000000 123.409529 123.400897 123.390107 123.381474 123.372179 123.363546 123.354914 123.346282 123.333333 123.326196 123.315405 123.308931 123.300299 123.291003 123.282371 123.275897 123.265107 123.258632 123.249337 123.242862 123.242862 123.245021 123.245021 123.249337 123.252158 123.254316 123.256474 123.260790 123.265107 123.265107 123.267265 123.273739 123.275897 123.275897 123.284529 123.286687 123.293825 123.298141 123.302457 123.308931 123.313247 123.317564 123.339808 123.363546 123.387948 123.411687 0.000000 0.000000 0.000000 0.000000
0.000000 0.000000 0.000000 0.000000 0.000000 0.000000 0.000000 0.000000 0.000000 123.413845 123.405213 123.394423 123.385790 123.377158 123.367862 123.354914 123.346282 123.337649 123.328354 123.321880 123.311089 123.302457 123.293825 123.284529 123.275897 123.269423 123.258632 123.252158 123.245021 123.236388 123.236388 123.238546 123.240704 123.242862 123.245021 123.249337 123.252158 123.254316 123.258632 123.258632 123.262948 123.265107 123.269423 123.273739 123.278055 123.284529 123.286687 123.293825 123.295983 123.300299 123.306773 123.317564 123.344124 123.370021 123.390107 123.416003 0.000000 0.000000 0.000000
0.000000 0.000000 0.000000 0.000000 0.000000 0.000000 0.000000 0.000000 0.000000 123.416667 123.407371 123.396581 123.387948 123.379316 123.372179 123.361388 123.352756 123.341966 123.332670 123.321880 123.315405 123.304615 123.295983 123.288845 123.278055 123.271581 123.262948 123.254316 123.247179 123.236388 123.229914 123.229914 123.232072 123.236388 123.236388 123.240704 123.242862 123.245021 123.247179 123.252158 123.254316 123.258632 123.260790 123.262948 123.267265 123.271581 123.278055 123.282371 123.286687 123.291667 123.298141 123.300299 123.324038 123.348440 123.372179 123.398739 0.000000 0.000000 0.000000
0.000000 0.000000 0.000000 0.000000 0.000000 0.000000 0.000000 0.000000 0.000000 0.000000 123.411687 123.400897 123.392265 123.381474 123.374337 123.363546 123.354914 123.346282 123.335491 123.326196 123.317564 123.308931 123.298141 123.288845 123.280213 123.271581 123.262948 123.254316 123.247179 123.240704 123.229914 123.223440 123.223440 123.225598 123.227756 123.229914 123.234230 123.236388 123.238546 123.242862 123.245021 123.249337 123.252158 123.254316 123.256474 123.260790 123.269423 123.271581 123.278055 123.280213 123.284529 123.291667 123.304615 123.328354 123.352756 123.377158 123.403055 0.000000 0.000000
0.000000 0.000000 0.000000 0.000000 0.000000 0.000000 0.000000 0.000000 0.000000 0.000000 123.416003 123.403055 123.396581 123.385790 123.377158 123.367862 123.359230 123.350598 123.339808 123.330512 123.319722 123.311089 123.302457 123.293825 123.284529 123.275897 123.267265 123.258632 123.249337 123.240704 123.234230 123.225598 123.219124 123.216966 123.221282 123.223440 123.223440 123.227756 123.229914 123.234230 123.238546 123.240704 123.240704 123.247179 123.249337 123.250000 123.256474 123.265107 123.267265 123.271581 123.278055 123.282371 123.286687 123.311089 123.335491 123.359230 123.381474 123.407371 0.000000
0.000000 0.000000 0.000000 0.000000 0.000000 0.000000 0.000000 0.000000 0.000000 0.000000 0.000000 123.409529 123.400897 123.390107 123.379316 123.372179 123.363546 123.352756 123.344124 123.332670 123.324038 123.313247 123.306773 123.295983 123.288845 123.278055 123.267265 123.260790 123.252158 123.242862 123.234230 123.227756 123.219124 123.212649 123.210491 123.214808 123.216966 123.216966 123.221282 123.225598 123.227756 123.232072 123.234230 123.236388 123.238546 123.242862 123.245021 123.254316 123.256474 123.260790 123.265107 123.269423 123.275897 123.291003 123.315405 123.339808 123.363546 123.387948 123.413845
0.000000 0.000000 0.000000 0.000000 0.000000 0.000000 0.000000 0.000000 0.000000 0.000000 0.000000 123.416003 123.405213 123.394423 123.385790 123.374337 123.365704 123.354914 123.346282 123.337649 123.328354 123.317564 123.308931 123.300299 123.288845 123.282371 123.273739 123.262948 123.254316 123.247179 123.238546 123.227756 123.221282 123.212649 123.205512 123.205512 123.207670 123.210491 123.212649 123.216966 123.219124 123.221282 123.225598 123.227756 123.229914 123.234230 123.236388 123.240704 123.247179 123.252158 123.256474 123.258632 123.267265 123.271581 123.295983 123.319722 123.344124 123.370021 123.394423
0.000000 0.000000 0.000000 0.000000 0.000000 0.000000 0.000000 0.000000 0.000000 0.000000 0.000000 0.000000 123.409529 123.400897 123.390107 123.379316 123.367862 123.359230 123.352756 123.341966 123.332670 123.321880 123.311089 123.302457 123.293825 123.284529 123.275897 123.267265 123.256474 123.247179 123.240704 123.232072 123.223440 123.214808 123.205512 123.199038 123.199038 123.201196 123.205512 123.207670 123.210491 123.212649 123.216966 123.219124 123.221282 123.225598 123.225598 123.229914 123.238546 123.242862 123.245021 123.249337 123.254316 123.260790 123.275897 123.300299 123.324038 123.348440 123.374337
0.000000 0.000000 0.000000 0.000000 0.000000 0.000000 0.000000 0.000000 0.000000 0.000000 0.000000 0.000000 123.413845 123.403055 123.394423 123.383632 123.375000 123.365704 123.352756 123.344124 123.333333 123.326196 123.315405 123.306773 123.298141 123.288845 123.280213 123.269423 123.260790 123.252158 123.240704 123.234230 123.225598 123.216966 123.208333 123.201196 123.194722 123.192564 123.194722 123.199038 123.201196 123.203354 123.205512 123.208333 123.212649 123.214808 123.219124 123.221282 123.227756 123.229914 123.234230 123.240704 123.245021 123.252158 123.256474 123.280213 123.304615 123.330512 123.354914
0.000000 0.000000 0.000000 0.000000 0.000000 0.000000 0.000000 0.000000 0.000000 0.000000 0.000000 0.000000 0.000000 123.407371 123.398739 123.390107 123.379316 123.367862 123.357072 123.346282 123.339808 123.328354 123.319722 123.311089 123.302457 123.293825 123.282371 123.273739 123.262948 123.254316 123.245021 123.236388 123.227756 123.219124 123.212649 123.203354 123.194722 123.188247 123.186089 123.188247 123.192564 123.194722 123.199038 123.199038 123.205512 123.205512 123.207670 123.212649 123.214808 123.219124 123.225598 123.229914 123.232072 123.238546 123.245021 123.260790 123.286687 123.311089 123.335491
0.000000 0.000000 0.000000 0.000000 0.000000 0.000000 0.000000 0.000000 0.000000 0.000000 0.000000 0.000000 0.000000 123.413845 123.403055 123.394423 123.383632 123.374337 123.363546 123.354914 123.344124 123.330512 123.321880 123.313247 123.304615 123.295983 123.286687 123.275897 123.265107 123.256474 123.249337 123.238546 123.232072 123.221282 123.212649 123.205512 123.196880 123.188247 123.181773 123.181773 123.183931 123.186089 123.190405 123.192564 123.192564 123.196880 123.201196 123.203354 123.207670 123.207670 123.216966 123.221282 123.223440 123.229914 123.236388 123.240704 123.265107 123.291003 123.315405
0.000000 0.000000 0.000000 0.000000 0.000000 0.000000 0.000000 0.000000 0.000000 0.000000 0.000000 0.000000 0.000000 123.416667 123.409529 123.396581 123.390107 123.377158 123.367862 123.359230 123.346282 123.335491 123.326196 123.317564 123.306773 123.298141 123.291003 123.278055 123.269423 123.258632 123.250000 123.242862 123.234230 123.223440 123.214808 123.207670 123.199038 123.190405 123.183931 123.175299 123.175299 123.179615 123.179615 123.181773 123.186089 123.188247 123.192564 123.194722 123.196880 123.201196 123.205512 123.210491 123.214808 123.216966 123.223440 123.227756 123.247179 123.271581 123.295983
0.000000 0.000000 0.000000 0.000000 0.000000 0.000000 0.000000 0.000000 0.000000 0.000000 0.000000 0.000000 0.000000 0.000000 123.413845 123.400897 123.392265 123.381474 123.372179 123.363546 123.354914 123.341966 123.332670 123.319722 123.308931 123.300299 123.291667 123.282371 123.275897 123.262948 123.254316 123.245021 123.236388 123.227756 123.219124 123.208333 123.201196 123.192564 123.183931 123.175299 123.168825 123.168825 123.170983 123.175299 123.177457 123.179615 123.183931 123.186089 123.188247 123.192564 123.192564 123.199038 123.205512 123.208333 123.214808 123.221282 123.227756 123.252158 123.275897
0.000000 0.000000 0.000000 0.000000 0.000000 0.000000 0.000000 0.000000 0.000000 0.000000 0.000000 0.000000 0.000000 0.000000 0.000000 123.409529 123.398739 123.385790 123.377158 123.365704 123.357072 123.346282 123.337649 123.324038 123.315405 123.304615 123.295983 123.286687 123.278055 123.267265 123.258632 123.249337 123.240704 123.229914 123.221282 123.210491 123.201196 123.194722 123.188247 123.179615 123.168825 123.163845 123.161687 123.166003 123.168825 123.170983 123.173141 123.175299 123.181773 123.181773 123.186089 123.190405 123.194722 123.199038 123.203354 123.207670 123.212649 123.232072 123.256474
0.000000 0.000000 0.000000 0.000000 0.000000 0.000000 0.000000 0.000000 0.000000 0.000000 0.000000 0.000000 0.000000 0.000000 0.000000 123.413845 123.403055 123.394423 123.383632 123.370021 123.361388 123.352756 123.339808 123.332670 123.321880 123.308931 123.300299 123.291003 123.280213 123.271581 123.262948 123.254316 123.242862 123.234230 123.225598 123.214808 123.207670 123.196880 123.188247 123.181773 123.173141 123.163845 123.157371 123.157371 123.159529 123.161687 123.166003 123.166667 123.170983 123.173141 123.177457 123.179615 123.183931 123.188247 123.194722 123.196880 123.203354 123.212649 123.236388
0.000000 0.000000 0.000000 0.000000 0.000000 0.000000 0.000000 0.000000 0.000000 0.000000 0.000000 0.000000 0.000000 0.000000 0.000000 0.000000 123.407371 123.398739 123.387948 123.377158 123.367862 123.354914 123.346282 123.337649 123.326196 123.317564 123.306773 123.293825 123.284529 123.273739 123.267265 123.256474 123.247179 123.238546 123.229914 123.216966 123.207670 123.199038 123.190405 123.181773 123.175299 123.166003 123.159529 123.150897 123.150897 123.155213 123.155213 123.157371 123.161687 123.163845 123.166667 123.168825 123.173141 123.177457 123.183931 123.186089 123.192564 123.196880 123.216966
0.000000 0.000000 0.000000 0.000000 0.000000 0.000000 0.000000 0.000000 0.000000 0.000000 0.000000 0.000000 0.000000 0.000000 0.000000 0.000000 123.413845 123.403055 123.394423 123.381474 123.372179 123.361388 123.352756 123.339808 123.330512 123.319722 123.308931 123.300299 123.291003 123.278055 123.267265 123.258632 123.252158 123.242862 123.232072 123.221282 123.212649 123.203354 123.194722 123.186089 123.175299 123.168825 123.159529 123.150897 123.144423 123.144423 123.148739 123.148739 123.153055 123.155213 123.159529 123.161687 123.163845 123.168825 123.173141 123.177457 123.181773 123.188247 123.199038
0.000000 0.000000 0.000000 0.000000 0.000000 0.000000 0.000000 0.000000 0.000000 0.000000 0.000000 0.000000 0.000000 0.000000 0.000000 0.000000 0.000000 123.413845 123.396581 123.387948 123.377158 123.365704 123.354914 123.344124 123.333333 123.326196 123.315405 123.304615 123.295983 123.286687 123.275897 123.262948 123.254316 123.245021 123.236388 123.227756 123.216966 123.207670 123.196880 123.188247 123.177457 123.170983 123.163845 123.155213 123.144423 123.137948 123.137948 123.142265 123.144423 123.146581 123.148739 123.153055 123.153055 123.157371 123.161687 123.166003 123.173141 123.177457 123.181773
0.000000 0.000000 0.000000 0.000000 0.000000 0.000000 0.000000 0.000000 0.000000 0.000000 0.000000 0.000000 0.000000 0.000000 0.000000 0.000000 0.000000 0.000000 123.416667 123.396581 123.381474 123.372179 123.361388 123.350598 123.341966 123.328354 123.319722 123.308931 123.298141 123.288845 123.280213 123.269423 123.260790 123.247179 123.238546 123.227756 123.221282 123.210491 123.201196 123.190405 123.181773 123.173141 123.163845 123.157371 123.148739 123.140107 123.133632 123.131474 123.133632 123.137948 123.142265 123.142265 123.144423 123.148739 123.153055 123.157371 123.161687 123.166003 123.173141
0.000000 0.000000 0.000000 0.000000 0.000000 0.000000 0.000000 0.000000 0.000000 0.000000 0.000000 0.000000 0.000000 0.000000 0.000000 0.000000 0.000000 0.000000 0.000000 0.000000 123.403055 123.381474 123.365704 123.357072 123.346282 123.332670 123.326196 123.313247 123.304615 123.293825 123.284529 123.273739 123.265107 123.254316 123.245021 123.232072 123.223440 123.212649 123.205512 123.194722 123.183931 123.175299 123.166003 123.157371 123.150897 123.142265 123.133632 123.127158 123.125000 123.129316 123.131474 123.135790 123.137948 123.140107 123.144423 123.146581 123.150897 123.157371 123.163845
0.000000 0.000000 0.000000 0.000000 0.000000 0.000000 0.000000 0.000000 0.000000 0.000000 0.000000 0.000000 0.000000 0.000000 0.000000 0.000000 0.000000 0.000000 0.000000 0.000000 0.000000 123.407371 123.387948 123.370021 123.348440 123.339808 123.330512 123.319722 123.306773 123.295983 123.286687 123.278055 123.267265 123.256474 123.249337 123.238546 123.229914 123.216966 123.207670 123.199038 123.188247 123.179615 123.168825 123.161687 123.150897 123.144423 123.135790 123.129316 123.120021 123.120021 123.124337 123.125000 123.129316 123.131474 123.133632 123.135790 123.140107 123.148739 123.150897
0.000000 0.000000 0.000000 0.000000 0.000000 0.000000 0.000000 0.000000 0.000000 0.000000 0.000000 0.000000 0.000000 0.000000 0.000000 0.000000 0.000000 0.000000 0.000000 0.000000 0.000000 0.000000 123.411687 123.392265 123.374337 123.354914 123.335491 123.324038 123.315405 123.302457 123.291667 123.282371 123.271581 123.262948 123.252158 123.242862 123.234230 123.223440 123.212649 123.203354 123.192564 123.183931 123.173141 123.166003 123.155213 123.146581 123.137948 123.129316 123.120021 123.113546 123.113546 123.117862 123.120021 123.122179 123.124337 123.129316 123.131474 123.137948 123.140107
0.000000 0.000000 0.000000 0.000000 0.000000 0.000000 0.000000 0.000000 0.000000 0.000000 0.000000 0.000000 0.000000 0.000000 0.000000 0.000000 0.000000 0.000000 0.000000 0.000000 0.000000 0.000000 0.000000 123.413845 123.398739 123.379316 123.359230 123.339808 123.321880 123.308931 123.300299 123.286687 123.275897 123.267265 123.256474 123.249337 123.236388 123.227756 123.216966 123.207670 123.196880 123.186089 123.177457 123.166003 123.159529 123.148739 123.140107 123.131474 123.124337 123.115704 123.109230 123.107072 123.111388 123.113546 123.115704 123.120021 123.120021 123.124337 123.129316
0.000000 0.000000 0.000000 0.000000 0.000000 0.000000 0.000000 0.000000 0.000000 0.000000 0.000000 0.000000 0.000000 0.000000 0.000000 0.000000 0.000000 0.000000 0.000000 0.000000 0.000000 0.000000 0.000000 0.000000 0.000000 123.400897 123.383632 123.363546 123.346282 123.326196 123.306773 123.291667 123.284529 123.273739 123.260790 123.249337 123.242862 123.232072 123.223440 123.212649 123.203354 123.192564 123.179615 123.173141 123.163845 123.153055 123.142265 123.133632 123.125000 123.117862 123.109230 123.102756 123.100598 123.104914 123.107072 123.111388 123.113546 123.117862 123.122179
