FireSTARR/test/constant/C2_S000_A180_WD045_WS020/arrival.asc
ncols         76
nrows         76
xllcorner     419803.990666
yllcorner     12741955.311160
cellsize      100.000000
NODATA_value  0.000000
[rows 26 to 51 of 76, columns 0 to 58 of 76]
0.000000 0.000000 0.000000 0.000000 0.000000 0.000000 0.000000 0.000000 0.000000 0.000000 0.000000 0.000000 0.000000 0.000000 0.000000 0.000000 0.000000 0.000000 0.000000 0.000000 0.000000 0.000000 123.405213 123.387948 123.367862 123.348440 123.333333 123.324038 123.315405 123.300299 123.291003 123.280213 123.271581 123.262948 123.250000 123.242862 123.234230 123.223440 123.212649 123.203354 123.194722 123.183931 123.175299 123.166003 123.157371 123.146581 123.137948 123.129316 123.120021 123.115704 123.113546 123.117862 123.117862 123.122179 123.127158 123.129316 123.131474 123.137948 123.142265
0.000000 0.000000 0.000000 0.000000 0.000000 0.000000 0.000000 0.000000 0.000000 0.000000 0.000000 0.000000 0.000000 0.000000 0.000000 0.000000 0.000000 0.000000 0.000000 0.000000 0.000000 123.403055 123.383632 123.363546 123.350598 123.339808 123.328354 123.315405 123.306773 123.295983 123.286687 123.275897 123.265107 123.258632 123.249337 123.238546 123.227756 123.216966 123.207670 123.199038 123.190405 123.179615 123.170983 123.161687 123.153055 123.144423 123.135790 123.127158 123.122179 123.120021 123.124337 123.124337 123.129316 123.131474 123.135790 123.137948 123.142265 123.146581 123.153055
0.000000 0.000000 0.000000 0.000000 0.000000 0.000000 0.000000 0.000000 0.000000 0.000000 0.000000 0.000000 0.000000 0.000000 0.000000 0.000000 0.000000 0.000000 0.000000 123.416003 123.396581 123.377158 123.365704 123.357072 123.346282 123.332670 123.321880 123.311089 123.304615 123.291667 123.282371 123.273739 123.265107 123.254316 123.242862 123.234230 123.225598 123.216966 123.205512 123.194722 123.186089 123.177457 123.168825 123.159529 123.150897 123.142265 123.133632 123.127158 123.127158 123.129316 123.131474 123.133632 123.137948 123.142265 123.144423 123.148739 123.153055 123.157371 123.163845
0.000000 0.000000 0.000000 0.000000 0.000000 0.000000 0.000000 0.000000 0.000000 0.000000 0.000000 0.000000 0.000000 0.000000 0.000000 0.000000 0.000000 0.000000 123.411687 123.392265 123.381474 123.372179 123.361388 123.346282 123.337649 123.328354 123.317564 123.308931 123.298141 123.288845 123.278055 123.269423 123.260790 123.249337 123.238546 123.229914 123.221282 123.210491 123.201196 123.190405 123.181773 123.173141 123.163845 123.157371 123.148739 123.140107 123.133632 123.133632 123.137948 123.137948 123.140107 123.144423 123.146581 123.150897 123.153055 123.157371 123.161687 123.166667 123.170983
0.000000 0.000000 0.000000 0.000000 0.000000 0.000000 0.000000 0.000000 0.000000 0.000000 0.000000 0.000000 0.000000 0.000000 0.000000 0.000000 0.000000 123.407371 123.396581 123.387948 123.374337 123.363546 123.354914 123.344124 123.332670 123.326196 123.315405 123.304615 123.291667 123.284529 123.275897 123.265107 123.256474 123.245021 123.236388 123.227756 123.216966 123.207670 123.196880 123.188247 123.179615 123.170983 123.163845 123.155213 123.144423 123.140107 123.137948 123.140107 123.142265 123.144423 123.148739 123.153055 123.157371 123.159529 123.163845 123.168825 123.173141 123.179615 123.181773
0.000000 0.000000 0.000000 0.000000 0.000000 0.000000 0.000000 0.000000 0.000000 0.000000 0.000000 0.000000 0.000000 0.000000 0.000000 0.000000 123.413845 123.405213 123.392265 123.381474 123.370021 123.359230 123.348440 123.337649 123.330512 123.319722 123.311089 123.298141 123.291003 123.282371 123.271581 123.258632 123.249337 123.242862 123.232072 123.223440 123.212649 123.203354 123.194722 123.186089 123.177457 123.170983 123.161687 123.150897 123.146581 123.144423 123.146581 123.148739 123.153055 123.155213 123.159529 123.163845 123.163845 123.170983 123.173141 123.177457 123.181773 123.188247 123.199038
0.000000 0.000000 0.000000 0.000000 0.000000 0.000000 0.000000 0.000000 0.000000 0.000000 0.000000 0.000000 0.000000 0.000000 0.000000 0.000000 123.409529 123.396581 123.383632 123.375000 123.363546 123.354914 123.344124 123.335491 123.324038 123.315405 123.304615 123.295983 123.286687 123.273739 123.265107 123.256474 123.247179 123.238546 123.229914 123.219124 123.210491 123.201196 123.192564 123.183931 123.175299 123.166003 123.157371 123.150897 123.150897 123.153055 123.155213 123.159529 123.161687 123.163845 123.168825 123.170983 123.175299 123.179615 123.181773 123.188247 123.194722 123.196880 123.221282
0.000000 0.000000 0.000000 0.000000 0.000000 0.000000 0.000000 0.000000 0.000000 0.000000 0.000000 0.000000 0.000000 0.000000 0.000000 123.411687 123.398739 123.392265 123.379316 123.370021 123.359230 123.350598 123.339808 123.332670 123.319722 123.311089 123.302457 123.291667 123.282371 123.273739 123.262948 123.252158 123.242862 123.234230 123.225598 123.214808 123.207670 123.196880 123.190405 123.181773 123.173141 123.163845 123.157371 123.157371 123.159529 123.161687 123.163845 123.166667 123.170983 123.173141 123.177457 123.179615 123.186089 123.188247 123.192564 123.199038 123.205512 123.214808 123.238546
0.000000 0.000000 0.000000 0.000000 0.000000 0.000000 0.000000 0.000000 0.000000 0.000000 0.000000 0.000000 0.000000 0.000000 123.416003 123.405213 123.396581 123.387948 123.375000 123.365704 123.354914 123.346282 123.335491 123.326196 123.317564 123.306773 123.298141 123.286687 123.278055 123.267265 123.260790 123.249337 123.238546 123.232072 123.221282 123.212649 123.203354 123.196880 123.188247 123.179615 123.168825 123.163845 123.163845 123.166003 123.166667 123.168825 123.173141 123.177457 123.179615 123.183931 123.186089 123.192564 123.194722 123.199038 123.203354 123.210491 123.212649 123.234230 123.258632
0.000000 0.000000 0.000000 0.000000 0.000000 0.000000 0.000000 0.000000 0.000000 0.000000 0.000000 0.000000 0.000000 0.000000 123.411687 123.403055 123.392265 123.381474 123.372179 123.363546 123.352756 123.339808 123.332670 123.324038 123.311089 123.304615 123.293825 123.284529 123.275897 123.265107 123.254316 123.245021 123.236388 123.227756 123.221282 123.210491 123.203354 123.194722 123.186089 123.175299 123.170983 123.168825 123.170983 123.173141 123.177457 123.179615 123.183931 123.186089 123.188247 123.192564 123.194722 123.199038 123.205512 123.207670 123.214808 123.221282 123.229914 123.254316 123.278055
0.000000 0.000000 0.000000 0.000000 0.000000 0.000000 0.000000 0.000000 0.000000 0.000000 0.000000 0.000000 0.000000 123.416667 123.409529 123.398739 123.387948 123.377158 123.367862 123.359230 123.346282 123.339808 123.330512 123.319722 123.308931 123.298141 123.291003 123.282371 123.271581 123.260790 123.252158 123.242862 123.234230 123.225598 123.216966 123.210491 123.199038 123.190405 123.181773 123.175299 123.175299 123.177457 123.179615 123.183931 123.186089 123.188247 123.192564 123.194722 123.196880 123.201196 123.205512 123.212649 123.214808 123.216966 123.223440 123.229914 123.249337 123.273739 123.298141
0.000000 0.000000 0.000000 0.000000 0.000000 0.000000 0.000000 0.000000 0.000000 0.000000 0.000000 0.000000 0.000000 123.413845 123.403055 123.392265 123.383632 123.374337 123.361388 123.354914 123.341966 123.332670 123.324038 123.315405 123.304615 123.295983 123.286687 123.275897 123.267265 123.258632 123.247179 123.238546 123.229914 123.221282 123.214808 123.207670 123.199038 123.188247 123.181773 123.181773 123.183931 123.186089 123.188247 123.192564 123.194722 123.199038 123.201196 123.205512 123.207670 123.212649 123.214808 123.219124 123.223440 123.232072 123.236388 123.242862 123.269423 123.291667 123.317564
0.000000 0.000000 0.000000 0.000000 0.000000 0.000000 0.000000 0.000000 0.000000 0.000000 0.000000 0.000000 0.000000 123.409529 123.398739 123.387948 123.377158 123.367862 123.359230 123.348440 123.339808 123.328354 123.319722 123.311089 123.302457 123.291003 123.282371 123.271581 123.265107 123.254316 123.247179 123.236388 123.227756 123.223440 123.212649 123.203354 123.194722 123.188247 123.188247 123.190405 123.192564 123.194722 123.199038 123.201196 123.203354 123.207670 123.210491 123.214808 123.219124 123.221282 123.227756 123.229914 123.236388 123.238546 123.245021 123.265107 123.286687 123.311089 123.337649
0.000000 0.000000 0.000000 0.000000 0.000000 0.000000 0.000000 0.000000 0.000000 0.000000 0.000000 0.000000 123.416003 123.403055 123.394423 123.383632 123.374337 123.363546 123.354914 123.344124 123.335491 123.324038 123.317564 123.308931 123.298141 123.288845 123.278055 123.269423 123.260790 123.252158 123.242862 123.234230 123.227756 123.219124 123.210491 123.201196 123.194722 123.194722 123.196880 123.199038 123.199038 123.203354 123.207670 123.210491 123.214808 123.214808 123.219124 123.221282 123.227756 123.229914 123.234230 123.238546 123.245021 123.252158 123.258632 123.282371 123.306773 123.332670 123.357072
0.000000 0.000000 0.000000 0.000000 0.000000 0.000000 0.000000 0.000000 0.000000 0.000000 0.000000 0.000000 123.409529 123.398739 123.390107 123.379316 123.370021 123.361388 123.350598 123.341966 123.330512 123.321880 123.313247 123.304615 123.295983 123.284529 123.275897 123.267265 123.258632 123.249337 123.240704 123.234230 123.223440 123.214808 123.205512 123.201196 123.199038 123.201196 123.203354 123.205512 123.208333 123.212649 123.214808 123.221282 123.221282 123.223440 123.229914 123.232072 123.236388 123.240704 123.247179 123.252158 123.254316 123.260790 123.278055 123.302457 123.328354 123.350598 123.375000
0.000000 0.000000 0.000000 0.000000 0.000000 0.000000 0.000000 0.000000 0.000000 0.000000 0.000000 123.413845 123.403055 123.394423 123.387948 123.375000 123.365704 123.357072 123.346282 123.337649 123.328354 123.319722 123.308931 123.298141 123.291003 123.282371 123.273739 123.265107 123.254316 123.247179 123.240704 123.229914 123.223440 123.212649 123.205512 123.205512 123.207670 123.210491 123.212649 123.214808 123.216966 123.221282 123.225598 123.229914 123.229914 123.234230 123.238546 123.240704 123.247179 123.250000 123.254316 123.262948 123.269423 123.273739 123.298141 123.321880 123.346282 123.370021 123.394423
0.000000 0.000000 0.000000 0.000000 0.000000 0.000000 0.000000 0.000000 0.000000 0.000000 0.000000 123.411687 123.403055 123.390107 123.381474 123.372179 123.363546 123.354914 123.344124 123.333333 123.324038 123.315405 123.306773 123.295983 123.288845 123.278055 123.269423 123.260790 123.252158 123.245021 123.236388 123.227756 123.219124 123.212649 123.212649 123.214808 123.216966 123.216966 123.221282 123.225598 123.227756 123.232072 123.236388 123.238546 123.238546 123.245021 123.249337 123.252158 123.258632 123.262948 123.267265 123.271581 123.278055 123.291003 123.317564 123.339808 123.365704 123.390107 123.411687
0.000000 0.000000 0.000000 0.000000 0.000000 0.000000 0.000000 0.000000 0.000000 0.000000 123.416003 123.407371 123.398739 123.387948 123.377158 123.367862 123.357072 123.350598 123.339808 123.330512 123.321880 123.311089 123.302457 123.293825 123.284529 123.275897 123.267265 123.258632 123.252158 123.242862 123.234230 123.225598 123.219124 123.219124 123.221282 123.221282 123.225598 123.227756 123.229914 123.234230 123.236388 123.242862 123.242862 123.247179 123.252158 123.256474 123.256474 123.262948 123.267265 123.269423 123.278055 123.284529 123.286687 123.313247 123.335491 123.361388 123.385790 123.409529 0.000000
0.000000 0.000000 0.000000 0.000000 0.000000 0.000000 0.000000 0.000000 0.000000 0.000000 123.413845 123.403055 123.394423 123.383632 123.374337 123.363546 123.354914 123.344124 123.335491 123.328354 123.317564 123.308931 123.300299 123.291003 123.282371 123.273739 123.265107 123.256474 123.249337 123.240704 123.229914 123.225598 123.223440 123.225598 123.229914 123.232072 123.234230 123.238546 123.238546 123.242862 123.247179 123.249337 123.252158 123.256474 123.258632 123.265107 123.265107 123.273739 123.278055 123.282371 123.286687 123.293825 123.306773 123.330512 123.357072 123.381474 123.405213 0.000000 0.000000
0.000000 0.000000 0.000000 0.000000 0.000000 0.000000 0.000000 0.000000 0.000000 0.000000 123.409529 123.400897 123.390107 123.379316 123.370021 123.361388 123.350598 123.341966 123.332670 123.324038 123.315405 123.304615 123.295983 123.286687 123.278055 123.271581 123.262948 123.256474 123.247179 123.236388 123.229914 123.229914 123.232072 123.234230 123.238546 123.240704 123.242862 123.247179 123.249337 123.254316 123.256474 123.256474 123.262948 123.265107 123.271581 123.273739 123.278055 123.282371 123.284529 123.293825 123.298141 123.302457 123.326196 123.350598 123.374337 123.398739 0.000000 0.000000 0.000000
0.000000 0.000000 0.000000 0.000000 0.000000 0.000000 0.000000 0.000000 0.000000 123.416003 123.405213 123.394423 123.385790 123.375000 123.365704 123.354914 123.348440 123.337649 123.330512 123.321880 123.313247 123.304615 123.293825 123.284529 123.278055 123.269423 123.262948 123.252158 123.242862 123.236388 123.236388 123.238546 123.240704 123.242862 123.247179 123.249337 123.252158 123.256474 123.258632 123.262948 123.262948 123.267265 123.271581 123.273739 123.278055 123.282371 123.288845 123.291667 123.298141 123.302457 123.306773 123.321880 123.346282 123.370021 123.394423 0.000000 0.000000 0.000000 0.000000
0.000000 0.000000 0.000000 0.000000 0.000000 0.000000 0.000000 0.000000 0.000000 123.409529 123.403055 123.392265 123.381474 123.372179 123.363546 123.352756 123.344124 123.335491 123.326196 123.317564 123.308931 123.300299 123.291003 123.284529 123.273739 123.269423 123.258632 123.249337 123.242862 123.242862 123.245021 123.247179 123.249337 123.252158 123.256474 123.258632 123.262948 123.265107 123.269423 123.269423 123.271581 123.278055 123.280213 123.284529 123.288845 123.293825 123.300299 123.304615 123.308931 123.315405 123.317564 123.339808 123.363546 123.390107 123.413845 0.000000 0.000000 0.000000 0.000000
0.000000 0.000000 0.000000 0.000000 0.000000 0.000000 0.000000 0.000000 123.416003 123.407371 123.396581 123.387948 123.377158 123.367862 123.359230 123.350598 123.341966 123.332670 123.324038 123.315405 123.306773 123.298141 123.288845 123.280213 123.275897 123.265107 123.254316 123.249337 123.249337 123.250000 123.254316 123.254316 123.258632 123.262948 123.262948 123.267265 123.271581 123.275897 123.275897 123.280213 123.282371 123.286687 123.291667 123.295983 123.300299 123.302457 123.306773 123.313247 123.317564 123.326196 123.335491 123.359230 123.383632 123.409529 0.000000 0.000000 0.000000 0.000000 0.000000
0.000000 0.000000 0.000000 0.000000 0.000000 0.000000 0.000000 0.000000 123.413845 123.405213 123.392265 123.385790 123.375000 123.365704 123.357072 123.348440 123.339808 123.330512 123.319722 123.313247 123.304615 123.295983 123.286687 123.280213 123.271581 123.260790 123.256474 123.254316 123.256474 123.258632 123.260790 123.262948 123.267265 123.269423 123.271581 123.278055 123.280213 123.282371 123.284529 123.288845 123.291003 123.295983 123.302457 123.302457 123.311089 123.313247 123.317564 123.324038 123.330512 123.332670 123.354914 123.379316 123.403055 0.000000 0.000000 0.000000 0.000000 0.000000 0.000000
0.000000 0.000000 0.000000 0.000000 0.000000 0.000000 0.000000 0.000000 123.409529 123.398739 123.390107 123.379316 123.372179 123.361388 123.354914 123.344124 123.335491 123.326196 123.317564 123.311089 123.302457 123.293825 123.286687 123.275897 123.267265 123.260790 123.260790 123.262948 123.265107 123.267265 123.271581 123.271581 123.278055 123.278055 123.282371 123.286687 123.288845 123.291003 123.295983 123.298141 123.302457 123.306773 123.311089 123.315405 123.319722 123.326196 123.330512 123.332670 123.341966 123.348440 123.372179 123.398739 0.000000 0.000000 0.000000 0.000000 0.000000 0.000000 0.000000
0.000000 0.000000 0.000000 0.000000 0.000000 0.000000 0.000000 123.416003 123.405213 123.396581 123.385790 123.377158 123.367862 123.361388 123.350598 123.341966 123.332670 123.324038 123.315405 123.308931 123.298141 123.291003 123.284529 123.273739 123.267265 123.267265 123.269423 123.271581 123.273739 123.278055 123.278055 123.282371 123.284529 123.288845 123.291667 123.295983 123.298141 123.300299 123.302457 123.306773 123.311089 123.317564 123.321880 123.326196 123.328354 123.333333 123.339808 123.344124 123.348440 123.370021 123.392265 0.000000 0.000000 0.000000 0.000000 0.000000 0.000000 0.000000 0.000000
