FireSTARR/test/constant/M1M225PC_S000_A000_WD090_WS020/arrival.asc
ncols         30
nrows         13
xllcorner     423903.990666
yllcorner     12748155.311160
cellsize      100.000000
NODATA_value  0.000000
0.000000 0.000000 0.000000 0.000000 0.000000 0.000000 0.000000 0.000000 0.000000 0.000000 0.000000 123.416667 123.405182 123.412727 0.000000 0.000000 0.000000 0.000000 0.000000 0.000000 0.000000 0.000000 0.000000 0.000000 0.000000 0.000000 0.000000 0.000000 0.000000 0.000000 
0.000000 0.000000 0.000000 0.000000 0.000000 0.000000 0.000000 0.000000 0.000000 123.405182 123.397636 123.382545 123.371061 123.355970 123.340879 123.333333 123.348424 123.382545 123.405182 0.000000 0.000000 0.000000 0.000000 0.000000 0.000000 0.000000 0.000000 0.000000 0.000000 0.000000 
0.000000 0.000000 0.000000 0.000000 0.000000 0.000000 123.416667 123.405182 123.390091 123.371061 123.363515 123.348424 123.329394 123.321849 123.306758 123.287727 123.272636 123.265091 123.257545 123.287727 123.314303 123.348424 123.375000 123.412727 0.000000 0.000000 0.000000 0.000000 0.000000 0.000000 
0.000000 0.000000 0.000000 0.000000 123.412727 123.397636 123.382545 123.371061 123.355970 123.340879 123.329394 123.314303 123.299212 123.287727 123.272636 123.257545 123.238515 123.223424 123.215879 123.196849 123.181758 123.189303 123.215879 123.246061 123.280182 123.314303 123.348424 123.371061 0.000000 0.000000 
0.000000 0.000000 123.412727 123.397636 123.382545 123.371061 123.355970 123.340879 123.321849 123.306758 123.291667 123.280182 123.265091 123.250000 123.238515 123.223424 123.204394 123.189303 123.181758 123.162727 123.147636 123.132545 123.121061 123.113515 123.121061 123.155182 123.189303 123.208333 123.306758 0.000000 
123.416667 123.405182 123.390091 123.371061 123.355970 123.340879 123.329394 123.314303 123.299212 123.280182 123.265091 123.250000 123.238515 123.223424 123.204394 123.189303 123.174212 123.162727 123.147636 123.132545 123.113515 123.098424 123.083333 123.071849 123.056758 123.041667 123.037727 123.049212 123.162727 123.416667 
123.405182 123.390091 123.375000 123.363515 123.348424 123.329394 123.314303 123.299212 123.287727 123.272636 123.257545 123.238515 123.223424 123.208333 123.196849 123.181758 123.162727 123.147636 123.132545 123.121061 123.105970 123.090879 123.071849 123.056758 123.041667 123.030182 123.015091 123.000000 123.121061 123.375000 
0.000000 123.405182 123.390091 123.375000 123.363515 123.348424 123.329394 123.314303 123.299212 123.287727 123.272636 123.257545 123.238515 123.223424 123.208333 123.196849 123.181758 123.162727 123.147636 123.140091 123.121061 123.105970 123.090879 123.079394 123.064303 123.049212 123.041667 123.064303 123.174212 0.000000 
0.000000 0.000000 123.416667 123.405182 123.390091 123.371061 123.355970 123.340879 123.329394 123.314303 123.299212 123.280182 123.265091 123.257545 123.238515 123.223424 123.215879 123.196849 123.181758 123.166667 123.155182 123.140091 123.121061 123.121061 123.140091 123.166667 123.196849 123.223424 123.321849 0.000000 
0.000000 0.000000 0.000000 0.000000 123.416667 123.405182 123.390091 123.371061 123.355970 123.340879 123.329394 123.314303 123.299212 123.287727 123.272636 123.257545 123.246061 123.230970 123.215879 123.204394 123.196849 123.204394 123.238515 123.265091 123.299212 123.329394 123.355970 123.390091 0.000000 0.000000 
0.000000 0.000000 0.000000 0.000000 0.000000 0.000000 123.416667 123.405182 123.390091 123.375000 123.363515 123.348424 123.329394 123.321849 123.306758 123.291667 123.280182 123.265091 123.272636 123.306758 123.329394 123.363515 123.397636 0.000000 0.000000 0.000000 0.000000 0.000000 0.000000 0.000000 
0.000000 0.000000 0.000000 0.000000 0.000000 0.000000 0.000000 0.000000 0.000000 123.412727 123.397636 123.382545 123.371061 123.355970 123.340879 123.340879 123.371061 123.397636 0.000000 0.000000 0.000000 0.000000 0.000000 0.000000 0.000000 0.000000 0.000000 0.000000 0.000000 0.000000 
0.000000 0.000000 0.000000 0.000000 0.000000 0.000000 0.000000 0.000000 0.000000 0.000000 0.000000 0.000000 123.416667 0.000000 0.000000 0.000000 0.000000 0.000000 0.000000 0.000000 0.000000 0.000000 0.000000 0.000000 0.000000 0.000000 0.000000 0.000000 0.000000 0.000000 
