FireSTARR/test/constant/C2_S000_A090_WD225_WS020/arrival.asc
ncols         76
nrows         76
xllcorner     425903.990666
yllcorner     12748055.311160
cellsize      100.000000
NODATA_value  0.000000
[rows 26 to 51 of 76, columns 0 to 58 of 76]
0.000000 0.000000 0.000000 0.000000 0.000000 0.000000 0.000000 0.000000 0.000000 0.000000 0.000000 0.000000 0.000000 0.000000 0.000000 0.000000 0.000000 0.000000 0.000000 0.000000 0.000000 0.000000 0.000000 123.400897 123.379316 123.354914 123.332670 123.330512 123.321880 123.317564 123.313247 123.308931 123.306773 123.302457 123.298141 123.293825 123.288845 123.282371 123.280213 123.275897 123.273739 123.271581 123.267265 123.265107 123.262948 123.262948 123.258632 123.258632 123.254316 123.254316 123.260790 123.269423 123.275897 123.286687 123.293825 123.302457 123.311089 123.321880 123.328354
0.000000 0.000000 0.000000 0.000000 0.000000 0.000000 0.000000 0.000000 0.000000 0.000000 0.000000 0.000000 0.000000 0.000000 0.000000 0.000000 0.000000 0.000000 0.000000 0.000000 0.000000 0.000000 123.405213 123.381474 123.359230 123.333333 123.324038 123.319722 123.313247 123.306773 123.302457 123.298141 123.295983 123.291667 123.288845 123.282371 123.280213 123.273739 123.269423 123.267265 123.265107 123.262948 123.258632 123.258632 123.254316 123.252158 123.252158 123.247179 123.247179 123.254316 123.262948 123.269423 123.278055 123.288845 123.298141 123.306773 123.315405 123.324038 123.330512
0.000000 0.000000 0.000000 0.000000 0.000000 0.000000 0.000000 0.000000 0.000000 0.000000 0.000000 0.000000 0.000000 0.000000 0.000000 0.000000 0.000000 0.000000 0.000000 0.000000 0.000000 123.411687 123.387948 123.363546 123.339808 123.317564 123.313247 123.306773 123.300299 123.295983 123.293825 123.288845 123.284529 123.282371 123.278055 123.271581 123.269423 123.262948 123.260790 123.258632 123.256474 123.254316 123.252158 123.250000 123.245021 123.245021 123.242862 123.242862 123.247179 123.258632 123.262948 123.273739 123.282371 123.291003 123.300299 123.308931 123.317564 123.326196 123.335491
0.000000 0.000000 0.000000 0.000000 0.000000 0.000000 0.000000 0.000000 0.000000 0.000000 0.000000 0.000000 0.000000 0.000000 0.000000 0.000000 0.000000 0.000000 0.000000 0.000000 0.000000 123.392265 123.367862 123.346282 123.319722 123.308931 123.304615 123.298141 123.291667 123.288845 123.284529 123.278055 123.275897 123.271581 123.267265 123.260790 123.258632 123.254316 123.252158 123.249337 123.247179 123.245021 123.242862 123.240704 123.238546 123.236388 123.236388 123.242862 123.252158 123.258632 123.269423 123.275897 123.286687 123.293825 123.300299 123.311089 123.319722 123.328354 123.335491
0.000000 0.000000 0.000000 0.000000 0.000000 0.000000 0.000000 0.000000 0.000000 0.000000 0.000000 0.000000 0.000000 0.000000 0.000000 0.000000 0.000000 0.000000 0.000000 0.000000 123.398739 123.372179 123.350598 123.326196 123.302457 123.298141 123.291003 123.284529 123.282371 123.278055 123.273739 123.271581 123.267265 123.262948 123.258632 123.252158 123.249337 123.245021 123.242862 123.240704 123.238546 123.236388 123.234230 123.232072 123.229914 123.229914 123.236388 123.245021 123.252158 123.262948 123.269423 123.278055 123.286687 123.295983 123.304615 123.313247 123.321880 123.332670 123.341966
0.000000 0.000000 0.000000 0.000000 0.000000 0.000000 0.000000 0.000000 0.000000 0.000000 0.000000 0.000000 0.000000 0.000000 0.000000 0.000000 0.000000 0.000000 0.000000 123.405213 123.381474 123.354914 123.330512 123.306773 123.293825 123.288845 123.282371 123.275897 123.273739 123.267265 123.265107 123.258632 123.256474 123.252158 123.247179 123.242862 123.240704 123.238546 123.234230 123.232072 123.232072 123.229914 123.225598 123.223440 123.223440 123.229914 123.238546 123.245021 123.254316 123.265107 123.273739 123.280213 123.291003 123.298141 123.308931 123.315405 123.326196 123.333333 123.341966
0.000000 0.000000 0.000000 0.000000 0.000000 0.000000 0.000000 0.000000 0.000000 0.000000 0.000000 0.000000 0.000000 0.000000 0.000000 0.000000 0.000000 0.000000 123.409529 123.385790 123.361388 123.333333 123.311089 123.288845 123.282371 123.275897 123.269423 123.267265 123.260790 123.258632 123.256474 123.250000 123.247179 123.242862 123.238546 123.234230 123.232072 123.227756 123.227756 123.225598 123.221282 123.221282 123.216966 123.216966 123.223440 123.232072 123.240704 123.250000 123.258632 123.267265 123.275897 123.284529 123.291003 123.300299 123.308931 123.319722 123.328354 123.339808 123.348440
0.000000 0.000000 0.000000 0.000000 0.000000 0.000000 0.000000 0.000000 0.000000 0.000000 0.000000 0.000000 0.000000 0.000000 0.000000 0.000000 0.000000 123.416003 123.390107 123.365704 123.341966 123.315405 123.291667 123.278055 123.273739 123.267265 123.260790 123.256474 123.252158 123.250000 123.245021 123.240704 123.236388 123.232072 123.229914 123.225598 123.223440 123.221282 123.219124 123.216966 123.214808 123.210491 123.210491 123.216966 123.225598 123.234230 123.242862 123.252158 123.260790 123.269423 123.275897 123.286687 123.295983 123.304615 123.313247 123.321880 123.332670 123.341966 123.350598
0.000000 0.000000 0.000000 0.000000 0.000000 0.000000 0.000000 0.000000 0.000000 0.000000 0.000000 0.000000 0.000000 0.000000 0.000000 0.000000 0.000000 123.394423 123.372179 123.346282 123.321880 123.298141 123.271581 123.267265 123.260790 123.254316 123.250000 123.245021 123.242862 123.238546 123.234230 123.229914 123.227756 123.223440 123.219124 123.216966 123.214808 123.212649 123.210491 123.207670 123.205512 123.205512 123.210491 123.221282 123.229914 123.236388 123.245021 123.254316 123.262948 123.271581 123.280213 123.288845 123.298141 123.306773 123.315405 123.328354 123.335491 123.344124 123.354914
0.000000 0.000000 0.000000 0.000000 0.000000 0.000000 0.000000 0.000000 0.000000 0.000000 0.000000 0.000000 0.000000 0.000000 0.000000 0.000000 123.400897 123.375000 123.352756 123.326196 123.302457 123.278055 123.260790 123.258632 123.250000 123.247179 123.240704 123.238546 123.234230 123.227756 123.225598 123.219124 123.216966 123.212649 123.212649 123.207670 123.207670 123.205512 123.201196 123.199038 123.199038 123.205512 123.214808 123.221282 123.232072 123.238546 123.247179 123.256474 123.267265 123.275897 123.282371 123.291003 123.300299 123.311089 123.319722 123.328354 123.337649 123.348440 123.357072
0.000000 0.000000 0.000000 0.000000 0.000000 0.000000 0.000000 0.000000 0.000000 0.000000 0.000000 0.000000 0.000000 0.000000 0.000000 123.405213 123.381474 123.357072 123.332670 123.306773 123.282371 123.258632 123.252158 123.245021 123.238546 123.236388 123.232072 123.229914 123.221282 123.219124 123.214808 123.210491 123.207670 123.205512 123.201196 123.199038 123.196880 123.196880 123.192564 123.192564 123.199038 123.207670 123.216966 123.225598 123.232072 123.242862 123.250000 123.258632 123.269423 123.275897 123.284529 123.295983 123.304615 123.315405 123.324038 123.333333 123.341966 123.352756 123.365704
0.000000 0.000000 0.000000 0.000000 0.000000 0.000000 0.000000 0.000000 0.000000 0.000000 0.000000 0.000000 0.000000 0.000000 123.411687 123.385790 123.361388 123.337649 123.313247 123.286687 123.262948 123.245021 123.242862 123.236388 123.229914 123.225598 123.221282 123.219124 123.212649 123.208333 123.203354 123.201196 123.199038 123.199038 123.192564 123.192564 123.190405 123.186089 123.186089 123.192564 123.201196 123.210491 123.219124 123.227756 123.236388 123.245021 123.254316 123.262948 123.271581 123.280213 123.291003 123.300299 123.308931 123.317564 123.326196 123.337649 123.346282 123.359230 123.367862
0.000000 0.000000 0.000000 0.000000 0.000000 0.000000 0.000000 0.000000 0.000000 0.000000 0.000000 0.000000 0.000000 123.416003 123.390107 123.365704 123.341966 123.317564 123.293825 123.269423 123.245021 123.236388 123.227756 123.223440 123.219124 123.216966 123.212649 123.207670 123.203354 123.199038 123.194722 123.194722 123.190405 123.188247 123.186089 123.183931 123.181773 123.181773 123.186089 123.196880 123.205512 123.212649 123.221282 123.229914 123.238546 123.247179 123.256474 123.265107 123.275897 123.284529 123.291003 123.302457 123.313247 123.321880 123.330512 123.341966 123.352756 123.363546 123.374337
0.000000 0.000000 0.000000 0.000000 0.000000 0.000000 0.000000 0.000000 0.000000 0.000000 0.000000 0.000000 0.000000 123.396581 123.372179 123.346282 123.321880 123.298141 123.273739 123.249337 123.229914 123.225598 123.221282 123.212649 123.212649 123.207670 123.201196 123.196880 123.192564 123.190405 123.186089 123.183931 123.181773 123.179615 123.177457 123.175299 123.175299 123.181773 123.190405 123.196880 123.207670 123.216966 123.223440 123.232072 123.242862 123.250000 123.258632 123.269423 123.278055 123.286687 123.298141 123.306773 123.315405 123.328354 123.337649 123.348440 123.357072 123.367862 123.379316
0.000000 0.000000 0.000000 0.000000 0.000000 0.000000 0.000000 0.000000 0.000000 0.000000 0.000000 0.000000 123.400897 123.377158 123.352756 123.326196 123.304615 123.280213 123.254316 123.229914 123.219124 123.212649 123.207670 123.203354 123.201196 123.196880 123.192564 123.188247 123.183931 123.181773 123.179615 123.175299 123.173141 123.170983 123.168825 123.168825 123.175299 123.183931 123.192564 123.199038 123.208333 123.216966 123.225598 123.234230 123.242862 123.252158 123.262948 123.271581 123.282371 123.291003 123.302457 123.311089 123.321880 123.330512 123.339808 123.350598 123.363546 123.372179 123.383632
0.000000 0.000000 0.000000 0.000000 0.000000 0.000000 0.000000 0.000000 0.000000 0.000000 0.000000 123.407371 123.381474 123.357072 123.332670 123.306773 123.282371 123.258632 123.234230 123.212649 123.208333 123.203354 123.199038 123.194722 123.192564 123.183931 123.181773 123.177457 123.175299 123.173141 123.168825 123.166003 123.163845 123.161687 123.161687 123.168825 123.177457 123.186089 123.192564 123.203354 123.212649 123.221282 123.229914 123.238546 123.247179 123.258632 123.265107 123.273739 123.284529 123.293825 123.306773 123.315405 123.326196 123.337649 123.348440 123.357072 123.367862 123.377158 123.390107
0.000000 0.000000 0.000000 0.000000 0.000000 0.000000 0.000000 0.000000 0.000000 0.000000 123.413845 123.387948 123.361388 123.337649 123.315405 123.288845 123.265107 123.238546 123.214808 123.205512 123.196880 123.192564 123.190405 123.186089 123.181773 123.175299 123.170983 123.168825 123.166667 123.163845 123.161687 123.159529 123.157371 123.157371 123.161687 123.170983 123.179615 123.188247 123.196880 123.205512 123.214808 123.223440 123.232072 123.240704 123.250000 123.258632 123.269423 123.280213 123.291003 123.302457 123.311089 123.321880 123.330512 123.339808 123.350598 123.361388 123.374337 123.381474 123.394423
0.000000 0.000000 0.000000 0.000000 0.000000 0.000000 0.000000 0.000000 0.000000 123.416667 123.394423 123.367862 123.341966 123.319722 123.293825 123.269423 123.245021 123.221282 123.196880 123.194722 123.188247 123.183931 123.179615 123.173141 123.170983 123.166003 123.161687 123.159529 123.159529 123.155213 123.153055 123.150897 123.150897 123.157371 123.163845 123.173141 123.181773 123.190405 123.199038 123.207670 123.216966 123.225598 123.236388 123.245021 123.256474 123.265107 123.273739 123.284529 123.295983 123.304615 123.313247 123.326196 123.335491 123.344124 123.357072 123.365704 123.379316 123.385790 123.396581
0.000000 0.000000 0.000000 0.000000 0.000000 0.000000 0.000000 0.000000 0.000000 123.396581 123.374337 123.348440 123.321880 123.300299 123.275897 123.249337 123.223440 123.201196 123.188247 123.181773 123.177457 123.175299 123.170983 123.163845 123.161687 123.157371 123.153055 123.150897 123.148739 123.146581 123.144423 123.144423 123.150897 123.159529 123.166003 123.175299 123.183931 123.192564 123.201196 123.210491 123.219124 123.229914 123.240704 123.249337 123.256474 123.269423 123.280213 123.291003 123.298141 123.308931 123.319722 123.330512 123.339808 123.350598 123.361388 123.372179 123.381474 123.390107 123.403055
0.000000 0.000000 0.000000 0.000000 0.000000 0.000000 0.000000 0.000000 123.405213 123.379316 123.354914 123.328354 123.304615 123.280213 123.256474 123.229914 123.205512 123.181773 123.179615 123.173141 123.168825 123.163845 123.159529 123.155213 123.153055 123.148739 123.146581 123.142265 123.140107 123.137948 123.137948 123.144423 123.153055 123.161687 123.168825 123.177457 123.186089 123.194722 123.205512 123.214808 123.223440 123.232072 123.242862 123.252158 123.262948 123.273739 123.282371 123.295983 123.306773 123.315405 123.324038 123.335491 123.346282 123.357072 123.365704 123.374337 123.385790 123.396581 123.407371
0.000000 0.000000 0.000000 0.000000 0.000000 0.000000 0.000000 123.407371 123.383632 123.359230 123.335491 123.308931 123.284529 123.260790 123.236388 123.210491 123.186089 123.173141 123.166003 123.163845 123.157371 123.153055 123.148739 123.146581 123.142265 123.140107 123.137948 123.135790 123.131474 123.131474 123.137948 123.146581 123.155213 123.163845 123.173141 123.181773 123.190405 123.201196 123.208333 123.219124 123.227756 123.238546 123.249337 123.260790 123.267265 123.280213 123.288845 123.298141 123.308931 123.321880 123.332670 123.339808 123.348440 123.359230 123.372179 123.381474 123.394423 123.411687 0.000000
0.000000 0.000000 0.000000 0.000000 0.000000 0.000000 0.000000 123.390107 123.363546 123.339808 123.315405 123.291003 123.265107 123.240704 123.216966 123.190405 123.166003 123.163845 123.157371 123.153055 123.148739 123.144423 123.140107 123.137948 123.131474 123.129316 123.129316 123.125000 123.125000 123.131474 123.140107 123.148739 123.159529 123.166667 123.175299 123.183931 123.192564 123.203354 123.210491 123.221282 123.232072 123.242862 123.252158 123.265107 123.273739 123.284529 123.295983 123.302457 123.313247 123.324038 123.335491 123.344124 123.354914 123.363546 123.379316 123.398739 123.416667 0.000000 0.000000
0.000000 0.000000 0.000000 0.000000 0.000000 0.000000 123.411687 123.370021 123.346282 123.321880 123.295983 123.269423 123.245021 123.221282 123.196880 123.173141 123.157371 123.150897 123.146581 123.142265 123.137948 123.133632 123.131474 123.129316 123.124337 123.122179 123.120021 123.120021 123.125000 123.135790 123.142265 123.153055 123.159529 123.168825 123.179615 123.188247 123.194722 123.205512 123.214808 123.225598 123.236388 123.249337 123.256474 123.267265 123.280213 123.288845 123.300299 123.311089 123.319722 123.328354 123.339808 123.348440 123.363546 123.383632 123.403055 0.000000 0.000000 0.000000 0.000000
0.000000 0.000000 0.000000 0.000000 0.000000 0.000000 123.394423 123.348440 123.326196 123.300299 123.278055 123.250000 123.225598 123.201196 123.177457 123.153055 123.148739 123.142265 123.135790 123.133632 123.129316 123.124337 123.122179 123.117862 123.117862 123.113546 123.113546 123.120021 123.129316 123.137948 123.146581 123.153055 123.161687 123.170983 123.181773 123.190405 123.201196 123.212649 123.221282 123.232072 123.242862 123.252158 123.260790 123.271581 123.282371 123.291667 123.302457 123.311089 123.324038 123.332670 123.350598 123.370021 123.387948 123.409529 0.000000 0.000000 0.000000 0.000000 0.000000
0.000000 0.000000 0.000000 0.000000 0.000000 0.000000 123.374337 123.330512 123.306773 123.280213 123.256474 123.229914 123.207670 123.181773 123.157371 123.140107 123.135790 123.131474 123.129316 123.122179 123.117862 123.115704 123.111388 123.111388 123.107072 123.107072 123.113546 123.122179 123.129316 123.140107 123.148739 123.155213 123.166667 123.175299 123.183931 123.194722 123.205512 123.214808 123.225598 123.238546 123.247179 123.258632 123.267265 123.278055 123.288845 123.295983 123.308931 123.317564 123.335491 123.354914 123.374337 123.394423 123.413845 0.000000 0.000000 0.000000 0.000000 0.000000 0.000000
0.000000 0.000000 0.000000 0.000000 0.000000 123.409529 123.354914 123.311089 123.286687 123.262948 123.238546 123.212649 123.188247 123.163845 123.137948 123.131474 123.127158 123.122179 123.117862 123.113546 123.109230 123.104914 123.104914 123.100598 123.100598 123.107072 123.117862 123.124337 123.133632 123.142265 123.150897 123.161687 123.168825 123.177457 123.188247 123.201196 123.212649 123.221282 123.232072 123.240704 123.250000 123.260790 123.271581 123.282371 123.291003 123.302457 123.319722 123.339808 123.359230 123.379316 123.398739 0.000000 0.000000 0.000000 0.000000 0.000000 0.000000 0.000000 0.000000
