FireSTARR/test/constant/M1M225PC_S000_A270_WD180_WS020/arrival.asc
ncols         13
nrows         31
xllcorner     426003.990666
yllcorner     12748555.311160
cellsize      100.000000
NODATA_value  0.000000
0.000000 0.000000 0.000000 0.000000 0.000000 0.000000 123.416667 0.000000 0.000000 0.000000 0.000000 0.000000 0.000000 
0.000000 0.000000 0.000000 0.000000 0.000000 123.416667 123.405182 123.412727 0.000000 0.000000 0.000000 0.000000 0.000000 
0.000000 0.000000 0.000000 0.000000 0.000000 123.405182 123.390091 123.397636 0.000000 0.000000 0.000000 0.000000 0.000000 
0.000000 0.000000 0.000000 0.000000 123.416667 123.390091 123.371061 123.382545 123.412727 0.000000 0.000000 0.000000 0.000000 
0.000000 0.000000 0.000000 0.000000 123.405182 123.371061 123.355970 123.371061 123.397636 0.000000 0.000000 0.000000 0.000000 
0.000000 0.000000 0.000000 123.412727 123.390091 123.355970 123.340879 123.355970 123.382545 123.412727 0.000000 0.000000 0.000000 
0.000000 0.000000 0.000000 123.397636 123.371061 123.340879 123.329394 123.340879 123.363515 123.397636 0.000000 0.000000 0.000000 
0.000000 0.000000 123.416667 123.390091 123.355970 123.329394 123.314303 123.321849 123.348424 123.382545 123.412727 0.000000 0.000000 
0.000000 0.000000 123.405182 123.371061 123.340879 123.314303 123.299212 123.306758 123.333333 123.371061 123.405182 0.000000 0.000000 
0.000000 123.416667 123.390091 123.355970 123.329394 123.299212 123.280182 123.291667 123.321849 123.355970 123.390091 123.416667 0.000000 
0.000000 123.405182 123.371061 123.340879 123.314303 123.280182 123.265091 123.280182 123.306758 123.340879 123.375000 123.405182 0.000000 
0.000000 123.397636 123.355970 123.329394 123.299212 123.265091 123.250000 123.265091 123.291667 123.329394 123.363515 123.397636 0.000000 
123.416667 123.382545 123.340879 123.314303 123.280182 123.250000 123.238515 123.246061 123.280182 123.314303 123.348424 123.382545 123.412727 
123.416667 123.371061 123.329394 123.299212 123.272636 123.238515 123.223424 123.230970 123.265091 123.299212 123.329394 123.363515 123.405182 
0.000000 123.355970 123.321849 123.287727 123.257545 123.223424 123.204394 123.215879 123.250000 123.280182 123.314303 123.348424 0.000000 
0.000000 123.340879 123.306758 123.272636 123.238515 123.204394 123.189303 123.204394 123.238515 123.272636 123.306758 123.340879 0.000000 
0.000000 123.348424 123.291667 123.257545 123.223424 123.189303 123.174212 123.189303 123.223424 123.257545 123.287727 123.333333 0.000000 
0.000000 123.371061 123.280182 123.238515 123.208333 123.174212 123.162727 123.174212 123.204394 123.238515 123.272636 123.348424 0.000000 
0.000000 123.405182 123.265091 123.230970 123.196849 123.162727 123.147636 123.162727 123.189303 123.223424 123.257545 123.382545 0.000000 
0.000000 0.000000 123.272636 123.215879 123.181758 123.147636 123.132545 123.147636 123.174212 123.208333 123.257545 123.416667 0.000000 
0.000000 0.000000 123.306758 123.204394 123.162727 123.132545 123.113515 123.132545 123.162727 123.196849 123.287727 0.000000 0.000000 
0.000000 0.000000 123.329394 123.196849 123.155182 123.121061 123.098424 123.113515 123.147636 123.181758 123.314303 0.000000 0.000000 
0.000000 0.000000 123.371061 123.208333 123.140091 123.105970 123.083333 123.098424 123.132545 123.196849 123.355970 0.000000 0.000000 
0.000000 0.000000 123.397636 123.238515 123.121061 123.090879 123.071849 123.083333 123.121061 123.215879 123.375000 0.000000 0.000000 
0.000000 0.000000 0.000000 123.265091 123.121061 123.071849 123.056758 123.071849 123.113515 123.246061 123.412727 0.000000 0.000000 
0.000000 0.000000 0.000000 123.299212 123.140091 123.056758 123.037727 123.056758 123.121061 123.280182 0.000000 0.000000 0.000000 
0.000000 0.000000 0.000000 123.333333 123.174212 123.041667 123.022636 123.037727 123.155182 123.314303 0.000000 0.000000 0.000000 
0.000000 0.000000 0.000000 123.363515 123.204394 123.049212 123.007545 123.037727 123.189303 123.348424 0.000000 0.000000 0.000000 
0.000000 0.000000 0.000000 123.390091 123.230970 123.071849 123.000000 123.049212 123.208333 123.371061 0.000000 0.000000 0.000000 
0.000000 0.000000 0.000000 0.000000 123.340879 123.204394 123.147636 123.189303 123.321849 0.000000 0.000000 0.000000 0.000000 
0.000000 0.000000 0.000000 0.000000 0.000000 0.000000 123.405182 0.000000 0.000000 0.000000 0.000000 0.000000 0.000000 
