FireSTARR/test/output/SLK/SLK057/2018-07-08_1720/intensity_M_191_2018-07-10.asc
ncols         184
nrows         141
xllcorner     565343.378600
yllcorner     5835002.364000
cellsize      100.000000
NODATA_value  0.000000
[rows 56 to 83 of 141, columns 63 to 125 of 184]
0.002381 0.036905 0.036905 0.039286 0.040476 0.042857 0.001190 0.000000 0.044048 0.038095 0.039286 0.003571 0.002381 0.002381 0.002381 0.004762 0.029762 0.030952 0.002381 0.001190 0.003571 0.004762 0.004762 0.003571 0.000000 0.002381 0.001190 0.003571 0.001190 0.000000 0.000000 0.025000 0.023810 0.020238 0.001190 0.002381 0.002381 0.002381 0.002381 0.007143 0.009524 0.005952 0.007143 0.000000 0.035714 0.029762 0.000000 0.000000 0.000000 0.019048 0.021429 0.001190 0.002381 0.001190 0.001190 0.001190 0.026190 0.020238 0.014286 0.014286 0.010714 0.000000 0.000000
0.001190 0.036905 0.036905 0.041667 0.040476 0.033333 0.001190 0.000000 0.035714 0.034524 0.039286 0.002381 0.002381 0.001190 0.000000 0.002381 0.002381 0.003571 0.003571 0.003571 0.000000 0.002381 0.005952 0.003571 0.001190 0.002381 0.003571 0.000000 0.001190 0.000000 0.000000 0.023810 0.028571 0.025000 0.002381 0.002381 0.002381 0.004762 0.003571 0.010714 0.009524 0.004762 0.007143 0.008333 0.034524 0.032143 0.025000 0.017857 0.014286 0.000000 0.001190 0.021429 0.023810 0.001190 0.002381 0.001190 0.025000 0.022619 0.015476 0.010714 0.009524 0.000000 0.000000
0.003571 0.033333 0.032143 0.036905 0.026190 0.020238 0.001190 0.002381 0.000000 0.022619 0.025000 0.001190 0.000000 0.000000 0.000000 0.001190 0.003571 0.004762 0.004762 0.001190 0.002381 0.001190 0.004762 0.003571 0.002381 0.003571 0.002381 0.001190 0.000000 0.002381 0.003571 0.002381 0.002381 0.023810 0.022619 0.017857 0.002381 0.003571 0.005952 0.005952 0.009524 0.004762 0.005952 0.003571 0.036905 0.034524 0.028571 0.025000 0.016667 0.001190 0.000000 0.019048 0.021429 0.025000 0.026190 0.023810 0.023810 0.021429 0.017857 0.008333 0.011905 0.000000 0.000000
0.023810 0.028571 0.023810 0.023810 0.020238 0.020238 0.001190 0.002381 0.002381 0.000000 0.001190 0.002381 0.001190 0.003571 0.002381 0.002381 0.053571 0.055952 0.053571 0.052381 0.001190 0.001190 0.004762 0.005952 0.008333 0.004762 0.002381 0.003571 0.001190 0.004762 0.003571 0.002381 0.001190 0.022619 0.000000 0.000000 0.004762 0.004762 0.008333 0.007143 0.009524 0.007143 0.005952 0.033333 0.035714 0.033333 0.000000 0.027381 0.022619 0.000000 0.000000 0.015476 0.015476 0.014286 0.020238 0.016667 0.020238 0.019048 0.015476 0.010714 0.009524 0.000000 0.000000
0.003571 0.002381 0.001190 0.025000 0.021429 0.000000 0.000000 0.001190 0.001190 0.002381 0.002381 0.001190 0.000000 0.000000 0.001190 0.001190 0.055952 0.046429 0.050000 0.051190 0.044048 0.001190 0.005952 0.005952 0.005952 0.004762 0.004762 0.003571 0.002381 0.003571 0.004762 0.002381 0.002381 0.022619 0.022619 0.000000 0.000000 0.003571 0.005952 0.005952 0.009524 0.003571 0.003571 0.035714 0.034524 0.030952 0.000000 0.000000 0.000000 0.000000 0.001190 0.016667 0.013095 0.011905 0.009524 0.010714 0.010714 0.010714 0.013095 0.009524 0.008333 0.000000 0.000000
0.004762 0.002381 0.002381 0.019048 0.023810 0.001190 0.001190 0.001190 0.002381 0.001190 0.000000 0.001190 0.002381 0.000000 0.001190 0.052381 0.052381 0.045238 0.047619 0.045238 0.040476 0.004762 0.005952 0.005952 0.004762 0.008333 0.005952 0.003571 0.004762 0.002381 0.003571 0.002381 0.001190 0.002381 0.001190 0.003571 0.002381 0.002381 0.005952 0.004762 0.004762 0.004762 0.001190 0.036905 0.035714 0.000000 0.000000 0.000000 0.000000 0.000000 0.000000 0.021429 0.014286 0.009524 0.008333 0.008333 0.007143 0.005952 0.007143 0.009524 0.007143 0.008333 0.007143
0.005952 0.004762 0.004762 0.025000 0.021429 0.001190 0.000000 0.001190 0.001190 0.002381 0.001190 0.000000 0.001190 0.000000 0.000000 0.047619 0.048810 0.041667 0.001190 0.001190 0.005952 0.002381 0.004762 0.003571 0.007143 0.007143 0.005952 0.002381 0.003571 0.001190 0.003571 0.003571 0.002381 0.003571 0.002381 0.001190 0.003571 0.001190 0.011905 0.005952 0.004762 0.007143 0.003571 0.036905 0.035714 0.000000 0.000000 0.000000 0.001190 0.000000 0.000000 0.020238 0.017857 0.015476 0.009524 0.007143 0.009524 0.008333 0.007143 0.005952 0.007143 0.010714 0.009524
0.004762 0.005952 0.005952 0.003571 0.004762 0.021429 0.025000 0.020238 0.001190 0.001190 0.001190 0.002381 0.001190 0.002381 0.002381 0.046429 0.044048 0.042857 0.000000 0.000000 0.003571 0.004762 0.000000 0.005952 0.004762 0.005952 0.003571 0.003571 0.001190 0.003571 0.004762 0.003571 0.002381 0.004762 0.002381 0.001190 0.002381 0.001190 0.015476 0.008333 0.004762 0.003571 0.002381 0.030952 0.028571 0.000000 0.000000 0.000000 0.001190 0.001190 0.000000 0.021429 0.017857 0.015476 0.014286 0.009524 0.010714 0.007143 0.000000 0.000000 0.000000 0.002381 0.002381
0.004762 0.007143 0.007143 0.003571 0.001190 0.025000 0.032143 0.021429 0.002381 0.002381 0.002381 0.001190 0.000000 0.000000 0.001190 0.040476 0.040476 0.042857 0.004762 0.007143 0.002381 0.003571 0.004762 0.005952 0.004762 0.003571 0.002381 0.001190 0.001190 0.003571 0.002381 0.002381 0.002381 0.003571 0.002381 0.001190 0.001190 0.004762 0.030952 0.030952 0.005952 0.003571 0.003571 0.001190 0.003571 0.003571 0.026190 0.000000 0.000000 0.001190 0.000000 0.022619 0.017857 0.013095 0.013095 0.007143 0.007143 0.007143 0.000000 0.000000 0.000000 0.003571 0.003571
0.004762 0.002381 0.004762 0.005952 0.003571 0.026190 0.032143 0.026190 0.001190 0.001190 0.004762 0.002381 0.002381 0.001190 0.000000 0.040476 0.038095 0.039286 0.004762 0.007143 0.002381 0.003571 0.001190 0.004762 0.004762 0.003571 0.002381 0.003571 0.002381 0.002381 0.003571 0.002381 0.003571 0.003571 0.003571 0.001190 0.001190 0.002381 0.034524 0.035714 0.003571 0.004762 0.003571 0.001190 0.004762 0.028571 0.027381 0.028571 0.023810 0.023810 0.023810 0.019048 0.016667 0.014286 0.013095 0.005952 0.007143 0.008333 0.001190 0.001190 0.001190 0.003571 0.000000
0.005952 0.007143 0.005952 0.004762 0.004762 0.002381 0.001190 0.002381 0.003571 0.001190 0.003571 0.003571 0.036905 0.039286 0.003571 0.038095 0.038095 0.039286 0.003571 0.003571 0.001190 0.003571 0.002381 0.001190 0.003571 0.007143 0.001190 0.002381 0.003571 0.001190 0.001190 0.002381 0.007143 0.004762 0.004762 0.002381 0.002381 0.003571 0.004762 0.002381 0.000000 0.004762 0.004762 0.002381 0.003571 0.029762 0.028571 0.028571 0.022619 0.017857 0.015476 0.017857 0.015476 0.011905 0.009524 0.005952 0.007143 0.008333 0.000000 0.001190 0.007143 0.007143 0.000000
0.004762 0.004762 0.004762 0.003571 0.005952 0.003571 0.003571 0.002381 0.003571 0.003571 0.002381 0.002381 0.033333 0.035714 0.038095 0.036905 0.038095 0.036905 0.025000 0.019048 0.000000 0.000000 0.003571 0.003571 0.003571 0.003571 0.003571 0.004762 0.005952 0.002381 0.004762 0.004762 0.007143 0.004762 0.002381 0.002381 0.004762 0.005952 0.005952 0.003571 0.000000 0.000000 0.000000 0.004762 0.003571 0.033333 0.029762 0.026190 0.000000 0.000000 0.014286 0.017857 0.011905 0.009524 0.007143 0.008333 0.007143 0.005952 0.000000 0.000000 0.007143 0.000000 0.000000
0.008333 0.004762 0.004762 0.003571 0.004762 0.007143 0.008333 0.001190 0.002381 0.003571 0.001190 0.003571 0.032143 0.035714 0.036905 0.040476 0.000000 0.000000 0.017857 0.016667 0.000000 0.000000 0.000000 0.004762 0.003571 0.016667 0.021429 0.021429 0.023810 0.023810 0.005952 0.004762 0.005952 0.004762 0.004762 0.003571 0.004762 0.004762 0.003571 0.002381 0.000000 0.000000 0.000000 0.002381 0.004762 0.033333 0.027381 0.027381 0.000000 0.000000 0.016667 0.015476 0.014286 0.000000 0.000000 0.001190 0.001190 0.000000 0.008333 0.007143 0.007143 0.000000 0.000000
0.007143 0.004762 0.007143 0.008333 0.005952 0.005952 0.004762 0.003571 0.003571 0.003571 0.002381 0.000000 0.029762 0.029762 0.030952 0.030952 0.023810 0.000000 0.000000 0.013095 0.000000 0.001190 0.000000 0.000000 0.002381 0.015476 0.015476 0.019048 0.020238 0.027381 0.007143 0.005952 0.005952 0.004762 0.004762 0.005952 0.007143 0.004762 0.003571 0.002381 0.032143 0.034524 0.027381 0.000000 0.000000 0.033333 0.030952 0.028571 0.000000 0.000000 0.019048 0.019048 0.016667 0.000000 0.000000 0.001190 0.001190 0.001190 0.008333 0.007143 0.004762 0.000000 0.000000
0.004762 0.005952 0.007143 0.004762 0.004762 0.007143 0.004762 0.003571 0.003571 0.002381 0.002381 0.001190 0.032143 0.029762 0.029762 0.026190 0.000000 0.000000 0.000000 0.000000 0.000000 0.000000 0.002381 0.001190 0.001190 0.001190 0.001190 0.001190 0.001190 0.003571 0.007143 0.007143 0.007143 0.004762 0.004762 0.004762 0.005952 0.002381 0.003571 0.002381 0.032143 0.035714 0.000000 0.000000 0.000000 0.023810 0.026190 0.030952 0.021429 0.016667 0.000000 0.000000 0.000000 0.000000 0.001190 0.001190 0.002381 0.002381 0.010714 0.007143 0.004762 0.004762 0.003571
0.005952 0.004762 0.004762 0.002381 0.007143 0.005952 0.003571 0.002381 0.003571 0.021429 0.022619 0.019048 0.029762 0.000000 0.000000 0.000000 0.000000 0.000000 0.000000 0.000000 0.001190 0.001190 0.001190 0.000000 0.001190 0.001190 0.001190 0.001190 0.001190 0.003571 0.002381 0.005952 0.008333 0.005952 0.005952 0.005952 0.004762 0.032143 0.034524 0.033333 0.030952 0.032143 0.000000 0.000000 0.000000 0.010714 0.015476 0.017857 0.015476 0.015476 0.000000 0.000000 0.000000 0.000000 0.000000 0.001190 0.001190 0.008333 0.008333 0.007143 0.000000 0.000000 0.000000
0.002381 0.003571 0.005952 0.007143 0.007143 0.004762 0.005952 0.003571 0.002381 0.015476 0.021429 0.020238 0.000000 0.000000 0.000000 0.000000 0.000000 0.002381 0.002381 0.000000 0.000000 0.001190 0.001190 0.002381 0.002381 0.000000 0.001190 0.001190 0.001190 0.001190 0.002381 0.003571 0.002381 0.005952 0.005952 0.005952 0.004762 0.033333 0.033333 0.033333 0.000000 0.000000 0.000000 0.000000 0.000000 0.003571 0.009524 0.002381 0.001190 0.004762 0.004762 0.000000 0.000000 0.000000 0.000000 0.001190 0.001190 0.011905 0.005952 0.007143 0.000000 0.000000 0.000000
0.003571 0.002381 0.022619 0.023810 0.003571 0.003571 0.004762 0.000000 0.003571 0.019048 0.020238 0.019048 0.000000 0.000000 0.000000 0.000000 0.000000 0.001190 0.004762 0.001190 0.000000 0.000000 0.000000 0.001190 0.002381 0.003571 0.003571 0.003571 0.002381 0.001190 0.000000 0.002381 0.002381 0.003571 0.003571 0.004762 0.004762 0.038095 0.034524 0.029762 0.000000 0.000000 0.000000 0.000000 0.000000 0.000000 0.002381 0.004762 0.002381 0.002381 0.005952 0.007143 0.000000 0.000000 0.000000 0.001190 0.002381 0.000000 0.000000 0.001190 0.000000 0.001190 0.001190
0.005952 0.005952 0.022619 0.020238 0.001190 0.003571 0.003571 0.000000 0.034524 0.035714 0.036905 0.000000 0.000000 0.000000 0.000000 0.000000 0.000000 0.000000 0.001190 0.001190 0.000000 0.000000 0.000000 0.000000 0.000000 0.002381 0.003571 0.004762 0.001190 0.000000 0.000000 0.000000 0.001190 0.000000 0.002381 0.004762 0.003571 0.003571 0.007143 0.005952 0.028571 0.022619 0.016667 0.009524 0.005952 0.004762 0.003571 0.008333 0.003571 0.002381 0.005952 0.008333 0.001190 0.000000 0.001190 0.002381 0.002381 0.000000 0.000000 0.001190 0.000000 0.000000 0.005952
0.003571 0.004762 0.026190 0.023810 0.001190 0.001190 0.004762 0.000000 0.000000 0.034524 0.035714 0.000000 0.000000 0.000000 0.000000 0.000000 0.000000 0.001190 0.002381 0.002381 0.000000 0.000000 0.000000 0.001190 0.000000 0.000000 0.000000 0.013095 0.013095 0.001190 0.000000 0.001190 0.002381 0.002381 0.000000 0.001190 0.002381 0.004762 0.007143 0.029762 0.026190 0.025000 0.019048 0.015476 0.001190 0.002381 0.005952 0.001190 0.001190 0.000000 0.000000 0.002381 0.002381 0.002381 0.002381 0.003571 0.002381 0.000000 0.000000 0.001190 0.000000 0.000000 0.003571
0.002381 0.025000 0.025000 0.022619 0.000000 0.003571 0.002381 0.002381 0.003571 0.001190 0.000000 0.000000 0.000000 0.000000 0.000000 0.001190 0.001190 0.002381 0.001190 0.002381 0.002381 0.001190 0.001190 0.001190 0.000000 0.000000 0.000000 0.008333 0.014286 0.021429 0.022619 0.023810 0.002381 0.001190 0.025000 0.026190 0.026190 0.007143 0.005952 0.030952 0.030952 0.022619 0.021429 0.017857 0.003571 0.002381 0.003571 0.000000 0.000000 0.001190 0.001190 0.000000 0.001190 0.002381 0.002381 0.003571 0.001190 0.001190 0.000000 0.000000 0.000000 0.000000 0.000000
0.003571 0.026190 0.023810 0.021429 0.001190 0.003571 0.004762 0.004762 0.004762 0.003571 0.000000 0.000000 0.000000 0.000000 0.001190 0.003571 0.007143 0.002381 0.000000 0.002381 0.002381 0.001190 0.009524 0.002381 0.000000 0.000000 0.000000 0.015476 0.011905 0.017857 0.021429 0.022619 0.001190 0.003571 0.023810 0.023810 0.023810 0.002381 0.002381 0.027381 0.026190 0.028571 0.000000 0.000000 0.013095 0.010714 0.007143 0.000000 0.001190 0.001190 0.001190 0.001190 0.000000 0.001190 0.001190 0.000000 0.000000 0.000000 0.000000 0.000000 0.000000 0.000000 0.000000
0.000000 0.023810 0.020238 0.022619 0.002381 0.001190 0.003571 0.005952 0.003571 0.003571 0.001190 0.000000 0.000000 0.000000 0.008333 0.008333 0.001190 0.001190 0.002381 0.002381 0.003571 0.007143 0.008333 0.009524 0.005952 0.007143 0.007143 0.002381 0.002381 0.001190 0.001190 0.001190 0.001190 0.000000 0.025000 0.022619 0.023810 0.003571 0.003571 0.022619 0.025000 0.026190 0.000000 0.000000 0.007143 0.007143 0.008333 0.000000 0.001190 0.000000 0.000000 0.000000 0.000000 0.000000 0.000000 0.000000 0.000000 0.000000 0.000000 0.000000 0.000000 0.000000 0.000000
0.001190 0.017857 0.014286 0.015476 0.004762 0.002381 0.002381 0.003571 0.002381 0.003571 0.003571 0.005952 0.004762 0.004762 0.003571 0.002381 0.000000 0.000000 0.002381 0.002381 0.001190 0.005952 0.005952 0.007143 0.003571 0.008333 0.000000 0.001190 0.003571 0.002381 0.000000 0.001190 0.001190 0.000000 0.000000 0.000000 0.000000 0.000000 0.001190 0.025000 0.026190 0.022619 0.000000 0.000000 0.001190 0.009524 0.009524 0.001190 0.001190 0.000000 0.001190 0.000000 0.000000 0.000000 0.000000 0.000000 0.000000 0.000000 0.000000 0.000000 0.000000 0.000000 0.000000
0.001190 0.016667 0.014286 0.010714 0.003571 0.003571 0.003571 0.002381 0.004762 0.003571 0.004762 0.003571 0.005952 0.005952 0.005952 0.003571 0.001190 0.000000 0.001190 0.005952 0.004762 0.003571 0.003571 0.003571 0.001190 0.000000 0.007143 0.005952 0.005952 0.002381 0.001190 0.001190 0.002381 0.001190 0.000000 0.000000 0.000000 0.000000 0.000000 0.025000 0.022619 0.022619 0.000000 0.000000 0.001190 0.002381 0.000000 0.002381 0.002381 0.002381 0.001190 0.000000 0.000000 0.000000 0.000000 0.000000 0.000000 0.000000 0.000000 0.000000 0.000000 0.000000 0.000000
0.002381 0.002381 0.003571 0.002381 0.002381 0.001190 0.002381 0.001190 0.004762 0.004762 0.003571 0.002381 0.003571 0.004762 0.007143 0.003571 0.001190 0.000000 0.000000 0.008333 0.003571 0.002381 0.003571 0.003571 0.003571 0.000000 0.002381 0.004762 0.007143 0.010714 0.010714 0.002381 0.001190 0.001190 0.000000 0.000000 0.001190 0.001190 0.000000 0.023810 0.021429 0.000000 0.000000 0.000000 0.001190 0.002381 0.004762 0.002381 0.002381 0.002381 0.001190 0.001190 0.002381 0.001190 0.000000 0.000000 0.000000 0.000000 0.000000 0.000000 0.000000 0.000000 0.000000
0.002381 0.003571 0.003571 0.004762 0.001190 0.001190 0.001190 0.001190 0.001190 0.002381 0.004762 0.003571 0.003571 0.004762 0.005952 0.004762 0.003571 0.000000 0.000000 0.000000 0.001190 0.001190 0.001190 0.000000 0.003571 0.005952 0.003571 0.003571 0.004762 0.010714 0.009524 0.001190 0.001190 0.000000 0.001190 0.000000 0.000000 0.002381 0.001190 0.001190 0.002381 0.003571 0.001190 0.001190 0.002381 0.000000 0.001190 0.002381 0.004762 0.003571 0.002381 0.001190 0.002381 0.001190 0.000000 0.001190 0.001190 0.000000 0.000000 0.000000 0.000000 0.000000 0.002381
0.013095 0.004762 0.004762 0.004762 0.002381 0.002381 0.001190 0.001190 0.001190 0.001190 0.002381 0.003571 0.005952 0.003571 0.004762 0.002381 0.003571 0.002381 0.000000 0.000000 0.001190 0.001190 0.001190 0.002381 0.002381 0.004762 0.004762 0.003571 0.003571 0.005952 0.002381 0.002381 0.001190 0.001190 0.001190 0.001190 0.002381 0.000000 0.001190 0.001190 0.001190 0.003571 0.002381 0.001190 0.000000 0.003571 0.002381 0.002381 0.002381 0.005952 0.002381 0.001190 0.001190 0.001190 0.001190 0.001190 0.009524 0.009524 0.009524 0.001190 0.002381 0.002381 0.000000
