FireSTARR/test/output/SLK/SLK057/2018-07-08_1720/intensity_H_189_2018-07-08.asc
ncols         74
nrows         42
xllcorner     565343.378600
yllcorner     5843802.364000
cellsize      100.000000
NODATA_value  0.000000
[rows 0 to 27 of 42, columns 0 to 62 of 74]
0.000000 0.000000 0.000000 0.000000 0.000000 0.000000 0.000000 0.000000 0.000000 0.000000 0.000000 0.000000 0.000000 0.000000 0.000000 0.000000 0.000000 0.000000 0.000000 0.000000 0.000000 0.000000 0.000000 0.000000 0.000000 0.000000 0.000000 0.000000 0.000000 0.000000 0.000000 0.000000 0.000000 0.000000 0.000000 0.000000 0.000000 0.000000 0.000000 0.000000 0.000000 0.000000 0.000000 0.000000 0.000000 0.001190 0.004762 0.004762 0.003571 0.001190 0.000000 0.000000 0.001190 0.001190 0.002381 0.003571 0.000000 0.000000 0.000000 0.000000 0.000000 0.000000 0.000000
0.000000 0.000000 0.000000 0.000000 0.000000 0.000000 0.000000 0.000000 0.000000 0.000000 0.000000 0.000000 0.000000 0.000000 0.000000 0.000000 0.000000 0.000000 0.000000 0.000000 0.000000 0.000000 0.000000 0.000000 0.001190 0.000000 0.000000 0.000000 0.000000 0.000000 0.000000 0.000000 0.000000 0.000000 0.000000 0.000000 0.000000 0.000000 0.000000 0.000000 0.000000 0.000000 0.000000 0.002381 0.004762 0.004762 0.004762 0.004762 0.004762 0.001190 0.000000 0.003571 0.007143 0.010714 0.013095 0.013095 0.010714 0.007143 0.008333 0.008333 0.000000 0.000000 0.000000
0.000000 0.000000 0.000000 0.000000 0.000000 0.000000 0.000000 0.000000 0.000000 0.000000 0.000000 0.000000 0.000000 0.000000 0.000000 0.000000 0.000000 0.000000 0.000000 0.000000 0.000000 0.001190 0.001190 0.003571 0.004762 0.000000 0.000000 0.000000 0.000000 0.000000 0.000000 0.000000 0.000000 0.000000 0.000000 0.000000 0.000000 0.000000 0.000000 0.001190 0.001190 0.002381 0.007143 0.007143 0.007143 0.000000 0.000000 0.000000 0.002381 0.003571 0.007143 0.010714 0.014286 0.017857 0.019048 0.020238 0.019048 0.011905 0.010714 0.008333 0.000000 0.000000 0.000000
0.000000 0.000000 0.000000 0.000000 0.000000 0.000000 0.000000 0.000000 0.000000 0.000000 0.000000 0.000000 0.000000 0.000000 0.000000 0.000000 0.000000 0.000000 0.000000 0.000000 0.001190 0.001190 0.004762 0.008333 0.015476 0.000000 0.000000 0.003571 0.007143 0.013095 0.016667 0.000000 0.000000 0.000000 0.000000 0.000000 0.000000 0.000000 0.001190 0.003571 0.004762 0.007143 0.008333 0.007143 0.007143 0.000000 0.000000 0.002381 0.007143 0.011905 0.020238 0.025000 0.025000 0.025000 0.028571 0.023810 0.017857 0.016667 0.013095 0.010714 0.008333 0.000000 0.000000
0.000000 0.000000 0.000000 0.000000 0.000000 0.000000 0.000000 0.000000 0.000000 0.000000 0.000000 0.000000 0.000000 0.000000 0.000000 0.000000 0.000000 0.000000 0.000000 0.000000 0.004762 0.008333 0.019048 0.033333 0.046429 0.000000 0.000000 0.030952 0.026190 0.020238 0.025000 0.001190 0.000000 0.000000 0.000000 0.000000 0.000000 0.002381 0.004762 0.008333 0.014286 0.023810 0.000000 0.000000 0.000000 0.000000 0.000000 0.015476 0.032143 0.034524 0.039286 0.039286 0.039286 0.039286 0.036905 0.029762 0.025000 0.000000 0.000000 0.000000 0.002381 0.002381 0.002381
0.000000 0.000000 0.000000 0.000000 0.000000 0.000000 0.000000 0.000000 0.000000 0.000000 0.000000 0.000000 0.000000 0.000000 0.000000 0.000000 0.002381 0.000000 0.000000 0.008333 0.022619 0.035714 0.045238 0.059524 0.075000 0.082143 0.084524 0.002381 0.026190 0.019048 0.029762 0.035714 0.000000 0.000000 0.000000 0.000000 0.001190 0.007143 0.015476 0.028571 0.038095 0.054762 0.000000 0.000000 0.000000 0.010714 0.046429 0.059524 0.063095 0.058333 0.054762 0.052381 0.046429 0.039286 0.038095 0.033333 0.026190 0.000000 0.000000 0.000000 0.000000 0.000000 0.000000
0.000000 0.000000 0.000000 0.000000 0.000000 0.000000 0.000000 0.000000 0.000000 0.000000 0.000000 0.000000 0.000000 0.000000 0.001190 0.003571 0.008333 0.011905 0.000000 0.039286 0.050000 0.066667 0.078571 0.085714 0.097619 0.105952 0.109524 0.011905 0.003571 0.034524 0.078571 0.091667 0.000000 0.000000 0.000000 0.002381 0.004762 0.027381 0.046429 0.065476 0.071429 0.083333 0.000000 0.000000 0.000000 0.088095 0.079762 0.072619 0.069048 0.059524 0.057143 0.054762 0.047619 0.035714 0.033333 0.032143 0.026190 0.021429 0.000000 0.000000 0.000000 0.000000 0.000000
0.000000 0.000000 0.000000 0.000000 0.000000 0.000000 0.000000 0.000000 0.000000 0.000000 0.000000 0.000000 0.000000 0.001190 0.003571 0.007143 0.010714 0.033333 0.048810 0.064286 0.075000 0.091667 0.104762 0.120238 0.128571 0.132143 0.135714 0.016667 0.015476 0.132143 0.132143 0.000000 0.000000 0.000000 0.004762 0.017857 0.033333 0.071429 0.095238 0.109524 0.117857 0.122619 0.128571 0.119048 0.115476 0.000000 0.000000 0.060714 0.054762 0.051190 0.046429 0.040476 0.030952 0.027381 0.028571 0.023810 0.021429 0.019048 0.020238 0.000000 0.000000 0.000000 0.000000
0.000000 0.000000 0.000000 0.000000 0.000000 0.000000 0.000000 0.000000 0.000000 0.000000 0.001190 0.001190 0.004762 0.007143 0.021429 0.029762 0.036905 0.058333 0.071429 0.094048 0.114286 0.134524 0.140476 0.144048 0.146429 0.147619 0.148810 0.144048 0.144048 0.148810 0.147619 0.000000 0.000000 0.013095 0.059524 0.082143 0.086905 0.136905 0.144048 0.144048 0.144048 0.142857 0.144048 0.141667 0.002381 0.000000 0.000000 0.003571 0.004762 0.014286 0.010714 0.013095 0.016667 0.020238 0.026190 0.032143 0.029762 0.029762 0.030952 0.030952 0.029762 0.000000 0.000000
0.000000 0.000000 0.000000 0.000000 0.000000 0.000000 0.000000 0.000000 0.000000 0.000000 0.003571 0.005952 0.009524 0.032143 0.039286 0.044048 0.065476 0.111905 0.142857 0.166667 0.173810 0.153571 0.153571 0.152381 0.153571 0.152381 0.153571 0.161905 0.158333 0.154762 0.151190 0.147619 0.000000 0.135714 0.147619 0.151190 0.157143 0.154762 0.161905 0.161905 0.160714 0.158333 0.155952 0.153571 0.007143 0.000000 0.000000 0.001190 0.002381 0.003571 0.010714 0.015476 0.027381 0.036905 0.042857 0.045238 0.048810 0.050000 0.047619 0.042857 0.041667 0.035714 0.033333
0.000000 0.000000 0.000000 0.000000 0.000000 0.000000 0.000000 0.000000 0.000000 0.001190 0.004762 0.020238 0.050000 0.058333 0.066667 0.091667 0.148810 0.192857 0.241667 0.157143 0.158333 0.161905 0.148810 0.154762 0.165476 0.170238 0.172619 0.086905 0.152381 0.154762 0.151190 0.152381 0.154762 0.158333 0.165476 0.179762 0.180952 0.182143 0.188095 0.182143 0.177381 0.170238 0.165476 0.157143 0.000000 0.000000 0.000000 0.000000 0.000000 0.013095 0.042857 0.057143 0.058333 0.060714 0.058333 0.058333 0.057143 0.055952 0.055952 0.052381 0.046429 0.042857 0.036905
0.000000 0.000000 0.000000 0.000000 0.000000 0.000000 0.000000 0.000000 0.000000 0.000000 0.000000 0.077381 0.075000 0.073810 0.175000 0.275000 0.302381 0.316667 0.332143 0.191667 0.192857 0.197619 0.194048 0.180952 0.185714 0.192857 0.138095 0.134524 0.116667 0.126190 0.167857 0.180952 0.205952 0.209524 0.204762 0.204762 0.197619 0.191667 0.191667 0.190476 0.185714 0.176190 0.169048 0.000000 0.000000 0.000000 0.000000 0.000000 0.000000 0.072619 0.078571 0.080952 0.086905 0.082143 0.082143 0.075000 0.070238 0.069048 0.060714 0.055952 0.053571 0.048810 0.000000
0.000000 0.000000 0.000000 0.000000 0.000000 0.002381 0.000000 0.047619 0.075000 0.108333 0.176190 0.000000 0.107143 0.259524 0.316667 0.340476 0.352381 0.365476 0.375000 0.227381 0.221429 0.273810 0.217857 0.205952 0.273810 0.271429 0.166667 0.155952 0.147619 0.232143 0.227381 0.225000 0.223810 0.216667 0.209524 0.205952 0.201190 0.190476 0.192857 0.189286 0.186905 0.180952 0.176190 0.000000 0.000000 0.023810 0.064286 0.092857 0.097619 0.104762 0.103571 0.104762 0.104762 0.101190 0.096429 0.085714 0.077381 0.067857 0.058333 0.054762 0.047619 0.046429 0.000000
0.000000 0.000000 0.000000 0.000000 0.000000 0.011905 0.060714 0.090476 0.203571 0.252381 0.332143 0.000000 0.444048 0.491667 0.495238 0.514286 0.521429 0.532143 0.513095 0.232143 0.228571 0.282143 0.296429 0.307143 0.311905 0.304762 0.298810 0.290476 0.252381 0.128571 0.117857 0.207143 0.205952 0.203571 0.201190 0.198810 0.197619 0.200000 0.201190 0.196429 0.194048 0.189286 0.186905 0.000000 0.000000 0.113095 0.121429 0.122619 0.121429 0.123810 0.122619 0.120238 0.119048 0.000000 0.000000 0.000000 0.028571 0.044048 0.050000 0.050000 0.052381 0.047619 0.000000
0.000000 0.000000 0.000000 0.000000 0.013095 0.019048 0.153571 0.252381 0.333333 0.426190 0.485714 0.513095 0.530952 0.548810 0.551190 0.563095 0.564286 0.541667 0.428571 0.246429 0.230952 0.384524 0.378571 0.375000 0.359524 0.310714 0.307143 0.300000 0.259524 0.142857 0.116667 0.144048 0.171429 0.197619 0.215476 0.215476 0.222619 0.220238 0.210714 0.203571 0.203571 0.128571 0.123810 0.128571 0.127381 0.126190 0.127381 0.127381 0.132143 0.135714 0.139286 0.139286 0.000000 0.000000 0.000000 0.002381 0.020238 0.064286 0.069048 0.072619 0.067857 0.071429 0.065476
0.000000 0.000000 0.000000 0.040476 0.084524 0.165476 0.310714 0.529762 0.614286 0.636905 0.677381 0.690476 0.704762 0.589286 0.582143 0.538095 0.530952 0.521429 0.453571 0.466667 0.439286 0.394048 0.394048 0.384524 0.371429 0.315476 0.311905 0.302381 0.266667 0.157143 0.151190 0.248810 0.245238 0.242857 0.239286 0.239286 0.238095 0.232143 0.229762 0.223810 0.207143 0.134524 0.123810 0.121429 0.125000 0.132143 0.150000 0.169048 0.172619 0.165476 0.160714 0.150000 0.147619 0.000000 0.000000 0.061905 0.105952 0.115476 0.109524 0.096429 0.085714 0.073810 0.066667
0.000000 0.000000 0.000000 0.075000 0.251190 0.565476 0.636905 0.684524 0.775000 0.782143 0.792857 0.791667 0.789286 0.000000 0.395238 0.394048 0.392857 0.459524 0.501190 0.515476 0.514286 0.402381 0.400000 0.388095 0.375000 0.328571 0.321429 0.309524 0.302381 0.261905 0.261905 0.255952 0.253571 0.253571 0.250000 0.239286 0.229762 0.233333 0.230952 0.228571 0.219048 0.134524 0.134524 0.126190 0.188095 0.186905 0.188095 0.188095 0.186905 0.180952 0.170238 0.161905 0.153571 0.148810 0.141667 0.133333 0.128571 0.120238 0.111905 0.000000 0.000000 0.063095 0.060714
0.000000 0.017857 0.000000 0.377381 0.652381 0.809524 0.811905 0.821429 0.823810 0.822619 0.821429 0.814286 0.813095 0.000000 0.139286 0.000000 0.494048 0.500000 0.482143 0.477381 0.477381 0.384524 0.398810 0.378571 0.375000 0.370238 0.326190 0.317857 0.311905 0.278571 0.275000 0.271429 0.263095 0.260714 0.259524 0.252381 0.247619 0.242857 0.240476 0.235714 0.230952 0.225000 0.215476 0.208333 0.200000 0.195238 0.194048 0.190476 0.189286 0.185714 0.171429 0.165476 0.157143 0.146429 0.140476 0.135714 0.128571 0.120238 0.107143 0.000000 0.000000 0.004762 0.004762
0.000000 0.073810 0.516667 0.000000 0.000000 0.000000 0.000000 0.000000 0.838095 0.834524 0.834524 0.825000 0.825000 0.000000 0.715476 0.616667 0.000000 0.000000 0.348810 0.342857 0.407143 0.367857 0.429762 0.414286 0.407143 0.385714 0.342857 0.330952 0.320238 0.283333 0.282143 0.276190 0.271429 0.266667 0.265476 0.247619 0.236905 0.238095 0.236905 0.236905 0.228571 0.226190 0.220238 0.215476 0.209524 0.198810 0.195238 0.189286 0.184524 0.180952 0.171429 0.165476 0.153571 0.146429 0.138095 0.134524 0.123810 0.117857 0.107143 0.000000 0.000000 0.004762 0.004762
0.000000 0.000000 0.000000 0.000000 0.000000 0.000000 0.000000 0.000000 0.000000 0.836905 0.834524 0.834524 0.825000 0.821429 0.820238 0.802381 0.626190 0.000000 0.141667 0.441667 0.515476 0.547619 0.471429 0.444048 0.416667 0.386905 0.347619 0.329762 0.290476 0.285714 0.279762 0.276190 0.267857 0.264286 0.264286 0.253571 0.241667 0.239286 0.235714 0.228571 0.225000 0.219048 0.219048 0.204762 0.205952 0.200000 0.190476 0.186905 0.184524 0.173810 0.167857 0.159524 0.152381 0.144048 0.133333 0.127381 0.115476 0.104762 0.095238 0.000000 0.000000 0.000000 0.000000
0.000000 0.000000 0.000000 0.000000 0.000000 0.000000 0.000000 0.000000 0.000000 0.000000 0.834524 0.834524 0.825000 0.827381 0.832143 0.826190 0.809524 0.000000 0.598810 0.594048 0.592857 0.425000 0.294048 0.373810 0.358333 0.332143 0.319048 0.292857 0.286905 0.283333 0.276190 0.275000 0.267857 0.263095 0.254762 0.246429 0.239286 0.238095 0.232143 0.228571 0.222619 0.220238 0.217857 0.211905 0.203571 0.194048 0.186905 0.182143 0.177381 0.166667 0.155952 0.000000 0.000000 0.090476 0.098810 0.098810 0.092857 0.086905 0.076190 0.000000 0.000000 0.000000 0.000000
0.000000 0.000000 0.000000 0.000000 0.000000 0.000000 0.000000 0.000000 0.000000 0.000000 0.000000 0.834524 0.834524 0.834524 0.834524 0.834524 0.811905 0.626190 0.586905 0.566667 0.560714 0.300000 0.280952 0.320238 0.316667 0.298810 0.282143 0.284524 0.283333 0.279762 0.273810 0.271429 0.265476 0.147619 0.145238 0.134524 0.201190 0.203571 0.200000 0.200000 0.197619 0.201190 0.196429 0.189286 0.188095 0.183333 0.178571 0.170238 0.163095 0.157143 0.145238 0.000000 0.000000 0.013095 0.017857 0.033333 0.040476 0.042857 0.000000 0.000000 0.000000 0.000000 0.000000
0.000000 0.000000 0.000000 0.000000 0.000000 0.000000 0.000000 0.000000 0.000000 0.000000 0.000000 0.835714 0.834524 0.834524 0.834524 0.583333 0.484524 0.435714 0.423810 0.415476 0.395238 0.290476 0.264286 0.342857 0.346429 0.334524 0.332143 0.296429 0.292857 0.280952 0.278571 0.270238 0.265476 0.146429 0.139286 0.123810 0.146429 0.169048 0.170238 0.172619 0.177381 0.173810 0.176190 0.175000 0.172619 0.169048 0.167857 0.164286 0.155952 0.148810 0.141667 0.000000 0.000000 0.003571 0.009524 0.011905 0.015476 0.021429 0.000000 0.000000 0.000000 0.000000 0.000000
0.000000 0.000000 0.000000 0.000000 0.000000 0.000000 0.000000 0.000000 0.000000 0.000000 0.000000 0.834524 0.834524 0.832143 0.786905 0.585714 0.459524 0.441667 0.426190 0.400000 0.394048 0.422619 0.413095 0.409524 0.366667 0.357143 0.336905 0.308333 0.208333 0.208333 0.179762 0.182143 0.246429 0.144048 0.141667 0.176190 0.175000 0.172619 0.171429 0.171429 0.169048 0.167857 0.167857 0.164286 0.164286 0.163095 0.159524 0.155952 0.026190 0.022619 0.021429 0.000000 0.000000 0.000000 0.000000 0.000000 0.002381 0.003571 0.003571 0.000000 0.000000 0.000000 0.000000
0.000000 0.000000 0.000000 0.000000 0.000000 0.000000 0.000000 0.000000 0.000000 0.000000 0.000000 0.834524 0.835714 0.836905 0.836905 0.596429 0.469048 0.455952 0.435714 0.423810 0.511905 0.477381 0.441667 0.426190 0.384524 0.371429 0.332143 0.309524 0.208333 0.208333 0.179762 0.179762 0.157143 0.167857 0.178571 0.111905 0.092857 0.079762 0.127381 0.123810 0.154762 0.157143 0.158333 0.157143 0.155952 0.155952 0.148810 0.141667 0.025000 0.022619 0.021429 0.000000 0.000000 0.000000 0.000000 0.000000 0.002381 0.008333 0.010714 0.009524 0.007143 0.004762 0.003571
0.000000 0.000000 0.000000 0.000000 0.000000 0.000000 0.000000 0.000000 0.000000 0.000000 0.000000 0.838095 0.835714 0.835714 0.835714 0.679762 0.640476 0.625000 0.585714 0.533333 0.498810 0.461905 0.436905 0.408333 0.384524 0.210714 0.279762 0.277381 0.209524 0.209524 0.179762 0.178571 0.144048 0.202381 0.204762 0.115476 0.088095 0.064286 0.083333 0.080952 0.113095 0.132143 0.153571 0.172619 0.172619 0.017857 0.002381 0.000000 0.000000 0.000000 0.036905 0.035714 0.034524 0.000000 0.000000 0.000000 0.022619 0.021429 0.017857 0.015476 0.011905 0.009524 0.004762
0.041667 0.000000 0.000000 0.000000 0.000000 0.000000 0.000000 0.000000 0.000000 0.000000 0.834524 0.834524 0.833333 0.775000 0.703571 0.603571 0.588095 0.527381 0.522619 0.464286 0.459524 0.419048 0.386905 0.369048 0.342857 0.210714 0.208333 0.208333 0.208333 0.207143 0.201190 0.204762 0.216667 0.219048 0.217857 0.219048 0.220238 0.064286 0.138095 0.135714 0.192857 0.197619 0.196429 0.190476 0.180952 0.023810 0.001190 0.000000 0.000000 0.000000 0.014286 0.029762 0.000000 0.040476 0.035714 0.030952 0.027381 0.025000 0.021429 0.016667 0.000000 0.000000 0.000000
0.008333 0.000000 0.000000 0.000000 0.000000 0.000000 0.000000 0.000000 0.000000 0.000000 0.289286 0.289286 0.515476 0.497619 0.494048 0.489286 0.461905 0.445238 0.419048 0.394048 0.384524 0.366667 0.347619 0.314286 0.298810 0.208333 0.207143 0.207143 0.207143 0.205952 0.248810 0.244048 0.241667 0.235714 0.228571 0.227381 0.217857 0.220238 0.219048 0.207143 0.201190 0.198810 0.195238 0.050000 0.032143 0.140476 0.130952 0.000000 0.000000 0.000000 0.050000 0.046429 0.046429 0.041667 0.036905 0.033333 0.028571 0.023810 0.021429 0.019048 0.000000 0.000000 0.000000
