FireSTARR/test/output/SLK/SLK057/2018-07-08_1720/intensity_H_190_2018-07-09.asc
ncols         132
nrows         101
xllcorner     565343.378600
yllcorner     5838602.364000
cellsize      100.000000
NODATA_value  0.000000
[rows 56 to 83 of 101, columns 63 to 125 of 132]
0.054762 0.054762 0.054762 0.036905 0.033333 0.040476 0.042857 0.051190 0.052381 0.058333 0.059524 0.060714 0.064286 0.072619 0.088095 0.096429 0.017857 0.019048 0.017857 0.017857 0.017857 0.083333 0.078571 0.078571 0.079762 0.073810 0.069048 0.067857 0.065476 0.066667 0.059524 0.057143 0.055952 0.016667 0.016667 0.000000 0.000000 0.020238 0.016667 0.015476 0.014286 0.017857 0.022619 0.003571 0.004762 0.004762 0.005952 0.005952 0.005952 0.005952 0.005952 0.001190 0.000000 0.000000 0.000000 0.000000 0.000000 0.000000 0.000000 0.000000 0.000000 0.000000 0.000000
0.063095 0.063095 0.058333 0.039286 0.030952 0.039286 0.044048 0.047619 0.051190 0.053571 0.055952 0.057143 0.057143 0.064286 0.073810 0.017857 0.017857 0.019048 0.017857 0.017857 0.014286 0.061905 0.075000 0.077381 0.077381 0.076190 0.071429 0.070238 0.066667 0.065476 0.061905 0.059524 0.058333 0.053571 0.051190 0.047619 0.039286 0.027381 0.014286 0.013095 0.011905 0.015476 0.017857 0.003571 0.002381 0.000000 0.000000 0.000000 0.005952 0.005952 0.005952 0.001190 0.001190 0.000000 0.000000 0.000000 0.000000 0.000000 0.000000 0.000000 0.000000 0.000000 0.000000
0.067857 0.065476 0.065476 0.039286 0.030952 0.040476 0.040476 0.045238 0.051190 0.051190 0.054762 0.054762 0.055952 0.058333 0.063095 0.019048 0.017857 0.017857 0.026190 0.026190 0.023810 0.029762 0.051190 0.065476 0.073810 0.075000 0.073810 0.071429 0.067857 0.066667 0.061905 0.060714 0.058333 0.057143 0.052381 0.050000 0.046429 0.042857 0.026190 0.019048 0.011905 0.013095 0.015476 0.001190 0.001190 0.000000 0.000000 0.003571 0.005952 0.005952 0.005952 0.001190 0.001190 0.000000 0.000000 0.000000 0.000000 0.000000 0.000000 0.000000 0.000000 0.000000 0.000000
0.078571 0.073810 0.069048 0.069048 0.064286 0.029762 0.026190 0.026190 0.045238 0.052381 0.051190 0.054762 0.055952 0.054762 0.057143 0.019048 0.017857 0.016667 0.026190 0.026190 0.023810 0.023810 0.032143 0.059524 0.066667 0.070238 0.071429 0.071429 0.070238 0.066667 0.063095 0.060714 0.059524 0.058333 0.054762 0.051190 0.048810 0.048810 0.028571 0.025000 0.020238 0.015476 0.014286 0.001190 0.001190 0.000000 0.000000 0.003571 0.005952 0.005952 0.005952 0.001190 0.001190 0.001190 0.000000 0.000000 0.000000 0.000000 0.000000 0.000000 0.000000 0.000000 0.000000
0.079762 0.075000 0.071429 0.071429 0.067857 0.034524 0.023810 0.021429 0.040476 0.046429 0.050000 0.051190 0.054762 0.054762 0.053571 0.021429 0.017857 0.015476 0.019048 0.019048 0.023810 0.022619 0.025000 0.040476 0.058333 0.064286 0.069048 0.066667 0.069048 0.066667 0.066667 0.063095 0.060714 0.059524 0.055952 0.052381 0.051190 0.046429 0.007143 0.005952 0.021429 0.021429 0.020238 0.016667 0.013095 0.010714 0.001190 0.003571 0.004762 0.005952 0.005952 0.001190 0.001190 0.001190 0.000000 0.000000 0.000000 0.000000 0.000000 0.000000 0.000000 0.000000 0.000000
0.078571 0.078571 0.075000 0.073810 0.070238 0.036905 0.025000 0.021429 0.033333 0.040476 0.048810 0.050000 0.051190 0.053571 0.054762 0.020238 0.016667 0.016667 0.016667 0.016667 0.023810 0.023810 0.027381 0.027381 0.039286 0.053571 0.059524 0.064286 0.065476 0.065476 0.063095 0.061905 0.061905 0.059524 0.057143 0.053571 0.051190 0.048810 0.007143 0.004762 0.021429 0.021429 0.020238 0.019048 0.017857 0.001190 0.001190 0.000000 0.000000 0.001190 0.001190 0.001190 0.001190 0.001190 0.000000 0.000000 0.000000 0.000000 0.000000 0.000000 0.000000 0.000000 0.000000
0.076190 0.075000 0.073810 0.071429 0.071429 0.069048 0.066667 0.060714 0.051190 0.044048 0.048810 0.048810 0.020238 0.019048 0.050000 0.019048 0.017857 0.014286 0.015476 0.016667 0.017857 0.023810 0.026190 0.027381 0.029762 0.036905 0.051190 0.054762 0.057143 0.061905 0.063095 0.061905 0.058333 0.059524 0.057143 0.053571 0.050000 0.050000 0.047619 0.047619 0.000000 0.019048 0.020238 0.019048 0.017857 0.001190 0.001190 0.001190 0.000000 0.000000 0.000000 0.000000 0.001190 0.000000 0.000000 0.000000 0.000000 0.000000 0.000000 0.000000 0.000000 0.000000 0.000000
0.072619 0.070238 0.071429 0.071429 0.069048 0.067857 0.065476 0.064286 0.060714 0.058333 0.052381 0.048810 0.019048 0.017857 0.019048 0.017857 0.016667 0.014286 0.013095 0.013095 0.016667 0.019048 0.023810 0.025000 0.026190 0.030952 0.039286 0.050000 0.052381 0.053571 0.055952 0.058333 0.058333 0.057143 0.055952 0.053571 0.051190 0.050000 0.047619 0.047619 0.000000 0.000000 0.000000 0.016667 0.016667 0.001190 0.001190 0.001190 0.001190 0.001190 0.000000 0.000000 0.000000 0.000000 0.000000 0.000000 0.000000 0.000000 0.000000 0.000000 0.000000 0.000000 0.000000
0.066667 0.069048 0.067857 0.067857 0.066667 0.052381 0.053571 0.064286 0.063095 0.060714 0.058333 0.055952 0.019048 0.019048 0.017857 0.016667 0.000000 0.000000 0.011905 0.010714 0.015476 0.017857 0.019048 0.022619 0.023810 0.015476 0.014286 0.014286 0.015476 0.015476 0.050000 0.052381 0.054762 0.054762 0.053571 0.054762 0.050000 0.050000 0.048810 0.046429 0.000000 0.000000 0.000000 0.014286 0.015476 0.001190 0.001190 0.001190 0.001190 0.001190 0.001190 0.000000 0.000000 0.000000 0.000000 0.000000 0.000000 0.000000 0.000000 0.000000 0.000000 0.000000 0.000000
0.065476 0.067857 0.065476 0.066667 0.066667 0.052381 0.052381 0.057143 0.060714 0.059524 0.060714 0.058333 0.022619 0.019048 0.019048 0.016667 0.013095 0.000000 0.000000 0.009524 0.015476 0.015476 0.017857 0.019048 0.022619 0.013095 0.011905 0.011905 0.013095 0.011905 0.039286 0.044048 0.047619 0.046429 0.050000 0.048810 0.047619 0.046429 0.046429 0.046429 0.007143 0.005952 0.002381 0.000000 0.000000 0.001190 0.001190 0.001190 0.001190 0.001190 0.001190 0.000000 0.000000 0.000000 0.000000 0.000000 0.000000 0.000000 0.000000 0.000000 0.000000 0.000000 0.000000
0.063095 0.061905 0.064286 0.065476 0.065476 0.053571 0.053571 0.054762 0.057143 0.059524 0.059524 0.058333 0.021429 0.020238 0.019048 0.016667 0.000000 0.000000 0.000000 0.000000 0.011905 0.015476 0.015476 0.016667 0.019048 0.019048 0.019048 0.017857 0.017857 0.019048 0.025000 0.038095 0.042857 0.042857 0.045238 0.042857 0.042857 0.044048 0.044048 0.042857 0.005952 0.005952 0.000000 0.000000 0.000000 0.001190 0.001190 0.001190 0.001190 0.001190 0.001190 0.000000 0.001190 0.001190 0.001190 0.001190 0.000000 0.000000 0.000000 0.000000 0.000000 0.000000 0.000000
0.060714 0.061905 0.061905 0.063095 0.063095 0.064286 0.061905 0.054762 0.054762 0.033333 0.032143 0.030952 0.021429 0.000000 0.000000 0.000000 0.000000 0.000000 0.000000 0.000000 0.001190 0.013095 0.015476 0.015476 0.015476 0.019048 0.019048 0.017857 0.017857 0.017857 0.019048 0.022619 0.027381 0.039286 0.039286 0.036905 0.036905 0.008333 0.007143 0.005952 0.007143 0.005952 0.000000 0.000000 0.000000 0.001190 0.001190 0.001190 0.001190 0.001190 0.001190 0.001190 0.001190 0.001190 0.001190 0.001190 0.001190 0.000000 0.000000 0.000000 0.000000 0.000000 0.000000
0.060714 0.059524 0.058333 0.060714 0.060714 0.061905 0.063095 0.060714 0.055952 0.033333 0.029762 0.026190 0.000000 0.000000 0.000000 0.000000 0.000000 0.000000 0.000000 0.000000 0.000000 0.008333 0.014286 0.014286 0.015476 0.016667 0.017857 0.017857 0.017857 0.017857 0.017857 0.020238 0.025000 0.026190 0.030952 0.033333 0.032143 0.008333 0.007143 0.003571 0.000000 0.000000 0.000000 0.000000 0.000000 0.000000 0.000000 0.000000 0.001190 0.001190 0.001190 0.001190 0.001190 0.001190 0.001190 0.001190 0.001190 0.000000 0.000000 0.000000 0.000000 0.000000 0.000000
0.058333 0.057143 0.032143 0.030952 0.057143 0.059524 0.059524 0.000000 0.059524 0.033333 0.027381 0.026190 0.000000 0.000000 0.000000 0.000000 0.000000 0.000000 0.000000 0.000000 0.000000 0.001190 0.009524 0.013095 0.014286 0.015476 0.016667 0.017857 0.017857 0.017857 0.017857 0.017857 0.020238 0.025000 0.025000 0.028571 0.028571 0.007143 0.007143 0.003571 0.000000 0.000000 0.000000 0.000000 0.000000 0.000000 0.000000 0.000000 0.000000 0.000000 0.001190 0.000000 0.001190 0.001190 0.001190 0.001190 0.001190 0.001190 0.001190 0.001190 0.000000 0.000000 0.000000
0.053571 0.054762 0.032143 0.028571 0.051190 0.053571 0.055952 0.000000 0.015476 0.019048 0.020238 0.000000 0.000000 0.000000 0.000000 0.000000 0.000000 0.000000 0.000000 0.000000 0.001190 0.001190 0.005952 0.010714 0.014286 0.014286 0.015476 0.015476 0.017857 0.017857 0.017857 0.017857 0.017857 0.020238 0.021429 0.022619 0.026190 0.027381 0.022619 0.019048 0.004762 0.002381 0.001190 0.000000 0.000000 0.000000 0.000000 0.000000 0.000000 0.000000 0.000000 0.000000 0.001190 0.001190 0.001190 0.001190 0.001190 0.001190 0.001190 0.001190 0.001190 0.001190 0.000000
0.051190 0.052381 0.028571 0.026190 0.036905 0.052381 0.053571 0.000000 0.000000 0.014286 0.016667 0.000000 0.000000 0.000000 0.000000 0.000000 0.000000 0.000000 0.000000 0.000000 0.001190 0.001190 0.003571 0.008333 0.009524 0.014286 0.014286 0.008333 0.009524 0.016667 0.017857 0.017857 0.016667 0.019048 0.021429 0.021429 0.021429 0.023810 0.023810 0.002381 0.002381 0.002381 0.002381 0.001190 0.001190 0.000000 0.000000 0.000000 0.000000 0.000000 0.001190 0.001190 0.001190 0.001190 0.001190 0.001190 0.001190 0.001190 0.001190 0.001190 0.001190 0.001190 0.000000
0.044048 0.026190 0.026190 0.026190 0.028571 0.040476 0.050000 0.051190 0.051190 0.033333 0.009524 0.000000 0.000000 0.000000 0.000000 0.000000 0.000000 0.000000 0.000000 0.000000 0.000000 0.001190 0.002381 0.004762 0.008333 0.010714 0.013095 0.005952 0.005952 0.003571 0.004762 0.004762 0.016667 0.016667 0.004762 0.004762 0.004762 0.021429 0.022619 0.004762 0.002381 0.002381 0.002381 0.001190 0.001190 0.001190 0.000000 0.001190 0.001190 0.000000 0.000000 0.001190 0.001190 0.001190 0.001190 0.001190 0.001190 0.001190 0.001190 0.001190 0.001190 0.001190 0.001190
0.034524 0.022619 0.022619 0.022619 0.027381 0.033333 0.038095 0.048810 0.048810 0.038095 0.003571 0.000000 0.000000 0.000000 0.000000 0.000000 0.000000 0.000000 0.000000 0.000000 0.000000 0.001190 0.000000 0.004762 0.007143 0.009524 0.011905 0.003571 0.003571 0.002381 0.003571 0.003571 0.016667 0.016667 0.004762 0.003571 0.003571 0.017857 0.020238 0.003571 0.002381 0.002381 0.000000 0.000000 0.001190 0.001190 0.000000 0.001190 0.001190 0.001190 0.000000 0.000000 0.001190 0.001190 0.001190 0.001190 0.001190 0.001190 0.001190 0.001190 0.001190 0.001190 0.001190
0.033333 0.017857 0.019048 0.019048 0.026190 0.027381 0.032143 0.035714 0.044048 0.035714 0.010714 0.000000 0.000000 0.000000 0.000000 0.000000 0.001190 0.001190 0.000000 0.000000 0.000000 0.000000 0.000000 0.000000 0.002381 0.002381 0.003571 0.009524 0.007143 0.007143 0.005952 0.004762 0.008333 0.016667 0.003571 0.003571 0.003571 0.007143 0.017857 0.003571 0.002381 0.002381 0.000000 0.000000 0.000000 0.000000 0.000000 0.001190 0.001190 0.001190 0.001190 0.001190 0.001190 0.001190 0.001190 0.001190 0.001190 0.001190 0.001190 0.001190 0.001190 0.001190 0.001190
0.033333 0.016667 0.016667 0.014286 0.023810 0.026190 0.027381 0.030952 0.040476 0.040476 0.034524 0.032143 0.026190 0.011905 0.009524 0.004762 0.004762 0.002381 0.001190 0.001190 0.002381 0.000000 0.000000 0.000000 0.002381 0.002381 0.003571 0.007143 0.007143 0.007143 0.007143 0.007143 0.005952 0.011905 0.013095 0.013095 0.010714 0.008333 0.011905 0.002381 0.002381 0.002381 0.000000 0.000000 0.000000 0.000000 0.000000 0.001190 0.001190 0.001190 0.001190 0.001190 0.001190 0.001190 0.001190 0.001190 0.001190 0.001190 0.001190 0.001190 0.001190 0.001190 0.001190
0.030952 0.014286 0.015476 0.015476 0.019048 0.026190 0.026190 0.028571 0.029762 0.035714 0.035714 0.033333 0.032143 0.029762 0.026190 0.019048 0.014286 0.009524 0.007143 0.003571 0.002381 0.002381 0.002381 0.001190 0.002381 0.001190 0.002381 0.002381 0.003571 0.007143 0.007143 0.007143 0.007143 0.007143 0.011905 0.011905 0.010714 0.008333 0.007143 0.002381 0.002381 0.002381 0.000000 0.000000 0.000000 0.000000 0.001190 0.001190 0.001190 0.001190 0.001190 0.001190 0.001190 0.001190 0.001190 0.001190 0.001190 0.001190 0.001190 0.001190 0.001190 0.001190 0.001190
0.029762 0.028571 0.027381 0.026190 0.019048 0.022619 0.026190 0.026190 0.028571 0.028571 0.034524 0.032143 0.032143 0.030952 0.029762 0.027381 0.025000 0.019048 0.014286 0.004762 0.004762 0.002381 0.002381 0.002381 0.002381 0.002381 0.001190 0.001190 0.002381 0.001190 0.001190 0.007143 0.007143 0.007143 0.007143 0.008333 0.009524 0.008333 0.008333 0.001190 0.001190 0.000000 0.000000 0.000000 0.001190 0.000000 0.000000 0.001190 0.001190 0.001190 0.001190 0.001190 0.001190 0.001190 0.001190 0.001190 0.001190 0.001190 0.001190 0.001190 0.001190 0.001190 0.001190
0.028571 0.028571 0.027381 0.027381 0.027381 0.027381 0.025000 0.026190 0.027381 0.028571 0.029762 0.032143 0.030952 0.030952 0.029762 0.028571 0.028571 0.026190 0.021429 0.014286 0.014286 0.009524 0.007143 0.000000 0.002381 0.002381 0.001190 0.001190 0.001190 0.000000 0.000000 0.005952 0.005952 0.005952 0.005952 0.008333 0.008333 0.008333 0.008333 0.008333 0.007143 0.005952 0.004762 0.003571 0.002381 0.001190 0.001190 0.001190 0.001190 0.001190 0.001190 0.001190 0.001190 0.001190 0.001190 0.001190 0.001190 0.001190 0.001190 0.001190 0.001190 0.001190 0.001190
0.013095 0.028571 0.027381 0.027381 0.027381 0.025000 0.026190 0.028571 0.027381 0.029762 0.028571 0.029762 0.029762 0.029762 0.029762 0.029762 0.028571 0.028571 0.026190 0.021429 0.019048 0.014286 0.010714 0.008333 0.005952 0.002381 0.002381 0.002381 0.002381 0.001190 0.001190 0.002381 0.005952 0.005952 0.005952 0.004762 0.007143 0.008333 0.008333 0.008333 0.007143 0.005952 0.005952 0.005952 0.004762 0.003571 0.001190 0.001190 0.001190 0.001190 0.001190 0.001190 0.001190 0.001190 0.001190 0.001190 0.000000 0.000000 0.000000 0.001190 0.001190 0.001190 0.001190
0.005952 0.025000 0.027381 0.027381 0.027381 0.025000 0.025000 0.025000 0.028571 0.028571 0.029762 0.029762 0.029762 0.029762 0.029762 0.029762 0.028571 0.028571 0.027381 0.025000 0.022619 0.016667 0.015476 0.011905 0.008333 0.007143 0.003571 0.002381 0.002381 0.002381 0.001190 0.001190 0.001190 0.004762 0.005952 0.004762 0.004762 0.005952 0.007143 0.005952 0.005952 0.005952 0.005952 0.005952 0.005952 0.003571 0.003571 0.001190 0.001190 0.001190 0.001190 0.001190 0.001190 0.001190 0.001190 0.001190 0.000000 0.000000 0.000000 0.000000 0.001190 0.001190 0.001190
0.019048 0.016667 0.026190 0.027381 0.027381 0.025000 0.025000 0.025000 0.025000 0.026190 0.027381 0.027381 0.028571 0.028571 0.028571 0.028571 0.028571 0.028571 0.003571 0.004762 0.003571 0.002381 0.002381 0.001190 0.000000 0.000000 0.004762 0.003571 0.002381 0.002381 0.002381 0.001190 0.001190 0.001190 0.002381 0.004762 0.004762 0.005952 0.005952 0.005952 0.005952 0.005952 0.005952 0.005952 0.005952 0.004762 0.003571 0.003571 0.003571 0.001190 0.001190 0.001190 0.001190 0.001190 0.001190 0.001190 0.000000 0.000000 0.000000 0.000000 0.000000 0.001190 0.001190
0.019048 0.016667 0.023810 0.000000 0.000000 0.000000 0.014286 0.015476 0.025000 0.023810 0.023810 0.025000 0.026190 0.026190 0.027381 0.027381 0.028571 0.028571 0.003571 0.005952 0.002381 0.002381 0.001190 0.001190 0.000000 0.000000 0.003571 0.003571 0.000000 0.000000 0.000000 0.001190 0.001190 0.001190 0.001190 0.001190 0.003571 0.003571 0.005952 0.005952 0.005952 0.005952 0.005952 0.005952 0.005952 0.004762 0.004762 0.004762 0.003571 0.001190 0.001190 0.001190 0.001190 0.001190 0.001190 0.001190 0.000000 0.000000 0.000000 0.000000 0.000000 0.000000 0.000000
0.016667 0.016667 0.015476 0.007143 0.000000 0.000000 0.008333 0.013095 0.020238 0.020238 0.020238 0.022619 0.022619 0.026190 0.026190 0.027381 0.027381 0.026190 0.026190 0.025000 0.017857 0.008333 0.001190 0.001190 0.001190 0.000000 0.002381 0.002381 0.000000 0.000000 0.000000 0.001190 0.001190 0.001190 0.001190 0.001190 0.001190 0.001190 0.001190 0.002381 0.005952 0.005952 0.005952 0.004762 0.004762 0.004762 0.004762 0.004762 0.004762 0.001190 0.001190 0.001190 0.001190 0.001190 0.001190 0.001190 0.000000 0.000000 0.000000 0.000000 0.000000 0.000000 0.000000
