FireSTARR/test/output/SLK/SLK057/2018-07-08_1720/intensity_L_195_2018-07-14.asc
ncols         333
nrows         315
xllcorner     561643.378600
yllcorner     5834202.364000
cellsize      100.000000
NODATA_value  0.000000
[rows 168 to 195 of 315, columns 63 to 125 of 333]
0.022619 0.016667 0.014286 0.020238 0.016667 0.017857 0.026190 0.002381 0.002381 0.002381 0.003571 0.003571 0.119048 0.084524 0.113095 0.001190 0.002381 0.003571 0.002381 0.001190 0.003571 0.002381 0.003571 0.001190 0.002381 0.003571 0.007143 0.010714 0.003571 0.010714 0.009524 0.007143 0.004762 0.032143 0.034524 0.002381 0.000000 0.000000 0.000000 0.000000 0.000000 0.001190 0.001190 0.000000 0.000000 0.002381 0.000000 0.003571 0.019048 0.020238 0.001190 0.003571 0.002381 0.025000 0.014286 0.008333 0.003571 0.004762 0.005952 0.003571 0.004762 0.007143 0.008333
0.020238 0.022619 0.025000 0.021429 0.020238 0.017857 0.023810 0.002381 0.002381 0.003571 0.002381 0.003571 0.117857 0.066667 0.005952 0.001190 0.001190 0.001190 0.003571 0.002381 0.002381 0.002381 0.004762 0.001190 0.002381 0.004762 0.008333 0.008333 0.003571 0.007143 0.008333 0.007143 0.003571 0.033333 0.034524 0.001190 0.002381 0.000000 0.000000 0.001190 0.001190 0.000000 0.000000 0.000000 0.000000 0.002381 0.003571 0.003571 0.002381 0.002381 0.003571 0.001190 0.002381 0.023810 0.020238 0.017857 0.007143 0.010714 0.005952 0.008333 0.009524 0.009524 0.009524
0.001190 0.002381 0.022619 0.017857 0.014286 0.021429 0.026190 0.002381 0.003571 0.002381 0.003571 0.002381 0.011905 0.122619 0.014286 0.003571 0.001190 0.000000 0.000000 0.001190 0.004762 0.001190 0.003571 0.002381 0.002381 0.007143 0.004762 0.004762 0.003571 0.003571 0.009524 0.005952 0.004762 0.005952 0.001190 0.001190 0.002381 0.001190 0.002381 0.001190 0.002381 0.000000 0.000000 0.000000 0.002381 0.003571 0.004762 0.001190 0.003571 0.003571 0.001190 0.000000 0.003571 0.011905 0.009524 0.022619 0.009524 0.011905 0.002381 0.004762 0.001190 0.001190 0.001190
0.000000 0.002381 0.022619 0.022619 0.020238 0.028571 0.023810 0.002381 0.002381 0.001190 0.003571 0.002381 0.002381 0.000000 0.001190 0.002381 0.002381 0.002381 0.003571 0.002381 0.004762 0.002381 0.004762 0.002381 0.004762 0.007143 0.007143 0.003571 0.008333 0.005952 0.004762 0.002381 0.007143 0.007143 0.002381 0.001190 0.000000 0.002381 0.004762 0.001190 0.002381 0.001190 0.002381 0.001190 0.003571 0.000000 0.002381 0.001190 0.002381 0.002381 0.003571 0.003571 0.002381 0.007143 0.011905 0.025000 0.011905 0.011905 0.002381 0.005952 0.000000 0.001190 0.001190
0.000000 0.002381 0.008333 0.020238 0.022619 0.019048 0.017857 0.003571 0.003571 0.001190 0.005952 0.003571 0.000000 0.002381 0.003571 0.003571 0.000000 0.000000 0.002381 0.002381 0.003571 0.002381 0.000000 0.000000 0.005952 0.000000 0.007143 0.008333 0.008333 0.000000 0.002381 0.004762 0.008333 0.004762 0.002381 0.001190 0.000000 0.002381 0.003571 0.003571 0.003571 0.002381 0.001190 0.001190 0.001190 0.001190 0.002381 0.001190 0.002381 0.002381 0.002381 0.002381 0.001190 0.010714 0.008333 0.023810 0.013095 0.011905 0.003571 0.005952 0.000000 0.000000 0.002381
0.002381 0.003571 0.003571 0.001190 0.045238 0.027381 0.029762 0.021429 0.026190 0.002381 0.004762 0.003571 0.002381 0.003571 0.000000 0.002381 0.000000 0.001190 0.002381 0.002381 0.004762 0.000000 0.001190 0.000000 0.004762 0.004762 0.004762 0.007143 0.005952 0.000000 0.004762 0.002381 0.003571 0.003571 0.003571 0.015476 0.009524 0.010714 0.005952 0.004762 0.000000 0.000000 0.001190 0.002381 0.001190 0.001190 0.001190 0.001190 0.001190 0.000000 0.000000 0.001190 0.009524 0.013095 0.009524 0.020238 0.013095 0.002381 0.002381 0.003571 0.002381 0.002381 0.004762
0.003571 0.007143 0.004762 0.001190 0.042857 0.036905 0.044048 0.026190 0.030952 0.002381 0.004762 0.005952 0.001190 0.003571 0.001190 0.002381 0.002381 0.002381 0.002381 0.000000 0.004762 0.005952 0.004762 0.000000 0.001190 0.003571 0.003571 0.007143 0.004762 0.003571 0.008333 0.003571 0.003571 0.005952 0.004762 0.009524 0.009524 0.005952 0.002381 0.000000 0.000000 0.000000 0.002381 0.001190 0.001190 0.001190 0.001190 0.001190 0.000000 0.000000 0.000000 0.000000 0.009524 0.009524 0.009524 0.022619 0.017857 0.000000 0.002381 0.004762 0.004762 0.001190 0.011905
0.007143 0.005952 0.002381 0.002381 0.004762 0.002381 0.002381 0.002381 0.034524 0.002381 0.003571 0.005952 0.002381 0.002381 0.002381 0.002381 0.001190 0.004762 0.003571 0.004762 0.007143 0.004762 0.003571 0.002381 0.002381 0.002381 0.004762 0.005952 0.008333 0.014286 0.015476 0.015476 0.027381 0.023810 0.026190 0.003571 0.009524 0.005952 0.003571 0.004762 0.001190 0.001190 0.000000 0.001190 0.001190 0.000000 0.000000 0.000000 0.000000 0.000000 0.000000 0.000000 0.002381 0.003571 0.003571 0.003571 0.003571 0.001190 0.001190 0.004762 0.019048 0.016667 0.002381
0.007143 0.004762 0.001190 0.003571 0.004762 0.001190 0.001190 0.002381 0.003571 0.002381 0.002381 0.003571 0.003571 0.003571 0.001190 0.001190 0.000000 0.000000 0.002381 0.003571 0.007143 0.008333 0.001190 0.003571 0.002381 0.002381 0.002381 0.002381 0.003571 0.016667 0.014286 0.014286 0.026190 0.021429 0.003571 0.004762 0.003571 0.003571 0.002381 0.000000 0.001190 0.000000 0.000000 0.000000 0.000000 0.000000 0.001190 0.002381 0.001190 0.001190 0.001190 0.001190 0.003571 0.004762 0.004762 0.003571 0.003571 0.001190 0.001190 0.004762 0.020238 0.014286 0.003571
0.017857 0.017857 0.023810 0.003571 0.002381 0.000000 0.002381 0.001190 0.003571 0.002381 0.003571 0.003571 0.003571 0.003571 0.001190 0.001190 0.001190 0.002381 0.002381 0.001190 0.002381 0.005952 0.007143 0.003571 0.003571 0.003571 0.005952 0.002381 0.004762 0.003571 0.016667 0.015476 0.034524 0.029762 0.004762 0.001190 0.001190 0.003571 0.003571 0.001190 0.001190 0.000000 0.000000 0.000000 0.000000 0.000000 0.000000 0.000000 0.000000 0.000000 0.001190 0.001190 0.004762 0.003571 0.003571 0.002381 0.001190 0.001190 0.002381 0.002381 0.021429 0.021429 0.003571
0.016667 0.017857 0.020238 0.020238 0.036905 0.042857 0.002381 0.002381 0.002381 0.002381 0.003571 0.001190 0.003571 0.002381 0.002381 0.001190 0.003571 0.002381 0.001190 0.002381 0.003571 0.002381 0.003571 0.002381 0.007143 0.007143 0.005952 0.005952 0.002381 0.005952 0.008333 0.009524 0.009524 0.009524 0.048810 0.040476 0.041667 0.002381 0.002381 0.001190 0.000000 0.001190 0.000000 0.000000 0.000000 0.000000 0.000000 0.000000 0.000000 0.000000 0.000000 0.000000 0.001190 0.001190 0.002381 0.001190 0.001190 0.004762 0.002381 0.005952 0.001190 0.002381 0.001190
0.028571 0.028571 0.028571 0.029762 0.041667 0.035714 0.001190 0.003571 0.002381 0.004762 0.004762 0.000000 0.003571 0.002381 0.003571 0.001190 0.003571 0.003571 0.002381 0.053571 0.053571 0.046429 0.001190 0.001190 0.001190 0.002381 0.004762 0.005952 0.002381 0.003571 0.005952 0.004762 0.005952 0.004762 0.046429 0.045238 0.039286 0.001190 0.002381 0.002381 0.002381 0.003571 0.003571 0.000000 0.000000 0.001190 0.001190 0.001190 0.000000 0.000000 0.000000 0.000000 0.001190 0.001190 0.001190 0.002381 0.001190 0.005952 0.007143 0.000000 0.000000 0.000000 0.000000
0.030952 0.007143 0.013095 0.011905 0.005952 0.072619 0.030952 0.036905 0.004762 0.007143 0.005952 0.002381 0.003571 0.005952 0.002381 0.003571 0.004762 0.004762 0.003571 0.054762 0.045238 0.000000 0.002381 0.002381 0.002381 0.007143 0.004762 0.004762 0.004762 0.004762 0.005952 0.007143 0.004762 0.002381 0.002381 0.044048 0.040476 0.005952 0.004762 0.002381 0.002381 0.003571 0.001190 0.002381 0.000000 0.002381 0.001190 0.000000 0.001190 0.000000 0.000000 0.000000 0.001190 0.000000 0.001190 0.000000 0.000000 0.000000 0.001190 0.002381 0.000000 0.000000 0.002381
0.052381 0.014286 0.008333 0.010714 0.004762 0.000000 0.029762 0.033333 0.041667 0.005952 0.005952 0.003571 0.003571 0.007143 0.001190 0.004762 0.065476 0.063095 0.060714 0.058333 0.053571 0.003571 0.002381 0.004762 0.004762 0.003571 0.007143 0.007143 0.008333 0.008333 0.004762 0.000000 0.000000 0.000000 0.004762 0.001190 0.001190 0.005952 0.003571 0.002381 0.002381 0.004762 0.000000 0.001190 0.003571 0.002381 0.000000 0.002381 0.000000 0.000000 0.000000 0.000000 0.000000 0.001190 0.001190 0.001190 0.001190 0.001190 0.001190 0.000000 0.000000 0.000000 0.002381
0.003571 0.060714 0.014286 0.013095 0.010714 0.010714 0.078571 0.000000 0.035714 0.007143 0.009524 0.004762 0.001190 0.008333 0.008333 0.003571 0.082143 0.057143 0.060714 0.003571 0.003571 0.005952 0.005952 0.002381 0.002381 0.003571 0.005952 0.007143 0.008333 0.007143 0.004762 0.000000 0.000000 0.000000 0.001190 0.001190 0.001190 0.001190 0.000000 0.003571 0.002381 0.003571 0.002381 0.001190 0.003571 0.002381 0.000000 0.001190 0.001190 0.000000 0.005952 0.004762 0.000000 0.000000 0.000000 0.001190 0.001190 0.001190 0.000000 0.000000 0.000000 0.002381 0.001190
0.003571 0.064286 0.052381 0.004762 0.003571 0.009524 0.000000 0.000000 0.007143 0.010714 0.010714 0.008333 0.005952 0.008333 0.000000 0.003571 0.090476 0.088095 0.086905 0.001190 0.001190 0.003571 0.003571 0.003571 0.001190 0.002381 0.003571 0.005952 0.009524 0.005952 0.004762 0.002381 0.000000 0.000000 0.016667 0.019048 0.000000 0.000000 0.002381 0.002381 0.002381 0.002381 0.004762 0.005952 0.005952 0.002381 0.002381 0.003571 0.001190 0.002381 0.004762 0.003571 0.005952 0.000000 0.000000 0.001190 0.001190 0.001190 0.000000 0.000000 0.001190 0.000000 0.002381
0.008333 0.078571 0.077381 0.003571 0.005952 0.000000 0.000000 0.000000 0.011905 0.014286 0.019048 0.007143 0.004762 0.013095 0.001190 0.002381 0.003571 0.004762 0.005952 0.094048 0.090476 0.002381 0.003571 0.003571 0.001190 0.004762 0.005952 0.003571 0.010714 0.005952 0.004762 0.002381 0.003571 0.000000 0.045238 0.042857 0.071429 0.003571 0.003571 0.001190 0.002381 0.015476 0.009524 0.009524 0.003571 0.002381 0.003571 0.003571 0.002381 0.003571 0.003571 0.001190 0.002381 0.003571 0.002381 0.003571 0.003571 0.001190 0.001190 0.001190 0.000000 0.001190 0.001190
0.013095 0.011905 0.014286 0.010714 0.005952 0.000000 0.000000 0.008333 0.014286 0.016667 0.017857 0.009524 0.003571 0.005952 0.007143 0.005952 0.003571 0.001190 0.109524 0.102381 0.072619 0.001190 0.003571 0.003571 0.004762 0.008333 0.004762 0.003571 0.011905 0.008333 0.005952 0.003571 0.004762 0.004762 0.003571 0.053571 0.103571 0.103571 0.007143 0.004762 0.005952 0.014286 0.014286 0.015476 0.005952 0.008333 0.005952 0.003571 0.003571 0.002381 0.003571 0.002381 0.001190 0.001190 0.001190 0.004762 0.004762 0.002381 0.000000 0.001190 0.002381 0.001190 0.002381
0.013095 0.015476 0.016667 0.015476 0.013095 0.010714 0.000000 0.005952 0.003571 0.005952 0.005952 0.005952 0.004762 0.007143 0.004762 0.005952 0.005952 0.008333 0.109524 0.000000 0.000000 0.000000 0.000000 0.002381 0.002381 0.005952 0.004762 0.003571 0.005952 0.004762 0.001190 0.003571 0.003571 0.004762 0.004762 0.007143 0.003571 0.003571 0.002381 0.002381 0.008333 0.003571 0.001190 0.001190 0.002381 0.005952 0.005952 0.000000 0.002381 0.001190 0.001190 0.001190 0.002381 0.002381 0.003571 0.004762 0.004762 0.002381 0.000000 0.003571 0.002381 0.002381 0.002381
0.010714 0.077381 0.011905 0.016667 0.019048 0.016667 0.010714 0.009524 0.004762 0.005952 0.008333 0.011905 0.009524 0.005952 0.002381 0.003571 0.004762 0.005952 0.000000 0.000000 0.000000 0.014286 0.034524 0.003571 0.002381 0.005952 0.005952 0.004762 0.004762 0.003571 0.001190 0.002381 0.002381 0.003571 0.004762 0.003571 0.004762 0.008333 0.005952 0.003571 0.002381 0.004762 0.001190 0.001190 0.004762 0.005952 0.004762 0.000000 0.002381 0.001190 0.001190 0.001190 0.002381 0.002381 0.002381 0.000000 0.004762 0.003571 0.003571 0.001190 0.002381 0.002381 0.001190
0.084524 0.066667 0.064286 0.010714 0.015476 0.016667 0.011905 0.009524 0.008333 0.015476 0.017857 0.017857 0.015476 0.008333 0.002381 0.002381 0.002381 0.000000 0.000000 0.033333 0.033333 0.044048 0.053571 0.001190 0.001190 0.004762 0.004762 0.005952 0.003571 0.003571 0.003571 0.004762 0.003571 0.001190 0.007143 0.007143 0.051190 0.045238 0.041667 0.045238 0.004762 0.005952 0.003571 0.003571 0.003571 0.000000 0.000000 0.002381 0.001190 0.001190 0.002381 0.000000 0.000000 0.002381 0.002381 0.002381 0.005952 0.003571 0.003571 0.004762 0.003571 0.003571 0.001190
0.094048 0.102381 0.097619 0.013095 0.016667 0.020238 0.013095 0.008333 0.015476 0.011905 0.016667 0.014286 0.016667 0.011905 0.003571 0.001190 0.005952 0.000000 0.000000 0.002381 0.003571 0.004762 0.004762 0.001190 0.002381 0.002381 0.003571 0.004762 0.002381 0.003571 0.003571 0.002381 0.004762 0.003571 0.005952 0.007143 0.048810 0.038095 0.027381 0.028571 0.030952 0.002381 0.002381 0.003571 0.003571 0.000000 0.001190 0.001190 0.000000 0.000000 0.001190 0.001190 0.001190 0.002381 0.002381 0.004762 0.004762 0.003571 0.003571 0.003571 0.001190 0.001190 0.002381
0.014286 0.016667 0.014286 0.123810 0.117857 0.027381 0.022619 0.014286 0.009524 0.010714 0.013095 0.011905 0.010714 0.015476 0.005952 0.003571 0.005952 0.000000 0.000000 0.003571 0.003571 0.003571 0.005952 0.004762 0.002381 0.005952 0.005952 0.000000 0.000000 0.000000 0.010714 0.003571 0.004762 0.003571 0.004762 0.007143 0.052381 0.046429 0.050000 0.032143 0.034524 0.001190 0.000000 0.000000 0.001190 0.001190 0.001190 0.000000 0.000000 0.001190 0.001190 0.001190 0.000000 0.001190 0.003571 0.003571 0.003571 0.003571 0.002381 0.002381 0.001190 0.000000 0.001190
0.013095 0.014286 0.015476 0.115476 0.113095 0.014286 0.013095 0.015476 0.011905 0.013095 0.011905 0.016667 0.015476 0.015476 0.007143 0.022619 0.021429 0.017857 0.003571 0.008333 0.003571 0.002381 0.005952 0.005952 0.004762 0.003571 0.000000 0.000000 0.000000 0.007143 0.011905 0.004762 0.004762 0.002381 0.007143 0.008333 0.003571 0.002381 0.051190 0.041667 0.035714 0.003571 0.004762 0.032143 0.028571 0.002381 0.001190 0.000000 0.001190 0.001190 0.000000 0.001190 0.002381 0.003571 0.002381 0.001190 0.000000 0.000000 0.002381 0.002381 0.002381 0.001190 0.001190
0.019048 0.013095 0.014286 0.119048 0.116667 0.015476 0.011905 0.011905 0.015476 0.011905 0.011905 0.014286 0.016667 0.017857 0.019048 0.021429 0.022619 0.011905 0.007143 0.005952 0.003571 0.001190 0.001190 0.004762 0.010714 0.008333 0.004762 0.000000 0.000000 0.014286 0.003571 0.005952 0.005952 0.005952 0.005952 0.009524 0.007143 0.005952 0.053571 0.045238 0.040476 0.002381 0.001190 0.029762 0.017857 0.022619 0.004762 0.007143 0.002381 0.002381 0.000000 0.001190 0.001190 0.000000 0.002381 0.001190 0.001190 0.002381 0.001190 0.002381 0.002381 0.001190 0.002381
0.019048 0.011905 0.009524 0.009524 0.015476 0.032143 0.019048 0.016667 0.017857 0.014286 0.020238 0.014286 0.014286 0.020238 0.019048 0.027381 0.028571 0.025000 0.005952 0.004762 0.003571 0.001190 0.001190 0.002381 0.008333 0.008333 0.009524 0.003571 0.005952 0.008333 0.005952 0.004762 0.005952 0.078571 0.065476 0.005952 0.004762 0.002381 0.003571 0.046429 0.008333 0.008333 0.007143 0.030952 0.020238 0.015476 0.005952 0.010714 0.005952 0.003571 0.001190 0.001190 0.001190 0.001190 0.002381 0.002381 0.002381 0.001190 0.001190 0.002381 0.001190 0.021429 0.020238
0.023810 0.010714 0.011905 0.011905 0.017857 0.027381 0.026190 0.027381 0.021429 0.017857 0.015476 0.021429 0.014286 0.020238 0.017857 0.009524 0.003571 0.005952 0.004762 0.003571 0.004762 0.003571 0.001190 0.003571 0.004762 0.007143 0.009524 0.004762 0.004762 0.005952 0.005952 0.005952 0.005952 0.078571 0.054762 0.002381 0.004762 0.002381 0.003571 0.002381 0.011905 0.009524 0.005952 0.026190 0.021429 0.003571 0.002381 0.002381 0.003571 0.005952 0.004762 0.003571 0.003571 0.002381 0.002381 0.003571 0.002381 0.002381 0.001190 0.001190 0.002381 0.019048 0.021429
0.027381 0.021429 0.019048 0.017857 0.021429 0.030952 0.034524 0.023810 0.016667 0.021429 0.023810 0.019048 0.020238 0.026190 0.016667 0.004762 0.002381 0.004762 0.007143 0.003571 0.004762 0.003571 0.003571 0.003571 0.004762 0.003571 0.008333 0.008333 0.003571 0.002381 0.004762 0.004762 0.007143 0.080952 0.054762 0.002381 0.001190 0.001190 0.001190 0.001190 0.004762 0.004762 0.007143 0.022619 0.017857 0.002381 0.002381 0.003571 0.004762 0.004762 0.001190 0.003571 0.004762 0.003571 0.002381 0.002381 0.002381 0.001190 0.001190 0.000000 0.001190 0.022619 0.023810
