FireSTARR/test/output/SLK/SLK057/2018-07-08_1720/intensity_H_191_2018-07-10.asc
ncols         187
nrows         141
xllcorner     565343.378600
yllcorner     5835002.364000
cellsize      100.000000
NODATA_value  0.000000
[rows 56 to 83 of 141, columns 63 to 125 of 187]
0.208333 0.114286 0.121429 0.117857 0.117857 0.115476 0.167857 0.188095 0.111905 0.115476 0.115476 0.227381 0.229762 0.225000 0.223810 0.217857 0.116667 0.111905 0.163095 0.171429 0.186905 0.190476 0.191667 0.194048 0.190476 0.185714 0.180952 0.176190 0.175000 0.000000 0.000000 0.066667 0.066667 0.070238 0.140476 0.138095 0.136905 0.130952 0.135714 0.108333 0.098810 0.096429 0.088095 0.085714 0.020238 0.021429 0.000000 0.000000 0.000000 0.016667 0.015476 0.082143 0.089286 0.092857 0.089286 0.082143 0.015476 0.013095 0.010714 0.008333 0.005952 0.017857 0.017857
0.203571 0.115476 0.115476 0.115476 0.113095 0.117857 0.165476 0.175000 0.119048 0.115476 0.110714 0.209524 0.228571 0.226190 0.225000 0.220238 0.214286 0.213095 0.207143 0.198810 0.194048 0.189286 0.190476 0.189286 0.191667 0.188095 0.185714 0.182143 0.179762 0.000000 0.000000 0.046429 0.058333 0.060714 0.119048 0.133333 0.135714 0.134524 0.132143 0.104762 0.104762 0.114286 0.110714 0.103571 0.022619 0.020238 0.023810 0.016667 0.011905 0.041667 0.058333 0.016667 0.016667 0.086905 0.086905 0.083333 0.016667 0.013095 0.010714 0.010714 0.009524 0.020238 0.020238
0.191667 0.115476 0.119048 0.116667 0.119048 0.121429 0.157143 0.165476 0.169048 0.120238 0.117857 0.173810 0.209524 0.223810 0.223810 0.223810 0.219048 0.215476 0.213095 0.213095 0.208333 0.205952 0.194048 0.195238 0.192857 0.186905 0.188095 0.182143 0.182143 0.178571 0.167857 0.145238 0.129762 0.070238 0.067857 0.067857 0.128571 0.133333 0.107143 0.105952 0.104762 0.115476 0.114286 0.111905 0.021429 0.023810 0.020238 0.016667 0.016667 0.046429 0.055952 0.016667 0.016667 0.015476 0.016667 0.019048 0.016667 0.016667 0.011905 0.011905 0.008333 0.021429 0.021429
0.123810 0.120238 0.120238 0.120238 0.122619 0.115476 0.151190 0.153571 0.165476 0.169048 0.166667 0.170238 0.190476 0.208333 0.215476 0.219048 0.042857 0.041667 0.045238 0.045238 0.210714 0.211905 0.202381 0.198810 0.195238 0.196429 0.192857 0.183333 0.183333 0.178571 0.175000 0.175000 0.166667 0.075000 0.000000 0.000000 0.109524 0.126190 0.103571 0.105952 0.100000 0.113095 0.116667 0.025000 0.023810 0.025000 0.057143 0.016667 0.017857 0.051190 0.057143 0.021429 0.019048 0.016667 0.017857 0.017857 0.016667 0.016667 0.011905 0.010714 0.008333 0.020238 0.022619
0.166667 0.167857 0.165476 0.117857 0.111905 0.136905 0.145238 0.153571 0.158333 0.166667 0.165476 0.166667 0.176190 0.197619 0.204762 0.211905 0.042857 0.046429 0.044048 0.044048 0.044048 0.210714 0.200000 0.202381 0.202381 0.196429 0.188095 0.191667 0.189286 0.188095 0.179762 0.176190 0.173810 0.073810 0.071429 0.000000 0.000000 0.113095 0.100000 0.100000 0.102381 0.115476 0.117857 0.022619 0.023810 0.025000 0.057143 0.057143 0.057143 0.057143 0.055952 0.019048 0.021429 0.017857 0.019048 0.017857 0.015476 0.013095 0.009524 0.011905 0.010714 0.019048 0.021429
0.170238 0.177381 0.175000 0.121429 0.108333 0.136905 0.141667 0.150000 0.155952 0.160714 0.167857 0.169048 0.172619 0.180952 0.195238 0.041667 0.044048 0.044048 0.044048 0.046429 0.041667 0.171429 0.198810 0.204762 0.198810 0.195238 0.194048 0.196429 0.191667 0.190476 0.184524 0.183333 0.178571 0.172619 0.166667 0.155952 0.141667 0.120238 0.095238 0.101190 0.100000 0.115476 0.120238 0.023810 0.021429 0.000000 0.000000 0.000000 0.057143 0.057143 0.057143 0.019048 0.021429 0.020238 0.016667 0.016667 0.016667 0.016667 0.014286 0.011905 0.011905 0.008333 0.009524
0.173810 0.175000 0.176190 0.114286 0.108333 0.145238 0.147619 0.148810 0.155952 0.161905 0.163095 0.167857 0.171429 0.176190 0.189286 0.047619 0.051190 0.046429 0.100000 0.102381 0.101190 0.120238 0.141667 0.191667 0.197619 0.197619 0.196429 0.196429 0.194048 0.191667 0.184524 0.180952 0.179762 0.175000 0.171429 0.167857 0.164286 0.159524 0.107143 0.105952 0.100000 0.111905 0.116667 0.022619 0.021429 0.000000 0.000000 0.032143 0.055952 0.057143 0.057143 0.019048 0.017857 0.016667 0.016667 0.015476 0.015476 0.014286 0.013095 0.011905 0.011905 0.008333 0.007143
0.180952 0.179762 0.177381 0.179762 0.175000 0.103571 0.103571 0.107143 0.150000 0.158333 0.160714 0.163095 0.167857 0.170238 0.176190 0.047619 0.046429 0.046429 0.098810 0.101190 0.097619 0.104762 0.129762 0.167857 0.186905 0.197619 0.197619 0.197619 0.196429 0.189286 0.183333 0.183333 0.182143 0.175000 0.173810 0.172619 0.171429 0.171429 0.115476 0.115476 0.111905 0.109524 0.115476 0.023810 0.022619 0.000000 0.000000 0.039286 0.053571 0.057143 0.058333 0.019048 0.019048 0.017857 0.014286 0.013095 0.010714 0.010714 0.022619 0.022619 0.022619 0.020238 0.020238
0.185714 0.182143 0.180952 0.182143 0.183333 0.104762 0.089286 0.091667 0.142857 0.152381 0.159524 0.161905 0.165476 0.169048 0.171429 0.054762 0.052381 0.045238 0.085714 0.085714 0.094048 0.097619 0.110714 0.139286 0.171429 0.185714 0.195238 0.194048 0.195238 0.192857 0.184524 0.185714 0.183333 0.182143 0.177381 0.173810 0.172619 0.167857 0.034524 0.032143 0.114286 0.116667 0.116667 0.117857 0.116667 0.107143 0.019048 0.048810 0.057143 0.058333 0.059524 0.019048 0.019048 0.020238 0.015476 0.015476 0.011905 0.009524 0.022619 0.022619 0.023810 0.020238 0.019048
0.186905 0.189286 0.186905 0.184524 0.184524 0.101190 0.091667 0.090476 0.139286 0.150000 0.158333 0.159524 0.164286 0.164286 0.170238 0.055952 0.052381 0.048810 0.082143 0.079762 0.095238 0.097619 0.110714 0.125000 0.145238 0.170238 0.180952 0.191667 0.190476 0.192857 0.184524 0.182143 0.183333 0.182143 0.177381 0.176190 0.173810 0.171429 0.032143 0.027381 0.109524 0.116667 0.116667 0.120238 0.120238 0.023810 0.022619 0.016667 0.021429 0.019048 0.017857 0.020238 0.019048 0.016667 0.015476 0.015476 0.013095 0.009524 0.022619 0.025000 0.025000 0.020238 0.000000
0.183333 0.182143 0.183333 0.183333 0.186905 0.188095 0.185714 0.176190 0.172619 0.165476 0.164286 0.161905 0.055952 0.052381 0.163095 0.058333 0.053571 0.045238 0.078571 0.078571 0.090476 0.095238 0.109524 0.115476 0.132143 0.146429 0.166667 0.171429 0.180952 0.186905 0.188095 0.188095 0.179762 0.178571 0.173810 0.176190 0.173810 0.170238 0.164286 0.164286 0.000000 0.107143 0.114286 0.119048 0.117857 0.022619 0.021429 0.021429 0.022619 0.020238 0.020238 0.016667 0.017857 0.017857 0.017857 0.013095 0.013095 0.009524 0.027381 0.028571 0.011905 0.010714 0.000000
0.184524 0.184524 0.185714 0.183333 0.183333 0.185714 0.184524 0.184524 0.180952 0.177381 0.175000 0.169048 0.057143 0.051190 0.051190 0.053571 0.050000 0.045238 0.045238 0.047619 0.088095 0.094048 0.102381 0.110714 0.114286 0.132143 0.152381 0.164286 0.167857 0.176190 0.179762 0.180952 0.178571 0.177381 0.177381 0.177381 0.171429 0.170238 0.164286 0.164286 0.000000 0.000000 0.000000 0.110714 0.115476 0.023810 0.023810 0.025000 0.053571 0.053571 0.023810 0.016667 0.016667 0.017857 0.016667 0.013095 0.010714 0.010714 0.029762 0.030952 0.007143 0.000000 0.000000
0.179762 0.182143 0.184524 0.184524 0.183333 0.155952 0.155952 0.186905 0.184524 0.182143 0.180952 0.176190 0.055952 0.052381 0.044048 0.046429 0.000000 0.000000 0.045238 0.041667 0.083333 0.091667 0.098810 0.103571 0.110714 0.075000 0.071429 0.075000 0.072619 0.075000 0.167857 0.176190 0.180952 0.177381 0.172619 0.176190 0.173810 0.171429 0.167857 0.164286 0.000000 0.000000 0.000000 0.100000 0.108333 0.026190 0.027381 0.025000 0.054762 0.054762 0.025000 0.020238 0.015476 0.000000 0.000000 0.035714 0.035714 0.034524 0.009524 0.009524 0.007143 0.000000 0.000000
0.177381 0.180952 0.177381 0.180952 0.183333 0.147619 0.151190 0.176190 0.182143 0.182143 0.179762 0.182143 0.059524 0.051190 0.051190 0.046429 0.039286 0.000000 0.000000 0.038095 0.082143 0.086905 0.095238 0.103571 0.105952 0.075000 0.075000 0.073810 0.078571 0.070238 0.152381 0.164286 0.170238 0.172619 0.172619 0.171429 0.172619 0.171429 0.170238 0.170238 0.028571 0.027381 0.021429 0.000000 0.000000 0.025000 0.022619 0.025000 0.054762 0.054762 0.023810 0.020238 0.017857 0.000000 0.000000 0.042857 0.041667 0.040476 0.009524 0.007143 0.008333 0.000000 0.000000
0.178571 0.178571 0.177381 0.180952 0.182143 0.151190 0.153571 0.166667 0.176190 0.177381 0.178571 0.179762 0.054762 0.054762 0.051190 0.046429 0.000000 0.000000 0.000000 0.000000 0.076190 0.085714 0.088095 0.096429 0.104762 0.104762 0.104762 0.103571 0.103571 0.102381 0.123810 0.152381 0.160714 0.166667 0.173810 0.170238 0.170238 0.172619 0.171429 0.169048 0.027381 0.027381 0.000000 0.000000 0.000000 0.021429 0.021429 0.020238 0.020238 0.023810 0.054762 0.000000 0.047619 0.047619 0.046429 0.045238 0.044048 0.044048 0.010714 0.008333 0.008333 0.004762 0.003571
0.170238 0.175000 0.180952 0.180952 0.178571 0.179762 0.176190 0.170238 0.170238 0.111905 0.109524 0.115476 0.055952 0.000000 0.000000 0.000000 0.000000 0.000000 0.000000 0.000000 0.050000 0.080952 0.085714 0.094048 0.102381 0.104762 0.104762 0.104762 0.103571 0.104762 0.113095 0.127381 0.145238 0.157143 0.161905 0.167857 0.166667 0.029762 0.026190 0.026190 0.028571 0.027381 0.000000 0.000000 0.000000 0.004762 0.021429 0.021429 0.022619 0.022619 0.053571 0.054762 0.054762 0.054762 0.052381 0.051190 0.048810 0.017857 0.014286 0.010714 0.000000 0.000000 0.000000
0.171429 0.167857 0.170238 0.176190 0.176190 0.179762 0.178571 0.177381 0.176190 0.115476 0.113095 0.108333 0.000000 0.000000 0.000000 0.000000 0.008333 0.010714 0.016667 0.027381 0.040476 0.072619 0.084524 0.088095 0.097619 0.103571 0.104762 0.104762 0.103571 0.102381 0.104762 0.120238 0.136905 0.146429 0.150000 0.154762 0.163095 0.027381 0.026190 0.022619 0.000000 0.000000 0.000000 0.000000 0.000000 0.003571 0.007143 0.027381 0.032143 0.036905 0.038095 0.054762 0.054762 0.054762 0.054762 0.053571 0.052381 0.015476 0.016667 0.010714 0.000000 0.000000 0.020238
0.164286 0.167857 0.089286 0.091667 0.176190 0.178571 0.178571 0.000000 0.176190 0.113095 0.110714 0.110714 0.000000 0.000000 0.000000 0.000000 0.008333 0.013095 0.014286 0.027381 0.038095 0.058333 0.079762 0.083333 0.091667 0.097619 0.100000 0.102381 0.103571 0.103571 0.105952 0.107143 0.123810 0.139286 0.145238 0.150000 0.153571 0.028571 0.028571 0.026190 0.000000 0.000000 0.000000 0.000000 0.000000 0.001190 0.004762 0.017857 0.028571 0.030952 0.033333 0.030952 0.053571 0.054762 0.054762 0.053571 0.052381 0.051190 0.046429 0.044048 0.000000 0.032143 0.032143
0.158333 0.160714 0.089286 0.092857 0.165476 0.177381 0.178571 0.000000 0.042857 0.048810 0.047619 0.000000 0.000000 0.000000 0.000000 0.000000 0.009524 0.014286 0.019048 0.029762 0.042857 0.053571 0.071429 0.083333 0.086905 0.094048 0.096429 0.097619 0.102381 0.102381 0.104762 0.107143 0.113095 0.126190 0.130952 0.146429 0.151190 0.152381 0.140476 0.121429 0.025000 0.023810 0.013095 0.008333 0.004762 0.005952 0.008333 0.015476 0.022619 0.026190 0.025000 0.027381 0.052381 0.054762 0.053571 0.052381 0.052381 0.050000 0.047619 0.046429 0.046429 0.046429 0.033333
0.155952 0.158333 0.085714 0.091667 0.136905 0.164286 0.175000 0.000000 0.000000 0.036905 0.040476 0.000000 0.000000 0.000000 0.000000 0.000000 0.009524 0.014286 0.020238 0.026190 0.039286 0.050000 0.064286 0.079762 0.085714 0.091667 0.096429 0.054762 0.058333 0.100000 0.102381 0.104762 0.108333 0.115476 0.126190 0.133333 0.145238 0.148810 0.145238 0.026190 0.023810 0.025000 0.026190 0.019048 0.025000 0.020238 0.017857 0.023810 0.026190 0.032143 0.033333 0.036905 0.047619 0.051190 0.052381 0.051190 0.050000 0.048810 0.048810 0.046429 0.047619 0.047619 0.038095
0.144048 0.078571 0.080952 0.090476 0.125000 0.144048 0.164286 0.164286 0.159524 0.117857 0.066667 0.000000 0.000000 0.000000 0.000000 0.000000 0.011905 0.020238 0.025000 0.028571 0.038095 0.048810 0.060714 0.070238 0.080952 0.085714 0.094048 0.053571 0.051190 0.023810 0.023810 0.023810 0.101190 0.110714 0.022619 0.021429 0.023810 0.140476 0.144048 0.025000 0.020238 0.022619 0.025000 0.023810 0.034524 0.029762 0.027381 0.028571 0.030952 0.033333 0.033333 0.036905 0.044048 0.047619 0.050000 0.052381 0.052381 0.052381 0.051190 0.051190 0.048810 0.048810 0.048810
0.134524 0.078571 0.079762 0.083333 0.120238 0.128571 0.146429 0.160714 0.160714 0.130952 0.045238 0.000000 0.000000 0.000000 0.000000 0.002381 0.002381 0.022619 0.033333 0.036905 0.041667 0.051190 0.034524 0.064286 0.077381 0.082143 0.088095 0.040476 0.044048 0.022619 0.021429 0.021429 0.100000 0.103571 0.025000 0.022619 0.020238 0.125000 0.139286 0.023810 0.021429 0.020238 0.000000 0.000000 0.019048 0.017857 0.017857 0.030952 0.030952 0.034524 0.034524 0.035714 0.042857 0.047619 0.048810 0.048810 0.051190 0.052381 0.052381 0.052381 0.052381 0.052381 0.048810
0.130952 0.071429 0.076190 0.075000 0.114286 0.122619 0.129762 0.141667 0.154762 0.127381 0.069048 0.000000 0.000000 0.000000 0.002381 0.004762 0.036905 0.038095 0.040476 0.041667 0.044048 0.022619 0.025000 0.030952 0.055952 0.063095 0.067857 0.083333 0.079762 0.076190 0.070238 0.072619 0.089286 0.101190 0.022619 0.020238 0.021429 0.094048 0.122619 0.025000 0.021429 0.021429 0.000000 0.000000 0.010714 0.017857 0.017857 0.030952 0.030952 0.035714 0.036905 0.036905 0.040476 0.044048 0.046429 0.048810 0.048810 0.052381 0.052381 0.052381 0.052381 0.052381 0.051190
0.129762 0.071429 0.072619 0.069048 0.107143 0.115476 0.123810 0.132143 0.147619 0.146429 0.139286 0.122619 0.111905 0.095238 0.072619 0.063095 0.060714 0.054762 0.051190 0.050000 0.052381 0.022619 0.025000 0.027381 0.052381 0.057143 0.082143 0.083333 0.082143 0.082143 0.079762 0.078571 0.083333 0.095238 0.098810 0.097619 0.095238 0.097619 0.108333 0.020238 0.021429 0.022619 0.000000 0.000000 0.016667 0.009524 0.014286 0.032143 0.032143 0.034524 0.035714 0.038095 0.040476 0.042857 0.045238 0.050000 0.050000 0.050000 0.050000 0.052381 0.051190 0.051190 0.052381
0.125000 0.069048 0.069048 0.071429 0.096429 0.110714 0.117857 0.125000 0.133333 0.141667 0.139286 0.136905 0.133333 0.121429 0.115476 0.108333 0.097619 0.090476 0.078571 0.055952 0.047619 0.054762 0.053571 0.055952 0.064286 0.065476 0.065476 0.071429 0.071429 0.082143 0.082143 0.082143 0.083333 0.086905 0.096429 0.097619 0.097619 0.097619 0.103571 0.019048 0.021429 0.023810 0.000000 0.000000 0.021429 0.027381 0.027381 0.034524 0.034524 0.034524 0.038095 0.039286 0.040476 0.041667 0.042857 0.045238 0.048810 0.050000 0.050000 0.052381 0.052381 0.053571 0.052381
0.120238 0.121429 0.119048 0.111905 0.101190 0.110714 0.111905 0.119048 0.126190 0.136905 0.140476 0.138095 0.138095 0.132143 0.130952 0.121429 0.117857 0.111905 0.101190 0.075000 0.065476 0.067857 0.065476 0.063095 0.065476 0.069048 0.054762 0.064286 0.065476 0.033333 0.033333 0.082143 0.083333 0.083333 0.088095 0.094048 0.092857 0.097619 0.101190 0.016667 0.017857 0.000000 0.000000 0.000000 0.039286 0.036905 0.035714 0.044048 0.041667 0.040476 0.039286 0.040476 0.040476 0.040476 0.042857 0.044048 0.046429 0.050000 0.050000 0.052381 0.052381 0.052381 0.053571
0.119048 0.120238 0.120238 0.119048 0.117857 0.116667 0.113095 0.116667 0.119048 0.128571 0.135714 0.135714 0.138095 0.133333 0.132143 0.127381 0.126190 0.123810 0.116667 0.107143 0.105952 0.096429 0.090476 0.000000 0.065476 0.067857 0.055952 0.058333 0.064286 0.030952 0.029762 0.079762 0.084524 0.084524 0.085714 0.089286 0.092857 0.094048 0.098810 0.100000 0.095238 0.082143 0.073810 0.069048 0.060714 0.059524 0.055952 0.052381 0.051190 0.047619 0.045238 0.046429 0.044048 0.045238 0.046429 0.045238 0.046429 0.050000 0.051190 0.051190 0.051190 0.050000 0.048810
0.060714 0.117857 0.119048 0.117857 0.120238 0.119048 0.117857 0.120238 0.120238 0.121429 0.127381 0.134524 0.133333 0.134524 0.130952 0.129762 0.128571 0.128571 0.126190 0.115476 0.111905 0.109524 0.102381 0.096429 0.089286 0.086905 0.083333 0.077381 0.078571 0.075000 0.073810 0.075000 0.083333 0.085714 0.086905 0.088095 0.090476 0.095238 0.098810 0.096429 0.096429 0.092857 0.079762 0.077381 0.076190 0.072619 0.069048 0.065476 0.058333 0.054762 0.055952 0.052381 0.048810 0.050000 0.046429 0.047619 0.011905 0.010714 0.009524 0.050000 0.048810 0.047619 0.047619
