FireSTARR/test/output/SLK/SLK057/2018-07-08_1720/intensity_L_195_2018-07-14.asc
ncols         333
nrows         315
xllcorner     561643.378600
yllcorner     5834202.364000
cellsize      100.000000
NODATA_value  0.000000
[rows 224 to 251 of 315, columns 126 to 188 of 333]
0.003571 0.003571 0.001190 0.000000 0.000000 0.002381 0.002381 0.026190 0.017857 0.020238 0.004762 0.000000 0.009524 0.010714 0.008333 0.001190 0.000000 0.001190 0.022619 0.011905 0.009524 0.009524 0.011905 0.000000 0.000000 0.019048 0.017857 0.022619 0.021429 0.021429 0.020238 0.013095 0.011905 0.008333 0.005952 0.000000 0.000000 0.000000 0.008333 0.008333 0.003571 0.002381 0.002381 0.003571 0.003571 0.003571 0.004762 0.004762 0.002381 0.000000 0.000000 0.000000 0.000000 0.000000 0.000000 0.002381 0.002381 0.002381 0.002381 0.002381 0.000000 0.000000 0.000000
0.002381 0.003571 0.003571 0.000000 0.002381 0.002381 0.003571 0.029762 0.000000 0.000000 0.000000 0.002381 0.008333 0.008333 0.008333 0.002381 0.002381 0.026190 0.023810 0.011905 0.000000 0.009524 0.009524 0.000000 0.000000 0.011905 0.005952 0.010714 0.011905 0.011905 0.009524 0.009524 0.010714 0.007143 0.005952 0.000000 0.000000 0.000000 0.009524 0.009524 0.008333 0.003571 0.002381 0.000000 0.000000 0.001190 0.002381 0.000000 0.004762 0.004762 0.000000 0.000000 0.001190 0.000000 0.001190 0.002381 0.002381 0.001190 0.000000 0.000000 0.000000 0.000000 0.000000
0.004762 0.002381 0.001190 0.001190 0.001190 0.002381 0.002381 0.029762 0.025000 0.000000 0.000000 0.002381 0.010714 0.004762 0.002381 0.000000 0.000000 0.025000 0.010714 0.011905 0.000000 0.000000 0.000000 0.000000 0.000000 0.013095 0.004762 0.004762 0.005952 0.005952 0.004762 0.007143 0.007143 0.005952 0.005952 0.000000 0.000000 0.000000 0.008333 0.013095 0.014286 0.007143 0.005952 0.000000 0.000000 0.001190 0.002381 0.002381 0.002381 0.001190 0.001190 0.000000 0.000000 0.001190 0.001190 0.003571 0.002381 0.002381 0.001190 0.000000 0.000000 0.000000 0.000000
0.003571 0.001190 0.001190 0.003571 0.002381 0.002381 0.002381 0.002381 0.002381 0.002381 0.001190 0.001190 0.008333 0.005952 0.007143 0.000000 0.000000 0.025000 0.013095 0.000000 0.000000 0.000000 0.000000 0.000000 0.000000 0.008333 0.004762 0.004762 0.008333 0.003571 0.005952 0.004762 0.004762 0.004762 0.007143 0.008333 0.009524 0.000000 0.000000 0.000000 0.013095 0.007143 0.005952 0.003571 0.001190 0.001190 0.002381 0.001190 0.002381 0.001190 0.001190 0.000000 0.000000 0.000000 0.000000 0.003571 0.002381 0.002381 0.001190 0.000000 0.000000 0.000000 0.000000
0.001190 0.001190 0.000000 0.002381 0.001190 0.001190 0.001190 0.002381 0.001190 0.001190 0.002381 0.003571 0.007143 0.007143 0.005952 0.000000 0.000000 0.023810 0.014286 0.000000 0.000000 0.000000 0.000000 0.000000 0.000000 0.009524 0.009524 0.005952 0.007143 0.007143 0.003571 0.002381 0.002381 0.003571 0.004762 0.003571 0.005952 0.000000 0.000000 0.000000 0.011905 0.007143 0.004762 0.001190 0.002381 0.001190 0.000000 0.000000 0.002381 0.003571 0.002381 0.000000 0.000000 0.000000 0.000000 0.003571 0.002381 0.002381 0.000000 0.000000 0.000000 0.000000 0.000000
0.001190 0.000000 0.002381 0.001190 0.001190 0.001190 0.002381 0.001190 0.000000 0.000000 0.000000 0.000000 0.008333 0.009524 0.007143 0.002381 0.001190 0.026190 0.026190 0.000000 0.000000 0.000000 0.000000 0.000000 0.000000 0.011905 0.011905 0.009524 0.004762 0.007143 0.003571 0.004762 0.001190 0.001190 0.001190 0.004762 0.002381 0.000000 0.000000 0.000000 0.008333 0.008333 0.002381 0.000000 0.001190 0.000000 0.000000 0.000000 0.001190 0.002381 0.001190 0.000000 0.001190 0.000000 0.000000 0.000000 0.000000 0.000000 0.000000 0.000000 0.000000 0.000000 0.000000
0.001190 0.003571 0.003571 0.001190 0.002381 0.001190 0.002381 0.001190 0.000000 0.000000 0.001190 0.000000 0.033333 0.029762 0.002381 0.002381 0.002381 0.002381 0.000000 0.002381 0.023810 0.000000 0.000000 0.000000 0.000000 0.013095 0.011905 0.010714 0.004762 0.007143 0.007143 0.004762 0.002381 0.002381 0.001190 0.005952 0.004762 0.005952 0.005952 0.005952 0.005952 0.007143 0.002381 0.002381 0.001190 0.004762 0.001190 0.004762 0.002381 0.002381 0.001190 0.001190 0.001190 0.001190 0.003571 0.000000 0.000000 0.000000 0.001190 0.000000 0.000000 0.000000 0.000000
0.003571 0.001190 0.001190 0.001190 0.002381 0.002381 0.002381 0.001190 0.000000 0.000000 0.001190 0.001190 0.034524 0.027381 0.001190 0.001190 0.002381 0.002381 0.000000 0.025000 0.025000 0.015476 0.010714 0.013095 0.014286 0.013095 0.014286 0.007143 0.003571 0.007143 0.004762 0.003571 0.000000 0.000000 0.000000 0.005952 0.000000 0.005952 0.003571 0.004762 0.003571 0.002381 0.004762 0.000000 0.002381 0.001190 0.003571 0.004762 0.002381 0.002381 0.003571 0.003571 0.000000 0.000000 0.001190 0.001190 0.001190 0.003571 0.002381 0.000000 0.000000 0.000000 0.000000
0.003571 0.004762 0.003571 0.004762 0.003571 0.002381 0.000000 0.000000 0.001190 0.001190 0.002381 0.001190 0.002381 0.001190 0.003571 0.000000 0.001190 0.002381 0.002381 0.025000 0.015476 0.010714 0.007143 0.008333 0.010714 0.010714 0.010714 0.009524 0.007143 0.009524 0.007143 0.004762 0.001190 0.001190 0.005952 0.004762 0.000000 0.004762 0.007143 0.007143 0.007143 0.004762 0.005952 0.003571 0.003571 0.003571 0.004762 0.004762 0.004762 0.004762 0.004762 0.002381 0.001190 0.001190 0.000000 0.001190 0.001190 0.003571 0.002381 0.001190 0.000000 0.000000 0.000000
0.002381 0.001190 0.002381 0.004762 0.003571 0.002381 0.002381 0.002381 0.001190 0.001190 0.000000 0.000000 0.001190 0.002381 0.003571 0.003571 0.003571 0.002381 0.003571 0.021429 0.011905 0.008333 0.000000 0.000000 0.008333 0.004762 0.007143 0.009524 0.008333 0.009524 0.008333 0.009524 0.000000 0.000000 0.005952 0.000000 0.000000 0.002381 0.003571 0.002381 0.004762 0.005952 0.000000 0.000000 0.000000 0.000000 0.000000 0.007143 0.004762 0.002381 0.004762 0.002381 0.002381 0.001190 0.000000 0.000000 0.000000 0.002381 0.001190 0.001190 0.000000 0.000000 0.000000
0.016667 0.021429 0.023810 0.028571 0.001190 0.001190 0.001190 0.001190 0.001190 0.001190 0.001190 0.001190 0.001190 0.002381 0.003571 0.004762 0.003571 0.003571 0.002381 0.015476 0.010714 0.005952 0.000000 0.000000 0.003571 0.005952 0.005952 0.004762 0.004762 0.000000 0.000000 0.000000 0.010714 0.008333 0.007143 0.000000 0.000000 0.004762 0.001190 0.002381 0.001190 0.007143 0.000000 0.000000 0.000000 0.000000 0.000000 0.007143 0.004762 0.004762 0.003571 0.002381 0.002381 0.002381 0.003571 0.000000 0.000000 0.003571 0.001190 0.001190 0.000000 0.000000 0.000000
0.003571 0.003571 0.003571 0.013095 0.001190 0.000000 0.001190 0.001190 0.001190 0.000000 0.000000 0.000000 0.000000 0.001190 0.029762 0.014286 0.011905 0.003571 0.003571 0.015476 0.010714 0.005952 0.000000 0.000000 0.003571 0.005952 0.009524 0.003571 0.003571 0.001190 0.000000 0.000000 0.014286 0.005952 0.004762 0.000000 0.004762 0.002381 0.001190 0.002381 0.002381 0.007143 0.000000 0.000000 0.000000 0.004762 0.007143 0.007143 0.004762 0.004762 0.004762 0.004762 0.004762 0.003571 0.000000 0.000000 0.001190 0.004762 0.004762 0.002381 0.000000 0.000000 0.000000
0.000000 0.000000 0.000000 0.000000 0.000000 0.000000 0.000000 0.000000 0.000000 0.000000 0.000000 0.000000 0.000000 0.001190 0.030952 0.014286 0.003571 0.003571 0.003571 0.008333 0.009524 0.004762 0.004762 0.005952 0.000000 0.000000 0.000000 0.000000 0.000000 0.001190 0.000000 0.000000 0.013095 0.008333 0.003571 0.003571 0.004762 0.007143 0.008333 0.007143 0.005952 0.005952 0.003571 0.002381 0.000000 0.004762 0.005952 0.004762 0.004762 0.002381 0.001190 0.001190 0.004762 0.004762 0.000000 0.000000 0.000000 0.000000 0.003571 0.002381 0.003571 0.003571 0.003571
0.000000 0.000000 0.000000 0.000000 0.000000 0.000000 0.002381 0.000000 0.000000 0.001190 0.001190 0.033333 0.032143 0.029762 0.030952 0.017857 0.003571 0.003571 0.001190 0.002381 0.005952 0.007143 0.004762 0.007143 0.001190 0.000000 0.000000 0.000000 0.000000 0.001190 0.001190 0.015476 0.014286 0.007143 0.004762 0.004762 0.004762 0.000000 0.000000 0.002381 0.002381 0.002381 0.003571 0.005952 0.008333 0.008333 0.014286 0.013095 0.008333 0.003571 0.002381 0.002381 0.004762 0.004762 0.000000 0.000000 0.000000 0.000000 0.001190 0.000000 0.001190 0.000000 0.002381
0.000000 0.000000 0.000000 0.000000 0.000000 0.000000 0.001190 0.002381 0.003571 0.002381 0.000000 0.032143 0.020238 0.014286 0.003571 0.003571 0.003571 0.003571 0.001190 0.001190 0.004762 0.001190 0.002381 0.003571 0.003571 0.000000 0.000000 0.000000 0.000000 0.000000 0.001190 0.013095 0.015476 0.015476 0.000000 0.003571 0.000000 0.000000 0.000000 0.002381 0.002381 0.002381 0.001190 0.001190 0.002381 0.002381 0.002381 0.013095 0.008333 0.005952 0.003571 0.002381 0.004762 0.004762 0.000000 0.000000 0.000000 0.001190 0.000000 0.000000 0.000000 0.000000 0.002381
0.000000 0.000000 0.000000 0.000000 0.000000 0.001190 0.000000 0.000000 0.001190 0.001190 0.001190 0.027381 0.025000 0.021429 0.003571 0.004762 0.004762 0.004762 0.004762 0.004762 0.007143 0.001190 0.001190 0.001190 0.003571 0.005952 0.000000 0.000000 0.000000 0.000000 0.001190 0.003571 0.004762 0.002381 0.000000 0.000000 0.000000 0.000000 0.001190 0.002381 0.002381 0.002381 0.002381 0.000000 0.001190 0.001190 0.010714 0.011905 0.008333 0.004762 0.004762 0.003571 0.002381 0.001190 0.001190 0.001190 0.000000 0.003571 0.003571 0.003571 0.003571 0.004762 0.002381
0.000000 0.000000 0.000000 0.000000 0.000000 0.000000 0.000000 0.001190 0.001190 0.000000 0.001190 0.000000 0.001190 0.002381 0.028571 0.011905 0.007143 0.004762 0.003571 0.000000 0.010714 0.001190 0.003571 0.005952 0.003571 0.005952 0.000000 0.000000 0.000000 0.000000 0.000000 0.003571 0.004762 0.001190 0.000000 0.000000 0.002381 0.003571 0.003571 0.002381 0.002381 0.002381 0.002381 0.000000 0.000000 0.000000 0.002381 0.010714 0.008333 0.008333 0.008333 0.007143 0.002381 0.001190 0.001190 0.002381 0.002381 0.002381 0.002381 0.001190 0.000000 0.002381 0.001190
0.001190 0.013095 0.014286 0.000000 0.000000 0.000000 0.000000 0.000000 0.000000 0.001190 0.001190 0.002381 0.002381 0.028571 0.027381 0.014286 0.007143 0.005952 0.002381 0.002381 0.003571 0.000000 0.000000 0.000000 0.000000 0.001190 0.000000 0.000000 0.000000 0.000000 0.000000 0.004762 0.002381 0.002381 0.000000 0.000000 0.002381 0.003571 0.003571 0.001190 0.000000 0.000000 0.001190 0.000000 0.000000 0.002381 0.001190 0.001190 0.002381 0.009524 0.005952 0.005952 0.005952 0.004762 0.001190 0.001190 0.000000 0.000000 0.003571 0.004762 0.004762 0.002381 0.001190
0.000000 0.015476 0.014286 0.023810 0.025000 0.025000 0.000000 0.001190 0.027381 0.027381 0.027381 0.001190 0.001190 0.030952 0.019048 0.016667 0.004762 0.003571 0.000000 0.001190 0.004762 0.000000 0.000000 0.000000 0.000000 0.000000 0.000000 0.000000 0.000000 0.000000 0.000000 0.000000 0.000000 0.000000 0.000000 0.000000 0.000000 0.000000 0.000000 0.000000 0.000000 0.000000 0.001190 0.002381 0.001190 0.001190 0.001190 0.001190 0.002381 0.010714 0.009524 0.009524 0.007143 0.004762 0.003571 0.004762 0.000000 0.001190 0.003571 0.000000 0.000000 0.003571 0.001190
0.000000 0.015476 0.017857 0.019048 0.017857 0.023810 0.000000 0.000000 0.025000 0.013095 0.026190 0.001190 0.000000 0.030952 0.021429 0.010714 0.003571 0.003571 0.004762 0.004762 0.008333 0.000000 0.000000 0.000000 0.000000 0.000000 0.001190 0.000000 0.000000 0.000000 0.000000 0.000000 0.000000 0.000000 0.000000 0.000000 0.000000 0.000000 0.000000 0.000000 0.000000 0.001190 0.000000 0.000000 0.001190 0.002381 0.001190 0.000000 0.000000 0.002381 0.001190 0.010714 0.007143 0.004762 0.002381 0.003571 0.002381 0.003571 0.003571 0.000000 0.000000 0.003571 0.003571
0.003571 0.000000 0.001190 0.001190 0.001190 0.001190 0.000000 0.001190 0.022619 0.020238 0.019048 0.000000 0.000000 0.032143 0.017857 0.010714 0.003571 0.003571 0.007143 0.004762 0.005952 0.000000 0.000000 0.000000 0.000000 0.000000 0.001190 0.000000 0.000000 0.000000 0.000000 0.000000 0.000000 0.000000 0.000000 0.000000 0.000000 0.000000 0.000000 0.000000 0.000000 0.000000 0.001190 0.001190 0.001190 0.002381 0.000000 0.000000 0.000000 0.002381 0.001190 0.011905 0.007143 0.004762 0.002381 0.003571 0.000000 0.000000 0.000000 0.000000 0.000000 0.000000 0.000000
0.001190 0.002381 0.001190 0.001190 0.001190 0.001190 0.001190 0.001190 0.001190 0.001190 0.001190 0.001190 0.000000 0.025000 0.013095 0.004762 0.002381 0.003571 0.000000 0.005952 0.005952 0.001190 0.001190 0.001190 0.001190 0.000000 0.000000 0.001190 0.001190 0.000000 0.000000 0.000000 0.000000 0.000000 0.000000 0.000000 0.000000 0.000000 0.000000 0.000000 0.000000 0.000000 0.001190 0.001190 0.001190 0.002381 0.000000 0.000000 0.000000 0.002381 0.001190 0.008333 0.005952 0.003571 0.001190 0.004762 0.000000 0.000000 0.000000 0.000000 0.000000 0.000000 0.000000
0.005952 0.007143 0.002381 0.001190 0.002381 0.002381 0.000000 0.001190 0.001190 0.001190 0.001190 0.001190 0.000000 0.022619 0.013095 0.003571 0.003571 0.002381 0.001190 0.000000 0.000000 0.000000 0.000000 0.000000 0.001190 0.001190 0.001190 0.000000 0.000000 0.001190 0.000000 0.000000 0.000000 0.000000 0.000000 0.000000 0.000000 0.000000 0.000000 0.000000 0.000000 0.000000 0.000000 0.001190 0.001190 0.001190 0.005952 0.003571 0.000000 0.001190 0.002381 0.003571 0.003571 0.003571 0.003571 0.003571 0.001190 0.000000 0.000000 0.000000 0.000000 0.001190 0.001190
0.009524 0.008333 0.002381 0.017857 0.016667 0.000000 0.000000 0.000000 0.000000 0.001190 0.001190 0.001190 0.000000 0.021429 0.017857 0.002381 0.002381 0.002381 0.003571 0.004762 0.001190 0.002381 0.001190 0.001190 0.000000 0.001190 0.001190 0.001190 0.000000 0.001190 0.000000 0.000000 0.000000 0.000000 0.000000 0.001190 0.000000 0.000000 0.002381 0.001190 0.000000 0.000000 0.000000 0.001190 0.002381 0.002381 0.005952 0.004762 0.001190 0.002381 0.003571 0.003571 0.003571 0.002381 0.002381 0.000000 0.002381 0.002381 0.000000 0.000000 0.001190 0.000000 0.001190
0.009524 0.010714 0.008333 0.017857 0.017857 0.001190 0.000000 0.001190 0.001190 0.000000 0.001190 0.000000 0.000000 0.001190 0.001190 0.000000 0.001190 0.003571 0.001190 0.002381 0.002381 0.002381 0.000000 0.002381 0.001190 0.002381 0.002381 0.001190 0.001190 0.000000 0.001190 0.000000 0.000000 0.000000 0.000000 0.000000 0.000000 0.001190 0.000000 0.005952 0.003571 0.005952 0.005952 0.001190 0.001190 0.003571 0.007143 0.005952 0.003571 0.000000 0.000000 0.000000 0.001190 0.001190 0.000000 0.000000 0.000000 0.002381 0.000000 0.000000 0.001190 0.000000 0.001190
0.000000 0.002381 0.003571 0.001190 0.003571 0.001190 0.001190 0.001190 0.001190 0.001190 0.000000 0.000000 0.000000 0.002381 0.001190 0.001190 0.001190 0.002381 0.001190 0.001190 0.002381 0.001190 0.001190 0.001190 0.003571 0.002381 0.002381 0.003571 0.002381 0.000000 0.013095 0.010714 0.011905 0.000000 0.000000 0.000000 0.000000 0.000000 0.001190 0.003571 0.005952 0.004762 0.005952 0.003571 0.003571 0.003571 0.007143 0.007143 0.003571 0.000000 0.000000 0.000000 0.000000 0.000000 0.001190 0.000000 0.000000 0.002381 0.002381 0.002381 0.003571 0.000000 0.001190
0.000000 0.001190 0.003571 0.002381 0.002381 0.003571 0.001190 0.001190 0.001190 0.001190 0.001190 0.001190 0.001190 0.000000 0.003571 0.002381 0.002381 0.002381 0.002381 0.002381 0.000000 0.001190 0.001190 0.000000 0.003571 0.003571 0.002381 0.003571 0.003571 0.002381 0.013095 0.011905 0.010714 0.001190 0.000000 0.000000 0.000000 0.000000 0.003571 0.002381 0.002381 0.003571 0.003571 0.004762 0.002381 0.003571 0.007143 0.007143 0.003571 0.002381 0.000000 0.000000 0.003571 0.004762 0.002381 0.001190 0.001190 0.000000 0.000000 0.000000 0.003571 0.000000 0.000000
0.001190 0.002381 0.002381 0.002381 0.001190 0.002381 0.002381 0.001190 0.000000 0.000000 0.000000 0.000000 0.002381 0.002381 0.001190 0.002381 0.004762 0.003571 0.004762 0.001190 0.001190 0.002381 0.001190 0.009524 0.007143 0.004762 0.002381 0.003571 0.003571 0.003571 0.014286 0.010714 0.005952 0.001190 0.001190 0.001190 0.000000 0.000000 0.002381 0.002381 0.003571 0.001190 0.002381 0.001190 0.001190 0.001190 0.001190 0.003571 0.003571 0.003571 0.000000 0.000000 0.000000 0.004762 0.002381 0.002381 0.001190 0.002381 0.001190 0.001190 0.003571 0.001190 0.001190
