FireSTARR/test/output/SLK/SLK057/2018-07-08_1720/intensity_L_195_2018-07-14.asc
ncols         333
nrows         315
xllcorner     561643.378600
yllcorner     5834202.364000
cellsize      100.000000
NODATA_value  0.000000
[rows 112 to 139 of 315, columns 63 to 125 of 333]
0.003571 0.004762 0.000000 0.000000 0.000000 0.000000 0.014286 0.014286 0.002381 0.001190 0.001190 0.000000 0.001190 0.017857 0.019048 0.016667 0.014286 0.019048 0.000000 0.000000 0.001190 0.001190 0.001190 0.002381 0.003571 0.002381 0.001190 0.002381 0.002381 0.001190 0.002381 0.002381 0.001190 0.000000 0.000000 0.001190 0.002381 0.000000 0.002381 0.001190 0.001190 0.003571 0.002381 0.004762 0.000000 0.001190 0.000000 0.000000 0.000000 0.000000 0.000000 0.000000 0.001190 0.000000 0.001190 0.000000 0.001190 0.001190 0.000000 0.003571 0.002381 0.002381 0.001190
0.005952 0.004762 0.000000 0.000000 0.003571 0.000000 0.016667 0.001190 0.000000 0.001190 0.000000 0.003571 0.003571 0.002381 0.001190 0.003571 0.001190 0.001190 0.013095 0.014286 0.001190 0.000000 0.001190 0.001190 0.001190 0.002381 0.001190 0.001190 0.001190 0.002381 0.002381 0.000000 0.002381 0.000000 0.001190 0.000000 0.002381 0.000000 0.000000 0.000000 0.000000 0.002381 0.002381 0.003571 0.000000 0.001190 0.002381 0.001190 0.001190 0.001190 0.000000 0.000000 0.000000 0.000000 0.003571 0.001190 0.001190 0.002381 0.000000 0.002381 0.000000 0.000000 0.001190
0.007143 0.003571 0.004762 0.005952 0.004762 0.015476 0.014286 0.001190 0.001190 0.000000 0.000000 0.001190 0.001190 0.001190 0.002381 0.000000 0.001190 0.016667 0.013095 0.013095 0.000000 0.001190 0.001190 0.000000 0.002381 0.002381 0.000000 0.001190 0.003571 0.002381 0.001190 0.001190 0.003571 0.001190 0.001190 0.000000 0.000000 0.001190 0.000000 0.000000 0.000000 0.002381 0.002381 0.001190 0.002381 0.000000 0.000000 0.000000 0.002381 0.002381 0.001190 0.000000 0.000000 0.001190 0.001190 0.003571 0.002381 0.000000 0.000000 0.000000 0.000000 0.000000 0.000000
0.005952 0.008333 0.005952 0.009524 0.009524 0.007143 0.004762 0.001190 0.002381 0.001190 0.001190 0.000000 0.001190 0.002381 0.003571 0.002381 0.002381 0.015476 0.000000 0.000000 0.000000 0.000000 0.001190 0.000000 0.000000 0.001190 0.001190 0.001190 0.001190 0.002381 0.000000 0.002381 0.002381 0.001190 0.001190 0.000000 0.000000 0.002381 0.001190 0.001190 0.000000 0.002381 0.001190 0.001190 0.002381 0.000000 0.001190 0.001190 0.001190 0.002381 0.003571 0.002381 0.000000 0.001190 0.001190 0.002381 0.002381 0.000000 0.001190 0.000000 0.002381 0.001190 0.000000
0.005952 0.005952 0.009524 0.008333 0.007143 0.005952 0.009524 0.002381 0.002381 0.001190 0.000000 0.001190 0.004762 0.002381 0.002381 0.003571 0.004762 0.000000 0.000000 0.000000 0.000000 0.000000 0.002381 0.002381 0.001190 0.002381 0.002381 0.001190 0.001190 0.001190 0.001190 0.002381 0.000000 0.002381 0.000000 0.000000 0.000000 0.001190 0.002381 0.001190 0.000000 0.001190 0.001190 0.001190 0.002381 0.002381 0.000000 0.000000 0.000000 0.002381 0.001190 0.003571 0.002381 0.001190 0.000000 0.001190 0.002381 0.001190 0.002381 0.001190 0.000000 0.001190 0.003571
0.004762 0.005952 0.005952 0.007143 0.007143 0.010714 0.008333 0.002381 0.002381 0.000000 0.002381 0.004762 0.004762 0.004762 0.002381 0.002381 0.003571 0.005952 0.000000 0.000000 0.000000 0.000000 0.000000 0.001190 0.000000 0.000000 0.000000 0.000000 0.000000 0.002381 0.001190 0.001190 0.000000 0.001190 0.001190 0.000000 0.000000 0.001190 0.001190 0.000000 0.000000 0.000000 0.001190 0.001190 0.001190 0.002381 0.001190 0.000000 0.000000 0.000000 0.000000 0.002381 0.002381 0.001190 0.000000 0.000000 0.000000 0.002381 0.001190 0.000000 0.000000 0.000000 0.002381
0.003571 0.005952 0.004762 0.003571 0.009524 0.008333 0.007143 0.005952 0.001190 0.001190 0.004762 0.004762 0.005952 0.005952 0.003571 0.003571 0.005952 0.000000 0.000000 0.000000 0.000000 0.000000 0.000000 0.000000 0.000000 0.002381 0.001190 0.001190 0.001190 0.000000 0.000000 0.001190 0.000000 0.001190 0.002381 0.001190 0.000000 0.000000 0.000000 0.001190 0.000000 0.000000 0.001190 0.001190 0.001190 0.002381 0.001190 0.010714 0.000000 0.001190 0.001190 0.000000 0.002381 0.001190 0.000000 0.000000 0.001190 0.002381 0.001190 0.001190 0.000000 0.000000 0.001190
0.005952 0.008333 0.005952 0.007143 0.005952 0.007143 0.008333 0.007143 0.000000 0.002381 0.004762 0.004762 0.003571 0.003571 0.005952 0.004762 0.005952 0.000000 0.000000 0.000000 0.000000 0.001190 0.000000 0.000000 0.002381 0.002381 0.001190 0.001190 0.001190 0.000000 0.002381 0.000000 0.000000 0.000000 0.001190 0.002381 0.000000 0.000000 0.000000 0.003571 0.000000 0.001190 0.000000 0.001190 0.002381 0.001190 0.001190 0.011905 0.011905 0.014286 0.000000 0.000000 0.003571 0.002381 0.001190 0.001190 0.001190 0.001190 0.001190 0.000000 0.000000 0.002381 0.000000
0.005952 0.007143 0.004762 0.004762 0.007143 0.008333 0.004762 0.005952 0.000000 0.000000 0.005952 0.003571 0.004762 0.005952 0.003571 0.003571 0.005952 0.000000 0.000000 0.000000 0.000000 0.001190 0.003571 0.004762 0.001190 0.001190 0.001190 0.001190 0.001190 0.000000 0.000000 0.000000 0.000000 0.000000 0.000000 0.003571 0.000000 0.001190 0.001190 0.001190 0.002381 0.001190 0.001190 0.000000 0.001190 0.001190 0.001190 0.011905 0.009524 0.014286 0.000000 0.001190 0.002381 0.001190 0.000000 0.001190 0.000000 0.000000 0.001190 0.000000 0.000000 0.001190 0.000000
0.004762 0.003571 0.004762 0.005952 0.004762 0.007143 0.002381 0.000000 0.000000 0.000000 0.000000 0.003571 0.003571 0.003571 0.004762 0.004762 0.003571 0.000000 0.000000 0.000000 0.000000 0.004762 0.004762 0.004762 0.013095 0.014286 0.001190 0.001190 0.000000 0.000000 0.000000 0.001190 0.000000 0.000000 0.000000 0.001190 0.001190 0.000000 0.000000 0.001190 0.002381 0.001190 0.001190 0.001190 0.000000 0.001190 0.000000 0.016667 0.014286 0.015476 0.000000 0.000000 0.000000 0.001190 0.002381 0.000000 0.001190 0.000000 0.000000 0.000000 0.002381 0.001190 0.000000
0.005952 0.004762 0.004762 0.004762 0.000000 0.000000 0.000000 0.000000 0.000000 0.000000 0.000000 0.003571 0.004762 0.005952 0.004762 0.003571 0.004762 0.000000 0.000000 0.000000 0.004762 0.008333 0.007143 0.008333 0.015476 0.017857 0.011905 0.001190 0.000000 0.000000 0.000000 0.000000 0.000000 0.000000 0.000000 0.001190 0.001190 0.001190 0.000000 0.000000 0.001190 0.001190 0.000000 0.000000 0.000000 0.000000 0.002381 0.014286 0.015476 0.016667 0.000000 0.000000 0.000000 0.000000 0.001190 0.001190 0.001190 0.000000 0.001190 0.001190 0.002381 0.000000 0.000000
0.008333 0.005952 0.007143 0.005952 0.007143 0.000000 0.000000 0.007143 0.005952 0.029762 0.022619 0.021429 0.005952 0.005952 0.005952 0.004762 0.005952 0.000000 0.000000 0.000000 0.005952 0.004762 0.009524 0.007143 0.017857 0.019048 0.015476 0.003571 0.001190 0.000000 0.001190 0.000000 0.001190 0.000000 0.000000 0.000000 0.001190 0.000000 0.000000 0.000000 0.000000 0.001190 0.000000 0.000000 0.001190 0.001190 0.000000 0.017857 0.019048 0.001190 0.000000 0.001190 0.000000 0.000000 0.000000 0.000000 0.000000 0.001190 0.001190 0.000000 0.000000 0.000000 0.000000
0.007143 0.010714 0.013095 0.007143 0.008333 0.004762 0.004762 0.003571 0.003571 0.033333 0.035714 0.005952 0.004762 0.005952 0.008333 0.007143 0.004762 0.000000 0.000000 0.000000 0.000000 0.004762 0.004762 0.004762 0.002381 0.004762 0.003571 0.001190 0.000000 0.000000 0.001190 0.000000 0.000000 0.000000 0.000000 0.000000 0.002381 0.000000 0.000000 0.000000 0.000000 0.001190 0.001190 0.000000 0.000000 0.001190 0.001190 0.001190 0.001190 0.000000 0.000000 0.000000 0.000000 0.000000 0.000000 0.000000 0.000000 0.002381 0.001190 0.000000 0.000000 0.000000 0.000000
0.005952 0.008333 0.010714 0.010714 0.007143 0.005952 0.007143 0.007143 0.003571 0.005952 0.005952 0.004762 0.004762 0.004762 0.005952 0.005952 0.000000 0.000000 0.000000 0.000000 0.001190 0.002381 0.003571 0.003571 0.004762 0.005952 0.001190 0.000000 0.000000 0.001190 0.002381 0.001190 0.001190 0.001190 0.001190 0.001190 0.001190 0.002381 0.002381 0.001190 0.002381 0.002381 0.002381 0.001190 0.000000 0.001190 0.001190 0.001190 0.001190 0.000000 0.000000 0.001190 0.001190 0.000000 0.000000 0.000000 0.001190 0.000000 0.001190 0.001190 0.000000 0.000000 0.000000
0.007143 0.007143 0.009524 0.007143 0.008333 0.005952 0.007143 0.007143 0.004762 0.005952 0.008333 0.008333 0.008333 0.004762 0.004762 0.005952 0.010714 0.007143 0.000000 0.000000 0.002381 0.003571 0.008333 0.004762 0.014286 0.002381 0.001190 0.001190 0.001190 0.001190 0.000000 0.001190 0.001190 0.001190 0.001190 0.001190 0.001190 0.001190 0.001190 0.001190 0.002381 0.001190 0.002381 0.002381 0.001190 0.000000 0.001190 0.001190 0.001190 0.001190 0.000000 0.001190 0.001190 0.000000 0.000000 0.000000 0.000000 0.000000 0.001190 0.001190 0.001190 0.000000 0.000000
0.003571 0.007143 0.007143 0.007143 0.005952 0.004762 0.005952 0.005952 0.008333 0.000000 0.000000 0.004762 0.010714 0.009524 0.007143 0.002381 0.008333 0.013095 0.000000 0.002381 0.003571 0.001190 0.003571 0.004762 0.019048 0.017857 0.000000 0.000000 0.000000 0.000000 0.000000 0.001190 0.001190 0.001190 0.002381 0.002381 0.003571 0.002381 0.001190 0.000000 0.002381 0.002381 0.003571 0.002381 0.000000 0.001190 0.002381 0.000000 0.001190 0.001190 0.001190 0.000000 0.000000 0.000000 0.000000 0.000000 0.000000 0.000000 0.000000 0.001190 0.001190 0.000000 0.000000
0.001190 0.003571 0.010714 0.009524 0.005952 0.004762 0.005952 0.005952 0.007143 0.005952 0.009524 0.007143 0.010714 0.011905 0.007143 0.005952 0.009524 0.008333 0.000000 0.004762 0.007143 0.005952 0.004762 0.005952 0.027381 0.023810 0.008333 0.005952 0.000000 0.000000 0.000000 0.003571 0.003571 0.003571 0.001190 0.000000 0.002381 0.001190 0.001190 0.000000 0.002381 0.002381 0.001190 0.001190 0.001190 0.000000 0.000000 0.001190 0.001190 0.001190 0.002381 0.000000 0.000000 0.000000 0.001190 0.000000 0.000000 0.000000 0.000000 0.001190 0.001190 0.000000 0.000000
0.004762 0.005952 0.009524 0.000000 0.000000 0.001190 0.005952 0.007143 0.008333 0.007143 0.003571 0.001190 0.002381 0.007143 0.004762 0.009524 0.008333 0.007143 0.000000 0.005952 0.008333 0.004762 0.004762 0.005952 0.002381 0.003571 0.003571 0.005952 0.005952 0.001190 0.002381 0.002381 0.001190 0.000000 0.001190 0.001190 0.001190 0.002381 0.001190 0.001190 0.002381 0.001190 0.001190 0.003571 0.000000 0.000000 0.001190 0.001190 0.000000 0.000000 0.001190 0.000000 0.001190 0.001190 0.001190 0.000000 0.000000 0.000000 0.001190 0.002381 0.001190 0.000000 0.000000
0.003571 0.004762 0.000000 0.000000 0.000000 0.000000 0.000000 0.010714 0.011905 0.004762 0.005952 0.002381 0.002381 0.002381 0.002381 0.008333 0.010714 0.002381 0.000000 0.005952 0.008333 0.008333 0.003571 0.005952 0.003571 0.002381 0.002381 0.007143 0.007143 0.004762 0.003571 0.002381 0.002381 0.003571 0.000000 0.000000 0.000000 0.001190 0.001190 0.002381 0.002381 0.001190 0.001190 0.001190 0.001190 0.000000 0.000000 0.000000 0.003571 0.002381 0.000000 0.000000 0.000000 0.001190 0.001190 0.001190 0.001190 0.001190 0.001190 0.001190 0.002381 0.001190 0.001190
0.005952 0.007143 0.002381 0.004762 0.004762 0.008333 0.007143 0.007143 0.007143 0.005952 0.003571 0.004762 0.003571 0.003571 0.003571 0.004762 0.005952 0.002381 0.002381 0.007143 0.007143 0.009524 0.005952 0.007143 0.004762 0.003571 0.001190 0.005952 0.003571 0.002381 0.001190 0.003571 0.002381 0.003571 0.003571 0.001190 0.000000 0.001190 0.001190 0.003571 0.000000 0.001190 0.001190 0.002381 0.005952 0.002381 0.000000 0.001190 0.003571 0.000000 0.001190 0.000000 0.000000 0.001190 0.001190 0.001190 0.001190 0.001190 0.001190 0.002381 0.002381 0.002381 0.002381
0.005952 0.025000 0.025000 0.004762 0.005952 0.005952 0.007143 0.008333 0.007143 0.005952 0.004762 0.001190 0.003571 0.002381 0.004762 0.002381 0.001190 0.002381 0.002381 0.004762 0.007143 0.007143 0.007143 0.003571 0.007143 0.004762 0.033333 0.026190 0.002381 0.001190 0.002381 0.001190 0.002381 0.003571 0.003571 0.004762 0.003571 0.002381 0.000000 0.002381 0.002381 0.002381 0.001190 0.001190 0.004762 0.003571 0.000000 0.000000 0.000000 0.000000 0.001190 0.000000 0.001190 0.001190 0.003571 0.003571 0.002381 0.001190 0.002381 0.002381 0.003571 0.001190 0.001190
0.007143 0.034524 0.040476 0.005952 0.003571 0.004762 0.002381 0.007143 0.007143 0.004762 0.003571 0.017857 0.016667 0.001190 0.004762 0.002381 0.001190 0.001190 0.001190 0.003571 0.003571 0.007143 0.007143 0.002381 0.005952 0.004762 0.033333 0.022619 0.000000 0.000000 0.000000 0.001190 0.001190 0.005952 0.004762 0.003571 0.001190 0.000000 0.010714 0.010714 0.008333 0.003571 0.001190 0.001190 0.000000 0.000000 0.000000 0.000000 0.000000 0.000000 0.001190 0.000000 0.000000 0.001190 0.002381 0.002381 0.001190 0.002381 0.003571 0.002381 0.002381 0.002381 0.001190
0.004762 0.004762 0.039286 0.005952 0.004762 0.003571 0.003571 0.001190 0.005952 0.003571 0.005952 0.017857 0.015476 0.001190 0.001190 0.002381 0.001190 0.001190 0.001190 0.002381 0.005952 0.004762 0.007143 0.005952 0.005952 0.002381 0.000000 0.000000 0.000000 0.000000 0.000000 0.001190 0.004762 0.004762 0.003571 0.002381 0.002381 0.001190 0.010714 0.011905 0.008333 0.000000 0.001190 0.000000 0.000000 0.000000 0.000000 0.000000 0.000000 0.000000 0.002381 0.001190 0.001190 0.002381 0.002381 0.001190 0.001190 0.001190 0.000000 0.001190 0.000000 0.001190 0.001190
0.002381 0.002381 0.007143 0.005952 0.004762 0.003571 0.003571 0.003571 0.002381 0.004762 0.003571 0.003571 0.004762 0.002381 0.003571 0.002381 0.001190 0.002381 0.002381 0.002381 0.004762 0.003571 0.008333 0.007143 0.002381 0.002381 0.000000 0.000000 0.000000 0.000000 0.000000 0.001190 0.000000 0.000000 0.001190 0.003571 0.001190 0.000000 0.005952 0.005952 0.008333 0.000000 0.000000 0.000000 0.000000 0.000000 0.000000 0.000000 0.000000 0.000000 0.000000 0.000000 0.000000 0.001190 0.001190 0.001190 0.000000 0.000000 0.000000 0.000000 0.000000 0.001190 0.001190
0.003571 0.002381 0.004762 0.004762 0.003571 0.004762 0.003571 0.002381 0.008333 0.002381 0.002381 0.003571 0.002381 0.004762 0.003571 0.001190 0.001190 0.000000 0.003571 0.001190 0.005952 0.005952 0.007143 0.036905 0.003571 0.002381 0.000000 0.000000 0.022619 0.000000 0.013095 0.001190 0.001190 0.001190 0.000000 0.003571 0.003571 0.002381 0.005952 0.004762 0.005952 0.002381 0.002381 0.000000 0.000000 0.000000 0.000000 0.000000 0.000000 0.000000 0.000000 0.000000 0.001190 0.001190 0.001190 0.001190 0.000000 0.000000 0.000000 0.000000 0.001190 0.000000 0.001190
0.002381 0.002381 0.003571 0.004762 0.003571 0.002381 0.002381 0.003571 0.007143 0.004762 0.002381 0.002381 0.002381 0.005952 0.003571 0.003571 0.002381 0.003571 0.005952 0.004762 0.004762 0.004762 0.005952 0.040476 0.032143 0.004762 0.004762 0.004762 0.000000 0.019048 0.020238 0.014286 0.014286 0.000000 0.000000 0.002381 0.003571 0.004762 0.007143 0.007143 0.005952 0.004762 0.001190 0.001190 0.000000 0.000000 0.000000 0.000000 0.000000 0.000000 0.000000 0.000000 0.001190 0.001190 0.001190 0.000000 0.000000 0.000000 0.000000 0.000000 0.000000 0.007143 0.000000
0.002381 0.005952 0.002381 0.004762 0.004762 0.002381 0.007143 0.007143 0.007143 0.003571 0.002381 0.001190 0.001190 0.036905 0.039286 0.003571 0.005952 0.008333 0.003571 0.002381 0.002381 0.003571 0.004762 0.040476 0.036905 0.003571 0.004762 0.004762 0.020238 0.019048 0.026190 0.011905 0.015476 0.000000 0.001190 0.001190 0.002381 0.002381 0.001190 0.002381 0.003571 0.003571 0.002381 0.000000 0.000000 0.000000 0.000000 0.000000 0.000000 0.000000 0.000000 0.002381 0.001190 0.001190 0.001190 0.000000 0.000000 0.000000 0.000000 0.000000 0.000000 0.005952 0.004762
0.002381 0.003571 0.003571 0.005952 0.007143 0.005952 0.007143 0.005952 0.000000 0.000000 0.001190 0.001190 0.001190 0.030952 0.033333 0.005952 0.003571 0.004762 0.007143 0.003571 0.005952 0.005952 0.005952 0.005952 0.007143 0.003571 0.004762 0.005952 0.003571 0.020238 0.030952 0.013095 0.017857 0.001190 0.001190 0.001190 0.002381 0.002381 0.000000 0.003571 0.005952 0.004762 0.004762 0.000000 0.000000 0.000000 0.000000 0.000000 0.000000 0.000000 0.001190 0.004762 0.010714 0.001190 0.000000 0.000000 0.000000 0.000000 0.000000 0.000000 0.000000 0.005952 0.005952
