FireSTARR/test/output/SLK/SLK057/2018-07-08_1720/intensity_M_202_2018-07-21.asc
ncols         513
nrows         589
xllcorner     556343.378600
yllcorner     5818302.364000
cellsize      100.000000
NODATA_value  0.000000
[rows 308 to 335 of 589, columns 126 to 188 of 513]
0.017857 0.033333 0.027381 0.025000 0.016667 0.051190 0.051190 0.047619 0.011905 0.017857 0.014286 0.014286 0.014286 0.014286 0.013095 0.010714 0.011905 0.014286 0.014286 0.016667 0.015476 0.021429 0.019048 0.058333 0.071429 0.019048 0.020238 0.020238 0.020238 0.070238 0.033333 0.040476 0.040476 0.058333 0.054762 0.053571 0.026190 0.034524 0.008333 0.009524 0.008333 0.005952 0.011905 0.013095 0.009524 0.010714 0.008333 0.009524 0.011905 0.009524 0.004762 0.055952 0.048810 0.008333 0.009524 0.004762 0.008333 0.010714 0.007143 0.008333 0.011905 0.047619 0.039286
0.025000 0.030952 0.032143 0.023810 0.017857 0.020238 0.019048 0.016667 0.020238 0.015476 0.017857 0.015476 0.014286 0.013095 0.013095 0.013095 0.015476 0.019048 0.017857 0.020238 0.016667 0.016667 0.014286 0.063095 0.070238 0.015476 0.011905 0.014286 0.016667 0.020238 0.039286 0.040476 0.040476 0.055952 0.059524 0.004762 0.004762 0.007143 0.011905 0.009524 0.009524 0.011905 0.010714 0.010714 0.010714 0.005952 0.004762 0.005952 0.010714 0.009524 0.008333 0.052381 0.047619 0.010714 0.010714 0.003571 0.007143 0.008333 0.009524 0.005952 0.014286 0.011905 0.010714
0.021429 0.029762 0.033333 0.027381 0.022619 0.023810 0.022619 0.017857 0.016667 0.017857 0.020238 0.016667 0.019048 0.016667 0.013095 0.017857 0.023810 0.020238 0.025000 0.029762 0.015476 0.011905 0.014286 0.058333 0.083333 0.005952 0.008333 0.011905 0.011905 0.013095 0.039286 0.045238 0.040476 0.077381 0.067857 0.003571 0.003571 0.007143 0.007143 0.008333 0.008333 0.007143 0.009524 0.010714 0.007143 0.008333 0.007143 0.009524 0.008333 0.008333 0.007143 0.054762 0.051190 0.005952 0.005952 0.005952 0.010714 0.008333 0.007143 0.009524 0.013095 0.007143 0.007143
0.023810 0.033333 0.029762 0.034524 0.030952 0.025000 0.025000 0.017857 0.013095 0.017857 0.020238 0.017857 0.014286 0.014286 0.010714 0.019048 0.022619 0.025000 0.027381 0.020238 0.017857 0.017857 0.015476 0.083333 0.078571 0.085714 0.079762 0.080952 0.009524 0.008333 0.078571 0.077381 0.080952 0.035714 0.071429 0.004762 0.004762 0.005952 0.003571 0.008333 0.010714 0.009524 0.008333 0.008333 0.009524 0.008333 0.005952 0.007143 0.008333 0.005952 0.004762 0.005952 0.008333 0.011905 0.009524 0.004762 0.003571 0.007143 0.010714 0.009524 0.008333 0.009524 0.009524
0.035714 0.035714 0.032143 0.032143 0.029762 0.029762 0.023810 0.020238 0.013095 0.016667 0.015476 0.019048 0.017857 0.017857 0.013095 0.000000 0.000000 0.022619 0.022619 0.019048 0.015476 0.016667 0.011905 0.080952 0.080952 0.085714 0.092857 0.077381 0.009524 0.010714 0.083333 0.082143 0.076190 0.030952 0.032143 0.005952 0.007143 0.005952 0.007143 0.011905 0.010714 0.007143 0.005952 0.008333 0.019048 0.015476 0.013095 0.008333 0.005952 0.008333 0.004762 0.008333 0.009524 0.009524 0.008333 0.004762 0.007143 0.009524 0.007143 0.000000 0.010714 0.004762 0.008333
0.034524 0.039286 0.038095 0.032143 0.032143 0.029762 0.021429 0.020238 0.016667 0.019048 0.014286 0.019048 0.019048 0.025000 0.016667 0.000000 0.000000 0.017857 0.014286 0.017857 0.015476 0.017857 0.075000 0.073810 0.080952 0.000000 0.017857 0.055952 0.005952 0.008333 0.072619 0.079762 0.082143 0.034524 0.033333 0.000000 0.003571 0.004762 0.014286 0.010714 0.009524 0.005952 0.009524 0.013095 0.010714 0.009524 0.008333 0.011905 0.010714 0.005952 0.026190 0.030952 0.032143 0.047619 0.047619 0.005952 0.005952 0.008333 0.010714 0.010714 0.008333 0.008333 0.013095
0.042857 0.044048 0.042857 0.038095 0.027381 0.028571 0.025000 0.022619 0.017857 0.016667 0.023810 0.019048 0.019048 0.020238 0.020238 0.000000 0.000000 0.013095 0.009524 0.009524 0.013095 0.013095 0.076190 0.090476 0.095238 0.022619 0.036905 0.059524 0.057143 0.060714 0.008333 0.007143 0.005952 0.011905 0.014286 0.013095 0.000000 0.005952 0.005952 0.005952 0.007143 0.005952 0.010714 0.011905 0.011905 0.010714 0.008333 0.010714 0.013095 0.009524 0.029762 0.030952 0.035714 0.034524 0.038095 0.004762 0.010714 0.011905 0.011905 0.009524 0.008333 0.010714 0.011905
0.042857 0.044048 0.039286 0.038095 0.033333 0.026190 0.022619 0.028571 0.023810 0.019048 0.019048 0.025000 0.110714 0.111905 0.095238 0.086905 0.088095 0.064286 0.069048 0.067857 0.009524 0.009524 0.013095 0.092857 0.088095 0.039286 0.026190 0.053571 0.060714 0.055952 0.008333 0.007143 0.005952 0.008333 0.013095 0.014286 0.011905 0.010714 0.003571 0.003571 0.008333 0.010714 0.009524 0.007143 0.010714 0.013095 0.010714 0.009524 0.010714 0.008333 0.036905 0.042857 0.039286 0.042857 0.041667 0.014286 0.011905 0.008333 0.010714 0.007143 0.000000 0.000000 0.000000
0.089286 0.102381 0.067857 0.071429 0.026190 0.021429 0.026190 0.025000 0.029762 0.019048 0.021429 0.020238 0.114286 0.117857 0.097619 0.092857 0.091667 0.086905 0.072619 0.073810 0.009524 0.019048 0.015476 0.022619 0.017857 0.017857 0.020238 0.016667 0.016667 0.015476 0.009524 0.007143 0.005952 0.010714 0.013095 0.015476 0.015476 0.014286 0.004762 0.005952 0.005952 0.013095 0.014286 0.007143 0.005952 0.007143 0.008333 0.008333 0.010714 0.008333 0.009524 0.015476 0.010714 0.005952 0.008333 0.009524 0.009524 0.011905 0.011905 0.008333 0.000000 0.000000 0.000000
0.098810 0.100000 0.055952 0.059524 0.029762 0.032143 0.030952 0.020238 0.019048 0.105952 0.105952 0.104762 0.079762 0.090476 0.019048 0.013095 0.010714 0.000000 0.082143 0.082143 0.015476 0.015476 0.017857 0.020238 0.014286 0.017857 0.019048 0.019048 0.019048 0.011905 0.015476 0.009524 0.007143 0.010714 0.008333 0.000000 0.013095 0.013095 0.009524 0.011905 0.015476 0.011905 0.009524 0.007143 0.005952 0.007143 0.009524 0.008333 0.010714 0.007143 0.008333 0.014286 0.010714 0.004762 0.007143 0.009524 0.008333 0.008333 0.008333 0.009524 0.000000 0.021429 0.000000
0.022619 0.089286 0.055952 0.054762 0.020238 0.022619 0.020238 0.019048 0.013095 0.102381 0.105952 0.105952 0.092857 0.098810 0.010714 0.014286 0.000000 0.016667 0.014286 0.014286 0.015476 0.019048 0.025000 0.020238 0.069048 0.075000 0.059524 0.011905 0.013095 0.013095 0.014286 0.011905 0.010714 0.011905 0.009524 0.015476 0.010714 0.014286 0.011905 0.011905 0.013095 0.011905 0.009524 0.008333 0.009524 0.007143 0.004762 0.007143 0.007143 0.014286 0.014286 0.013095 0.009524 0.008333 0.008333 0.009524 0.008333 0.007143 0.007143 0.007143 0.044048 0.039286 0.005952
0.029762 0.026190 0.013095 0.023810 0.022619 0.019048 0.019048 0.090476 0.097619 0.020238 0.022619 0.113095 0.096429 0.098810 0.017857 0.019048 0.014286 0.015476 0.013095 0.016667 0.016667 0.020238 0.025000 0.025000 0.070238 0.075000 0.072619 0.010714 0.008333 0.010714 0.015476 0.011905 0.010714 0.014286 0.011905 0.010714 0.014286 0.011905 0.015476 0.009524 0.007143 0.008333 0.010714 0.009524 0.010714 0.004762 0.011905 0.010714 0.013095 0.011905 0.010714 0.014286 0.011905 0.010714 0.011905 0.013095 0.008333 0.009524 0.008333 0.009524 0.013095 0.009524 0.005952
0.022619 0.020238 0.000000 0.022619 0.026190 0.022619 0.021429 0.092857 0.108333 0.021429 0.020238 0.020238 0.013095 0.017857 0.013095 0.000000 0.017857 0.016667 0.015476 0.066667 0.071429 0.066667 0.015476 0.020238 0.067857 0.076190 0.064286 0.015476 0.017857 0.019048 0.016667 0.011905 0.000000 0.010714 0.007143 0.007143 0.011905 0.009524 0.008333 0.007143 0.004762 0.004762 0.069048 0.052381 0.053571 0.010714 0.010714 0.010714 0.011905 0.009524 0.009524 0.014286 0.011905 0.009524 0.009524 0.013095 0.010714 0.013095 0.009524 0.009524 0.010714 0.007143 0.007143
0.023810 0.000000 0.017857 0.000000 0.013095 0.020238 0.023810 0.091667 0.103571 0.014286 0.016667 0.025000 0.015476 0.015476 0.019048 0.014286 0.017857 0.020238 0.019048 0.070238 0.000000 0.033333 0.013095 0.017857 0.017857 0.011905 0.017857 0.020238 0.017857 0.020238 0.000000 0.013095 0.015476 0.009524 0.010714 0.007143 0.007143 0.004762 0.008333 0.005952 0.008333 0.008333 0.060714 0.058333 0.011905 0.011905 0.011905 0.013095 0.010714 0.014286 0.014286 0.013095 0.009524 0.009524 0.007143 0.008333 0.010714 0.041667 0.041667 0.042857 0.009524 0.007143 0.008333
0.020238 0.020238 0.020238 0.017857 0.000000 0.014286 0.022619 0.000000 0.021429 0.027381 0.023810 0.019048 0.017857 0.019048 0.019048 0.023810 0.019048 0.016667 0.021429 0.073810 0.075000 0.070238 0.026190 0.023810 0.025000 0.020238 0.020238 0.015476 0.011905 0.000000 0.011905 0.009524 0.013095 0.009524 0.008333 0.007143 0.005952 0.004762 0.004762 0.001190 0.005952 0.005952 0.008333 0.009524 0.010714 0.000000 0.000000 0.009524 0.016667 0.017857 0.014286 0.010714 0.010714 0.007143 0.004762 0.010714 0.013095 0.041667 0.045238 0.040476 0.041667 0.039286 0.003571
0.000000 0.013095 0.017857 0.019048 0.020238 0.016667 0.019048 0.025000 0.026190 0.000000 0.023810 0.015476 0.000000 0.026190 0.030952 0.026190 0.023810 0.022619 0.021429 0.021429 0.026190 0.022619 0.026190 0.000000 0.000000 0.016667 0.013095 0.014286 0.000000 0.011905 0.015476 0.020238 0.013095 0.011905 0.010714 0.005952 0.005952 0.004762 0.001190 0.003571 0.004762 0.007143 0.007143 0.005952 0.000000 0.000000 0.000000 0.000000 0.013095 0.010714 0.011905 0.011905 0.013095 0.007143 0.040476 0.010714 0.014286 0.039286 0.042857 0.041667 0.041667 0.050000 0.009524
0.011905 0.016667 0.016667 0.017857 0.023810 0.020238 0.020238 0.020238 0.025000 0.071429 0.083333 0.016667 0.017857 0.023810 0.019048 0.025000 0.019048 0.013095 0.020238 0.022619 0.023810 0.000000 0.020238 0.020238 0.017857 0.000000 0.013095 0.013095 0.011905 0.009524 0.017857 0.019048 0.009524 0.011905 0.009524 0.005952 0.009524 0.004762 0.003571 0.003571 0.007143 0.007143 0.014286 0.008333 0.000000 0.000000 0.000000 0.000000 0.009524 0.010714 0.009524 0.009524 0.011905 0.011905 0.035714 0.039286 0.041667 0.010714 0.004762 0.007143 0.005952 0.005952 0.003571
0.013095 0.014286 0.015476 0.025000 0.023810 0.017857 0.019048 0.019048 0.021429 0.065476 0.071429 0.015476 0.021429 0.017857 0.015476 0.016667 0.013095 0.011905 0.016667 0.064286 0.071429 0.011905 0.014286 0.020238 0.020238 0.017857 0.010714 0.009524 0.008333 0.007143 0.010714 0.014286 0.011905 0.007143 0.003571 0.003571 0.003571 0.005952 0.008333 0.003571 0.004762 0.009524 0.008333 0.007143 0.000000 0.000000 0.000000 0.000000 0.004762 0.005952 0.007143 0.009524 0.010714 0.009524 0.036905 0.040476 0.041667 0.005952 0.008333 0.007143 0.007143 0.009524 0.003571
0.013095 0.017857 0.019048 0.022619 0.023810 0.017857 0.015476 0.019048 0.028571 0.067857 0.078571 0.029762 0.025000 0.021429 0.021429 0.013095 0.014286 0.011905 0.011905 0.066667 0.082143 0.009524 0.009524 0.009524 0.011905 0.009524 0.010714 0.005952 0.009524 0.011905 0.014286 0.014286 0.010714 0.008333 0.003571 0.002381 0.003571 0.003571 0.003571 0.007143 0.008333 0.005952 0.009524 0.009524 0.000000 0.000000 0.000000 0.000000 0.002381 0.005952 0.007143 0.008333 0.004762 0.007143 0.008333 0.008333 0.013095 0.011905 0.005952 0.005952 0.011905 0.010714 0.003571
0.011905 0.015476 0.016667 0.016667 0.019048 0.017857 0.023810 0.026190 0.021429 0.020238 0.022619 0.080952 0.084524 0.080952 0.020238 0.014286 0.010714 0.014286 0.011905 0.058333 0.077381 0.008333 0.010714 0.011905 0.011905 0.010714 0.011905 0.010714 0.010714 0.005952 0.011905 0.011905 0.011905 0.008333 0.007143 0.003571 0.002381 0.001190 0.005952 0.073810 0.064286 0.000000 0.000000 0.007143 0.000000 0.000000 0.001190 0.002381 0.001190 0.007143 0.005952 0.007143 0.007143 0.008333 0.009524 0.013095 0.016667 0.010714 0.009524 0.005952 0.003571 0.004762 0.007143
0.013095 0.013095 0.015476 0.016667 0.020238 0.019048 0.020238 0.021429 0.019048 0.020238 0.021429 0.078571 0.091667 0.009524 0.011905 0.007143 0.009524 0.013095 0.014286 0.015476 0.011905 0.010714 0.007143 0.011905 0.011905 0.008333 0.011905 0.007143 0.005952 0.005952 0.005952 0.010714 0.011905 0.005952 0.005952 0.004762 0.005952 0.008333 0.009524 0.071429 0.075000 0.000000 0.000000 0.000000 0.000000 0.000000 0.000000 0.001190 0.003571 0.004762 0.005952 0.009524 0.000000 0.000000 0.008333 0.011905 0.014286 0.010714 0.009524 0.005952 0.007143 0.007143 0.004762
0.065476 0.010714 0.011905 0.017857 0.021429 0.023810 0.019048 0.020238 0.015476 0.017857 0.014286 0.080952 0.082143 0.020238 0.013095 0.015476 0.013095 0.014286 0.015476 0.014286 0.010714 0.014286 0.007143 0.009524 0.019048 0.015476 0.014286 0.014286 0.007143 0.019048 0.025000 0.015476 0.013095 0.009524 0.079762 0.078571 0.075000 0.004762 0.009524 0.071429 0.071429 0.000000 0.000000 0.000000 0.000000 0.000000 0.000000 0.001190 0.003571 0.003571 0.007143 0.008333 0.009524 0.000000 0.036905 0.034524 0.011905 0.009524 0.008333 0.007143 0.005952 0.039286 0.035714
0.057143 0.011905 0.009524 0.000000 0.014286 0.014286 0.015476 0.019048 0.013095 0.013095 0.014286 0.017857 0.019048 0.021429 0.023810 0.017857 0.071429 0.065476 0.088095 0.085714 0.088095 0.015476 0.008333 0.010714 0.011905 0.014286 0.014286 0.013095 0.027381 0.025000 0.022619 0.011905 0.011905 0.083333 0.080952 0.082143 0.075000 0.072619 0.073810 0.007143 0.005952 0.008333 0.005952 0.007143 0.000000 0.000000 0.000000 0.007143 0.005952 0.009524 0.008333 0.005952 0.009524 0.005952 0.036905 0.039286 0.009524 0.009524 0.005952 0.003571 0.003571 0.042857 0.040476
0.016667 0.015476 0.011905 0.000000 0.034524 0.014286 0.015476 0.020238 0.019048 0.019048 0.020238 0.019048 0.020238 0.020238 0.015476 0.011905 0.075000 0.079762 0.088095 0.085714 0.085714 0.002381 0.005952 0.008333 0.009524 0.008333 0.011905 0.007143 0.009524 0.008333 0.007143 0.009524 0.007143 0.086905 0.085714 0.072619 0.064286 0.053571 0.009524 0.003571 0.007143 0.007143 0.008333 0.009524 0.010714 0.007143 0.005952 0.004762 0.009524 0.004762 0.005952 0.005952 0.007143 0.004762 0.004762 0.009524 0.008333 0.005952 0.003571 0.004762 0.002381 0.041667 0.044048
0.011905 0.016667 0.019048 0.036905 0.033333 0.020238 0.020238 0.020238 0.016667 0.013095 0.025000 0.016667 0.020238 0.053571 0.054762 0.015476 0.070238 0.077381 0.095238 0.092857 0.100000 0.004762 0.005952 0.007143 0.007143 0.009524 0.009524 0.009524 0.005952 0.007143 0.008333 0.010714 0.007143 0.005952 0.004762 0.004762 0.003571 0.005952 0.003571 0.007143 0.009524 0.005952 0.004762 0.009524 0.010714 0.009524 0.003571 0.007143 0.005952 0.007143 0.009524 0.007143 0.004762 0.003571 0.007143 0.007143 0.007143 0.008333 0.004762 0.004762 0.002381 0.003571 0.005952
0.010714 0.017857 0.016667 0.034524 0.027381 0.019048 0.020238 0.017857 0.019048 0.015476 0.020238 0.022619 0.016667 0.053571 0.060714 0.051190 0.075000 0.082143 0.019048 0.017857 0.026190 0.016667 0.022619 0.004762 0.007143 0.011905 0.010714 0.008333 0.007143 0.009524 0.008333 0.008333 0.003571 0.003571 0.005952 0.007143 0.008333 0.007143 0.007143 0.008333 0.005952 0.009524 0.011905 0.010714 0.011905 0.011905 0.008333 0.009524 0.010714 0.010714 0.005952 0.005952 0.009524 0.009524 0.008333 0.011905 0.009524 0.008333 0.007143 0.007143 0.007143 0.007143 0.008333
0.011905 0.014286 0.019048 0.019048 0.026190 0.023810 0.019048 0.019048 0.013095 0.016667 0.019048 0.016667 0.016667 0.055952 0.057143 0.088095 0.078571 0.090476 0.013095 0.017857 0.021429 0.017857 0.020238 0.008333 0.009524 0.008333 0.007143 0.009524 0.010714 0.010714 0.011905 0.069048 0.067857 0.005952 0.010714 0.007143 0.007143 0.008333 0.007143 0.008333 0.005952 0.009524 0.009524 0.005952 0.005952 0.010714 0.007143 0.011905 0.009524 0.007143 0.008333 0.010714 0.009524 0.008333 0.009524 0.009524 0.010714 0.003571 0.004762 0.004762 0.003571 0.042857 0.042857
0.014286 0.013095 0.014286 0.020238 0.028571 0.021429 0.017857 0.016667 0.016667 0.019048 0.015476 0.014286 0.013095 0.019048 0.014286 0.083333 0.082143 0.089286 0.002381 0.005952 0.016667 0.016667 0.016667 0.010714 0.008333 0.008333 0.004762 0.007143 0.008333 0.009524 0.000000 0.066667 0.064286 0.007143 0.007143 0.007143 0.004762 0.007143 0.007143 0.008333 0.010714 0.013095 0.009524 0.060714 0.060714 0.053571 0.010714 0.009524 0.008333 0.007143 0.007143 0.007143 0.009524 0.011905 0.009524 0.013095 0.010714 0.005952 0.005952 0.004762 0.007143 0.040476 0.040476
