FireSTARR/test/output/SLK/SLK057/2018-07-08_1720/intensity_H_191_2018-07-10.asc
ncols         187
nrows         141
xllcorner     565343.378600
yllcorner     5835002.364000
cellsize      100.000000
NODATA_value  0.000000
[rows 0 to 27 of 141, columns 0 to 62 of 187]
0.000000 0.000000 0.000000 0.000000 0.000000 0.000000 0.000000 0.000000 0.000000 0.000000 0.000000 0.000000 0.000000 0.000000 0.000000 0.000000 0.000000 0.000000 0.000000 0.000000 0.000000 0.000000 0.000000 0.000000 0.000000 0.000000 0.000000 0.000000 0.000000 0.000000 0.000000 0.000000 0.000000 0.000000 0.000000 0.000000 0.000000 0.000000 0.000000 0.000000 0.000000 0.000000 0.000000 0.000000 0.000000 0.000000 0.000000 0.000000 0.000000 0.000000 0.000000 0.000000 0.000000 0.000000 0.000000 0.000000 0.000000 0.000000 0.000000 0.000000 0.000000 0.000000 0.000000
0.000000 0.000000 0.000000 0.000000 0.000000 0.000000 0.000000 0.000000 0.000000 0.000000 0.000000 0.000000 0.000000 0.000000 0.000000 0.000000 0.000000 0.000000 0.000000 0.000000 0.000000 0.000000 0.000000 0.000000 0.000000 0.000000 0.000000 0.000000 0.000000 0.000000 0.000000 0.000000 0.000000 0.000000 0.000000 0.000000 0.000000 0.000000 0.000000 0.000000 0.000000 0.000000 0.000000 0.000000 0.000000 0.000000 0.000000 0.000000 0.000000 0.000000 0.000000 0.000000 0.000000 0.000000 0.000000 0.000000 0.000000 0.000000 0.000000 0.000000 0.000000 0.000000 0.000000
0.000000 0.000000 0.000000 0.000000 0.000000 0.000000 0.000000 0.000000 0.000000 0.000000 0.000000 0.000000 0.000000 0.000000 0.000000 0.000000 0.000000 0.000000 0.000000 0.000000 0.000000 0.000000 0.000000 0.000000 0.000000 0.000000 0.000000 0.000000 0.000000 0.000000 0.000000 0.000000 0.000000 0.000000 0.000000 0.000000 0.000000 0.000000 0.000000 0.000000 0.000000 0.000000 0.000000 0.000000 0.000000 0.000000 0.000000 0.000000 0.000000 0.000000 0.000000 0.000000 0.000000 0.001190 0.001190 0.001190 0.001190 0.001190 0.001190 0.000000 0.000000 0.000000 0.000000
0.000000 0.000000 0.000000 0.000000 0.000000 0.000000 0.000000 0.000000 0.000000 0.000000 0.000000 0.000000 0.000000 0.000000 0.000000 0.000000 0.000000 0.000000 0.000000 0.000000 0.000000 0.000000 0.000000 0.000000 0.000000 0.000000 0.000000 0.000000 0.000000 0.000000 0.000000 0.000000 0.000000 0.000000 0.000000 0.000000 0.000000 0.000000 0.000000 0.000000 0.000000 0.000000 0.000000 0.000000 0.000000 0.000000 0.000000 0.000000 0.000000 0.000000 0.001190 0.001190 0.001190 0.001190 0.001190 0.001190 0.001190 0.001190 0.001190 0.000000 0.000000 0.001190 0.001190
0.000000 0.000000 0.000000 0.000000 0.000000 0.000000 0.000000 0.000000 0.000000 0.000000 0.000000 0.000000 0.000000 0.000000 0.000000 0.000000 0.000000 0.000000 0.000000 0.000000 0.000000 0.000000 0.000000 0.000000 0.000000 0.000000 0.000000 0.000000 0.000000 0.000000 0.000000 0.000000 0.000000 0.000000 0.000000 0.000000 0.000000 0.000000 0.000000 0.000000 0.000000 0.000000 0.000000 0.000000 0.000000 0.000000 0.000000 0.000000 0.001190 0.001190 0.001190 0.001190 0.001190 0.001190 0.001190 0.001190 0.001190 0.001190 0.001190 0.001190 0.001190 0.001190 0.001190
0.000000 0.000000 0.000000 0.000000 0.000000 0.000000 0.000000 0.000000 0.000000 0.000000 0.000000 0.000000 0.000000 0.000000 0.000000 0.000000 0.000000 0.000000 0.000000 0.000000 0.000000 0.000000 0.000000 0.000000 0.000000 0.000000 0.000000 0.000000 0.000000 0.000000 0.000000 0.000000 0.000000 0.000000 0.000000 0.000000 0.000000 0.000000 0.000000 0.000000 0.000000 0.000000 0.000000 0.000000 0.000000 0.001190 0.001190 0.001190 0.001190 0.001190 0.001190 0.001190 0.001190 0.001190 0.001190 0.001190 0.001190 0.001190 0.001190 0.001190 0.001190 0.001190 0.001190
0.000000 0.000000 0.000000 0.000000 0.000000 0.000000 0.000000 0.000000 0.000000 0.000000 0.000000 0.000000 0.000000 0.000000 0.000000 0.000000 0.000000 0.000000 0.000000 0.000000 0.000000 0.000000 0.000000 0.000000 0.000000 0.000000 0.000000 0.000000 0.000000 0.000000 0.000000 0.000000 0.000000 0.000000 0.000000 0.000000 0.000000 0.000000 0.000000 0.000000 0.000000 0.000000 0.000000 0.000000 0.002381 0.001190 0.002381 0.003571 0.000000 0.000000 0.001190 0.000000 0.001190 0.001190 0.001190 0.000000 0.001190 0.001190 0.001190 0.002381 0.002381 0.002381 0.002381
0.000000 0.000000 0.000000 0.000000 0.000000 0.000000 0.000000 0.000000 0.000000 0.000000 0.000000 0.000000 0.000000 0.000000 0.000000 0.000000 0.000000 0.000000 0.000000 0.000000 0.000000 0.000000 0.000000 0.000000 0.000000 0.000000 0.000000 0.000000 0.000000 0.000000 0.000000 0.000000 0.000000 0.000000 0.000000 0.000000 0.000000 0.000000 0.000000 0.000000 0.000000 0.001190 0.002381 0.002381 0.003571 0.004762 0.004762 0.000000 0.003571 0.000000 0.001190 0.002381 0.002381 0.003571 0.003571 0.000000 0.004762 0.003571 0.003571 0.004762 0.004762 0.002381 0.002381
0.000000 0.000000 0.000000 0.000000 0.000000 0.000000 0.000000 0.000000 0.000000 0.000000 0.000000 0.000000 0.000000 0.000000 0.000000 0.000000 0.000000 0.000000 0.000000 0.000000 0.000000 0.000000 0.000000 0.000000 0.000000 0.000000 0.000000 0.000000 0.000000 0.000000 0.000000 0.000000 0.000000 0.000000 0.000000 0.000000 0.000000 0.000000 0.001190 0.001190 0.002381 0.002381 0.002381 0.002381 0.004762 0.004762 0.005952 0.005952 0.005952 0.000000 0.005952 0.007143 0.008333 0.008333 0.008333 0.009524 0.008333 0.009524 0.008333 0.008333 0.007143 0.007143 0.007143
0.000000 0.000000 0.000000 0.000000 0.000000 0.000000 0.000000 0.000000 0.000000 0.000000 0.000000 0.000000 0.000000 0.000000 0.000000 0.000000 0.000000 0.000000 0.000000 0.000000 0.000000 0.000000 0.001190 0.000000 0.000000 0.001190 0.000000 0.000000 0.000000 0.000000 0.000000 0.000000 0.000000 0.002381 0.001190 0.003571 0.002381 0.002381 0.001190 0.003571 0.002381 0.003571 0.002381 0.007143 0.008333 0.008333 0.008333 0.009524 0.009524 0.009524 0.009524 0.010714 0.011905 0.013095 0.014286 0.005952 0.008333 0.008333 0.003571 0.004762 0.007143 0.017857 0.015476
0.000000 0.000000 0.000000 0.000000 0.000000 0.000000 0.000000 0.000000 0.000000 0.000000 0.000000 0.000000 0.000000 0.000000 0.000000 0.000000 0.000000 0.000000 0.000000 0.000000 0.000000 0.001190 0.001190 0.000000 0.000000 0.001190 0.001190 0.001190 0.000000 0.000000 0.000000 0.002381 0.002381 0.003571 0.003571 0.003571 0.003571 0.003571 0.003571 0.004762 0.004762 0.008333 0.000000 0.000000 0.008333 0.007143 0.007143 0.009524 0.011905 0.010714 0.013095 0.014286 0.015476 0.019048 0.019048 0.015476 0.015476 0.014286 0.010714 0.007143 0.023810 0.023810 0.027381
0.000000 0.000000 0.000000 0.000000 0.000000 0.000000 0.000000 0.000000 0.000000 0.000000 0.000000 0.000000 0.000000 0.000000 0.000000 0.000000 0.000000 0.000000 0.000000 0.000000 0.001190 0.001190 0.001190 0.001190 0.002381 0.000000 0.000000 0.000000 0.000000 0.000000 0.001190 0.003571 0.003571 0.003571 0.003571 0.003571 0.003571 0.003571 0.004762 0.004762 0.007143 0.008333 0.008333 0.011905 0.011905 0.013095 0.016667 0.016667 0.017857 0.014286 0.013095 0.016667 0.017857 0.021429 0.026190 0.033333 0.020238 0.015476 0.010714 0.010714 0.028571 0.029762 0.032143
0.000000 0.000000 0.000000 0.000000 0.000000 0.000000 0.000000 0.000000 0.000000 0.000000 0.000000 0.000000 0.000000 0.000000 0.000000 0.000000 0.000000 0.000000 0.000000 0.001190 0.001190 0.001190 0.001190 0.002381 0.003571 0.001190 0.001190 0.000000 0.002381 0.001190 0.000000 0.000000 0.003571 0.003571 0.003571 0.003571 0.003571 0.004762 0.004762 0.005952 0.010714 0.010714 0.010714 0.015476 0.017857 0.020238 0.021429 0.022619 0.022619 0.021429 0.019048 0.023810 0.028571 0.033333 0.040476 0.040476 0.040476 0.036905 0.038095 0.036905 0.002381 0.002381 0.001190
0.000000 0.000000 0.000000 0.000000 0.000000 0.000000 0.000000 0.000000 0.000000 0.000000 0.000000 0.000000 0.000000 0.000000 0.000000 0.000000 0.000000 0.000000 0.000000 0.000000 0.001190 0.002381 0.004762 0.008333 0.011905 0.002381 0.002381 0.001190 0.001190 0.002381 0.001190 0.001190 0.004762 0.003571 0.003571 0.003571 0.004762 0.008333 0.009524 0.013095 0.014286 0.016667 0.019048 0.020238 0.021429 0.001190 0.004762 0.007143 0.027381 0.033333 0.036905 0.041667 0.041667 0.047619 0.048810 0.048810 0.050000 0.047619 0.048810 0.048810 0.004762 0.002381 0.003571
0.000000 0.000000 0.000000 0.000000 0.000000 0.000000 0.000000 0.000000 0.000000 0.000000 0.000000 0.000000 0.000000 0.000000 0.000000 0.000000 0.001190 0.000000 0.000000 0.000000 0.003571 0.003571 0.010714 0.011905 0.021429 0.005952 0.008333 0.014286 0.015476 0.021429 0.028571 0.000000 0.002381 0.001190 0.004762 0.005952 0.007143 0.008333 0.014286 0.015476 0.019048 0.021429 0.021429 0.022619 0.021429 0.001190 0.005952 0.030952 0.039286 0.039286 0.046429 0.051190 0.052381 0.055952 0.055952 0.055952 0.054762 0.058333 0.054762 0.053571 0.051190 0.007143 0.005952
0.000000 0.000000 0.000000 0.000000 0.000000 0.000000 0.000000 0.000000 0.000000 0.000000 0.000000 0.000000 0.000000 0.001190 0.001190 0.002381 0.002381 0.000000 0.000000 0.000000 0.007143 0.013095 0.023810 0.041667 0.058333 0.005952 0.007143 0.041667 0.036905 0.035714 0.047619 0.008333 0.001190 0.001190 0.001190 0.008333 0.009524 0.011905 0.014286 0.020238 0.029762 0.040476 0.001190 0.002381 0.001190 0.004762 0.001190 0.035714 0.051190 0.058333 0.069048 0.067857 0.069048 0.070238 0.072619 0.067857 0.064286 0.000000 0.000000 0.000000 0.047619 0.046429 0.044048
0.000000 0.000000 0.000000 0.000000 0.000000 0.000000 0.000000 0.000000 0.000000 0.000000 0.000000 0.000000 0.000000 0.000000 0.002381 0.002381 0.004762 0.000000 0.000000 0.011905 0.027381 0.044048 0.055952 0.071429 0.088095 0.094048 0.094048 0.014286 0.048810 0.047619 0.053571 0.050000 0.002381 0.000000 0.001190 0.008333 0.013095 0.019048 0.029762 0.039286 0.055952 0.071429 0.002381 0.001190 0.002381 0.038095 0.067857 0.084524 0.089286 0.085714 0.088095 0.085714 0.080952 0.078571 0.073810 0.077381 0.069048 0.000000 0.000000 0.000000 0.035714 0.051190 0.052381
0.000000 0.000000 0.000000 0.000000 0.000000 0.000000 0.000000 0.000000 0.000000 0.001190 0.001190 0.001190 0.000000 0.000000 0.003571 0.004762 0.009524 0.015476 0.000000 0.045238 0.054762 0.079762 0.094048 0.101190 0.113095 0.122619 0.127381 0.028571 0.023810 0.071429 0.096429 0.107143 0.000000 0.000000 0.003571 0.008333 0.017857 0.038095 0.054762 0.075000 0.086905 0.097619 0.004762 0.005952 0.003571 0.115476 0.109524 0.107143 0.105952 0.103571 0.100000 0.092857 0.090476 0.088095 0.085714 0.089286 0.085714 0.079762 0.000000 0.000000 0.014286 0.017857 0.047619
0.000000 0.000000 0.000000 0.000000 0.000000 0.000000 0.000000 0.000000 0.000000 0.001190 0.001190 0.001190 0.000000 0.001190 0.003571 0.007143 0.010714 0.038095 0.059524 0.072619 0.083333 0.102381 0.117857 0.132143 0.145238 0.153571 0.155952 0.035714 0.033333 0.147619 0.150000 0.000000 0.000000 0.000000 0.008333 0.026190 0.039286 0.078571 0.104762 0.119048 0.127381 0.136905 0.139286 0.132143 0.133333 0.005952 0.005952 0.107143 0.101190 0.102381 0.097619 0.097619 0.090476 0.088095 0.088095 0.089286 0.085714 0.079762 0.075000 0.000000 0.017857 0.019048 0.000000
0.000000 0.000000 0.000000 0.000000 0.000000 0.000000 0.000000 0.000000 0.000000 0.001190 0.002381 0.002381 0.004762 0.007143 0.021429 0.029762 0.036905 0.065476 0.078571 0.103571 0.128571 0.154762 0.159524 0.166667 0.169048 0.176190 0.175000 0.178571 0.176190 0.179762 0.178571 0.000000 0.000000 0.019048 0.067857 0.092857 0.098810 0.157143 0.165476 0.165476 0.164286 0.166667 0.170238 0.163095 0.008333 0.007143 0.007143 0.080952 0.090476 0.097619 0.096429 0.096429 0.092857 0.089286 0.088095 0.088095 0.088095 0.085714 0.083333 0.086905 0.085714 0.028571 0.000000
0.000000 0.000000 0.000000 0.000000 0.000000 0.000000 0.000000 0.000000 0.001190 0.001190 0.004762 0.007143 0.009524 0.033333 0.048810 0.054762 0.076190 0.126190 0.166667 0.195238 0.204762 0.184524 0.185714 0.179762 0.184524 0.186905 0.186905 0.196429 0.194048 0.189286 0.186905 0.182143 0.000000 0.155952 0.173810 0.173810 0.182143 0.184524 0.190476 0.186905 0.186905 0.188095 0.183333 0.177381 0.014286 0.000000 0.000000 0.077381 0.084524 0.091667 0.098810 0.098810 0.103571 0.105952 0.104762 0.103571 0.104762 0.101190 0.097619 0.095238 0.095238 0.088095 0.084524
0.000000 0.000000 0.000000 0.000000 0.000000 0.000000 0.000000 0.001190 0.001190 0.002381 0.005952 0.021429 0.058333 0.070238 0.079762 0.101190 0.169048 0.217857 0.266667 0.163095 0.167857 0.173810 0.170238 0.176190 0.208333 0.211905 0.217857 0.110714 0.200000 0.201190 0.195238 0.190476 0.198810 0.198810 0.205952 0.214286 0.215476 0.213095 0.214286 0.211905 0.209524 0.201190 0.195238 0.190476 0.000000 0.000000 0.000000 0.039286 0.040476 0.080952 0.102381 0.111905 0.114286 0.116667 0.116667 0.115476 0.114286 0.113095 0.110714 0.107143 0.103571 0.102381 0.098810
0.000000 0.000000 0.000000 0.000000 0.000000 0.000000 0.000000 0.000000 0.000000 0.000000 0.000000 0.085714 0.088095 0.088095 0.191667 0.295238 0.325000 0.347619 0.361905 0.204762 0.201190 0.216667 0.207143 0.198810 0.229762 0.230952 0.159524 0.153571 0.144048 0.194048 0.211905 0.220238 0.233333 0.234524 0.238095 0.230952 0.227381 0.227381 0.222619 0.222619 0.221429 0.213095 0.208333 0.000000 0.000000 0.005952 0.008333 0.010714 0.026190 0.113095 0.119048 0.122619 0.128571 0.127381 0.128571 0.126190 0.123810 0.120238 0.121429 0.116667 0.115476 0.113095 0.034524
0.000000 0.000000 0.000000 0.000000 0.000000 0.002381 0.000000 0.050000 0.078571 0.116667 0.184524 0.000000 0.116667 0.277381 0.346429 0.373810 0.389286 0.405952 0.415476 0.235714 0.235714 0.326190 0.233333 0.222619 0.316667 0.319048 0.194048 0.177381 0.166667 0.261905 0.257143 0.258333 0.259524 0.260714 0.244048 0.238095 0.236905 0.230952 0.229762 0.229762 0.228571 0.225000 0.215476 0.000000 0.000000 0.039286 0.077381 0.110714 0.121429 0.134524 0.134524 0.136905 0.136905 0.138095 0.134524 0.128571 0.127381 0.121429 0.119048 0.121429 0.120238 0.116667 0.032143
0.000000 0.000000 0.000000 0.000000 0.000000 0.011905 0.063095 0.095238 0.207143 0.260714 0.341667 0.000000 0.463095 0.509524 0.516667 0.538095 0.551190 0.560714 0.541667 0.242857 0.241667 0.338095 0.355952 0.359524 0.357143 0.359524 0.345238 0.339286 0.298810 0.139286 0.130952 0.246429 0.245238 0.252381 0.253571 0.251190 0.245238 0.246429 0.240476 0.240476 0.240476 0.238095 0.232143 0.000000 0.000000 0.138095 0.151190 0.153571 0.153571 0.155952 0.155952 0.153571 0.150000 0.000000 0.000000 0.000000 0.067857 0.108333 0.115476 0.117857 0.123810 0.121429 0.028571
0.000000 0.000000 0.000000 0.000000 0.013095 0.019048 0.157143 0.263095 0.345238 0.450000 0.514286 0.539286 0.559524 0.582143 0.589286 0.602381 0.600000 0.584524 0.503571 0.259524 0.244048 0.423810 0.421429 0.423810 0.416667 0.369048 0.365476 0.358333 0.316667 0.158333 0.129762 0.236905 0.244048 0.255952 0.271429 0.267857 0.269048 0.258333 0.252381 0.248810 0.250000 0.178571 0.170238 0.180952 0.184524 0.179762 0.177381 0.172619 0.176190 0.177381 0.179762 0.175000 0.000000 0.000000 0.000000 0.011905 0.045238 0.115476 0.127381 0.133333 0.133333 0.138095 0.135714
0.000000 0.000000 0.000000 0.041667 0.086905 0.171429 0.321429 0.539286 0.625000 0.648810 0.692857 0.709524 0.727381 0.633333 0.627381 0.585714 0.582143 0.571429 0.522619 0.535714 0.507143 0.459524 0.448810 0.439286 0.430952 0.378571 0.376190 0.367857 0.335714 0.173810 0.169048 0.292857 0.289286 0.291667 0.292857 0.294048 0.288095 0.280952 0.266667 0.263095 0.253571 0.184524 0.179762 0.178571 0.196429 0.201190 0.209524 0.213095 0.214286 0.205952 0.197619 0.195238 0.191667 0.000000 0.000000 0.084524 0.138095 0.153571 0.152381 0.147619 0.144048 0.141667 0.142857
0.000000 0.000000 0.000000 0.078571 0.260714 0.577381 0.652381 0.698810 0.790476 0.798810 0.809524 0.804762 0.807143 0.000000 0.429762 0.445238 0.453571 0.523810 0.560714 0.569048 0.566667 0.489286 0.475000 0.452381 0.436905 0.392857 0.389286 0.383333 0.379762 0.341667 0.334524 0.314286 0.307143 0.303571 0.303571 0.305952 0.292857 0.284524 0.279762 0.272619 0.269048 0.188095 0.185714 0.183333 0.242857 0.236905 0.234524 0.234524 0.233333 0.223810 0.217857 0.210714 0.202381 0.198810 0.191667 0.182143 0.178571 0.169048 0.164286 0.033333 0.035714 0.139286 0.145238
