FireSTARR/test/output/SLK/SLK057/2018-07-08_1720/intensity_L_202_2018-07-21.asc
ncols         512
nrows         590
xllcorner     556343.378600
yllcorner     5818702.364000
cellsize      100.000000
NODATA_value  0.000000
[rows 224 to 251 of 590, columns 63 to 125 of 512]
0.000000 0.000000 0.000000 0.000000 0.000000 0.000000 0.000000 0.000000 0.000000 0.000000 0.000000 0.000000 0.000000 0.000000 0.000000 0.000000 0.002381 0.002381 0.000000 0.000000 0.000000 0.000000 0.000000 0.000000 0.001190 0.000000 0.000000 0.000000 0.001190 0.001190 0.001190 0.003571 0.003571 0.007143 0.007143 0.005952 0.002381 0.003571 0.004762 0.002381 0.001190 0.001190 0.000000 0.000000 0.003571 0.004762 0.001190 0.001190 0.002381 0.002381 0.003571 0.003571 0.003571 0.002381 0.003571 0.003571 0.004762 0.002381 0.002381 0.001190 0.001190 0.003571 0.003571
0.000000 0.000000 0.000000 0.000000 0.000000 0.000000 0.000000 0.000000 0.000000 0.000000 0.000000 0.000000 0.000000 0.000000 0.000000 0.000000 0.002381 0.002381 0.000000 0.000000 0.000000 0.000000 0.000000 0.000000 0.000000 0.000000 0.000000 0.000000 0.001190 0.001190 0.001190 0.003571 0.001190 0.001190 0.002381 0.001190 0.001190 0.002381 0.003571 0.001190 0.001190 0.001190 0.001190 0.002381 0.004762 0.003571 0.002381 0.003571 0.005952 0.003571 0.002381 0.003571 0.003571 0.004762 0.005952 0.005952 0.002381 0.003571 0.003571 0.001190 0.000000 0.002381 0.003571
0.000000 0.000000 0.000000 0.000000 0.000000 0.000000 0.000000 0.000000 0.000000 0.000000 0.000000 0.000000 0.000000 0.000000 0.000000 0.000000 0.000000 0.000000 0.000000 0.000000 0.000000 0.000000 0.000000 0.000000 0.000000 0.000000 0.000000 0.000000 0.001190 0.001190 0.001190 0.002381 0.001190 0.001190 0.001190 0.002381 0.001190 0.001190 0.001190 0.001190 0.002381 0.002381 0.002381 0.003571 0.003571 0.004762 0.003571 0.002381 0.002381 0.002381 0.003571 0.003571 0.003571 0.004762 0.005952 0.004762 0.001190 0.002381 0.004762 0.001190 0.001190 0.001190 0.002381
0.000000 0.000000 0.000000 0.000000 0.000000 0.000000 0.000000 0.000000 0.000000 0.000000 0.000000 0.000000 0.000000 0.000000 0.000000 0.000000 0.000000 0.000000 0.000000 0.000000 0.000000 0.000000 0.000000 0.000000 0.000000 0.000000 0.000000 0.000000 0.000000 0.000000 0.000000 0.001190 0.001190 0.001190 0.002381 0.002381 0.002381 0.003571 0.001190 0.000000 0.001190 0.003571 0.002381 0.003571 0.002381 0.002381 0.002381 0.002381 0.002381 0.003571 0.002381 0.001190 0.002381 0.005952 0.005952 0.004762 0.002381 0.002381 0.003571 0.001190 0.003571 0.003571 0.002381
0.000000 0.000000 0.000000 0.000000 0.000000 0.000000 0.000000 0.000000 0.000000 0.000000 0.002381 0.002381 0.002381 0.000000 0.000000 0.000000 0.000000 0.000000 0.000000 0.000000 0.000000 0.000000 0.000000 0.000000 0.000000 0.000000 0.001190 0.000000 0.000000 0.000000 0.000000 0.000000 0.000000 0.000000 0.001190 0.002381 0.002381 0.000000 0.000000 0.001190 0.001190 0.003571 0.002381 0.001190 0.000000 0.001190 0.001190 0.002381 0.002381 0.001190 0.001190 0.002381 0.001190 0.003571 0.005952 0.005952 0.002381 0.003571 0.004762 0.001190 0.002381 0.002381 0.002381
0.000000 0.000000 0.000000 0.000000 0.000000 0.000000 0.000000 0.000000 0.000000 0.000000 0.002381 0.002381 0.002381 0.000000 0.000000 0.000000 0.000000 0.000000 0.000000 0.000000 0.000000 0.000000 0.000000 0.000000 0.000000 0.000000 0.000000 0.000000 0.000000 0.000000 0.000000 0.000000 0.000000 0.000000 0.001190 0.001190 0.002381 0.001190 0.000000 0.000000 0.003571 0.002381 0.002381 0.000000 0.000000 0.001190 0.001190 0.001190 0.003571 0.003571 0.003571 0.003571 0.003571 0.003571 0.007143 0.003571 0.020238 0.015476 0.001190 0.001190 0.004762 0.001190 0.000000
0.000000 0.000000 0.000000 0.000000 0.000000 0.000000 0.000000 0.000000 0.000000 0.000000 0.000000 0.000000 0.000000 0.000000 0.000000 0.000000 0.000000 0.000000 0.000000 0.000000 0.000000 0.000000 0.000000 0.001190 0.000000 0.000000 0.000000 0.000000 0.000000 0.000000 0.000000 0.000000 0.000000 0.003571 0.001190 0.001190 0.001190 0.001190 0.000000 0.000000 0.002381 0.001190 0.002381 0.001190 0.001190 0.001190 0.001190 0.001190 0.002381 0.004762 0.007143 0.008333 0.004762 0.003571 0.008333 0.004762 0.023810 0.015476 0.001190 0.000000 0.002381 0.002381 0.002381
0.000000 0.000000 0.000000 0.000000 0.000000 0.000000 0.000000 0.000000 0.000000 0.000000 0.000000 0.000000 0.000000 0.000000 0.000000 0.000000 0.000000 0.000000 0.000000 0.000000 0.000000 0.000000 0.000000 0.000000 0.000000 0.000000 0.000000 0.000000 0.000000 0.000000 0.000000 0.000000 0.000000 0.002381 0.001190 0.001190 0.001190 0.001190 0.001190 0.001190 0.002381 0.002381 0.000000 0.002381 0.001190 0.001190 0.000000 0.000000 0.001190 0.004762 0.008333 0.005952 0.002381 0.007143 0.007143 0.007143 0.000000 0.000000 0.000000 0.000000 0.003571 0.002381 0.002381
0.000000 0.000000 0.000000 0.000000 0.000000 0.000000 0.000000 0.000000 0.000000 0.000000 0.000000 0.000000 0.000000 0.000000 0.000000 0.000000 0.000000 0.000000 0.000000 0.000000 0.000000 0.000000 0.000000 0.000000 0.000000 0.000000 0.000000 0.000000 0.000000 0.000000 0.000000 0.000000 0.003571 0.002381 0.001190 0.001190 0.000000 0.001190 0.001190 0.001190 0.002381 0.002381 0.001190 0.001190 0.001190 0.002381 0.001190 0.001190 0.003571 0.007143 0.004762 0.003571 0.000000 0.004762 0.008333 0.000000 0.000000 0.000000 0.000000 0.026190 0.028571 0.003571 0.003571
0.000000 0.000000 0.000000 0.000000 0.000000 0.000000 0.000000 0.000000 0.000000 0.000000 0.001190 0.001190 0.001190 0.001190 0.001190 0.000000 0.000000 0.001190 0.001190 0.000000 0.000000 0.000000 0.001190 0.000000 0.000000 0.000000 0.000000 0.000000 0.000000 0.000000 0.000000 0.000000 0.002381 0.000000 0.001190 0.002381 0.001190 0.001190 0.001190 0.002381 0.002381 0.003571 0.000000 0.000000 0.002381 0.001190 0.002381 0.001190 0.002381 0.004762 0.003571 0.003571 0.005952 0.007143 0.005952 0.000000 0.000000 0.003571 0.000000 0.033333 0.003571 0.003571 0.004762
0.000000 0.000000 0.000000 0.000000 0.000000 0.000000 0.000000 0.000000 0.000000 0.001190 0.001190 0.001190 0.000000 0.001190 0.000000 0.000000 0.001190 0.001190 0.001190 0.001190 0.000000 0.000000 0.002381 0.000000 0.000000 0.004762 0.003571 0.000000 0.000000 0.004762 0.001190 0.000000 0.002381 0.000000 0.001190 0.002381 0.001190 0.002381 0.002381 0.003571 0.003571 0.003571 0.001190 0.002381 0.002381 0.001190 0.001190 0.001190 0.003571 0.001190 0.007143 0.000000 0.005952 0.008333 0.004762 0.007143 0.010714 0.005952 0.036905 0.032143 0.003571 0.004762 0.002381
0.000000 0.000000 0.000000 0.000000 0.000000 0.000000 0.000000 0.000000 0.001190 0.000000 0.000000 0.000000 0.000000 0.000000 0.000000 0.000000 0.000000 0.000000 0.000000 0.001190 0.000000 0.000000 0.001190 0.000000 0.000000 0.004762 0.004762 0.002381 0.002381 0.004762 0.001190 0.001190 0.003571 0.003571 0.003571 0.004762 0.009524 0.007143 0.002381 0.003571 0.005952 0.003571 0.003571 0.002381 0.001190 0.000000 0.001190 0.001190 0.001190 0.000000 0.000000 0.009524 0.009524 0.008333 0.008333 0.007143 0.013095 0.016667 0.010714 0.008333 0.004762 0.004762 0.002381
0.000000 0.000000 0.000000 0.000000 0.000000 0.000000 0.000000 0.000000 0.001190 0.000000 0.000000 0.000000 0.000000 0.000000 0.000000 0.000000 0.000000 0.000000 0.000000 0.000000 0.000000 0.000000 0.002381 0.003571 0.001190 0.005952 0.005952 0.002381 0.002381 0.002381 0.001190 0.001190 0.002381 0.002381 0.002381 0.007143 0.008333 0.001190 0.001190 0.003571 0.002381 0.001190 0.002381 0.002381 0.001190 0.001190 0.001190 0.000000 0.000000 0.000000 0.007143 0.007143 0.011905 0.007143 0.007143 0.011905 0.010714 0.011905 0.011905 0.014286 0.005952 0.005952 0.003571
0.000000 0.000000 0.000000 0.000000 0.000000 0.000000 0.000000 0.000000 0.001190 0.001190 0.000000 0.000000 0.000000 0.000000 0.000000 0.000000 0.000000 0.000000 0.000000 0.000000 0.001190 0.000000 0.001190 0.001190 0.002381 0.007143 0.007143 0.002381 0.001190 0.000000 0.003571 0.003571 0.000000 0.000000 0.001190 0.000000 0.008333 0.001190 0.002381 0.002381 0.002381 0.002381 0.003571 0.003571 0.001190 0.000000 0.000000 0.000000 0.000000 0.000000 0.008333 0.007143 0.007143 0.008333 0.007143 0.007143 0.009524 0.011905 0.016667 0.016667 0.008333 0.007143 0.002381
0.000000 0.000000 0.000000 0.000000 0.000000 0.000000 0.000000 0.000000 0.001190 0.000000 0.000000 0.001190 0.000000 0.000000 0.000000 0.000000 0.001190 0.002381 0.001190 0.000000 0.000000 0.001190 0.001190 0.002381 0.001190 0.005952 0.008333 0.001190 0.001190 0.000000 0.004762 0.002381 0.000000 0.001190 0.001190 0.001190 0.000000 0.003571 0.005952 0.005952 0.007143 0.005952 0.011905 0.009524 0.000000 0.000000 0.000000 0.005952 0.000000 0.000000 0.003571 0.005952 0.007143 0.004762 0.009524 0.008333 0.008333 0.015476 0.016667 0.014286 0.011905 0.009524 0.005952
0.000000 0.000000 0.000000 0.000000 0.000000 0.000000 0.000000 0.000000 0.001190 0.000000 0.000000 0.001190 0.000000 0.000000 0.000000 0.001190 0.002381 0.002381 0.002381 0.002381 0.002381 0.002381 0.001190 0.000000 0.001190 0.000000 0.000000 0.000000 0.000000 0.000000 0.003571 0.003571 0.001190 0.002381 0.001190 0.001190 0.000000 0.003571 0.003571 0.004762 0.007143 0.009524 0.009524 0.008333 0.013095 0.004762 0.004762 0.007143 0.000000 0.000000 0.002381 0.005952 0.008333 0.007143 0.014286 0.013095 0.011905 0.010714 0.013095 0.015476 0.013095 0.004762 0.007143
0.000000 0.000000 0.000000 0.000000 0.000000 0.000000 0.000000 0.001190 0.001190 0.000000 0.000000 0.000000 0.000000 0.000000 0.000000 0.001190 0.004762 0.004762 0.003571 0.001190 0.001190 0.003571 0.001190 0.000000 0.001190 0.001190 0.000000 0.000000 0.000000 0.000000 0.000000 0.000000 0.003571 0.005952 0.003571 0.004762 0.004762 0.003571 0.003571 0.002381 0.005952 0.008333 0.009524 0.010714 0.011905 0.007143 0.004762 0.010714 0.011905 0.000000 0.003571 0.008333 0.007143 0.008333 0.008333 0.004762 0.007143 0.009524 0.011905 0.010714 0.013095 0.000000 0.000000
0.000000 0.000000 0.000000 0.000000 0.000000 0.000000 0.000000 0.001190 0.001190 0.001190 0.001190 0.000000 0.000000 0.000000 0.000000 0.003571 0.004762 0.001190 0.002381 0.000000 0.003571 0.005952 0.000000 0.000000 0.002381 0.001190 0.000000 0.000000 0.000000 0.000000 0.000000 0.000000 0.004762 0.004762 0.004762 0.004762 0.002381 0.000000 0.004762 0.005952 0.010714 0.008333 0.003571 0.004762 0.005952 0.010714 0.007143 0.008333 0.009524 0.000000 0.007143 0.008333 0.007143 0.005952 0.004762 0.005952 0.010714 0.009524 0.013095 0.007143 0.000000 0.000000 0.000000
0.000000 0.000000 0.000000 0.000000 0.000000 0.000000 0.000000 0.000000 0.003571 0.001190 0.001190 0.001190 0.000000 0.002381 0.002381 0.000000 0.003571 0.001190 0.000000 0.000000 0.000000 0.004762 0.001190 0.002381 0.002381 0.001190 0.000000 0.000000 0.000000 0.001190 0.000000 0.007143 0.003571 0.002381 0.004762 0.005952 0.004762 0.004762 0.007143 0.008333 0.013095 0.013095 0.009524 0.009524 0.007143 0.009524 0.005952 0.010714 0.013095 0.000000 0.000000 0.004762 0.009524 0.008333 0.008333 0.008333 0.010714 0.000000 0.000000 0.000000 0.000000 0.000000 0.000000
0.000000 0.000000 0.000000 0.000000 0.000000 0.000000 0.000000 0.000000 0.000000 0.000000 0.000000 0.002381 0.001190 0.000000 0.001190 0.000000 0.002381 0.001190 0.003571 0.000000 0.000000 0.000000 0.000000 0.002381 0.000000 0.000000 0.000000 0.000000 0.000000 0.000000 0.000000 0.000000 0.000000 0.007143 0.008333 0.007143 0.004762 0.011905 0.013095 0.002381 0.001190 0.007143 0.010714 0.008333 0.013095 0.021429 0.009524 0.009524 0.013095 0.000000 0.000000 0.007143 0.008333 0.008333 0.007143 0.008333 0.008333 0.013095 0.000000 0.000000 0.009524 0.007143 0.051190
0.001190 0.001190 0.000000 0.000000 0.000000 0.000000 0.000000 0.000000 0.000000 0.000000 0.000000 0.003571 0.000000 0.000000 0.001190 0.002381 0.000000 0.002381 0.003571 0.003571 0.002381 0.002381 0.002381 0.001190 0.000000 0.000000 0.000000 0.000000 0.001190 0.015476 0.015476 0.016667 0.009524 0.005952 0.005952 0.000000 0.000000 0.000000 0.000000 0.000000 0.004762 0.002381 0.007143 0.003571 0.020238 0.017857 0.021429 0.013095 0.010714 0.000000 0.000000 0.008333 0.005952 0.007143 0.010714 0.013095 0.008333 0.013095 0.013095 0.009524 0.004762 0.004762 0.051190
0.001190 0.001190 0.000000 0.000000 0.001190 0.001190 0.001190 0.001190 0.001190 0.000000 0.000000 0.000000 0.000000 0.002381 0.002381 0.002381 0.002381 0.002381 0.004762 0.002381 0.000000 0.003571 0.005952 0.001190 0.004762 0.003571 0.002381 0.001190 0.003571 0.002381 0.004762 0.007143 0.010714 0.008333 0.007143 0.008333 0.010714 0.005952 0.000000 0.000000 0.004762 0.004762 0.005952 0.007143 0.017857 0.023810 0.025000 0.013095 0.010714 0.010714 0.007143 0.008333 0.004762 0.005952 0.010714 0.011905 0.014286 0.013095 0.010714 0.013095 0.010714 0.009524 0.009524
0.002381 0.001190 0.000000 0.000000 0.000000 0.000000 0.001190 0.001190 0.001190 0.000000 0.000000 0.000000 0.000000 0.001190 0.001190 0.001190 0.002381 0.002381 0.005952 0.007143 0.003571 0.000000 0.001190 0.001190 0.004762 0.002381 0.002381 0.002381 0.001190 0.002381 0.003571 0.005952 0.005952 0.005952 0.005952 0.017857 0.005952 0.009524 0.008333 0.010714 0.007143 0.005952 0.005952 0.007143 0.016667 0.023810 0.021429 0.014286 0.014286 0.011905 0.008333 0.008333 0.009524 0.007143 0.008333 0.011905 0.010714 0.013095 0.009524 0.011905 0.010714 0.009524 0.009524
0.001190 0.001190 0.001190 0.001190 0.001190 0.000000 0.001190 0.001190 0.001190 0.000000 0.000000 0.000000 0.000000 0.001190 0.001190 0.001190 0.000000 0.003571 0.003571 0.005952 0.004762 0.000000 0.000000 0.000000 0.003571 0.000000 0.000000 0.003571 0.000000 0.002381 0.003571 0.010714 0.013095 0.011905 0.016667 0.026190 0.008333 0.007143 0.007143 0.013095 0.014286 0.005952 0.009524 0.002381 0.020238 0.026190 0.027381 0.008333 0.008333 0.011905 0.009524 0.005952 0.004762 0.005952 0.009524 0.013095 0.014286 0.011905 0.010714 0.010714 0.011905 0.010714 0.000000
0.001190 0.003571 0.001190 0.001190 0.001190 0.001190 0.001190 0.001190 0.001190 0.002381 0.004762 0.002381 0.003571 0.003571 0.002381 0.001190 0.001190 0.002381 0.002381 0.005952 0.004762 0.000000 0.000000 0.000000 0.002381 0.001190 0.001190 0.000000 0.005952 0.000000 0.002381 0.014286 0.016667 0.015476 0.019048 0.021429 0.009524 0.008333 0.009524 0.027381 0.025000 0.025000 0.020238 0.016667 0.005952 0.026190 0.011905 0.007143 0.007143 0.008333 0.005952 0.003571 0.002381 0.003571 0.005952 0.016667 0.015476 0.011905 0.011905 0.011905 0.009524 0.009524 0.011905
0.001190 0.004762 0.004762 0.001190 0.001190 0.001190 0.002381 0.003571 0.003571 0.003571 0.002381 0.003571 0.003571 0.000000 0.002381 0.002381 0.000000 0.002381 0.002381 0.004762 0.005952 0.000000 0.000000 0.001190 0.001190 0.000000 0.003571 0.002381 0.002381 0.002381 0.003571 0.016667 0.021429 0.022619 0.022619 0.022619 0.007143 0.005952 0.008333 0.028571 0.026190 0.026190 0.028571 0.025000 0.009524 0.019048 0.011905 0.007143 0.008333 0.005952 0.004762 0.003571 0.004762 0.007143 0.008333 0.014286 0.000000 0.000000 0.008333 0.010714 0.013095 0.013095 0.009524
0.001190 0.000000 0.000000 0.003571 0.003571 0.002381 0.002381 0.003571 0.001190 0.001190 0.001190 0.001190 0.003571 0.000000 0.001190 0.002381 0.002381 0.002381 0.004762 0.004762 0.005952 0.000000 0.000000 0.001190 0.001190 0.000000 0.001190 0.001190 0.002381 0.016667 0.023810 0.002381 0.005952 0.004762 0.010714 0.005952 0.007143 0.008333 0.007143 0.005952 0.034524 0.020238 0.025000 0.027381 0.011905 0.016667 0.010714 0.007143 0.007143 0.003571 0.002381 0.004762 0.003571 0.007143 0.007143 0.000000 0.000000 0.000000 0.000000 0.000000 0.013095 0.013095 0.007143
0.000000 0.000000 0.000000 0.003571 0.002381 0.003571 0.003571 0.004762 0.001190 0.001190 0.001190 0.001190 0.002381 0.001190 0.001190 0.002381 0.002381 0.002381 0.004762 0.005952 0.005952 0.000000 0.000000 0.001190 0.002381 0.001190 0.001190 0.001190 0.019048 0.021429 0.027381 0.001190 0.001190 0.003571 0.005952 0.003571 0.005952 0.007143 0.007143 0.007143 0.007143 0.019048 0.025000 0.035714 0.047619 0.050000 0.013095 0.008333 0.005952 0.007143 0.007143 0.007143 0.008333 0.009524 0.014286 0.007143 0.009524 0.010714 0.011905 0.013095 0.009524 0.010714 0.005952
