FireSTARR/test/output/SLK/SLK057/2018-07-08_1720/intensity_H_191_2018-07-10.asc
ncols         187
nrows         141
xllcorner     565343.378600
yllcorner     5835002.364000
cellsize      100.000000
NODATA_value  0.000000
[rows 0 to 27 of 141, columns 63 to 125 of 187]
0.000000 0.000000 0.000000 0.000000 0.000000 0.000000 0.000000 0.000000 0.000000 0.000000 0.000000 0.000000 0.000000 0.000000 0.000000 0.000000 0.000000 0.000000 0.000000 0.000000 0.000000 0.000000 0.000000 0.000000 0.000000 0.000000 0.000000 0.000000 0.000000 0.000000 0.000000 0.000000 0.000000 0.000000 0.000000 0.000000 0.000000 0.000000 0.000000 0.001190 0.001190 0.000000 0.000000 0.000000 0.000000 0.000000 0.001190 0.001190 0.000000 0.000000 0.001190 0.001190 0.001190 0.001190 0.001190 0.001190 0.001190 0.000000 0.000000 0.000000 0.000000 0.000000 0.000000
0.000000 0.000000 0.000000 0.000000 0.000000 0.000000 0.000000 0.000000 0.000000 0.000000 0.000000 0.000000 0.000000 0.000000 0.000000 0.000000 0.000000 0.000000 0.000000 0.000000 0.000000 0.000000 0.000000 0.000000 0.000000 0.000000 0.000000 0.000000 0.000000 0.000000 0.000000 0.000000 0.000000 0.000000 0.000000 0.000000 0.001190 0.000000 0.002381 0.002381 0.001190 0.000000 0.000000 0.001190 0.001190 0.001190 0.002381 0.002381 0.002381 0.002381 0.002381 0.002381 0.001190 0.001190 0.001190 0.001190 0.000000 0.000000 0.000000 0.000000 0.000000 0.000000 0.000000
0.000000 0.000000 0.000000 0.000000 0.000000 0.000000 0.000000 0.000000 0.000000 0.000000 0.000000 0.000000 0.000000 0.000000 0.001190 0.001190 0.001190 0.000000 0.000000 0.000000 0.000000 0.000000 0.000000 0.000000 0.000000 0.000000 0.000000 0.000000 0.000000 0.000000 0.000000 0.001190 0.000000 0.000000 0.002381 0.002381 0.002381 0.002381 0.002381 0.002381 0.002381 0.000000 0.002381 0.002381 0.002381 0.002381 0.002381 0.002381 0.002381 0.002381 0.002381 0.002381 0.002381 0.002381 0.002381 0.001190 0.001190 0.001190 0.001190 0.000000 0.000000 0.000000 0.000000
0.001190 0.000000 0.000000 0.000000 0.000000 0.000000 0.000000 0.000000 0.000000 0.000000 0.001190 0.001190 0.001190 0.000000 0.000000 0.000000 0.000000 0.001190 0.001190 0.001190 0.001190 0.001190 0.000000 0.001190 0.001190 0.000000 0.001190 0.001190 0.001190 0.001190 0.001190 0.002381 0.002381 0.002381 0.002381 0.002381 0.002381 0.002381 0.002381 0.000000 0.002381 0.002381 0.002381 0.003571 0.003571 0.003571 0.003571 0.003571 0.003571 0.003571 0.003571 0.003571 0.003571 0.003571 0.002381 0.001190 0.001190 0.001190 0.001190 0.000000 0.000000 0.000000 0.000000
0.001190 0.001190 0.001190 0.001190 0.001190 0.001190 0.001190 0.002381 0.001190 0.001190 0.001190 0.000000 0.001190 0.001190 0.001190 0.001190 0.000000 0.000000 0.000000 0.001190 0.001190 0.001190 0.001190 0.001190 0.001190 0.001190 0.001190 0.001190 0.001190 0.001190 0.001190 0.002381 0.002381 0.002381 0.002381 0.002381 0.002381 0.002381 0.002381 0.003571 0.003571 0.003571 0.003571 0.003571 0.003571 0.003571 0.003571 0.003571 0.003571 0.003571 0.003571 0.002381 0.001190 0.001190 0.002381 0.001190 0.001190 0.001190 0.001190 0.000000 0.000000 0.001190 0.001190
0.001190 0.001190 0.001190 0.002381 0.002381 0.001190 0.002381 0.001190 0.003571 0.003571 0.003571 0.003571 0.003571 0.002381 0.001190 0.001190 0.001190 0.000000 0.000000 0.001190 0.001190 0.001190 0.001190 0.001190 0.001190 0.001190 0.001190 0.001190 0.001190 0.003571 0.003571 0.003571 0.003571 0.003571 0.003571 0.003571 0.003571 0.000000 0.002381 0.003571 0.003571 0.003571 0.003571 0.003571 0.003571 0.003571 0.003571 0.003571 0.003571 0.003571 0.003571 0.002381 0.002381 0.002381 0.000000 0.000000 0.000000 0.000000 0.000000 0.002381 0.002381 0.002381 0.001190
0.002381 0.002381 0.002381 0.003571 0.004762 0.003571 0.005952 0.004762 0.005952 0.005952 0.005952 0.007143 0.005952 0.005952 0.005952 0.004762 0.001190 0.002381 0.001190 0.000000 0.000000 0.001190 0.001190 0.001190 0.001190 0.001190 0.001190 0.001190 0.003571 0.003571 0.003571 0.003571 0.003571 0.003571 0.003571 0.003571 0.000000 0.000000 0.003571 0.003571 0.003571 0.003571 0.003571 0.003571 0.003571 0.003571 0.003571 0.003571 0.003571 0.003571 0.003571 0.003571 0.002381 0.000000 0.000000 0.000000 0.000000 0.000000 0.001190 0.002381 0.002381 0.002381 0.002381
0.002381 0.002381 0.002381 0.005952 0.007143 0.007143 0.008333 0.009524 0.008333 0.007143 0.007143 0.007143 0.007143 0.007143 0.007143 0.005952 0.004762 0.002381 0.000000 0.000000 0.002381 0.002381 0.002381 0.002381 0.002381 0.002381 0.000000 0.000000 0.002381 0.002381 0.002381 0.003571 0.003571 0.003571 0.003571 0.000000 0.003571 0.003571 0.003571 0.003571 0.003571 0.003571 0.003571 0.003571 0.003571 0.003571 0.003571 0.003571 0.003571 0.003571 0.003571 0.003571 0.003571 0.003571 0.002381 0.002381 0.000000 0.001190 0.001190 0.001190 0.002381 0.002381 0.002381
0.003571 0.004762 0.003571 0.011905 0.010714 0.011905 0.011905 0.011905 0.011905 0.011905 0.010714 0.007143 0.007143 0.007143 0.007143 0.004762 0.004762 0.005952 0.002381 0.002381 0.003571 0.002381 0.002381 0.002381 0.002381 0.000000 0.000000 0.000000 0.001190 0.001190 0.002381 0.003571 0.003571 0.001190 0.001190 0.000000 0.002381 0.004762 0.004762 0.004762 0.003571 0.003571 0.003571 0.003571 0.003571 0.003571 0.003571 0.003571 0.003571 0.003571 0.003571 0.003571 0.003571 0.003571 0.003571 0.003571 0.000000 0.003571 0.003571 0.003571 0.003571 0.003571 0.003571
0.014286 0.013095 0.010714 0.015476 0.014286 0.014286 0.013095 0.013095 0.011905 0.011905 0.011905 0.010714 0.009524 0.008333 0.008333 0.007143 0.007143 0.007143 0.007143 0.005952 0.004762 0.004762 0.004762 0.001190 0.001190 0.002381 0.000000 0.000000 0.001190 0.001190 0.004762 0.004762 0.004762 0.000000 0.000000 0.004762 0.004762 0.004762 0.004762 0.004762 0.004762 0.004762 0.004762 0.004762 0.003571 0.003571 0.003571 0.003571 0.003571 0.003571 0.003571 0.003571 0.004762 0.004762 0.004762 0.003571 0.003571 0.003571 0.003571 0.003571 0.003571 0.003571 0.003571
0.026190 0.022619 0.020238 0.021429 0.000000 0.000000 0.000000 0.000000 0.000000 0.011905 0.011905 0.010714 0.009524 0.009524 0.009524 0.008333 0.008333 0.008333 0.008333 0.007143 0.005952 0.005952 0.007143 0.003571 0.002381 0.004762 0.005952 0.007143 0.005952 0.005952 0.005952 0.005952 0.004762 0.004762 0.003571 0.003571 0.004762 0.004762 0.005952 0.005952 0.005952 0.004762 0.004762 0.004762 0.004762 0.003571 0.003571 0.003571 0.003571 0.004762 0.004762 0.004762 0.004762 0.004762 0.004762 0.004762 0.004762 0.004762 0.004762 0.004762 0.004762 0.004762 0.004762
0.032143 0.032143 0.030952 0.027381 0.000000 0.000000 0.000000 0.000000 0.000000 0.000000 0.000000 0.000000 0.000000 0.009524 0.009524 0.009524 0.010714 0.009524 0.009524 0.009524 0.008333 0.007143 0.008333 0.003571 0.003571 0.007143 0.007143 0.008333 0.008333 0.008333 0.008333 0.008333 0.000000 0.000000 0.005952 0.005952 0.005952 0.005952 0.005952 0.005952 0.005952 0.007143 0.007143 0.007143 0.007143 0.005952 0.005952 0.005952 0.005952 0.004762 0.004762 0.004762 0.004762 0.004762 0.004762 0.004762 0.004762 0.004762 0.004762 0.004762 0.004762 0.004762 0.004762
0.032143 0.032143 0.033333 0.032143 0.033333 0.032143 0.000000 0.000000 0.000000 0.000000 0.000000 0.000000 0.000000 0.000000 0.000000 0.010714 0.010714 0.010714 0.010714 0.010714 0.008333 0.007143 0.007143 0.009524 0.009524 0.010714 0.010714 0.011905 0.008333 0.010714 0.010714 0.000000 0.009524 0.009524 0.009524 0.009524 0.010714 0.009524 0.009524 0.008333 0.008333 0.007143 0.007143 0.008333 0.007143 0.007143 0.007143 0.005952 0.005952 0.005952 0.005952 0.005952 0.004762 0.004762 0.004762 0.004762 0.004762 0.004762 0.004762 0.004762 0.004762 0.004762 0.004762
0.035714 0.032143 0.032143 0.033333 0.034524 0.034524 0.000000 0.000000 0.011905 0.016667 0.020238 0.020238 0.000000 0.000000 0.003571 0.008333 0.010714 0.010714 0.011905 0.010714 0.009524 0.008333 0.010714 0.011905 0.013095 0.013095 0.013095 0.011905 0.011905 0.013095 0.013095 0.010714 0.010714 0.010714 0.010714 0.011905 0.011905 0.010714 0.003571 0.003571 0.008333 0.008333 0.007143 0.008333 0.009524 0.008333 0.007143 0.007143 0.007143 0.007143 0.005952 0.007143 0.005952 0.004762 0.004762 0.004762 0.004762 0.004762 0.004762 0.004762 0.002381 0.003571 0.002381
0.035714 0.038095 0.039286 0.038095 0.036905 0.038095 0.035714 0.000000 0.025000 0.026190 0.026190 0.023810 0.000000 0.000000 0.000000 0.005952 0.009524 0.009524 0.010714 0.010714 0.010714 0.011905 0.014286 0.014286 0.014286 0.014286 0.015476 0.016667 0.016667 0.016667 0.000000 0.015476 0.016667 0.015476 0.015476 0.013095 0.013095 0.013095 0.003571 0.004762 0.009524 0.010714 0.010714 0.010714 0.009524 0.009524 0.010714 0.009524 0.009524 0.009524 0.009524 0.009524 0.008333 0.004762 0.004762 0.005952 0.005952 0.005952 0.005952 0.004762 0.003571 0.003571 0.003571
0.041667 0.044048 0.045238 0.046429 0.046429 0.047619 0.044048 0.044048 0.040476 0.039286 0.033333 0.000000 0.000000 0.000000 0.000000 0.000000 0.007143 0.009524 0.010714 0.011905 0.014286 0.014286 0.015476 0.014286 0.015476 0.016667 0.017857 0.016667 0.016667 0.000000 0.016667 0.017857 0.017857 0.017857 0.016667 0.017857 0.017857 0.003571 0.004762 0.003571 0.014286 0.013095 0.013095 0.014286 0.014286 0.013095 0.011905 0.010714 0.009524 0.009524 0.009524 0.009524 0.009524 0.009524 0.009524 0.008333 0.008333 0.007143 0.007143 0.007143 0.004762 0.004762 0.004762
0.051190 0.051190 0.051190 0.050000 0.050000 0.050000 0.050000 0.047619 0.047619 0.046429 0.046429 0.041667 0.000000 0.027381 0.028571 0.000000 0.000000 0.010714 0.015476 0.016667 0.019048 0.020238 0.020238 0.019048 0.017857 0.019048 0.017857 0.000000 0.017857 0.019048 0.017857 0.017857 0.021429 0.021429 0.021429 0.021429 0.020238 0.019048 0.017857 0.019048 0.017857 0.016667 0.015476 0.016667 0.014286 0.014286 0.014286 0.013095 0.011905 0.010714 0.008333 0.008333 0.009524 0.009524 0.009524 0.009524 0.009524 0.007143 0.007143 0.007143 0.005952 0.004762 0.004762
0.051190 0.050000 0.055952 0.053571 0.052381 0.050000 0.051190 0.048810 0.051190 0.050000 0.044048 0.044048 0.042857 0.042857 0.038095 0.035714 0.000000 0.000000 0.025000 0.026190 0.025000 0.025000 0.027381 0.027381 0.000000 0.025000 0.022619 0.023810 0.023810 0.023810 0.023810 0.022619 0.023810 0.022619 0.022619 0.022619 0.022619 0.021429 0.020238 0.020238 0.020238 0.019048 0.017857 0.017857 0.017857 0.016667 0.000000 0.000000 0.000000 0.000000 0.009524 0.009524 0.009524 0.009524 0.009524 0.009524 0.009524 0.009524 0.008333 0.008333 0.005952 0.004762 0.004762
0.020238 0.040476 0.052381 0.052381 0.036905 0.039286 0.039286 0.048810 0.050000 0.048810 0.047619 0.047619 0.046429 0.047619 0.048810 0.050000 0.050000 0.047619 0.045238 0.041667 0.038095 0.036905 0.038095 0.000000 0.032143 0.032143 0.029762 0.026190 0.025000 0.023810 0.009524 0.008333 0.023810 0.025000 0.025000 0.023810 0.022619 0.022619 0.022619 0.020238 0.020238 0.021429 0.020238 0.019048 0.000000 0.000000 0.000000 0.000000 0.000000 0.000000 0.007143 0.009524 0.009524 0.009524 0.009524 0.009524 0.009524 0.008333 0.008333 0.007143 0.007143 0.004762 0.004762
0.000000 0.054762 0.067857 0.067857 0.035714 0.035714 0.039286 0.053571 0.054762 0.054762 0.051190 0.051190 0.052381 0.051190 0.050000 0.052381 0.054762 0.057143 0.054762 0.052381 0.050000 0.045238 0.044048 0.041667 0.040476 0.035714 0.035714 0.033333 0.032143 0.013095 0.010714 0.010714 0.026190 0.026190 0.025000 0.025000 0.026190 0.025000 0.023810 0.022619 0.020238 0.020238 0.014286 0.000000 0.000000 0.000000 0.000000 0.000000 0.000000 0.000000 0.000000 0.000000 0.009524 0.009524 0.009524 0.009524 0.009524 0.008333 0.008333 0.007143 0.007143 0.007143 0.000000
0.083333 0.084524 0.077381 0.076190 0.075000 0.075000 0.069048 0.066667 0.063095 0.061905 0.061905 0.059524 0.063095 0.058333 0.058333 0.059524 0.061905 0.058333 0.054762 0.057143 0.055952 0.000000 0.044048 0.046429 0.044048 0.040476 0.039286 0.036905 0.038095 0.035714 0.034524 0.033333 0.000000 0.000000 0.008333 0.009524 0.026190 0.025000 0.025000 0.025000 0.023810 0.022619 0.017857 0.000000 0.000000 0.000000 0.000000 0.000000 0.000000 0.000000 0.000000 0.000000 0.000000 0.000000 0.000000 0.008333 0.008333 0.008333 0.008333 0.007143 0.007143 0.000000 0.000000
0.096429 0.090476 0.084524 0.083333 0.082143 0.082143 0.078571 0.075000 0.069048 0.067857 0.070238 0.071429 0.069048 0.065476 0.064286 0.061905 0.064286 0.064286 0.000000 0.054762 0.055952 0.055952 0.057143 0.053571 0.050000 0.046429 0.045238 0.046429 0.041667 0.039286 0.040476 0.040476 0.000000 0.000000 0.010714 0.011905 0.011905 0.026190 0.026190 0.026190 0.026190 0.025000 0.000000 0.000000 0.000000 0.000000 0.000000 0.000000 0.000000 0.000000 0.000000 0.000000 0.000000 0.000000 0.001190 0.004762 0.007143 0.008333 0.008333 0.007143 0.007143 0.000000 0.000000
0.032143 0.034524 0.033333 0.082143 0.086905 0.088095 0.084524 0.083333 0.000000 0.000000 0.067857 0.069048 0.072619 0.070238 0.000000 0.000000 0.063095 0.064286 0.063095 0.060714 0.061905 0.059524 0.058333 0.060714 0.057143 0.054762 0.053571 0.016667 0.022619 0.039286 0.039286 0.041667 0.040476 0.040476 0.014286 0.014286 0.015476 0.030952 0.032143 0.027381 0.027381 0.000000 0.000000 0.000000 0.000000 0.000000 0.000000 0.000000 0.000000 0.000000 0.000000 0.000000 0.000000 0.000000 0.001190 0.002381 0.004762 0.007143 0.007143 0.007143 0.000000 0.000000 0.000000
0.039286 0.036905 0.036905 0.036905 0.089286 0.092857 0.092857 0.092857 0.000000 0.044048 0.063095 0.072619 0.075000 0.075000 0.075000 0.072619 0.063095 0.064286 0.064286 0.064286 0.063095 0.061905 0.063095 0.060714 0.063095 0.061905 0.060714 0.020238 0.020238 0.044048 0.044048 0.041667 0.041667 0.041667 0.041667 0.040476 0.040476 0.038095 0.036905 0.000000 0.000000 0.000000 0.000000 0.000000 0.000000 0.000000 0.000000 0.000000 0.000000 0.000000 0.000000 0.000000 0.000000 0.000000 0.001190 0.002381 0.003571 0.000000 0.005952 0.000000 0.001190 0.001190 0.001190
0.029762 0.028571 0.041667 0.045238 0.086905 0.095238 0.094048 0.094048 0.094048 0.090476 0.083333 0.079762 0.079762 0.079762 0.077381 0.078571 0.075000 0.072619 0.067857 0.066667 0.066667 0.069048 0.070238 0.067857 0.065476 0.065476 0.023810 0.025000 0.022619 0.047619 0.047619 0.050000 0.047619 0.047619 0.046429 0.041667 0.041667 0.040476 0.040476 0.000000 0.000000 0.000000 0.000000 0.000000 0.000000 0.000000 0.000000 0.000000 0.000000 0.000000 0.000000 0.000000 0.000000 0.000000 0.001190 0.002381 0.002381 0.002381 0.004762 0.001190 0.001190 0.001190 0.001190
0.135714 0.032143 0.038095 0.045238 0.089286 0.088095 0.041667 0.039286 0.090476 0.095238 0.091667 0.090476 0.090476 0.088095 0.089286 0.085714 0.083333 0.080952 0.079762 0.078571 0.076190 0.073810 0.075000 0.075000 0.071429 0.070238 0.069048 0.069048 0.066667 0.065476 0.059524 0.057143 0.054762 0.054762 0.023810 0.041667 0.041667 0.041667 0.040476 0.000000 0.000000 0.000000 0.000000 0.000000 0.000000 0.000000 0.000000 0.000000 0.000000 0.000000 0.000000 0.000000 0.001190 0.001190 0.001190 0.001190 0.002381 0.002381 0.002381 0.002381 0.002381 0.002381 0.001190
0.142857 0.036905 0.041667 0.045238 0.090476 0.089286 0.054762 0.054762 0.044048 0.082143 0.085714 0.094048 0.097619 0.095238 0.094048 0.092857 0.089286 0.090476 0.089286 0.088095 0.082143 0.080952 0.078571 0.077381 0.077381 0.076190 0.075000 0.073810 0.070238 0.069048 0.067857 0.064286 0.061905 0.059524 0.026190 0.025000 0.045238 0.044048 0.042857 0.000000 0.000000 0.000000 0.000000 0.000000 0.000000 0.000000 0.000000 0.000000 0.000000 0.000000 0.000000 0.000000 0.001190 0.001190 0.001190 0.001190 0.002381 0.002381 0.002381 0.002381 0.002381 0.002381 0.002381
0.145238 0.142857 0.045238 0.083333 0.092857 0.094048 0.055952 0.061905 0.058333 0.090476 0.100000 0.102381 0.105952 0.103571 0.104762 0.102381 0.104762 0.102381 0.100000 0.097619 0.094048 0.090476 0.085714 0.084524 0.040476 0.036905 0.075000 0.075000 0.076190 0.073810 0.070238 0.069048 0.067857 0.065476 0.025000 0.025000 0.050000 0.052381 0.051190 0.000000 0.000000 0.000000 0.000000 0.000000 0.000000 0.000000 0.000000 0.000000 0.000000 0.000000 0.000000 0.000000 0.000000 0.000000 0.001190 0.001190 0.001190 0.002381 0.002381 0.002381 0.002381 0.002381 0.002381
