FireSTARR/test/output/SLK/SLK057/2018-07-08_1720/intensity_H_190_2018-07-09.asc
ncols         132
nrows         101
xllcorner     565343.378600
yllcorner     5838602.364000
cellsize      100.000000
NODATA_value  0.000000
[rows 0 to 27 of 101, columns 0 to 62 of 132]
0.000000 0.000000 0.000000 0.000000 0.000000 0.000000 0.000000 0.000000 0.000000 0.000000 0.000000 0.000000 0.000000 0.000000 0.000000 0.000000 0.000000 0.000000 0.000000 0.000000 0.000000 0.000000 0.000000 0.000000 0.000000 0.000000 0.000000 0.000000 0.000000 0.000000 0.000000 0.000000 0.000000 0.000000 0.000000 0.000000 0.000000 0.000000 0.000000 0.000000 0.000000 0.000000 0.000000 0.000000 0.000000 0.000000 0.000000 0.000000 0.000000 0.000000 0.000000 0.000000 0.000000 0.000000 0.000000 0.000000 0.000000 0.000000 0.000000 0.000000 0.000000 0.000000 0.000000
0.000000 0.000000 0.000000 0.000000 0.000000 0.000000 0.000000 0.000000 0.000000 0.000000 0.000000 0.000000 0.000000 0.000000 0.000000 0.000000 0.000000 0.000000 0.000000 0.000000 0.000000 0.000000 0.000000 0.000000 0.000000 0.000000 0.000000 0.000000 0.000000 0.000000 0.000000 0.000000 0.000000 0.000000 0.000000 0.000000 0.000000 0.000000 0.000000 0.000000 0.000000 0.000000 0.000000 0.000000 0.000000 0.000000 0.000000 0.000000 0.000000 0.000000 0.000000 0.000000 0.000000 0.000000 0.000000 0.000000 0.000000 0.000000 0.000000 0.000000 0.000000 0.000000 0.000000
0.000000 0.000000 0.000000 0.000000 0.000000 0.000000 0.000000 0.000000 0.000000 0.000000 0.000000 0.000000 0.000000 0.000000 0.000000 0.000000 0.000000 0.000000 0.000000 0.000000 0.000000 0.000000 0.000000 0.000000 0.000000 0.000000 0.000000 0.000000 0.000000 0.000000 0.000000 0.000000 0.000000 0.000000 0.000000 0.000000 0.000000 0.000000 0.000000 0.000000 0.000000 0.000000 0.000000 0.000000 0.000000 0.000000 0.000000 0.000000 0.000000 0.000000 0.000000 0.000000 0.000000 0.000000 0.000000 0.000000 0.000000 0.000000 0.000000 0.000000 0.000000 0.000000 0.000000
0.000000 0.000000 0.000000 0.000000 0.000000 0.000000 0.000000 0.000000 0.000000 0.000000 0.000000 0.000000 0.000000 0.000000 0.000000 0.000000 0.000000 0.000000 0.000000 0.000000 0.000000 0.000000 0.000000 0.000000 0.000000 0.000000 0.000000 0.000000 0.000000 0.000000 0.000000 0.000000 0.000000 0.000000 0.000000 0.000000 0.000000 0.000000 0.000000 0.000000 0.000000 0.000000 0.000000 0.000000 0.000000 0.000000 0.000000 0.000000 0.000000 0.000000 0.000000 0.000000 0.000000 0.000000 0.000000 0.000000 0.000000 0.000000 0.000000 0.000000 0.000000 0.000000 0.000000
0.000000 0.000000 0.000000 0.000000 0.000000 0.000000 0.000000 0.000000 0.000000 0.000000 0.000000 0.000000 0.000000 0.000000 0.000000 0.000000 0.000000 0.000000 0.000000 0.000000 0.000000 0.000000 0.000000 0.000000 0.000000 0.000000 0.000000 0.000000 0.000000 0.000000 0.000000 0.000000 0.000000 0.000000 0.000000 0.000000 0.000000 0.000000 0.000000 0.000000 0.000000 0.000000 0.000000 0.000000 0.000000 0.000000 0.000000 0.000000 0.000000 0.000000 0.000000 0.001190 0.001190 0.001190 0.001190 0.001190 0.001190 0.001190 0.001190 0.001190 0.001190 0.004762 0.004762
0.000000 0.000000 0.000000 0.000000 0.000000 0.000000 0.000000 0.000000 0.000000 0.000000 0.000000 0.000000 0.000000 0.000000 0.000000 0.000000 0.000000 0.000000 0.000000 0.000000 0.000000 0.000000 0.000000 0.000000 0.000000 0.000000 0.000000 0.000000 0.000000 0.000000 0.000000 0.000000 0.000000 0.000000 0.000000 0.000000 0.000000 0.000000 0.000000 0.001190 0.000000 0.000000 0.000000 0.000000 0.000000 0.000000 0.000000 0.000000 0.000000 0.001190 0.001190 0.001190 0.002381 0.002381 0.002381 0.001190 0.001190 0.001190 0.000000 0.001190 0.004762 0.007143 0.008333
0.000000 0.000000 0.000000 0.000000 0.000000 0.000000 0.000000 0.000000 0.000000 0.000000 0.000000 0.000000 0.000000 0.000000 0.000000 0.000000 0.000000 0.000000 0.000000 0.000000 0.000000 0.000000 0.000000 0.000000 0.000000 0.000000 0.000000 0.000000 0.000000 0.000000 0.000000 0.000000 0.000000 0.001190 0.001190 0.001190 0.001190 0.001190 0.001190 0.001190 0.001190 0.001190 0.000000 0.000000 0.001190 0.000000 0.000000 0.000000 0.001190 0.000000 0.000000 0.001190 0.002381 0.003571 0.003571 0.004762 0.004762 0.003571 0.004762 0.002381 0.010714 0.010714 0.013095
0.000000 0.000000 0.000000 0.000000 0.000000 0.000000 0.000000 0.000000 0.000000 0.000000 0.000000 0.000000 0.000000 0.000000 0.000000 0.000000 0.000000 0.000000 0.000000 0.000000 0.000000 0.000000 0.000000 0.000000 0.000000 0.000000 0.000000 0.000000 0.000000 0.000000 0.000000 0.001190 0.001190 0.001190 0.001190 0.001190 0.001190 0.001190 0.001190 0.001190 0.001190 0.001190 0.001190 0.002381 0.002381 0.003571 0.007143 0.007143 0.005952 0.002381 0.001190 0.002381 0.004762 0.004762 0.009524 0.015476 0.007143 0.004762 0.001190 0.000000 0.011905 0.013095 0.015476
0.000000 0.000000 0.000000 0.000000 0.000000 0.000000 0.000000 0.000000 0.000000 0.000000 0.000000 0.000000 0.000000 0.000000 0.000000 0.000000 0.000000 0.000000 0.000000 0.000000 0.000000 0.000000 0.000000 0.000000 0.001190 0.000000 0.000000 0.000000 0.001190 0.000000 0.000000 0.000000 0.001190 0.001190 0.001190 0.001190 0.001190 0.001190 0.001190 0.001190 0.002381 0.002381 0.003571 0.005952 0.010714 0.011905 0.010714 0.010714 0.010714 0.008333 0.005952 0.008333 0.013095 0.015476 0.020238 0.022619 0.023810 0.020238 0.020238 0.019048 0.000000 0.000000 0.000000
0.000000 0.000000 0.000000 0.000000 0.000000 0.000000 0.000000 0.000000 0.000000 0.000000 0.000000 0.000000 0.000000 0.000000 0.000000 0.000000 0.000000 0.000000 0.000000 0.000000 0.000000 0.001190 0.002381 0.005952 0.007143 0.000000 0.000000 0.000000 0.000000 0.001190 0.000000 0.000000 0.002381 0.001190 0.001190 0.001190 0.001190 0.003571 0.003571 0.004762 0.004762 0.007143 0.011905 0.011905 0.013095 0.000000 0.000000 0.001190 0.010714 0.014286 0.016667 0.022619 0.025000 0.029762 0.032143 0.033333 0.034524 0.032143 0.033333 0.030952 0.000000 0.000000 0.000000
0.000000 0.000000 0.000000 0.000000 0.000000 0.000000 0.000000 0.000000 0.000000 0.000000 0.000000 0.000000 0.000000 0.000000 0.000000 0.000000 0.001190 0.000000 0.000000 0.000000 0.001190 0.001190 0.007143 0.008333 0.015476 0.000000 0.000000 0.007143 0.010714 0.016667 0.023810 0.000000 0.001190 0.001190 0.002381 0.002381 0.003571 0.003571 0.005952 0.008333 0.009524 0.013095 0.013095 0.013095 0.013095 0.000000 0.000000 0.013095 0.019048 0.020238 0.028571 0.034524 0.034524 0.038095 0.038095 0.038095 0.038095 0.041667 0.038095 0.036905 0.033333 0.000000 0.000000
0.000000 0.000000 0.000000 0.000000 0.000000 0.000000 0.000000 0.000000 0.000000 0.000000 0.000000 0.000000 0.000000 0.001190 0.001190 0.002381 0.002381 0.000000 0.000000 0.000000 0.004762 0.009524 0.020238 0.035714 0.052381 0.000000 0.001190 0.039286 0.033333 0.030952 0.039286 0.005952 0.001190 0.001190 0.001190 0.004762 0.004762 0.005952 0.007143 0.013095 0.020238 0.028571 0.000000 0.000000 0.000000 0.000000 0.000000 0.021429 0.035714 0.040476 0.051190 0.050000 0.051190 0.053571 0.055952 0.051190 0.046429 0.000000 0.000000 0.000000 0.028571 0.028571 0.026190
0.000000 0.000000 0.000000 0.000000 0.000000 0.000000 0.000000 0.000000 0.000000 0.000000 0.000000 0.000000 0.000000 0.000000 0.002381 0.001190 0.003571 0.000000 0.000000 0.009524 0.025000 0.040476 0.051190 0.067857 0.085714 0.091667 0.091667 0.004762 0.038095 0.034524 0.040476 0.041667 0.000000 0.000000 0.001190 0.004762 0.005952 0.011905 0.022619 0.032143 0.045238 0.060714 0.000000 0.000000 0.002381 0.017857 0.052381 0.067857 0.072619 0.069048 0.071429 0.067857 0.064286 0.059524 0.055952 0.059524 0.052381 0.000000 0.000000 0.000000 0.014286 0.032143 0.034524
0.000000 0.000000 0.000000 0.000000 0.000000 0.000000 0.000000 0.000000 0.000000 0.000000 0.000000 0.000000 0.000000 0.000000 0.002381 0.003571 0.008333 0.014286 0.000000 0.044048 0.054762 0.079762 0.091667 0.098810 0.111905 0.119048 0.122619 0.013095 0.005952 0.051190 0.083333 0.095238 0.000000 0.000000 0.002381 0.005952 0.011905 0.030952 0.047619 0.067857 0.076190 0.086905 0.000000 0.000000 0.000000 0.102381 0.095238 0.089286 0.086905 0.085714 0.080952 0.070238 0.070238 0.064286 0.060714 0.063095 0.059524 0.058333 0.000000 0.000000 0.002381 0.003571 0.023810
0.000000 0.000000 0.000000 0.000000 0.000000 0.000000 0.000000 0.000000 0.000000 0.000000 0.000000 0.000000 0.000000 0.001190 0.003571 0.007143 0.010714 0.038095 0.058333 0.071429 0.080952 0.098810 0.114286 0.128571 0.140476 0.147619 0.150000 0.020238 0.017857 0.141667 0.144048 0.000000 0.000000 0.000000 0.005952 0.022619 0.034524 0.072619 0.097619 0.110714 0.119048 0.128571 0.130952 0.125000 0.123810 0.000000 0.000000 0.085714 0.082143 0.080952 0.077381 0.076190 0.065476 0.063095 0.064286 0.063095 0.059524 0.053571 0.051190 0.000000 0.002381 0.002381 0.000000
0.000000 0.000000 0.000000 0.000000 0.000000 0.000000 0.000000 0.000000 0.000000 0.000000 0.001190 0.001190 0.004762 0.007143 0.021429 0.029762 0.036905 0.063095 0.076190 0.101190 0.125000 0.151190 0.155952 0.160714 0.163095 0.169048 0.166667 0.166667 0.166667 0.169048 0.165476 0.000000 0.000000 0.013095 0.061905 0.084524 0.089286 0.144048 0.151190 0.152381 0.154762 0.157143 0.160714 0.154762 0.002381 0.001190 0.000000 0.038095 0.055952 0.065476 0.063095 0.061905 0.065476 0.063095 0.060714 0.060714 0.061905 0.058333 0.058333 0.061905 0.058333 0.004762 0.000000
0.000000 0.000000 0.000000 0.000000 0.000000 0.000000 0.000000 0.000000 0.000000 0.000000 0.003571 0.007143 0.009524 0.033333 0.047619 0.053571 0.073810 0.123810 0.161905 0.189286 0.197619 0.176190 0.173810 0.170238 0.173810 0.173810 0.173810 0.180952 0.177381 0.173810 0.172619 0.164286 0.000000 0.144048 0.160714 0.161905 0.166667 0.169048 0.175000 0.172619 0.172619 0.175000 0.172619 0.166667 0.007143 0.000000 0.000000 0.030952 0.041667 0.051190 0.064286 0.065476 0.073810 0.077381 0.077381 0.077381 0.077381 0.075000 0.072619 0.071429 0.072619 0.060714 0.058333
0.000000 0.000000 0.000000 0.000000 0.000000 0.000000 0.000000 0.000000 0.000000 0.001190 0.004762 0.021429 0.057143 0.067857 0.077381 0.098810 0.166667 0.215476 0.261905 0.161905 0.166667 0.170238 0.165476 0.170238 0.195238 0.196429 0.200000 0.094048 0.173810 0.176190 0.173810 0.172619 0.178571 0.182143 0.189286 0.201190 0.202381 0.198810 0.201190 0.197619 0.195238 0.188095 0.179762 0.176190 0.000000 0.000000 0.000000 0.007143 0.009524 0.039286 0.072619 0.084524 0.085714 0.088095 0.089286 0.088095 0.088095 0.086905 0.086905 0.084524 0.077381 0.070238 0.067857
0.000000 0.000000 0.000000 0.000000 0.000000 0.000000 0.000000 0.000000 0.000000 0.000000 0.000000 0.085714 0.084524 0.082143 0.189286 0.292857 0.322619 0.342857 0.357143 0.201190 0.197619 0.208333 0.203571 0.195238 0.215476 0.220238 0.147619 0.140476 0.125000 0.159524 0.191667 0.204762 0.223810 0.227381 0.229762 0.223810 0.216667 0.216667 0.210714 0.208333 0.207143 0.198810 0.192857 0.000000 0.000000 0.001190 0.000000 0.000000 0.003571 0.086905 0.095238 0.101190 0.109524 0.107143 0.108333 0.102381 0.100000 0.097619 0.098810 0.092857 0.091667 0.086905 0.004762
0.000000 0.000000 0.000000 0.000000 0.000000 0.002381 0.000000 0.048810 0.077381 0.113095 0.179762 0.000000 0.111905 0.275000 0.342857 0.370238 0.384524 0.398810 0.408333 0.232143 0.232143 0.309524 0.228571 0.219048 0.302381 0.308333 0.182143 0.167857 0.157143 0.254762 0.247619 0.248810 0.251190 0.246429 0.235714 0.227381 0.226190 0.220238 0.219048 0.216667 0.213095 0.205952 0.200000 0.000000 0.000000 0.026190 0.069048 0.101190 0.107143 0.120238 0.119048 0.122619 0.123810 0.123810 0.120238 0.113095 0.104762 0.101190 0.097619 0.098810 0.096429 0.091667 0.004762
0.000000 0.000000 0.000000 0.000000 0.000000 0.011905 0.063095 0.092857 0.207143 0.259524 0.340476 0.000000 0.461905 0.508333 0.515476 0.536905 0.548810 0.559524 0.538095 0.240476 0.236905 0.311905 0.333333 0.340476 0.344048 0.344048 0.334524 0.328571 0.286905 0.135714 0.125000 0.232143 0.228571 0.233333 0.236905 0.234524 0.228571 0.230952 0.228571 0.227381 0.225000 0.221429 0.214286 0.000000 0.000000 0.122619 0.132143 0.133333 0.134524 0.136905 0.138095 0.136905 0.133333 0.000000 0.000000 0.000000 0.042857 0.082143 0.090476 0.091667 0.096429 0.094048 0.003571
0.000000 0.000000 0.000000 0.000000 0.013095 0.019048 0.154762 0.257143 0.341667 0.445238 0.510714 0.535714 0.555952 0.578571 0.586905 0.600000 0.596429 0.573810 0.470238 0.254762 0.239286 0.408333 0.410714 0.410714 0.403571 0.351190 0.345238 0.338095 0.298810 0.151190 0.125000 0.188095 0.213095 0.229762 0.247619 0.245238 0.250000 0.242857 0.239286 0.236905 0.233333 0.163095 0.153571 0.163095 0.163095 0.157143 0.153571 0.151190 0.154762 0.158333 0.161905 0.158333 0.000000 0.000000 0.000000 0.004762 0.023810 0.088095 0.096429 0.105952 0.107143 0.113095 0.108333
0.000000 0.000000 0.000000 0.040476 0.084524 0.169048 0.315476 0.535714 0.621429 0.645238 0.688095 0.704762 0.721429 0.626190 0.621429 0.569048 0.558333 0.547619 0.484524 0.497619 0.473810 0.428571 0.429762 0.425000 0.414286 0.351190 0.347619 0.339286 0.309524 0.166667 0.160714 0.277381 0.275000 0.275000 0.272619 0.275000 0.270238 0.260714 0.253571 0.253571 0.241667 0.171429 0.159524 0.159524 0.171429 0.177381 0.188095 0.195238 0.196429 0.189286 0.180952 0.177381 0.172619 0.000000 0.000000 0.070238 0.121429 0.136905 0.134524 0.125000 0.121429 0.115476 0.116667
0.000000 0.000000 0.000000 0.076190 0.258333 0.573810 0.650000 0.694048 0.788095 0.796429 0.807143 0.801190 0.802381 0.000000 0.408333 0.413095 0.408333 0.478571 0.526190 0.542857 0.542857 0.441667 0.440476 0.427381 0.408333 0.360714 0.357143 0.352381 0.344048 0.310714 0.304762 0.290476 0.289286 0.286905 0.283333 0.280952 0.266667 0.263095 0.258333 0.254762 0.251190 0.173810 0.172619 0.165476 0.221429 0.219048 0.219048 0.217857 0.216667 0.207143 0.200000 0.191667 0.183333 0.179762 0.172619 0.160714 0.158333 0.151190 0.144048 0.008333 0.007143 0.104762 0.113095
0.000000 0.019048 0.000000 0.378571 0.661905 0.829762 0.835714 0.844048 0.846429 0.850000 0.850000 0.832143 0.822619 0.000000 0.142857 0.000000 0.528571 0.538095 0.513095 0.501190 0.502381 0.421429 0.434524 0.413095 0.414286 0.408333 0.369048 0.370238 0.359524 0.322619 0.314286 0.303571 0.291667 0.297619 0.294048 0.288095 0.279762 0.270238 0.267857 0.263095 0.258333 0.258333 0.255952 0.250000 0.240476 0.234524 0.227381 0.223810 0.223810 0.222619 0.214286 0.207143 0.198810 0.189286 0.182143 0.176190 0.177381 0.169048 0.155952 0.009524 0.014286 0.063095 0.085714
0.000000 0.075000 0.523810 0.000000 0.000000 0.000000 0.000000 0.000000 0.866667 0.864286 0.865476 0.859524 0.857143 0.000000 0.725000 0.644048 0.000000 0.000000 0.360714 0.358333 0.434524 0.405952 0.472619 0.455952 0.453571 0.432143 0.383333 0.373810 0.361905 0.320238 0.319048 0.305952 0.304762 0.300000 0.300000 0.288095 0.278571 0.273810 0.271429 0.270238 0.263095 0.267857 0.264286 0.261905 0.257143 0.247619 0.240476 0.236905 0.230952 0.228571 0.222619 0.214286 0.205952 0.202381 0.191667 0.188095 0.185714 0.180952 0.172619 0.011905 0.014286 0.064286 0.070238
0.000000 0.000000 0.000000 0.000000 0.000000 0.000000 0.000000 0.000000 0.000000 0.867857 0.865476 0.870238 0.861905 0.841667 0.836905 0.817857 0.661905 0.000000 0.146429 0.466667 0.545238 0.578571 0.516667 0.488095 0.460714 0.425000 0.391667 0.364286 0.323810 0.322619 0.316667 0.310714 0.304762 0.303571 0.302381 0.297619 0.289286 0.279762 0.271429 0.270238 0.270238 0.266667 0.267857 0.263095 0.260714 0.255952 0.252381 0.246429 0.241667 0.236905 0.235714 0.230952 0.217857 0.210714 0.200000 0.198810 0.190476 0.182143 0.171429 0.001190 0.002381 0.003571 0.003571
0.000000 0.000000 0.000000 0.000000 0.000000 0.000000 0.000000 0.000000 0.000000 0.000000 0.861905 0.865476 0.859524 0.867857 0.867857 0.847619 0.827381 0.000000 0.629762 0.629762 0.621429 0.433333 0.300000 0.407143 0.386905 0.367857 0.352381 0.329762 0.326190 0.320238 0.317857 0.321429 0.314286 0.311905 0.304762 0.297619 0.286905 0.282143 0.278571 0.279762 0.275000 0.273810 0.271429 0.267857 0.264286 0.260714 0.255952 0.250000 0.246429 0.238095 0.235714 0.000000 0.000000 0.155952 0.170238 0.177381 0.178571 0.172619 0.167857 0.001190 0.002381 0.003571 0.004762
