FireSTARR/test/output/SLK/SLK057/2018-07-08_1720/intensity_M_191_2018-07-10.asc
ncols         184
nrows         141
xllcorner     565343.378600
yllcorner     5835002.364000
cellsize      100.000000
NODATA_value  0.000000
[rows 56 to 83 of 141, columns 0 to 62 of 184]
0.000000 0.000000 0.000000 0.000000 0.000000 0.000000 0.000000 0.000000 0.000000 0.000000 0.000000 0.000000 0.000000 0.000000 0.000000 0.000000 0.002381 0.002381 0.004762 0.007143 0.009524 0.008333 0.007143 0.005952 0.004762 0.007143 0.009524 0.011905 0.010714 0.008333 0.004762 0.007143 0.005952 0.003571 0.004762 0.007143 0.014286 0.010714 0.026190 0.028571 0.029762 0.011905 0.010714 0.011905 0.008333 0.005952 0.036905 0.039286 0.040476 0.047619 0.051190 0.045238 0.048810 0.048810 0.001190 0.000000 0.003571 0.003571 0.002381 0.011905 0.013095 0.002381 0.001190
0.000000 0.000000 0.000000 0.000000 0.000000 0.000000 0.000000 0.000000 0.000000 0.000000 0.000000 0.000000 0.000000 0.000000 0.000000 0.000000 0.002381 0.003571 0.004762 0.005952 0.005952 0.010714 0.007143 0.010714 0.010714 0.007143 0.009524 0.008333 0.004762 0.004762 0.007143 0.007143 0.007143 0.007143 0.005952 0.010714 0.011905 0.014286 0.027381 0.026190 0.028571 0.010714 0.009524 0.008333 0.007143 0.004762 0.034524 0.033333 0.034524 0.039286 0.041667 0.001190 0.001190 0.000000 0.002381 0.001190 0.001190 0.004762 0.002381 0.020238 0.021429 0.002381 0.002381
0.000000 0.000000 0.000000 0.000000 0.000000 0.000000 0.000000 0.000000 0.000000 0.000000 0.000000 0.000000 0.000000 0.000000 0.000000 0.000000 0.003571 0.008333 0.007143 0.004762 0.003571 0.007143 0.008333 0.005952 0.008333 0.010714 0.009524 0.007143 0.010714 0.005952 0.007143 0.004762 0.007143 0.013095 0.011905 0.013095 0.011905 0.011905 0.010714 0.013095 0.011905 0.009524 0.009524 0.007143 0.007143 0.007143 0.033333 0.034524 0.026190 0.028571 0.030952 0.001190 0.001190 0.000000 0.001190 0.000000 0.002381 0.004762 0.005952 0.020238 0.016667 0.004762 0.002381
0.000000 0.000000 0.000000 0.000000 0.000000 0.000000 0.000000 0.000000 0.000000 0.000000 0.000000 0.000000 0.000000 0.000000 0.000000 0.004762 0.009524 0.004762 0.000000 0.001190 0.000000 0.007143 0.008333 0.009524 0.007143 0.009524 0.011905 0.010714 0.007143 0.008333 0.007143 0.007143 0.008333 0.010714 0.007143 0.013095 0.010714 0.011905 0.008333 0.014286 0.011905 0.009524 0.010714 0.009524 0.011905 0.008333 0.007143 0.005952 0.030952 0.030952 0.025000 0.003571 0.003571 0.001190 0.000000 0.000000 0.001190 0.004762 0.021429 0.021429 0.014286 0.002381 0.004762
0.000000 0.000000 0.000000 0.000000 0.000000 0.000000 0.000000 0.000000 0.000000 0.000000 0.000000 0.000000 0.000000 0.000000 0.000000 0.003571 0.004762 0.003571 0.000000 0.001190 0.010714 0.007143 0.008333 0.009524 0.009524 0.011905 0.009524 0.009524 0.009524 0.013095 0.014286 0.005952 0.005952 0.007143 0.010714 0.013095 0.010714 0.013095 0.010714 0.016667 0.013095 0.009524 0.008333 0.014286 0.010714 0.009524 0.008333 0.005952 0.038095 0.035714 0.025000 0.003571 0.004762 0.001190 0.002381 0.001190 0.001190 0.002381 0.004762 0.004762 0.003571 0.003571 0.002381
0.000000 0.000000 0.000000 0.000000 0.000000 0.000000 0.000000 0.000000 0.000000 0.000000 0.000000 0.000000 0.000000 0.000000 0.001190 0.000000 0.000000 0.000000 0.007143 0.004762 0.009524 0.013095 0.013095 0.010714 0.010714 0.010714 0.010714 0.009524 0.007143 0.008333 0.017857 0.013095 0.016667 0.011905 0.010714 0.011905 0.010714 0.010714 0.014286 0.011905 0.014286 0.005952 0.011905 0.013095 0.015476 0.009524 0.004762 0.007143 0.008333 0.007143 0.023810 0.001190 0.003571 0.001190 0.000000 0.001190 0.001190 0.003571 0.004762 0.004762 0.005952 0.004762 0.004762
0.000000 0.000000 0.000000 0.000000 0.000000 0.000000 0.000000 0.000000 0.000000 0.000000 0.000000 0.000000 0.000000 0.000000 0.000000 0.000000 0.000000 0.000000 0.005952 0.004762 0.005952 0.011905 0.011905 0.001190 0.001190 0.013095 0.011905 0.013095 0.011905 0.010714 0.013095 0.014286 0.014286 0.015476 0.014286 0.011905 0.014286 0.014286 0.010714 0.009524 0.008333 0.010714 0.010714 0.013095 0.011905 0.008333 0.008333 0.000000 0.007143 0.009524 0.008333 0.003571 0.007143 0.022619 0.022619 0.020238 0.023810 0.021429 0.002381 0.003571 0.004762 0.003571 0.005952
0.000000 0.000000 0.000000 0.000000 0.000000 0.000000 0.000000 0.000000 0.000000 0.000000 0.000000 0.000000 0.000000 0.000000 0.000000 0.000000 0.000000 0.000000 0.003571 0.003571 0.007143 0.011905 0.008333 0.000000 0.000000 0.009524 0.011905 0.011905 0.015476 0.013095 0.011905 0.016667 0.015476 0.014286 0.013095 0.013095 0.011905 0.009524 0.010714 0.009524 0.008333 0.014286 0.015476 0.013095 0.011905 0.004762 0.005952 0.000000 0.002381 0.005952 0.002381 0.002381 0.002381 0.030952 0.025000 0.022619 0.020238 0.015476 0.003571 0.003571 0.004762 0.004762 0.004762
0.000000 0.000000 0.000000 0.000000 0.000000 0.000000 0.000000 0.000000 0.000000 0.000000 0.000000 0.000000 0.000000 0.000000 0.000000 0.000000 0.000000 0.000000 0.003571 0.004762 0.004762 0.009524 0.009524 0.005952 0.010714 0.003571 0.000000 0.001190 0.015476 0.016667 0.015476 0.015476 0.015476 0.013095 0.009524 0.008333 0.008333 0.010714 0.010714 0.011905 0.011905 0.013095 0.014286 0.011905 0.013095 0.010714 0.004762 0.004762 0.004762 0.005952 0.003571 0.003571 0.002381 0.003571 0.004762 0.033333 0.028571 0.027381 0.005952 0.008333 0.007143 0.004762 0.003571
0.000000 0.000000 0.000000 0.000000 0.000000 0.000000 0.000000 0.000000 0.000000 0.000000 0.000000 0.000000 0.000000 0.000000 0.000000 0.000000 0.000000 0.001190 0.004762 0.005952 0.007143 0.005952 0.008333 0.008333 0.007143 0.001190 0.002381 0.003571 0.013095 0.014286 0.015476 0.011905 0.010714 0.013095 0.014286 0.011905 0.014286 0.011905 0.010714 0.013095 0.014286 0.015476 0.015476 0.013095 0.013095 0.007143 0.005952 0.005952 0.003571 0.003571 0.007143 0.002381 0.002381 0.001190 0.003571 0.002381 0.002381 0.002381 0.003571 0.004762 0.007143 0.002381 0.005952
0.000000 0.000000 0.000000 0.000000 0.000000 0.000000 0.000000 0.000000 0.000000 0.000000 0.000000 0.000000 0.000000 0.000000 0.000000 0.000000 0.000000 0.000000 0.002381 0.003571 0.000000 0.000000 0.005952 0.005952 0.008333 0.000000 0.000000 0.003571 0.007143 0.008333 0.011905 0.009524 0.011905 0.009524 0.010714 0.013095 0.009524 0.013095 0.014286 0.013095 0.013095 0.013095 0.015476 0.013095 0.013095 0.008333 0.003571 0.007143 0.003571 0.002381 0.005952 0.004762 0.004762 0.005952 0.004762 0.002381 0.003571 0.004762 0.002381 0.002381 0.002381 0.005952 0.005952
0.000000 0.000000 0.000000 0.000000 0.000000 0.000000 0.000000 0.000000 0.000000 0.000000 0.000000 0.000000 0.000000 0.000000 0.000000 0.000000 0.000000 0.000000 0.001190 0.001190 0.002381 0.000000 0.008333 0.008333 0.007143 0.008333 0.004762 0.004762 0.004762 0.003571 0.002381 0.008333 0.008333 0.009524 0.004762 0.009524 0.009524 0.007143 0.011905 0.008333 0.008333 0.008333 0.009524 0.011905 0.010714 0.005952 0.003571 0.004762 0.004762 0.001190 0.002381 0.002381 0.000000 0.004762 0.002381 0.005952 0.004762 0.003571 0.004762 0.001190 0.002381 0.003571 0.004762
0.000000 0.000000 0.000000 0.000000 0.000000 0.000000 0.000000 0.000000 0.000000 0.000000 0.000000 0.000000 0.000000 0.000000 0.000000 0.000000 0.000000 0.000000 0.000000 0.000000 0.000000 0.001190 0.002381 0.003571 0.005952 0.005952 0.003571 0.002381 0.003571 0.004762 0.004762 0.005952 0.005952 0.005952 0.003571 0.004762 0.003571 0.009524 0.007143 0.005952 0.004762 0.005952 0.004762 0.008333 0.007143 0.002381 0.004762 0.003571 0.003571 0.002381 0.003571 0.002381 0.000000 0.004762 0.004762 0.002381 0.002381 0.002381 0.002381 0.003571 0.000000 0.001190 0.005952
0.000000 0.000000 0.000000 0.000000 0.000000 0.000000 0.000000 0.000000 0.000000 0.000000 0.000000 0.000000 0.000000 0.000000 0.000000 0.000000 0.000000 0.000000 0.000000 0.000000 0.000000 0.001190 0.002381 0.002381 0.002381 0.002381 0.001190 0.002381 0.003571 0.003571 0.005952 0.003571 0.004762 0.007143 0.005952 0.004762 0.005952 0.005952 0.005952 0.004762 0.003571 0.003571 0.001190 0.002381 0.003571 0.005952 0.007143 0.020238 0.023810 0.023810 0.003571 0.001190 0.000000 0.003571 0.004762 0.001190 0.003571 0.002381 0.002381 0.000000 0.003571 0.002381 0.001190
0.000000 0.000000 0.000000 0.000000 0.000000 0.000000 0.000000 0.000000 0.000000 0.000000 0.000000 0.000000 0.000000 0.000000 0.000000 0.000000 0.000000 0.000000 0.000000 0.000000 0.000000 0.001190 0.001190 0.000000 0.001190 0.000000 0.001190 0.000000 0.000000 0.002381 0.003571 0.004762 0.000000 0.002381 0.003571 0.004762 0.003571 0.007143 0.002381 0.002381 0.003571 0.004762 0.002381 0.002381 0.001190 0.003571 0.001190 0.020238 0.023810 0.022619 0.002381 0.002381 0.000000 0.002381 0.000000 0.000000 0.001190 0.001190 0.001190 0.002381 0.003571 0.003571 0.004762
0.000000 0.000000 0.000000 0.000000 0.000000 0.000000 0.000000 0.000000 0.000000 0.000000 0.000000 0.000000 0.000000 0.000000 0.000000 0.000000 0.000000 0.000000 0.000000 0.000000 0.000000 0.000000 0.000000 0.001190 0.001190 0.001190 0.000000 0.000000 0.000000 0.000000 0.000000 0.003571 0.002381 0.001190 0.001190 0.002381 0.004762 0.009524 0.007143 0.007143 0.019048 0.017857 0.011905 0.017857 0.022619 0.003571 0.003571 0.005952 0.004762 0.019048 0.001190 0.003571 0.000000 0.002381 0.002381 0.002381 0.001190 0.001190 0.002381 0.001190 0.002381 0.002381 0.000000
0.000000 0.000000 0.000000 0.000000 0.000000 0.000000 0.000000 0.000000 0.000000 0.000000 0.000000 0.000000 0.000000 0.000000 0.000000 0.000000 0.000000 0.000000 0.000000 0.000000 0.000000 0.000000 0.000000 0.000000 0.001190 0.001190 0.000000 0.000000 0.002381 0.000000 0.000000 0.002381 0.001190 0.001190 0.000000 0.003571 0.001190 0.009524 0.010714 0.008333 0.019048 0.019048 0.011905 0.011905 0.015476 0.005952 0.004762 0.005952 0.003571 0.003571 0.005952 0.004762 0.001190 0.001190 0.001190 0.002381 0.002381 0.002381 0.003571 0.003571 0.004762 0.004762 0.003571
0.000000 0.000000 0.000000 0.000000 0.000000 0.000000 0.000000 0.000000 0.000000 0.000000 0.000000 0.000000 0.000000 0.000000 0.000000 0.000000 0.000000 0.000000 0.000000 0.000000 0.000000 0.000000 0.000000 0.000000 0.001190 0.001190 0.001190 0.000000 0.000000 0.002381 0.001190 0.001190 0.001190 0.000000 0.001190 0.001190 0.004762 0.001190 0.000000 0.000000 0.001190 0.002381 0.002381 0.004762 0.005952 0.000000 0.003571 0.005952 0.005952 0.007143 0.007143 0.005952 0.004762 0.002381 0.001190 0.001190 0.003571 0.003571 0.005952 0.003571 0.005952 0.003571 0.002381
0.000000 0.000000 0.000000 0.000000 0.000000 0.000000 0.000000 0.000000 0.000000 0.000000 0.000000 0.000000 0.000000 0.000000 0.000000 0.000000 0.000000 0.000000 0.000000 0.000000 0.000000 0.000000 0.000000 0.001190 0.001190 0.000000 0.001190 0.001190 0.000000 0.002381 0.001190 0.001190 0.001190 0.000000 0.001190 0.000000 0.002381 0.003571 0.001190 0.000000 0.000000 0.002381 0.001190 0.001190 0.007143 0.014286 0.011905 0.008333 0.010714 0.003571 0.004762 0.001190 0.002381 0.001190 0.001190 0.001190 0.000000 0.004762 0.002381 0.003571 0.004762 0.002381 0.004762
0.000000 0.000000 0.000000 0.000000 0.000000 0.000000 0.000000 0.000000 0.000000 0.000000 0.000000 0.000000 0.000000 0.000000 0.000000 0.000000 0.000000 0.000000 0.000000 0.000000 0.000000 0.000000 0.000000 0.000000 0.000000 0.000000 0.000000 0.000000 0.001190 0.001190 0.000000 0.000000 0.000000 0.000000 0.001190 0.001190 0.001190 0.001190 0.001190 0.000000 0.001190 0.000000 0.001190 0.000000 0.005952 0.003571 0.007143 0.005952 0.008333 0.001190 0.003571 0.002381 0.001190 0.002381 0.000000 0.001190 0.001190 0.003571 0.000000 0.003571 0.003571 0.003571 0.002381
0.000000 0.000000 0.000000 0.000000 0.000000 0.000000 0.000000 0.000000 0.000000 0.000000 0.000000 0.000000 0.000000 0.000000 0.000000 0.000000 0.000000 0.000000 0.000000 0.000000 0.000000 0.000000 0.000000 0.000000 0.000000 0.000000 0.000000 0.000000 0.001190 0.001190 0.001190 0.000000 0.001190 0.000000 0.000000 0.001190 0.001190 0.001190 0.002381 0.001190 0.000000 0.000000 0.000000 0.001190 0.004762 0.004762 0.005952 0.001190 0.005952 0.000000 0.000000 0.001190 0.002381 0.002381 0.003571 0.001190 0.002381 0.002381 0.002381 0.007143 0.004762 0.003571 0.003571
0.000000 0.000000 0.000000 0.000000 0.000000 0.000000 0.000000 0.000000 0.000000 0.000000 0.000000 0.000000 0.000000 0.000000 0.000000 0.000000 0.000000 0.000000 0.000000 0.000000 0.000000 0.000000 0.000000 0.000000 0.000000 0.000000 0.000000 0.000000 0.002381 0.000000 0.000000 0.000000 0.001190 0.000000 0.000000 0.001190 0.001190 0.001190 0.001190 0.002381 0.001190 0.000000 0.001190 0.002381 0.003571 0.003571 0.004762 0.001190 0.002381 0.005952 0.003571 0.002381 0.008333 0.007143 0.001190 0.002381 0.002381 0.001190 0.002381 0.004762 0.005952 0.009524 0.001190
0.000000 0.000000 0.000000 0.000000 0.000000 0.000000 0.000000 0.000000 0.000000 0.000000 0.000000 0.000000 0.000000 0.000000 0.000000 0.000000 0.000000 0.000000 0.000000 0.000000 0.000000 0.000000 0.000000 0.000000 0.000000 0.000000 0.000000 0.000000 0.001190 0.000000 0.000000 0.000000 0.002381 0.002381 0.002381 0.001190 0.002381 0.002381 0.005952 0.005952 0.008333 0.010714 0.001190 0.002381 0.003571 0.004762 0.003571 0.003571 0.002381 0.003571 0.003571 0.002381 0.007143 0.003571 0.001190 0.001190 0.002381 0.004762 0.002381 0.002381 0.002381 0.000000 0.000000
0.000000 0.000000 0.000000 0.000000 0.000000 0.000000 0.000000 0.000000 0.000000 0.000000 0.000000 0.000000 0.000000 0.000000 0.000000 0.000000 0.000000 0.000000 0.000000 0.000000 0.000000 0.000000 0.000000 0.000000 0.000000 0.000000 0.000000 0.000000 0.002381 0.000000 0.000000 0.000000 0.000000 0.002381 0.002381 0.004762 0.003571 0.002381 0.003571 0.004762 0.004762 0.001190 0.001190 0.002381 0.002381 0.001190 0.002381 0.005952 0.008333 0.009524 0.010714 0.009524 0.003571 0.004762 0.005952 0.002381 0.002381 0.007143 0.007143 0.002381 0.001190 0.000000 0.000000
0.000000 0.000000 0.000000 0.000000 0.000000 0.000000 0.000000 0.000000 0.000000 0.000000 0.000000 0.000000 0.000000 0.000000 0.000000 0.000000 0.000000 0.000000 0.000000 0.000000 0.000000 0.000000 0.000000 0.000000 0.001190 0.000000 0.000000 0.000000 0.001190 0.000000 0.000000 0.000000 0.000000 0.000000 0.002381 0.001190 0.003571 0.002381 0.001190 0.003571 0.005952 0.002381 0.001190 0.001190 0.001190 0.001190 0.004762 0.003571 0.004762 0.004762 0.007143 0.007143 0.005952 0.004762 0.004762 0.004762 0.004762 0.004762 0.002381 0.002381 0.001190 0.001190 0.001190
0.000000 0.000000 0.000000 0.000000 0.000000 0.000000 0.000000 0.000000 0.000000 0.000000 0.000000 0.000000 0.000000 0.000000 0.000000 0.000000 0.000000 0.000000 0.000000 0.000000 0.000000 0.000000 0.000000 0.000000 0.001190 0.001190 0.000000 0.000000 0.000000 0.000000 0.000000 0.000000 0.000000 0.000000 0.003571 0.002381 0.001190 0.003571 0.002381 0.001190 0.004762 0.002381 0.001190 0.001190 0.002381 0.004762 0.001190 0.003571 0.003571 0.002381 0.003571 0.007143 0.007143 0.003571 0.000000 0.001190 0.002381 0.003571 0.005952 0.002381 0.002381 0.003571 0.002381
0.000000 0.000000 0.000000 0.000000 0.000000 0.000000 0.000000 0.000000 0.000000 0.000000 0.000000 0.000000 0.000000 0.000000 0.000000 0.000000 0.000000 0.000000 0.000000 0.000000 0.000000 0.000000 0.000000 0.000000 0.000000 0.000000 0.000000 0.000000 0.000000 0.000000 0.001190 0.000000 0.000000 0.000000 0.002381 0.003571 0.002381 0.001190 0.002381 0.004762 0.003571 0.005952 0.004762 0.001190 0.001190 0.002381 0.001190 0.002381 0.003571 0.004762 0.003571 0.007143 0.005952 0.008333 0.001190 0.001190 0.001190 0.001190 0.003571 0.000000 0.002381 0.002381 0.002381
0.000000 0.000000 0.000000 0.000000 0.000000 0.000000 0.000000 0.000000 0.000000 0.000000 0.000000 0.000000 0.000000 0.000000 0.000000 0.000000 0.000000 0.000000 0.000000 0.000000 0.000000 0.000000 0.000000 0.000000 0.000000 0.000000 0.000000 0.000000 0.001190 0.000000 0.000000 0.000000 0.000000 0.000000 0.000000 0.000000 0.001190 0.000000 0.000000 0.003571 0.004762 0.000000 0.005952 0.005952 0.004762 0.002381 0.000000 0.000000 0.002381 0.002381 0.003571 0.004762 0.002381 0.005952 0.002381 0.002381 0.001190 0.002381 0.000000 0.000000 0.000000 0.016667 0.014286
