FireSTARR/test/output/SLK/SLK057/2018-07-08_1720/intensity_M_191_2018-07-10.asc
ncols         184
nrows         141
xllcorner     565343.378600
yllcorner     5835002.364000
cellsize      100.000000
NODATA_value  0.000000
[rows 28 to 55 of 141, columns 0 to 62 of 184]
0.000000 0.000000 0.000000 0.005952 0.002381 0.005952 0.004762 0.005952 0.009524 0.005952 0.009524 0.009524 0.011905 0.000000 0.005952 0.000000 0.011905 0.011905 0.013095 0.014286 0.011905 0.033333 0.028571 0.041667 0.041667 0.034524 0.050000 0.041667 0.036905 0.063095 0.050000 0.040476 0.042857 0.029762 0.015476 0.015476 0.016667 0.016667 0.016667 0.011905 0.004762 0.005952 0.007143 0.008333 0.008333 0.007143 0.007143 0.003571 0.002381 0.001190 0.002381 0.002381 0.003571 0.004762 0.005952 0.007143 0.003571 0.004762 0.007143 0.028571 0.040476 0.002381 0.002381
0.000000 0.001190 0.003571 0.000000 0.000000 0.000000 0.000000 0.000000 0.009524 0.008333 0.005952 0.005952 0.005952 0.000000 0.005952 0.013095 0.000000 0.000000 0.009524 0.015476 0.017857 0.032143 0.021429 0.035714 0.033333 0.039286 0.048810 0.042857 0.039286 0.065476 0.047619 0.039286 0.025000 0.027381 0.026190 0.014286 0.011905 0.019048 0.015476 0.008333 0.007143 0.013095 0.010714 0.008333 0.004762 0.009524 0.008333 0.004762 0.003571 0.002381 0.002381 0.003571 0.005952 0.003571 0.005952 0.008333 0.001190 0.002381 0.003571 0.030952 0.045238 0.000000 0.000000
0.000000 0.000000 0.000000 0.000000 0.000000 0.000000 0.000000 0.000000 0.000000 0.011905 0.007143 0.005952 0.005952 0.008333 0.008333 0.009524 0.020238 0.000000 0.010714 0.017857 0.010714 0.009524 0.022619 0.036905 0.033333 0.044048 0.051190 0.046429 0.070238 0.057143 0.045238 0.032143 0.029762 0.028571 0.023810 0.019048 0.011905 0.019048 0.011905 0.013095 0.011905 0.010714 0.010714 0.008333 0.005952 0.005952 0.009524 0.007143 0.003571 0.003571 0.001190 0.003571 0.004762 0.007143 0.008333 0.004762 0.005952 0.005952 0.004762 0.046429 0.045238 0.048810 0.046429
0.000000 0.000000 0.000000 0.000000 0.000000 0.000000 0.000000 0.000000 0.000000 0.000000 0.015476 0.009524 0.008333 0.005952 0.007143 0.009524 0.009524 0.000000 0.016667 0.017857 0.016667 0.065476 0.122619 0.044048 0.053571 0.058333 0.054762 0.064286 0.061905 0.051190 0.048810 0.033333 0.028571 0.023810 0.023810 0.014286 0.020238 0.020238 0.013095 0.009524 0.013095 0.015476 0.011905 0.011905 0.008333 0.004762 0.004762 0.008333 0.009524 0.004762 0.003571 0.000000 0.000000 0.009524 0.007143 0.003571 0.004762 0.005952 0.004762 0.046429 0.046429 0.050000 0.054762
0.000000 0.000000 0.000000 0.000000 0.000000 0.000000 0.000000 0.000000 0.000000 0.000000 0.000000 0.011905 0.010714 0.014286 0.009524 0.008333 0.010714 0.021429 0.021429 0.029762 0.022619 0.129762 0.094048 0.051190 0.051190 0.058333 0.088095 0.061905 0.057143 0.055952 0.045238 0.033333 0.028571 0.053571 0.052381 0.048810 0.013095 0.020238 0.022619 0.013095 0.011905 0.014286 0.013095 0.010714 0.009524 0.008333 0.004762 0.007143 0.008333 0.009524 0.004762 0.000000 0.000000 0.004762 0.003571 0.002381 0.004762 0.009524 0.042857 0.041667 0.044048 0.000000 0.001190
0.000000 0.000000 0.000000 0.000000 0.000000 0.000000 0.000000 0.000000 0.000000 0.000000 0.000000 0.011905 0.017857 0.008333 0.007143 0.052381 0.071429 0.076190 0.067857 0.064286 0.038095 0.113095 0.104762 0.040476 0.050000 0.048810 0.048810 0.077381 0.066667 0.038095 0.040476 0.028571 0.023810 0.055952 0.053571 0.041667 0.021429 0.021429 0.022619 0.019048 0.010714 0.010714 0.013095 0.010714 0.007143 0.007143 0.008333 0.008333 0.008333 0.008333 0.009524 0.000000 0.000000 0.001190 0.000000 0.000000 0.003571 0.003571 0.040476 0.042857 0.048810 0.000000 0.001190
0.000000 0.000000 0.000000 0.000000 0.000000 0.000000 0.000000 0.000000 0.000000 0.000000 0.000000 0.011905 0.019048 0.008333 0.010714 0.055952 0.079762 0.090476 0.084524 0.090476 0.030952 0.033333 0.028571 0.022619 0.047619 0.045238 0.041667 0.070238 0.021429 0.019048 0.014286 0.011905 0.015476 0.050000 0.051190 0.025000 0.020238 0.022619 0.021429 0.020238 0.016667 0.009524 0.007143 0.009524 0.011905 0.008333 0.003571 0.010714 0.071429 0.066667 0.057143 0.047619 0.047619 0.036905 0.033333 0.034524 0.002381 0.003571 0.002381 0.047619 0.046429 0.005952 0.003571
0.000000 0.000000 0.000000 0.000000 0.000000 0.000000 0.000000 0.000000 0.000000 0.000000 0.000000 0.010714 0.015476 0.009524 0.010714 0.055952 0.079762 0.085714 0.083333 0.073810 0.025000 0.030952 0.034524 0.034524 0.044048 0.039286 0.054762 0.065476 0.022619 0.022619 0.020238 0.017857 0.028571 0.015476 0.020238 0.044048 0.048810 0.055952 0.044048 0.047619 0.013095 0.007143 0.011905 0.010714 0.014286 0.008333 0.008333 0.009524 0.075000 0.070238 0.058333 0.051190 0.050000 0.050000 0.040476 0.035714 0.001190 0.004762 0.002381 0.004762 0.004762 0.004762 0.004762
0.000000 0.000000 0.000000 0.000000 0.000000 0.000000 0.000000 0.000000 0.000000 0.000000 0.000000 0.011905 0.016667 0.009524 0.010714 0.019048 0.022619 0.019048 0.022619 0.026190 0.040476 0.038095 0.034524 0.044048 0.046429 0.027381 0.057143 0.046429 0.022619 0.022619 0.021429 0.020238 0.032143 0.008333 0.015476 0.047619 0.054762 0.051190 0.039286 0.040476 0.015476 0.013095 0.010714 0.004762 0.008333 0.064286 0.067857 0.066667 0.045238 0.051190 0.008333 0.003571 0.002381 0.000000 0.046429 0.044048 0.004762 0.003571 0.003571 0.003571 0.002381 0.003571 0.003571
0.003571 0.000000 0.000000 0.000000 0.000000 0.000000 0.000000 0.000000 0.000000 0.000000 0.010714 0.016667 0.017857 0.011905 0.021429 0.027381 0.026190 0.026190 0.026190 0.040476 0.036905 0.048810 0.053571 0.047619 0.058333 0.020238 0.022619 0.022619 0.025000 0.026190 0.005952 0.005952 0.003571 0.005952 0.014286 0.015476 0.010714 0.052381 0.035714 0.036905 0.008333 0.007143 0.005952 0.003571 0.007143 0.060714 0.066667 0.065476 0.055952 0.059524 0.002381 0.003571 0.000000 0.007143 0.004762 0.005952 0.007143 0.007143 0.004762 0.003571 0.034524 0.038095 0.030952
0.000000 0.000000 0.000000 0.000000 0.000000 0.000000 0.000000 0.000000 0.000000 0.000000 0.104762 0.104762 0.013095 0.020238 0.022619 0.021429 0.017857 0.017857 0.034524 0.038095 0.042857 0.042857 0.047619 0.054762 0.052381 0.021429 0.023810 0.025000 0.025000 0.025000 0.013095 0.015476 0.010714 0.007143 0.009524 0.011905 0.013095 0.011905 0.005952 0.008333 0.008333 0.004762 0.005952 0.050000 0.057143 0.008333 0.009524 0.067857 0.057143 0.060714 0.008333 0.007143 0.004762 0.007143 0.007143 0.009524 0.008333 0.008333 0.009524 0.010714 0.036905 0.040476 0.045238
0.000000 0.000000 0.000000 0.000000 0.000000 0.000000 0.000000 0.000000 0.016667 0.020238 0.104762 0.028571 0.009524 0.017857 0.015476 0.019048 0.026190 0.033333 0.046429 0.052381 0.040476 0.050000 0.045238 0.058333 0.045238 0.036905 0.029762 0.016667 0.017857 0.016667 0.017857 0.015476 0.009524 0.008333 0.008333 0.011905 0.011905 0.008333 0.000000 0.008333 0.011905 0.008333 0.010714 0.057143 0.067857 0.008333 0.009524 0.008333 0.005952 0.009524 0.009524 0.000000 0.005952 0.005952 0.007143 0.010714 0.016667 0.017857 0.009524 0.009524 0.039286 0.046429 0.035714
0.000000 0.000000 0.000000 0.016667 0.035714 0.013095 0.021429 0.025000 0.026190 0.021429 0.017857 0.014286 0.010714 0.010714 0.014286 0.022619 0.038095 0.041667 0.038095 0.050000 0.034524 0.035714 0.030952 0.035714 0.029762 0.030952 0.027381 0.030952 0.015476 0.017857 0.022619 0.014286 0.013095 0.009524 0.013095 0.009524 0.010714 0.000000 0.008333 0.000000 0.002381 0.004762 0.005952 0.058333 0.069048 0.003571 0.004762 0.008333 0.007143 0.008333 0.010714 0.008333 0.005952 0.008333 0.008333 0.013095 0.000000 0.000000 0.003571 0.008333 0.008333 0.003571 0.007143
0.000000 0.000000 0.000000 0.005952 0.000000 0.008333 0.016667 0.016667 0.022619 0.023810 0.026190 0.027381 0.025000 0.020238 0.027381 0.034524 0.036905 0.041667 0.038095 0.040476 0.090476 0.096429 0.020238 0.019048 0.020238 0.014286 0.023810 0.022619 0.019048 0.019048 0.020238 0.022619 0.017857 0.009524 0.011905 0.011905 0.010714 0.011905 0.010714 0.007143 0.000000 0.002381 0.007143 0.000000 0.010714 0.014286 0.013095 0.008333 0.005952 0.008333 0.009524 0.010714 0.004762 0.004762 0.008333 0.014286 0.017857 0.015476 0.015476 0.015476 0.014286 0.008333 0.008333
0.000000 0.000000 0.002381 0.003571 0.001190 0.003571 0.011905 0.008333 0.009524 0.011905 0.017857 0.016667 0.016667 0.027381 0.025000 0.025000 0.023810 0.026190 0.021429 0.022619 0.095238 0.095238 0.007143 0.010714 0.010714 0.015476 0.017857 0.021429 0.017857 0.013095 0.015476 0.022619 0.022619 0.014286 0.015476 0.014286 0.000000 0.008333 0.011905 0.010714 0.007143 0.007143 0.007143 0.010714 0.011905 0.000000 0.010714 0.003571 0.000000 0.011905 0.014286 0.010714 0.011905 0.009524 0.009524 0.009524 0.014286 0.010714 0.015476 0.000000 0.000000 0.005952 0.004762
0.000000 0.000000 0.001190 0.004762 0.002381 0.001190 0.003571 0.003571 0.009524 0.011905 0.014286 0.014286 0.020238 0.023810 0.017857 0.020238 0.017857 0.014286 0.010714 0.015476 0.084524 0.089286 0.009524 0.015476 0.014286 0.016667 0.020238 0.017857 0.020238 0.015476 0.017857 0.022619 0.023810 0.017857 0.008333 0.008333 0.005952 0.009524 0.011905 0.008333 0.011905 0.010714 0.007143 0.008333 0.011905 0.045238 0.052381 0.008333 0.007143 0.008333 0.004762 0.009524 0.008333 0.007143 0.010714 0.011905 0.013095 0.000000 0.010714 0.009524 0.005952 0.000000 0.005952
0.000000 0.000000 0.001190 0.005952 0.000000 0.000000 0.003571 0.001190 0.001190 0.005952 0.005952 0.007143 0.007143 0.009524 0.010714 0.009524 0.007143 0.005952 0.004762 0.002381 0.004762 0.003571 0.008333 0.000000 0.009524 0.013095 0.016667 0.015476 0.015476 0.017857 0.017857 0.016667 0.019048 0.016667 0.000000 0.000000 0.010714 0.009524 0.011905 0.014286 0.013095 0.008333 0.009524 0.010714 0.014286 0.036905 0.044048 0.004762 0.008333 0.005952 0.003571 0.005952 0.004762 0.005952 0.010714 0.046429 0.050000 0.003571 0.003571 0.004762 0.002381 0.005952 0.004762
0.000000 0.000000 0.002381 0.001190 0.000000 0.001190 0.003571 0.003571 0.002381 0.003571 0.005952 0.005952 0.008333 0.008333 0.003571 0.004762 0.000000 0.000000 0.003571 0.003571 0.003571 0.003571 0.007143 0.008333 0.010714 0.010714 0.015476 0.011905 0.015476 0.019048 0.015476 0.020238 0.015476 0.000000 0.008333 0.005952 0.004762 0.010714 0.013095 0.014286 0.014286 0.007143 0.007143 0.010714 0.017857 0.041667 0.053571 0.015476 0.014286 0.010714 0.011905 0.003571 0.003571 0.003571 0.005952 0.045238 0.058333 0.002381 0.001190 0.002381 0.002381 0.001190 0.002381
0.000000 0.000000 0.002381 0.002381 0.002381 0.000000 0.002381 0.004762 0.005952 0.003571 0.005952 0.007143 0.005952 0.005952 0.004762 0.004762 0.007143 0.003571 0.000000 0.000000 0.000000 0.003571 0.002381 0.009524 0.009524 0.009524 0.004762 0.007143 0.007143 0.009524 0.008333 0.013095 0.009524 0.009524 0.010714 0.007143 0.004762 0.005952 0.008333 0.008333 0.009524 0.009524 0.013095 0.015476 0.011905 0.010714 0.013095 0.053571 0.058333 0.053571 0.008333 0.007143 0.004762 0.008333 0.007143 0.045238 0.059524 0.002381 0.003571 0.000000 0.000000 0.000000 0.001190
0.000000 0.000000 0.000000 0.000000 0.000000 0.001190 0.001190 0.004762 0.005952 0.003571 0.004762 0.003571 0.002381 0.004762 0.005952 0.005952 0.007143 0.008333 0.005952 0.005952 0.001190 0.002381 0.003571 0.008333 0.004762 0.004762 0.005952 0.004762 0.005952 0.010714 0.010714 0.009524 0.041667 0.040476 0.038095 0.007143 0.004762 0.004762 0.008333 0.009524 0.013095 0.013095 0.013095 0.014286 0.010714 0.011905 0.013095 0.051190 0.058333 0.002381 0.002381 0.001190 0.003571 0.003571 0.005952 0.008333 0.007143 0.004762 0.001190 0.002381 0.001190 0.000000 0.002381
0.000000 0.000000 0.000000 0.000000 0.002381 0.002381 0.000000 0.001190 0.002381 0.000000 0.000000 0.004762 0.003571 0.004762 0.003571 0.007143 0.004762 0.005952 0.003571 0.002381 0.001190 0.005952 0.002381 0.007143 0.005952 0.005952 0.003571 0.003571 0.003571 0.005952 0.008333 0.007143 0.035714 0.040476 0.044048 0.042857 0.044048 0.004762 0.004762 0.010714 0.015476 0.017857 0.013095 0.013095 0.008333 0.005952 0.004762 0.055952 0.059524 0.007143 0.002381 0.003571 0.003571 0.004762 0.003571 0.003571 0.004762 0.004762 0.001190 0.003571 0.005952 0.003571 0.002381
0.000000 0.000000 0.000000 0.000000 0.005952 0.002381 0.000000 0.000000 0.002381 0.000000 0.000000 0.004762 0.007143 0.007143 0.003571 0.003571 0.005952 0.004762 0.002381 0.003571 0.001190 0.002381 0.002381 0.003571 0.084524 0.082143 0.083333 0.002381 0.002381 0.008333 0.009524 0.010714 0.033333 0.042857 0.046429 0.042857 0.036905 0.003571 0.003571 0.000000 0.009524 0.007143 0.007143 0.010714 0.005952 0.005952 0.005952 0.009524 0.014286 0.010714 0.005952 0.003571 0.053571 0.048810 0.055952 0.053571 0.051190 0.004762 0.001190 0.001190 0.002381 0.003571 0.003571
0.000000 0.000000 0.000000 0.000000 0.000000 0.000000 0.003571 0.000000 0.000000 0.000000 0.000000 0.000000 0.000000 0.004762 0.002381 0.000000 0.002381 0.005952 0.004762 0.003571 0.001190 0.003571 0.008333 0.005952 0.079762 0.072619 0.005952 0.004762 0.002381 0.008333 0.009524 0.011905 0.013095 0.005952 0.007143 0.004762 0.008333 0.007143 0.004762 0.000000 0.026190 0.007143 0.007143 0.010714 0.009524 0.009524 0.011905 0.011905 0.011905 0.009524 0.007143 0.007143 0.054762 0.054762 0.057143 0.053571 0.048810 0.000000 0.000000 0.001190 0.002381 0.001190 0.004762
0.000000 0.000000 0.000000 0.000000 0.000000 0.000000 0.004762 0.000000 0.000000 0.000000 0.000000 0.000000 0.000000 0.000000 0.003571 0.002381 0.001190 0.004762 0.003571 0.052381 0.046429 0.005952 0.007143 0.005952 0.061905 0.061905 0.003571 0.007143 0.004762 0.010714 0.009524 0.007143 0.005952 0.004762 0.003571 0.002381 0.005952 0.009524 0.010714 0.032143 0.026190 0.011905 0.011905 0.011905 0.007143 0.002381 0.013095 0.008333 0.011905 0.011905 0.011905 0.008333 0.052381 0.054762 0.061905 0.064286 0.066667 0.001190 0.001190 0.000000 0.001190 0.001190 0.003571
0.000000 0.000000 0.000000 0.000000 0.000000 0.000000 0.003571 0.003571 0.003571 0.000000 0.000000 0.000000 0.000000 0.000000 0.008333 0.003571 0.002381 0.000000 0.000000 0.042857 0.044048 0.009524 0.007143 0.011905 0.007143 0.004762 0.003571 0.009524 0.007143 0.003571 0.007143 0.008333 0.004762 0.007143 0.007143 0.001190 0.005952 0.010714 0.009524 0.029762 0.022619 0.009524 0.013095 0.013095 0.010714 0.005952 0.010714 0.011905 0.010714 0.011905 0.016667 0.011905 0.048810 0.053571 0.001190 0.001190 0.003571 0.002381 0.008333 0.001190 0.002381 0.003571 0.003571
0.000000 0.000000 0.000000 0.000000 0.000000 0.000000 0.003571 0.002381 0.000000 0.000000 0.000000 0.000000 0.000000 0.000000 0.000000 0.000000 0.003571 0.003571 0.003571 0.040476 0.042857 0.007143 0.008333 0.009524 0.005952 0.003571 0.000000 0.010714 0.008333 0.005952 0.007143 0.009524 0.004762 0.008333 0.004762 0.001190 0.005952 0.009524 0.010714 0.009524 0.015476 0.013095 0.011905 0.011905 0.008333 0.008333 0.009524 0.008333 0.008333 0.014286 0.011905 0.047619 0.050000 0.058333 0.001190 0.001190 0.002381 0.001190 0.004762 0.000000 0.002381 0.002381 0.001190
0.000000 0.000000 0.000000 0.000000 0.000000 0.000000 0.003571 0.002381 0.000000 0.000000 0.000000 0.000000 0.000000 0.000000 0.000000 0.000000 0.004762 0.005952 0.007143 0.007143 0.008333 0.007143 0.004762 0.005952 0.005952 0.004762 0.003571 0.007143 0.011905 0.008333 0.010714 0.003571 0.004762 0.004762 0.002381 0.002381 0.009524 0.008333 0.008333 0.009524 0.017857 0.011905 0.010714 0.009524 0.010714 0.010714 0.008333 0.005952 0.004762 0.004762 0.003571 0.045238 0.050000 0.057143 0.000000 0.000000 0.001190 0.002381 0.003571 0.003571 0.001190 0.001190 0.001190
0.000000 0.000000 0.000000 0.000000 0.000000 0.000000 0.000000 0.000000 0.000000 0.000000 0.000000 0.000000 0.000000 0.000000 0.000000 0.000000 0.003571 0.003571 0.004762 0.007143 0.011905 0.009524 0.007143 0.003571 0.003571 0.004762 0.004762 0.008333 0.009524 0.009524 0.007143 0.004762 0.004762 0.001190 0.002381 0.003571 0.008333 0.009524 0.007143 0.028571 0.013095 0.013095 0.013095 0.009524 0.007143 0.005952 0.005952 0.002381 0.002381 0.003571 0.002381 0.042857 0.046429 0.051190 0.000000 0.000000 0.002381 0.002381 0.001190 0.014286 0.016667 0.000000 0.001190
