FireSTARR/test/output/SLK/SLK057/2018-07-08_1720/intensity_H_190_2018-07-09.asc
ncols         132
nrows         101
xllcorner     565343.378600
yllcorner     5838602.364000
cellsize      100.000000
NODATA_value  0.000000
[rows 28 to 55 of 101, columns 63 to 125 of 132]
0.016667 0.045238 0.063095 0.020238 0.020238 0.019048 0.047619 0.050000 0.000000 0.047619 0.050000 0.050000 0.047619 0.047619 0.050000 0.051190 0.051190 0.050000 0.048810 0.050000 0.050000 0.052381 0.051190 0.044048 0.044048 0.042857 0.039286 0.040476 0.041667 0.039286 0.039286 0.038095 0.036905 0.034524 0.035714 0.035714 0.035714 0.034524 0.033333 0.030952 0.029762 0.029762 0.025000 0.000000 0.000000 0.000000 0.000000 0.000000 0.000000 0.000000 0.000000 0.000000 0.000000 0.000000 0.000000 0.000000 0.000000 0.000000 0.000000 0.000000 0.000000 0.000000 0.000000
0.015476 0.013095 0.017857 0.058333 0.059524 0.058333 0.055952 0.057143 0.052381 0.000000 0.046429 0.048810 0.050000 0.050000 0.047619 0.047619 0.048810 0.051190 0.052381 0.052381 0.050000 0.051190 0.052381 0.044048 0.041667 0.039286 0.033333 0.033333 0.040476 0.041667 0.040476 0.039286 0.039286 0.038095 0.036905 0.036905 0.035714 0.035714 0.034524 0.034524 0.033333 0.030952 0.029762 0.000000 0.000000 0.000000 0.000000 0.000000 0.000000 0.000000 0.000000 0.000000 0.000000 0.000000 0.000000 0.000000 0.000000 0.000000 0.000000 0.000000 0.000000 0.000000 0.000000
0.015476 0.016667 0.016667 0.050000 0.060714 0.064286 0.063095 0.061905 0.057143 0.057143 0.058333 0.057143 0.054762 0.052381 0.052381 0.050000 0.047619 0.050000 0.051190 0.053571 0.052381 0.051190 0.050000 0.040476 0.040476 0.036905 0.033333 0.032143 0.040476 0.040476 0.041667 0.039286 0.039286 0.000000 0.000000 0.000000 0.036905 0.036905 0.035714 0.034524 0.034524 0.001190 0.002381 0.002381 0.002381 0.002381 0.000000 0.000000 0.001190 0.001190 0.000000 0.000000 0.000000 0.000000 0.000000 0.000000 0.000000 0.000000 0.000000 0.000000 0.000000 0.000000 0.000000
0.054762 0.051190 0.051190 0.052381 0.058333 0.064286 0.066667 0.066667 0.064286 0.059524 0.055952 0.058333 0.060714 0.061905 0.055952 0.053571 0.053571 0.053571 0.052381 0.052381 0.052381 0.052381 0.052381 0.052381 0.048810 0.044048 0.044048 0.041667 0.042857 0.040476 0.040476 0.040476 0.041667 0.000000 0.000000 0.000000 0.027381 0.035714 0.035714 0.035714 0.034524 0.001190 0.002381 0.002381 0.002381 0.002381 0.001190 0.000000 0.002381 0.002381 0.002381 0.001190 0.001190 0.000000 0.000000 0.000000 0.000000 0.000000 0.000000 0.000000 0.000000 0.000000 0.000000
0.083333 0.070238 0.063095 0.057143 0.063095 0.067857 0.064286 0.067857 0.000000 0.063095 0.059524 0.058333 0.059524 0.060714 0.059524 0.058333 0.057143 0.055952 0.057143 0.053571 0.051190 0.052381 0.050000 0.050000 0.048810 0.047619 0.046429 0.044048 0.042857 0.042857 0.042857 0.041667 0.039286 0.000000 0.004762 0.000000 0.008333 0.029762 0.035714 0.035714 0.034524 0.011905 0.010714 0.000000 0.000000 0.002381 0.001190 0.002381 0.004762 0.004762 0.004762 0.003571 0.003571 0.001190 0.000000 0.000000 0.000000 0.000000 0.000000 0.000000 0.000000 0.000000 0.000000
0.088095 0.086905 0.083333 0.075000 0.069048 0.067857 0.072619 0.071429 0.065476 0.061905 0.059524 0.063095 0.064286 0.059524 0.061905 0.059524 0.060714 0.060714 0.057143 0.058333 0.057143 0.052381 0.048810 0.047619 0.046429 0.047619 0.047619 0.050000 0.045238 0.041667 0.041667 0.042857 0.041667 0.015476 0.013095 0.021429 0.016667 0.020238 0.032143 0.034524 0.010714 0.010714 0.010714 0.000000 0.000000 0.000000 0.000000 0.000000 0.004762 0.004762 0.004762 0.000000 0.000000 0.000000 0.000000 0.000000 0.000000 0.000000 0.000000 0.000000 0.000000 0.000000 0.000000
0.065476 0.085714 0.086905 0.089286 0.085714 0.082143 0.083333 0.079762 0.076190 0.072619 0.070238 0.070238 0.064286 0.066667 0.064286 0.063095 0.060714 0.061905 0.059524 0.059524 0.057143 0.055952 0.054762 0.051190 0.048810 0.046429 0.046429 0.046429 0.046429 0.044048 0.042857 0.041667 0.041667 0.041667 0.038095 0.035714 0.034524 0.030952 0.003571 0.029762 0.009524 0.009524 0.009524 0.000000 0.000000 0.000000 0.000000 0.000000 0.004762 0.004762 0.000000 0.000000 0.000000 0.000000 0.000000 0.000000 0.000000 0.000000 0.000000 0.000000 0.000000 0.000000 0.000000
0.064286 0.071429 0.089286 0.091667 0.091667 0.000000 0.076190 0.082143 0.083333 0.083333 0.078571 0.072619 0.075000 0.072619 0.067857 0.022619 0.023810 0.020238 0.060714 0.059524 0.059524 0.057143 0.054762 0.053571 0.050000 0.048810 0.047619 0.047619 0.046429 0.045238 0.045238 0.044048 0.041667 0.041667 0.040476 0.038095 0.036905 0.035714 0.004762 0.003571 0.002381 0.002381 0.002381 0.002381 0.001190 0.000000 0.000000 0.000000 0.000000 0.000000 0.000000 0.000000 0.000000 0.000000 0.000000 0.000000 0.000000 0.000000 0.000000 0.000000 0.000000 0.000000 0.000000
0.088095 0.084524 0.088095 0.000000 0.092857 0.092857 0.091667 0.079762 0.082143 0.084524 0.084524 0.083333 0.077381 0.073810 0.075000 0.022619 0.022619 0.041667 0.058333 0.058333 0.058333 0.058333 0.054762 0.057143 0.053571 0.052381 0.051190 0.048810 0.045238 0.044048 0.019048 0.016667 0.016667 0.042857 0.042857 0.039286 0.039286 0.038095 0.004762 0.003571 0.002381 0.002381 0.001190 0.001190 0.001190 0.000000 0.001190 0.000000 0.000000 0.000000 0.002381 0.002381 0.002381 0.000000 0.000000 0.000000 0.000000 0.000000 0.000000 0.000000 0.000000 0.000000 0.000000
0.098810 0.098810 0.000000 0.071429 0.079762 0.097619 0.097619 0.096429 0.090476 0.088095 0.085714 0.088095 0.086905 0.085714 0.078571 0.075000 0.069048 0.065476 0.000000 0.000000 0.057143 0.057143 0.057143 0.055952 0.058333 0.055952 0.053571 0.053571 0.048810 0.045238 0.019048 0.019048 0.015476 0.014286 0.014286 0.041667 0.039286 0.039286 0.038095 0.036905 0.003571 0.003571 0.001190 0.001190 0.000000 0.000000 0.001190 0.001190 0.000000 0.000000 0.002381 0.002381 0.002381 0.000000 0.000000 0.000000 0.000000 0.000000 0.000000 0.000000 0.000000 0.000000 0.000000
0.104762 0.000000 0.090476 0.092857 0.082143 0.078571 0.096429 0.096429 0.097619 0.097619 0.092857 0.088095 0.089286 0.090476 0.086905 0.082143 0.078571 0.000000 0.000000 0.000000 0.000000 0.051190 0.053571 0.054762 0.055952 0.058333 0.055952 0.019048 0.048810 0.048810 0.016667 0.016667 0.016667 0.013095 0.011905 0.034524 0.040476 0.040476 0.040476 0.039286 0.003571 0.003571 0.003571 0.000000 0.000000 0.002381 0.002381 0.002381 0.001190 0.001190 0.001190 0.002381 0.001190 0.001190 0.001190 0.000000 0.000000 0.000000 0.000000 0.000000 0.000000 0.000000 0.000000
0.100000 0.103571 0.102381 0.092857 0.091667 0.086905 0.088095 0.096429 0.101190 0.098810 0.097619 0.098810 0.095238 0.092857 0.094048 0.085714 0.083333 0.000000 0.000000 0.000000 0.000000 0.030952 0.051190 0.053571 0.054762 0.054762 0.053571 0.021429 0.020238 0.015476 0.042857 0.041667 0.035714 0.030952 0.029762 0.027381 0.036905 0.039286 0.040476 0.040476 0.004762 0.003571 0.002381 0.002381 0.000000 0.003571 0.004762 0.002381 0.001190 0.001190 0.001190 0.001190 0.002381 0.002381 0.001190 0.002381 0.001190 0.001190 0.000000 0.000000 0.000000 0.000000 0.000000
0.110714 0.111905 0.109524 0.104762 0.097619 0.092857 0.091667 0.088095 0.095238 0.100000 0.098810 0.100000 0.102381 0.101190 0.094048 0.091667 0.086905 0.000000 0.000000 0.000000 0.000000 0.009524 0.034524 0.051190 0.052381 0.054762 0.053571 0.021429 0.020238 0.019048 0.035714 0.041667 0.038095 0.039286 0.035714 0.033333 0.029762 0.035714 0.036905 0.040476 0.040476 0.036905 0.002381 0.002381 0.001190 0.005952 0.005952 0.001190 0.001190 0.001190 0.001190 0.001190 0.001190 0.001190 0.002381 0.002381 0.001190 0.000000 0.000000 0.000000 0.000000 0.000000 0.000000
0.125000 0.122619 0.117857 0.116667 0.109524 0.103571 0.098810 0.096429 0.096429 0.101190 0.101190 0.100000 0.100000 0.102381 0.102381 0.100000 0.098810 0.000000 0.000000 0.000000 0.000000 0.005952 0.019048 0.034524 0.050000 0.051190 0.053571 0.051190 0.048810 0.042857 0.041667 0.038095 0.042857 0.038095 0.038095 0.038095 0.034524 0.032143 0.035714 0.036905 0.038095 0.038095 0.002381 0.002381 0.002381 0.005952 0.005952 0.002381 0.001190 0.001190 0.001190 0.001190 0.000000 0.001190 0.001190 0.000000 0.000000 0.000000 0.000000 0.000000 0.000000 0.000000 0.000000
0.146429 0.135714 0.127381 0.121429 0.121429 0.116667 0.109524 0.105952 0.105952 0.101190 0.104762 0.104762 0.032143 0.028571 0.000000 0.000000 0.095238 0.000000 0.000000 0.001190 0.001190 0.003571 0.013095 0.023810 0.034524 0.044048 0.050000 0.045238 0.045238 0.046429 0.045238 0.039286 0.042857 0.039286 0.040476 0.040476 0.036905 0.033333 0.032143 0.033333 0.036905 0.038095 0.002381 0.002381 0.002381 0.004762 0.005952 0.002381 0.002381 0.002381 0.001190 0.001190 0.001190 0.001190 0.001190 0.000000 0.000000 0.000000 0.000000 0.000000 0.000000 0.000000 0.000000
0.153571 0.148810 0.142857 0.135714 0.126190 0.123810 0.120238 0.110714 0.107143 0.104762 0.101190 0.102381 0.034524 0.032143 0.000000 0.000000 0.000000 0.000000 0.000000 0.000000 0.001190 0.003571 0.008333 0.016667 0.025000 0.000000 0.000000 0.046429 0.046429 0.046429 0.045238 0.044048 0.042857 0.040476 0.040476 0.038095 0.039286 0.038095 0.035714 0.033333 0.033333 0.034524 0.003571 0.003571 0.003571 0.007143 0.007143 0.001190 0.001190 0.000000 0.004762 0.004762 0.004762 0.003571 0.001190 0.000000 0.000000 0.000000 0.000000 0.000000 0.000000 0.000000 0.000000
0.151190 0.150000 0.107143 0.098810 0.125000 0.128571 0.126190 0.039286 0.036905 0.035714 0.102381 0.101190 0.034524 0.032143 0.000000 0.000000 0.000000 0.000000 0.000000 0.000000 0.001190 0.001190 0.007143 0.011905 0.017857 0.019048 0.000000 0.014286 0.021429 0.042857 0.044048 0.042857 0.044048 0.041667 0.020238 0.016667 0.015476 0.035714 0.035714 0.034524 0.033333 0.036905 0.003571 0.002381 0.010714 0.010714 0.009524 0.001190 0.001190 0.000000 0.004762 0.004762 0.004762 0.004762 0.004762 0.000000 0.000000 0.000000 0.000000 0.000000 0.000000 0.000000 0.000000
0.144048 0.108333 0.105952 0.102381 0.109524 0.120238 0.038095 0.038095 0.036905 0.036905 0.036905 0.036905 0.098810 0.094048 0.082143 0.071429 0.047619 0.000000 0.000000 0.000000 0.007143 0.007143 0.007143 0.008333 0.015476 0.019048 0.019048 0.005952 0.008333 0.034524 0.040476 0.042857 0.039286 0.040476 0.019048 0.015476 0.013095 0.028571 0.034524 0.034524 0.034524 0.033333 0.030952 0.028571 0.025000 0.019048 0.015476 0.000000 0.001190 0.004762 0.004762 0.004762 0.004762 0.004762 0.000000 0.000000 0.000000 0.000000 0.000000 0.000000 0.000000 0.000000 0.000000
0.145238 0.139286 0.134524 0.127381 0.116667 0.116667 0.035714 0.036905 0.039286 0.039286 0.038095 0.059524 0.090476 0.095238 0.091667 0.090476 0.082143 0.073810 0.053571 0.040476 0.028571 0.020238 0.019048 0.020238 0.019048 0.020238 0.022619 0.021429 0.019048 0.020238 0.033333 0.038095 0.038095 0.039286 0.017857 0.015476 0.014286 0.020238 0.028571 0.033333 0.033333 0.032143 0.030952 0.027381 0.027381 0.026190 0.021429 0.000000 0.000000 0.003571 0.003571 0.003571 0.000000 0.000000 0.000000 0.000000 0.000000 0.000000 0.000000 0.000000 0.000000 0.000000 0.000000
0.144048 0.146429 0.144048 0.136905 0.132143 0.121429 0.116667 0.110714 0.097619 0.089286 0.080952 0.079762 0.070238 0.090476 0.094048 0.094048 0.086905 0.082143 0.075000 0.064286 0.060714 0.051190 0.045238 0.040476 0.035714 0.028571 0.030952 0.028571 0.028571 0.025000 0.025000 0.029762 0.035714 0.036905 0.035714 0.033333 0.029762 0.025000 0.022619 0.010714 0.009524 0.009524 0.004762 0.026190 0.026190 0.026190 0.025000 0.000000 0.000000 0.007143 0.004762 0.004762 0.000000 0.000000 0.000000 0.000000 0.000000 0.000000 0.000000 0.000000 0.000000 0.000000 0.000000
0.144048 0.142857 0.146429 0.141667 0.136905 0.132143 0.125000 0.116667 0.113095 0.108333 0.100000 0.091667 0.086905 0.084524 0.089286 0.091667 0.089286 0.085714 0.083333 0.082143 0.076190 0.069048 0.053571 0.052381 0.046429 0.045238 0.042857 0.041667 0.035714 0.034524 0.029762 0.030952 0.030952 0.033333 0.034524 0.032143 0.029762 0.029762 0.027381 0.013095 0.009524 0.009524 0.004762 0.003571 0.003571 0.003571 0.003571 0.020238 0.020238 0.020238 0.015476 0.013095 0.011905 0.009524 0.000000 0.000000 0.000000 0.000000 0.000000 0.000000 0.000000 0.000000 0.000000
0.142857 0.145238 0.145238 0.145238 0.046429 0.047619 0.127381 0.122619 0.119048 0.115476 0.109524 0.107143 0.097619 0.094048 0.091667 0.090476 0.092857 0.091667 0.088095 0.083333 0.080952 0.079762 0.067857 0.063095 0.053571 0.052381 0.048810 0.046429 0.047619 0.040476 0.038095 0.035714 0.034524 0.034524 0.010714 0.013095 0.029762 0.029762 0.029762 0.013095 0.010714 0.004762 0.004762 0.003571 0.003571 0.003571 0.003571 0.019048 0.020238 0.020238 0.020238 0.000000 0.000000 0.000000 0.007143 0.005952 0.005952 0.000000 0.000000 0.000000 0.000000 0.000000 0.000000
0.132143 0.138095 0.138095 0.000000 0.045238 0.048810 0.100000 0.121429 0.122619 0.121429 0.114286 0.109524 0.105952 0.100000 0.098810 0.094048 0.036905 0.035714 0.036905 0.084524 0.082143 0.082143 0.079762 0.073810 0.063095 0.059524 0.055952 0.051190 0.051190 0.046429 0.042857 0.041667 0.036905 0.036905 0.011905 0.010714 0.026190 0.028571 0.027381 0.005952 0.004762 0.009524 0.009524 0.009524 0.003571 0.002381 0.000000 0.000000 0.017857 0.019048 0.019048 0.000000 0.007143 0.005952 0.004762 0.005952 0.005952 0.000000 0.000000 0.000000 0.000000 0.000000 0.000000
0.117857 0.047619 0.048810 0.044048 0.042857 0.042857 0.077381 0.090476 0.109524 0.120238 0.121429 0.116667 0.110714 0.103571 0.102381 0.097619 0.041667 0.036905 0.035714 0.071429 0.083333 0.083333 0.080952 0.077381 0.070238 0.066667 0.059524 0.058333 0.053571 0.000000 0.041667 0.041667 0.038095 0.040476 0.009524 0.010714 0.022619 0.027381 0.026190 0.005952 0.004762 0.010714 0.010714 0.010714 0.003571 0.001190 0.000000 0.000000 0.000000 0.002381 0.002381 0.016667 0.014286 0.011905 0.010714 0.009524 0.000000 0.000000 0.000000 0.000000 0.000000 0.000000 0.000000
0.105952 0.047619 0.047619 0.044048 0.042857 0.041667 0.065476 0.076190 0.040476 0.044048 0.042857 0.114286 0.111905 0.107143 0.104762 0.102381 0.041667 0.038095 0.054762 0.057143 0.070238 0.078571 0.079762 0.077381 0.076190 0.067857 0.065476 0.060714 0.058333 0.000000 0.000000 0.013095 0.009524 0.013095 0.036905 0.033333 0.033333 0.030952 0.028571 0.021429 0.017857 0.015476 0.013095 0.011905 0.004762 0.004762 0.000000 0.000000 0.000000 0.001190 0.001190 0.010714 0.013095 0.011905 0.011905 0.010714 0.001190 0.000000 0.000000 0.000000 0.000000 0.000000 0.000000
0.088095 0.047619 0.046429 0.044048 0.038095 0.038095 0.059524 0.066667 0.038095 0.041667 0.040476 0.097619 0.110714 0.109524 0.107143 0.101190 0.098810 0.097619 0.091667 0.079762 0.073810 0.076190 0.076190 0.077381 0.076190 0.070238 0.066667 0.065476 0.061905 0.000000 0.000000 0.007143 0.005952 0.004762 0.028571 0.030952 0.030952 0.033333 0.029762 0.021429 0.020238 0.021429 0.021429 0.016667 0.004762 0.004762 0.002381 0.001190 0.001190 0.002381 0.003571 0.001190 0.001190 0.011905 0.010714 0.010714 0.001190 0.000000 0.000000 0.000000 0.000000 0.000000 0.000000
0.072619 0.042857 0.045238 0.045238 0.041667 0.038095 0.052381 0.059524 0.061905 0.040476 0.040476 0.066667 0.092857 0.104762 0.105952 0.105952 0.102381 0.098810 0.094048 0.089286 0.086905 0.082143 0.077381 0.078571 0.071429 0.066667 0.067857 0.064286 0.063095 0.060714 0.054762 0.045238 0.035714 0.013095 0.004762 0.004762 0.030952 0.032143 0.020238 0.022619 0.020238 0.023810 0.022619 0.020238 0.003571 0.004762 0.002381 0.001190 0.001190 0.001190 0.003571 0.000000 0.001190 0.001190 0.001190 0.001190 0.001190 0.001190 0.000000 0.000000 0.000000 0.000000 0.000000
0.044048 0.041667 0.041667 0.042857 0.041667 0.032143 0.051190 0.053571 0.059524 0.061905 0.060714 0.063095 0.072619 0.092857 0.100000 0.104762 0.017857 0.017857 0.016667 0.017857 0.088095 0.085714 0.080952 0.077381 0.073810 0.072619 0.067857 0.064286 0.063095 0.063095 0.058333 0.057143 0.051190 0.015476 0.000000 0.000000 0.021429 0.028571 0.019048 0.017857 0.016667 0.020238 0.022619 0.004762 0.004762 0.004762 0.005952 0.001190 0.001190 0.003571 0.003571 0.001190 0.000000 0.000000 0.001190 0.001190 0.001190 0.001190 0.000000 0.000000 0.000000 0.000000 0.000000
