FireSTARR/test/output/SLK/SLK057/2018-07-08_1720/intensity_L_202_2018-07-21.asc
ncols         512
nrows         590
xllcorner     556343.378600
yllcorner     5818702.364000
cellsize      100.000000
NODATA_value  0.000000
[rows 336 to 363 of 590, columns 126 to 188 of 512]
0.008333 0.008333 0.005952 0.000000 0.019048 0.009524 0.010714 0.009524 0.010714 0.008333 0.011905 0.013095 0.011905 0.008333 0.010714 0.011905 0.069048 0.054762 0.080952 0.060714 0.088095 0.014286 0.013095 0.010714 0.008333 0.004762 0.004762 0.007143 0.008333 0.008333 0.008333 0.003571 0.004762 0.047619 0.044048 0.042857 0.045238 0.047619 0.007143 0.009524 0.004762 0.007143 0.007143 0.003571 0.004762 0.003571 0.002381 0.002381 0.000000 0.003571 0.001190 0.000000 0.001190 0.005952 0.004762 0.002381 0.004762 0.003571 0.003571 0.001190 0.002381 0.054762 0.045238
0.008333 0.013095 0.010714 0.025000 0.027381 0.010714 0.008333 0.008333 0.010714 0.010714 0.005952 0.008333 0.009524 0.030952 0.026190 0.010714 0.058333 0.053571 0.075000 0.045238 0.065476 0.008333 0.010714 0.007143 0.004762 0.002381 0.002381 0.003571 0.007143 0.007143 0.009524 0.004762 0.001190 0.001190 0.002381 0.001190 0.001190 0.003571 0.003571 0.005952 0.009524 0.010714 0.005952 0.003571 0.004762 0.007143 0.004762 0.002381 0.001190 0.000000 0.003571 0.000000 0.002381 0.003571 0.002381 0.003571 0.004762 0.004762 0.004762 0.001190 0.002381 0.005952 0.003571
0.004762 0.007143 0.011905 0.028571 0.030952 0.016667 0.013095 0.010714 0.007143 0.005952 0.004762 0.005952 0.008333 0.032143 0.013095 0.014286 0.108333 0.084524 0.004762 0.002381 0.007143 0.010714 0.014286 0.009524 0.007143 0.004762 0.003571 0.005952 0.005952 0.003571 0.004762 0.003571 0.004762 0.002381 0.002381 0.005952 0.004762 0.003571 0.004762 0.004762 0.003571 0.004762 0.003571 0.005952 0.003571 0.004762 0.003571 0.001190 0.001190 0.001190 0.007143 0.008333 0.002381 0.002381 0.002381 0.002381 0.004762 0.004762 0.003571 0.003571 0.004762 0.004762 0.004762
0.003571 0.002381 0.007143 0.007143 0.004762 0.015476 0.011905 0.013095 0.011905 0.009524 0.005952 0.008333 0.014286 0.033333 0.015476 0.123810 0.114286 0.065476 0.002381 0.004762 0.010714 0.009524 0.013095 0.004762 0.007143 0.005952 0.007143 0.004762 0.003571 0.003571 0.003571 0.057143 0.052381 0.002381 0.001190 0.003571 0.003571 0.005952 0.004762 0.003571 0.004762 0.004762 0.005952 0.009524 0.009524 0.003571 0.003571 0.003571 0.002381 0.001190 0.005952 0.004762 0.007143 0.005952 0.004762 0.004762 0.003571 0.004762 0.005952 0.005952 0.009524 0.055952 0.053571
0.002381 0.002381 0.007143 0.005952 0.004762 0.008333 0.011905 0.009524 0.008333 0.009524 0.010714 0.011905 0.019048 0.016667 0.015476 0.117857 0.082143 0.058333 0.003571 0.002381 0.009524 0.009524 0.013095 0.008333 0.004762 0.005952 0.005952 0.004762 0.003571 0.004762 0.000000 0.048810 0.047619 0.004762 0.002381 0.003571 0.004762 0.004762 0.002381 0.002381 0.002381 0.003571 0.004762 0.048810 0.048810 0.050000 0.002381 0.001190 0.001190 0.005952 0.003571 0.005952 0.004762 0.002381 0.002381 0.002381 0.004762 0.007143 0.004762 0.004762 0.005952 0.064286 0.047619
0.002381 0.002381 0.004762 0.070238 0.009524 0.011905 0.013095 0.011905 0.009524 0.008333 0.008333 0.011905 0.010714 0.011905 0.014286 0.116667 0.085714 0.048810 0.002381 0.003571 0.005952 0.005952 0.008333 0.020238 0.025000 0.005952 0.003571 0.007143 0.050000 0.048810 0.052381 0.030952 0.040476 0.008333 0.009524 0.009524 0.004762 0.004762 0.004762 0.002381 0.004762 0.004762 0.008333 0.048810 0.040476 0.042857 0.004762 0.002381 0.002381 0.001190 0.001190 0.001190 0.001190 0.003571 0.002381 0.003571 0.000000 0.004762 0.002381 0.003571 0.004762 0.058333 0.055952
0.007143 0.008333 0.070238 0.071429 0.070238 0.013095 0.014286 0.011905 0.009524 0.010714 0.055952 0.057143 0.058333 0.055952 0.057143 0.108333 0.079762 0.055952 0.002381 0.003571 0.009524 0.008333 0.008333 0.017857 0.021429 0.002381 0.001190 0.001190 0.047619 0.028571 0.033333 0.025000 0.038095 0.009524 0.008333 0.045238 0.039286 0.040476 0.004762 0.002381 0.003571 0.003571 0.004762 0.054762 0.048810 0.005952 0.007143 0.003571 0.001190 0.000000 0.000000 0.003571 0.003571 0.007143 0.002381 0.002381 0.000000 0.000000 0.048810 0.051190 0.060714 0.002381 0.003571
0.008333 0.009524 0.067857 0.064286 0.064286 0.013095 0.013095 0.008333 0.013095 0.014286 0.054762 0.035714 0.033333 0.032143 0.036905 0.001190 0.002381 0.001190 0.001190 0.000000 0.002381 0.005952 0.008333 0.039286 0.033333 0.002381 0.001190 0.002381 0.039286 0.029762 0.021429 0.021429 0.030952 0.009524 0.008333 0.042857 0.034524 0.042857 0.007143 0.004762 0.004762 0.007143 0.009524 0.009524 0.005952 0.005952 0.003571 0.007143 0.007143 0.005952 0.005952 0.002381 0.004762 0.003571 0.005952 0.004762 0.000000 0.000000 0.042857 0.047619 0.057143 0.009524 0.009524
0.009524 0.008333 0.005952 0.007143 0.007143 0.009524 0.009524 0.009524 0.010714 0.009524 0.051190 0.041667 0.041667 0.027381 0.030952 0.000000 0.000000 0.004762 0.001190 0.002381 0.004762 0.005952 0.008333 0.038095 0.036905 0.002381 0.002381 0.002381 0.040476 0.029762 0.025000 0.033333 0.034524 0.005952 0.009524 0.009524 0.041667 0.042857 0.003571 0.005952 0.007143 0.007143 0.007143 0.005952 0.005952 0.002381 0.002381 0.007143 0.008333 0.005952 0.005952 0.004762 0.005952 0.007143 0.005952 0.003571 0.004762 0.003571 0.003571 0.003571 0.055952 0.046429 0.047619
0.010714 0.005952 0.007143 0.005952 0.005952 0.007143 0.009524 0.011905 0.010714 0.005952 0.004762 0.007143 0.048810 0.033333 0.033333 0.004762 0.005952 0.004762 0.007143 0.004762 0.004762 0.005952 0.038095 0.038095 0.038095 0.005952 0.003571 0.039286 0.042857 0.034524 0.033333 0.039286 0.034524 0.004762 0.004762 0.004762 0.003571 0.003571 0.003571 0.004762 0.007143 0.007143 0.007143 0.070238 0.066667 0.069048 0.070238 0.005952 0.005952 0.008333 0.005952 0.002381 0.001190 0.002381 0.005952 0.007143 0.003571 0.005952 0.003571 0.005952 0.061905 0.000000 0.000000
0.011905 0.011905 0.011905 0.010714 0.009524 0.011905 0.009524 0.008333 0.013095 0.010714 0.009524 0.007143 0.047619 0.036905 0.038095 0.008333 0.005952 0.001190 0.004762 0.003571 0.004762 0.003571 0.003571 0.005952 0.010714 0.009524 0.009524 0.004762 0.002381 0.003571 0.032143 0.039286 0.003571 0.002381 0.003571 0.003571 0.003571 0.003571 0.003571 0.003571 0.002381 0.007143 0.005952 0.070238 0.052381 0.042857 0.059524 0.066667 0.008333 0.004762 0.007143 0.002381 0.003571 0.007143 0.003571 0.004762 0.005952 0.008333 0.004762 0.005952 0.059524 0.047619 0.000000
0.016667 0.014286 0.014286 0.010714 0.010714 0.009524 0.008333 0.008333 0.009524 0.010714 0.019048 0.015476 0.013095 0.010714 0.044048 0.011905 0.013095 0.001190 0.002381 0.003571 0.003571 0.003571 0.003571 0.007143 0.009524 0.008333 0.009524 0.003571 0.002381 0.002381 0.038095 0.039286 0.004762 0.004762 0.002381 0.002381 0.002381 0.003571 0.002381 0.004762 0.003571 0.003571 0.072619 0.073810 0.048810 0.029762 0.021429 0.052381 0.004762 0.002381 0.001190 0.005952 0.005952 0.008333 0.004762 0.005952 0.007143 0.005952 0.005952 0.005952 0.004762 0.004762 0.003571
0.013095 0.014286 0.011905 0.009524 0.010714 0.007143 0.009524 0.009524 0.010714 0.010714 0.015476 0.004762 0.016667 0.015476 0.017857 0.002381 0.005952 0.038095 0.035714 0.035714 0.035714 0.035714 0.005952 0.008333 0.008333 0.007143 0.008333 0.004762 0.008333 0.003571 0.044048 0.041667 0.000000 0.004762 0.003571 0.004762 0.002381 0.001190 0.003571 0.003571 0.003571 0.004762 0.064286 0.040476 0.033333 0.000000 0.000000 0.004762 0.003571 0.010714 0.002381 0.002381 0.000000 0.002381 0.001190 0.004762 0.008333 0.004762 0.003571 0.002381 0.003571 0.002381 0.003571
0.013095 0.014286 0.010714 0.011905 0.009524 0.009524 0.008333 0.010714 0.014286 0.013095 0.011905 0.003571 0.011905 0.009524 0.007143 0.007143 0.003571 0.034524 0.032143 0.029762 0.033333 0.041667 0.007143 0.009524 0.008333 0.008333 0.005952 0.002381 0.002381 0.003571 0.003571 0.003571 0.041667 0.040476 0.042857 0.002381 0.002381 0.002381 0.003571 0.003571 0.004762 0.001190 0.061905 0.038095 0.028571 0.000000 0.000000 0.005952 0.011905 0.007143 0.004762 0.003571 0.003571 0.004762 0.002381 0.005952 0.005952 0.007143 0.004762 0.005952 0.002381 0.002381 0.002381
0.014286 0.013095 0.014286 0.013095 0.010714 0.008333 0.008333 0.007143 0.010714 0.025000 0.023810 0.010714 0.004762 0.004762 0.005952 0.005952 0.004762 0.003571 0.003571 0.029762 0.028571 0.035714 0.007143 0.008333 0.008333 0.003571 0.003571 0.003571 0.003571 0.005952 0.008333 0.005952 0.040476 0.030952 0.038095 0.003571 0.001190 0.002381 0.001190 0.001190 0.000000 0.004762 0.059524 0.034524 0.027381 0.021429 0.021429 0.007143 0.005952 0.009524 0.004762 0.003571 0.001190 0.004762 0.008333 0.007143 0.005952 0.007143 0.003571 0.005952 0.001190 0.002381 0.001190
0.010714 0.009524 0.008333 0.010714 0.008333 0.003571 0.009524 0.007143 0.007143 0.019048 0.021429 0.011905 0.007143 0.007143 0.003571 0.003571 0.003571 0.004762 0.002381 0.005952 0.007143 0.003571 0.003571 0.004762 0.004762 0.005952 0.001190 0.001190 0.001190 0.001190 0.002381 0.002381 0.045238 0.042857 0.041667 0.001190 0.001190 0.000000 0.000000 0.000000 0.000000 0.000000 0.053571 0.032143 0.029762 0.020238 0.021429 0.000000 0.001190 0.002381 0.003571 0.007143 0.008333 0.005952 0.004762 0.007143 0.008333 0.007143 0.004762 0.003571 0.004762 0.001190 0.001190
0.008333 0.005952 0.005952 0.005952 0.009524 0.009524 0.009524 0.009524 0.009524 0.008333 0.011905 0.005952 0.007143 0.008333 0.003571 0.002381 0.005952 0.004762 0.003571 0.005952 0.004762 0.003571 0.004762 0.003571 0.003571 0.005952 0.004762 0.002381 0.002381 0.002381 0.004762 0.002381 0.003571 0.002381 0.000000 0.001190 0.001190 0.001190 0.000000 0.057143 0.058333 0.001190 0.052381 0.035714 0.022619 0.019048 0.019048 0.001190 0.001190 0.001190 0.002381 0.002381 0.008333 0.007143 0.011905 0.009524 0.011905 0.007143 0.004762 0.002381 0.002381 0.003571 0.001190
0.008333 0.011905 0.005952 0.007143 0.007143 0.005952 0.007143 0.008333 0.008333 0.009524 0.013095 0.008333 0.005952 0.004762 0.004762 0.002381 0.000000 0.014286 0.007143 0.005952 0.002381 0.002381 0.003571 0.004762 0.001190 0.004762 0.002381 0.004762 0.004762 0.004762 0.007143 0.005952 0.005952 0.002381 0.000000 0.001190 0.001190 0.001190 0.003571 0.058333 0.046429 0.050000 0.048810 0.030952 0.022619 0.016667 0.022619 0.001190 0.000000 0.002381 0.001190 0.002381 0.003571 0.004762 0.004762 0.005952 0.009524 0.005952 0.004762 0.004762 0.003571 0.004762 0.004762
0.015476 0.007143 0.010714 0.014286 0.011905 0.009524 0.010714 0.010714 0.011905 0.009524 0.009524 0.003571 0.002381 0.004762 0.003571 0.003571 0.000000 0.005952 0.007143 0.003571 0.003571 0.001190 0.002381 0.003571 0.002381 0.001190 0.001190 0.002381 0.004762 0.005952 0.008333 0.007143 0.013095 0.015476 0.001190 0.001190 0.000000 0.000000 0.002381 0.064286 0.040476 0.029762 0.023810 0.000000 0.000000 0.014286 0.021429 0.002381 0.003571 0.000000 0.000000 0.000000 0.028571 0.030952 0.036905 0.041667 0.046429 0.002381 0.002381 0.001190 0.002381 0.002381 0.002381
0.010714 0.003571 0.007143 0.010714 0.009524 0.014286 0.011905 0.010714 0.009524 0.008333 0.007143 0.030952 0.027381 0.028571 0.001190 0.002381 0.000000 0.003571 0.002381 0.003571 0.000000 0.000000 0.000000 0.002381 0.002381 0.003571 0.001190 0.001190 0.002381 0.003571 0.002381 0.005952 0.014286 0.010714 0.003571 0.001190 0.001190 0.001190 0.001190 0.060714 0.035714 0.026190 0.017857 0.016667 0.000000 0.000000 0.021429 0.002381 0.001190 0.002381 0.000000 0.000000 0.020238 0.017857 0.017857 0.017857 0.028571 0.001190 0.001190 0.002381 0.002381 0.001190 0.000000
0.007143 0.020238 0.003571 0.004762 0.004762 0.005952 0.007143 0.010714 0.008333 0.009524 0.008333 0.030952 0.022619 0.023810 0.000000 0.001190 0.000000 0.001190 0.005952 0.002381 0.002381 0.002381 0.003571 0.002381 0.001190 0.002381 0.001190 0.001190 0.001190 0.002381 0.003571 0.002381 0.010714 0.010714 0.001190 0.001190 0.001190 0.001190 0.001190 0.054762 0.038095 0.026190 0.015476 0.000000 0.000000 0.000000 0.000000 0.001190 0.001190 0.000000 0.001190 0.001190 0.001190 0.003571 0.000000 0.000000 0.000000 0.000000 0.000000 0.000000 0.001190 0.002381 0.001190
0.004762 0.020238 0.023810 0.026190 0.035714 0.035714 0.025000 0.027381 0.026190 0.001190 0.004762 0.002381 0.003571 0.027381 0.003571 0.002381 0.000000 0.005952 0.004762 0.001190 0.002381 0.002381 0.003571 0.000000 0.000000 0.002381 0.000000 0.001190 0.001190 0.002381 0.007143 0.002381 0.002381 0.004762 0.005952 0.001190 0.029762 0.030952 0.028571 0.058333 0.000000 0.000000 0.000000 0.000000 0.000000 0.000000 0.000000 0.001190 0.000000 0.000000 0.000000 0.001190 0.002381 0.000000 0.002381 0.000000 0.000000 0.001190 0.001190 0.003571 0.001190 0.000000 0.001190
0.002381 0.016667 0.017857 0.019048 0.025000 0.021429 0.016667 0.021429 0.023810 0.003571 0.003571 0.003571 0.004762 0.007143 0.005952 0.003571 0.004762 0.003571 0.009524 0.003571 0.005952 0.016667 0.014286 0.011905 0.001190 0.001190 0.001190 0.003571 0.003571 0.005952 0.002381 0.003571 0.004762 0.003571 0.005952 0.002381 0.027381 0.016667 0.021429 0.000000 0.000000 0.000000 0.000000 0.000000 0.000000 0.000000 0.001190 0.002381 0.000000 0.001190 0.000000 0.000000 0.001190 0.001190 0.002381 0.002381 0.000000 0.000000 0.000000 0.001190 0.002381 0.004762 0.003571
0.009524 0.008333 0.009524 0.000000 0.001190 0.002381 0.001190 0.010714 0.021429 0.002381 0.003571 0.003571 0.004762 0.004762 0.005952 0.007143 0.003571 0.005952 0.008333 0.007143 0.005952 0.016667 0.015476 0.015476 0.002381 0.003571 0.002381 0.003571 0.004762 0.038095 0.040476 0.003571 0.003571 0.003571 0.000000 0.001190 0.023810 0.017857 0.015476 0.000000 0.000000 0.000000 0.000000 0.001190 0.000000 0.001190 0.000000 0.000000 0.001190 0.001190 0.001190 0.000000 0.000000 0.001190 0.001190 0.001190 0.000000 0.000000 0.001190 0.000000 0.001190 0.002381 0.002381
0.009524 0.007143 0.008333 0.000000 0.001190 0.002381 0.002381 0.002381 0.021429 0.021429 0.025000 0.007143 0.010714 0.007143 0.004762 0.004762 0.003571 0.004762 0.004762 0.004762 0.005952 0.014286 0.011905 0.013095 0.004762 0.002381 0.003571 0.003571 0.003571 0.032143 0.026190 0.000000 0.000000 0.001190 0.000000 0.040476 0.041667 0.044048 0.000000 0.000000 0.000000 0.000000 0.000000 0.003571 0.002381 0.001190 0.001190 0.001190 0.001190 0.000000 0.000000 0.003571 0.001190 0.001190 0.002381 0.001190 0.002381 0.002381 0.001190 0.001190 0.002381 0.002381 0.001190
0.004762 0.005952 0.007143 0.005952 0.003571 0.002381 0.003571 0.002381 0.019048 0.017857 0.025000 0.009524 0.007143 0.002381 0.001190 0.001190 0.001190 0.003571 0.002381 0.004762 0.004762 0.003571 0.000000 0.009524 0.007143 0.009524 0.001190 0.001190 0.001190 0.025000 0.020238 0.000000 0.001190 0.001190 0.000000 0.000000 0.029762 0.017857 0.000000 0.000000 0.000000 0.000000 0.000000 0.002381 0.001190 0.001190 0.001190 0.001190 0.001190 0.001190 0.000000 0.000000 0.000000 0.001190 0.026190 0.027381 0.002381 0.001190 0.002381 0.002381 0.002381 0.001190 0.002381
0.003571 0.003571 0.003571 0.003571 0.003571 0.003571 0.004762 0.002381 0.015476 0.011905 0.030952 0.003571 0.011905 0.001190 0.000000 0.000000 0.002381 0.002381 0.002381 0.005952 0.004762 0.005952 0.002381 0.009524 0.007143 0.003571 0.003571 0.005952 0.025000 0.027381 0.016667 0.001190 0.000000 0.001190 0.001190 0.002381 0.003571 0.001190 0.000000 0.000000 0.000000 0.000000 0.014286 0.002381 0.001190 0.001190 0.001190 0.000000 0.001190 0.002381 0.001190 0.001190 0.001190 0.000000 0.030952 0.028571 0.035714 0.035714 0.038095 0.000000 0.001190 0.041667 0.041667
0.003571 0.001190 0.002381 0.001190 0.002381 0.003571 0.003571 0.003571 0.017857 0.011905 0.027381 0.002381 0.004762 0.001190 0.002381 0.002381 0.011905 0.009524 0.002381 0.003571 0.003571 0.016667 0.015476 0.011905 0.007143 0.007143 0.003571 0.003571 0.022619 0.017857 0.019048 0.002381 0.000000 0.001190 0.001190 0.002381 0.007143 0.001190 0.000000 0.000000 0.000000 0.002381 0.017857 0.019048 0.002381 0.001190 0.001190 0.001190 0.002381 0.017857 0.001190 0.001190 0.002381 0.000000 0.026190 0.029762 0.030952 0.029762 0.036905 0.000000 0.000000 0.036905 0.022619
