FireSTARR/test/output/SLK/SLK057/2018-07-08_1720/intensity_M_190_2018-07-09.asc
ncols         135
nrows         104
xllcorner     565343.378600
yllcorner     5838402.364000
cellsize      100.000000
NODATA_value  0.000000
[rows 28 to 55 of 104, columns 63 to 125 of 135]
0.014286 0.000000 0.000000 0.036905 0.035714 0.032143 0.001190 0.001190 0.001190 0.000000 0.000000 0.000000 0.000000 0.000000 0.000000 0.000000 0.000000 0.001190 0.002381 0.002381 0.001190 0.000000 0.000000 0.000000 0.001190 0.002381 0.000000 0.000000 0.000000 0.001190 0.001190 0.000000 0.000000 0.000000 0.000000 0.000000 0.000000 0.000000 0.001190 0.001190 0.000000 0.000000 0.001190 0.001190 0.000000 0.000000 0.000000 0.000000 0.000000 0.000000 0.000000 0.000000 0.000000 0.000000 0.000000 0.000000 0.000000 0.000000 0.000000 0.000000 0.000000 0.000000 0.000000
0.011905 0.000000 0.000000 0.030952 0.035714 0.034524 0.000000 0.000000 0.000000 0.000000 0.000000 0.000000 0.000000 0.000000 0.000000 0.001190 0.001190 0.002381 0.001190 0.001190 0.002381 0.001190 0.000000 0.002381 0.004762 0.002381 0.001190 0.001190 0.000000 0.002381 0.001190 0.001190 0.001190 0.000000 0.000000 0.000000 0.000000 0.000000 0.000000 0.001190 0.002381 0.001190 0.001190 0.000000 0.000000 0.000000 0.000000 0.000000 0.000000 0.000000 0.000000 0.000000 0.000000 0.000000 0.000000 0.000000 0.000000 0.000000 0.000000 0.000000 0.000000 0.000000 0.000000
0.011905 0.013095 0.020238 0.000000 0.001190 0.001190 0.002381 0.002381 0.001190 0.000000 0.001190 0.001190 0.001190 0.001190 0.000000 0.001190 0.002381 0.002381 0.001190 0.000000 0.002381 0.001190 0.001190 0.002381 0.002381 0.003571 0.001190 0.000000 0.001190 0.000000 0.000000 0.001190 0.001190 0.001190 0.000000 0.000000 0.000000 0.000000 0.000000 0.000000 0.000000 0.002381 0.002381 0.000000 0.000000 0.000000 0.000000 0.000000 0.000000 0.000000 0.000000 0.000000 0.000000 0.000000 0.000000 0.000000 0.000000 0.000000 0.000000 0.000000 0.000000 0.000000 0.000000
0.011905 0.010714 0.008333 0.001190 0.002381 0.002381 0.002381 0.002381 0.002381 0.000000 0.000000 0.000000 0.000000 0.000000 0.000000 0.000000 0.002381 0.002381 0.003571 0.001190 0.002381 0.002381 0.002381 0.002381 0.002381 0.002381 0.002381 0.001190 0.002381 0.001190 0.000000 0.001190 0.001190 0.000000 0.000000 0.000000 0.000000 0.000000 0.000000 0.000000 0.000000 0.007143 0.005952 0.005952 0.004762 0.003571 0.002381 0.000000 0.001190 0.001190 0.000000 0.000000 0.000000 0.000000 0.000000 0.000000 0.000000 0.000000 0.000000 0.000000 0.000000 0.000000 0.000000
0.004762 0.003571 0.004762 0.001190 0.001190 0.001190 0.002381 0.002381 0.001190 0.001190 0.000000 0.000000 0.001190 0.000000 0.000000 0.002381 0.001190 0.001190 0.001190 0.002381 0.002381 0.002381 0.001190 0.001190 0.002381 0.001190 0.000000 0.001190 0.001190 0.001190 0.001190 0.001190 0.000000 0.000000 0.000000 0.000000 0.000000 0.000000 0.000000 0.000000 0.000000 0.008333 0.005952 0.004762 0.004762 0.004762 0.004762 0.003571 0.000000 0.000000 0.000000 0.001190 0.002381 0.000000 0.000000 0.000000 0.000000 0.000000 0.000000 0.000000 0.000000 0.000000 0.000000
0.004762 0.003571 0.002381 0.002381 0.001190 0.001190 0.002381 0.001190 0.000000 0.001190 0.001190 0.001190 0.000000 0.001190 0.001190 0.001190 0.001190 0.002381 0.002381 0.003571 0.002381 0.002381 0.001190 0.001190 0.002381 0.002381 0.001190 0.000000 0.001190 0.000000 0.000000 0.000000 0.001190 0.000000 0.001190 0.000000 0.000000 0.000000 0.000000 0.000000 0.000000 0.004762 0.002381 0.000000 0.000000 0.003571 0.002381 0.001190 0.000000 0.000000 0.000000 0.000000 0.000000 0.001190 0.000000 0.000000 0.000000 0.000000 0.000000 0.000000 0.000000 0.000000 0.000000
0.003571 0.002381 0.003571 0.002381 0.001190 0.001190 0.001190 0.001190 0.002381 0.000000 0.000000 0.000000 0.000000 0.002381 0.003571 0.002381 0.001190 0.001190 0.002381 0.002381 0.003571 0.002381 0.002381 0.002381 0.002381 0.001190 0.002381 0.001190 0.001190 0.001190 0.000000 0.000000 0.001190 0.011905 0.008333 0.000000 0.001190 0.000000 0.000000 0.000000 0.005952 0.003571 0.003571 0.000000 0.000000 0.000000 0.000000 0.000000 0.000000 0.000000 0.000000 0.002381 0.000000 0.001190 0.000000 0.000000 0.000000 0.000000 0.000000 0.000000 0.000000 0.000000 0.000000
0.000000 0.000000 0.001190 0.001190 0.001190 0.001190 0.000000 0.000000 0.001190 0.000000 0.000000 0.000000 0.001190 0.000000 0.000000 0.003571 0.002381 0.001190 0.001190 0.002381 0.003571 0.003571 0.002381 0.000000 0.001190 0.003571 0.002381 0.003571 0.001190 0.001190 0.001190 0.000000 0.000000 0.000000 0.000000 0.001190 0.000000 0.000000 0.005952 0.000000 0.004762 0.002381 0.001190 0.000000 0.000000 0.000000 0.000000 0.000000 0.000000 0.000000 0.002381 0.002381 0.001190 0.000000 0.000000 0.000000 0.000000 0.000000 0.000000 0.000000 0.000000 0.000000 0.000000
0.004762 0.003571 0.003571 0.002381 0.001190 0.000000 0.000000 0.000000 0.000000 0.000000 0.000000 0.000000 0.000000 0.000000 0.000000 0.017857 0.016667 0.016667 0.001190 0.001190 0.002381 0.002381 0.002381 0.002381 0.001190 0.001190 0.001190 0.001190 0.002381 0.003571 0.001190 0.000000 0.000000 0.000000 0.000000 0.001190 0.001190 0.001190 0.005952 0.004762 0.002381 0.002381 0.002381 0.002381 0.002381 0.002381 0.000000 0.000000 0.002381 0.002381 0.002381 0.002381 0.001190 0.000000 0.000000 0.000000 0.000000 0.000000 0.000000 0.000000 0.000000 0.000000 0.000000
0.007143 0.005952 0.007143 0.000000 0.002381 0.002381 0.000000 0.001190 0.000000 0.000000 0.000000 0.000000 0.001190 0.003571 0.000000 0.021429 0.015476 0.002381 0.000000 0.000000 0.000000 0.001190 0.002381 0.002381 0.003571 0.001190 0.001190 0.001190 0.002381 0.003571 0.010714 0.009524 0.009524 0.000000 0.000000 0.001190 0.001190 0.001190 0.005952 0.004762 0.003571 0.001190 0.001190 0.001190 0.001190 0.002381 0.001190 0.001190 0.000000 0.000000 0.000000 0.000000 0.000000 0.001190 0.000000 0.000000 0.000000 0.000000 0.000000 0.000000 0.000000 0.000000 0.000000
0.005952 0.004762 0.000000 0.002381 0.001190 0.002381 0.001190 0.000000 0.001190 0.000000 0.001190 0.001190 0.001190 0.000000 0.001190 0.002381 0.001190 0.001190 0.000000 0.000000 0.001190 0.001190 0.002381 0.002381 0.002381 0.003571 0.001190 0.001190 0.001190 0.002381 0.011905 0.010714 0.008333 0.010714 0.010714 0.000000 0.001190 0.001190 0.001190 0.000000 0.003571 0.003571 0.003571 0.001190 0.002381 0.002381 0.001190 0.000000 0.001190 0.000000 0.000000 0.000000 0.000000 0.001190 0.000000 0.000000 0.000000 0.000000 0.000000 0.000000 0.000000 0.000000 0.000000
0.004762 0.000000 0.002381 0.001190 0.002381 0.001190 0.002381 0.001190 0.000000 0.001190 0.000000 0.000000 0.000000 0.000000 0.001190 0.001190 0.001190 0.000000 0.000000 0.000000 0.000000 0.002381 0.002381 0.002381 0.002381 0.002381 0.001190 0.010714 0.002381 0.002381 0.010714 0.009524 0.007143 0.005952 0.008333 0.002381 0.001190 0.001190 0.001190 0.001190 0.003571 0.003571 0.001190 0.003571 0.001190 0.001190 0.000000 0.000000 0.000000 0.000000 0.000000 0.000000 0.001190 0.001190 0.001190 0.000000 0.000000 0.000000 0.000000 0.000000 0.000000 0.000000 0.000000
0.003571 0.003571 0.000000 0.001190 0.001190 0.001190 0.001190 0.001190 0.000000 0.002381 0.001190 0.000000 0.000000 0.001190 0.000000 0.003571 0.003571 0.000000 0.000000 0.000000 0.000000 0.002381 0.002381 0.003571 0.002381 0.002381 0.002381 0.010714 0.010714 0.011905 0.003571 0.003571 0.000000 0.000000 0.000000 0.001190 0.002381 0.001190 0.001190 0.001190 0.003571 0.003571 0.003571 0.003571 0.002381 0.001190 0.000000 0.000000 0.001190 0.000000 0.000000 0.000000 0.000000 0.000000 0.001190 0.000000 0.000000 0.000000 0.000000 0.000000 0.000000 0.000000 0.000000
0.001190 0.000000 0.000000 0.001190 0.001190 0.001190 0.001190 0.001190 0.000000 0.000000 0.000000 0.001190 0.001190 0.001190 0.002381 0.002381 0.002381 0.000000 0.000000 0.000000 0.000000 0.002381 0.002381 0.002381 0.002381 0.002381 0.002381 0.010714 0.011905 0.009524 0.002381 0.002381 0.000000 0.000000 0.000000 0.000000 0.001190 0.002381 0.002381 0.000000 0.000000 0.002381 0.004762 0.002381 0.003571 0.000000 0.000000 0.002381 0.001190 0.001190 0.001190 0.000000 0.001190 0.001190 0.000000 0.000000 0.000000 0.000000 0.000000 0.000000 0.000000 0.000000 0.000000
0.000000 0.001190 0.002381 0.003571 0.003571 0.003571 0.002381 0.000000 0.000000 0.000000 0.000000 0.000000 0.001190 0.001190 0.001190 0.001190 0.001190 0.000000 0.000000 0.000000 0.000000 0.000000 0.003571 0.002381 0.002381 0.002381 0.001190 0.001190 0.002381 0.003571 0.002381 0.001190 0.000000 0.000000 0.000000 0.000000 0.000000 0.001190 0.001190 0.002381 0.001190 0.001190 0.004762 0.004762 0.002381 0.000000 0.000000 0.002381 0.003571 0.002381 0.000000 0.000000 0.000000 0.000000 0.001190 0.000000 0.000000 0.000000 0.000000 0.000000 0.000000 0.000000 0.000000
0.001190 0.000000 0.000000 0.003571 0.003571 0.002381 0.001190 0.001190 0.000000 0.000000 0.000000 0.000000 0.027381 0.026190 0.000000 0.000000 0.001190 0.000000 0.000000 0.000000 0.001190 0.000000 0.002381 0.002381 0.003571 0.003571 0.001190 0.004762 0.004762 0.003571 0.002381 0.003571 0.001190 0.000000 0.000000 0.000000 0.000000 0.001190 0.001190 0.001190 0.001190 0.001190 0.005952 0.003571 0.003571 0.001190 0.001190 0.002381 0.002381 0.002381 0.003571 0.000000 0.001190 0.000000 0.000000 0.000000 0.000000 0.000000 0.000000 0.000000 0.000000 0.000000 0.000000
0.001190 0.000000 0.000000 0.000000 0.002381 0.002381 0.002381 0.002381 0.002381 0.000000 0.002381 0.002381 0.027381 0.022619 0.000000 0.000000 0.000000 0.000000 0.000000 0.000000 0.000000 0.001190 0.000000 0.002381 0.003571 0.000000 0.000000 0.002381 0.003571 0.003571 0.002381 0.003571 0.001190 0.000000 0.000000 0.000000 0.000000 0.001190 0.001190 0.001190 0.001190 0.000000 0.004762 0.002381 0.002381 0.000000 0.000000 0.002381 0.001190 0.000000 0.000000 0.000000 0.000000 0.001190 0.001190 0.000000 0.000000 0.000000 0.000000 0.000000 0.000000 0.000000 0.000000
0.002381 0.000000 0.000000 0.002381 0.005952 0.003571 0.002381 0.032143 0.029762 0.026190 0.001190 0.002381 0.025000 0.022619 0.000000 0.000000 0.000000 0.000000 0.000000 0.000000 0.000000 0.002381 0.000000 0.001190 0.001190 0.001190 0.000000 0.003571 0.004762 0.002381 0.002381 0.002381 0.001190 0.000000 0.005952 0.005952 0.005952 0.001190 0.001190 0.001190 0.001190 0.000000 0.004762 0.003571 0.002381 0.001190 0.001190 0.003571 0.001190 0.000000 0.000000 0.000000 0.000000 0.000000 0.000000 0.000000 0.000000 0.000000 0.000000 0.000000 0.000000 0.000000 0.000000
0.001190 0.001190 0.000000 0.001190 0.003571 0.003571 0.038095 0.032143 0.028571 0.023810 0.021429 0.023810 0.004762 0.003571 0.003571 0.001190 0.001190 0.000000 0.000000 0.000000 0.000000 0.000000 0.000000 0.001190 0.000000 0.002381 0.001190 0.002381 0.004762 0.002381 0.002381 0.001190 0.000000 0.000000 0.005952 0.003571 0.003571 0.002381 0.001190 0.001190 0.001190 0.000000 0.000000 0.000000 0.000000 0.001190 0.001190 0.000000 0.001190 0.000000 0.000000 0.000000 0.000000 0.000000 0.000000 0.000000 0.000000 0.000000 0.000000 0.000000 0.000000 0.000000 0.000000
0.000000 0.001190 0.001190 0.001190 0.002381 0.001190 0.039286 0.035714 0.025000 0.021429 0.015476 0.003571 0.001190 0.003571 0.002381 0.001190 0.002381 0.002381 0.000000 0.000000 0.000000 0.002381 0.000000 0.000000 0.001190 0.002381 0.001190 0.000000 0.001190 0.002381 0.000000 0.000000 0.000000 0.000000 0.005952 0.007143 0.002381 0.000000 0.000000 0.001190 0.000000 0.000000 0.000000 0.000000 0.000000 0.001190 0.002381 0.000000 0.000000 0.000000 0.000000 0.000000 0.000000 0.000000 0.000000 0.000000 0.000000 0.000000 0.000000 0.000000 0.000000 0.000000 0.000000
0.001190 0.000000 0.000000 0.000000 0.000000 0.000000 0.001190 0.000000 0.000000 0.000000 0.001190 0.000000 0.002381 0.002381 0.001190 0.000000 0.002381 0.003571 0.003571 0.001190 0.001190 0.000000 0.002381 0.000000 0.000000 0.000000 0.000000 0.002381 0.000000 0.001190 0.002381 0.001190 0.000000 0.000000 0.001190 0.001190 0.001190 0.002381 0.002381 0.001190 0.003571 0.004762 0.003571 0.001190 0.001190 0.001190 0.001190 0.000000 0.000000 0.001190 0.001190 0.001190 0.000000 0.000000 0.000000 0.000000 0.000000 0.000000 0.000000 0.000000 0.000000 0.000000 0.000000
0.001190 0.001190 0.000000 0.000000 0.000000 0.000000 0.000000 0.001190 0.000000 0.000000 0.000000 0.000000 0.001190 0.002381 0.002381 0.002381 0.001190 0.003571 0.003571 0.001190 0.001190 0.001190 0.002381 0.001190 0.000000 0.000000 0.000000 0.000000 0.003571 0.002381 0.003571 0.003571 0.002381 0.001190 0.001190 0.001190 0.001190 0.001190 0.001190 0.001190 0.001190 0.001190 0.002381 0.003571 0.003571 0.003571 0.002381 0.001190 0.001190 0.001190 0.003571 0.002381 0.002381 0.000000 0.000000 0.000000 0.000000 0.000000 0.000000 0.000000 0.000000 0.000000 0.000000
0.001190 0.001190 0.000000 0.000000 0.029762 0.027381 0.000000 0.001190 0.001190 0.001190 0.001190 0.000000 0.001190 0.001190 0.003571 0.003571 0.001190 0.001190 0.002381 0.003571 0.003571 0.001190 0.001190 0.001190 0.001190 0.000000 0.001190 0.000000 0.000000 0.002381 0.001190 0.001190 0.001190 0.001190 0.004762 0.003571 0.001190 0.001190 0.000000 0.001190 0.001190 0.001190 0.001190 0.001190 0.001190 0.001190 0.001190 0.002381 0.001190 0.001190 0.001190 0.000000 0.000000 0.000000 0.000000 0.001190 0.001190 0.000000 0.000000 0.000000 0.000000 0.000000 0.000000
0.001190 0.001190 0.000000 0.000000 0.026190 0.020238 0.001190 0.001190 0.002381 0.000000 0.001190 0.001190 0.001190 0.002381 0.003571 0.002381 0.020238 0.019048 0.016667 0.003571 0.003571 0.002381 0.001190 0.001190 0.001190 0.000000 0.000000 0.000000 0.000000 0.002381 0.001190 0.000000 0.001190 0.003571 0.003571 0.002381 0.002381 0.001190 0.002381 0.005952 0.002381 0.000000 0.001190 0.001190 0.002381 0.001190 0.000000 0.000000 0.002381 0.002381 0.001190 0.000000 0.001190 0.001190 0.002381 0.001190 0.001190 0.000000 0.000000 0.000000 0.000000 0.000000 0.000000
0.001190 0.021429 0.020238 0.021429 0.020238 0.020238 0.000000 0.001190 0.002381 0.000000 0.000000 0.001190 0.001190 0.002381 0.003571 0.003571 0.017857 0.019048 0.016667 0.002381 0.003571 0.003571 0.001190 0.001190 0.001190 0.001190 0.000000 0.000000 0.000000 0.000000 0.002381 0.000000 0.002381 0.001190 0.004762 0.002381 0.001190 0.001190 0.001190 0.003571 0.001190 0.000000 0.000000 0.000000 0.001190 0.002381 0.000000 0.000000 0.000000 0.001190 0.001190 0.002381 0.002381 0.001190 0.001190 0.001190 0.000000 0.000000 0.000000 0.000000 0.000000 0.000000 0.000000
0.002381 0.019048 0.019048 0.019048 0.020238 0.020238 0.001190 0.000000 0.022619 0.017857 0.021429 0.002381 0.002381 0.002381 0.002381 0.004762 0.016667 0.016667 0.002381 0.000000 0.003571 0.003571 0.002381 0.001190 0.000000 0.001190 0.000000 0.000000 0.000000 0.000000 0.000000 0.007143 0.007143 0.003571 0.001190 0.002381 0.001190 0.001190 0.002381 0.001190 0.003571 0.002381 0.003571 0.000000 0.001190 0.000000 0.000000 0.000000 0.000000 0.002381 0.002381 0.001190 0.002381 0.001190 0.001190 0.001190 0.002381 0.000000 0.000000 0.000000 0.000000 0.000000 0.000000
0.001190 0.016667 0.016667 0.017857 0.019048 0.015476 0.000000 0.000000 0.017857 0.014286 0.017857 0.000000 0.002381 0.001190 0.000000 0.002381 0.001190 0.001190 0.001190 0.001190 0.000000 0.000000 0.002381 0.001190 0.000000 0.001190 0.001190 0.000000 0.000000 0.000000 0.000000 0.004762 0.008333 0.008333 0.002381 0.002381 0.002381 0.002381 0.003571 0.003571 0.002381 0.002381 0.002381 0.003571 0.001190 0.000000 0.001190 0.002381 0.001190 0.000000 0.001190 0.002381 0.002381 0.001190 0.002381 0.001190 0.002381 0.001190 0.000000 0.000000 0.000000 0.000000 0.000000
0.002381 0.015476 0.014286 0.014286 0.008333 0.009524 0.000000 0.001190 0.000000 0.008333 0.009524 0.001190 0.000000 0.000000 0.000000 0.000000 0.001190 0.001190 0.001190 0.000000 0.001190 0.001190 0.002381 0.002381 0.002381 0.003571 0.001190 0.000000 0.000000 0.000000 0.001190 0.001190 0.001190 0.007143 0.008333 0.005952 0.002381 0.002381 0.002381 0.000000 0.001190 0.002381 0.001190 0.001190 0.001190 0.000000 0.001190 0.002381 0.000000 0.001190 0.000000 0.000000 0.001190 0.002381 0.002381 0.002381 0.002381 0.002381 0.000000 0.000000 0.000000 0.000000 0.000000
