FireSTARR/test/output/SLK/SLK057/2018-07-08_1720/intensity_M_190_2018-07-09.asc
ncols         135
nrows         104
xllcorner     565343.378600
yllcorner     5838402.364000
cellsize      100.000000
NODATA_value  0.000000
[rows 28 to 55 of 104, columns 0 to 62 of 135]
0.000000 0.000000 0.000000 0.000000 0.000000 0.000000 0.000000 0.000000 0.000000 0.000000 0.008333 0.007143 0.005952 0.003571 0.005952 0.007143 0.005952 0.000000 0.014286 0.016667 0.014286 0.033333 0.084524 0.036905 0.042857 0.045238 0.042857 0.054762 0.050000 0.040476 0.040476 0.025000 0.020238 0.015476 0.013095 0.007143 0.010714 0.007143 0.004762 0.003571 0.005952 0.007143 0.005952 0.007143 0.004762 0.002381 0.004762 0.007143 0.005952 0.004762 0.003571 0.000000 0.000000 0.009524 0.007143 0.003571 0.003571 0.003571 0.003571 0.011905 0.014286 0.014286 0.014286
0.000000 0.000000 0.000000 0.000000 0.000000 0.000000 0.000000 0.000000 0.000000 0.000000 0.000000 0.004762 0.008333 0.010714 0.008333 0.004762 0.007143 0.008333 0.010714 0.022619 0.020238 0.086905 0.048810 0.040476 0.039286 0.045238 0.071429 0.051190 0.050000 0.047619 0.042857 0.026190 0.020238 0.042857 0.041667 0.036905 0.007143 0.010714 0.009524 0.004762 0.007143 0.007143 0.007143 0.005952 0.004762 0.003571 0.002381 0.003571 0.005952 0.005952 0.004762 0.000000 0.000000 0.003571 0.003571 0.002381 0.003571 0.007143 0.010714 0.013095 0.010714 0.000000 0.000000
0.000000 0.000000 0.000000 0.000000 0.000000 0.000000 0.000000 0.000000 0.000000 0.000000 0.000000 0.004762 0.011905 0.005952 0.004762 0.026190 0.033333 0.039286 0.026190 0.021429 0.027381 0.066667 0.054762 0.035714 0.044048 0.035714 0.036905 0.067857 0.057143 0.032143 0.034524 0.021429 0.016667 0.044048 0.039286 0.029762 0.010714 0.011905 0.009524 0.007143 0.002381 0.005952 0.005952 0.003571 0.003571 0.003571 0.002381 0.003571 0.005952 0.002381 0.005952 0.000000 0.000000 0.000000 0.000000 0.000000 0.001190 0.001190 0.013095 0.013095 0.015476 0.000000 0.001190
0.000000 0.000000 0.000000 0.000000 0.000000 0.000000 0.000000 0.000000 0.000000 0.000000 0.000000 0.004762 0.011905 0.005952 0.003571 0.027381 0.032143 0.036905 0.038095 0.046429 0.023810 0.028571 0.026190 0.017857 0.040476 0.035714 0.029762 0.060714 0.017857 0.015476 0.009524 0.007143 0.009524 0.038095 0.035714 0.016667 0.010714 0.013095 0.010714 0.004762 0.002381 0.003571 0.003571 0.003571 0.005952 0.004762 0.002381 0.004762 0.058333 0.055952 0.047619 0.013095 0.015476 0.010714 0.010714 0.010714 0.000000 0.000000 0.000000 0.013095 0.010714 0.004762 0.003571
0.000000 0.000000 0.000000 0.000000 0.000000 0.000000 0.000000 0.000000 0.000000 0.000000 0.000000 0.004762 0.009524 0.007143 0.004762 0.025000 0.035714 0.035714 0.035714 0.032143 0.019048 0.023810 0.029762 0.030952 0.040476 0.032143 0.047619 0.060714 0.019048 0.017857 0.011905 0.009524 0.017857 0.010714 0.015476 0.033333 0.033333 0.038095 0.003571 0.005952 0.003571 0.001190 0.004762 0.005952 0.007143 0.005952 0.005952 0.005952 0.061905 0.055952 0.047619 0.013095 0.014286 0.015476 0.008333 0.005952 0.000000 0.004762 0.002381 0.003571 0.003571 0.004762 0.004762
0.000000 0.000000 0.000000 0.000000 0.000000 0.000000 0.000000 0.000000 0.000000 0.000000 0.000000 0.004762 0.010714 0.005952 0.004762 0.010714 0.013095 0.013095 0.016667 0.020238 0.032143 0.029762 0.028571 0.036905 0.040476 0.023810 0.048810 0.038095 0.019048 0.017857 0.011905 0.010714 0.020238 0.001190 0.005952 0.035714 0.039286 0.035714 0.002381 0.001190 0.007143 0.005952 0.007143 0.002381 0.004762 0.047619 0.048810 0.052381 0.013095 0.014286 0.004762 0.003571 0.002381 0.000000 0.008333 0.007143 0.002381 0.002381 0.003571 0.003571 0.002381 0.003571 0.003571
0.001190 0.000000 0.000000 0.000000 0.000000 0.000000 0.000000 0.000000 0.000000 0.000000 0.004762 0.010714 0.010714 0.004762 0.010714 0.014286 0.016667 0.020238 0.022619 0.029762 0.023810 0.038095 0.045238 0.040476 0.045238 0.016667 0.019048 0.019048 0.020238 0.019048 0.001190 0.000000 0.000000 0.001190 0.004762 0.004762 0.002381 0.038095 0.000000 0.001190 0.003571 0.003571 0.002381 0.001190 0.001190 0.044048 0.048810 0.048810 0.019048 0.017857 0.001190 0.002381 0.000000 0.005952 0.003571 0.003571 0.004762 0.007143 0.004762 0.003571 0.019048 0.026190 0.019048
0.000000 0.000000 0.000000 0.000000 0.000000 0.000000 0.000000 0.000000 0.000000 0.000000 0.104762 0.104762 0.005952 0.009524 0.011905 0.013095 0.008333 0.011905 0.023810 0.027381 0.029762 0.028571 0.034524 0.044048 0.041667 0.017857 0.020238 0.020238 0.020238 0.020238 0.004762 0.005952 0.004762 0.000000 0.003571 0.004762 0.005952 0.003571 0.001190 0.003571 0.005952 0.003571 0.002381 0.035714 0.039286 0.003571 0.007143 0.052381 0.015476 0.016667 0.005952 0.005952 0.003571 0.005952 0.005952 0.007143 0.007143 0.005952 0.009524 0.009524 0.023810 0.022619 0.027381
0.000000 0.000000 0.000000 0.000000 0.000000 0.000000 0.000000 0.000000 0.007143 0.011905 0.104762 0.028571 0.004762 0.011905 0.010714 0.014286 0.021429 0.028571 0.036905 0.040476 0.026190 0.033333 0.030952 0.040476 0.030952 0.021429 0.013095 0.007143 0.009524 0.005952 0.009524 0.002381 0.002381 0.002381 0.003571 0.004762 0.007143 0.002381 0.000000 0.003571 0.004762 0.004762 0.003571 0.039286 0.045238 0.004762 0.004762 0.003571 0.003571 0.007143 0.005952 0.000000 0.003571 0.004762 0.003571 0.008333 0.013095 0.013095 0.009524 0.008333 0.025000 0.027381 0.021429
0.000000 0.000000 0.000000 0.001190 0.002381 0.004762 0.005952 0.011905 0.008333 0.008333 0.008333 0.007143 0.004762 0.007143 0.010714 0.017857 0.029762 0.032143 0.023810 0.035714 0.020238 0.021429 0.020238 0.021429 0.015476 0.015476 0.016667 0.016667 0.008333 0.011905 0.010714 0.002381 0.003571 0.005952 0.005952 0.005952 0.004762 0.000000 0.003571 0.000000 0.001190 0.001190 0.002381 0.040476 0.047619 0.001190 0.002381 0.005952 0.004762 0.005952 0.007143 0.004762 0.004762 0.004762 0.003571 0.009524 0.000000 0.000000 0.003571 0.007143 0.007143 0.003571 0.007143
0.000000 0.000000 0.000000 0.000000 0.000000 0.000000 0.008333 0.009524 0.011905 0.011905 0.016667 0.021429 0.020238 0.016667 0.020238 0.021429 0.021429 0.025000 0.021429 0.023810 0.008333 0.010714 0.010714 0.010714 0.009524 0.005952 0.013095 0.010714 0.010714 0.010714 0.008333 0.007143 0.004762 0.005952 0.004762 0.003571 0.005952 0.007143 0.005952 0.002381 0.000000 0.001190 0.002381 0.000000 0.004762 0.008333 0.008333 0.003571 0.003571 0.005952 0.007143 0.007143 0.002381 0.003571 0.004762 0.009524 0.011905 0.010714 0.011905 0.014286 0.013095 0.007143 0.008333
0.000000 0.000000 0.000000 0.000000 0.000000 0.000000 0.001190 0.001190 0.004762 0.007143 0.010714 0.010714 0.010714 0.014286 0.013095 0.013095 0.013095 0.011905 0.009524 0.013095 0.011905 0.009524 0.003571 0.004762 0.007143 0.008333 0.007143 0.009524 0.010714 0.007143 0.007143 0.007143 0.007143 0.004762 0.008333 0.008333 0.000000 0.003571 0.007143 0.008333 0.004762 0.005952 0.004762 0.005952 0.005952 0.000000 0.005952 0.001190 0.000000 0.008333 0.009524 0.005952 0.008333 0.007143 0.003571 0.005952 0.009524 0.008333 0.011905 0.000000 0.000000 0.004762 0.004762
0.000000 0.000000 0.000000 0.000000 0.000000 0.000000 0.000000 0.000000 0.000000 0.000000 0.002381 0.003571 0.008333 0.007143 0.004762 0.007143 0.008333 0.007143 0.004762 0.009524 0.003571 0.004762 0.004762 0.007143 0.008333 0.008333 0.008333 0.008333 0.008333 0.007143 0.007143 0.008333 0.007143 0.005952 0.003571 0.002381 0.002381 0.003571 0.005952 0.005952 0.008333 0.008333 0.004762 0.004762 0.003571 0.033333 0.032143 0.003571 0.003571 0.004762 0.002381 0.005952 0.005952 0.003571 0.004762 0.007143 0.007143 0.000000 0.008333 0.005952 0.005952 0.000000 0.004762
0.000000 0.000000 0.000000 0.000000 0.000000 0.000000 0.000000 0.000000 0.000000 0.000000 0.000000 0.000000 0.000000 0.000000 0.000000 0.001190 0.000000 0.002381 0.001190 0.000000 0.000000 0.000000 0.001190 0.000000 0.004762 0.004762 0.003571 0.003571 0.003571 0.003571 0.003571 0.003571 0.003571 0.003571 0.000000 0.000000 0.007143 0.003571 0.005952 0.008333 0.007143 0.004762 0.004762 0.007143 0.005952 0.025000 0.029762 0.000000 0.002381 0.002381 0.001190 0.003571 0.002381 0.003571 0.005952 0.029762 0.034524 0.001190 0.001190 0.002381 0.002381 0.003571 0.003571
0.000000 0.000000 0.000000 0.000000 0.000000 0.001190 0.000000 0.000000 0.000000 0.000000 0.000000 0.000000 0.008333 0.008333 0.000000 0.000000 0.000000 0.000000 0.000000 0.000000 0.000000 0.000000 0.000000 0.000000 0.002381 0.001190 0.004762 0.003571 0.004762 0.004762 0.004762 0.007143 0.003571 0.000000 0.003571 0.002381 0.002381 0.004762 0.005952 0.007143 0.007143 0.002381 0.003571 0.005952 0.009524 0.027381 0.030952 0.010714 0.008333 0.007143 0.004762 0.002381 0.002381 0.002381 0.002381 0.030952 0.040476 0.000000 0.000000 0.000000 0.001190 0.001190 0.002381
0.000000 0.000000 0.000000 0.000000 0.000000 0.000000 0.000000 0.000000 0.001190 0.001190 0.000000 0.000000 0.005952 0.005952 0.001190 0.000000 0.000000 0.000000 0.000000 0.000000 0.000000 0.000000 0.000000 0.001190 0.001190 0.002381 0.000000 0.001190 0.001190 0.001190 0.001190 0.002381 0.002381 0.001190 0.003571 0.003571 0.001190 0.002381 0.002381 0.003571 0.002381 0.003571 0.008333 0.010714 0.005952 0.004762 0.005952 0.038095 0.039286 0.033333 0.002381 0.002381 0.002381 0.004762 0.003571 0.029762 0.038095 0.001190 0.001190 0.000000 0.000000 0.000000 0.000000
0.000000 0.000000 0.000000 0.000000 0.000000 0.000000 0.000000 0.000000 0.000000 0.000000 0.000000 0.000000 0.001190 0.003571 0.000000 0.001190 0.001190 0.002381 0.001190 0.001190 0.000000 0.000000 0.000000 0.000000 0.000000 0.000000 0.000000 0.000000 0.000000 0.002381 0.003571 0.003571 0.029762 0.028571 0.027381 0.002381 0.003571 0.002381 0.003571 0.003571 0.003571 0.003571 0.005952 0.007143 0.005952 0.007143 0.007143 0.032143 0.035714 0.000000 0.000000 0.000000 0.002381 0.001190 0.002381 0.003571 0.002381 0.001190 0.001190 0.001190 0.001190 0.000000 0.001190
0.000000 0.000000 0.000000 0.000000 0.000000 0.000000 0.000000 0.000000 0.000000 0.000000 0.000000 0.000000 0.000000 0.000000 0.000000 0.000000 0.000000 0.000000 0.000000 0.000000 0.000000 0.000000 0.000000 0.001190 0.001190 0.001190 0.001190 0.002381 0.001190 0.000000 0.001190 0.001190 0.027381 0.028571 0.030952 0.030952 0.033333 0.001190 0.002381 0.004762 0.005952 0.007143 0.007143 0.004762 0.001190 0.001190 0.002381 0.035714 0.034524 0.002381 0.000000 0.001190 0.001190 0.002381 0.000000 0.000000 0.000000 0.000000 0.000000 0.002381 0.003571 0.002381 0.001190
0.000000 0.000000 0.000000 0.000000 0.000000 0.000000 0.000000 0.000000 0.000000 0.000000 0.000000 0.000000 0.000000 0.000000 0.000000 0.000000 0.000000 0.000000 0.000000 0.000000 0.000000 0.000000 0.000000 0.000000 0.005952 0.005952 0.004762 0.000000 0.001190 0.001190 0.002381 0.003571 0.025000 0.034524 0.035714 0.028571 0.027381 0.001190 0.000000 0.000000 0.000000 0.000000 0.000000 0.000000 0.000000 0.001190 0.001190 0.001190 0.001190 0.001190 0.001190 0.000000 0.035714 0.032143 0.022619 0.017857 0.017857 0.000000 0.000000 0.001190 0.002381 0.002381 0.001190
0.000000 0.000000 0.000000 0.000000 0.000000 0.000000 0.000000 0.000000 0.000000 0.000000 0.000000 0.000000 0.000000 0.000000 0.000000 0.000000 0.000000 0.000000 0.000000 0.000000 0.000000 0.000000 0.000000 0.000000 0.007143 0.005952 0.000000 0.000000 0.000000 0.001190 0.001190 0.001190 0.002381 0.001190 0.002381 0.001190 0.000000 0.000000 0.000000 0.000000 0.002381 0.000000 0.001190 0.001190 0.001190 0.001190 0.001190 0.000000 0.000000 0.000000 0.000000 0.001190 0.035714 0.035714 0.021429 0.017857 0.015476 0.000000 0.000000 0.001190 0.002381 0.001190 0.001190
0.000000 0.000000 0.000000 0.000000 0.000000 0.000000 0.000000 0.000000 0.000000 0.000000 0.000000 0.000000 0.000000 0.000000 0.000000 0.000000 0.000000 0.000000 0.001190 0.000000 0.000000 0.001190 0.000000 0.000000 0.002381 0.003571 0.001190 0.002381 0.002381 0.003571 0.001190 0.000000 0.000000 0.001190 0.000000 0.000000 0.000000 0.000000 0.001190 0.003571 0.002381 0.000000 0.001190 0.001190 0.000000 0.000000 0.000000 0.000000 0.000000 0.001190 0.001190 0.002381 0.035714 0.034524 0.021429 0.019048 0.015476 0.001190 0.000000 0.000000 0.001190 0.001190 0.001190
0.000000 0.000000 0.000000 0.000000 0.000000 0.000000 0.000000 0.000000 0.000000 0.000000 0.000000 0.000000 0.000000 0.000000 0.000000 0.000000 0.000000 0.000000 0.000000 0.000000 0.000000 0.001190 0.001190 0.001190 0.000000 0.000000 0.000000 0.001190 0.001190 0.001190 0.001190 0.001190 0.000000 0.001190 0.001190 0.001190 0.001190 0.001190 0.000000 0.002381 0.002381 0.000000 0.002381 0.001190 0.001190 0.000000 0.001190 0.000000 0.000000 0.001190 0.001190 0.002381 0.016667 0.016667 0.000000 0.000000 0.001190 0.000000 0.003571 0.001190 0.001190 0.001190 0.001190
0.000000 0.000000 0.000000 0.000000 0.000000 0.000000 0.000000 0.000000 0.000000 0.000000 0.000000 0.000000 0.000000 0.000000 0.000000 0.000000 0.000000 0.000000 0.000000 0.000000 0.000000 0.000000 0.001190 0.001190 0.001190 0.000000 0.000000 0.000000 0.000000 0.000000 0.001190 0.000000 0.000000 0.002381 0.001190 0.000000 0.000000 0.000000 0.000000 0.000000 0.000000 0.000000 0.001190 0.001190 0.001190 0.001190 0.000000 0.000000 0.001190 0.002381 0.001190 0.016667 0.015476 0.017857 0.000000 0.000000 0.000000 0.001190 0.000000 0.000000 0.000000 0.001190 0.001190
0.000000 0.000000 0.000000 0.000000 0.000000 0.000000 0.000000 0.000000 0.000000 0.000000 0.000000 0.000000 0.000000 0.000000 0.000000 0.000000 0.000000 0.000000 0.000000 0.000000 0.000000 0.000000 0.001190 0.001190 0.002381 0.001190 0.000000 0.000000 0.001190 0.001190 0.001190 0.000000 0.000000 0.001190 0.000000 0.000000 0.001190 0.001190 0.001190 0.001190 0.001190 0.001190 0.002381 0.002381 0.002381 0.002381 0.000000 0.000000 0.000000 0.001190 0.001190 0.011905 0.014286 0.014286 0.000000 0.000000 0.000000 0.000000 0.001190 0.002381 0.000000 0.000000 0.001190
0.000000 0.000000 0.000000 0.000000 0.000000 0.000000 0.000000 0.000000 0.000000 0.000000 0.000000 0.000000 0.000000 0.000000 0.000000 0.000000 0.000000 0.000000 0.000000 0.000000 0.000000 0.000000 0.001190 0.000000 0.000000 0.000000 0.000000 0.000000 0.000000 0.001190 0.001190 0.000000 0.000000 0.000000 0.000000 0.001190 0.000000 0.000000 0.000000 0.017857 0.001190 0.003571 0.003571 0.002381 0.001190 0.001190 0.000000 0.000000 0.001190 0.001190 0.000000 0.011905 0.014286 0.011905 0.000000 0.000000 0.001190 0.000000 0.000000 0.005952 0.009524 0.000000 0.000000
0.000000 0.000000 0.000000 0.000000 0.000000 0.000000 0.000000 0.000000 0.000000 0.000000 0.000000 0.000000 0.000000 0.000000 0.000000 0.000000 0.000000 0.000000 0.000000 0.000000 0.000000 0.000000 0.000000 0.001190 0.000000 0.000000 0.000000 0.000000 0.001190 0.000000 0.000000 0.002381 0.000000 0.000000 0.001190 0.000000 0.002381 0.002381 0.014286 0.016667 0.014286 0.001190 0.001190 0.001190 0.001190 0.001190 0.022619 0.023810 0.025000 0.028571 0.030952 0.014286 0.014286 0.009524 0.000000 0.000000 0.002381 0.001190 0.000000 0.005952 0.007143 0.002381 0.001190
0.000000 0.000000 0.000000 0.000000 0.000000 0.000000 0.000000 0.000000 0.000000 0.000000 0.000000 0.000000 0.000000 0.000000 0.000000 0.000000 0.000000 0.000000 0.000000 0.000000 0.000000 0.000000 0.000000 0.001190 0.000000 0.000000 0.000000 0.000000 0.000000 0.000000 0.000000 0.001190 0.002381 0.001190 0.000000 0.001190 0.000000 0.003571 0.014286 0.010714 0.010714 0.000000 0.001190 0.001190 0.000000 0.000000 0.021429 0.017857 0.017857 0.021429 0.021429 0.000000 0.000000 0.000000 0.000000 0.000000 0.001190 0.003571 0.001190 0.007143 0.007143 0.001190 0.001190
0.000000 0.000000 0.000000 0.000000 0.000000 0.000000 0.000000 0.000000 0.000000 0.000000 0.000000 0.000000 0.000000 0.000000 0.000000 0.000000 0.000000 0.000000 0.000000 0.000000 0.000000 0.000000 0.000000 0.000000 0.001190 0.000000 0.000000 0.000000 0.000000 0.000000 0.000000 0.000000 0.001190 0.001190 0.001190 0.002381 0.001190 0.001190 0.001190 0.002381 0.003571 0.002381 0.000000 0.000000 0.000000 0.000000 0.019048 0.013095 0.010714 0.011905 0.011905 0.000000 0.000000 0.000000 0.000000 0.000000 0.001190 0.003571 0.003571 0.007143 0.007143 0.004762 0.002381
