FireSTARR/test/output/SLK/SLK057/2018-07-08_1720/intensity_L_190_2018-07-09.asc
ncols         132
nrows         103
xllcorner     565343.378600
yllcorner     5838502.364000
cellsize      100.000000
NODATA_value  0.000000
[rows 28 to 55 of 103, columns 0 to 62 of 132]
0.000000 1.000000 1.000000 1.000000 1.000000 1.000000 1.000000 1.000000 1.000000 1.000000 0.029762 0.017857 0.013095 0.005952 0.007143 0.004762 0.009524 0.000000 0.015476 0.008333 0.008333 0.033333 0.050000 0.026190 0.023810 0.022619 0.025000 0.019048 0.017857 0.022619 0.016667 0.016667 0.016667 0.008333 0.009524 0.015476 0.017857 0.017857 0.017857 0.014286 0.007143 0.003571 0.002381 0.000000 0.001190 0.000000 0.000000 0.001190 0.000000 0.001190 0.003571 0.000000 0.000000 0.000000 0.002381 0.004762 0.002381 0.002381 0.004762 0.051190 0.039286 0.030952 0.021429
1.000000 1.000000 1.000000 1.000000 1.000000 1.000000 1.000000 1.000000 1.000000 1.000000 1.000000 0.027381 0.013095 0.007143 0.005952 0.007143 0.008333 0.039286 0.027381 0.009524 0.010714 0.054762 0.067857 0.017857 0.020238 0.015476 0.015476 0.013095 0.009524 0.014286 0.011905 0.017857 0.016667 0.014286 0.013095 0.010714 0.022619 0.014286 0.014286 0.013095 0.004762 0.002381 0.000000 0.000000 0.001190 0.000000 0.000000 0.000000 0.000000 0.001190 0.003571 0.000000 0.000000 0.002381 0.002381 0.004762 0.001190 0.000000 0.045238 0.047619 0.030952 0.000000 0.000000
1.000000 1.000000 1.000000 1.000000 1.000000 1.000000 1.000000 1.000000 1.000000 1.000000 1.000000 0.028571 0.014286 0.005952 0.005952 0.032143 0.039286 0.033333 0.026190 0.025000 0.028571 0.046429 0.065476 0.023810 0.014286 0.013095 0.014286 0.011905 0.010714 0.014286 0.010714 0.020238 0.017857 0.013095 0.009524 0.007143 0.020238 0.017857 0.014286 0.007143 0.004762 0.001190 0.000000 0.001190 0.001190 0.001190 0.001190 0.001190 0.001190 0.005952 0.003571 0.000000 0.000000 0.001190 0.001190 0.002381 0.001190 0.002381 0.034524 0.025000 0.019048 0.000000 0.001190
1.000000 1.000000 1.000000 1.000000 1.000000 1.000000 1.000000 1.000000 1.000000 1.000000 1.000000 0.028571 0.015476 0.005952 0.009524 0.029762 0.040476 0.028571 0.020238 0.017857 0.013095 0.016667 0.015476 0.021429 0.014286 0.017857 0.027381 0.020238 0.060714 0.046429 0.022619 0.020238 0.017857 0.010714 0.010714 0.019048 0.013095 0.009524 0.007143 0.007143 0.002381 0.001190 0.001190 0.001190 0.000000 0.001190 0.001190 0.001190 0.016667 0.016667 0.019048 0.055952 0.044048 0.021429 0.013095 0.011905 0.000000 0.000000 0.000000 0.026190 0.027381 0.004762 0.004762
1.000000 1.000000 1.000000 1.000000 1.000000 1.000000 1.000000 1.000000 1.000000 1.000000 1.000000 0.028571 0.013095 0.005952 0.008333 0.028571 0.041667 0.040476 0.034524 0.032143 0.013095 0.015476 0.014286 0.017857 0.014286 0.021429 0.030952 0.021429 0.058333 0.015476 0.020238 0.017857 0.021429 0.011905 0.013095 0.017857 0.020238 0.023810 0.007143 0.004762 0.002381 0.002381 0.000000 0.000000 0.001190 0.002381 0.002381 0.001190 0.017857 0.016667 0.015476 0.053571 0.048810 0.044048 0.023810 0.015476 0.000000 0.001190 0.002381 0.002381 0.003571 0.003571 0.002381
1.000000 1.000000 1.000000 1.000000 1.000000 1.000000 1.000000 1.000000 1.000000 1.000000 1.000000 0.028571 0.011905 0.005952 0.009524 0.033333 0.028571 0.016667 0.016667 0.021429 0.021429 0.021429 0.016667 0.017857 0.020238 0.072619 0.028571 0.025000 0.045238 0.010714 0.020238 0.014286 0.022619 0.003571 0.002381 0.016667 0.017857 0.020238 0.003571 0.003571 0.002381 0.002381 0.002381 0.000000 0.001190 0.034524 0.038095 0.036905 0.061905 0.060714 0.005952 0.005952 0.005952 0.000000 0.030952 0.035714 0.003571 0.003571 0.003571 0.002381 0.002381 0.003571 0.004762
0.000000 1.000000 1.000000 1.000000 1.000000 1.000000 1.000000 1.000000 1.000000 1.000000 0.028571 0.014286 0.008333 0.013095 0.019048 0.029762 0.023810 0.027381 0.026190 0.030952 0.028571 0.022619 0.025000 0.020238 0.022619 0.069048 0.023810 0.021429 0.015476 0.004762 0.000000 0.002381 0.003571 0.004762 0.002381 0.002381 0.001190 0.022619 0.009524 0.011905 0.001190 0.000000 0.000000 0.000000 0.001190 0.033333 0.035714 0.034524 0.059524 0.050000 0.001190 0.002381 0.000000 0.001190 0.002381 0.003571 0.003571 0.003571 0.003571 0.003571 0.026190 0.019048 0.016667
0.000000 1.000000 1.000000 1.000000 1.000000 1.000000 1.000000 1.000000 1.000000 1.000000 0.075000 0.069048 0.025000 0.028571 0.023810 0.029762 0.028571 0.020238 0.019048 0.016667 0.016667 0.020238 0.023810 0.032143 0.023810 0.052381 0.022619 0.014286 0.016667 0.011905 0.002381 0.000000 0.000000 0.004762 0.004762 0.002381 0.000000 0.001190 0.000000 0.001190 0.001190 0.001190 0.000000 0.026190 0.029762 0.002381 0.000000 0.038095 0.060714 0.051190 0.001190 0.001190 0.003571 0.001190 0.000000 0.002381 0.003571 0.003571 0.001190 0.002381 0.025000 0.015476 0.008333
0.000000 0.000000 0.000000 1.000000 1.000000 1.000000 1.000000 1.000000 0.028571 0.021429 0.066667 0.083333 0.011905 0.011905 0.014286 0.019048 0.017857 0.016667 0.014286 0.014286 0.021429 0.021429 0.020238 0.013095 0.013095 0.015476 0.015476 0.017857 0.009524 0.005952 0.003571 0.003571 0.003571 0.004762 0.004762 0.001190 0.001190 0.001190 0.000000 0.001190 0.000000 0.000000 0.000000 0.026190 0.033333 0.003571 0.003571 0.003571 0.004762 0.002381 0.001190 0.000000 0.001190 0.001190 0.002381 0.001190 0.001190 0.000000 0.002381 0.003571 0.026190 0.016667 0.016667
0.000000 0.000000 0.000000 0.002381 0.008333 0.005952 0.019048 0.019048 0.017857 0.014286 0.013095 0.009524 0.010714 0.007143 0.005952 0.008333 0.007143 0.013095 0.011905 0.013095 0.015476 0.020238 0.015476 0.015476 0.017857 0.019048 0.016667 0.016667 0.016667 0.014286 0.005952 0.007143 0.007143 0.003571 0.001190 0.001190 0.002381 0.000000 0.001190 0.000000 0.001190 0.001190 0.000000 0.038095 0.035714 0.002381 0.005952 0.004762 0.004762 0.002381 0.003571 0.003571 0.002381 0.002381 0.003571 0.001190 0.000000 0.000000 0.003571 0.004762 0.004762 0.003571 0.001190
0.000000 0.000000 0.000000 0.001190 0.000000 0.003571 0.004762 0.007143 0.010714 0.011905 0.014286 0.011905 0.009524 0.007143 0.009524 0.009524 0.010714 0.008333 0.010714 0.008333 0.027381 0.023810 0.016667 0.014286 0.016667 0.019048 0.014286 0.011905 0.014286 0.013095 0.010714 0.004762 0.002381 0.001190 0.003571 0.001190 0.001190 0.001190 0.000000 0.001190 0.000000 0.003571 0.002381 0.000000 0.003571 0.000000 0.000000 0.003571 0.003571 0.003571 0.002381 0.004762 0.003571 0.003571 0.004762 0.002381 0.001190 0.000000 0.001190 0.000000 0.001190 0.004762 0.001190
0.000000 0.000000 0.000000 0.001190 0.000000 0.000000 0.000000 0.007143 0.008333 0.007143 0.007143 0.009524 0.009524 0.005952 0.001190 0.001190 0.005952 0.008333 0.007143 0.008333 0.010714 0.007143 0.010714 0.013095 0.010714 0.010714 0.011905 0.011905 0.007143 0.009524 0.008333 0.003571 0.002381 0.002381 0.001190 0.002381 0.000000 0.001190 0.000000 0.000000 0.002381 0.001190 0.002381 0.004762 0.004762 0.000000 0.002381 0.004762 0.000000 0.003571 0.003571 0.005952 0.003571 0.003571 0.005952 0.004762 0.005952 0.003571 0.000000 0.000000 0.000000 0.004762 0.004762
0.000000 0.000000 0.000000 0.001190 0.000000 0.000000 0.000000 0.000000 0.000000 0.001190 0.002381 0.003571 0.003571 0.004762 0.005952 0.003571 0.002381 0.004762 0.008333 0.002381 0.009524 0.007143 0.001190 0.000000 0.002381 0.007143 0.005952 0.004762 0.004762 0.004762 0.004762 0.002381 0.001190 0.001190 0.001190 0.000000 0.001190 0.002381 0.002381 0.001190 0.004762 0.004762 0.003571 0.003571 0.002381 0.042857 0.039286 0.003571 0.003571 0.004762 0.004762 0.001190 0.002381 0.001190 0.002381 0.002381 0.001190 0.000000 0.001190 0.002381 0.002381 0.000000 0.000000
0.000000 0.000000 0.000000 0.000000 0.001190 0.000000 0.000000 0.000000 0.000000 0.000000 0.000000 0.002381 0.002381 0.004762 0.004762 0.003571 0.005952 0.004762 0.004762 0.007143 0.009524 0.004762 0.002381 0.000000 0.003571 0.004762 0.003571 0.002381 0.002381 0.002381 0.001190 0.001190 0.001190 0.001190 0.000000 0.000000 0.002381 0.004762 0.003571 0.003571 0.003571 0.004762 0.003571 0.002381 0.003571 0.044048 0.039286 0.000000 0.002381 0.000000 0.001190 0.000000 0.002381 0.000000 0.000000 0.022619 0.017857 0.000000 0.001190 0.000000 0.000000 0.000000 0.000000
0.000000 0.000000 0.000000 0.000000 0.000000 0.000000 0.000000 0.000000 0.000000 0.000000 0.000000 0.000000 0.007143 0.008333 0.000000 0.000000 0.000000 0.000000 0.001190 0.001190 0.002381 0.002381 0.002381 0.002381 0.001190 0.003571 0.001190 0.001190 0.000000 0.001190 0.001190 0.001190 0.004762 0.000000 0.003571 0.005952 0.001190 0.001190 0.001190 0.001190 0.001190 0.005952 0.004762 0.003571 0.003571 0.041667 0.034524 0.000000 0.000000 0.001190 0.001190 0.000000 0.000000 0.000000 0.000000 0.017857 0.009524 0.000000 0.000000 0.000000 0.000000 0.000000 0.000000
0.000000 0.000000 0.000000 0.000000 0.000000 0.000000 0.001190 0.001190 0.000000 0.000000 0.000000 0.000000 0.005952 0.009524 0.000000 0.000000 0.000000 0.000000 0.000000 0.000000 0.000000 0.000000 0.000000 0.000000 0.000000 0.000000 0.000000 0.000000 0.001190 0.001190 0.001190 0.002381 0.001190 0.001190 0.000000 0.000000 0.002381 0.004762 0.003571 0.003571 0.003571 0.004762 0.003571 0.003571 0.002381 0.005952 0.004762 0.028571 0.026190 0.023810 0.002381 0.001190 0.000000 0.000000 0.000000 0.019048 0.011905 0.000000 0.000000 0.000000 0.000000 0.000000 0.000000
0.000000 0.000000 0.000000 0.000000 0.000000 0.000000 0.000000 0.000000 0.001190 0.001190 0.001190 0.001190 0.005952 0.004762 0.001190 0.000000 0.000000 0.000000 0.001190 0.001190 0.000000 0.000000 0.000000 0.000000 0.000000 0.000000 0.001190 0.000000 0.001190 0.000000 0.000000 0.000000 0.030952 0.035714 0.036905 0.004762 0.004762 0.002381 0.001190 0.001190 0.003571 0.003571 0.004762 0.002381 0.002381 0.001190 0.001190 0.028571 0.019048 0.000000 0.000000 0.000000 0.000000 0.000000 0.001190 0.001190 0.001190 0.000000 0.000000 0.000000 0.000000 0.000000 0.000000
0.000000 0.000000 0.000000 0.000000 0.000000 0.000000 0.000000 0.000000 0.000000 0.000000 0.000000 0.000000 0.000000 0.000000 0.000000 0.000000 0.001190 0.001190 0.001190 0.001190 0.001190 0.001190 0.001190 0.000000 0.000000 0.000000 0.000000 0.000000 0.000000 0.002381 0.001190 0.002381 0.029762 0.025000 0.011905 0.016667 0.022619 0.003571 0.002381 0.003571 0.000000 0.000000 0.000000 0.002381 0.001190 0.000000 0.000000 0.020238 0.015476 0.000000 0.000000 0.000000 0.000000 0.000000 0.000000 0.000000 0.000000 0.000000 0.000000 0.000000 0.000000 0.000000 0.000000
0.000000 0.000000 0.000000 0.000000 0.000000 0.000000 0.000000 0.000000 0.000000 0.000000 0.000000 0.000000 0.000000 0.000000 0.000000 0.000000 0.000000 0.000000 0.000000 0.000000 0.000000 0.000000 0.000000 0.001190 0.001190 0.001190 0.001190 0.001190 0.002381 0.001190 0.001190 0.001190 0.023810 0.016667 0.014286 0.011905 0.011905 0.000000 0.002381 0.000000 0.001190 0.000000 0.000000 0.000000 0.001190 0.000000 0.001190 0.001190 0.000000 0.000000 0.001190 0.000000 0.010714 0.009524 0.028571 0.030952 0.030952 0.000000 0.000000 0.000000 0.000000 0.000000 0.000000
0.000000 0.000000 0.000000 0.000000 0.000000 0.000000 0.000000 0.000000 0.000000 0.000000 0.000000 0.000000 0.000000 0.000000 0.000000 0.000000 0.000000 0.000000 0.000000 0.000000 0.000000 0.000000 0.000000 0.000000 0.000000 0.000000 0.000000 0.000000 0.000000 0.002381 0.001190 0.001190 0.001190 0.001190 0.000000 0.001190 0.000000 0.000000 0.001190 0.000000 0.001190 0.000000 0.000000 0.000000 0.000000 0.000000 0.000000 0.000000 0.000000 0.000000 0.000000 0.000000 0.010714 0.008333 0.027381 0.019048 0.025000 0.000000 0.000000 0.000000 0.000000 0.000000 0.000000
0.000000 0.000000 0.000000 0.000000 0.000000 0.000000 0.000000 0.000000 0.000000 0.000000 0.000000 0.000000 0.000000 0.000000 0.000000 0.000000 0.000000 0.000000 0.000000 0.001190 0.001190 0.000000 0.000000 0.000000 0.000000 0.000000 0.000000 0.000000 0.000000 0.000000 0.000000 0.000000 0.000000 0.000000 0.000000 0.000000 0.001190 0.001190 0.000000 0.001190 0.002381 0.000000 0.000000 0.000000 0.000000 0.000000 0.000000 0.000000 0.000000 0.000000 0.000000 0.000000 0.007143 0.004762 0.021429 0.010714 0.009524 0.000000 0.000000 0.000000 0.000000 0.000000 0.000000
0.000000 0.000000 0.000000 0.000000 0.000000 0.000000 0.000000 0.000000 0.000000 0.000000 0.000000 0.000000 0.000000 0.000000 0.000000 0.000000 0.000000 0.000000 0.000000 0.000000 0.000000 0.000000 0.000000 0.000000 0.000000 0.000000 0.000000 0.000000 0.000000 0.001190 0.000000 0.000000 0.000000 0.000000 0.000000 0.000000 0.000000 0.000000 0.000000 0.000000 0.001190 0.001190 0.000000 0.000000 0.000000 0.000000 0.000000 0.000000 0.000000 0.000000 0.000000 0.000000 0.026190 0.025000 0.000000 0.000000 0.000000 0.002381 0.001190 0.000000 0.000000 0.000000 0.000000
0.000000 0.000000 0.000000 0.000000 0.000000 0.000000 0.000000 0.000000 0.000000 0.000000 0.000000 0.000000 0.000000 0.000000 0.000000 0.000000 0.000000 0.000000 0.000000 0.000000 0.000000 0.000000 0.000000 0.000000 0.000000 0.000000 0.000000 0.000000 0.000000 0.000000 0.000000 0.000000 0.000000 0.000000 0.000000 0.000000 0.000000 0.000000 0.000000 0.000000 0.000000 0.000000 0.000000 0.000000 0.000000 0.000000 0.000000 0.000000 0.000000 0.000000 0.000000 0.023810 0.023810 0.015476 0.000000 0.000000 0.000000 0.000000 0.001190 0.000000 0.000000 0.000000 0.000000
0.000000 0.000000 0.000000 0.000000 0.000000 0.000000 0.000000 0.000000 0.000000 0.000000 0.000000 0.000000 0.000000 0.000000 0.000000 0.000000 0.000000 0.000000 0.000000 0.000000 0.000000 0.000000 0.000000 0.000000 0.000000 0.000000 0.001190 0.000000 0.000000 0.000000 0.001190 0.000000 0.000000 0.000000 0.000000 0.000000 0.000000 0.000000 0.000000 0.000000 0.000000 0.000000 0.000000 0.000000 0.000000 0.000000 0.001190 0.000000 0.000000 0.000000 0.000000 0.026190 0.017857 0.008333 0.000000 0.000000 0.000000 0.000000 0.001190 0.001190 0.000000 0.000000 0.000000
0.000000 0.000000 0.000000 0.000000 0.000000 0.000000 0.000000 0.000000 0.000000 0.000000 0.000000 0.000000 0.000000 0.000000 0.000000 0.000000 0.000000 0.000000 0.000000 0.000000 0.000000 0.000000 0.000000 0.000000 0.000000 0.000000 0.000000 0.000000 0.000000 0.000000 0.000000 0.000000 0.000000 0.000000 0.000000 0.000000 0.000000 0.000000 0.000000 0.008333 0.000000 0.000000 0.000000 0.000000 0.000000 0.000000 0.001190 0.000000 0.000000 0.000000 0.000000 0.026190 0.020238 0.008333 0.000000 0.000000 0.000000 0.000000 0.000000 0.002381 0.003571 0.001190 0.001190
0.000000 0.000000 0.000000 0.000000 0.000000 0.000000 0.000000 0.000000 0.000000 0.000000 0.000000 0.000000 0.000000 0.000000 0.000000 0.000000 0.000000 0.000000 0.000000 0.000000 0.000000 0.000000 0.000000 0.000000 0.000000 0.000000 0.000000 0.000000 0.000000 0.000000 0.001190 0.000000 0.000000 0.000000 0.000000 0.000000 0.000000 0.000000 0.009524 0.009524 0.008333 0.000000 0.000000 0.000000 0.000000 0.000000 0.008333 0.005952 0.005952 0.002381 0.003571 0.022619 0.021429 0.009524 0.000000 0.000000 0.001190 0.000000 0.000000 0.000000 0.001190 0.000000 0.000000
0.000000 0.000000 0.000000 0.000000 0.000000 0.000000 0.000000 0.000000 0.000000 0.000000 0.000000 0.000000 0.000000 0.000000 0.000000 0.000000 0.000000 0.000000 0.000000 0.000000 0.000000 0.000000 0.000000 0.000000 0.000000 0.000000 0.000000 0.000000 0.000000 0.000000 0.000000 0.001190 0.000000 0.000000 0.000000 0.000000 0.000000 0.000000 0.009524 0.011905 0.010714 0.000000 0.000000 0.000000 0.001190 0.001190 0.007143 0.007143 0.004762 0.003571 0.003571 0.000000 0.000000 0.000000 0.000000 0.000000 0.000000 0.000000 0.000000 0.004762 0.001190 0.000000 0.000000
0.000000 0.000000 0.000000 0.000000 0.000000 0.000000 0.000000 0.000000 0.000000 0.000000 0.000000 0.000000 0.000000 0.000000 0.000000 0.000000 0.000000 0.000000 0.000000 0.000000 0.000000 0.000000 0.000000 0.000000 0.000000 0.000000 0.000000 0.000000 0.000000 0.001190 0.000000 0.000000 0.001190 0.000000 0.000000 0.000000 0.000000 0.000000 0.000000 0.000000 0.000000 0.000000 0.000000 0.000000 0.000000 0.000000 0.007143 0.008333 0.005952 0.002381 0.003571 0.000000 0.000000 0.000000 0.000000 0.000000 0.000000 0.000000 0.000000 0.003571 0.003571 0.000000 0.000000
