FireSTARR/test/output/SLK/SLK057/2018-07-08_1720/intensity_H_190_2018-07-09.asc
ncols         132
nrows         101
xllcorner     565343.378600
yllcorner     5838602.364000
cellsize      100.000000
NODATA_value  0.000000
[rows 0 to 27 of 101, columns 63 to 125 of 132]
0.000000 0.000000 0.000000 0.000000 0.000000 0.000000 0.000000 0.000000 0.000000 0.000000 0.000000 0.000000 0.001190 0.001190 0.001190 0.001190 0.000000 0.000000 0.000000 0.000000 0.000000 0.000000 0.000000 0.000000 0.000000 0.000000 0.000000 0.000000 0.000000 0.000000 0.000000 0.000000 0.000000 0.000000 0.000000 0.000000 0.000000 0.000000 0.000000 0.000000 0.000000 0.000000 0.000000 0.000000 0.000000 0.000000 0.000000 0.000000 0.000000 0.000000 0.000000 0.000000 0.000000 0.000000 0.000000 0.000000 0.000000 0.000000 0.000000 0.000000 0.000000 0.000000 0.000000
0.000000 0.000000 0.000000 0.000000 0.000000 0.000000 0.001190 0.000000 0.001190 0.001190 0.001190 0.001190 0.001190 0.001190 0.001190 0.001190 0.001190 0.000000 0.000000 0.000000 0.000000 0.000000 0.000000 0.000000 0.000000 0.000000 0.000000 0.000000 0.000000 0.000000 0.000000 0.000000 0.000000 0.000000 0.000000 0.000000 0.000000 0.000000 0.000000 0.000000 0.000000 0.000000 0.000000 0.000000 0.000000 0.000000 0.000000 0.000000 0.000000 0.000000 0.000000 0.000000 0.000000 0.000000 0.000000 0.000000 0.000000 0.000000 0.000000 0.000000 0.000000 0.000000 0.000000
0.000000 0.000000 0.000000 0.000000 0.001190 0.001190 0.002381 0.002381 0.003571 0.003571 0.003571 0.004762 0.003571 0.003571 0.003571 0.003571 0.001190 0.001190 0.000000 0.000000 0.000000 0.000000 0.000000 0.000000 0.000000 0.000000 0.000000 0.000000 0.000000 0.000000 0.000000 0.000000 0.000000 0.000000 0.000000 0.000000 0.000000 0.000000 0.000000 0.000000 0.000000 0.000000 0.000000 0.000000 0.000000 0.000000 0.000000 0.000000 0.000000 0.000000 0.000000 0.000000 0.000000 0.000000 0.000000 0.000000 0.000000 0.000000 0.000000 0.000000 0.000000 0.000000 0.000000
0.000000 0.000000 0.001190 0.002381 0.002381 0.002381 0.003571 0.004762 0.004762 0.004762 0.004762 0.004762 0.004762 0.004762 0.004762 0.004762 0.003571 0.001190 0.000000 0.000000 0.001190 0.001190 0.001190 0.001190 0.001190 0.001190 0.000000 0.000000 0.000000 0.000000 0.000000 0.000000 0.000000 0.000000 0.000000 0.000000 0.000000 0.000000 0.000000 0.000000 0.000000 0.000000 0.000000 0.000000 0.000000 0.000000 0.000000 0.000000 0.000000 0.000000 0.000000 0.000000 0.000000 0.000000 0.000000 0.000000 0.000000 0.000000 0.000000 0.000000 0.000000 0.000000 0.000000
0.002381 0.002381 0.002381 0.005952 0.005952 0.007143 0.007143 0.007143 0.007143 0.007143 0.007143 0.004762 0.004762 0.004762 0.004762 0.003571 0.004762 0.004762 0.002381 0.001190 0.002381 0.001190 0.001190 0.001190 0.001190 0.000000 0.000000 0.000000 0.000000 0.000000 0.000000 0.000000 0.000000 0.000000 0.000000 0.000000 0.000000 0.000000 0.000000 0.000000 0.000000 0.000000 0.000000 0.000000 0.000000 0.000000 0.000000 0.000000 0.000000 0.000000 0.000000 0.000000 0.000000 0.000000 0.000000 0.000000 0.000000 0.000000 0.000000 0.000000 0.000000 0.000000 0.000000
0.007143 0.007143 0.005952 0.009524 0.008333 0.008333 0.008333 0.008333 0.007143 0.007143 0.007143 0.007143 0.007143 0.005952 0.005952 0.004762 0.004762 0.004762 0.004762 0.004762 0.004762 0.004762 0.003571 0.001190 0.001190 0.001190 0.000000 0.000000 0.000000 0.000000 0.001190 0.001190 0.001190 0.000000 0.000000 0.000000 0.000000 0.000000 0.000000 0.000000 0.000000 0.000000 0.000000 0.000000 0.000000 0.000000 0.000000 0.000000 0.000000 0.000000 0.000000 0.000000 0.000000 0.000000 0.000000 0.000000 0.000000 0.000000 0.000000 0.000000 0.000000 0.000000 0.000000
0.013095 0.011905 0.010714 0.010714 0.000000 0.000000 0.000000 0.000000 0.000000 0.007143 0.007143 0.007143 0.007143 0.007143 0.007143 0.005952 0.005952 0.005952 0.004762 0.004762 0.004762 0.004762 0.004762 0.003571 0.001190 0.001190 0.001190 0.001190 0.001190 0.001190 0.001190 0.001190 0.001190 0.001190 0.000000 0.000000 0.000000 0.000000 0.000000 0.000000 0.000000 0.000000 0.000000 0.000000 0.000000 0.000000 0.000000 0.000000 0.000000 0.000000 0.000000 0.000000 0.000000 0.000000 0.000000 0.000000 0.000000 0.000000 0.000000 0.000000 0.000000 0.000000 0.000000
0.016667 0.016667 0.016667 0.015476 0.000000 0.000000 0.000000 0.000000 0.000000 0.000000 0.000000 0.000000 0.000000 0.007143 0.007143 0.007143 0.007143 0.005952 0.005952 0.005952 0.005952 0.004762 0.004762 0.003571 0.003571 0.003571 0.003571 0.003571 0.002381 0.002381 0.001190 0.001190 0.000000 0.000000 0.001190 0.001190 0.001190 0.001190 0.000000 0.000000 0.000000 0.000000 0.000000 0.000000 0.000000 0.000000 0.000000 0.000000 0.000000 0.000000 0.000000 0.000000 0.000000 0.000000 0.000000 0.000000 0.000000 0.000000 0.000000 0.000000 0.000000 0.000000 0.000000
0.016667 0.016667 0.017857 0.017857 0.017857 0.017857 0.000000 0.000000 0.000000 0.000000 0.000000 0.000000 0.000000 0.000000 0.000000 0.007143 0.007143 0.007143 0.007143 0.005952 0.004762 0.004762 0.004762 0.004762 0.004762 0.004762 0.004762 0.004762 0.003571 0.003571 0.003571 0.000000 0.001190 0.001190 0.001190 0.001190 0.001190 0.001190 0.001190 0.001190 0.001190 0.000000 0.000000 0.000000 0.000000 0.000000 0.000000 0.000000 0.000000 0.000000 0.000000 0.000000 0.000000 0.000000 0.000000 0.000000 0.000000 0.000000 0.000000 0.000000 0.000000 0.000000 0.000000
0.017857 0.014286 0.014286 0.015476 0.017857 0.017857 0.000000 0.000000 0.003571 0.005952 0.008333 0.007143 0.000000 0.000000 0.002381 0.005952 0.007143 0.007143 0.007143 0.007143 0.005952 0.004762 0.005952 0.005952 0.005952 0.005952 0.005952 0.004762 0.004762 0.004762 0.003571 0.003571 0.003571 0.003571 0.003571 0.002381 0.002381 0.001190 0.000000 0.000000 0.001190 0.001190 0.000000 0.000000 0.000000 0.000000 0.000000 0.000000 0.000000 0.000000 0.000000 0.000000 0.000000 0.000000 0.000000 0.000000 0.000000 0.000000 0.000000 0.000000 0.000000 0.000000 0.000000
0.011905 0.014286 0.015476 0.014286 0.014286 0.019048 0.017857 0.000000 0.009524 0.010714 0.010714 0.009524 0.000000 0.000000 0.000000 0.004762 0.007143 0.007143 0.007143 0.007143 0.007143 0.007143 0.007143 0.007143 0.005952 0.005952 0.005952 0.007143 0.007143 0.007143 0.000000 0.004762 0.004762 0.004762 0.004762 0.003571 0.003571 0.002381 0.000000 0.000000 0.001190 0.001190 0.001190 0.001190 0.000000 0.000000 0.000000 0.000000 0.000000 0.000000 0.000000 0.000000 0.000000 0.000000 0.000000 0.000000 0.000000 0.000000 0.000000 0.000000 0.000000 0.000000 0.000000
0.023810 0.019048 0.020238 0.020238 0.020238 0.020238 0.019048 0.019048 0.019048 0.019048 0.015476 0.000000 0.000000 0.000000 0.000000 0.000000 0.004762 0.007143 0.007143 0.007143 0.007143 0.007143 0.007143 0.007143 0.007143 0.007143 0.007143 0.007143 0.007143 0.000000 0.007143 0.007143 0.007143 0.007143 0.005952 0.005952 0.004762 0.000000 0.000000 0.000000 0.001190 0.001190 0.001190 0.001190 0.001190 0.001190 0.001190 0.000000 0.000000 0.000000 0.000000 0.000000 0.000000 0.000000 0.000000 0.000000 0.000000 0.000000 0.000000 0.000000 0.000000 0.000000 0.000000
0.033333 0.032143 0.028571 0.025000 0.023810 0.023810 0.022619 0.022619 0.022619 0.022619 0.022619 0.020238 0.000000 0.011905 0.013095 0.000000 0.000000 0.004762 0.007143 0.007143 0.009524 0.009524 0.009524 0.008333 0.008333 0.009524 0.008333 0.000000 0.007143 0.007143 0.007143 0.007143 0.008333 0.008333 0.008333 0.008333 0.007143 0.005952 0.004762 0.004762 0.003571 0.003571 0.002381 0.002381 0.002381 0.002381 0.001190 0.001190 0.001190 0.000000 0.000000 0.000000 0.000000 0.000000 0.000000 0.000000 0.000000 0.000000 0.000000 0.000000 0.000000 0.000000 0.000000
0.029762 0.030952 0.034524 0.032143 0.029762 0.023810 0.023810 0.021429 0.023810 0.022619 0.019048 0.019048 0.020238 0.021429 0.017857 0.016667 0.000000 0.000000 0.009524 0.010714 0.010714 0.010714 0.010714 0.010714 0.000000 0.009524 0.009524 0.009524 0.009524 0.009524 0.008333 0.008333 0.008333 0.008333 0.008333 0.008333 0.008333 0.008333 0.005952 0.005952 0.005952 0.004762 0.003571 0.003571 0.003571 0.002381 0.000000 0.000000 0.000000 0.000000 0.000000 0.000000 0.000000 0.000000 0.000000 0.000000 0.000000 0.000000 0.000000 0.000000 0.000000 0.000000 0.000000
0.008333 0.015476 0.030952 0.032143 0.020238 0.019048 0.017857 0.022619 0.021429 0.021429 0.020238 0.019048 0.019048 0.019048 0.021429 0.021429 0.022619 0.019048 0.017857 0.016667 0.015476 0.014286 0.014286 0.000000 0.010714 0.010714 0.010714 0.009524 0.009524 0.009524 0.003571 0.004762 0.008333 0.008333 0.008333 0.008333 0.008333 0.008333 0.008333 0.007143 0.005952 0.005952 0.005952 0.003571 0.000000 0.000000 0.000000 0.000000 0.000000 0.000000 0.000000 0.000000 0.000000 0.000000 0.000000 0.000000 0.000000 0.000000 0.000000 0.000000 0.000000 0.000000 0.000000
0.000000 0.030952 0.045238 0.044048 0.017857 0.016667 0.019048 0.029762 0.028571 0.028571 0.025000 0.023810 0.025000 0.023810 0.020238 0.023810 0.025000 0.025000 0.023810 0.021429 0.020238 0.017857 0.017857 0.016667 0.016667 0.013095 0.013095 0.011905 0.011905 0.003571 0.002381 0.002381 0.009524 0.009524 0.008333 0.008333 0.008333 0.008333 0.008333 0.008333 0.007143 0.007143 0.003571 0.000000 0.000000 0.000000 0.000000 0.000000 0.000000 0.000000 0.000000 0.000000 0.000000 0.000000 0.000000 0.000000 0.000000 0.000000 0.000000 0.000000 0.000000 0.000000 0.000000
0.057143 0.055952 0.050000 0.050000 0.048810 0.048810 0.042857 0.041667 0.036905 0.034524 0.033333 0.032143 0.033333 0.029762 0.029762 0.030952 0.032143 0.030952 0.026190 0.026190 0.025000 0.000000 0.017857 0.017857 0.017857 0.017857 0.016667 0.014286 0.014286 0.011905 0.011905 0.010714 0.000000 0.000000 0.003571 0.003571 0.008333 0.008333 0.008333 0.008333 0.008333 0.008333 0.004762 0.000000 0.000000 0.000000 0.000000 0.000000 0.000000 0.000000 0.000000 0.000000 0.000000 0.000000 0.000000 0.000000 0.000000 0.000000 0.000000 0.000000 0.000000 0.000000 0.000000
0.064286 0.061905 0.057143 0.054762 0.053571 0.052381 0.048810 0.045238 0.039286 0.038095 0.039286 0.040476 0.036905 0.033333 0.033333 0.032143 0.033333 0.033333 0.000000 0.025000 0.026190 0.025000 0.025000 0.025000 0.021429 0.019048 0.017857 0.017857 0.016667 0.015476 0.015476 0.015476 0.000000 0.000000 0.002381 0.004762 0.005952 0.008333 0.008333 0.008333 0.008333 0.008333 0.000000 0.000000 0.000000 0.000000 0.000000 0.000000 0.000000 0.000000 0.000000 0.000000 0.000000 0.000000 0.000000 0.000000 0.000000 0.000000 0.000000 0.000000 0.000000 0.000000 0.000000
0.004762 0.007143 0.005952 0.047619 0.050000 0.050000 0.048810 0.050000 0.000000 0.000000 0.036905 0.038095 0.041667 0.039286 0.000000 0.000000 0.032143 0.033333 0.033333 0.032143 0.032143 0.030952 0.029762 0.028571 0.026190 0.023810 0.021429 0.002381 0.003571 0.015476 0.015476 0.015476 0.015476 0.015476 0.003571 0.004762 0.004762 0.008333 0.009524 0.008333 0.008333 0.000000 0.000000 0.000000 0.000000 0.000000 0.000000 0.000000 0.000000 0.000000 0.000000 0.000000 0.000000 0.000000 0.000000 0.000000 0.000000 0.000000 0.000000 0.000000 0.000000 0.000000 0.000000
0.005952 0.005952 0.007143 0.005952 0.051190 0.052381 0.052381 0.052381 0.000000 0.015476 0.028571 0.038095 0.040476 0.041667 0.041667 0.038095 0.029762 0.030952 0.032143 0.032143 0.032143 0.033333 0.033333 0.032143 0.030952 0.030952 0.028571 0.002381 0.003571 0.015476 0.015476 0.015476 0.015476 0.015476 0.015476 0.015476 0.015476 0.014286 0.013095 0.000000 0.000000 0.000000 0.000000 0.000000 0.000000 0.000000 0.000000 0.000000 0.000000 0.000000 0.000000 0.000000 0.000000 0.000000 0.000000 0.000000 0.000000 0.000000 0.000000 0.000000 0.000000 0.000000 0.000000
0.004762 0.003571 0.007143 0.014286 0.041667 0.052381 0.052381 0.053571 0.054762 0.050000 0.039286 0.036905 0.038095 0.042857 0.041667 0.044048 0.040476 0.036905 0.034524 0.032143 0.033333 0.034524 0.034524 0.033333 0.033333 0.033333 0.005952 0.005952 0.004762 0.015476 0.015476 0.016667 0.015476 0.015476 0.015476 0.015476 0.015476 0.015476 0.015476 0.000000 0.000000 0.000000 0.000000 0.000000 0.000000 0.000000 0.000000 0.000000 0.000000 0.000000 0.000000 0.000000 0.000000 0.000000 0.000000 0.000000 0.000000 0.000000 0.000000 0.000000 0.000000 0.000000 0.000000
0.108333 0.003571 0.009524 0.011905 0.042857 0.041667 0.007143 0.008333 0.050000 0.053571 0.050000 0.047619 0.046429 0.044048 0.045238 0.044048 0.042857 0.040476 0.039286 0.038095 0.036905 0.034524 0.034524 0.034524 0.034524 0.034524 0.033333 0.033333 0.032143 0.030952 0.026190 0.023810 0.020238 0.019048 0.004762 0.015476 0.015476 0.015476 0.015476 0.000000 0.000000 0.000000 0.000000 0.000000 0.000000 0.000000 0.000000 0.000000 0.000000 0.000000 0.000000 0.000000 0.000000 0.000000 0.000000 0.000000 0.000000 0.000000 0.000000 0.000000 0.000000 0.000000 0.000000
0.114286 0.004762 0.007143 0.010714 0.039286 0.038095 0.015476 0.014286 0.008333 0.040476 0.041667 0.047619 0.048810 0.047619 0.047619 0.046429 0.045238 0.045238 0.044048 0.042857 0.040476 0.039286 0.036905 0.035714 0.035714 0.035714 0.035714 0.035714 0.033333 0.032143 0.032143 0.029762 0.028571 0.027381 0.005952 0.004762 0.015476 0.015476 0.015476 0.000000 0.000000 0.000000 0.000000 0.000000 0.000000 0.000000 0.000000 0.000000 0.000000 0.000000 0.000000 0.000000 0.000000 0.000000 0.000000 0.000000 0.000000 0.000000 0.000000 0.000000 0.000000 0.000000 0.000000
0.113095 0.110714 0.011905 0.032143 0.035714 0.036905 0.014286 0.013095 0.013095 0.035714 0.042857 0.048810 0.052381 0.051190 0.048810 0.048810 0.048810 0.048810 0.047619 0.046429 0.045238 0.042857 0.039286 0.039286 0.013095 0.009524 0.035714 0.035714 0.035714 0.035714 0.033333 0.033333 0.032143 0.030952 0.007143 0.005952 0.015476 0.016667 0.015476 0.000000 0.000000 0.000000 0.000000 0.000000 0.000000 0.000000 0.000000 0.000000 0.000000 0.000000 0.000000 0.000000 0.000000 0.000000 0.000000 0.000000 0.000000 0.000000 0.000000 0.000000 0.000000 0.000000 0.000000
0.096429 0.100000 0.098810 0.058333 0.047619 0.042857 0.014286 0.010714 0.040476 0.040476 0.040476 0.045238 0.048810 0.051190 0.050000 0.048810 0.050000 0.051190 0.051190 0.050000 0.047619 0.045238 0.044048 0.044048 0.014286 0.013095 0.033333 0.035714 0.035714 0.035714 0.034524 0.032143 0.032143 0.030952 0.033333 0.029762 0.028571 0.026190 0.022619 0.000000 0.000000 0.000000 0.000000 0.000000 0.000000 0.000000 0.000000 0.000000 0.000000 0.000000 0.000000 0.000000 0.000000 0.000000 0.000000 0.000000 0.000000 0.000000 0.000000 0.000000 0.000000 0.000000 0.000000
0.083333 0.096429 0.097619 0.064286 0.067857 0.061905 0.011905 0.011905 0.040476 0.042857 0.044048 0.044048 0.047619 0.051190 0.053571 0.051190 0.051190 0.052381 0.053571 0.052381 0.051190 0.047619 0.046429 0.046429 0.015476 0.014286 0.032143 0.033333 0.035714 0.035714 0.034524 0.033333 0.032143 0.033333 0.033333 0.033333 0.028571 0.028571 0.000000 0.000000 0.000000 0.000000 0.000000 0.000000 0.000000 0.000000 0.000000 0.000000 0.000000 0.000000 0.000000 0.000000 0.000000 0.000000 0.000000 0.000000 0.000000 0.000000 0.000000 0.000000 0.000000 0.000000 0.000000
0.002381 0.077381 0.090476 0.016667 0.019048 0.016667 0.058333 0.013095 0.042857 0.044048 0.045238 0.046429 0.046429 0.052381 0.050000 0.052381 0.051190 0.051190 0.052381 0.053571 0.053571 0.051190 0.051190 0.047619 0.045238 0.044048 0.036905 0.034524 0.035714 0.035714 0.035714 0.035714 0.034524 0.034524 0.034524 0.033333 0.033333 0.029762 0.029762 0.027381 0.021429 0.000000 0.000000 0.000000 0.000000 0.000000 0.000000 0.000000 0.000000 0.000000 0.000000 0.000000 0.000000 0.000000 0.000000 0.000000 0.000000 0.000000 0.000000 0.000000 0.000000 0.000000 0.000000
0.004762 0.061905 0.073810 0.017857 0.016667 0.021429 0.054762 0.050000 0.053571 0.048810 0.047619 0.046429 0.047619 0.048810 0.051190 0.051190 0.053571 0.051190 0.051190 0.050000 0.053571 0.052381 0.052381 0.051190 0.047619 0.045238 0.040476 0.041667 0.040476 0.039286 0.035714 0.035714 0.000000 0.035714 0.035714 0.034524 0.034524 0.033333 0.030952 0.029762 0.028571 0.025000 0.019048 0.015476 0.000000 0.000000 0.000000 0.000000 0.000000 0.000000 0.000000 0.000000 0.000000 0.000000 0.000000 0.000000 0.000000 0.000000 0.000000 0.000000 0.000000 0.000000 0.000000
