FireSTARR/test/output/SLK/SLK057/2018-07-08_1720/intensity_L_202_2018-07-21.asc
ncols         512
nrows         590
xllcorner     556343.378600
yllcorner     5818702.364000
cellsize      100.000000
NODATA_value  0.000000
[rows 280 to 307 of 590, columns 126 to 188 of 512]
0.007143 0.003571 0.007143 0.009524 0.003571 0.008333 0.008333 0.007143 0.007143 0.008333 0.011905 0.013095 0.010714 0.008333 0.011905 0.013095 0.007143 0.014286 0.015476 0.013095 0.011905 0.013095 0.010714 0.011905 0.005952 0.007143 0.013095 0.007143 0.000000 0.000000 0.000000 0.000000 0.000000 0.000000 0.000000 0.000000 0.000000 0.009524 0.022619 0.019048 0.025000 0.020238 0.000000 0.000000 0.000000 0.000000 0.000000 0.000000 0.000000 0.000000 0.003571 0.004762 0.007143 0.009524 0.003571 0.002381 0.032143 0.034524 0.038095 0.005952 0.004762 0.003571 0.003571
0.005952 0.007143 0.008333 0.011905 0.005952 0.008333 0.003571 0.008333 0.003571 0.005952 0.007143 0.013095 0.010714 0.013095 0.014286 0.016667 0.009524 0.016667 0.017857 0.017857 0.013095 0.011905 0.016667 0.010714 0.009524 0.009524 0.009524 0.011905 0.014286 0.000000 0.000000 0.007143 0.008333 0.008333 0.009524 0.010714 0.013095 0.009524 0.028571 0.025000 0.026190 0.029762 0.000000 0.000000 0.000000 0.000000 0.000000 0.000000 0.000000 0.000000 0.005952 0.007143 0.005952 0.010714 0.008333 0.004762 0.005952 0.007143 0.007143 0.008333 0.005952 0.001190 0.003571
0.004762 0.010714 0.009524 0.010714 0.007143 0.005952 0.005952 0.005952 0.005952 0.004762 0.005952 0.009524 0.010714 0.008333 0.014286 0.016667 0.010714 0.015476 0.015476 0.013095 0.013095 0.016667 0.022619 0.014286 0.013095 0.013095 0.013095 0.013095 0.015476 0.019048 0.009524 0.005952 0.004762 0.004762 0.005952 0.005952 0.004762 0.008333 0.008333 0.007143 0.008333 0.010714 0.011905 0.000000 0.000000 0.000000 0.000000 0.000000 0.000000 0.000000 0.016667 0.016667 0.016667 0.019048 0.008333 0.007143 0.008333 0.008333 0.005952 0.009524 0.007143 0.004762 0.004762
0.005952 0.007143 0.010714 0.011905 0.004762 0.005952 0.003571 0.005952 0.008333 0.003571 0.005952 0.007143 0.009524 0.007143 0.015476 0.014286 0.009524 0.014286 0.020238 0.015476 0.011905 0.019048 0.021429 0.014286 0.010714 0.007143 0.008333 0.008333 0.011905 0.014286 0.009524 0.011905 0.004762 0.003571 0.004762 0.004762 0.004762 0.007143 0.007143 0.005952 0.005952 0.007143 0.007143 0.030952 0.022619 0.000000 0.004762 0.008333 0.011905 0.009524 0.005952 0.003571 0.004762 0.003571 0.008333 0.004762 0.004762 0.007143 0.005952 0.051190 0.011905 0.005952 0.004762
0.008333 0.007143 0.005952 0.007143 0.004762 0.001190 0.002381 0.000000 0.005952 0.004762 0.003571 0.005952 0.009524 0.011905 0.008333 0.000000 0.011905 0.010714 0.020238 0.019048 0.017857 0.021429 0.022619 0.015476 0.010714 0.007143 0.005952 0.007143 0.011905 0.011905 0.007143 0.013095 0.005952 0.020238 0.020238 0.020238 0.020238 0.022619 0.007143 0.007143 0.005952 0.004762 0.007143 0.025000 0.017857 0.015476 0.004762 0.008333 0.011905 0.008333 0.010714 0.005952 0.005952 0.007143 0.007143 0.005952 0.005952 0.005952 0.042857 0.047619 0.038095 0.003571 0.001190
0.008333 0.004762 0.005952 0.008333 0.009524 0.005952 0.000000 0.007143 0.007143 0.008333 0.007143 0.007143 0.007143 0.013095 0.014286 0.014286 0.013095 0.015476 0.017857 0.017857 0.083333 0.080952 0.085714 0.013095 0.011905 0.035714 0.036905 0.019048 0.017857 0.011905 0.010714 0.008333 0.004762 0.013095 0.023810 0.021429 0.023810 0.021429 0.008333 0.009524 0.005952 0.007143 0.005952 0.069048 0.059524 0.046429 0.007143 0.010714 0.009524 0.004762 0.004762 0.015476 0.015476 0.009524 0.005952 0.004762 0.007143 0.004762 0.042857 0.032143 0.036905 0.002381 0.002381
0.005952 0.004762 0.001190 0.014286 0.004762 0.005952 0.005952 0.008333 0.004762 0.008333 0.005952 0.009524 0.004762 0.009524 0.010714 0.011905 0.016667 0.017857 0.016667 0.019048 0.088095 0.084524 0.078571 0.015476 0.011905 0.034524 0.028571 0.000000 0.000000 0.069048 0.005952 0.005952 0.005952 0.004762 0.004762 0.005952 0.005952 0.007143 0.005952 0.010714 0.009524 0.010714 0.009524 0.076190 0.044048 0.036905 0.004762 0.004762 0.008333 0.002381 0.005952 0.011905 0.009524 0.008333 0.008333 0.007143 0.003571 0.005952 0.035714 0.035714 0.030952 0.002381 0.003571
0.009524 0.009524 0.004762 0.025000 0.004762 0.007143 0.007143 0.007143 0.004762 0.004762 0.005952 0.008333 0.011905 0.010714 0.010714 0.009524 0.017857 0.020238 0.011905 0.023810 0.019048 0.084524 0.086905 0.013095 0.020238 0.032143 0.000000 0.000000 0.000000 0.000000 0.008333 0.008333 0.005952 0.005952 0.005952 0.004762 0.002381 0.004762 0.075000 0.071429 0.009524 0.007143 0.007143 0.075000 0.053571 0.044048 0.033333 0.032143 0.003571 0.004762 0.005952 0.009524 0.011905 0.004762 0.005952 0.004762 0.004762 0.008333 0.033333 0.038095 0.045238 0.003571 0.003571
0.008333 0.007143 0.214286 0.177381 0.213095 0.003571 0.007143 0.008333 0.005952 0.008333 0.013095 0.010714 0.010714 0.009524 0.008333 0.010714 0.019048 0.021429 0.011905 0.021429 0.023810 0.023810 0.014286 0.069048 0.085714 0.011905 0.000000 0.000000 0.000000 0.000000 0.004762 0.005952 0.005952 0.002381 0.004762 0.007143 0.002381 0.007143 0.067857 0.065476 0.014286 0.015476 0.010714 0.076190 0.057143 0.040476 0.028571 0.033333 0.036905 0.035714 0.040476 0.046429 0.039286 0.003571 0.003571 0.005952 0.014286 0.014286 0.002381 0.039286 0.041667 0.003571 0.003571
0.004762 0.008333 0.215476 0.129762 0.022619 0.004762 0.005952 0.005952 0.009524 0.008333 0.008333 0.009524 0.011905 0.007143 0.008333 0.011905 0.017857 0.020238 0.017857 0.017857 0.023810 0.019048 0.011905 0.073810 0.084524 0.011905 0.009524 0.007143 0.000000 0.008333 0.005952 0.008333 0.005952 0.003571 0.004762 0.007143 0.007143 0.007143 0.008333 0.009524 0.015476 0.011905 0.009524 0.073810 0.064286 0.060714 0.035714 0.033333 0.033333 0.034524 0.035714 0.039286 0.038095 0.002381 0.003571 0.016667 0.009524 0.008333 0.003571 0.002381 0.002381 0.004762 0.000000
0.009524 0.008333 0.030952 0.226190 0.033333 0.007143 0.005952 0.004762 0.005952 0.007143 0.009524 0.005952 0.008333 0.010714 0.007143 0.013095 0.014286 0.014286 0.019048 0.016667 0.021429 0.017857 0.013095 0.014286 0.009524 0.013095 0.011905 0.010714 0.008333 0.009524 0.010714 0.007143 0.003571 0.003571 0.008333 0.008333 0.008333 0.005952 0.008333 0.010714 0.014286 0.009524 0.013095 0.030952 0.025000 0.066667 0.042857 0.041667 0.005952 0.008333 0.002381 0.004762 0.003571 0.000000 0.004762 0.011905 0.011905 0.014286 0.003571 0.001190 0.002381 0.001190 0.001190
0.007143 0.008333 0.008333 0.008333 0.007143 0.004762 0.005952 0.009524 0.008333 0.005952 0.008333 0.008333 0.009524 0.010714 0.009524 0.013095 0.017857 0.017857 0.022619 0.016667 0.015476 0.010714 0.013095 0.015476 0.011905 0.010714 0.007143 0.011905 0.011905 0.008333 0.010714 0.007143 0.004762 0.005952 0.007143 0.005952 0.008333 0.008333 0.010714 0.010714 0.013095 0.010714 0.013095 0.023810 0.021429 0.066667 0.045238 0.044048 0.010714 0.014286 0.002381 0.001190 0.003571 0.005952 0.009524 0.007143 0.008333 0.004762 0.005952 0.004762 0.003571 0.003571 0.004762
0.010714 0.005952 0.003571 0.009524 0.010714 0.008333 0.003571 0.005952 0.005952 0.007143 0.008333 0.011905 0.000000 0.000000 0.016667 0.000000 0.020238 0.020238 0.015476 0.000000 0.013095 0.010714 0.013095 0.010714 0.010714 0.010714 0.010714 0.010714 0.009524 0.008333 0.010714 0.004762 0.005952 0.004762 0.004762 0.007143 0.009524 0.009524 0.011905 0.013095 0.011905 0.008333 0.008333 0.022619 0.016667 0.065476 0.051190 0.045238 0.016667 0.016667 0.003571 0.001190 0.004762 0.003571 0.004762 0.005952 0.007143 0.007143 0.007143 0.005952 0.004762 0.003571 0.004762
0.008333 0.005952 0.007143 0.009524 0.007143 0.008333 0.001190 0.004762 0.005952 0.008333 0.015476 0.000000 0.009524 0.000000 0.015476 0.019048 0.016667 0.020238 0.016667 0.000000 0.011905 0.011905 0.011905 0.010714 0.010714 0.035714 0.023810 0.030952 0.017857 0.015476 0.005952 0.004762 0.007143 0.007143 0.007143 0.007143 0.009524 0.010714 0.009524 0.010714 0.005952 0.004762 0.025000 0.022619 0.015476 0.064286 0.052381 0.007143 0.008333 0.009524 0.004762 0.005952 0.007143 0.047619 0.045238 0.038095 0.042857 0.040476 0.005952 0.008333 0.005952 0.004762 0.000000
0.009524 0.009524 0.003571 0.005952 0.007143 0.005952 0.004762 0.008333 0.007143 0.005952 0.011905 0.010714 0.011905 0.000000 0.011905 0.013095 0.015476 0.019048 0.011905 0.008333 0.013095 0.010714 0.016667 0.014286 0.013095 0.028571 0.030952 0.021429 0.014286 0.015476 0.007143 0.002381 0.007143 0.003571 0.005952 0.005952 0.009524 0.008333 0.008333 0.008333 0.007143 0.008333 0.019048 0.015476 0.015476 0.067857 0.058333 0.002381 0.007143 0.010714 0.011905 0.004762 0.053571 0.054762 0.035714 0.032143 0.040476 0.011905 0.008333 0.009524 0.042857 0.040476 0.040476
0.009524 0.013095 0.010714 0.007143 0.004762 0.008333 0.004762 0.009524 0.010714 0.011905 0.013095 0.011905 0.013095 0.013095 0.011905 0.013095 0.014286 0.017857 0.017857 0.033333 0.030952 0.036905 0.055952 0.055952 0.058333 0.009524 0.029762 0.019048 0.021429 0.020238 0.009524 0.003571 0.004762 0.002381 0.003571 0.009524 0.008333 0.009524 0.008333 0.009524 0.005952 0.005952 0.008333 0.009524 0.008333 0.008333 0.005952 0.002381 0.005952 0.011905 0.055952 0.050000 0.005952 0.054762 0.050000 0.044048 0.045238 0.010714 0.009524 0.004762 0.040476 0.000000 0.010714
0.010714 0.011905 0.015476 0.008333 0.005952 0.005952 0.000000 0.000000 0.008333 0.011905 0.013095 0.015476 0.009524 0.011905 0.009524 0.010714 0.010714 0.010714 0.008333 0.034524 0.034524 0.026190 0.058333 0.058333 0.014286 0.014286 0.011905 0.013095 0.014286 0.010714 0.011905 0.000000 0.000000 0.000000 0.000000 0.000000 0.007143 0.011905 0.010714 0.008333 0.008333 0.004762 0.008333 0.007143 0.014286 0.010714 0.009524 0.003571 0.005952 0.010714 0.053571 0.048810 0.011905 0.007143 0.007143 0.002381 0.004762 0.009524 0.004762 0.008333 0.004762 0.010714 0.009524
0.010714 0.010714 0.009524 0.005952 0.003571 0.008333 0.007143 0.008333 0.014286 0.009524 0.010714 0.011905 0.016667 0.007143 0.013095 0.011905 0.009524 0.007143 0.009524 0.004762 0.039286 0.032143 0.071429 0.061905 0.013095 0.010714 0.013095 0.014286 0.013095 0.009524 0.010714 0.000000 0.000000 0.000000 0.000000 0.000000 0.000000 0.000000 0.000000 0.000000 0.009524 0.009524 0.010714 0.007143 0.009524 0.005952 0.007143 0.004762 0.003571 0.004762 0.061905 0.064286 0.009524 0.007143 0.004762 0.008333 0.005952 0.008333 0.004762 0.000000 0.000000 0.010714 0.010714
0.009524 0.004762 0.007143 0.005952 0.004762 0.009524 0.009524 0.011905 0.011905 0.011905 0.014286 0.010714 0.014286 0.010714 0.014286 0.014286 0.009524 0.008333 0.005952 0.010714 0.011905 0.013095 0.014286 0.016667 0.105952 0.096429 0.095238 0.009524 0.010714 0.009524 0.011905 0.008333 0.004762 0.000000 0.000000 0.000000 0.000000 0.000000 0.000000 0.000000 0.000000 0.000000 0.007143 0.008333 0.008333 0.003571 0.007143 0.014286 0.013095 0.017857 0.007143 0.005952 0.005952 0.005952 0.005952 0.008333 0.005952 0.007143 0.000000 0.004762 0.005952 0.010714 0.009524
0.009524 0.004762 0.007143 0.005952 0.007143 0.003571 0.008333 0.010714 0.013095 0.100000 0.108333 0.103571 0.011905 0.009524 0.010714 0.011905 0.011905 0.010714 0.007143 0.008333 0.011905 0.010714 0.014286 0.011905 0.102381 0.103571 0.083333 0.010714 0.014286 0.013095 0.010714 0.011905 0.010714 0.000000 0.000000 0.005952 0.007143 0.003571 0.003571 0.000000 0.000000 0.002381 0.005952 0.007143 0.004762 0.003571 0.003571 0.017857 0.017857 0.002381 0.004762 0.005952 0.004762 0.002381 0.004762 0.004762 0.008333 0.008333 0.004762 0.003571 0.002381 0.004762 0.007143
0.013095 0.007143 0.007143 0.008333 0.004762 0.005952 0.009524 0.011905 0.010714 0.100000 0.098810 0.007143 0.008333 0.005952 0.009524 0.015476 0.011905 0.010714 0.014286 0.013095 0.017857 0.015476 0.013095 0.013095 0.009524 0.098810 0.091667 0.016667 0.016667 0.014286 0.011905 0.013095 0.007143 0.007143 0.000000 0.004762 0.003571 0.002381 0.003571 0.000000 0.000000 0.000000 0.002381 0.002381 0.003571 0.000000 0.003571 0.007143 0.004762 0.004762 0.001190 0.002381 0.003571 0.008333 0.007143 0.004762 0.003571 0.000000 0.008333 0.004762 0.005952 0.005952 0.005952
0.013095 0.007143 0.007143 0.010714 0.002381 0.009524 0.114286 0.115476 0.111905 0.109524 0.103571 0.010714 0.011905 0.020238 0.014286 0.009524 0.019048 0.017857 0.015476 0.016667 0.014286 0.000000 0.000000 0.000000 0.015476 0.011905 0.010714 0.017857 0.010714 0.011905 0.007143 0.010714 0.007143 0.009524 0.009524 0.007143 0.004762 0.005952 0.000000 0.000000 0.000000 0.000000 0.000000 0.003571 0.005952 0.005952 0.007143 0.005952 0.007143 0.004762 0.001190 0.002381 0.008333 0.007143 0.008333 0.007143 0.000000 0.005952 0.010714 0.013095 0.010714 0.011905 0.008333
0.013095 0.007143 0.004762 0.011905 0.010714 0.010714 0.130952 0.098810 0.108333 0.003571 0.004762 0.010714 0.011905 0.008333 0.013095 0.015476 0.013095 0.013095 0.011905 0.010714 0.013095 0.000000 0.000000 0.000000 0.010714 0.011905 0.013095 0.016667 0.008333 0.011905 0.013095 0.013095 0.013095 0.008333 0.013095 0.009524 0.004762 0.005952 0.003571 0.000000 0.008333 0.005952 0.000000 0.000000 0.007143 0.008333 0.007143 0.009524 0.004762 0.002381 0.003571 0.007143 0.004762 0.007143 0.000000 0.007143 0.008333 0.008333 0.008333 0.008333 0.008333 0.009524 0.010714
0.033333 0.011905 0.009524 0.013095 0.005952 0.010714 0.139286 0.136905 0.138095 0.004762 0.007143 0.008333 0.010714 0.008333 0.010714 0.009524 0.015476 0.011905 0.015476 0.009524 0.009524 0.008333 0.000000 0.000000 0.054762 0.069048 0.015476 0.019048 0.025000 0.014286 0.008333 0.009524 0.011905 0.014286 0.013095 0.008333 0.014286 0.010714 0.007143 0.007143 0.008333 0.007143 0.005952 0.000000 0.000000 0.004762 0.005952 0.008333 0.003571 0.004762 0.005952 0.000000 0.005952 0.008333 0.010714 0.010714 0.009524 0.009524 0.009524 0.009524 0.011905 0.014286 0.009524
0.038095 0.013095 0.008333 0.015476 0.004762 0.007143 0.009524 0.010714 0.008333 0.148810 0.144048 0.009524 0.011905 0.009524 0.008333 0.011905 0.013095 0.011905 0.015476 0.011905 0.010714 0.008333 0.007143 0.000000 0.100000 0.103571 0.148810 0.010714 0.021429 0.019048 0.011905 0.035714 0.027381 0.025000 0.008333 0.005952 0.014286 0.008333 0.008333 0.008333 0.009524 0.007143 0.005952 0.005952 0.004762 0.005952 0.007143 0.005952 0.004762 0.007143 0.000000 0.003571 0.004762 0.005952 0.008333 0.009524 0.011905 0.060714 0.060714 0.010714 0.011905 0.011905 0.008333
0.033333 0.013095 0.010714 0.011905 0.011905 0.013095 0.005952 0.008333 0.163095 0.158333 0.128571 0.013095 0.010714 0.009524 0.010714 0.014286 0.010714 0.008333 0.016667 0.011905 0.007143 0.007143 0.010714 0.014286 0.009524 0.100000 0.221429 0.222619 0.027381 0.013095 0.014286 0.029762 0.032143 0.030952 0.011905 0.013095 0.011905 0.008333 0.007143 0.007143 0.009524 0.004762 0.005952 0.004762 0.005952 0.009524 0.008333 0.004762 0.002381 0.003571 0.002381 0.005952 0.008333 0.008333 0.010714 0.015476 0.066667 0.065476 0.060714 0.007143 0.013095 0.007143 0.008333
0.009524 0.010714 0.013095 0.015476 0.010714 0.014286 0.011905 0.013095 0.166667 0.000000 0.000000 0.011905 0.011905 0.008333 0.009524 0.011905 0.009524 0.004762 0.005952 0.008333 0.005952 0.009524 0.008333 0.009524 0.010714 0.013095 0.011905 0.013095 0.017857 0.015476 0.017857 0.011905 0.008333 0.007143 0.008333 0.009524 0.011905 0.004762 0.008333 0.005952 0.007143 0.004762 0.005952 0.008333 0.009524 0.008333 0.008333 0.004762 0.000000 0.007143 0.003571 0.010714 0.010714 0.013095 0.011905 0.013095 0.011905 0.009524 0.009524 0.000000 0.000000 0.052381 0.053571
0.013095 0.017857 0.017857 0.011905 0.011905 0.013095 0.013095 0.015476 0.000000 0.000000 0.000000 0.047619 0.077381 0.010714 0.005952 0.009524 0.009524 0.008333 0.008333 0.008333 0.007143 0.009524 0.010714 0.007143 0.010714 0.009524 0.010714 0.019048 0.015476 0.015476 0.015476 0.013095 0.005952 0.005952 0.011905 0.013095 0.013095 0.005952 0.008333 0.004762 0.007143 0.007143 0.005952 0.007143 0.007143 0.000000 0.007143 0.005952 0.005952 0.004762 0.008333 0.010714 0.007143 0.011905 0.013095 0.010714 0.013095 0.010714 0.008333 0.000000 0.000000 0.053571 0.048810
