FireSTARR/test/output/SLK/SLK057/2018-07-08_1720/intensity_H_191_2018-07-10.asc
ncols         187
nrows         141
xllcorner     565343.378600
yllcorner     5835002.364000
cellsize      100.000000
NODATA_value  0.000000
[rows 28 to 55 of 141, columns 63 to 125 of 187]
0.141667 0.144048 0.141667 0.097619 0.101190 0.102381 0.063095 0.060714 0.102381 0.104762 0.103571 0.103571 0.107143 0.110714 0.109524 0.108333 0.107143 0.108333 0.108333 0.107143 0.101190 0.097619 0.096429 0.094048 0.042857 0.041667 0.071429 0.075000 0.076190 0.077381 0.075000 0.070238 0.067857 0.067857 0.069048 0.065476 0.064286 0.064286 0.061905 0.000000 0.000000 0.000000 0.000000 0.000000 0.000000 0.000000 0.000000 0.000000 0.000000 0.000000 0.000000 0.000000 0.000000 0.000000 0.000000 0.000000 0.001190 0.001190 0.002381 0.002381 0.002381 0.002381 0.002381
0.142857 0.151190 0.150000 0.110714 0.119048 0.114286 0.053571 0.060714 0.108333 0.110714 0.109524 0.108333 0.108333 0.114286 0.115476 0.113095 0.114286 0.111905 0.113095 0.111905 0.111905 0.108333 0.105952 0.102381 0.050000 0.050000 0.084524 0.083333 0.083333 0.080952 0.077381 0.076190 0.072619 0.073810 0.073810 0.073810 0.067857 0.063095 0.000000 0.000000 0.000000 0.000000 0.000000 0.000000 0.000000 0.000000 0.000000 0.000000 0.000000 0.000000 0.000000 0.000000 0.000000 0.000000 0.000000 0.000000 0.000000 0.000000 0.001190 0.002381 0.001190 0.002381 0.002381
0.013095 0.144048 0.148810 0.063095 0.064286 0.058333 0.120238 0.060714 0.109524 0.111905 0.113095 0.114286 0.114286 0.117857 0.114286 0.117857 0.115476 0.115476 0.116667 0.116667 0.116667 0.115476 0.114286 0.110714 0.108333 0.104762 0.097619 0.092857 0.091667 0.088095 0.083333 0.080952 0.078571 0.079762 0.076190 0.075000 0.075000 0.070238 0.071429 0.067857 0.061905 0.000000 0.000000 0.000000 0.000000 0.000000 0.000000 0.000000 0.000000 0.000000 0.000000 0.000000 0.000000 0.000000 0.000000 0.000000 0.000000 0.000000 0.000000 0.001190 0.001190 0.001190 0.001190
0.023810 0.135714 0.144048 0.064286 0.070238 0.070238 0.120238 0.119048 0.123810 0.120238 0.123810 0.123810 0.121429 0.121429 0.125000 0.123810 0.123810 0.119048 0.119048 0.119048 0.116667 0.116667 0.116667 0.116667 0.113095 0.107143 0.103571 0.105952 0.103571 0.098810 0.095238 0.089286 0.000000 0.080952 0.079762 0.078571 0.077381 0.076190 0.071429 0.069048 0.067857 0.066667 0.055952 0.051190 0.000000 0.000000 0.000000 0.000000 0.000000 0.001190 0.000000 0.000000 0.000000 0.000000 0.000000 0.000000 0.000000 0.000000 0.000000 0.001190 0.001190 0.001190 0.001190
0.076190 0.115476 0.144048 0.077381 0.073810 0.071429 0.126190 0.128571 0.000000 0.126190 0.125000 0.126190 0.130952 0.130952 0.129762 0.128571 0.127381 0.125000 0.123810 0.122619 0.123810 0.122619 0.119048 0.104762 0.101190 0.098810 0.092857 0.094048 0.104762 0.100000 0.100000 0.097619 0.090476 0.089286 0.089286 0.083333 0.083333 0.080952 0.077381 0.075000 0.071429 0.070238 0.067857 0.000000 0.000000 0.000000 0.001190 0.000000 0.000000 0.001190 0.000000 0.000000 0.000000 0.000000 0.000000 0.000000 0.000000 0.000000 0.000000 0.000000 0.001190 0.001190 0.001190
0.076190 0.072619 0.076190 0.139286 0.140476 0.139286 0.140476 0.139286 0.139286 0.000000 0.127381 0.128571 0.128571 0.130952 0.133333 0.130952 0.129762 0.128571 0.129762 0.130952 0.126190 0.125000 0.128571 0.105952 0.098810 0.098810 0.089286 0.086905 0.102381 0.104762 0.103571 0.101190 0.097619 0.098810 0.096429 0.094048 0.091667 0.089286 0.086905 0.083333 0.079762 0.076190 0.072619 0.000000 0.000000 0.000000 0.000000 0.000000 0.000000 0.001190 0.001190 0.001190 0.001190 0.000000 0.000000 0.000000 0.000000 0.000000 0.000000 0.000000 0.001190 0.001190 0.001190
0.076190 0.076190 0.075000 0.138095 0.145238 0.147619 0.147619 0.145238 0.144048 0.145238 0.147619 0.142857 0.138095 0.134524 0.135714 0.135714 0.134524 0.134524 0.133333 0.134524 0.133333 0.130952 0.126190 0.107143 0.103571 0.097619 0.095238 0.092857 0.104762 0.103571 0.105952 0.104762 0.103571 0.000000 0.000000 0.000000 0.091667 0.092857 0.092857 0.086905 0.085714 0.009524 0.010714 0.009524 0.009524 0.004762 0.001190 0.001190 0.005952 0.005952 0.001190 0.001190 0.001190 0.000000 0.000000 0.000000 0.000000 0.000000 0.003571 0.003571 0.003571 0.000000 0.000000
0.133333 0.130952 0.130952 0.139286 0.152381 0.154762 0.154762 0.153571 0.151190 0.148810 0.147619 0.147619 0.147619 0.148810 0.142857 0.139286 0.141667 0.139286 0.139286 0.140476 0.136905 0.139286 0.136905 0.134524 0.130952 0.126190 0.122619 0.120238 0.119048 0.117857 0.108333 0.105952 0.108333 0.000000 0.000000 0.000000 0.077381 0.090476 0.091667 0.091667 0.090476 0.013095 0.010714 0.010714 0.007143 0.007143 0.003571 0.004762 0.010714 0.010714 0.010714 0.007143 0.005952 0.004762 0.005952 0.005952 0.004762 0.004762 0.000000 0.000000 0.000000 0.000000 0.000000
0.158333 0.147619 0.148810 0.145238 0.155952 0.164286 0.161905 0.159524 0.000000 0.150000 0.148810 0.151190 0.150000 0.148810 0.148810 0.144048 0.145238 0.144048 0.144048 0.142857 0.144048 0.144048 0.142857 0.144048 0.138095 0.135714 0.133333 0.127381 0.126190 0.122619 0.121429 0.120238 0.116667 0.000000 0.020238 0.000000 0.048810 0.084524 0.090476 0.091667 0.092857 0.041667 0.040476 0.000000 0.000000 0.008333 0.009524 0.008333 0.011905 0.011905 0.011905 0.011905 0.010714 0.008333 0.007143 0.008333 0.007143 0.005952 0.000000 0.000000 0.000000 0.000000 0.000000
0.165476 0.166667 0.164286 0.164286 0.159524 0.167857 0.170238 0.169048 0.165476 0.159524 0.157143 0.159524 0.159524 0.154762 0.151190 0.151190 0.150000 0.151190 0.147619 0.148810 0.147619 0.146429 0.142857 0.144048 0.141667 0.142857 0.136905 0.139286 0.135714 0.126190 0.126190 0.122619 0.120238 0.059524 0.054762 0.083333 0.080952 0.083333 0.096429 0.095238 0.044048 0.039286 0.040476 0.000000 0.000000 0.000000 0.000000 0.000000 0.011905 0.011905 0.011905 0.003571 0.003571 0.004762 0.004762 0.009524 0.007143 0.007143 0.000000 0.000000 0.000000 0.000000 0.000000
0.146429 0.167857 0.171429 0.175000 0.175000 0.177381 0.183333 0.179762 0.175000 0.172619 0.170238 0.171429 0.166667 0.167857 0.163095 0.157143 0.154762 0.154762 0.153571 0.153571 0.152381 0.151190 0.148810 0.147619 0.147619 0.144048 0.142857 0.139286 0.138095 0.134524 0.130952 0.127381 0.125000 0.122619 0.122619 0.121429 0.114286 0.105952 0.021429 0.091667 0.042857 0.040476 0.040476 0.000000 0.000000 0.000000 0.000000 0.000000 0.011905 0.011905 0.003571 0.003571 0.003571 0.007143 0.005952 0.005952 0.000000 0.000000 0.000000 0.000000 0.000000 0.000000 0.000000
0.152381 0.161905 0.173810 0.178571 0.179762 0.000000 0.175000 0.182143 0.184524 0.182143 0.183333 0.172619 0.175000 0.173810 0.170238 0.085714 0.091667 0.084524 0.154762 0.154762 0.154762 0.153571 0.148810 0.147619 0.147619 0.150000 0.148810 0.146429 0.139286 0.134524 0.133333 0.133333 0.129762 0.128571 0.127381 0.121429 0.121429 0.119048 0.022619 0.022619 0.020238 0.015476 0.016667 0.010714 0.011905 0.005952 0.002381 0.001190 0.000000 0.003571 0.003571 0.003571 0.003571 0.004762 0.004762 0.000000 0.000000 0.000000 0.000000 0.000000 0.000000 0.000000 0.000000
0.177381 0.175000 0.182143 0.000000 0.179762 0.180952 0.184524 0.180952 0.185714 0.185714 0.188095 0.184524 0.180952 0.175000 0.177381 0.092857 0.092857 0.134524 0.152381 0.159524 0.158333 0.157143 0.154762 0.152381 0.147619 0.150000 0.151190 0.150000 0.141667 0.138095 0.065476 0.065476 0.065476 0.127381 0.128571 0.126190 0.125000 0.121429 0.023810 0.021429 0.021429 0.020238 0.016667 0.011905 0.013095 0.008333 0.008333 0.005952 0.003571 0.002381 0.016667 0.017857 0.017857 0.003571 0.003571 0.003571 0.002381 0.000000 0.000000 0.000000 0.000000 0.000000 0.000000
0.179762 0.183333 0.000000 0.164286 0.176190 0.185714 0.189286 0.195238 0.192857 0.194048 0.191667 0.192857 0.191667 0.189286 0.183333 0.178571 0.173810 0.163095 0.000000 0.000000 0.157143 0.155952 0.152381 0.155952 0.154762 0.152381 0.152381 0.152381 0.147619 0.142857 0.072619 0.069048 0.063095 0.061905 0.065476 0.128571 0.125000 0.125000 0.121429 0.119048 0.021429 0.023810 0.020238 0.015476 0.008333 0.007143 0.010714 0.007143 0.005952 0.003571 0.022619 0.022619 0.022619 0.003571 0.003571 0.002381 0.002381 0.002381 0.000000 0.000000 0.000000 0.000000 0.000000
0.189286 0.000000 0.177381 0.182143 0.177381 0.176190 0.186905 0.189286 0.196429 0.196429 0.196429 0.192857 0.194048 0.195238 0.191667 0.186905 0.179762 0.000000 0.000000 0.000000 0.000000 0.147619 0.153571 0.153571 0.154762 0.154762 0.153571 0.073810 0.146429 0.145238 0.071429 0.067857 0.069048 0.064286 0.058333 0.122619 0.127381 0.127381 0.125000 0.123810 0.021429 0.022619 0.020238 0.019048 0.015476 0.035714 0.036905 0.036905 0.035714 0.028571 0.025000 0.025000 0.023810 0.021429 0.015476 0.002381 0.002381 0.002381 0.000000 0.000000 0.000000 0.000000 0.000000
0.189286 0.189286 0.191667 0.185714 0.186905 0.189286 0.189286 0.195238 0.197619 0.198810 0.197619 0.200000 0.197619 0.197619 0.197619 0.186905 0.184524 0.000000 0.000000 0.000000 0.000000 0.105952 0.142857 0.151190 0.152381 0.153571 0.152381 0.077381 0.072619 0.069048 0.141667 0.142857 0.128571 0.127381 0.125000 0.121429 0.125000 0.127381 0.128571 0.125000 0.027381 0.022619 0.019048 0.020238 0.019048 0.038095 0.040476 0.036905 0.035714 0.036905 0.034524 0.027381 0.026190 0.026190 0.023810 0.025000 0.022619 0.022619 0.002381 0.002381 0.000000 0.000000 0.000000
0.203571 0.202381 0.201190 0.196429 0.190476 0.191667 0.194048 0.191667 0.195238 0.202381 0.203571 0.200000 0.203571 0.202381 0.195238 0.194048 0.191667 0.000000 0.000000 0.000000 0.000000 0.052381 0.105952 0.142857 0.151190 0.152381 0.150000 0.076190 0.075000 0.071429 0.139286 0.144048 0.140476 0.136905 0.134524 0.129762 0.127381 0.127381 0.127381 0.128571 0.126190 0.123810 0.021429 0.021429 0.020238 0.044048 0.047619 0.036905 0.036905 0.036905 0.038095 0.033333 0.028571 0.027381 0.026190 0.028571 0.027381 0.003571 0.002381 0.002381 0.000000 0.000000 0.000000
0.222619 0.215476 0.210714 0.210714 0.204762 0.202381 0.201190 0.201190 0.200000 0.203571 0.204762 0.203571 0.202381 0.202381 0.201190 0.198810 0.197619 0.000000 0.000000 0.000000 0.000000 0.038095 0.083333 0.113095 0.138095 0.145238 0.151190 0.152381 0.151190 0.136905 0.133333 0.140476 0.146429 0.141667 0.140476 0.136905 0.133333 0.129762 0.127381 0.127381 0.128571 0.126190 0.021429 0.020238 0.020238 0.048810 0.051190 0.041667 0.039286 0.033333 0.032143 0.026190 0.000000 0.030952 0.029762 0.000000 0.000000 0.000000 0.000000 0.000000 0.000000 0.000000 0.000000
0.234524 0.230952 0.221429 0.215476 0.214286 0.215476 0.211905 0.210714 0.209524 0.203571 0.205952 0.209524 0.097619 0.096429 0.000000 0.000000 0.195238 0.000000 0.000000 0.017857 0.023810 0.034524 0.061905 0.095238 0.116667 0.136905 0.144048 0.147619 0.148810 0.147619 0.142857 0.136905 0.142857 0.141667 0.145238 0.141667 0.136905 0.133333 0.128571 0.126190 0.129762 0.127381 0.020238 0.021429 0.020238 0.051190 0.052381 0.041667 0.040476 0.038095 0.035714 0.034524 0.033333 0.032143 0.030952 0.000000 0.000000 0.000000 0.000000 0.000000 0.000000 0.000000 0.000000
0.240476 0.239286 0.235714 0.230952 0.225000 0.222619 0.220238 0.215476 0.210714 0.210714 0.208333 0.207143 0.103571 0.097619 0.000000 0.000000 0.000000 0.000000 0.000000 0.000000 0.026190 0.035714 0.047619 0.082143 0.103571 0.000000 0.000000 0.141667 0.146429 0.147619 0.148810 0.145238 0.142857 0.142857 0.144048 0.142857 0.142857 0.138095 0.134524 0.122619 0.125000 0.126190 0.021429 0.025000 0.022619 0.060714 0.061905 0.020238 0.019048 0.016667 0.041667 0.042857 0.041667 0.038095 0.034524 0.000000 0.000000 0.000000 0.000000 0.000000 0.000000 0.000000 0.000000
0.239286 0.239286 0.197619 0.194048 0.222619 0.228571 0.228571 0.101190 0.100000 0.102381 0.207143 0.208333 0.098810 0.097619 0.000000 0.000000 0.000000 0.000000 0.000000 0.000000 0.028571 0.033333 0.048810 0.071429 0.092857 0.096429 0.000000 0.060714 0.075000 0.142857 0.146429 0.146429 0.147619 0.145238 0.076190 0.076190 0.072619 0.140476 0.139286 0.132143 0.125000 0.128571 0.022619 0.019048 0.084524 0.082143 0.080952 0.022619 0.020238 0.017857 0.046429 0.045238 0.041667 0.041667 0.041667 0.005952 0.003571 0.002381 0.000000 0.000000 0.000000 0.000000 0.000000
0.235714 0.198810 0.198810 0.198810 0.220238 0.225000 0.104762 0.103571 0.105952 0.103571 0.101190 0.098810 0.204762 0.201190 0.179762 0.163095 0.123810 0.000000 0.000000 0.000000 0.051190 0.059524 0.065476 0.070238 0.097619 0.103571 0.107143 0.050000 0.054762 0.134524 0.148810 0.151190 0.150000 0.151190 0.075000 0.075000 0.070238 0.120238 0.134524 0.134524 0.129762 0.126190 0.126190 0.123810 0.115476 0.105952 0.098810 0.000000 0.019048 0.045238 0.046429 0.046429 0.046429 0.045238 0.009524 0.008333 0.003571 0.003571 0.002381 0.001190 0.000000 0.000000 0.000000
0.235714 0.232143 0.233333 0.228571 0.223810 0.227381 0.101190 0.107143 0.110714 0.108333 0.111905 0.159524 0.197619 0.203571 0.202381 0.189286 0.183333 0.167857 0.141667 0.121429 0.109524 0.098810 0.092857 0.096429 0.105952 0.111905 0.115476 0.114286 0.114286 0.121429 0.141667 0.147619 0.150000 0.152381 0.073810 0.075000 0.067857 0.105952 0.123810 0.127381 0.128571 0.125000 0.129762 0.127381 0.123810 0.119048 0.115476 0.000000 0.000000 0.045238 0.045238 0.042857 0.010714 0.009524 0.010714 0.010714 0.003571 0.003571 0.002381 0.000000 0.000000 0.000000 0.000000
0.235714 0.234524 0.236905 0.235714 0.234524 0.234524 0.229762 0.222619 0.214286 0.209524 0.198810 0.189286 0.182143 0.197619 0.201190 0.200000 0.194048 0.183333 0.175000 0.160714 0.150000 0.140476 0.135714 0.129762 0.127381 0.123810 0.129762 0.128571 0.126190 0.125000 0.129762 0.141667 0.148810 0.150000 0.146429 0.142857 0.134524 0.120238 0.119048 0.066667 0.064286 0.064286 0.022619 0.122619 0.123810 0.125000 0.122619 0.000000 0.000000 0.064286 0.065476 0.065476 0.016667 0.011905 0.009524 0.010714 0.003571 0.003571 0.003571 0.002381 0.001190 0.001190 0.000000
0.239286 0.242857 0.239286 0.236905 0.241667 0.239286 0.235714 0.233333 0.230952 0.225000 0.219048 0.216667 0.204762 0.202381 0.202381 0.200000 0.198810 0.195238 0.188095 0.188095 0.179762 0.164286 0.152381 0.151190 0.140476 0.142857 0.139286 0.144048 0.135714 0.134524 0.134524 0.138095 0.148810 0.148810 0.147619 0.146429 0.142857 0.136905 0.129762 0.071429 0.064286 0.063095 0.023810 0.023810 0.022619 0.022619 0.022619 0.113095 0.111905 0.111905 0.100000 0.090476 0.086905 0.082143 0.013095 0.011905 0.007143 0.007143 0.003571 0.002381 0.002381 0.002381 0.002381
0.238095 0.241667 0.244048 0.239286 0.111905 0.113095 0.236905 0.233333 0.234524 0.229762 0.223810 0.223810 0.219048 0.213095 0.208333 0.203571 0.204762 0.201190 0.197619 0.192857 0.189286 0.186905 0.180952 0.175000 0.154762 0.157143 0.148810 0.151190 0.150000 0.145238 0.140476 0.138095 0.144048 0.147619 0.066667 0.065476 0.144048 0.142857 0.140476 0.069048 0.070238 0.020238 0.021429 0.022619 0.021429 0.022619 0.022619 0.096429 0.105952 0.111905 0.107143 0.000000 0.000000 0.000000 0.078571 0.073810 0.072619 0.010714 0.008333 0.003571 0.002381 0.003571 0.009524
0.232143 0.235714 0.239286 0.000000 0.114286 0.119048 0.211905 0.233333 0.232143 0.232143 0.227381 0.227381 0.223810 0.219048 0.215476 0.210714 0.115476 0.108333 0.110714 0.195238 0.192857 0.190476 0.189286 0.185714 0.178571 0.170238 0.163095 0.158333 0.158333 0.148810 0.145238 0.145238 0.144048 0.146429 0.065476 0.066667 0.126190 0.139286 0.138095 0.029762 0.022619 0.073810 0.071429 0.072619 0.019048 0.025000 0.000000 0.000000 0.094048 0.097619 0.097619 0.000000 0.059524 0.061905 0.070238 0.073810 0.072619 0.010714 0.009524 0.009524 0.003571 0.003571 0.011905
0.222619 0.121429 0.123810 0.120238 0.119048 0.116667 0.178571 0.207143 0.216667 0.228571 0.230952 0.227381 0.228571 0.226190 0.217857 0.210714 0.117857 0.114286 0.113095 0.178571 0.192857 0.191667 0.192857 0.191667 0.186905 0.182143 0.170238 0.170238 0.166667 0.000000 0.139286 0.142857 0.141667 0.147619 0.065476 0.067857 0.113095 0.132143 0.135714 0.029762 0.023810 0.082143 0.078571 0.078571 0.017857 0.022619 0.000000 0.000000 0.000000 0.020238 0.020238 0.091667 0.090476 0.088095 0.080952 0.076190 0.000000 0.011905 0.009524 0.009524 0.005952 0.002381 0.016667
