FireSTARR/test/output/SLK/SLK057/2018-07-08_1720/wxshield_189_2018-07-08.asc
ncols         74
nrows         42
xllcorner     565343.378600
yllcorner     5843802.364000
cellsize      100.000000
NODATA_value  0.000000
[rows 0 to 27 of 42, columns 0 to 62 of 74]
0.000000 0.000000 0.000000 0.000000 0.000000 0.000000 0.000000 0.000000 0.000000 0.000000 0.000000 0.000000 0.000000 0.000000 0.000000 0.000000 0.000000 0.000000 0.000000 0.000000 0.000000 0.000000 0.000000 0.000000 0.000000 0.000000 0.000000 0.000000 0.000000 0.000000 0.000000 0.000000 0.000000 0.000000 0.000000 0.000000 0.000000 0.000000 0.000000 0.000000 0.000000 0.000000 0.000000 0.000000 0.000000 0.001190 0.004762 0.004762 0.003571 0.001190 0.000000 0.000000 0.001190 0.001190 0.002381 0.003571 0.004762 0.002381 0.002381 0.000000 0.000000 0.000000 0.000000
0.000000 0.000000 0.000000 0.000000 0.000000 0.000000 0.000000 0.000000 0.000000 0.000000 0.000000 0.000000 0.000000 0.000000 0.000000 0.000000 0.000000 0.000000 0.000000 0.000000 0.000000 0.000000 0.000000 0.000000 0.001190 0.001190 0.000000 0.000000 0.000000 0.000000 0.000000 0.000000 0.000000 0.000000 0.000000 0.000000 0.000000 0.000000 0.000000 0.000000 0.000000 0.000000 0.000000 0.002381 0.004762 0.004762 0.004762 0.004762 0.004762 0.001190 0.000000 0.003571 0.007143 0.010714 0.013095 0.013095 0.010714 0.007143 0.008333 0.008333 0.000000 0.000000 0.000000
0.000000 0.000000 0.000000 0.000000 0.000000 0.000000 0.000000 0.000000 0.000000 0.000000 0.000000 0.000000 0.000000 0.000000 0.000000 0.000000 0.000000 0.000000 0.000000 0.000000 0.000000 0.001190 0.001190 0.003571 0.004762 0.001190 0.001190 0.001190 0.001190 0.002381 0.001190 0.000000 0.000000 0.000000 0.000000 0.000000 0.000000 0.000000 0.000000 0.001190 0.001190 0.002381 0.007143 0.007143 0.007143 0.000000 0.000000 0.000000 0.002381 0.003571 0.007143 0.010714 0.014286 0.017857 0.019048 0.020238 0.019048 0.011905 0.010714 0.008333 0.000000 0.000000 0.000000
0.000000 0.000000 0.000000 0.000000 0.000000 0.000000 0.000000 0.000000 0.000000 0.000000 0.000000 0.000000 0.000000 0.000000 0.000000 0.000000 0.000000 0.000000 0.000000 0.000000 0.001190 0.001190 0.004762 0.008333 0.015476 0.008333 0.002381 0.007143 0.017857 0.019048 0.016667 0.000000 0.000000 0.000000 0.000000 0.000000 0.000000 0.000000 0.001190 0.003571 0.004762 0.007143 0.008333 0.007143 0.007143 0.000000 0.000000 0.002381 0.007143 0.011905 0.020238 0.025000 0.025000 0.025000 0.028571 0.023810 0.017857 0.016667 0.013095 0.010714 0.008333 0.000000 0.000000
0.000000 0.000000 0.000000 0.000000 0.000000 0.000000 0.000000 0.000000 0.000000 0.000000 0.000000 0.000000 0.000000 0.000000 0.000000 0.000000 0.000000 0.000000 0.000000 0.000000 0.004762 0.008333 0.019048 0.033333 0.046429 0.019048 0.021429 0.041667 0.038095 0.029762 0.025000 0.001190 0.000000 0.000000 0.000000 0.000000 0.000000 0.002381 0.004762 0.008333 0.014286 0.023810 0.007143 0.002381 0.001190 0.000000 0.002381 0.015476 0.032143 0.034524 0.039286 0.039286 0.039286 0.039286 0.036905 0.029762 0.025000 0.000000 0.000000 0.000000 0.002381 0.002381 0.002381
0.000000 0.000000 0.000000 0.000000 0.000000 0.000000 0.000000 0.000000 0.000000 0.000000 0.000000 0.000000 0.000000 0.000000 0.000000 0.000000 0.002381 0.000000 0.000000 0.008333 0.022619 0.035714 0.045238 0.059524 0.075000 0.082143 0.084524 0.034524 0.033333 0.025000 0.029762 0.035714 0.019048 0.000000 0.000000 0.000000 0.001190 0.007143 0.015476 0.028571 0.038095 0.054762 0.013095 0.009524 0.003571 0.010714 0.046429 0.059524 0.063095 0.058333 0.054762 0.052381 0.046429 0.039286 0.038095 0.033333 0.026190 0.000000 0.000000 0.000000 0.000000 0.000000 0.000000
0.000000 0.000000 0.000000 0.000000 0.000000 0.000000 0.000000 0.000000 0.000000 0.000000 0.000000 0.000000 0.000000 0.000000 0.001190 0.003571 0.008333 0.011905 0.000000 0.039286 0.051190 0.069048 0.080952 0.086905 0.098810 0.105952 0.109524 0.042857 0.034524 0.034524 0.078571 0.091667 0.000000 0.000000 0.000000 0.003571 0.007143 0.027381 0.046429 0.065476 0.071429 0.083333 0.016667 0.016667 0.016667 0.088095 0.079762 0.072619 0.069048 0.059524 0.057143 0.054762 0.047619 0.035714 0.033333 0.032143 0.026190 0.021429 0.000000 0.000000 0.000000 0.000000 0.000000
0.000000 0.000000 0.000000 0.000000 0.000000 0.000000 0.000000 0.000000 0.000000 0.000000 0.000000 0.000000 0.000000 0.002381 0.003571 0.009524 0.015476 0.035714 0.053571 0.077381 0.090476 0.107143 0.120238 0.133333 0.134524 0.134524 0.135714 0.054762 0.054762 0.132143 0.132143 0.000000 0.000000 0.000000 0.007143 0.020238 0.044048 0.071429 0.095238 0.109524 0.117857 0.122619 0.128571 0.119048 0.115476 0.020238 0.013095 0.060714 0.054762 0.051190 0.046429 0.040476 0.030952 0.027381 0.028571 0.023810 0.021429 0.019048 0.020238 0.000000 0.004762 0.004762 0.001190
0.000000 0.000000 0.000000 0.000000 0.000000 0.000000 0.000000 0.000000 0.000000 0.000000 0.001190 0.001190 0.004762 0.011905 0.029762 0.040476 0.047619 0.078571 0.101190 0.123810 0.146429 0.165476 0.166667 0.159524 0.161905 0.151190 0.151190 0.144048 0.144048 0.148810 0.147619 0.000000 0.000000 0.019048 0.065476 0.088095 0.092857 0.136905 0.144048 0.144048 0.144048 0.142857 0.144048 0.141667 0.028571 0.020238 0.007143 0.003571 0.004762 0.014286 0.010714 0.013095 0.016667 0.020238 0.026190 0.032143 0.029762 0.029762 0.030952 0.030952 0.029762 0.007143 0.002381
0.000000 0.000000 0.000000 0.000000 0.000000 0.000000 0.000000 0.000000 0.000000 0.000000 0.003571 0.009524 0.025000 0.053571 0.064286 0.066667 0.089286 0.128571 0.159524 0.185714 0.195238 0.191667 0.186905 0.172619 0.171429 0.158333 0.155952 0.164286 0.158333 0.154762 0.151190 0.147619 0.000000 0.135714 0.147619 0.151190 0.157143 0.154762 0.161905 0.161905 0.160714 0.158333 0.155952 0.153571 0.033333 0.000000 0.000000 0.001190 0.002381 0.003571 0.010714 0.015476 0.027381 0.036905 0.042857 0.045238 0.048810 0.050000 0.047619 0.042857 0.041667 0.035714 0.033333
0.000000 0.000000 0.000000 0.000000 0.000000 0.000000 0.000000 0.000000 0.000000 0.001190 0.010714 0.034524 0.071429 0.079762 0.080952 0.109524 0.175000 0.226190 0.271429 0.214286 0.207143 0.205952 0.175000 0.175000 0.180952 0.185714 0.185714 0.113095 0.152381 0.154762 0.151190 0.152381 0.154762 0.158333 0.165476 0.179762 0.180952 0.182143 0.188095 0.182143 0.177381 0.170238 0.165476 0.157143 0.000000 0.000000 0.000000 0.001190 0.007143 0.013095 0.042857 0.057143 0.058333 0.060714 0.058333 0.058333 0.057143 0.055952 0.055952 0.052381 0.046429 0.042857 0.036905
0.000000 0.000000 0.000000 0.000000 0.000000 0.000000 0.000000 0.000000 0.000000 0.000000 0.000000 0.096429 0.092857 0.094048 0.188095 0.289286 0.314286 0.332143 0.347619 0.280952 0.272619 0.252381 0.239286 0.216667 0.213095 0.227381 0.165476 0.150000 0.132143 0.130952 0.179762 0.186905 0.211905 0.209524 0.204762 0.204762 0.197619 0.191667 0.191667 0.190476 0.185714 0.176190 0.169048 0.000000 0.000000 0.004762 0.010714 0.023810 0.033333 0.072619 0.078571 0.080952 0.086905 0.082143 0.082143 0.075000 0.070238 0.069048 0.060714 0.055952 0.053571 0.048810 0.008333
0.000000 0.000000 0.000000 0.000000 0.000000 0.009524 0.000000 0.058333 0.094048 0.128571 0.197619 0.000000 0.117857 0.276190 0.339286 0.364286 0.377381 0.390476 0.400000 0.321429 0.313095 0.301190 0.264286 0.250000 0.297619 0.291667 0.200000 0.191667 0.184524 0.263095 0.250000 0.233333 0.229762 0.216667 0.209524 0.205952 0.201190 0.190476 0.192857 0.189286 0.186905 0.180952 0.176190 0.000000 0.000000 0.023810 0.064286 0.092857 0.097619 0.104762 0.103571 0.104762 0.104762 0.101190 0.096429 0.085714 0.077381 0.067857 0.058333 0.054762 0.047619 0.046429 0.009524
0.000000 0.000000 0.000000 0.000000 0.000000 0.023810 0.066667 0.104762 0.209524 0.258333 0.335714 0.000000 0.446429 0.492857 0.498810 0.517857 0.525000 0.534524 0.519048 0.333333 0.328571 0.310714 0.328571 0.341667 0.345238 0.329762 0.321429 0.307143 0.300000 0.159524 0.144048 0.213095 0.205952 0.203571 0.201190 0.198810 0.197619 0.200000 0.201190 0.196429 0.194048 0.189286 0.186905 0.000000 0.000000 0.113095 0.121429 0.122619 0.121429 0.123810 0.122619 0.120238 0.119048 0.000000 0.000000 0.000000 0.036905 0.044048 0.050000 0.050000 0.052381 0.047619 0.009524
0.000000 0.000000 0.000000 0.000000 0.030952 0.050000 0.154762 0.252381 0.335714 0.429762 0.486905 0.517857 0.535714 0.551190 0.553571 0.565476 0.567857 0.545238 0.446429 0.344048 0.330952 0.402381 0.397619 0.392857 0.375000 0.345238 0.340476 0.319048 0.304762 0.164286 0.144048 0.147619 0.177381 0.202381 0.216667 0.215476 0.222619 0.220238 0.210714 0.203571 0.203571 0.130952 0.126190 0.130952 0.127381 0.126190 0.127381 0.127381 0.132143 0.135714 0.139286 0.139286 0.000000 0.000000 0.000000 0.005952 0.027381 0.064286 0.069048 0.072619 0.067857 0.071429 0.065476
0.000000 0.000000 0.000000 0.041667 0.084524 0.165476 0.313095 0.529762 0.615476 0.638095 0.677381 0.690476 0.707143 0.595238 0.588095 0.541667 0.533333 0.523810 0.466667 0.476190 0.451190 0.417857 0.417857 0.398810 0.389286 0.351190 0.338095 0.328571 0.311905 0.176190 0.163095 0.270238 0.267857 0.253571 0.244048 0.240476 0.238095 0.232143 0.229762 0.223810 0.207143 0.134524 0.126190 0.123810 0.125000 0.132143 0.150000 0.169048 0.172619 0.165476 0.160714 0.150000 0.147619 0.000000 0.000000 0.072619 0.105952 0.115476 0.109524 0.096429 0.085714 0.073810 0.066667
0.000000 0.000000 0.000000 0.075000 0.253571 0.565476 0.636905 0.684524 0.776190 0.783333 0.794048 0.792857 0.790476 0.000000 0.398810 0.397619 0.396429 0.463095 0.503571 0.517857 0.517857 0.426190 0.422619 0.405952 0.397619 0.364286 0.350000 0.332143 0.327381 0.310714 0.305952 0.280952 0.273810 0.261905 0.254762 0.240476 0.229762 0.234524 0.230952 0.228571 0.219048 0.134524 0.134524 0.127381 0.188095 0.186905 0.188095 0.188095 0.186905 0.180952 0.170238 0.161905 0.153571 0.148810 0.141667 0.133333 0.128571 0.120238 0.111905 0.026190 0.019048 0.063095 0.060714
0.000000 0.017857 0.000000 0.377381 0.652381 0.809524 0.811905 0.821429 0.823810 0.822619 0.821429 0.814286 0.813095 0.000000 0.139286 0.000000 0.497619 0.500000 0.483333 0.479762 0.478571 0.403571 0.411905 0.400000 0.400000 0.390476 0.360714 0.351190 0.334524 0.327381 0.311905 0.298810 0.285714 0.269048 0.263095 0.255952 0.253571 0.245238 0.242857 0.235714 0.230952 0.225000 0.215476 0.208333 0.200000 0.195238 0.194048 0.190476 0.189286 0.185714 0.171429 0.165476 0.157143 0.146429 0.140476 0.135714 0.128571 0.120238 0.107143 0.025000 0.015476 0.004762 0.004762
0.000000 0.073810 0.516667 1.000000 1.000000 1.000000 1.000000 1.000000 0.838095 0.834524 0.834524 0.825000 0.825000 0.000000 0.716667 0.620238 0.000000 0.000000 0.351190 0.350000 0.411905 0.386905 0.438095 0.433333 0.426190 0.405952 0.373810 0.353571 0.345238 0.334524 0.314286 0.305952 0.280952 0.269048 0.267857 0.248810 0.238095 0.239286 0.236905 0.236905 0.228571 0.226190 0.220238 0.215476 0.209524 0.198810 0.195238 0.189286 0.184524 0.180952 0.171429 0.165476 0.153571 0.146429 0.138095 0.134524 0.123810 0.117857 0.107143 0.025000 0.015476 0.004762 0.004762
0.000000 1.000000 1.000000 1.000000 1.000000 1.000000 1.000000 1.000000 1.000000 0.836905 0.834524 0.834524 0.825000 0.821429 0.820238 0.803571 0.629762 0.000000 0.147619 0.447619 0.519048 0.551190 0.483333 0.464286 0.436905 0.413095 0.378571 0.354762 0.336905 0.325000 0.310714 0.288095 0.275000 0.266667 0.266667 0.257143 0.241667 0.241667 0.235714 0.228571 0.225000 0.219048 0.219048 0.204762 0.205952 0.200000 0.190476 0.186905 0.184524 0.173810 0.167857 0.159524 0.152381 0.144048 0.133333 0.127381 0.115476 0.104762 0.095238 0.014286 0.005952 0.002381 0.000000
0.000000 1.000000 1.000000 1.000000 1.000000 1.000000 1.000000 1.000000 1.000000 1.000000 0.834524 0.834524 0.825000 0.827381 0.832143 0.826190 0.810714 0.000000 0.601190 0.594048 0.592857 0.442857 0.378571 0.397619 0.386905 0.364286 0.344048 0.332143 0.321429 0.309524 0.301190 0.284524 0.272619 0.265476 0.258333 0.247619 0.242857 0.240476 0.233333 0.228571 0.222619 0.220238 0.217857 0.211905 0.203571 0.194048 0.186905 0.182143 0.177381 0.166667 0.155952 0.000000 0.000000 0.090476 0.098810 0.098810 0.092857 0.086905 0.076190 0.014286 0.003571 0.000000 0.000000
1.000000 1.000000 1.000000 1.000000 1.000000 1.000000 1.000000 1.000000 1.000000 1.000000 1.000000 0.834524 0.834524 0.834524 0.834524 0.834524 0.813095 0.629762 0.586905 0.567857 0.561905 0.395238 0.359524 0.345238 0.339286 0.332143 0.334524 0.325000 0.320238 0.311905 0.303571 0.282143 0.273810 0.150000 0.147619 0.135714 0.201190 0.203571 0.200000 0.200000 0.197619 0.201190 0.196429 0.189286 0.188095 0.183333 0.178571 0.170238 0.163095 0.157143 0.145238 0.000000 0.000000 0.013095 0.017857 0.033333 0.040476 0.042857 0.013095 0.013095 0.000000 0.000000 0.000000
1.000000 1.000000 1.000000 1.000000 1.000000 1.000000 1.000000 1.000000 1.000000 1.000000 1.000000 0.835714 0.834524 0.834524 0.834524 0.584524 0.501190 0.457143 0.439286 0.429762 0.415476 0.367857 0.346429 0.378571 0.378571 0.354762 0.355952 0.347619 0.338095 0.305952 0.305952 0.280952 0.270238 0.150000 0.141667 0.123810 0.146429 0.170238 0.171429 0.172619 0.177381 0.173810 0.176190 0.175000 0.172619 0.169048 0.167857 0.164286 0.155952 0.148810 0.141667 0.000000 0.000000 0.003571 0.009524 0.011905 0.015476 0.021429 0.009524 0.001190 0.000000 0.000000 0.000000
1.000000 1.000000 1.000000 1.000000 1.000000 1.000000 1.000000 1.000000 1.000000 1.000000 1.000000 0.834524 0.834524 0.832143 0.786905 0.586905 0.476190 0.460714 0.444048 0.426190 0.404762 0.442857 0.434524 0.432143 0.401190 0.386905 0.359524 0.355952 0.232143 0.225000 0.179762 0.182143 0.248810 0.146429 0.142857 0.178571 0.176190 0.173810 0.171429 0.171429 0.169048 0.167857 0.167857 0.164286 0.164286 0.163095 0.159524 0.155952 0.065476 0.059524 0.057143 0.021429 0.009524 0.000000 0.000000 0.000000 0.002381 0.003571 0.003571 0.001190 0.000000 0.001190 0.001190
1.000000 1.000000 1.000000 1.000000 1.000000 1.000000 1.000000 1.000000 1.000000 1.000000 1.000000 0.834524 0.835714 0.836905 0.836905 0.597619 0.485714 0.471429 0.451190 0.441667 0.519048 0.489286 0.464286 0.453571 0.416667 0.397619 0.370238 0.353571 0.232143 0.208333 0.179762 0.179762 0.166667 0.167857 0.180952 0.132143 0.113095 0.101190 0.128571 0.126190 0.154762 0.157143 0.158333 0.157143 0.155952 0.155952 0.148810 0.141667 0.063095 0.055952 0.048810 0.014286 0.011905 0.011905 0.002381 0.000000 0.002381 0.008333 0.010714 0.009524 0.007143 0.004762 0.003571
1.000000 1.000000 1.000000 1.000000 1.000000 1.000000 1.000000 1.000000 1.000000 1.000000 1.000000 0.838095 0.835714 0.835714 0.835714 0.683333 0.645238 0.625000 0.585714 0.539286 0.514286 0.480952 0.459524 0.439286 0.415476 0.254762 0.314286 0.303571 0.227381 0.209524 0.179762 0.178571 0.159524 0.202381 0.205952 0.134524 0.113095 0.088095 0.084524 0.080952 0.113095 0.132143 0.153571 0.172619 0.172619 0.059524 0.045238 0.042857 0.023810 0.017857 0.036905 0.035714 0.034524 0.000000 0.007143 0.009524 0.022619 0.021429 0.017857 0.015476 0.011905 0.009524 0.004762
0.041667 1.000000 1.000000 1.000000 1.000000 1.000000 1.000000 1.000000 1.000000 1.000000 0.834524 0.834524 0.833333 0.775000 0.703571 0.607143 0.589286 0.529762 0.525000 0.478571 0.470238 0.444048 0.422619 0.398810 0.375000 0.240476 0.209524 0.208333 0.208333 0.207143 0.201190 0.204762 0.216667 0.219048 0.219048 0.220238 0.221429 0.088095 0.138095 0.135714 0.192857 0.197619 0.196429 0.190476 0.180952 0.061905 0.045238 0.045238 0.020238 0.009524 0.014286 0.029762 0.000000 0.040476 0.035714 0.030952 0.027381 0.025000 0.021429 0.016667 0.005952 0.003571 0.001190
0.008333 1.000000 1.000000 1.000000 1.000000 1.000000 1.000000 1.000000 1.000000 1.000000 0.421429 0.421429 0.515476 0.500000 0.495238 0.490476 0.463095 0.447619 0.429762 0.411905 0.404762 0.389286 0.375000 0.347619 0.325000 0.227381 0.210714 0.209524 0.210714 0.207143 0.253571 0.248810 0.245238 0.235714 0.228571 0.228571 0.219048 0.221429 0.219048 0.207143 0.201190 0.198810 0.195238 0.077381 0.063095 0.140476 0.130952 0.042857 0.020238 0.014286 0.050000 0.046429 0.046429 0.041667 0.036905 0.033333 0.028571 0.023810 0.021429 0.019048 0.004762 0.001190 0.000000
