FireSTARR/test/output/SLK/SLK057/2018-07-08_1720/wxshield_190_2018-07-09.asc
ncols         135
nrows         104
xllcorner     565343.378600
yllcorner     5838402.364000
cellsize      100.000000
NODATA_value  0.000000
[rows 56 to 83 of 104, columns 0 to 62 of 135]
0.000000 0.000000 0.000000 0.000000 0.000000 0.000000 0.000000 0.000000 0.000000 0.000000 0.000000 0.000000 0.000000 0.000000 0.000000 0.000000 0.000000 0.000000 0.000000 0.002381 0.003571 0.008333 0.014286 0.017857 0.021429 0.027381 0.030952 0.033333 0.036905 0.042857 0.047619 0.053571 0.054762 0.065476 0.071429 0.076190 0.084524 0.094048 0.100000 0.100000 0.101190 0.097619 0.096429 0.100000 0.115476 0.120238 0.123810 0.121429 0.084524 0.079762 0.069048 0.066667 0.073810 0.091667 0.092857 0.092857 0.090476 0.085714 0.060714 0.054762 0.051190 0.057143 0.065476
0.000000 0.000000 0.000000 0.000000 0.000000 0.000000 0.000000 0.000000 0.000000 0.000000 0.000000 0.000000 0.000000 0.000000 0.000000 0.000000 0.000000 0.000000 0.001190 0.002381 0.002381 0.005952 0.010714 0.014286 0.019048 0.022619 0.027381 0.029762 0.034524 0.038095 0.042857 0.046429 0.052381 0.063095 0.065476 0.069048 0.077381 0.085714 0.091667 0.096429 0.097619 0.101190 0.102381 0.102381 0.103571 0.113095 0.117857 0.120238 0.082143 0.080952 0.066667 0.059524 0.063095 0.080952 0.091667 0.090476 0.089286 0.089286 0.088095 0.080952 0.076190 0.064286 0.063095
0.000000 0.000000 0.000000 0.000000 0.000000 0.000000 0.000000 0.000000 0.000000 0.000000 0.000000 0.000000 0.000000 0.000000 0.000000 0.000000 0.000000 0.000000 0.001190 0.001190 0.002381 0.003571 0.008333 0.011905 0.016667 0.019048 0.022619 0.027381 0.032143 0.036905 0.038095 0.041667 0.046429 0.052381 0.058333 0.065476 0.067857 0.073810 0.085714 0.090476 0.095238 0.095238 0.096429 0.102381 0.103571 0.105952 0.079762 0.080952 0.095238 0.092857 0.073810 0.069048 0.063095 0.073810 0.079762 0.090476 0.088095 0.089286 0.089286 0.088095 0.086905 0.073810 0.070238
0.000000 0.000000 0.000000 0.000000 0.000000 0.000000 0.000000 0.000000 0.000000 0.000000 0.000000 0.000000 0.000000 0.000000 0.000000 0.000000 0.000000 0.000000 0.001190 0.001190 0.001190 0.002381 0.004762 0.004762 0.005952 0.017857 0.019048 0.023810 0.028571 0.030952 0.035714 0.039286 0.041667 0.046429 0.051190 0.060714 0.063095 0.066667 0.075000 0.080952 0.090476 0.091667 0.092857 0.097619 0.102381 0.108333 0.079762 0.013095 0.059524 0.089286 0.088095 0.084524 0.078571 0.064286 0.057143 0.060714 0.064286 0.063095 0.089286 0.089286 0.089286 0.084524 0.080952
0.000000 0.000000 0.000000 0.000000 0.000000 0.000000 0.000000 0.000000 0.000000 0.000000 0.000000 0.000000 0.000000 0.000000 0.000000 0.000000 0.000000 0.000000 0.001190 0.001190 0.001190 0.002381 0.002381 0.003571 0.004762 0.010714 0.017857 0.020238 0.026190 0.029762 0.030952 0.036905 0.039286 0.042857 0.046429 0.053571 0.059524 0.059524 0.066667 0.071429 0.080952 0.082143 0.089286 0.091667 0.107143 0.077381 0.076190 0.007143 0.017857 0.055952 0.085714 0.089286 0.090476 0.066667 0.059524 0.050000 0.050000 0.053571 0.073810 0.089286 0.089286 0.086905 0.084524
0.000000 0.000000 0.000000 0.000000 0.000000 0.000000 0.000000 0.000000 0.000000 0.000000 0.000000 0.000000 0.000000 0.000000 0.000000 0.000000 0.000000 0.000000 0.000000 0.001190 0.001190 0.001190 0.002381 0.002381 0.003571 0.004762 0.007143 0.010714 0.022619 0.026190 0.029762 0.030952 0.035714 0.039286 0.044048 0.048810 0.053571 0.059524 0.059524 0.066667 0.072619 0.079762 0.080952 0.085714 0.104762 0.082143 0.079762 0.051190 0.032143 0.039286 0.064286 0.079762 0.086905 0.089286 0.088095 0.057143 0.054762 0.047619 0.057143 0.071429 0.085714 0.085714 0.084524
0.000000 0.000000 0.000000 0.000000 0.000000 0.000000 0.000000 0.000000 0.000000 0.000000 0.000000 0.000000 0.000000 0.000000 0.000000 0.000000 0.000000 0.000000 0.000000 0.001190 0.001190 0.001190 0.001190 0.002381 0.002381 0.003571 0.004762 0.007143 0.016667 0.025000 0.026190 0.029762 0.032143 0.036905 0.040476 0.045238 0.048810 0.053571 0.058333 0.059524 0.063095 0.072619 0.075000 0.080952 0.091667 0.079762 0.079762 0.072619 0.066667 0.055952 0.055952 0.069048 0.077381 0.084524 0.086905 0.084524 0.083333 0.072619 0.065476 0.063095 0.072619 0.082143 0.083333
0.000000 0.000000 0.000000 0.000000 0.000000 0.000000 0.000000 0.000000 0.000000 0.000000 0.000000 0.000000 0.000000 0.000000 0.000000 0.000000 0.000000 0.000000 0.000000 0.001190 0.001190 0.001190 0.001190 0.001190 0.002381 0.003571 0.003571 0.004762 0.010714 0.014286 0.025000 0.026190 0.030952 0.032143 0.035714 0.039286 0.045238 0.047619 0.052381 0.059524 0.059524 0.064286 0.071429 0.075000 0.082143 0.083333 0.084524 0.082143 0.077381 0.073810 0.067857 0.067857 0.072619 0.078571 0.083333 0.083333 0.084524 0.080952 0.078571 0.071429 0.066667 0.075000 0.078571
0.000000 0.000000 0.000000 0.000000 0.000000 0.000000 0.000000 0.000000 0.000000 0.000000 0.000000 0.000000 0.000000 0.000000 0.000000 0.000000 0.000000 0.000000 0.000000 0.000000 0.001190 0.001190 0.001190 0.001190 0.002381 0.002381 0.002381 0.003571 0.008333 0.013095 0.016667 0.022619 0.027381 0.030952 0.030952 0.035714 0.039286 0.044048 0.048810 0.052381 0.058333 0.060714 0.064286 0.071429 0.075000 0.076190 0.082143 0.083333 0.078571 0.076190 0.073810 0.072619 0.000000 0.064286 0.069048 0.080952 0.083333 0.083333 0.079762 0.079762 0.072619 0.069048 0.075000
0.000000 0.000000 0.000000 0.000000 0.000000 0.000000 0.000000 0.000000 0.000000 0.000000 0.000000 0.000000 0.000000 0.000000 0.000000 0.000000 0.000000 0.000000 0.000000 0.000000 0.001190 0.001190 0.001190 0.001190 0.002381 0.002381 0.002381 0.002381 0.004762 0.009524 0.011905 0.019048 0.022619 0.026190 0.029762 0.028571 0.033333 0.038095 0.044048 0.046429 0.051190 0.055952 0.063095 0.064286 0.070238 0.071429 0.073810 0.079762 0.079762 0.075000 0.076190 0.073810 0.000000 0.036905 0.053571 0.071429 0.076190 0.078571 0.078571 0.080952 0.078571 0.071429 0.072619
0.000000 0.000000 0.000000 0.000000 0.000000 0.000000 0.000000 0.000000 0.000000 0.000000 0.000000 0.000000 0.000000 0.000000 0.000000 0.000000 0.000000 0.000000 0.000000 0.000000 0.000000 0.001190 0.001190 0.001190 0.002381 0.002381 0.002381 0.002381 0.002381 0.007143 0.010714 0.011905 0.020238 0.022619 0.026190 0.025000 0.026190 0.032143 0.038095 0.042857 0.045238 0.051190 0.054762 0.058333 0.061905 0.065476 0.067857 0.047619 0.051190 0.048810 0.073810 0.073810 0.000000 0.005952 0.028571 0.057143 0.066667 0.070238 0.073810 0.073810 0.076190 0.075000 0.071429
0.000000 0.000000 0.000000 0.000000 0.000000 0.000000 0.000000 0.000000 0.000000 0.000000 0.000000 0.000000 0.000000 0.000000 0.000000 0.000000 0.000000 0.000000 0.000000 0.000000 0.000000 0.000000 0.001190 0.001190 0.002381 0.001190 0.001190 0.002381 0.002381 0.002381 0.007143 0.011905 0.011905 0.019048 0.022619 0.025000 0.025000 0.021429 0.030952 0.035714 0.040476 0.042857 0.047619 0.051190 0.057143 0.061905 0.064286 0.042857 0.038095 0.039286 0.066667 0.072619 0.000000 0.002381 0.008333 0.039286 0.057143 0.066667 0.069048 0.072619 0.075000 0.073810 0.071429
0.000000 0.000000 0.000000 0.000000 0.000000 0.000000 0.000000 0.000000 0.000000 0.000000 0.000000 0.000000 0.000000 0.000000 0.000000 0.000000 0.000000 0.000000 0.000000 0.000000 0.000000 0.000000 0.000000 0.001190 0.001190 0.001190 0.001190 0.002381 0.002381 0.002381 0.003571 0.007143 0.010714 0.011905 0.015476 0.021429 0.023810 0.016667 0.020238 0.023810 0.019048 0.021429 0.026190 0.029762 0.032143 0.051190 0.055952 0.055952 0.054762 0.036905 0.040476 0.058333 0.000000 0.010714 0.007143 0.020238 0.042857 0.055952 0.066667 0.070238 0.070238 0.070238 0.000000
0.000000 0.000000 0.000000 0.000000 0.000000 0.000000 0.000000 0.000000 0.000000 0.000000 0.000000 0.000000 0.000000 0.000000 0.000000 0.000000 0.000000 0.000000 0.000000 0.000000 0.000000 0.000000 0.000000 0.000000 0.000000 0.000000 0.001190 0.001190 0.002381 0.002381 0.002381 0.004762 0.007143 0.009524 0.011905 0.016667 0.019048 0.013095 0.013095 0.014286 0.013095 0.015476 0.017857 0.021429 0.023810 0.046429 0.051190 0.053571 0.055952 0.055952 0.053571 0.053571 0.051190 0.048810 0.042857 0.034524 0.035714 0.041667 0.048810 0.053571 0.063095 0.065476 0.064286
0.000000 0.000000 0.000000 0.000000 0.000000 0.000000 0.000000 0.000000 0.000000 0.000000 0.000000 0.000000 0.000000 0.000000 0.000000 0.000000 0.000000 0.000000 0.000000 0.000000 0.000000 0.000000 0.000000 0.000000 0.000000 0.000000 0.000000 0.000000 0.001190 0.002381 0.002381 0.002381 0.003571 0.004762 0.007143 0.007143 0.013095 0.014286 0.011905 0.013095 0.014286 0.014286 0.014286 0.015476 0.022619 0.029762 0.040476 0.046429 0.050000 0.052381 0.052381 0.050000 0.052381 0.050000 0.048810 0.046429 0.038095 0.038095 0.036905 0.044048 0.057143 0.061905 0.061905
0.000000 0.000000 0.000000 0.000000 0.000000 0.000000 0.000000 0.000000 0.000000 0.000000 0.000000 0.000000 0.000000 0.000000 0.000000 0.000000 0.000000 0.000000 0.000000 0.000000 0.000000 0.000000 0.000000 0.000000 0.000000 0.000000 0.000000 0.000000 0.000000 0.001190 0.002381 0.002381 0.002381 0.003571 0.004762 0.005952 0.005952 0.014286 0.011905 0.014286 0.014286 0.014286 0.014286 0.013095 0.015476 0.022619 0.023810 0.038095 0.040476 0.047619 0.047619 0.047619 0.047619 0.048810 0.050000 0.047619 0.045238 0.040476 0.034524 0.035714 0.042857 0.052381 0.054762
0.000000 0.000000 0.000000 0.000000 0.000000 0.000000 0.000000 0.000000 0.000000 0.000000 0.000000 0.000000 0.000000 0.000000 0.000000 0.000000 0.000000 0.000000 0.000000 0.000000 0.000000 0.000000 0.000000 0.000000 0.000000 0.000000 0.000000 0.000000 0.000000 0.001190 0.001190 0.001190 0.001190 0.002381 0.002381 0.003571 0.005952 0.007143 0.007143 0.011905 0.013095 0.014286 0.013095 0.014286 0.007143 0.007143 0.013095 0.028571 0.033333 0.040476 0.045238 0.045238 0.045238 0.046429 0.048810 0.048810 0.047619 0.046429 0.000000 0.030952 0.032143 0.035714 0.052381
0.000000 0.000000 0.000000 0.000000 0.000000 0.000000 0.000000 0.000000 0.000000 0.000000 0.000000 0.000000 0.000000 0.000000 0.000000 0.000000 0.000000 0.000000 0.000000 0.000000 0.000000 0.000000 0.000000 0.000000 0.000000 0.000000 0.000000 0.000000 0.000000 0.001190 0.001190 0.001190 0.001190 0.001190 0.002381 0.002381 0.003571 0.004762 0.005952 0.009524 0.011905 0.013095 0.013095 0.014286 0.008333 0.005952 0.007143 0.014286 0.025000 0.038095 0.040476 0.045238 0.045238 0.044048 0.046429 0.047619 0.047619 0.047619 0.044048 0.036905 0.029762 0.028571 0.038095
0.000000 0.000000 0.000000 0.000000 0.000000 0.000000 0.000000 0.000000 0.000000 0.000000 0.000000 0.000000 0.000000 0.000000 0.000000 0.000000 0.000000 0.000000 0.000000 0.000000 0.000000 0.000000 0.000000 0.000000 0.000000 0.000000 0.000000 0.000000 0.000000 0.000000 0.000000 0.001190 0.001190 0.001190 0.001190 0.002381 0.002381 0.003571 0.003571 0.005952 0.010714 0.011905 0.013095 0.013095 0.005952 0.004762 0.003571 0.009524 0.014286 0.029762 0.035714 0.040476 0.038095 0.036905 0.042857 0.045238 0.045238 0.038095 0.038095 0.035714 0.034524 0.029762 0.030952
0.000000 0.000000 0.000000 0.000000 0.000000 0.000000 0.000000 0.000000 0.000000 0.000000 0.000000 0.000000 0.000000 0.000000 0.000000 0.000000 0.000000 0.000000 0.000000 0.000000 0.000000 0.000000 0.000000 0.000000 0.000000 0.000000 0.000000 0.000000 0.000000 0.000000 0.000000 0.000000 0.001190 0.001190 0.001190 0.001190 0.001190 0.001190 0.001190 0.001190 0.001190 0.002381 0.010714 0.010714 0.004762 0.004762 0.003571 0.008333 0.011905 0.015476 0.028571 0.034524 0.034524 0.032143 0.041667 0.042857 0.044048 0.033333 0.035714 0.035714 0.033333 0.033333 0.032143
0.000000 0.000000 0.000000 0.000000 0.000000 0.000000 0.000000 0.000000 0.000000 0.000000 0.000000 0.000000 0.000000 0.000000 0.000000 0.000000 0.000000 0.000000 0.000000 0.000000 0.000000 0.000000 0.000000 0.000000 0.000000 0.000000 0.000000 0.000000 0.000000 0.000000 0.000000 0.000000 0.000000 0.000000 0.000000 0.000000 0.000000 0.000000 0.000000 0.000000 0.001190 0.001190 0.008333 0.010714 0.010714 0.010714 0.008333 0.004762 0.008333 0.009524 0.015476 0.022619 0.028571 0.029762 0.032143 0.039286 0.042857 0.033333 0.032143 0.033333 0.033333 0.033333 0.032143
0.000000 0.000000 0.000000 0.000000 0.000000 0.000000 0.000000 0.000000 0.000000 0.000000 0.000000 0.000000 0.000000 0.000000 0.000000 0.000000 0.000000 0.000000 0.000000 0.000000 0.000000 0.000000 0.000000 0.000000 0.000000 0.000000 0.000000 0.000000 0.000000 0.000000 0.000000 0.000000 0.000000 0.000000 0.000000 0.000000 0.000000 0.000000 0.000000 0.000000 0.000000 0.001190 0.002381 0.007143 0.008333 0.008333 0.007143 0.007143 0.004762 0.004762 0.007143 0.011905 0.019048 0.020238 0.028571 0.030952 0.036905 0.036905 0.035714 0.033333 0.033333 0.032143 0.032143
0.000000 0.000000 0.000000 0.000000 0.000000 0.000000 0.000000 0.000000 0.000000 0.000000 0.000000 0.000000 0.000000 0.000000 0.000000 0.000000 0.000000 0.000000 0.000000 0.000000 0.000000 0.000000 0.000000 0.000000 0.000000 0.000000 0.000000 0.000000 0.000000 0.000000 0.000000 0.000000 0.000000 0.000000 0.000000 0.000000 0.000000 0.000000 0.000000 0.000000 0.000000 0.001190 0.001190 0.003571 0.003571 0.004762 0.008333 0.008333 0.005952 0.003571 0.004762 0.008333 0.009524 0.014286 0.020238 0.025000 0.029762 0.033333 0.035714 0.032143 0.030952 0.032143 0.032143
0.000000 0.000000 0.000000 0.000000 0.000000 0.000000 0.000000 0.000000 0.000000 0.000000 0.000000 0.000000 0.000000 0.000000 0.000000 0.000000 0.000000 0.000000 0.000000 0.000000 0.000000 0.000000 0.000000 0.000000 0.000000 0.000000 0.000000 0.000000 0.000000 0.000000 0.000000 0.000000 0.000000 0.000000 0.000000 0.000000 0.000000 0.000000 0.000000 0.000000 0.000000 0.000000 0.000000 0.001190 0.001190 0.001190 0.008333 0.008333 0.008333 0.008333 0.007143 0.004762 0.005952 0.008333 0.017857 0.020238 0.025000 0.028571 0.032143 0.000000 0.030952 0.030952 0.030952
0.000000 0.000000 0.000000 0.000000 0.000000 0.000000 0.000000 0.000000 0.000000 0.000000 0.000000 0.000000 0.000000 0.000000 0.000000 0.000000 0.000000 0.000000 0.000000 0.000000 0.000000 0.000000 0.000000 0.000000 0.000000 0.000000 0.000000 0.000000 0.000000 0.000000 0.000000 0.000000 0.000000 0.000000 0.000000 0.000000 0.000000 0.000000 0.000000 0.000000 0.000000 0.000000 0.000000 0.000000 0.000000 0.001190 0.002381 0.005952 0.008333 0.008333 0.007143 0.004762 0.003571 0.005952 0.011905 0.016667 0.017857 0.026190 0.026190 0.026190 0.026190 0.014286 0.016667
0.000000 0.000000 0.000000 0.000000 0.000000 0.000000 0.000000 0.000000 0.000000 0.000000 0.000000 0.000000 0.000000 0.000000 0.000000 0.000000 0.000000 0.000000 0.000000 0.000000 0.000000 0.000000 0.000000 0.000000 0.000000 0.000000 0.000000 0.000000 0.000000 0.000000 0.000000 0.000000 0.000000 0.000000 0.000000 0.000000 0.000000 0.000000 0.000000 0.000000 0.000000 0.000000 0.000000 0.000000 0.000000 0.001190 0.001190 0.003571 0.005952 0.007143 0.005952 0.004762 0.004762 0.003571 0.008333 0.013095 0.015476 0.019048 0.000000 0.022619 0.025000 0.010714 0.008333
0.000000 0.000000 0.000000 0.000000 0.000000 0.000000 0.000000 0.000000 0.000000 0.000000 0.000000 0.000000 0.000000 0.000000 0.000000 0.000000 0.000000 0.000000 0.000000 0.000000 0.000000 0.000000 0.000000 0.000000 0.000000 0.000000 0.000000 0.000000 0.000000 0.000000 0.000000 0.000000 0.000000 0.000000 0.000000 0.000000 0.000000 0.000000 0.000000 0.000000 0.000000 0.000000 0.000000 0.000000 0.000000 0.000000 0.001190 0.001190 0.003571 0.004762 0.004762 0.004762 0.004762 0.003571 0.004762 0.007143 0.010714 0.015476 0.015476 0.019048 0.021429 0.021429 0.020238
0.000000 0.000000 0.000000 0.000000 0.000000 0.000000 0.000000 0.000000 0.000000 0.000000 0.000000 0.000000 0.000000 0.000000 0.000000 0.000000 0.000000 0.000000 0.000000 0.000000 0.000000 0.000000 0.000000 0.000000 0.000000 0.000000 0.000000 0.000000 0.000000 0.000000 0.000000 0.000000 0.000000 0.000000 0.000000 0.000000 0.000000 0.000000 0.000000 0.000000 0.000000 0.000000 0.000000 0.000000 0.000000 0.000000 0.000000 0.001190 0.001190 0.002381 0.003571 0.003571 0.003571 0.003571 0.003571 0.004762 0.007143 0.009524 0.000000 0.013095 0.016667 0.020238 0.020238
