FireSTARR/test/output/SLK/SLK057/2018-07-08_1720/wxshield_195_2018-07-14.asc
ncols         368
nrows         393
xllcorner     561543.378600
yllcorner     5833902.364000
cellsize      100.000000
NODATA_value  0.000000
[rows 252 to 279 of 393, columns 189 to 251 of 368]
0.032143 0.035714 0.040476 0.038095 0.038095 0.027381 0.026190 0.022619 0.023810 0.023810 0.020238 0.017857 0.017857 0.017857 0.016667 0.017857 0.004762 0.004762 0.016667 0.016667 0.016667 0.016667 0.015476 0.016667 0.016667 0.017857 0.020238 0.019048 0.019048 0.017857 0.020238 0.014286 0.011905 0.000000 0.000000 0.008333 0.008333 0.008333 0.009524 0.007143 0.007143 0.008333 0.008333 0.009524 0.009524 0.009524 0.009524 0.009524 0.009524 0.009524 0.009524 0.008333 0.008333 0.008333 0.008333 0.008333 0.008333 0.008333 0.003571 0.003571 0.000000 0.000000 0.000000
0.038095 0.039286 0.040476 0.038095 0.036905 0.026190 0.023810 0.022619 0.022619 0.021429 0.019048 0.019048 0.019048 0.016667 0.015476 0.016667 0.017857 0.019048 0.016667 0.016667 0.016667 0.016667 0.016667 0.015476 0.016667 0.016667 0.016667 0.015476 0.019048 0.019048 0.019048 0.011905 0.011905 0.000000 0.011905 0.000000 0.000000 0.010714 0.009524 0.008333 0.009524 0.009524 0.009524 0.008333 0.009524 0.009524 0.003571 0.002381 0.008333 0.008333 0.009524 0.008333 0.008333 0.008333 0.008333 0.008333 0.008333 0.008333 0.003571 0.003571 0.000000 0.000000 0.001190
0.039286 0.039286 0.039286 0.026190 0.023810 0.020238 0.017857 0.017857 0.015476 0.019048 0.017857 0.017857 0.017857 0.016667 0.015476 0.016667 0.017857 0.019048 0.016667 0.016667 0.016667 0.016667 0.016667 0.016667 0.016667 0.016667 0.015476 0.016667 0.016667 0.016667 0.013095 0.013095 0.011905 0.010714 0.011905 0.011905 0.011905 0.011905 0.011905 0.010714 0.010714 0.010714 0.010714 0.009524 0.010714 0.010714 0.004762 0.003571 0.005952 0.005952 0.007143 0.007143 0.005952 0.007143 0.007143 0.008333 0.003571 0.002381 0.002381 0.000000 0.000000 0.002381 0.002381
0.040476 0.042857 0.040476 0.025000 0.020238 0.014286 0.013095 0.013095 0.004762 0.004762 0.014286 0.014286 0.016667 0.004762 0.004762 0.014286 0.016667 0.014286 0.014286 0.016667 0.016667 0.016667 0.016667 0.016667 0.016667 0.016667 0.015476 0.016667 0.016667 0.016667 0.014286 0.013095 0.010714 0.010714 0.000000 0.011905 0.011905 0.011905 0.010714 0.000000 0.010714 0.010714 0.010714 0.009524 0.010714 0.010714 0.004762 0.004762 0.008333 0.009524 0.008333 0.008333 0.008333 0.010714 0.009524 0.009524 0.004762 0.004762 0.002381 0.000000 0.000000 0.002381 0.002381
0.041667 0.040476 0.040476 0.025000 0.020238 0.014286 0.014286 0.013095 0.004762 0.002381 0.007143 0.009524 0.011905 0.003571 0.002381 0.000000 0.008333 0.000000 0.011905 0.014286 0.015476 0.016667 0.016667 0.016667 0.016667 0.015476 0.014286 0.015476 0.016667 0.016667 0.015476 0.011905 0.010714 0.010714 0.011905 0.011905 0.014286 0.011905 0.010714 0.000000 0.007143 0.009524 0.008333 0.008333 0.009524 0.009524 0.009524 0.009524 0.009524 0.009524 0.009524 0.009524 0.009524 0.009524 0.009524 0.010714 0.010714 0.000000 0.000000 0.000000 0.002381 0.002381 0.002381
0.044048 0.042857 0.004762 0.004762 0.004762 0.004762 0.004762 0.004762 0.004762 0.002381 0.004762 0.004762 0.007143 0.002381 0.002381 0.001190 0.004762 0.007143 0.008333 0.010714 0.013095 0.013095 0.015476 0.015476 0.015476 0.014286 0.014286 0.014286 0.015476 0.015476 0.014286 0.011905 0.010714 0.010714 0.010714 0.013095 0.011905 0.011905 0.010714 0.010714 0.010714 0.010714 0.009524 0.008333 0.009524 0.011905 0.011905 0.010714 0.010714 0.009524 0.009524 0.009524 0.009524 0.009524 0.008333 0.008333 0.000000 0.000000 0.000000 0.000000 0.002381 0.002381 0.002381
0.041667 0.044048 0.004762 0.003571 0.002381 0.000000 0.000000 0.001190 0.001190 0.000000 0.003571 0.003571 0.000000 0.000000 0.000000 0.000000 0.001190 0.005952 0.008333 0.009524 0.011905 0.013095 0.013095 0.013095 0.014286 0.013095 0.013095 0.013095 0.013095 0.014286 0.014286 0.014286 0.011905 0.011905 0.011905 0.011905 0.013095 0.011905 0.011905 0.011905 0.011905 0.011905 0.010714 0.010714 0.010714 0.011905 0.011905 0.011905 0.010714 0.009524 0.009524 0.009524 0.009524 0.009524 0.008333 0.000000 0.000000 0.000000 0.000000 0.002381 0.002381 0.002381 0.002381
0.040476 0.040476 0.004762 0.003571 0.002381 0.003571 0.004762 0.004762 0.001190 0.001190 0.004762 0.004762 0.000000 0.000000 0.001190 0.001190 0.001190 0.007143 0.007143 0.007143 0.009524 0.011905 0.013095 0.013095 0.013095 0.013095 0.013095 0.013095 0.011905 0.011905 0.013095 0.013095 0.013095 0.013095 0.013095 0.011905 0.011905 0.010714 0.011905 0.011905 0.011905 0.010714 0.010714 0.010714 0.010714 0.011905 0.011905 0.011905 0.010714 0.010714 0.010714 0.000000 0.000000 0.000000 0.000000 0.000000 0.000000 0.000000 0.000000 0.002381 0.002381 0.002381 0.002381
0.041667 0.039286 0.004762 0.003571 0.002381 0.003571 0.003571 0.004762 0.004762 0.004762 0.004762 0.004762 0.004762 0.001190 0.003571 0.005952 0.007143 0.007143 0.007143 0.007143 0.008333 0.010714 0.013095 0.013095 0.014286 0.014286 0.014286 0.013095 0.013095 0.013095 0.011905 0.013095 0.013095 0.013095 0.013095 0.013095 0.011905 0.010714 0.010714 0.010714 0.011905 0.010714 0.010714 0.010714 0.010714 0.010714 0.011905 0.011905 0.011905 0.010714 0.000000 0.000000 0.002381 0.000000 0.000000 0.000000 0.000000 0.000000 0.003571 0.003571 0.004762 0.003571 0.003571
0.004762 0.004762 0.004762 0.003571 0.002381 0.002381 0.003571 0.004762 0.004762 0.004762 0.003571 0.004762 0.004762 0.000000 0.000000 0.005952 0.007143 0.007143 0.007143 0.008333 0.009524 0.009524 0.009524 0.013095 0.014286 0.014286 0.014286 0.013095 0.013095 0.013095 0.013095 0.013095 0.013095 0.013095 0.013095 0.013095 0.011905 0.013095 0.013095 0.010714 0.009524 0.009524 0.009524 0.008333 0.008333 0.008333 0.009524 0.010714 0.010714 0.000000 0.000000 0.002381 0.002381 0.002381 0.002381 0.002381 0.000000 0.003571 0.004762 0.004762 0.005952 0.005952 0.004762
0.004762 0.003571 0.003571 0.004762 0.004762 0.003571 0.004762 0.005952 0.005952 0.005952 0.004762 0.004762 0.001190 0.000000 0.002381 0.002381 0.007143 0.008333 0.009524 0.009524 0.010714 0.010714 0.010714 0.010714 0.011905 0.014286 0.014286 0.013095 0.013095 0.013095 0.013095 0.013095 0.013095 0.014286 0.014286 0.014286 0.013095 0.013095 0.013095 0.013095 0.010714 0.010714 0.009524 0.009524 0.000000 0.000000 0.000000 0.008333 0.000000 0.000000 0.000000 0.002381 0.002381 0.002381 0.003571 0.005952 0.004762 0.004762 0.004762 0.004762 0.005952 0.005952 0.005952
0.003571 0.002381 0.003571 0.004762 0.004762 0.002381 0.002381 0.005952 0.005952 0.005952 0.002381 0.004762 0.001190 0.000000 0.001190 0.001190 0.002381 0.009524 0.010714 0.010714 0.010714 0.010714 0.010714 0.010714 0.010714 0.011905 0.013095 0.013095 0.013095 0.013095 0.014286 0.014286 0.014286 0.014286 0.014286 0.014286 0.013095 0.013095 0.013095 0.011905 0.011905 0.010714 0.010714 0.000000 0.000000 0.000000 0.000000 0.004762 0.000000 0.000000 0.000000 0.002381 0.002381 0.004762 0.005952 0.005952 0.004762 0.004762 0.004762 0.004762 0.004762 0.005952 0.005952
0.001190 0.001190 0.002381 0.004762 0.002381 0.002381 0.002381 0.003571 0.005952 0.005952 0.001190 0.008333 0.002381 0.002381 0.002381 0.002381 0.002381 0.010714 0.010714 0.010714 0.010714 0.010714 0.010714 0.010714 0.010714 0.010714 0.013095 0.014286 0.015476 0.015476 0.015476 0.015476 0.011905 0.013095 0.014286 0.011905 0.013095 0.013095 0.000000 0.000000 0.000000 0.000000 0.000000 0.000000 0.000000 0.000000 0.000000 0.002381 0.003571 0.000000 0.001190 0.001190 0.004762 0.005952 0.005952 0.004762 0.004762 0.004762 0.000000 0.003571 0.001190 0.004762 0.004762
0.004762 0.003571 0.002381 0.004762 0.002381 0.001190 0.002381 0.002381 0.005952 0.002381 0.001190 0.002381 0.011905 0.010714 0.010714 0.010714 0.010714 0.010714 0.010714 0.010714 0.010714 0.011905 0.010714 0.010714 0.011905 0.011905 0.011905 0.013095 0.013095 0.013095 0.015476 0.015476 0.011905 0.010714 0.010714 0.004762 0.003571 0.011905 0.000000 0.000000 0.000000 0.000000 0.000000 0.000000 0.000000 0.000000 0.000000 0.002381 0.003571 0.000000 0.002381 0.002381 0.008333 0.010714 0.010714 0.005952 0.000000 0.000000 0.000000 0.001190 0.001190 0.001190 0.002381
0.013095 0.004762 0.002381 0.004762 0.002381 0.001190 0.001190 0.002381 0.008333 0.002381 0.002381 0.002381 0.011905 0.010714 0.010714 0.010714 0.010714 0.011905 0.011905 0.011905 0.011905 0.011905 0.011905 0.011905 0.011905 0.013095 0.013095 0.013095 0.013095 0.013095 0.013095 0.014286 0.011905 0.011905 0.003571 0.003571 0.003571 0.011905 0.011905 0.000000 0.000000 0.000000 0.000000 0.001190 0.002381 0.002381 0.003571 0.003571 0.005952 0.008333 0.008333 0.009524 0.010714 0.010714 0.010714 0.000000 0.000000 0.000000 0.000000 0.001190 0.001190 0.001190 0.002381
0.013095 0.004762 0.002381 0.002381 0.004762 0.005952 0.005952 0.002381 0.002381 0.011905 0.011905 0.011905 0.010714 0.010714 0.011905 0.011905 0.011905 0.011905 0.011905 0.011905 0.011905 0.011905 0.011905 0.011905 0.013095 0.013095 0.013095 0.013095 0.014286 0.014286 0.014286 0.014286 0.014286 0.014286 0.014286 0.014286 0.014286 0.011905 0.011905 0.000000 0.000000 0.000000 0.000000 0.001190 0.001190 0.003571 0.005952 0.007143 0.007143 0.009524 0.010714 0.010714 0.010714 0.010714 0.010714 0.000000 0.000000 0.000000 0.000000 0.000000 0.002381 0.002381 0.003571
0.013095 0.004762 0.002381 0.003571 0.011905 0.011905 0.003571 0.002381 0.002381 0.014286 0.014286 0.014286 0.011905 0.011905 0.011905 0.011905 0.011905 0.011905 0.011905 0.011905 0.011905 0.013095 0.013095 0.014286 0.014286 0.014286 0.014286 0.014286 0.014286 0.014286 0.014286 0.014286 0.014286 0.014286 0.014286 0.014286 0.013095 0.013095 0.013095 0.003571 0.000000 0.000000 0.000000 0.003571 0.004762 0.007143 0.008333 0.008333 0.010714 0.010714 0.010714 0.010714 0.010714 0.010714 0.000000 0.000000 0.000000 0.000000 0.000000 0.000000 0.001190 0.002381 0.003571
0.009524 0.010714 0.011905 0.011905 0.011905 0.011905 0.003571 0.003571 0.003571 0.015476 0.015476 0.013095 0.013095 0.013095 0.013095 0.013095 0.013095 0.013095 0.010714 0.011905 0.011905 0.014286 0.014286 0.014286 0.014286 0.014286 0.014286 0.014286 0.014286 0.014286 0.014286 0.014286 0.013095 0.013095 0.014286 0.014286 0.013095 0.013095 0.013095 0.003571 0.000000 0.000000 0.000000 0.005952 0.007143 0.008333 0.009524 0.010714 0.010714 0.010714 0.011905 0.010714 0.011905 0.011905 0.002381 0.000000 0.000000 0.000000 0.000000 0.000000 0.001190 0.002381 0.004762
0.009524 0.011905 0.011905 0.011905 0.011905 0.013095 0.013095 0.013095 0.015476 0.015476 0.015476 0.014286 0.014286 0.014286 0.014286 0.014286 0.013095 0.013095 0.013095 0.013095 0.013095 0.014286 0.014286 0.014286 0.014286 0.014286 0.014286 0.014286 0.014286 0.014286 0.014286 0.014286 0.013095 0.013095 0.013095 0.013095 0.010714 0.013095 0.013095 0.003571 0.001190 0.000000 0.005952 0.005952 0.008333 0.009524 0.010714 0.010714 0.010714 0.011905 0.011905 0.011905 0.011905 0.011905 0.002381 0.000000 0.000000 0.000000 0.000000 0.000000 0.001190 0.001190 0.007143
0.010714 0.010714 0.013095 0.015476 0.015476 0.015476 0.015476 0.015476 0.016667 0.016667 0.015476 0.014286 0.014286 0.014286 0.014286 0.014286 0.013095 0.013095 0.013095 0.013095 0.013095 0.013095 0.010714 0.014286 0.014286 0.014286 0.014286 0.014286 0.014286 0.014286 0.014286 0.011905 0.013095 0.013095 0.014286 0.013095 0.013095 0.013095 0.013095 0.002381 0.001190 0.000000 0.009524 0.009524 0.010714 0.010714 0.011905 0.008333 0.008333 0.011905 0.011905 0.011905 0.011905 0.011905 0.011905 0.000000 0.000000 0.000000 0.000000 0.001190 0.001190 0.001190 0.009524
0.013095 0.013095 0.014286 0.016667 0.016667 0.016667 0.015476 0.000000 0.016667 0.015476 0.015476 0.014286 0.014286 0.014286 0.014286 0.014286 0.000000 0.000000 0.013095 0.013095 0.013095 0.011905 0.008333 0.000000 0.014286 0.014286 0.014286 0.014286 0.014286 0.014286 0.014286 0.014286 0.014286 0.014286 0.014286 0.013095 0.013095 0.013095 0.013095 0.003571 0.003571 0.010714 0.010714 0.011905 0.011905 0.011905 0.011905 0.008333 0.008333 0.009524 0.009524 0.011905 0.011905 0.011905 0.011905 0.011905 0.011905 0.010714 0.010714 0.011905 0.011905 0.011905 0.002381
0.014286 0.015476 0.015476 0.017857 0.017857 0.017857 0.016667 0.000000 0.009524 0.014286 0.015476 0.014286 0.014286 0.014286 0.015476 0.000000 0.000000 0.010714 0.010714 0.011905 0.013095 0.000000 0.008333 0.010714 0.014286 0.014286 0.014286 0.014286 0.014286 0.014286 0.014286 0.014286 0.014286 0.014286 0.014286 0.013095 0.013095 0.013095 0.013095 0.013095 0.014286 0.011905 0.011905 0.011905 0.008333 0.008333 0.008333 0.008333 0.008333 0.009524 0.009524 0.009524 0.009524 0.011905 0.011905 0.011905 0.011905 0.011905 0.011905 0.011905 0.011905 0.011905 0.002381
0.016667 0.016667 0.016667 0.016667 0.019048 0.019048 0.017857 0.000000 0.010714 0.014286 0.015476 0.015476 0.015476 0.015476 0.016667 0.015476 0.015476 0.013095 0.013095 0.013095 0.011905 0.008333 0.008333 0.009524 0.013095 0.013095 0.013095 0.014286 0.014286 0.014286 0.014286 0.014286 0.014286 0.014286 0.014286 0.013095 0.013095 0.013095 0.014286 0.014286 0.013095 0.011905 0.011905 0.011905 0.008333 0.008333 0.008333 0.008333 0.008333 0.008333 0.008333 0.009524 0.010714 0.010714 0.011905 0.011905 0.011905 0.010714 0.011905 0.011905 0.011905 0.002381 0.002381
0.015476 0.016667 0.016667 0.016667 0.019048 0.019048 0.019048 0.000000 0.019048 0.019048 0.019048 0.017857 0.017857 0.017857 0.017857 0.017857 0.015476 0.015476 0.015476 0.014286 0.000000 0.007143 0.008333 0.000000 0.008333 0.013095 0.013095 0.013095 0.013095 0.013095 0.013095 0.013095 0.013095 0.013095 0.011905 0.011905 0.013095 0.014286 0.014286 0.013095 0.011905 0.011905 0.011905 0.011905 0.008333 0.008333 0.008333 0.008333 0.008333 0.008333 0.008333 0.013095 0.013095 0.013095 0.011905 0.013095 0.013095 0.011905 0.011905 0.013095 0.013095 0.013095 0.013095
0.015476 0.015476 0.016667 0.016667 0.016667 0.017857 0.019048 0.020238 0.019048 0.019048 0.019048 0.017857 0.017857 0.017857 0.017857 0.017857 0.015476 0.016667 0.016667 0.016667 0.000000 0.000000 0.000000 0.000000 0.001190 0.003571 0.011905 0.013095 0.013095 0.013095 0.013095 0.013095 0.013095 0.013095 0.011905 0.013095 0.014286 0.014286 0.014286 0.013095 0.013095 0.013095 0.013095 0.013095 0.013095 0.013095 0.013095 0.013095 0.013095 0.013095 0.013095 0.013095 0.013095 0.013095 0.013095 0.013095 0.013095 0.011905 0.010714 0.013095 0.013095 0.013095 0.013095
0.015476 0.015476 0.016667 0.016667 0.016667 0.017857 0.017857 0.019048 0.019048 0.019048 0.017857 0.017857 0.017857 0.017857 0.017857 0.019048 0.016667 0.016667 0.016667 0.016667 0.016667 0.000000 0.000000 0.000000 0.000000 0.001190 0.011905 0.011905 0.011905 0.011905 0.013095 0.013095 0.014286 0.015476 0.014286 0.014286 0.014286 0.014286 0.013095 0.013095 0.013095 0.013095 0.013095 0.013095 0.013095 0.013095 0.013095 0.011905 0.013095 0.013095 0.013095 0.013095 0.013095 0.013095 0.013095 0.013095 0.013095 0.013095 0.013095 0.013095 0.013095 0.013095 0.013095
0.014286 0.014286 0.015476 0.016667 0.015476 0.015476 0.016667 0.019048 0.019048 0.019048 0.017857 0.019048 0.019048 0.019048 0.019048 0.019048 0.017857 0.017857 0.016667 0.016667 0.016667 0.016667 0.004762 0.004762 0.004762 0.000000 0.014286 0.014286 0.013095 0.013095 0.014286 0.015476 0.015476 0.013095 0.013095 0.013095 0.013095 0.013095 0.011905 0.011905 0.000000 0.000000 0.010714 0.007143 0.007143 0.007143 0.007143 0.007143 0.007143 0.010714 0.013095 0.013095 0.013095 0.013095 0.013095 0.013095 0.013095 0.013095 0.013095 0.013095 0.013095 0.013095 0.000000
0.014286 0.013095 0.013095 0.014286 0.015476 0.015476 0.016667 0.019048 0.020238 0.020238 0.019048 0.019048 0.019048 0.019048 0.019048 0.019048 0.017857 0.017857 0.017857 0.017857 0.016667 0.016667 0.016667 0.016667 0.016667 0.016667 0.016667 0.017857 0.016667 0.016667 0.015476 0.015476 0.015476 0.014286 0.014286 0.014286 0.014286 0.013095 0.011905 0.011905 0.000000 0.005952 0.005952 0.005952 0.005952 0.005952 0.005952 0.005952 0.005952 0.005952 0.008333 0.011905 0.011905 0.011905 0.011905 0.011905 0.011905 0.013095 0.013095 0.013095 0.013095 0.013095 0.013095
