FireSTARR/test/output/SLK/SLK057/2018-07-08_1720/wxshield_195_2018-07-14.asc
ncols         368
nrows         393
xllcorner     561543.378600
yllcorner     5833902.364000
cellsize      100.000000
NODATA_value  0.000000
[rows 336 to 363 of 393, columns 63 to 125 of 368]
0.004762 0.004762 0.004762 0.004762 0.004762 0.005952 0.005952 0.005952 0.005952 0.007143 0.009524 0.010714 0.010714 0.010714 0.014286 0.014286 0.015476 0.017857 0.017857 0.017857 0.019048 0.019048 0.021429 0.022619 0.025000 0.027381 0.029762 0.034524 0.036905 0.000000 0.045238 0.047619 0.052381 0.058333 0.063095 0.070238 0.076190 0.079762 0.082143 0.088095 0.090476 0.089286 0.090476 0.104762 0.111905 0.114286 0.111905 0.109524 0.108333 0.109524 0.109524 0.110714 0.109524 0.109524 0.115476 0.119048 0.121429 0.120238 0.117857 0.121429 0.121429 0.121429 0.121429
0.004762 0.004762 0.004762 0.004762 0.005952 0.005952 0.005952 0.005952 0.005952 0.005952 0.008333 0.009524 0.009524 0.010714 0.010714 0.013095 0.014286 0.015476 0.016667 0.016667 0.016667 0.017857 0.019048 0.021429 0.022619 0.026190 0.028571 0.028571 0.034524 0.035714 0.044048 0.045238 0.048810 0.048810 0.050000 0.067857 0.070238 0.076190 0.078571 0.079762 0.072619 0.075000 0.080952 0.091667 0.105952 0.105952 0.109524 0.109524 0.108333 0.105952 0.107143 0.107143 0.108333 0.107143 0.105952 0.110714 0.114286 0.114286 0.114286 0.115476 0.117857 0.120238 0.117857
0.004762 0.004762 0.004762 0.004762 0.005952 0.005952 0.005952 0.005952 0.005952 0.005952 0.005952 0.007143 0.008333 0.010714 0.009524 0.013095 0.013095 0.013095 0.015476 0.016667 0.016667 0.017857 0.016667 0.019048 0.022619 0.026190 0.027381 0.028571 0.030952 0.035714 0.041667 0.045238 0.045238 0.045238 0.047619 0.055952 0.067857 0.070238 0.076190 0.078571 0.070238 0.064286 0.067857 0.082143 0.094048 0.102381 0.103571 0.103571 0.105952 0.105952 0.105952 0.104762 0.104762 0.104762 0.103571 0.103571 0.109524 0.111905 0.110714 0.111905 0.114286 0.114286 0.113095
0.002381 0.004762 0.004762 0.004762 0.005952 0.005952 0.005952 0.005952 0.005952 0.005952 0.005952 0.005952 0.008333 0.009524 0.010714 0.011905 0.013095 0.013095 0.013095 0.016667 0.015476 0.017857 0.016667 0.015476 0.020238 0.025000 0.027381 0.028571 0.028571 0.030952 0.036905 0.044048 0.044048 0.045238 0.045238 0.048810 0.061905 0.060714 0.064286 0.069048 0.076190 0.072619 0.072619 0.076190 0.084524 0.094048 0.102381 0.103571 0.102381 0.102381 0.103571 0.102381 0.102381 0.103571 0.102381 0.102381 0.104762 0.108333 0.109524 0.109524 0.110714 0.110714 0.110714
0.001190 0.003571 0.004762 0.004762 0.005952 0.005952 0.005952 0.005952 0.005952 0.005952 0.005952 0.005952 0.005952 0.008333 0.009524 0.010714 0.011905 0.013095 0.013095 0.013095 0.013095 0.013095 0.013095 0.013095 0.017857 0.021429 0.025000 0.027381 0.028571 0.029762 0.032143 0.040476 0.044048 0.044048 0.044048 0.050000 0.054762 0.054762 0.050000 0.059524 0.071429 0.072619 0.072619 0.075000 0.077381 0.083333 0.090476 0.097619 0.100000 0.101190 0.098810 0.098810 0.097619 0.100000 0.101190 0.102381 0.101190 0.101190 0.105952 0.108333 0.107143 0.107143 0.108333
0.000000 0.000000 0.002381 0.004762 0.005952 0.005952 0.005952 0.005952 0.005952 0.005952 0.005952 0.005952 0.005952 0.007143 0.008333 0.008333 0.010714 0.011905 0.013095 0.013095 0.010714 0.014286 0.013095 0.014286 0.013095 0.020238 0.023810 0.025000 0.027381 0.028571 0.032143 0.034524 0.040476 0.042857 0.044048 0.046429 0.051190 0.050000 0.048810 0.051190 0.067857 0.070238 0.070238 0.071429 0.073810 0.077381 0.082143 0.086905 0.091667 0.090476 0.091667 0.094048 0.095238 0.097619 0.100000 0.100000 0.098810 0.100000 0.100000 0.103571 0.103571 0.104762 0.104762
0.000000 0.000000 0.001190 0.002381 0.003571 0.005952 0.005952 0.005952 0.005952 0.005952 0.005952 0.005952 0.005952 0.005952 0.005952 0.008333 0.008333 0.010714 0.010714 0.011905 0.011905 0.010714 0.013095 0.013095 0.014286 0.016667 0.021429 0.025000 0.026190 0.027381 0.027381 0.033333 0.036905 0.040476 0.042857 0.042857 0.047619 0.050000 0.047619 0.048810 0.057143 0.069048 0.069048 0.067857 0.070238 0.075000 0.077381 0.079762 0.080952 0.084524 0.088095 0.090476 0.092857 0.094048 0.096429 0.097619 0.095238 0.096429 0.098810 0.101190 0.101190 0.103571 0.103571
0.000000 0.000000 0.000000 0.001190 0.001190 0.003571 0.005952 0.005952 0.005952 0.005952 0.005952 0.005952 0.005952 0.005952 0.007143 0.007143 0.008333 0.009524 0.010714 0.010714 0.010714 0.011905 0.013095 0.013095 0.014286 0.014286 0.016667 0.022619 0.023810 0.025000 0.026190 0.028571 0.033333 0.035714 0.041667 0.042857 0.044048 0.046429 0.047619 0.048810 0.052381 0.061905 0.067857 0.067857 0.069048 0.071429 0.072619 0.078571 0.078571 0.080952 0.080952 0.086905 0.089286 0.089286 0.090476 0.084524 0.083333 0.094048 0.094048 0.094048 0.096429 0.101190 0.101190
0.000000 0.000000 0.000000 0.000000 0.000000 0.001190 0.002381 0.004762 0.005952 0.005952 0.005952 0.005952 0.005952 0.005952 0.007143 0.007143 0.007143 0.009524 0.009524 0.010714 0.010714 0.010714 0.011905 0.013095 0.013095 0.014286 0.015476 0.000000 0.022619 0.022619 0.025000 0.027381 0.033333 0.034524 0.035714 0.040476 0.042857 0.044048 0.046429 0.047619 0.048810 0.054762 0.064286 0.065476 0.067857 0.069048 0.000000 0.000000 0.076190 0.077381 0.079762 0.079762 0.082143 0.083333 0.084524 0.075000 0.067857 0.086905 0.090476 0.092857 0.095238 0.098810 0.086905
0.000000 0.000000 0.000000 0.000000 0.000000 0.000000 0.001190 0.002381 0.003571 0.005952 0.005952 0.005952 0.005952 0.005952 0.005952 0.007143 0.007143 0.007143 0.009524 0.010714 0.010714 0.010714 0.010714 0.000000 0.013095 0.013095 0.014286 0.016667 0.017857 0.022619 0.022619 0.026190 0.029762 0.034524 0.035714 0.035714 0.041667 0.044048 0.044048 0.046429 0.046429 0.051190 0.057143 0.061905 0.065476 0.066667 0.000000 0.000000 0.069048 0.073810 0.076190 0.073810 0.075000 0.080952 0.083333 0.076190 0.064286 0.078571 0.082143 0.084524 0.086905 0.092857 0.084524
0.000000 0.000000 0.000000 0.000000 0.000000 0.000000 0.000000 0.000000 0.000000 0.002381 0.004762 0.005952 0.005952 0.005952 0.005952 0.005952 0.007143 0.007143 0.000000 0.008333 0.009524 0.010714 0.010714 0.011905 0.011905 0.013095 0.013095 0.016667 0.017857 0.019048 0.022619 0.022619 0.023810 0.028571 0.032143 0.035714 0.038095 0.040476 0.044048 0.045238 0.046429 0.047619 0.052381 0.057143 0.059524 0.061905 0.000000 0.041667 0.054762 0.061905 0.063095 0.067857 0.070238 0.072619 0.078571 0.080952 0.080952 0.077381 0.076190 0.077381 0.079762 0.079762 0.078571
0.000000 0.000000 0.000000 0.000000 0.000000 0.000000 0.000000 0.000000 0.000000 0.002381 0.002381 0.003571 0.005952 0.005952 0.005952 0.005952 0.005952 0.007143 0.007143 0.007143 0.007143 0.009524 0.009524 0.010714 0.010714 0.010714 0.013095 0.014286 0.016667 0.017857 0.019048 0.020238 0.019048 0.023810 0.030952 0.034524 0.035714 0.039286 0.042857 0.042857 0.044048 0.046429 0.048810 0.051190 0.001190 0.001190 0.001190 0.040476 0.050000 0.054762 0.058333 0.063095 0.064286 0.066667 0.073810 0.077381 0.079762 0.076190 0.073810 0.070238 0.071429 0.072619 0.000000
0.000000 0.000000 0.000000 0.000000 0.000000 0.000000 0.000000 0.000000 0.000000 0.001190 0.001190 0.001190 0.003571 0.005952 0.005952 0.005952 0.005952 0.005952 0.007143 0.007143 0.007143 0.007143 0.008333 0.009524 0.010714 0.010714 0.011905 0.013095 0.014286 0.017857 0.019048 0.020238 0.020238 0.022619 0.027381 0.029762 0.033333 0.034524 0.039286 0.042857 0.041667 0.044048 0.044048 0.048810 0.000000 0.001190 0.001190 0.035714 0.044048 0.051190 0.054762 0.058333 0.060714 0.064286 0.067857 0.071429 0.075000 0.073810 0.069048 0.069048 0.070238 0.000000 0.061905
0.000000 0.000000 0.000000 0.000000 0.000000 0.000000 0.000000 0.000000 0.000000 0.000000 0.000000 0.001190 0.002381 0.004762 0.005952 0.005952 0.005952 0.005952 0.005952 0.007143 0.007143 0.007143 0.007143 0.008333 0.009524 0.010714 0.010714 0.011905 0.013095 0.016667 0.017857 0.020238 0.020238 0.021429 0.023810 0.027381 0.028571 0.030952 0.036905 0.038095 0.041667 0.040476 0.041667 0.045238 0.000000 0.002381 0.001190 0.034524 0.040476 0.044048 0.050000 0.057143 0.057143 0.060714 0.064286 0.069048 0.071429 0.069048 0.065476 0.002381 0.002381 0.000000 0.044048
0.000000 0.000000 0.000000 0.000000 0.000000 0.000000 0.000000 0.000000 0.000000 0.000000 0.000000 0.001190 0.001190 0.003571 0.004762 0.005952 0.004762 0.005952 0.005952 0.005952 0.005952 0.007143 0.007143 0.007143 0.008333 0.008333 0.010714 0.010714 0.011905 0.011905 0.016667 0.017857 0.019048 0.021429 0.023810 0.023810 0.025000 0.028571 0.029762 0.036905 0.036905 0.040476 0.041667 0.042857 0.000000 0.023810 0.030952 0.033333 0.029762 0.040476 0.044048 0.048810 0.054762 0.057143 0.061905 0.065476 0.067857 0.067857 0.063095 0.002381 0.003571 0.003571 0.027381
0.000000 0.000000 0.000000 0.000000 0.000000 0.000000 0.000000 0.000000 0.000000 0.000000 0.000000 0.001190 0.001190 0.001190 0.000000 0.003571 0.004762 0.005952 0.005952 0.005952 0.005952 0.005952 0.005952 0.007143 0.008333 0.008333 0.009524 0.009524 0.010714 0.011905 0.013095 0.015476 0.019048 0.020238 0.021429 0.023810 0.023810 0.025000 0.027381 0.030952 0.034524 0.036905 0.038095 0.040476 0.033333 0.028571 0.032143 0.033333 0.029762 0.038095 0.041667 0.047619 0.052381 0.055952 0.053571 0.058333 0.002381 0.002381 0.002381 0.046429 0.000000 0.020238 0.022619
0.000000 0.000000 0.000000 0.000000 0.000000 0.000000 0.000000 0.000000 0.000000 0.000000 0.000000 0.001190 0.001190 0.001190 0.001190 0.003571 0.003571 0.004762 0.005952 0.005952 0.005952 0.005952 0.005952 0.005952 0.005952 0.007143 0.007143 0.008333 0.008333 0.010714 0.011905 0.013095 0.017857 0.017857 0.021429 0.023810 0.023810 0.023810 0.025000 0.027381 0.030952 0.034524 0.032143 0.038095 0.039286 0.039286 0.038095 0.035714 0.032143 0.036905 0.039286 0.042857 0.046429 0.053571 0.050000 0.033333 0.001190 0.002381 0.002381 0.026190 0.026190 0.027381 0.022619
0.000000 0.000000 0.000000 0.000000 0.000000 0.000000 0.000000 0.000000 0.000000 0.000000 0.000000 0.000000 0.001190 0.001190 0.001190 0.001190 0.003571 0.003571 0.004762 0.005952 0.005952 0.005952 0.005952 0.005952 0.005952 0.005952 0.005952 0.005952 0.008333 0.008333 0.010714 0.011905 0.013095 0.017857 0.017857 0.022619 0.023810 0.022619 0.022619 0.022619 0.026190 0.028571 0.030952 0.032143 0.036905 0.038095 0.039286 0.039286 0.038095 0.035714 0.036905 0.038095 0.042857 0.045238 0.044048 0.029762 0.026190 0.001190 0.002381 0.000000 0.025000 0.025000 0.025000
0.000000 0.000000 0.000000 0.000000 0.000000 0.000000 0.000000 0.000000 0.000000 0.000000 0.000000 0.000000 0.000000 0.000000 0.001190 0.001190 0.001190 0.003571 0.003571 0.004762 0.004762 0.005952 0.005952 0.005952 0.005952 0.005952 0.005952 0.005952 0.007143 0.007143 0.007143 0.008333 0.010714 0.011905 0.014286 0.016667 0.020238 0.021429 0.022619 0.021429 0.023810 0.026190 0.028571 0.029762 0.033333 0.036905 0.038095 0.036905 0.038095 0.038095 0.036905 0.036905 0.040476 0.044048 0.040476 0.026190 0.025000 0.023810 0.019048 0.014286 0.019048 0.022619 0.020238
0.000000 0.000000 0.000000 0.000000 0.000000 0.000000 0.000000 0.000000 0.000000 0.000000 0.000000 0.000000 0.000000 0.001190 0.001190 0.001190 0.000000 0.000000 0.003571 0.004762 0.004762 0.004762 0.005952 0.005952 0.005952 0.005952 0.005952 0.005952 0.005952 0.007143 0.007143 0.007143 0.008333 0.009524 0.009524 0.014286 0.015476 0.020238 0.020238 0.021429 0.021429 0.023810 0.027381 0.027381 0.030952 0.033333 0.033333 0.034524 0.035714 0.035714 0.036905 0.036905 0.038095 0.039286 0.035714 0.022619 0.021429 0.022619 0.020238 0.000000 0.016667 0.017857 0.015476
0.000000 0.000000 0.000000 0.000000 0.000000 0.000000 0.000000 0.000000 0.000000 0.000000 0.000000 0.000000 0.000000 0.000000 0.001190 0.001190 0.000000 0.000000 0.002381 0.003571 0.004762 0.004762 0.005952 0.005952 0.005952 0.005952 0.000000 0.000000 0.005952 0.005952 0.007143 0.007143 0.007143 0.000000 0.001190 0.010714 0.013095 0.015476 0.016667 0.019048 0.020238 0.021429 0.025000 0.027381 0.027381 0.028571 0.028571 0.030952 0.033333 0.033333 0.033333 0.034524 0.038095 0.038095 0.033333 0.022619 0.021429 0.020238 0.019048 0.015476 0.010714 0.013095 0.014286
0.000000 0.000000 0.000000 0.000000 0.000000 0.000000 0.000000 0.000000 0.000000 0.000000 0.000000 0.000000 0.000000 0.000000 0.000000 0.000000 0.001190 0.001190 0.002381 0.002381 0.003571 0.003571 0.005952 0.005952 0.005952 0.005952 0.000000 0.000000 0.005952 0.005952 0.005952 0.007143 0.007143 0.000000 0.000000 0.001190 0.001190 0.000000 0.010714 0.014286 0.017857 0.020238 0.021429 0.023810 0.025000 0.025000 0.026190 0.028571 0.030952 0.029762 0.030952 0.033333 0.032143 0.034524 0.029762 0.020238 0.019048 0.020238 0.015476 0.013095 0.011905 0.010714 0.011905
0.000000 0.000000 0.000000 0.000000 0.000000 0.000000 0.000000 0.000000 0.000000 0.000000 0.000000 0.000000 0.000000 0.000000 0.000000 0.000000 0.000000 0.001190 0.001190 0.002381 0.002381 0.003571 0.004762 0.005952 0.004762 0.005952 0.005952 0.005952 0.005952 0.005952 0.005952 0.007143 0.007143 0.000000 0.000000 0.000000 0.000000 0.000000 0.005952 0.009524 0.015476 0.019048 0.020238 0.021429 0.022619 0.023810 0.025000 0.026190 0.026190 0.028571 0.028571 0.026190 0.029762 0.027381 0.020238 0.019048 0.017857 0.017857 0.013095 0.011905 0.011905 0.010714 0.010714
0.000000 0.000000 0.000000 0.000000 0.000000 0.000000 0.000000 0.000000 0.000000 0.000000 0.000000 0.000000 0.000000 0.000000 0.000000 0.000000 0.000000 0.000000 0.001190 0.001190 0.002381 0.002381 0.002381 0.003571 0.004762 0.004762 0.004762 0.004762 0.004762 0.004762 0.005952 0.005952 0.007143 0.007143 0.003571 0.002381 0.001190 0.001190 0.000000 0.000000 0.010714 0.015476 0.016667 0.017857 0.019048 0.022619 0.022619 0.023810 0.023810 0.025000 0.025000 0.025000 0.017857 0.015476 0.016667 0.016667 0.016667 0.015476 0.013095 0.010714 0.010714 0.009524 0.009524
0.000000 0.000000 0.000000 0.000000 0.000000 0.000000 0.000000 0.000000 0.000000 0.000000 0.000000 0.000000 0.000000 0.000000 0.000000 0.000000 0.000000 0.000000 0.000000 0.000000 0.001190 0.002381 0.002381 0.002381 0.003571 0.003571 0.004762 0.004762 0.004762 0.004762 0.004762 0.004762 0.004762 0.004762 0.004762 0.002381 0.001190 0.001190 0.000000 0.000000 0.001190 0.013095 0.013095 0.013095 0.017857 0.017857 0.022619 0.022619 0.022619 0.022619 0.023810 0.022619 0.016667 0.013095 0.013095 0.013095 0.013095 0.013095 0.013095 0.010714 0.009524 0.009524 0.009524
0.000000 0.000000 0.000000 0.000000 0.000000 0.000000 0.000000 0.000000 0.000000 0.000000 0.000000 0.000000 0.000000 0.000000 0.000000 0.000000 0.000000 0.000000 0.000000 0.000000 0.000000 0.001190 0.002381 0.002381 0.002381 0.000000 0.000000 0.000000 0.003571 0.003571 0.004762 0.003571 0.003571 0.003571 0.003571 0.002381 0.002381 0.001190 0.000000 0.000000 0.004762 0.007143 0.007143 0.008333 0.010714 0.019048 0.019048 0.020238 0.022619 0.022619 0.022619 0.020238 0.015476 0.013095 0.013095 0.013095 0.013095 0.011905 0.013095 0.010714 0.009524 0.009524 0.008333
0.000000 0.000000 0.000000 0.000000 0.000000 0.000000 0.000000 0.000000 0.000000 0.000000 0.000000 0.000000 0.000000 0.000000 0.000000 0.000000 0.000000 0.000000 0.000000 0.000000 0.000000 0.000000 0.000000 0.002381 0.002381 0.000000 0.000000 0.000000 0.003571 0.003571 0.003571 0.003571 0.003571 0.003571 0.003571 0.002381 0.002381 0.000000 0.001190 0.002381 0.003571 0.005952 0.007143 0.008333 0.015476 0.015476 0.019048 0.019048 0.019048 0.020238 0.019048 0.019048 0.015476 0.013095 0.013095 0.014286 0.013095 0.011905 0.011905 0.009524 0.009524 0.008333 0.008333
0.000000 0.000000 0.000000 0.000000 0.000000 0.000000 0.000000 0.000000 0.000000 0.000000 0.000000 0.000000 0.000000 0.000000 0.000000 0.000000 0.000000 0.000000 0.000000 0.000000 0.000000 0.000000 0.000000 0.000000 0.000000 0.002381 0.002381 0.002381 0.002381 0.002381 0.002381 0.003571 0.003571 0.003571 0.003571 0.002381 0.002381 0.002381 0.000000 0.001190 0.002381 0.004762 0.007143 0.007143 0.013095 0.015476 0.016667 0.016667 0.019048 0.019048 0.017857 0.017857 0.016667 0.016667 0.015476 0.013095 0.013095 0.011905 0.010714 0.008333 0.009524 0.008333 0.007143
