FireSTARR/test/output/SLK/SLK057/2018-07-08_1720/wxshield_190_2018-07-09.asc
ncols         135
nrows         104
xllcorner     565343.378600
yllcorner     5838402.364000
cellsize      100.000000
NODATA_value  0.000000
[rows 56 to 83 of 104, columns 63 to 125 of 135]
0.055952 0.055952 0.052381 0.051190 0.051190 0.042857 0.051190 0.054762 0.061905 0.061905 0.061905 0.065476 0.073810 0.094048 0.100000 0.105952 0.048810 0.048810 0.044048 0.044048 0.088095 0.086905 0.084524 0.082143 0.079762 0.077381 0.071429 0.067857 0.063095 0.063095 0.060714 0.059524 0.052381 0.028571 0.000000 0.000000 0.025000 0.032143 0.023810 0.023810 0.020238 0.023810 0.023810 0.009524 0.009524 0.005952 0.005952 0.005952 0.005952 0.003571 0.003571 0.002381 0.001190 0.001190 0.004762 0.004762 0.004762 0.004762 0.002381 0.001190 0.000000 0.000000 0.000000
0.059524 0.057143 0.057143 0.044048 0.041667 0.040476 0.042857 0.051190 0.052381 0.060714 0.061905 0.061905 0.064286 0.072619 0.090476 0.098810 0.048810 0.036905 0.032143 0.033333 0.041667 0.084524 0.083333 0.083333 0.083333 0.078571 0.073810 0.071429 0.067857 0.066667 0.061905 0.059524 0.057143 0.032143 0.028571 0.000000 0.000000 0.023810 0.021429 0.019048 0.017857 0.019048 0.022619 0.009524 0.005952 0.005952 0.005952 0.005952 0.005952 0.005952 0.005952 0.003571 0.001190 0.001190 0.001190 0.001190 0.001190 0.002381 0.001190 0.001190 0.000000 0.000000 0.000000
0.067857 0.066667 0.060714 0.048810 0.041667 0.039286 0.044048 0.047619 0.051190 0.053571 0.055952 0.058333 0.059524 0.064286 0.075000 0.039286 0.040476 0.033333 0.028571 0.025000 0.027381 0.065476 0.079762 0.082143 0.082143 0.082143 0.077381 0.072619 0.070238 0.065476 0.063095 0.059524 0.058333 0.055952 0.051190 0.047619 0.040476 0.029762 0.019048 0.016667 0.016667 0.017857 0.017857 0.009524 0.005952 0.000000 0.000000 0.000000 0.005952 0.005952 0.005952 0.005952 0.001190 0.001190 0.001190 0.000000 0.001190 0.001190 0.001190 0.001190 0.001190 0.000000 0.000000
0.073810 0.075000 0.070238 0.048810 0.045238 0.041667 0.040476 0.045238 0.051190 0.051190 0.054762 0.054762 0.057143 0.058333 0.063095 0.034524 0.032143 0.025000 0.026190 0.026190 0.027381 0.032143 0.059524 0.069048 0.079762 0.078571 0.077381 0.073810 0.070238 0.069048 0.063095 0.061905 0.059524 0.059524 0.053571 0.050000 0.047619 0.044048 0.034524 0.023810 0.014286 0.016667 0.017857 0.009524 0.005952 0.000000 0.000000 0.003571 0.005952 0.005952 0.005952 0.005952 0.002381 0.001190 0.001190 0.000000 0.000000 0.000000 0.000000 0.000000 0.000000 0.000000 0.000000
0.082143 0.078571 0.073810 0.072619 0.069048 0.044048 0.039286 0.039286 0.045238 0.052381 0.051190 0.054762 0.055952 0.057143 0.059524 0.029762 0.028571 0.023810 0.026190 0.026190 0.027381 0.028571 0.033333 0.061905 0.069048 0.073810 0.073810 0.073810 0.071429 0.069048 0.065476 0.061905 0.060714 0.060714 0.055952 0.051190 0.048810 0.048810 0.039286 0.033333 0.025000 0.017857 0.016667 0.009524 0.008333 0.000000 0.000000 0.003571 0.005952 0.005952 0.005952 0.005952 0.002381 0.001190 0.001190 0.000000 0.000000 0.000000 0.000000 0.000000 0.000000 0.000000 0.000000
0.082143 0.080952 0.077381 0.075000 0.070238 0.046429 0.038095 0.034524 0.041667 0.047619 0.051190 0.051190 0.054762 0.054762 0.055952 0.032143 0.029762 0.022619 0.023810 0.026190 0.026190 0.026190 0.028571 0.044048 0.060714 0.065476 0.070238 0.069048 0.071429 0.069048 0.067857 0.064286 0.061905 0.060714 0.055952 0.053571 0.052381 0.048810 0.016667 0.014286 0.025000 0.025000 0.022619 0.017857 0.015476 0.015476 0.004762 0.003571 0.004762 0.005952 0.005952 0.005952 0.002381 0.002381 0.001190 0.001190 0.000000 0.000000 0.000000 0.000000 0.000000 0.000000 0.000000
0.080952 0.080952 0.080952 0.078571 0.073810 0.047619 0.041667 0.035714 0.033333 0.040476 0.052381 0.051190 0.052381 0.054762 0.054762 0.030952 0.026190 0.023810 0.019048 0.021429 0.026190 0.026190 0.027381 0.030952 0.044048 0.053571 0.060714 0.066667 0.066667 0.066667 0.065476 0.064286 0.064286 0.060714 0.058333 0.054762 0.052381 0.050000 0.017857 0.014286 0.023810 0.025000 0.023810 0.020238 0.020238 0.007143 0.005952 0.001190 0.002381 0.002381 0.003571 0.003571 0.002381 0.001190 0.001190 0.001190 0.000000 0.000000 0.000000 0.000000 0.000000 0.000000 0.000000
0.082143 0.082143 0.080952 0.075000 0.075000 0.071429 0.066667 0.063095 0.054762 0.045238 0.051190 0.051190 0.029762 0.029762 0.053571 0.029762 0.026190 0.021429 0.019048 0.019048 0.019048 0.026190 0.027381 0.027381 0.033333 0.042857 0.052381 0.055952 0.059524 0.063095 0.064286 0.063095 0.063095 0.061905 0.059524 0.054762 0.052381 0.052381 0.048810 0.048810 0.000000 0.022619 0.023810 0.020238 0.020238 0.007143 0.002381 0.001190 0.001190 0.001190 0.001190 0.002381 0.001190 0.001190 0.001190 0.001190 0.001190 0.000000 0.000000 0.000000 0.000000 0.000000 0.000000
0.077381 0.075000 0.076190 0.077381 0.075000 0.071429 0.066667 0.065476 0.064286 0.061905 0.054762 0.050000 0.028571 0.026190 0.028571 0.029762 0.022619 0.020238 0.016667 0.016667 0.016667 0.019048 0.026190 0.027381 0.028571 0.034524 0.042857 0.052381 0.054762 0.055952 0.058333 0.060714 0.061905 0.059524 0.057143 0.054762 0.053571 0.052381 0.048810 0.048810 0.000000 0.000000 0.000000 0.021429 0.020238 0.008333 0.002381 0.001190 0.001190 0.001190 0.001190 0.000000 0.001190 0.001190 0.001190 0.001190 0.001190 0.000000 0.000000 0.000000 0.000000 0.000000 0.000000
0.073810 0.075000 0.073810 0.073810 0.072619 0.059524 0.060714 0.065476 0.065476 0.064286 0.059524 0.059524 0.032143 0.025000 0.021429 0.022619 0.000000 0.000000 0.014286 0.014286 0.015476 0.017857 0.019048 0.025000 0.025000 0.020238 0.023810 0.026190 0.027381 0.029762 0.053571 0.055952 0.058333 0.058333 0.055952 0.054762 0.052381 0.051190 0.050000 0.047619 0.000000 0.000000 0.000000 0.017857 0.019048 0.007143 0.002381 0.001190 0.001190 0.001190 0.001190 0.001190 0.000000 0.000000 0.000000 0.000000 0.000000 0.000000 0.000000 0.000000 0.000000 0.000000 0.000000
0.072619 0.072619 0.070238 0.072619 0.072619 0.059524 0.055952 0.060714 0.064286 0.063095 0.063095 0.058333 0.033333 0.025000 0.022619 0.016667 0.014286 0.000000 0.000000 0.009524 0.015476 0.016667 0.017857 0.019048 0.023810 0.017857 0.014286 0.014286 0.014286 0.021429 0.045238 0.048810 0.051190 0.050000 0.052381 0.052381 0.052381 0.050000 0.050000 0.047619 0.015476 0.008333 0.004762 0.000000 0.000000 0.005952 0.002381 0.001190 0.001190 0.001190 0.001190 0.001190 0.001190 0.000000 0.000000 0.000000 0.000000 0.000000 0.000000 0.000000 0.000000 0.000000 0.000000
0.067857 0.066667 0.070238 0.071429 0.071429 0.057143 0.057143 0.058333 0.060714 0.061905 0.061905 0.059524 0.033333 0.026190 0.021429 0.016667 0.000000 0.000000 0.000000 0.000000 0.011905 0.015476 0.016667 0.017857 0.020238 0.020238 0.020238 0.019048 0.017857 0.021429 0.030952 0.042857 0.047619 0.046429 0.048810 0.046429 0.046429 0.046429 0.047619 0.045238 0.015476 0.008333 0.000000 0.000000 0.000000 0.002381 0.002381 0.001190 0.001190 0.001190 0.001190 0.000000 0.001190 0.001190 0.001190 0.001190 0.001190 0.001190 0.000000 0.000000 0.000000 0.000000 0.000000
0.064286 0.065476 0.067857 0.066667 0.070238 0.070238 0.065476 0.055952 0.057143 0.052381 0.050000 0.045238 0.034524 0.000000 0.000000 0.000000 0.000000 0.000000 0.000000 0.000000 0.002381 0.014286 0.015476 0.015476 0.016667 0.020238 0.020238 0.019048 0.019048 0.019048 0.020238 0.027381 0.035714 0.042857 0.042857 0.040476 0.040476 0.016667 0.015476 0.014286 0.015476 0.008333 0.000000 0.000000 0.000000 0.001190 0.001190 0.001190 0.001190 0.001190 0.001190 0.001190 0.001190 0.001190 0.001190 0.001190 0.001190 0.001190 0.000000 0.000000 0.000000 0.000000 0.000000
0.064286 0.064286 0.065476 0.066667 0.067857 0.066667 0.066667 0.061905 0.057143 0.046429 0.044048 0.041667 0.000000 0.000000 0.000000 0.000000 0.000000 0.000000 0.000000 0.000000 0.001190 0.009524 0.015476 0.015476 0.015476 0.016667 0.019048 0.019048 0.017857 0.017857 0.020238 0.022619 0.026190 0.032143 0.036905 0.038095 0.036905 0.016667 0.010714 0.005952 0.000000 0.000000 0.000000 0.000000 0.000000 0.000000 0.001190 0.001190 0.001190 0.001190 0.001190 0.001190 0.001190 0.001190 0.001190 0.001190 0.001190 0.001190 0.001190 0.000000 0.000000 0.000000 0.000000
0.063095 0.061905 0.042857 0.042857 0.060714 0.061905 0.061905 0.000000 0.060714 0.047619 0.041667 0.039286 0.000000 0.000000 0.000000 0.000000 0.000000 0.000000 0.000000 0.000000 0.000000 0.001190 0.010714 0.014286 0.015476 0.015476 0.016667 0.017857 0.017857 0.017857 0.017857 0.021429 0.022619 0.027381 0.028571 0.033333 0.034524 0.015476 0.013095 0.008333 0.000000 0.000000 0.000000 0.000000 0.000000 0.000000 0.000000 0.001190 0.001190 0.001190 0.001190 0.001190 0.001190 0.001190 0.001190 0.001190 0.001190 0.001190 0.001190 0.001190 0.000000 0.001190 0.001190
0.059524 0.059524 0.038095 0.034524 0.051190 0.054762 0.057143 0.000000 0.027381 0.030952 0.030952 0.000000 0.000000 0.000000 0.000000 0.000000 0.000000 0.000000 0.000000 0.000000 0.001190 0.001190 0.005952 0.010714 0.015476 0.015476 0.016667 0.016667 0.017857 0.017857 0.017857 0.017857 0.019048 0.021429 0.025000 0.027381 0.029762 0.030952 0.027381 0.022619 0.009524 0.002381 0.001190 0.001190 0.000000 0.000000 0.000000 0.000000 0.000000 0.001190 0.001190 0.001190 0.001190 0.001190 0.001190 0.001190 0.001190 0.001190 0.001190 0.001190 0.001190 0.001190 0.001190
0.053571 0.054762 0.035714 0.030952 0.038095 0.052381 0.054762 0.000000 0.000000 0.020238 0.022619 0.000000 0.000000 0.000000 0.000000 0.000000 0.000000 0.000000 0.000000 0.000000 0.001190 0.001190 0.003571 0.008333 0.009524 0.014286 0.015476 0.010714 0.013095 0.017857 0.017857 0.017857 0.017857 0.020238 0.021429 0.022619 0.025000 0.028571 0.028571 0.008333 0.007143 0.003571 0.002381 0.002381 0.001190 0.001190 0.001190 0.001190 0.001190 0.000000 0.001190 0.001190 0.001190 0.001190 0.001190 0.001190 0.001190 0.001190 0.001190 0.001190 0.001190 0.001190 0.001190
0.048810 0.032143 0.033333 0.028571 0.028571 0.041667 0.051190 0.052381 0.052381 0.034524 0.009524 0.000000 0.000000 0.000000 0.000000 0.000000 0.000000 0.000000 0.000000 0.000000 0.000000 0.001190 0.003571 0.004762 0.008333 0.010714 0.013095 0.007143 0.008333 0.007143 0.007143 0.008333 0.017857 0.017857 0.009524 0.008333 0.008333 0.025000 0.026190 0.009524 0.003571 0.002381 0.002381 0.002381 0.002381 0.001190 0.001190 0.001190 0.001190 0.001190 0.001190 0.001190 0.001190 0.001190 0.001190 0.001190 0.001190 0.001190 0.001190 0.001190 0.001190 0.001190 0.001190
0.036905 0.026190 0.026190 0.026190 0.028571 0.034524 0.040476 0.050000 0.050000 0.039286 0.003571 0.000000 0.000000 0.000000 0.000000 0.000000 0.000000 0.001190 0.000000 0.000000 0.000000 0.001190 0.001190 0.004762 0.007143 0.009524 0.011905 0.005952 0.005952 0.004762 0.004762 0.007143 0.017857 0.017857 0.008333 0.003571 0.007143 0.019048 0.021429 0.008333 0.003571 0.002381 0.000000 0.000000 0.001190 0.001190 0.001190 0.001190 0.001190 0.001190 0.001190 0.001190 0.001190 0.001190 0.001190 0.001190 0.001190 0.001190 0.001190 0.001190 0.001190 0.001190 0.001190
0.033333 0.022619 0.022619 0.022619 0.027381 0.028571 0.034524 0.038095 0.046429 0.036905 0.010714 0.000000 0.000000 0.000000 0.001190 0.001190 0.001190 0.001190 0.001190 0.001190 0.000000 0.001190 0.001190 0.003571 0.003571 0.003571 0.004762 0.009524 0.007143 0.007143 0.005952 0.004762 0.009524 0.017857 0.005952 0.005952 0.005952 0.010714 0.020238 0.008333 0.002381 0.002381 0.000000 0.000000 0.001190 0.001190 0.001190 0.001190 0.001190 0.001190 0.001190 0.001190 0.001190 0.001190 0.001190 0.001190 0.001190 0.001190 0.001190 0.001190 0.001190 0.001190 0.001190
0.034524 0.021429 0.020238 0.017857 0.025000 0.027381 0.030952 0.034524 0.041667 0.041667 0.036905 0.035714 0.030952 0.016667 0.011905 0.004762 0.004762 0.002381 0.002381 0.001190 0.002381 0.002381 0.001190 0.001190 0.002381 0.003571 0.003571 0.007143 0.007143 0.007143 0.007143 0.007143 0.005952 0.011905 0.013095 0.013095 0.010714 0.009524 0.013095 0.005952 0.002381 0.002381 0.000000 0.000000 0.000000 0.000000 0.001190 0.001190 0.001190 0.001190 0.001190 0.001190 0.001190 0.001190 0.001190 0.001190 0.001190 0.001190 0.001190 0.001190 0.001190 0.001190 0.001190
0.032143 0.020238 0.017857 0.017857 0.019048 0.027381 0.027381 0.030952 0.033333 0.038095 0.038095 0.036905 0.035714 0.034524 0.028571 0.020238 0.014286 0.009524 0.007143 0.003571 0.002381 0.002381 0.002381 0.002381 0.002381 0.001190 0.002381 0.003571 0.004762 0.007143 0.007143 0.007143 0.007143 0.007143 0.011905 0.011905 0.010714 0.008333 0.007143 0.004762 0.002381 0.002381 0.000000 0.000000 0.000000 0.000000 0.001190 0.001190 0.001190 0.001190 0.001190 0.001190 0.001190 0.001190 0.001190 0.001190 0.001190 0.001190 0.001190 0.001190 0.001190 0.001190 0.001190
0.032143 0.030952 0.029762 0.027381 0.020238 0.022619 0.026190 0.027381 0.032143 0.032143 0.036905 0.035714 0.035714 0.034524 0.033333 0.030952 0.025000 0.019048 0.014286 0.007143 0.004762 0.003571 0.003571 0.002381 0.002381 0.002381 0.002381 0.001190 0.003571 0.003571 0.003571 0.007143 0.007143 0.007143 0.007143 0.008333 0.009524 0.008333 0.008333 0.004762 0.003571 0.000000 0.000000 0.000000 0.001190 0.000000 0.001190 0.001190 0.001190 0.001190 0.001190 0.001190 0.001190 0.001190 0.001190 0.001190 0.001190 0.001190 0.001190 0.001190 0.001190 0.001190 0.001190
0.030952 0.030952 0.029762 0.029762 0.028571 0.027381 0.025000 0.026190 0.027381 0.030952 0.033333 0.035714 0.034524 0.033333 0.033333 0.032143 0.030952 0.026190 0.021429 0.014286 0.014286 0.009524 0.007143 0.000000 0.003571 0.003571 0.002381 0.001190 0.001190 0.001190 0.001190 0.005952 0.007143 0.005952 0.005952 0.008333 0.008333 0.008333 0.008333 0.008333 0.007143 0.007143 0.004762 0.003571 0.003571 0.001190 0.001190 0.001190 0.001190 0.001190 0.001190 0.001190 0.001190 0.001190 0.001190 0.001190 0.001190 0.001190 0.001190 0.001190 0.001190 0.001190 0.001190
0.019048 0.030952 0.029762 0.029762 0.028571 0.026190 0.027381 0.028571 0.027381 0.029762 0.029762 0.032143 0.033333 0.032143 0.033333 0.032143 0.030952 0.029762 0.026190 0.021429 0.019048 0.015476 0.011905 0.008333 0.005952 0.003571 0.003571 0.002381 0.002381 0.002381 0.001190 0.003571 0.005952 0.005952 0.005952 0.004762 0.008333 0.008333 0.008333 0.008333 0.007143 0.007143 0.005952 0.005952 0.004762 0.004762 0.001190 0.001190 0.001190 0.001190 0.001190 0.001190 0.001190 0.001190 0.001190 0.001190 0.001190 0.001190 0.001190 0.001190 0.001190 0.001190 0.001190
0.011905 0.025000 0.028571 0.028571 0.027381 0.026190 0.026190 0.026190 0.028571 0.028571 0.029762 0.029762 0.030952 0.032143 0.032143 0.030952 0.030952 0.029762 0.027381 0.025000 0.022619 0.017857 0.015476 0.011905 0.008333 0.007143 0.004762 0.003571 0.002381 0.002381 0.001190 0.001190 0.002381 0.005952 0.005952 0.004762 0.004762 0.005952 0.008333 0.007143 0.007143 0.007143 0.005952 0.005952 0.005952 0.004762 0.004762 0.001190 0.001190 0.001190 0.001190 0.001190 0.001190 0.001190 0.001190 0.001190 0.001190 0.000000 0.000000 0.001190 0.001190 0.001190 0.001190
0.019048 0.016667 0.026190 0.027381 0.027381 0.026190 0.026190 0.026190 0.027381 0.028571 0.028571 0.028571 0.029762 0.030952 0.030952 0.030952 0.030952 0.030952 0.008333 0.005952 0.004762 0.003571 0.003571 0.003571 0.004762 0.004762 0.005952 0.004762 0.003571 0.002381 0.002381 0.001190 0.001190 0.001190 0.003571 0.004762 0.004762 0.005952 0.005952 0.005952 0.007143 0.005952 0.005952 0.005952 0.005952 0.005952 0.004762 0.003571 0.003571 0.001190 0.001190 0.001190 0.001190 0.001190 0.001190 0.001190 0.001190 0.000000 0.000000 0.001190 0.001190 0.001190 0.001190
0.019048 0.017857 0.023810 0.000000 0.000000 0.000000 0.019048 0.021429 0.026190 0.026190 0.026190 0.027381 0.028571 0.028571 0.029762 0.029762 0.030952 0.030952 0.005952 0.005952 0.003571 0.003571 0.003571 0.003571 0.002381 0.002381 0.004762 0.004762 0.002381 0.002381 0.002381 0.001190 0.001190 0.001190 0.001190 0.003571 0.004762 0.004762 0.005952 0.005952 0.005952 0.005952 0.005952 0.005952 0.005952 0.005952 0.005952 0.004762 0.003571 0.001190 0.001190 0.001190 0.001190 0.001190 0.001190 0.001190 0.001190 0.000000 0.000000 0.000000 0.000000 0.001190 0.001190
