FireSTARR/test/output/SLK/SLK057/2018-07-08_1720/wxshield_195_2018-07-14.asc
ncols         368
nrows         393
xllcorner     561543.378600
yllcorner     5833902.364000
cellsize      100.000000
NODATA_value  0.000000
[rows 336 to 363 of 393, columns 126 to 188 of 368]
0.119048 0.115476 0.110714 0.110714 0.107143 0.107143 0.109524 0.111905 0.111905 0.110714 0.107143 0.107143 0.107143 0.101190 0.095238 0.098810 0.098810 0.098810 0.097619 0.096429 0.090476 0.091667 0.089286 0.091667 0.091667 0.095238 0.095238 0.091667 0.091667 0.088095 0.083333 0.083333 0.000000 0.076190 0.075000 0.075000 0.072619 0.073810 0.072619 0.070238 0.065476 0.063095 0.061905 0.053571 0.047619 0.047619 0.051190 0.050000 0.047619 0.047619 0.045238 0.044048 0.044048 0.002381 0.000000 0.000000 0.011905 0.016667 0.001190 0.001190 0.001190 0.014286 0.013095
0.117857 0.116667 0.114286 0.110714 0.105952 0.104762 0.105952 0.104762 0.107143 0.108333 0.109524 0.105952 0.107143 0.100000 0.094048 0.096429 0.100000 0.096429 0.094048 0.094048 0.089286 0.091667 0.089286 0.090476 0.092857 0.094048 0.095238 0.091667 0.090476 0.086905 0.079762 0.078571 0.077381 0.071429 0.070238 0.075000 0.071429 0.072619 0.070238 0.067857 0.064286 0.061905 0.061905 0.053571 0.051190 0.051190 0.052381 0.047619 0.047619 0.047619 0.045238 0.044048 0.044048 0.001190 0.000000 0.000000 0.000000 0.015476 0.017857 0.016667 0.017857 0.014286 0.013095
0.113095 0.114286 0.111905 0.110714 0.109524 0.107143 0.102381 0.102381 0.103571 0.105952 0.105952 0.104762 0.107143 0.103571 0.100000 0.096429 0.096429 0.094048 0.092857 0.095238 0.091667 0.091667 0.089286 0.086905 0.086905 0.088095 0.088095 0.088095 0.086905 0.086905 0.082143 0.077381 0.075000 0.070238 0.073810 0.070238 0.070238 0.071429 0.069048 0.065476 0.061905 0.060714 0.059524 0.057143 0.055952 0.054762 0.053571 0.050000 0.048810 0.046429 0.045238 0.044048 0.041667 0.001190 0.001190 0.000000 0.000000 0.000000 0.019048 0.019048 0.017857 0.015476 0.014286
0.111905 0.109524 0.110714 0.110714 0.109524 0.092857 0.090476 0.098810 0.101190 0.103571 0.104762 0.103571 0.101190 0.102381 0.100000 0.096429 0.096429 0.094048 0.094048 0.092857 0.091667 0.089286 0.086905 0.085714 0.085714 0.083333 0.077381 0.082143 0.083333 0.079762 0.070238 0.000000 0.069048 0.072619 0.070238 0.070238 0.067857 0.070238 0.067857 0.063095 0.061905 0.060714 0.058333 0.055952 0.054762 0.053571 0.051190 0.050000 0.048810 0.047619 0.046429 0.046429 0.041667 0.001190 0.001190 0.000000 0.000000 0.002381 0.023810 0.023810 0.020238 0.016667 0.015476
0.108333 0.107143 0.108333 0.108333 0.108333 0.090476 0.082143 0.085714 0.090476 0.092857 0.088095 0.088095 0.098810 0.101190 0.097619 0.096429 0.092857 0.090476 0.092857 0.092857 0.091667 0.090476 0.086905 0.085714 0.085714 0.076190 0.061905 0.075000 0.077381 0.077381 0.000000 0.066667 0.066667 0.069048 0.071429 0.071429 0.067857 0.066667 0.065476 0.061905 0.060714 0.058333 0.055952 0.053571 0.048810 0.052381 0.051190 0.048810 0.047619 0.047619 0.047619 0.046429 0.045238 0.001190 0.001190 0.000000 0.001190 0.002381 0.023810 0.023810 0.022619 0.016667 0.017857
0.105952 0.104762 0.105952 0.104762 0.103571 0.088095 0.077381 0.076190 0.078571 0.078571 0.079762 0.079762 0.094048 0.096429 0.095238 0.094048 0.091667 0.091667 0.090476 0.090476 0.083333 0.083333 0.002381 0.002381 0.002381 0.067857 0.052381 0.064286 0.071429 0.072619 0.071429 0.067857 0.067857 0.066667 0.067857 0.070238 0.069048 0.066667 0.063095 0.061905 0.060714 0.058333 0.054762 0.050000 0.048810 0.047619 0.051190 0.050000 0.047619 0.046429 0.045238 0.046429 0.045238 0.045238 0.042857 0.040476 0.001190 0.001190 0.029762 0.028571 0.025000 0.020238 0.019048
0.102381 0.102381 0.097619 0.092857 0.089286 0.082143 0.072619 0.071429 0.072619 0.079762 0.084524 0.082143 0.086905 0.089286 0.091667 0.091667 0.090476 0.091667 0.092857 0.091667 0.080952 0.058333 0.002381 0.002381 0.002381 0.035714 0.040476 0.044048 0.059524 0.064286 0.069048 0.070238 0.067857 0.067857 0.065476 0.066667 0.066667 0.061905 0.055952 0.059524 0.058333 0.058333 0.054762 0.050000 0.047619 0.047619 0.047619 0.048810 0.046429 0.046429 0.045238 0.044048 0.044048 0.042857 0.041667 0.039286 0.039286 0.036905 0.032143 0.030952 0.027381 0.020238 0.020238
0.101190 0.100000 0.094048 0.090476 0.078571 0.065476 0.071429 0.066667 0.069048 0.077381 0.080952 0.083333 0.085714 0.082143 0.088095 0.086905 0.089286 0.089286 0.090476 0.090476 0.067857 0.052381 0.002381 0.002381 0.002381 0.020238 0.032143 0.041667 0.044048 0.048810 0.064286 0.064286 0.065476 0.065476 0.065476 0.064286 0.065476 0.054762 0.041667 0.047619 0.052381 0.053571 0.053571 0.053571 0.050000 0.048810 0.048810 0.044048 0.041667 0.039286 0.046429 0.045238 0.045238 0.044048 0.042857 0.040476 0.038095 0.033333 0.032143 0.030952 0.028571 0.016667 0.017857
0.085714 0.085714 0.094048 0.092857 0.089286 0.088095 0.075000 0.067857 0.069048 0.077381 0.080952 0.079762 0.082143 0.078571 0.078571 0.083333 0.085714 0.086905 0.089286 0.065476 0.061905 0.044048 0.000000 0.002381 0.002381 0.000000 0.001190 0.041667 0.046429 0.047619 0.055952 0.060714 0.061905 0.061905 0.063095 0.063095 0.060714 0.052381 0.032143 0.032143 0.027381 0.034524 0.045238 0.050000 0.050000 0.048810 0.047619 0.039286 0.030952 0.035714 0.038095 0.042857 0.038095 0.034524 0.032143 0.001190 0.001190 0.028571 0.028571 0.027381 0.026190 0.017857 0.016667
0.077381 0.077381 0.085714 0.089286 0.090476 0.089286 0.085714 0.086905 0.084524 0.085714 0.083333 0.080952 0.075000 0.077381 0.073810 0.073810 0.082143 0.084524 0.084524 0.064286 0.046429 0.036905 0.000000 0.002381 0.003571 0.002381 0.002381 0.000000 0.044048 0.047619 0.052381 0.053571 0.058333 0.059524 0.055952 0.053571 0.052381 0.044048 0.036905 0.035714 0.028571 0.035714 0.038095 0.040476 0.044048 0.046429 0.046429 0.039286 0.027381 0.033333 0.035714 0.036905 0.034524 0.029762 0.026190 0.001190 0.001190 0.010714 0.010714 0.010714 0.013095 0.015476 0.015476
0.077381 0.073810 0.077381 0.085714 0.085714 0.086905 0.086905 0.086905 0.085714 0.080952 0.079762 0.080952 0.075000 0.073810 0.071429 0.069048 0.071429 0.071429 0.071429 0.067857 0.000000 0.000000 0.036905 0.030952 0.002381 0.002381 0.002381 0.036905 0.040476 0.044048 0.046429 0.052381 0.055952 0.059524 0.054762 0.042857 0.039286 0.038095 0.036905 0.035714 0.028571 0.027381 0.023810 0.032143 0.039286 0.040476 0.039286 0.038095 0.022619 0.027381 0.029762 0.030952 0.001190 0.001190 0.001190 0.001190 0.001190 0.007143 0.008333 0.008333 0.008333 0.009524 0.007143
0.072619 0.073810 0.073810 0.076190 0.084524 0.084524 0.085714 0.084524 0.084524 0.078571 0.079762 0.078571 0.073810 0.072619 0.070238 0.064286 0.065476 0.059524 0.050000 0.000000 0.000000 0.028571 0.032143 0.033333 0.002381 0.002381 0.002381 0.033333 0.038095 0.042857 0.047619 0.050000 0.054762 0.055952 0.052381 0.041667 0.035714 0.038095 0.038095 0.035714 0.027381 0.023810 0.022619 0.021429 0.022619 0.023810 0.022619 0.021429 0.021429 0.021429 0.021429 0.021429 0.002381 0.001190 0.001190 0.003571 0.005952 0.005952 0.005952 0.007143 0.008333 0.008333 0.001190
0.064286 0.066667 0.066667 0.070238 0.077381 0.083333 0.083333 0.084524 0.083333 0.078571 0.079762 0.076190 0.071429 0.071429 0.002381 0.002381 0.002381 0.053571 0.000000 0.000000 0.029762 0.027381 0.029762 0.029762 0.002381 0.003571 0.000000 0.034524 0.039286 0.042857 0.046429 0.051190 0.052381 0.054762 0.048810 0.041667 0.036905 0.039286 0.038095 0.034524 0.027381 0.022619 0.021429 0.020238 0.022619 0.022619 0.023810 0.001190 0.001190 0.016667 0.017857 0.015476 0.002381 0.001190 0.003571 0.004762 0.004762 0.004762 0.004762 0.007143 0.008333 0.008333 0.001190
0.051190 0.065476 0.066667 0.066667 0.070238 0.078571 0.080952 0.080952 0.082143 0.078571 0.078571 0.077381 0.072619 0.072619 0.002381 0.002381 0.036905 0.045238 0.042857 0.035714 0.036905 0.036905 0.033333 0.032143 0.033333 0.030952 0.028571 0.036905 0.041667 0.041667 0.044048 0.047619 0.048810 0.051190 0.046429 0.041667 0.040476 0.038095 0.038095 0.034524 0.027381 0.023810 0.020238 0.020238 0.017857 0.020238 0.020238 0.001190 0.001190 0.001190 0.001190 0.001190 0.004762 0.003571 0.003571 0.003571 0.004762 0.001190 0.001190 0.004762 0.005952 0.005952 0.001190
0.044048 0.060714 0.065476 0.065476 0.066667 0.071429 0.076190 0.080952 0.080952 0.080952 0.079762 0.067857 0.063095 0.057143 0.057143 0.050000 0.044048 0.045238 0.045238 0.040476 0.040476 0.041667 0.040476 0.038095 0.036905 0.035714 0.035714 0.038095 0.041667 0.041667 0.041667 0.042857 0.047619 0.048810 0.048810 0.046429 0.044048 0.002381 0.002381 0.033333 0.026190 0.025000 0.002381 0.002381 0.014286 0.015476 0.015476 0.002381 0.002381 0.002381 0.001190 0.001190 0.004762 0.005952 0.003571 0.003571 0.002381 0.001190 0.001190 0.004762 0.004762 0.004762 0.001190
0.039286 0.053571 0.061905 0.065476 0.065476 0.065476 0.070238 0.072619 0.077381 0.078571 0.078571 0.066667 0.057143 0.053571 0.047619 0.047619 0.050000 0.048810 0.047619 0.045238 0.046429 0.047619 0.045238 0.042857 0.040476 0.000000 0.038095 0.039286 0.040476 0.041667 0.042857 0.041667 0.041667 0.046429 0.047619 0.045238 0.002381 0.002381 0.002381 0.019048 0.022619 0.019048 0.002381 0.002381 0.005952 0.010714 0.010714 0.002381 0.002381 0.003571 0.005952 0.004762 0.002381 0.002381 0.003571 0.003571 0.001190 0.000000 0.001190 0.002381 0.002381 0.002381 0.001190
0.029762 0.040476 0.051190 0.054762 0.064286 0.064286 0.067857 0.069048 0.072619 0.072619 0.075000 0.063095 0.052381 0.051190 0.045238 0.046429 0.050000 0.048810 0.046429 0.042857 0.046429 0.048810 0.044048 0.042857 0.040476 0.041667 0.039286 0.039286 0.040476 0.041667 0.044048 0.042857 0.042857 0.044048 0.042857 0.044048 0.039286 0.030952 0.002381 0.019048 0.017857 0.002381 0.002381 0.002381 0.008333 0.008333 0.002381 0.002381 0.002381 0.009524 0.007143 0.007143 0.003571 0.001190 0.001190 0.002381 0.002381 0.001190 0.001190 0.002381 0.002381 0.003571 0.003571
0.023810 0.028571 0.035714 0.045238 0.054762 0.061905 0.064286 0.066667 0.066667 0.066667 0.066667 0.065476 0.060714 0.060714 0.054762 0.052381 0.047619 0.047619 0.047619 0.046429 0.045238 0.046429 0.045238 0.044048 0.041667 0.041667 0.040476 0.040476 0.039286 0.041667 0.044048 0.042857 0.040476 0.040476 0.040476 0.041667 0.039286 0.032143 0.027381 0.023810 0.020238 0.019048 0.016667 0.013095 0.009524 0.010714 0.010714 0.010714 0.009524 0.009524 0.008333 0.003571 0.003571 0.002381 0.003571 0.003571 0.001190 0.001190 0.001190 0.002381 0.002381 0.003571 0.003571
0.021429 0.025000 0.034524 0.042857 0.050000 0.054762 0.059524 0.060714 0.063095 0.061905 0.060714 0.061905 0.060714 0.060714 0.059524 0.053571 0.052381 0.052381 0.050000 0.046429 0.046429 0.045238 0.045238 0.040476 0.040476 0.040476 0.040476 0.000000 0.038095 0.039286 0.044048 0.042857 0.041667 0.039286 0.039286 0.041667 0.038095 0.029762 0.026190 0.025000 0.021429 0.020238 0.017857 0.015476 0.013095 0.011905 0.013095 0.013095 0.010714 0.008333 0.008333 0.007143 0.007143 0.007143 0.001190 0.001190 0.003571 0.003571 0.002381 0.001190 0.002381 0.002381 0.002381
0.014286 0.021429 0.027381 0.033333 0.042857 0.052381 0.048810 0.050000 0.058333 0.059524 0.059524 0.060714 0.058333 0.002381 0.002381 0.002381 0.051190 0.051190 0.050000 0.047619 0.045238 0.045238 0.046429 0.042857 0.036905 0.036905 0.040476 0.040476 0.039286 0.038095 0.035714 0.038095 0.038095 0.039286 0.039286 0.039286 0.036905 0.027381 0.025000 0.025000 0.022619 0.017857 0.017857 0.016667 0.014286 0.014286 0.014286 0.011905 0.011905 0.011905 0.008333 0.008333 0.008333 0.007143 0.001190 0.001190 0.000000 0.001190 0.001190 0.001190 0.000000 0.000000 0.000000
0.011905 0.014286 0.025000 0.027381 0.033333 0.041667 0.042857 0.041667 0.053571 0.057143 0.058333 0.057143 0.058333 0.002381 0.002381 0.002381 0.041667 0.045238 0.048810 0.050000 0.046429 0.045238 0.045238 0.002381 0.002381 0.002381 0.035714 0.038095 0.036905 0.034524 0.033333 0.034524 0.033333 0.035714 0.036905 0.034524 0.033333 0.027381 0.023810 0.025000 0.022619 0.016667 0.015476 0.014286 0.014286 0.014286 0.002381 0.002381 0.002381 0.002381 0.002381 0.008333 0.008333 0.008333 0.001190 0.001190 0.002381 0.002381 0.002381 0.001190 0.001190 0.000000 0.000000
0.010714 0.010714 0.020238 0.023810 0.027381 0.030952 0.033333 0.036905 0.046429 0.052381 0.053571 0.053571 0.054762 0.002381 0.002381 0.002381 0.038095 0.042857 0.044048 0.046429 0.044048 0.045238 0.044048 0.002381 0.002381 0.002381 0.027381 0.029762 0.000000 0.032143 0.030952 0.032143 0.033333 0.034524 0.033333 0.032143 0.030952 0.025000 0.025000 0.023810 0.019048 0.017857 0.015476 0.014286 0.014286 0.014286 0.002381 0.002381 0.003571 0.002381 0.000000 0.001190 0.002381 0.002381 0.003571 0.003571 0.003571 0.003571 0.003571 0.001190 0.001190 0.000000 0.000000
0.009524 0.010714 0.010714 0.013095 0.016667 0.020238 0.026190 0.030952 0.038095 0.050000 0.051190 0.050000 0.051190 0.050000 0.041667 0.038095 0.036905 0.038095 0.041667 0.040476 0.039286 0.042857 0.042857 0.002381 0.002381 0.002381 0.029762 0.026190 0.027381 0.027381 0.029762 0.030952 0.026190 0.025000 0.025000 0.022619 0.022619 0.021429 0.021429 0.020238 0.014286 0.014286 0.014286 0.011905 0.013095 0.008333 0.013095 0.011905 0.002381 0.002381 0.001190 0.000000 0.002381 0.002381 0.003571 0.003571 0.003571 0.003571 0.003571 0.001190 0.001190 0.000000 0.000000
0.009524 0.009524 0.009524 0.008333 0.010714 0.014286 0.019048 0.027381 0.034524 0.044048 0.045238 0.045238 0.041667 0.041667 0.041667 0.039286 0.035714 0.036905 0.034524 0.039286 0.039286 0.041667 0.041667 0.040476 0.040476 0.039286 0.030952 0.025000 0.000000 0.026190 0.027381 0.027381 0.020238 0.021429 0.021429 0.022619 0.020238 0.020238 0.020238 0.017857 0.011905 0.011905 0.011905 0.010714 0.010714 0.008333 0.011905 0.010714 0.002381 0.002381 0.001190 0.001190 0.001190 0.002381 0.002381 0.003571 0.003571 0.003571 0.003571 0.001190 0.001190 0.001190 0.001190
0.008333 0.008333 0.007143 0.005952 0.008333 0.001190 0.001190 0.001190 0.026190 0.033333 0.036905 0.036905 0.035714 0.040476 0.041667 0.038095 0.035714 0.035714 0.033333 0.034524 0.038095 0.038095 0.040476 0.040476 0.040476 0.040476 0.035714 0.022619 0.023810 0.025000 0.025000 0.022619 0.019048 0.020238 0.019048 0.016667 0.017857 0.019048 0.019048 0.019048 0.013095 0.011905 0.011905 0.009524 0.009524 0.008333 0.010714 0.010714 0.002381 0.003571 0.003571 0.004762 0.004762 0.004762 0.004762 0.004762 0.003571 0.003571 0.003571 0.003571 0.003571 0.003571 0.002381
0.008333 0.007143 0.007143 0.005952 0.005952 0.001190 0.001190 0.001190 0.016667 0.021429 0.021429 0.022619 0.027381 0.034524 0.036905 0.034524 0.034524 0.033333 0.033333 0.034524 0.030952 0.033333 0.033333 0.036905 0.035714 0.035714 0.034524 0.022619 0.021429 0.000000 0.022619 0.022619 0.017857 0.017857 0.016667 0.014286 0.014286 0.014286 0.014286 0.014286 0.011905 0.013095 0.011905 0.009524 0.009524 0.009524 0.010714 0.010714 0.010714 0.008333 0.008333 0.005952 0.004762 0.004762 0.004762 0.004762 0.004762 0.003571 0.003571 0.003571 0.003571 0.003571 0.002381
0.001190 0.001190 0.001190 0.005952 0.005952 0.004762 0.005952 0.005952 0.013095 0.015476 0.016667 0.021429 0.023810 0.027381 0.032143 0.032143 0.032143 0.029762 0.029762 0.030952 0.027381 0.019048 0.019048 0.019048 0.019048 0.019048 0.017857 0.000000 0.021429 0.020238 0.019048 0.019048 0.017857 0.015476 0.011905 0.013095 0.014286 0.014286 0.014286 0.013095 0.010714 0.010714 0.009524 0.008333 0.009524 0.009524 0.010714 0.010714 0.009524 0.009524 0.008333 0.005952 0.005952 0.007143 0.007143 0.007143 0.007143 0.003571 0.003571 0.003571 0.003571 0.003571 0.003571
0.001190 0.001190 0.003571 0.004762 0.003571 0.003571 0.004762 0.005952 0.007143 0.014286 0.017857 0.017857 0.022619 0.025000 0.027381 0.025000 0.026190 0.026190 0.026190 0.025000 0.023810 0.019048 0.019048 0.017857 0.017857 0.017857 0.016667 0.017857 0.017857 0.014286 0.017857 0.015476 0.015476 0.014286 0.011905 0.010714 0.010714 0.010714 0.011905 0.010714 0.010714 0.010714 0.008333 0.007143 0.008333 0.009524 0.009524 0.010714 0.009524 0.007143 0.005952 0.005952 0.005952 0.005952 0.007143 0.007143 0.007143 0.005952 0.005952 0.005952 0.004762 0.004762 0.001190
