FireSTARR/test/output/SLK/SLK057/2018-07-08_1720/wxshield_190_2018-07-09.asc
ncols         135
nrows         104
xllcorner     565343.378600
yllcorner     5838402.364000
cellsize      100.000000
NODATA_value  0.000000
[rows 28 to 55 of 104, columns 0 to 62 of 135]
0.000000 1.000000 1.000000 1.000000 1.000000 1.000000 1.000000 1.000000 1.000000 1.000000 0.900000 0.890476 0.878571 0.877381 0.880952 0.859524 0.842857 0.000000 0.659524 0.654762 0.644048 0.500000 0.434524 0.470238 0.453571 0.435714 0.420238 0.403571 0.394048 0.383333 0.375000 0.363095 0.351190 0.335714 0.327381 0.320238 0.315476 0.307143 0.301190 0.297619 0.288095 0.284524 0.279762 0.275000 0.270238 0.263095 0.260714 0.258333 0.252381 0.244048 0.242857 0.000000 0.000000 0.165476 0.179762 0.185714 0.184524 0.178571 0.176190 0.064286 0.055952 0.048810 0.040476
1.000000 1.000000 1.000000 1.000000 1.000000 1.000000 1.000000 1.000000 1.000000 1.000000 1.000000 0.897619 0.892857 0.888095 0.883333 0.866667 0.850000 0.713095 0.669048 0.638095 0.625000 0.457143 0.411905 0.410714 0.415476 0.407143 0.411905 0.400000 0.395238 0.388095 0.376190 0.358333 0.348810 0.255952 0.253571 0.241667 0.283333 0.286905 0.284524 0.278571 0.270238 0.271429 0.266667 0.266667 0.264286 0.264286 0.259524 0.257143 0.253571 0.251190 0.245238 0.000000 0.000000 0.052381 0.091667 0.125000 0.138095 0.144048 0.058333 0.063095 0.047619 0.000000 0.028571
1.000000 1.000000 1.000000 1.000000 1.000000 1.000000 1.000000 1.000000 1.000000 1.000000 1.000000 0.900000 0.895238 0.888095 0.885714 0.657143 0.576190 0.530952 0.498810 0.483333 0.494048 0.423810 0.405952 0.444048 0.445238 0.432143 0.430952 0.420238 0.408333 0.379762 0.373810 0.357143 0.347619 0.257143 0.247619 0.228571 0.239286 0.263095 0.271429 0.267857 0.266667 0.260714 0.259524 0.254762 0.250000 0.253571 0.257143 0.260714 0.252381 0.252381 0.251190 0.000000 0.000000 0.017857 0.046429 0.083333 0.103571 0.122619 0.053571 0.045238 0.040476 0.032143 0.032143
1.000000 1.000000 1.000000 1.000000 1.000000 1.000000 1.000000 1.000000 1.000000 1.000000 1.000000 0.898810 0.895238 0.886905 0.828571 0.659524 0.548810 0.528571 0.505952 0.486905 0.491667 0.525000 0.515476 0.505952 0.471429 0.459524 0.442857 0.432143 0.315476 0.298810 0.225000 0.222619 0.309524 0.247619 0.246429 0.265476 0.255952 0.253571 0.257143 0.263095 0.260714 0.259524 0.257143 0.255952 0.254762 0.253571 0.252381 0.254762 0.139286 0.138095 0.129762 0.078571 0.070238 0.041667 0.026190 0.025000 0.067857 0.088095 0.098810 0.045238 0.044048 0.042857 0.039286
1.000000 1.000000 1.000000 1.000000 1.000000 1.000000 1.000000 1.000000 1.000000 1.000000 1.000000 0.898810 0.895238 0.891667 0.878571 0.665476 0.565476 0.555952 0.526190 0.509524 0.588095 0.561905 0.541667 0.525000 0.494048 0.476190 0.457143 0.438095 0.316667 0.271429 0.230952 0.226190 0.211905 0.238095 0.254762 0.190476 0.170238 0.166667 0.194048 0.195238 0.238095 0.244048 0.248810 0.251190 0.253571 0.254762 0.250000 0.244048 0.144048 0.135714 0.127381 0.077381 0.076190 0.071429 0.044048 0.030952 0.042857 0.072619 0.091667 0.105952 0.100000 0.088095 0.069048
1.000000 1.000000 1.000000 1.000000 1.000000 1.000000 1.000000 1.000000 1.000000 1.000000 1.000000 0.901190 0.895238 0.883333 0.876190 0.760714 0.729762 0.698810 0.665476 0.623810 0.597619 0.560714 0.528571 0.515476 0.492857 0.341667 0.416667 0.403571 0.308333 0.273810 0.234524 0.227381 0.208333 0.247619 0.258333 0.196429 0.173810 0.151190 0.139286 0.148810 0.200000 0.225000 0.245238 0.261905 0.261905 0.135714 0.122619 0.120238 0.089286 0.090476 0.136905 0.134524 0.129762 0.000000 0.051190 0.054762 0.066667 0.078571 0.098810 0.105952 0.114286 0.109524 0.104762
0.042857 1.000000 1.000000 1.000000 1.000000 1.000000 1.000000 1.000000 1.000000 1.000000 0.898810 0.897619 0.885714 0.819048 0.759524 0.684524 0.666667 0.616667 0.605952 0.561905 0.547619 0.526190 0.503571 0.477381 0.455952 0.330952 0.289286 0.286905 0.280952 0.269048 0.263095 0.264286 0.271429 0.275000 0.271429 0.275000 0.272619 0.163095 0.200000 0.196429 0.246429 0.253571 0.254762 0.257143 0.261905 0.128571 0.119048 0.119048 0.094048 0.082143 0.105952 0.134524 0.000000 0.128571 0.129762 0.125000 0.113095 0.100000 0.097619 0.111905 0.071429 0.064286 0.057143
0.008333 1.000000 1.000000 1.000000 1.000000 1.000000 1.000000 1.000000 1.000000 1.000000 0.489286 0.485714 0.566667 0.559524 0.553571 0.554762 0.527381 0.510714 0.497619 0.480952 0.477381 0.466667 0.459524 0.441667 0.421429 0.314286 0.286905 0.278571 0.280952 0.277381 0.311905 0.309524 0.307143 0.301190 0.295238 0.290476 0.285714 0.284524 0.277381 0.275000 0.272619 0.263095 0.261905 0.141667 0.130952 0.232143 0.229762 0.121429 0.090476 0.082143 0.115476 0.132143 0.133333 0.133333 0.136905 0.134524 0.130952 0.122619 0.116667 0.115476 0.079762 0.069048 0.063095
0.000000 0.000000 0.000000 1.000000 1.000000 1.000000 1.000000 1.000000 0.885714 0.836905 0.482143 0.421429 0.463095 0.465476 0.476190 0.482143 0.465476 0.458333 0.448810 0.446429 0.420238 0.409524 0.403571 0.407143 0.396429 0.386905 0.377381 0.359524 0.341667 0.328571 0.322619 0.315476 0.310714 0.303571 0.300000 0.294048 0.294048 0.290476 0.000000 0.253571 0.258333 0.264286 0.263095 0.138095 0.123810 0.139286 0.170238 0.172619 0.164286 0.167857 0.148810 0.000000 0.140476 0.144048 0.145238 0.120238 0.110714 0.109524 0.113095 0.114286 0.083333 0.076190 0.071429
0.000000 0.000000 0.000000 0.023810 0.066667 0.203571 0.294048 0.378571 0.413095 0.440476 0.445238 0.445238 0.432143 0.428571 0.430952 0.425000 0.415476 0.408333 0.394048 0.389286 0.371429 0.377381 0.372619 0.370238 0.361905 0.363095 0.366667 0.360714 0.351190 0.342857 0.330952 0.319048 0.317857 0.314286 0.309524 0.303571 0.301190 0.000000 0.248810 0.000000 0.238095 0.250000 0.254762 0.130952 0.125000 0.135714 0.167857 0.185714 0.196429 0.196429 0.188095 0.173810 0.159524 0.154762 0.153571 0.125000 0.000000 0.010714 0.095238 0.105952 0.110714 0.109524 0.102381
0.000000 0.000000 0.000000 0.007143 0.016667 0.046429 0.077381 0.147619 0.202381 0.234524 0.276190 0.327381 0.346429 0.364286 0.365476 0.354762 0.350000 0.336905 0.330952 0.333333 0.278571 0.280952 0.330952 0.332143 0.335714 0.334524 0.333333 0.336905 0.334524 0.328571 0.323810 0.315476 0.309524 0.307143 0.302381 0.300000 0.300000 0.289286 0.266667 0.253571 0.000000 0.223810 0.236905 0.000000 0.185714 0.188095 0.184524 0.188095 0.195238 0.202381 0.204762 0.198810 0.186905 0.176190 0.167857 0.132143 0.123810 0.076190 0.080952 0.101190 0.111905 0.114286 0.110714
0.000000 0.000000 0.001190 0.004762 0.008333 0.015476 0.023810 0.046429 0.069048 0.103571 0.142857 0.189286 0.215476 0.228571 0.246429 0.260714 0.272619 0.277381 0.275000 0.283333 0.245238 0.241667 0.257143 0.272619 0.280952 0.289286 0.291667 0.298810 0.301190 0.303571 0.304762 0.297619 0.298810 0.295238 0.295238 0.295238 0.000000 0.266667 0.270238 0.265476 0.251190 0.240476 0.229762 0.226190 0.219048 0.000000 0.170238 0.179762 0.000000 0.176190 0.191667 0.192857 0.192857 0.184524 0.173810 0.170238 0.159524 0.146429 0.132143 0.000000 0.000000 0.103571 0.110714
0.000000 0.000000 0.000000 0.002381 0.005952 0.009524 0.017857 0.022619 0.032143 0.045238 0.065476 0.090476 0.129762 0.153571 0.167857 0.192857 0.198810 0.211905 0.222619 0.239286 0.200000 0.209524 0.229762 0.236905 0.252381 0.261905 0.265476 0.266667 0.275000 0.280952 0.282143 0.277381 0.280952 0.279762 0.277381 0.273810 0.265476 0.255952 0.250000 0.260714 0.252381 0.247619 0.238095 0.233333 0.228571 0.120238 0.108333 0.122619 0.132143 0.126190 0.135714 0.151190 0.165476 0.171429 0.172619 0.172619 0.170238 0.000000 0.139286 0.138095 0.128571 0.000000 0.091667
0.000000 0.000000 0.000000 0.001190 0.003571 0.004762 0.009524 0.014286 0.019048 0.026190 0.033333 0.052381 0.065476 0.080952 0.105952 0.121429 0.139286 0.158333 0.170238 0.190476 0.205952 0.208333 0.209524 0.000000 0.210714 0.222619 0.228571 0.239286 0.244048 0.247619 0.250000 0.254762 0.258333 0.259524 0.000000 0.000000 0.213095 0.222619 0.230952 0.229762 0.238095 0.234524 0.239286 0.234524 0.230952 0.115476 0.119048 0.110714 0.126190 0.130952 0.135714 0.139286 0.161905 0.165476 0.170238 0.097619 0.097619 0.152381 0.154762 0.148810 0.140476 0.134524 0.120238
0.000000 0.000000 0.000000 0.001190 0.001190 0.002381 0.004762 0.008333 0.009524 0.014286 0.023810 0.035714 0.039286 0.048810 0.072619 0.084524 0.000000 0.000000 0.121429 0.142857 0.153571 0.171429 0.180952 0.179762 0.185714 0.189286 0.196429 0.198810 0.203571 0.214286 0.223810 0.230952 0.236905 0.000000 0.198810 0.194048 0.188095 0.208333 0.210714 0.220238 0.220238 0.221429 0.228571 0.230952 0.232143 0.114286 0.113095 0.123810 0.125000 0.127381 0.140476 0.144048 0.146429 0.165476 0.170238 0.096429 0.095238 0.122619 0.152381 0.154762 0.148810 0.151190 0.140476
0.000000 0.000000 0.000000 0.000000 0.001190 0.001190 0.002381 0.004762 0.007143 0.007143 0.010714 0.016667 0.021429 0.030952 0.047619 0.059524 0.064286 0.063095 0.000000 0.000000 0.000000 0.107143 0.138095 0.145238 0.158333 0.169048 0.171429 0.176190 0.182143 0.186905 0.195238 0.205952 0.210714 0.205952 0.196429 0.192857 0.191667 0.184524 0.200000 0.201190 0.209524 0.214286 0.214286 0.215476 0.223810 0.225000 0.214286 0.122619 0.116667 0.104762 0.123810 0.135714 0.140476 0.145238 0.163095 0.095238 0.095238 0.101190 0.119048 0.147619 0.153571 0.154762 0.147619
0.000000 0.000000 0.000000 0.000000 0.000000 0.000000 0.001190 0.001190 0.003571 0.007143 0.009524 0.009524 0.015476 0.017857 0.032143 0.042857 0.053571 0.059524 0.059524 0.057143 0.046429 0.058333 0.080952 0.102381 0.126190 0.136905 0.148810 0.154762 0.163095 0.169048 0.172619 0.185714 0.113095 0.117857 0.117857 0.178571 0.184524 0.182143 0.186905 0.192857 0.202381 0.208333 0.210714 0.211905 0.215476 0.217857 0.220238 0.114286 0.111905 0.109524 0.113095 0.121429 0.129762 0.139286 0.151190 0.153571 0.148810 0.128571 0.115476 0.122619 0.142857 0.153571 0.152381
0.000000 0.000000 0.000000 0.000000 0.000000 0.000000 0.000000 0.001190 0.001190 0.001190 0.002381 0.005952 0.008333 0.013095 0.025000 0.030952 0.041667 0.048810 0.054762 0.057143 0.057143 0.055952 0.064286 0.078571 0.091667 0.102381 0.114286 0.126190 0.141667 0.142857 0.152381 0.161905 0.108333 0.110714 0.103571 0.109524 0.113095 0.176190 0.176190 0.180952 0.183333 0.190476 0.198810 0.204762 0.207143 0.209524 0.220238 0.110714 0.109524 0.114286 0.117857 0.121429 0.120238 0.129762 0.138095 0.151190 0.157143 0.148810 0.144048 0.139286 0.134524 0.139286 0.148810
0.000000 0.000000 0.000000 0.000000 0.000000 0.000000 0.000000 0.001190 0.001190 0.000000 0.001190 0.002381 0.005952 0.008333 0.011905 0.026190 0.030952 0.039286 0.047619 0.052381 0.052381 0.057143 0.061905 0.067857 0.066667 0.073810 0.080952 0.102381 0.110714 0.125000 0.133333 0.144048 0.098810 0.104762 0.105952 0.101190 0.103571 0.120238 0.166667 0.000000 0.171429 0.178571 0.184524 0.190476 0.200000 0.198810 0.207143 0.210714 0.195238 0.170238 0.132143 0.126190 0.107143 0.101190 0.079762 0.077381 0.077381 0.152381 0.150000 0.150000 0.142857 0.142857 0.139286
0.000000 0.000000 0.000000 0.000000 0.000000 0.000000 0.000000 0.000000 0.001190 0.000000 0.000000 0.000000 0.000000 0.005952 0.009524 0.014286 0.023810 0.029762 0.040476 0.044048 0.050000 0.052381 0.057143 0.064286 0.057143 0.066667 0.075000 0.088095 0.104762 0.113095 0.121429 0.127381 0.132143 0.134524 0.128571 0.116667 0.114286 0.111905 0.122619 0.000000 0.070238 0.151190 0.171429 0.179762 0.189286 0.192857 0.196429 0.207143 0.211905 0.205952 0.188095 0.171429 0.110714 0.107143 0.078571 0.065476 0.067857 0.107143 0.145238 0.148810 0.148810 0.144048 0.142857
0.000000 0.000000 0.000000 0.000000 0.000000 0.000000 0.000000 0.000000 0.000000 0.000000 0.000000 0.000000 0.000000 0.000000 0.005952 0.011905 0.017857 0.025000 0.032143 0.035714 0.035714 0.050000 0.054762 0.054762 0.051190 0.054762 0.067857 0.082143 0.084524 0.109524 0.114286 0.121429 0.126190 0.134524 0.141667 0.139286 0.133333 0.126190 0.121429 0.103571 0.092857 0.094048 0.145238 0.165476 0.175000 0.185714 0.190476 0.197619 0.207143 0.120238 0.121429 0.182143 0.110714 0.105952 0.071429 0.057143 0.053571 0.076190 0.105952 0.135714 0.145238 0.148810 0.142857
0.000000 0.000000 0.000000 0.000000 0.000000 0.000000 0.000000 0.000000 0.000000 0.000000 0.000000 0.000000 0.000000 0.000000 0.000000 0.007143 0.011905 0.020238 0.025000 0.025000 0.028571 0.038095 0.046429 0.053571 0.057143 0.060714 0.061905 0.069048 0.080952 0.086905 0.102381 0.113095 0.117857 0.129762 0.135714 0.139286 0.144048 0.141667 0.133333 0.108333 0.104762 0.108333 0.116667 0.138095 0.164286 0.179762 0.184524 0.191667 0.195238 0.120238 0.119048 0.121429 0.079762 0.078571 0.076190 0.069048 0.065476 0.058333 0.070238 0.107143 0.134524 0.144048 0.146429
0.000000 0.000000 0.000000 0.000000 0.000000 0.000000 0.000000 0.000000 0.000000 0.000000 0.000000 0.000000 0.000000 0.000000 0.000000 0.000000 0.008333 0.014286 0.020238 0.021429 0.023810 0.028571 0.038095 0.045238 0.055952 0.060714 0.000000 0.060714 0.069048 0.082143 0.086905 0.097619 0.110714 0.113095 0.127381 0.135714 0.141667 0.145238 0.145238 0.140476 0.130952 0.122619 0.115476 0.123810 0.135714 0.157143 0.175000 0.180952 0.186905 0.120238 0.115476 0.065476 0.070238 0.067857 0.060714 0.070238 0.069048 0.063095 0.064286 0.086905 0.101190 0.123810 0.135714
0.000000 0.000000 0.000000 0.000000 0.000000 0.000000 0.000000 0.000000 0.000000 0.000000 0.000000 0.000000 0.000000 0.000000 0.000000 0.000000 0.002381 0.008333 0.014286 0.020238 0.023810 0.025000 0.029762 0.039286 0.046429 0.054762 0.058333 0.055952 0.064286 0.067857 0.079762 0.091667 0.100000 0.105952 0.117857 0.125000 0.134524 0.141667 0.142857 0.144048 0.141667 0.138095 0.128571 0.122619 0.129762 0.140476 0.155952 0.166667 0.179762 0.183333 0.178571 0.076190 0.060714 0.048810 0.057143 0.063095 0.065476 0.065476 0.064286 0.075000 0.085714 0.104762 0.123810
0.000000 0.000000 0.000000 0.000000 0.000000 0.000000 0.000000 0.000000 0.000000 0.000000 0.000000 0.000000 0.000000 0.000000 0.000000 0.000000 0.000000 0.003571 0.009524 0.015476 0.020238 0.022619 0.027381 0.032143 0.039286 0.042857 0.052381 0.055952 0.058333 0.065476 0.069048 0.078571 0.092857 0.094048 0.104762 0.116667 0.126190 0.132143 0.139286 0.089286 0.138095 0.136905 0.135714 0.136905 0.127381 0.130952 0.141667 0.146429 0.164286 0.178571 0.180952 0.077381 0.071429 0.052381 0.050000 0.058333 0.059524 0.064286 0.063095 0.060714 0.064286 0.083333 0.105952
0.000000 0.000000 0.000000 0.000000 0.000000 0.000000 0.000000 0.000000 0.000000 0.000000 0.000000 0.000000 0.000000 0.000000 0.000000 0.000000 0.000000 0.002381 0.004762 0.010714 0.016667 0.019048 0.022619 0.027381 0.030952 0.040476 0.042857 0.050000 0.057143 0.057143 0.061905 0.071429 0.077381 0.084524 0.091667 0.098810 0.111905 0.117857 0.082143 0.084524 0.082143 0.129762 0.134524 0.134524 0.135714 0.128571 0.095238 0.095238 0.097619 0.100000 0.105952 0.076190 0.073810 0.058333 0.051190 0.055952 0.059524 0.058333 0.058333 0.057143 0.057143 0.075000 0.088095
0.000000 0.000000 0.000000 0.000000 0.000000 0.000000 0.000000 0.000000 0.000000 0.000000 0.000000 0.000000 0.000000 0.000000 0.000000 0.000000 0.000000 0.000000 0.004762 0.005952 0.010714 0.016667 0.020238 0.023810 0.029762 0.030952 0.040476 0.044048 0.047619 0.054762 0.055952 0.064286 0.073810 0.076190 0.085714 0.092857 0.097619 0.105952 0.075000 0.077381 0.079762 0.095238 0.126190 0.134524 0.134524 0.127381 0.094048 0.088095 0.083333 0.088095 0.091667 0.095238 0.095238 0.086905 0.077381 0.071429 0.073810 0.069048 0.069048 0.058333 0.051190 0.064286 0.075000
0.000000 0.000000 0.000000 0.000000 0.000000 0.000000 0.000000 0.000000 0.000000 0.000000 0.000000 0.000000 0.000000 0.000000 0.000000 0.000000 0.000000 0.000000 0.002381 0.005952 0.005952 0.013095 0.016667 0.020238 0.027381 0.028571 0.034524 0.038095 0.042857 0.047619 0.054762 0.055952 0.063095 0.071429 0.079762 0.084524 0.090476 0.098810 0.101190 0.097619 0.091667 0.090476 0.096429 0.121429 0.125000 0.128571 0.091667 0.086905 0.079762 0.072619 0.075000 0.089286 0.095238 0.094048 0.091667 0.085714 0.082143 0.077381 0.073810 0.053571 0.053571 0.058333 0.066667
