FireSTARR/test/output/SLK/SLK057/2018-07-08_1720/wxshield_195_2018-07-14.asc
ncols         368
nrows         393
xllcorner     561543.378600
yllcorner     5833902.364000
cellsize      100.000000
NODATA_value  0.000000
[rows 280 to 307 of 393, columns 126 to 188 of 368]
0.253571 0.251190 0.250000 0.245238 0.239286 0.235714 0.233333 0.230952 0.229762 0.232143 0.228571 0.225000 0.220238 0.178571 0.175000 0.171429 0.166667 0.161905 0.153571 0.151190 0.139286 0.129762 0.126190 0.120238 0.125000 0.122619 0.120238 0.121429 0.121429 0.110714 0.004762 0.004762 0.004762 0.002381 0.002381 0.000000 0.039286 0.051190 0.047619 0.044048 0.040476 0.004762 0.003571 0.028571 0.000000 0.017857 0.017857 0.020238 0.019048 0.015476 0.013095 0.004762 0.002381 0.001190 0.000000 0.000000 0.000000 0.000000 0.000000 0.002381 0.004762 0.009524 0.011905
0.248810 0.251190 0.250000 0.238095 0.233333 0.202381 0.198810 0.198810 0.223810 0.225000 0.227381 0.225000 0.220238 0.177381 0.177381 0.177381 0.165476 0.158333 0.150000 0.154762 0.145238 0.140476 0.136905 0.127381 0.125000 0.132143 0.138095 0.135714 0.116667 0.110714 0.103571 0.090476 0.071429 0.051190 0.040476 0.036905 0.044048 0.054762 0.050000 0.046429 0.004762 0.004762 0.004762 0.030952 0.029762 0.017857 0.017857 0.017857 0.017857 0.014286 0.014286 0.004762 0.002381 0.001190 0.000000 0.000000 0.000000 0.000000 0.000000 0.000000 0.003571 0.005952 0.008333
0.248810 0.247619 0.246429 0.238095 0.235714 0.207143 0.185714 0.179762 0.185714 0.191667 0.223810 0.225000 0.223810 0.223810 0.225000 0.180952 0.175000 0.165476 0.151190 0.151190 0.148810 0.146429 0.141667 0.141667 0.135714 0.135714 0.139286 0.139286 0.120238 0.116667 0.107143 0.090476 0.067857 0.051190 0.041667 0.035714 0.042857 0.053571 0.058333 0.054762 0.048810 0.042857 0.033333 0.030952 0.025000 0.004762 0.015476 0.015476 0.015476 0.014286 0.004762 0.004762 0.002381 0.002381 0.002381 0.001190 0.000000 0.000000 0.003571 0.003571 0.005952 0.007143 0.008333
0.248810 0.247619 0.207143 0.229762 0.230952 0.202381 0.186905 0.179762 0.183333 0.182143 0.216667 0.221429 0.225000 0.226190 0.226190 0.182143 0.175000 0.164286 0.152381 0.152381 0.160714 0.164286 0.161905 0.153571 0.145238 0.138095 0.139286 0.134524 0.132143 0.125000 0.107143 0.096429 0.071429 0.058333 0.041667 0.032143 0.035714 0.052381 0.060714 0.057143 0.051190 0.042857 0.035714 0.029762 0.022619 0.004762 0.002381 0.003571 0.002381 0.003571 0.014286 0.011905 0.010714 0.013095 0.010714 0.010714 0.007143 0.002381 0.005952 0.005952 0.005952 0.007143 0.007143
0.238095 0.241667 0.207143 0.196429 0.203571 0.233333 0.234524 0.221429 0.220238 0.215476 0.214286 0.217857 0.220238 0.222619 0.221429 0.178571 0.173810 0.169048 0.157143 0.155952 0.165476 0.165476 0.160714 0.153571 0.142857 0.139286 0.138095 0.133333 0.132143 0.123810 0.114286 0.088095 0.078571 0.060714 0.041667 0.003571 0.003571 0.003571 0.060714 0.055952 0.052381 0.039286 0.034524 0.028571 0.000000 0.004762 0.002381 0.002381 0.001190 0.001190 0.009524 0.008333 0.008333 0.008333 0.009524 0.011905 0.008333 0.007143 0.002381 0.001190 0.001190 0.001190 0.001190
0.227381 0.230952 0.197619 0.190476 0.185714 0.221429 0.228571 0.221429 0.226190 0.221429 0.221429 0.216667 0.221429 0.217857 0.222619 0.223810 0.220238 0.173810 0.158333 0.158333 0.165476 0.167857 0.153571 0.150000 0.139286 0.138095 0.134524 0.132143 0.128571 0.122619 0.111905 0.077381 0.064286 0.058333 0.030952 0.003571 0.003571 0.003571 0.054762 0.051190 0.050000 0.034524 0.033333 0.025000 0.016667 0.014286 0.000000 0.010714 0.009524 0.010714 0.010714 0.008333 0.000000 0.000000 0.009524 0.010714 0.005952 0.005952 0.002381 0.001190 0.001190 0.000000 0.001190
0.216667 0.220238 0.222619 0.216667 0.217857 0.220238 0.222619 0.226190 0.221429 0.221429 0.223810 0.215476 0.219048 0.217857 0.220238 0.219048 0.217857 0.173810 0.158333 0.158333 0.172619 0.172619 0.154762 0.145238 0.135714 0.134524 0.130952 0.000000 0.122619 0.121429 0.004762 0.004762 0.004762 0.004762 0.003571 0.003571 0.003571 0.059524 0.055952 0.051190 0.046429 0.027381 0.023810 0.015476 0.011905 0.013095 0.013095 0.013095 0.010714 0.010714 0.010714 0.008333 0.007143 0.007143 0.010714 0.002381 0.002381 0.002381 0.002381 0.001190 0.000000 0.000000 0.001190
0.201190 0.208333 0.213095 0.215476 0.217857 0.216667 0.219048 0.222619 0.226190 0.223810 0.220238 0.216667 0.221429 0.220238 0.226190 0.221429 0.214286 0.172619 0.160714 0.161905 0.173810 0.171429 0.158333 0.144048 0.138095 0.135714 0.135714 0.130952 0.132143 0.125000 0.003571 0.003571 0.002381 0.002381 0.001190 0.000000 0.000000 0.061905 0.058333 0.053571 0.044048 0.026190 0.015476 0.011905 0.008333 0.000000 0.010714 0.010714 0.010714 0.010714 0.010714 0.007143 0.007143 0.007143 0.009524 0.002381 0.002381 0.001190 0.001190 0.001190 0.000000 0.000000 0.001190
0.000000 0.000000 0.198810 0.210714 0.214286 0.215476 0.221429 0.217857 0.225000 0.225000 0.214286 0.221429 0.228571 0.226190 0.221429 0.220238 0.217857 0.171429 0.165476 0.165476 0.177381 0.177381 0.154762 0.144048 0.139286 0.142857 0.140476 0.135714 0.130952 0.123810 0.003571 0.004762 0.004762 0.004762 0.004762 0.004762 0.002381 0.064286 0.063095 0.057143 0.036905 0.019048 0.011905 0.005952 0.003571 0.005952 0.008333 0.009524 0.009524 0.010714 0.002381 0.002381 0.002381 0.002381 0.002381 0.009524 0.002381 0.002381 0.002381 0.002381 0.001190 0.001190 0.001190
0.170238 0.000000 0.164286 0.186905 0.211905 0.220238 0.221429 0.219048 0.223810 0.195238 0.192857 0.195238 0.222619 0.226190 0.225000 0.221429 0.214286 0.171429 0.160714 0.194048 0.190476 0.183333 0.157143 0.139286 0.134524 0.138095 0.136905 0.133333 0.128571 0.126190 0.115476 0.110714 0.104762 0.092857 0.072619 0.004762 0.003571 0.066667 0.065476 0.059524 0.034524 0.010714 0.005952 0.005952 0.002381 0.003571 0.005952 0.005952 0.007143 0.007143 0.002381 0.002381 0.002381 0.001190 0.000000 0.007143 0.007143 0.003571 0.003571 0.003571 0.002381 0.001190 0.001190
0.177381 0.182143 0.158333 0.157143 0.215476 0.225000 0.225000 0.219048 0.219048 0.194048 0.178571 0.176190 0.210714 0.220238 0.220238 0.216667 0.210714 0.205952 0.202381 0.204762 0.196429 0.190476 0.003571 0.133333 0.136905 0.134524 0.134524 0.129762 0.129762 0.120238 0.114286 0.111905 0.107143 0.096429 0.078571 0.004762 0.003571 0.070238 0.066667 0.059524 0.022619 0.010714 0.008333 0.004762 0.004762 0.002381 0.002381 0.005952 0.005952 0.004762 0.002381 0.002381 0.002381 0.000000 0.000000 0.003571 0.002381 0.003571 0.003571 0.003571 0.002381 0.002381 0.000000
0.186905 0.190476 0.191667 0.196429 0.203571 0.216667 0.216667 0.213095 0.219048 0.192857 0.183333 0.178571 0.208333 0.217857 0.221429 0.211905 0.204762 0.202381 0.200000 0.198810 0.191667 0.186905 0.003571 0.003571 0.130952 0.125000 0.119048 0.113095 0.122619 0.119048 0.114286 0.110714 0.105952 0.096429 0.004762 0.004762 0.004762 0.076190 0.075000 0.063095 0.021429 0.011905 0.007143 0.005952 0.005952 0.002381 0.002381 0.004762 0.004762 0.003571 0.002381 0.001190 0.004762 0.004762 0.005952 0.001190 0.000000 0.000000 0.001190 0.003571 0.003571 0.002381 0.001190
0.192857 0.203571 0.201190 0.207143 0.203571 0.209524 0.213095 0.215476 0.215476 0.215476 0.217857 0.215476 0.215476 0.214286 0.186905 0.178571 0.177381 0.166667 0.194048 0.191667 0.185714 0.183333 0.003571 0.003571 0.147619 0.136905 0.129762 0.115476 0.127381 0.126190 0.117857 0.113095 0.104762 0.095238 0.092857 0.090476 0.083333 0.084524 0.082143 0.004762 0.004762 0.003571 0.002381 0.002381 0.002381 0.002381 0.002381 0.004762 0.004762 0.005952 0.003571 0.003571 0.007143 0.007143 0.007143 0.003571 0.001190 0.000000 0.000000 0.001190 0.002381 0.002381 0.002381
0.214286 0.211905 0.215476 0.214286 0.213095 0.210714 0.211905 0.213095 0.213095 0.211905 0.216667 0.216667 0.214286 0.213095 0.176190 0.167857 0.165476 0.161905 0.164286 0.161905 0.155952 0.147619 0.164286 0.163095 0.161905 0.157143 0.141667 0.130952 0.139286 0.126190 0.123810 0.122619 0.113095 0.097619 0.094048 0.090476 0.091667 0.090476 0.088095 0.004762 0.003571 0.002381 0.002381 0.000000 0.000000 0.000000 0.000000 0.007143 0.007143 0.007143 0.007143 0.008333 0.008333 0.013095 0.003571 0.003571 0.000000 0.000000 0.000000 0.000000 0.000000 0.000000 0.000000
0.232143 0.226190 0.221429 0.220238 0.217857 0.210714 0.208333 0.208333 0.210714 0.183333 0.185714 0.213095 0.210714 0.209524 0.177381 0.172619 0.161905 0.163095 0.160714 0.159524 0.138095 0.130952 0.138095 0.154762 0.160714 0.160714 0.000000 0.000000 0.000000 0.141667 0.140476 0.138095 0.111905 0.100000 0.095238 0.089286 0.089286 0.090476 0.090476 0.004762 0.004762 0.004762 0.004762 0.004762 0.004762 0.004762 0.004762 0.014286 0.011905 0.010714 0.013095 0.013095 0.013095 0.013095 0.003571 0.002381 0.000000 0.000000 0.000000 0.001190 0.000000 0.000000 0.000000
0.238095 0.233333 0.229762 0.223810 0.211905 0.210714 0.211905 0.210714 0.211905 0.179762 0.173810 0.198810 0.203571 0.204762 0.169048 0.159524 0.180952 0.179762 0.180952 0.160714 0.140476 0.003571 0.003571 0.139286 0.148810 0.148810 0.000000 0.120238 0.123810 0.130952 0.130952 0.132143 0.108333 0.100000 0.095238 0.089286 0.090476 0.092857 0.091667 0.090476 0.086905 0.084524 0.077381 0.063095 0.058333 0.038095 0.026190 0.004762 0.003571 0.003571 0.011905 0.014286 0.013095 0.011905 0.003571 0.002381 0.002381 0.002381 0.002381 0.003571 0.002381 0.001190 0.000000
0.247619 0.240476 0.239286 0.229762 0.000000 0.194048 0.204762 0.207143 0.208333 0.177381 0.172619 0.196429 0.202381 0.203571 0.169048 0.155952 0.180952 0.185714 0.185714 0.159524 0.142857 0.003571 0.003571 0.003571 0.128571 0.128571 0.141667 0.142857 0.139286 0.134524 0.129762 0.000000 0.107143 0.098810 0.091667 0.090476 0.090476 0.094048 0.091667 0.091667 0.086905 0.083333 0.077381 0.067857 0.059524 0.028571 0.026190 0.004762 0.003571 0.002381 0.002381 0.002381 0.008333 0.008333 0.008333 0.008333 0.008333 0.008333 0.007143 0.002381 0.002381 0.001190 0.000000
0.248810 0.246429 0.240476 0.234524 0.000000 0.000000 0.167857 0.175000 0.177381 0.197619 0.204762 0.202381 0.207143 0.207143 0.192857 0.197619 0.189286 0.192857 0.191667 0.163095 0.141667 0.003571 0.004762 0.002381 0.111905 0.114286 0.129762 0.139286 0.136905 0.134524 0.129762 0.119048 0.100000 0.096429 0.094048 0.090476 0.091667 0.092857 0.090476 0.088095 0.079762 0.080952 0.075000 0.066667 0.058333 0.025000 0.022619 0.003571 0.002381 0.002381 0.001190 0.000000 0.007143 0.008333 0.008333 0.009524 0.009524 0.008333 0.004762 0.002381 0.002381 0.000000 0.000000
0.248810 0.246429 0.245238 0.239286 0.000000 0.000000 0.130952 0.163095 0.172619 0.176190 0.190476 0.200000 0.207143 0.208333 0.196429 0.198810 0.194048 0.194048 0.192857 0.158333 0.133333 0.121429 0.108333 0.108333 0.110714 0.119048 0.116667 0.120238 0.127381 0.130952 0.128571 0.119048 0.103571 0.100000 0.095238 0.095238 0.094048 0.091667 0.090476 0.085714 0.076190 0.072619 0.069048 0.063095 0.003571 0.003571 0.003571 0.003571 0.002381 0.002381 0.001190 0.000000 0.005952 0.008333 0.009524 0.009524 0.009524 0.009524 0.004762 0.002381 0.002381 0.000000 0.000000
0.244048 0.246429 0.241667 0.239286 0.235714 0.229762 0.209524 0.203571 0.179762 0.154762 0.155952 0.185714 0.200000 0.191667 0.195238 0.195238 0.196429 0.195238 0.190476 0.157143 0.135714 0.117857 0.120238 0.115476 0.119048 0.123810 0.116667 0.110714 0.115476 0.116667 0.114286 0.113095 0.101190 0.101190 0.097619 0.095238 0.094048 0.091667 0.090476 0.088095 0.078571 0.075000 0.069048 0.065476 0.003571 0.003571 0.003571 0.004762 0.004762 0.002381 0.000000 0.005952 0.008333 0.010714 0.010714 0.009524 0.002381 0.002381 0.002381 0.002381 0.002381 0.000000 0.000000
0.247619 0.246429 0.240476 0.241667 0.238095 0.235714 0.233333 0.225000 0.182143 0.000000 0.000000 0.172619 0.192857 0.186905 0.194048 0.195238 0.191667 0.191667 0.163095 0.157143 0.132143 0.113095 0.121429 0.120238 0.122619 0.125000 0.115476 0.111905 0.101190 0.104762 0.101190 0.096429 0.096429 0.096429 0.095238 0.091667 0.092857 0.092857 0.090476 0.086905 0.078571 0.077381 0.072619 0.065476 0.063095 0.060714 0.054762 0.050000 0.000000 0.004762 0.004762 0.015476 0.014286 0.014286 0.000000 0.011905 0.002381 0.002381 0.001190 0.000000 0.000000 0.000000 0.000000
0.245238 0.241667 0.242857 0.239286 0.239286 0.235714 0.232143 0.229762 0.188095 0.158333 0.000000 0.000000 0.192857 0.185714 0.188095 0.189286 0.180952 0.183333 0.160714 0.146429 0.120238 0.102381 0.123810 0.125000 0.125000 0.126190 0.116667 0.111905 0.102381 0.103571 0.102381 0.095238 0.097619 0.096429 0.097619 0.091667 0.088095 0.088095 0.088095 0.085714 0.085714 0.084524 0.075000 0.069048 0.064286 0.059524 0.057143 0.051190 0.046429 0.042857 0.029762 0.021429 0.020238 0.021429 0.019048 0.015476 0.003571 0.002381 0.002381 0.001190 0.000000 0.000000 0.000000
0.245238 0.244048 0.238095 0.239286 0.240476 0.235714 0.233333 0.230952 0.233333 0.228571 0.216667 0.208333 0.200000 0.184524 0.186905 0.184524 0.184524 0.175000 0.157143 0.147619 0.000000 0.000000 0.000000 0.121429 0.123810 0.123810 0.115476 0.110714 0.101190 0.104762 0.100000 0.097619 0.096429 0.095238 0.094048 0.092857 0.091667 0.085714 0.088095 0.092857 0.090476 0.083333 0.072619 0.069048 0.066667 0.060714 0.059524 0.051190 0.046429 0.038095 0.025000 0.023810 0.022619 0.022619 0.022619 0.016667 0.003571 0.002381 0.002381 0.001190 0.000000 0.000000 0.000000
0.240476 0.240476 0.239286 0.234524 0.230952 0.229762 0.228571 0.228571 0.233333 0.227381 0.223810 0.223810 0.220238 0.190476 0.190476 0.185714 0.176190 0.169048 0.152381 0.146429 0.000000 0.000000 0.083333 0.115476 0.120238 0.120238 0.113095 0.110714 0.103571 0.102381 0.102381 0.100000 0.096429 0.097619 0.095238 0.095238 0.094048 0.089286 0.089286 0.090476 0.091667 0.083333 0.073810 0.070238 0.069048 0.060714 0.060714 0.051190 0.046429 0.028571 0.023810 0.022619 0.021429 0.022619 0.020238 0.017857 0.003571 0.002381 0.002381 0.000000 0.000000 0.000000 0.000000
0.235714 0.233333 0.233333 0.232143 0.228571 0.227381 0.226190 0.225000 0.226190 0.220238 0.220238 0.221429 0.220238 0.203571 0.195238 0.191667 0.179762 0.171429 0.150000 0.148810 0.000000 0.000000 0.095238 0.110714 0.121429 0.120238 0.116667 0.113095 0.105952 0.103571 0.100000 0.097619 0.095238 0.103571 0.103571 0.098810 0.096429 0.086905 0.088095 0.090476 0.089286 0.079762 0.073810 0.066667 0.069048 0.063095 0.060714 0.000000 0.042857 0.019048 0.016667 0.016667 0.021429 0.021429 0.000000 0.000000 0.000000 0.000000 0.000000 0.000000 0.000000 0.000000 0.000000
0.220238 0.228571 0.230952 0.227381 0.227381 0.223810 0.222619 0.226190 0.227381 0.223810 0.217857 0.216667 0.219048 0.175000 0.173810 0.186905 0.173810 0.167857 0.167857 0.173810 0.169048 0.134524 0.109524 0.115476 0.117857 0.121429 0.116667 0.111905 0.103571 0.097619 0.100000 0.101190 0.098810 0.105952 0.101190 0.098810 0.085714 0.084524 0.083333 0.080952 0.080952 0.075000 0.073810 0.067857 0.069048 0.064286 0.066667 0.063095 0.004762 0.010714 0.010714 0.011905 0.014286 0.017857 0.017857 0.020238 0.000000 0.000000 0.000000 0.001190 0.000000 0.000000 0.000000
0.209524 0.217857 0.222619 0.222619 0.223810 0.223810 0.222619 0.223810 0.228571 0.221429 0.219048 0.219048 0.216667 0.175000 0.169048 0.185714 0.166667 0.167857 0.166667 0.167857 0.148810 0.140476 0.120238 0.116667 0.117857 0.117857 0.117857 0.111905 0.103571 0.101190 0.100000 0.100000 0.097619 0.104762 0.098810 0.097619 0.080952 0.000000 0.077381 0.077381 0.076190 0.069048 0.069048 0.067857 0.000000 0.063095 0.065476 0.065476 0.004762 0.002381 0.002381 0.003571 0.003571 0.014286 0.015476 0.019048 0.020238 0.020238 0.003571 0.002381 0.000000 0.000000 0.000000
0.196429 0.202381 0.207143 0.213095 0.220238 0.223810 0.223810 0.225000 0.223810 0.220238 0.219048 0.219048 0.215476 0.215476 0.210714 0.003571 0.148810 0.158333 0.160714 0.160714 0.146429 0.126190 0.120238 0.116667 0.108333 0.111905 0.111905 0.108333 0.098810 0.100000 0.100000 0.103571 0.100000 0.101190 0.095238 0.084524 0.060714 0.000000 0.057143 0.066667 0.070238 0.065476 0.066667 0.072619 0.073810 0.067857 0.069048 0.065476 0.004762 0.004762 0.004762 0.004762 0.002381 0.008333 0.010714 0.020238 0.021429 0.020238 0.003571 0.002381 0.001190 0.000000 0.000000
