FireSTARR/test/output/SLK/SLK007/2018-05-21_1921/intensity_H_154_2018-06-03.asc
ncols         358
nrows         271
xllcorner     469043.378600
yllcorner     5667402.364000
cellsize      100.000000
NODATA_value  0.000000
[rows 140 to 167 of 271, columns 126 to 188 of 358]
0.006448 0.007440 0.007440 0.007937 0.007937 0.006944 0.006944 0.000000 0.000000 0.011409 0.011905 0.012401 0.012897 0.013393 0.013393 0.013393 0.012897 0.005456 0.005456 0.013393 0.015377 0.015377 0.001488 0.001488 0.001984 0.002480 0.002480 0.006448 0.006944 0.006944 0.007440 0.007937 0.008433 0.009921 0.011905 0.012897 0.013889 0.013889 0.014881 0.016369 0.018849 0.019345 0.020833 0.022321 0.021329 0.023313 0.024306 0.025298 0.024802 0.025794 0.003968 0.003968 0.028770 0.029762 0.028274 0.028770 0.027778 0.028770 0.030754 0.031746 0.030754 0.030258 0.008433
0.006448 0.007440 0.007937 0.007937 0.007440 0.007440 0.007440 0.000000 0.000000 0.010417 0.011905 0.012897 0.012897 0.013393 0.013393 0.012897 0.012897 0.012401 0.013393 0.013889 0.014881 0.015873 0.001488 0.001488 0.001488 0.001488 0.001984 0.006944 0.006944 0.006944 0.008433 0.007937 0.008433 0.009921 0.010913 0.011409 0.013393 0.013889 0.014881 0.016865 0.018849 0.019841 0.019345 0.019841 0.021825 0.023810 0.024306 0.027282 0.028770 0.000000 0.029266 0.029266 0.028770 0.029266 0.029266 0.028274 0.028274 0.028770 0.029266 0.029762 0.030258 0.029762 0.007440
0.006944 0.007440 0.007937 0.008433 0.008433 0.007937 0.007440 0.007440 0.008433 0.009921 0.011905 0.012897 0.013889 0.013393 0.013393 0.012897 0.013393 0.012897 0.013393 0.014385 0.015377 0.015873 0.001488 0.001984 0.001984 0.002976 0.002480 0.000000 0.000000 0.002480 0.000992 0.000992 0.000992 0.001984 0.010417 0.012401 0.012401 0.013393 0.014881 0.016369 0.017857 0.019345 0.019841 0.021825 0.023810 0.025298 0.027282 0.028770 0.000000 0.031250 0.031250 0.031746 0.028274 0.029266 0.028770 0.028770 0.028274 0.027282 0.029266 0.030754 0.030754 0.029762 0.008929
0.006944 0.007937 0.007937 0.008433 0.008433 0.007937 0.007937 0.007937 0.008433 0.000992 0.001488 0.012897 0.014385 0.014385 0.013393 0.013889 0.013889 0.013393 0.013889 0.014881 0.015377 0.016865 0.001984 0.002976 0.003472 0.003472 0.003472 0.000000 0.000000 0.002480 0.002976 0.002976 0.001984 0.002480 0.009921 0.011905 0.012897 0.001984 0.001984 0.015873 0.018353 0.019345 0.020337 0.023313 0.024802 0.027778 0.027282 0.030258 0.030754 0.032738 0.032738 0.031250 0.029762 0.027282 0.029762 0.030258 0.028770 0.029762 0.030258 0.031250 0.031746 0.031250 0.007937
0.000000 0.007937 0.007937 0.007937 0.007937 0.008929 0.007937 0.007937 0.008929 0.000992 0.001488 0.013393 0.014385 0.014385 0.014881 0.013889 0.014385 0.013889 0.013393 0.014881 0.015873 0.016865 0.018353 0.019841 0.019345 0.018353 0.010913 0.010417 0.006944 0.000000 0.000000 0.002976 0.002976 0.002480 0.009921 0.011905 0.012401 0.001488 0.002480 0.016369 0.018353 0.020833 0.022321 0.024306 0.027282 0.026786 0.027778 0.029762 0.031250 0.034226 0.033234 0.029762 0.027778 0.029266 0.028770 0.029762 0.028770 0.029266 0.031746 0.030754 0.030754 0.029762 0.000000
0.000000 0.007937 0.007937 0.007937 0.007440 0.008929 0.000992 0.000992 0.000496 0.010913 0.012401 0.012897 0.013889 0.014881 0.014881 0.014385 0.013889 0.013393 0.013889 0.015377 0.015873 0.016865 0.018353 0.018849 0.018353 0.016369 0.011409 0.008433 0.006448 0.000000 0.000000 0.002480 0.001984 0.001984 0.001984 0.001984 0.011409 0.013393 0.014881 0.014881 0.018353 0.021329 0.023313 0.025298 0.028770 0.027778 0.029266 0.030258 0.031746 0.034226 0.029762 0.028274 0.027778 0.029762 0.030754 0.027778 0.028274 0.029266 0.032242 0.030754 0.031250 0.000000 0.000000
0.000000 0.007937 0.007937 0.007937 0.007937 0.008929 0.000992 0.000992 0.000496 0.010417 0.011409 0.012897 0.013393 0.013393 0.014881 0.014385 0.001488 0.001488 0.001488 0.014385 0.015873 0.017857 0.017361 0.018849 0.002976 0.013889 0.009921 0.007440 0.004960 0.000000 0.000000 0.001488 0.001488 0.001984 0.001984 0.001984 0.011409 0.011905 0.014881 0.017857 0.019345 0.021329 0.023313 0.026290 0.027282 0.029266 0.030754 0.031250 0.033730 0.002480 0.002480 0.002976 0.001984 0.030258 0.031250 0.027778 0.027778 0.025794 0.032738 0.032738 0.029266 0.000000 0.000000
0.000000 0.008433 0.008433 0.007937 0.008433 0.008433 0.008929 0.009425 0.000496 0.010417 0.012401 0.012897 0.013393 0.013889 0.014385 0.013889 0.001488 0.001488 0.001488 0.014385 0.014881 0.016369 0.017361 0.018353 0.002976 0.003472 0.000000 0.000000 0.000000 0.002480 0.001984 0.007937 0.008433 0.008929 0.008929 0.009921 0.010417 0.011409 0.013393 0.016865 0.018353 0.022321 0.023810 0.026786 0.027778 0.030754 0.032738 0.034226 0.035218 0.002976 0.002480 0.002976 0.002976 0.002480 0.007937 0.009425 0.026786 0.029762 0.033730 0.000000 0.000000 0.000000 0.000000
0.008433 0.008433 0.008433 0.008433 0.008929 0.008433 0.008929 0.008929 0.008929 0.010913 0.012401 0.012897 0.013889 0.014881 0.014881 0.014385 0.001488 0.001488 0.001984 0.013889 0.014881 0.015377 0.016865 0.017857 0.002976 0.002976 0.000000 0.000000 0.000000 0.003472 0.001488 0.006944 0.008433 0.008433 0.008929 0.009425 0.001488 0.001488 0.001984 0.002976 0.001488 0.022321 0.025298 0.028770 0.031746 0.032738 0.032738 0.034722 0.037698 0.002976 0.003968 0.003472 0.001984 0.002480 0.007937 0.008929 0.026290 0.031250 0.035714 0.000000 0.000000 0.000000 0.014385
0.007937 0.008433 0.007937 0.007937 0.007937 0.008433 0.008929 0.009425 0.010417 0.010913 0.011905 0.012401 0.013889 0.015377 0.015377 0.014881 0.001488 0.001488 0.012897 0.013393 0.015873 0.016369 0.015873 0.018849 0.018849 0.019345 0.002976 0.003472 0.000000 0.002976 0.001488 0.007440 0.007440 0.007937 0.008433 0.009425 0.002480 0.001984 0.002480 0.002976 0.002480 0.023313 0.029266 0.030258 0.032738 0.032738 0.034722 0.035218 0.038690 0.038690 0.039187 0.041667 0.043651 0.044643 0.008433 0.010417 0.009921 0.009425 0.037698 0.000000 0.000000 0.011905 0.014385
0.007937 0.007937 0.007440 0.007937 0.007440 0.007937 0.009921 0.010417 0.010913 0.011409 0.011409 0.000496 0.000992 0.014881 0.015377 0.015377 0.001488 0.001984 0.013889 0.012401 0.014881 0.016369 0.016865 0.019841 0.019841 0.018849 0.002976 0.003472 0.003472 0.002976 0.001488 0.000000 0.000000 0.000000 0.000496 0.000496 0.000496 0.000000 0.000496 0.002480 0.001984 0.026786 0.029266 0.030754 0.032738 0.032738 0.035218 0.038690 0.040179 0.040675 0.041171 0.041171 0.045139 0.045635 0.009425 0.010913 0.010417 0.010913 0.011409 0.048115 0.046627 0.005456 0.004960
0.007937 0.007440 0.007440 0.007440 0.007440 0.008929 0.009425 0.009425 0.009921 0.010913 0.011409 0.000496 0.000992 0.015377 0.014881 0.015377 0.001984 0.001984 0.001984 0.001984 0.001984 0.016865 0.019345 0.021825 0.020337 0.020337 0.002976 0.003472 0.003472 0.002976 0.001984 0.000496 0.000496 0.000496 0.000496 0.000000 0.000000 0.000000 0.001984 0.003472 0.002480 0.028274 0.029762 0.032242 0.033234 0.034226 0.039187 0.039683 0.040179 0.042163 0.041171 0.042163 0.044147 0.045635 0.010417 0.010913 0.010913 0.009921 0.010417 0.047123 0.048115 0.005456 0.002976
0.008433 0.006944 0.006944 0.006944 0.007937 0.007937 0.008929 0.009425 0.010417 0.010913 0.010913 0.000496 0.000992 0.014881 0.014385 0.014881 0.001488 0.001488 0.001488 0.002480 0.001984 0.016369 0.019345 0.021329 0.020833 0.020833 0.002976 0.003472 0.003472 0.002976 0.000496 0.000000 0.000000 0.000000 0.000000 0.000000 0.000000 0.000000 0.000000 0.001984 0.002976 0.029762 0.032242 0.032738 0.033234 0.036210 0.039187 0.039683 0.042659 0.043155 0.042659 0.042163 0.043155 0.045635 0.047123 0.046627 0.046627 0.049107 0.048115 0.047619 0.048115 0.046627 0.045635
0.008433 0.006448 0.006944 0.006944 0.008433 0.008433 0.008929 0.009425 0.010913 0.011905 0.010913 0.011905 0.013393 0.014385 0.014881 0.014881 0.015377 0.013889 0.000992 0.001984 0.002480 0.017857 0.019345 0.021329 0.020833 0.018353 0.002976 0.003968 0.003472 0.000000 0.000000 0.000000 0.000000 0.000000 0.000000 0.000000 0.000000 0.000000 0.000000 0.024306 0.028274 0.029762 0.033234 0.034226 0.035714 0.039683 0.039187 0.039187 0.042659 0.045139 0.044643 0.044643 0.044643 0.047619 0.048115 0.048611 0.049107 0.050099 0.051091 0.050099 0.048115 0.047619 0.045139
0.007440 0.006944 0.006944 0.006944 0.007937 0.008433 0.009921 0.010417 0.010913 0.011409 0.011409 0.012897 0.012401 0.014385 0.013889 0.015377 0.015873 0.012401 0.000992 0.000992 0.001488 0.019345 0.019345 0.020337 0.019841 0.017857 0.003472 0.003472 0.000000 0.000000 0.000000 0.000000 0.000000 0.000000 0.000000 0.000000 0.000000 0.000000 0.021825 0.025794 0.029762 0.032242 0.034226 0.035714 0.037698 0.040179 0.042163 0.040179 0.042659 0.044643 0.047123 0.046131 0.048115 0.047619 0.048611 0.049107 0.050595 0.051587 0.051587 0.051091 0.050099 0.048115 0.039683
0.005952 0.006944 0.006944 0.007440 0.008433 0.008929 0.010417 0.009921 0.010417 0.010417 0.010417 0.012897 0.013393 0.014881 0.015377 0.015873 0.016369 0.000000 0.000000 0.000992 0.018353 0.019345 0.019345 0.019345 0.017857 0.003472 0.004464 0.002976 0.015377 0.000000 0.000000 0.000000 0.000000 0.000000 0.000000 0.000000 0.013889 0.017857 0.022321 0.026786 0.029762 0.032242 0.034226 0.036706 0.038690 0.040675 0.042163 0.042659 0.042163 0.044147 0.047619 0.048611 0.049603 0.049107 0.050099 0.050595 0.052083 0.053571 0.053075 0.051587 0.050595 0.000000 0.000000
0.006448 0.006448 0.006944 0.007937 0.008433 0.009425 0.009921 0.010913 0.010913 0.011409 0.011409 0.011905 0.013393 0.014385 0.015377 0.016865 0.018353 0.017361 0.000000 0.000000 0.019841 0.019841 0.019841 0.002976 0.016865 0.003472 0.003472 0.003472 0.016369 0.015873 0.000000 0.000000 0.000000 0.000000 0.000000 0.000496 0.000000 0.000000 0.022321 0.026786 0.030258 0.033730 0.035218 0.038194 0.042163 0.043651 0.044147 0.045139 0.045139 0.045635 0.047619 0.047123 0.051091 0.050099 0.049603 0.051587 0.053571 0.052579 0.052083 0.050099 0.050595 0.000000 0.000000
0.006944 0.007440 0.007937 0.008433 0.009921 0.009921 0.009921 0.010417 0.010913 0.010913 0.011905 0.011409 0.013889 0.014385 0.014881 0.015377 0.016369 0.017361 0.001984 0.001984 0.021329 0.021329 0.020833 0.002976 0.003472 0.019345 0.018849 0.019345 0.015873 0.014385 0.000000 0.000000 0.000000 0.000000 0.000000 0.000000 0.000000 0.000000 0.000000 0.026290 0.031746 0.036706 0.039683 0.040675 0.042659 0.044147 0.045139 0.046131 0.046627 0.048115 0.049603 0.050595 0.052083 0.052579 0.052083 0.052579 0.052579 0.052579 0.053075 0.050595 0.049603 0.000000 0.000000
0.007440 0.007440 0.008433 0.007937 0.009921 0.009921 0.010417 0.010913 0.010417 0.010913 0.010913 0.010417 0.012401 0.012897 0.014385 0.015873 0.016865 0.017361 0.018353 0.001984 0.020337 0.021329 0.021825 0.003472 0.003472 0.019345 0.018353 0.016369 0.012897 0.000000 0.000000 0.000000 0.000000 0.000000 0.000000 0.000000 0.000496 0.000992 0.000000 0.000000 0.034226 0.037698 0.040179 0.041171 0.045139 0.047123 0.047619 0.048115 0.050595 0.049603 0.050595 0.052579 0.053075 0.053075 0.052083 0.054067 0.054563 0.053571 0.053571 0.049107 0.000000 0.000000 0.000000
0.006944 0.007440 0.007937 0.007937 0.008929 0.009921 0.010417 0.010913 0.009921 0.009921 0.010417 0.010417 0.011409 0.011905 0.012897 0.015873 0.016369 0.017361 0.018849 0.018849 0.019841 0.021329 0.020833 0.002976 0.001984 0.018849 0.000000 0.000000 0.000000 0.000000 0.000000 0.000000 0.000000 0.000000 0.000000 0.000000 0.000000 0.001984 0.000000 0.000000 0.035218 0.038194 0.040179 0.043651 0.047123 0.048115 0.047123 0.049107 0.049603 0.050595 0.051091 0.052083 0.053571 0.054563 0.055060 0.054563 0.054563 0.055556 0.052579 0.048115 0.000000 0.000000 0.000000
0.006944 0.006944 0.007440 0.007937 0.008433 0.007937 0.009425 0.009425 0.009921 0.010417 0.009921 0.008929 0.009425 0.012401 0.013393 0.014881 0.016369 0.017361 0.018353 0.019345 0.019841 0.021329 0.020337 0.002480 0.001488 0.019841 0.000000 0.000000 0.000000 0.000000 0.000000 0.000000 0.000000 0.000000 0.000000 0.000000 0.000000 0.000000 0.028274 0.000000 0.036706 0.039187 0.040675 0.042659 0.045635 0.046131 0.046131 0.049603 0.049603 0.050595 0.052579 0.052083 0.054563 0.055060 0.057540 0.057044 0.055556 0.054067 0.013393 0.000000 0.000000 0.000000 0.000000
0.006448 0.006448 0.007440 0.006448 0.006944 0.007937 0.008433 0.009425 0.009921 0.010417 0.009921 0.008929 0.009425 0.012897 0.014881 0.014881 0.015873 0.016865 0.017361 0.017857 0.019841 0.020337 0.001984 0.002976 0.001984 0.019841 0.019841 0.004464 0.003968 0.003968 0.000000 0.000000 0.000000 0.028274 0.000000 0.000000 0.000000 0.000000 0.029266 0.000000 0.038690 0.039187 0.040179 0.042659 0.045635 0.046627 0.046627 0.049603 0.050595 0.050595 0.053571 0.053571 0.054563 0.054563 0.057044 0.058036 0.056052 0.052083 0.000000 0.000000 0.000000 0.000000 0.042163
0.006448 0.006944 0.000496 0.000496 0.000992 0.007937 0.008929 0.009425 0.010417 0.010417 0.009425 0.009425 0.010417 0.012897 0.014385 0.014385 0.015873 0.017361 0.016865 0.017361 0.018849 0.018849 0.001488 0.002976 0.001984 0.019345 0.019841 0.019841 0.021825 0.024306 0.025794 0.000000 0.000000 0.029762 0.031746 0.000000 0.000000 0.031746 0.029266 0.000000 0.037202 0.038690 0.039683 0.043155 0.045635 0.047123 0.047619 0.048611 0.050595 0.051091 0.052579 0.053075 0.054067 0.056548 0.059028 0.058036 0.055060 0.049107 0.000000 0.000000 0.040179 0.041171 0.043155
0.007440 0.006944 0.000496 0.000992 0.000992 0.007440 0.008433 0.008929 0.009921 0.009425 0.008929 0.009425 0.010417 0.000000 0.014385 0.013393 0.015873 0.016865 0.018353 0.017361 0.018849 0.017857 0.001488 0.002976 0.001984 0.019345 0.020337 0.019841 0.021825 0.023810 0.024802 0.028274 0.031250 0.000000 0.031746 0.032242 0.033234 0.005952 0.005456 0.005952 0.037202 0.038194 0.039683 0.043651 0.046627 0.048611 0.050099 0.052083 0.052083 0.052579 0.053075 0.053571 0.058532 0.059028 0.058532 0.058036 0.049603 0.000000 0.000000 0.040675 0.042659 0.041171 0.044147
0.006944 0.006944 0.000496 0.000496 0.000000 0.007440 0.008433 0.008433 0.008929 0.008433 0.008929 0.008929 0.009921 0.012897 0.014881 0.013889 0.016865 0.017857 0.019345 0.018353 0.017361 0.017361 0.003472 0.004960 0.003472 0.019841 0.020337 0.003472 0.003472 0.021825 0.024802 0.029762 0.031746 0.030754 0.031746 0.032738 0.032242 0.005952 0.005456 0.006448 0.036210 0.038194 0.040179 0.043651 0.046627 0.049107 0.053075 0.053571 0.054067 0.055060 0.053571 0.055556 0.058532 0.058036 0.058036 0.014881 0.013393 0.000000 0.036210 0.042163 0.043155 0.040675 0.045635
0.006944 0.007440 0.007937 0.008433 0.008433 0.007937 0.008433 0.008433 0.008433 0.007937 0.007440 0.009425 0.009921 0.012897 0.013889 0.014881 0.016369 0.018849 0.017857 0.016369 0.017361 0.016369 0.003968 0.003968 0.004464 0.019345 0.019841 0.002976 0.003472 0.004464 0.004464 0.005456 0.031746 0.032242 0.031746 0.032738 0.033730 0.034226 0.035218 0.035714 0.036706 0.039187 0.042163 0.044147 0.046131 0.050099 0.053075 0.054563 0.055060 0.055060 0.054563 0.054563 0.057044 0.059028 0.057044 0.013393 0.010417 0.030754 0.035218 0.042659 0.014385 0.015377 0.047619
0.006944 0.006944 0.006944 0.007937 0.008433 0.008433 0.009425 0.008433 0.007937 0.007937 0.007440 0.008929 0.010913 0.014385 0.013889 0.014881 0.015377 0.017857 0.018849 0.016865 0.016369 0.016369 0.000000 0.000000 0.019345 0.020337 0.020833 0.003472 0.004960 0.004960 0.005456 0.005456 0.032242 0.033234 0.033234 0.033234 0.034722 0.034226 0.034722 0.035714 0.038690 0.039187 0.043155 0.046627 0.047123 0.051587 0.053571 0.055556 0.057540 0.056052 0.034226 0.054563 0.059028 0.059028 0.046627 0.008433 0.006944 0.029266 0.034226 0.042659 0.016369 0.017361 0.049107
0.005952 0.006448 0.006448 0.005456 0.005952 0.007937 0.007937 0.007937 0.008433 0.007937 0.007937 0.009425 0.009921 0.012897 0.013393 0.014385 0.015873 0.018353 0.019345 0.016865 0.016369 0.016369 0.000000 0.000000 0.019345 0.021329 0.021825 0.002976 0.003968 0.031250 0.032738 0.032738 0.033234 0.033234 0.033234 0.031746 0.034722 0.034226 0.032242 0.034226 0.037202 0.039683 0.043155 0.047123 0.049107 0.052083 0.054563 0.056548 0.059524 0.057540 0.035218 0.034722 0.062004 0.000000 0.000000 0.002976 0.005952 0.011905 0.015873 0.016369 0.051587 0.049603 0.047123
