FireSTARR/test/output/SLK/SLK007/2018-05-21_1921/intensity_L_147_2018-05-27.asc
ncols         139
nrows         139
xllcorner     477543.378600
yllcorner     5671002.364000
cellsize      100.000000
NODATA_value  0.000000
[rows 84 to 111 of 139, columns 63 to 125 of 139]
0.000992 0.000496 0.000992 0.000000 0.000496 0.001984 0.000496 0.000992 0.000992 0.000992 0.000992 0.001488 0.001984 0.001488 0.000992 0.000992 0.000000 0.000000 0.000000 0.001488 0.001488 0.001488 0.001488 0.000992 0.000496 0.000992 0.000496 0.000496 0.000496 0.000992 0.001488 0.000496 0.000000 0.000992 0.000992 0.000496 0.000496 0.000992 0.000496 0.000496 0.000496 0.000496 0.000496 0.000992 0.002480 0.001984 0.001984 0.000992 0.000992 0.000992 0.000992 0.001488 0.001488 0.001488 0.000992 0.001984 0.000000 0.000000 0.000000 0.000000 0.000000 0.000000 0.000000
0.000992 0.000000 0.000000 0.000496 0.000496 0.001984 0.000992 0.001488 0.001488 0.000992 0.000992 0.000992 0.001488 0.001984 0.000992 0.001488 0.000000 0.000000 0.000000 0.000496 0.000992 0.003968 0.002976 0.003472 0.003472 0.002480 0.001984 0.002480 0.000992 0.000992 0.000496 0.000992 0.000496 0.000000 0.000000 0.000496 0.000992 0.000992 0.000992 0.000496 0.000496 0.000000 0.000496 0.000496 0.002976 0.002480 0.000992 0.000992 0.000992 0.000992 0.000992 0.001984 0.001488 0.000992 0.001488 0.000000 0.000000 0.000000 0.000000 0.000000 0.000000 0.000000 0.000000
0.000496 0.000000 0.000000 0.000000 0.000496 0.003472 0.000992 0.000992 0.000496 0.000992 0.001488 0.000992 0.001984 0.001488 0.001488 0.001488 0.001488 0.000000 0.000000 0.001488 0.000992 0.004960 0.004960 0.003968 0.004464 0.003472 0.003472 0.002976 0.002480 0.000496 0.000992 0.000992 0.000992 0.000496 0.003968 0.002480 0.009425 0.008433 0.008929 0.000000 0.000000 0.000000 0.000000 0.000992 0.002976 0.002480 0.000992 0.000992 0.000992 0.000992 0.000992 0.001488 0.001488 0.000992 0.000992 0.001488 0.000000 0.000000 0.000000 0.000000 0.000000 0.000000 0.000000
0.000496 0.000000 0.000000 0.001488 0.001984 0.003472 0.000992 0.000992 0.000992 0.000992 0.001488 0.004960 0.003968 0.003472 0.001488 0.000992 0.000000 0.000000 0.001488 0.000992 0.001488 0.001488 0.004960 0.004960 0.003968 0.003968 0.003968 0.002976 0.004960 0.000992 0.000992 0.000992 0.000992 0.000992 0.004464 0.002976 0.009921 0.008433 0.009425 0.000496 0.000000 0.000000 0.000000 0.000496 0.000992 0.000496 0.000496 0.000992 0.000992 0.000496 0.000992 0.001488 0.001488 0.000992 0.000496 0.000992 0.000000 0.000000 0.000000 0.000000 0.000000 0.000000 0.000000
0.000000 0.005952 0.005456 0.005456 0.005456 0.005952 0.001488 0.001488 0.000496 0.000992 0.001984 0.004464 0.004960 0.000496 0.001488 0.000992 0.000000 0.000992 0.001984 0.001984 0.002480 0.001984 0.000496 0.000992 0.001488 0.000992 0.000496 0.000992 0.000992 0.000992 0.000992 0.001488 0.001488 0.001488 0.003968 0.004464 0.010913 0.009425 0.009425 0.000496 0.000496 0.000496 0.000496 0.000496 0.000000 0.000496 0.000496 0.000992 0.000496 0.000992 0.001488 0.000992 0.000992 0.000992 0.000000 0.000000 0.000000 0.000000 0.000000 0.000000 0.000000 0.000000 0.000000
0.000000 0.006448 0.004464 0.005456 0.005456 0.005952 0.001488 0.001984 0.001984 0.001984 0.001488 0.001488 0.001488 0.001984 0.000992 0.001488 0.000000 0.001984 0.001488 0.002480 0.002480 0.001488 0.000992 0.001488 0.001488 0.001984 0.001984 0.001488 0.001984 0.001984 0.001488 0.000992 0.000992 0.001488 0.001488 0.000992 0.000992 0.000992 0.000496 0.000992 0.000496 0.000000 0.000496 0.000496 0.000000 0.000000 0.000496 0.000496 0.000992 0.000000 0.000992 0.000992 0.000992 0.000992 0.000000 0.000000 0.000000 0.000000 0.000000 0.000000 0.000000 0.000000 0.000000
0.000000 0.006944 0.007937 0.007937 0.008433 0.007937 0.001984 0.001984 0.001984 0.001984 0.002480 0.001488 0.001488 0.002480 0.001984 0.001488 0.001488 0.001984 0.001488 0.002480 0.001488 0.000992 0.000992 0.001488 0.002480 0.002976 0.002480 0.002480 0.001488 0.001488 0.001984 0.001488 0.000992 0.000496 0.000496 0.001488 0.000992 0.000992 0.000992 0.000992 0.000496 0.000992 0.000992 0.000000 0.000000 0.000000 0.000992 0.000000 0.000000 0.000000 0.000000 0.000992 0.001488 0.000000 0.000000 0.000000 0.000000 0.000000 0.000000 0.000000 0.000000 0.000000 0.000000
0.000000 0.000992 0.002976 0.001488 0.002976 0.002480 0.001984 0.001984 0.002480 0.002480 0.002480 0.001984 0.002480 0.002976 0.002480 0.001984 0.002976 0.002480 0.001488 0.000992 0.000496 0.000496 0.000496 0.001488 0.001984 0.003472 0.001984 0.002480 0.001984 0.001984 0.001488 0.000496 0.000496 0.000496 0.000496 0.000496 0.000496 0.000496 0.004960 0.000496 0.000992 0.000992 0.000992 0.000496 0.000992 0.000000 0.000000 0.000000 0.000000 0.000000 0.000000 0.001984 0.001488 0.000000 0.000000 0.000000 0.000000 0.000000 0.000000 0.000000 0.000000 0.000000 0.000000
0.000992 0.000992 0.002976 0.002480 0.002976 0.003472 0.002976 0.002480 0.002976 0.003472 0.002976 0.002480 0.002480 0.002480 0.001984 0.001488 0.002480 0.001488 0.001488 0.000496 0.000496 0.000992 0.000992 0.000496 0.001984 0.003472 0.002976 0.002480 0.001984 0.001488 0.001488 0.000992 0.000496 0.000496 0.000496 0.000496 0.000992 0.000496 0.004960 0.003472 0.002976 0.001488 0.001488 0.000992 0.000992 0.000496 0.000000 0.000000 0.000000 0.000000 0.000000 0.001488 0.000992 0.000000 0.000000 0.000000 0.000000 0.000000 0.000000 0.000000 0.000000 0.000000 0.000000
0.000992 0.000992 0.002480 0.003472 0.003472 0.003472 0.002480 0.003472 0.002976 0.002976 0.002480 0.001984 0.001984 0.002976 0.003472 0.002976 0.003472 0.001488 0.001984 0.001488 0.000992 0.000992 0.001488 0.012401 0.013393 0.015377 0.001984 0.002976 0.002480 0.001984 0.001488 0.007440 0.006944 0.000000 0.000000 0.000000 0.000496 0.000496 0.004960 0.004960 0.004960 0.001984 0.001488 0.000992 0.000992 0.000000 0.000000 0.000000 0.000000 0.000000 0.000000 0.000000 0.000000 0.000000 0.000000 0.000000 0.000000 0.000000 0.000000 0.000000 0.000000 0.000000 0.000000
0.001488 0.001984 0.003472 0.003472 0.002976 0.003472 0.003472 0.003968 0.002976 0.002480 0.002976 0.003472 0.003472 0.003472 0.002976 0.002976 0.003968 0.002480 0.001984 0.002480 0.002480 0.001984 0.001488 0.012401 0.013889 0.001984 0.001984 0.002480 0.001984 0.001488 0.007937 0.006944 0.005456 0.000496 0.000496 0.000496 0.000000 0.000000 0.000000 0.000000 0.000496 0.002976 0.003968 0.000496 0.000496 0.000000 0.000000 0.000000 0.000000 0.000000 0.000000 0.000000 0.000000 0.000000 0.000000 0.000000 0.000000 0.000000 0.000000 0.000000 0.000000 0.000000 0.000000
0.001984 0.002976 0.003472 0.002976 0.002976 0.002976 0.002480 0.002480 0.002976 0.002976 0.004464 0.003968 0.004960 0.002976 0.002480 0.002976 0.002976 0.002480 0.008433 0.009425 0.003472 0.002480 0.001488 0.001488 0.002480 0.002480 0.002480 0.003472 0.001488 0.001488 0.007937 0.003472 0.004960 0.000496 0.000496 0.000000 0.000000 0.000000 0.000000 0.000000 0.000000 0.000000 0.001488 0.001488 0.000000 0.000000 0.000000 0.000000 0.000000 0.000000 0.000000 0.000000 0.000000 0.000000 0.000000 0.000000 0.000000 0.000000 0.000000 0.000000 0.000000 0.000000 0.000000
0.001488 0.001488 0.000992 0.003968 0.005456 0.003472 0.004960 0.003968 0.003472 0.001984 0.001984 0.006448 0.007440 0.003472 0.003472 0.003472 0.003968 0.003472 0.000000 0.009425 0.003968 0.004464 0.003472 0.003472 0.003472 0.002480 0.001984 0.002480 0.001488 0.001488 0.008433 0.002976 0.005456 0.000992 0.000000 0.000000 0.000000 0.000000 0.000000 0.000496 0.002976 0.000000 0.000000 0.000000 0.000000 0.000000 0.000000 0.000000 0.000000 0.000000 0.000000 0.000000 0.000000 0.000000 0.000000 0.000000 0.000000 0.000000 0.000000 0.000000 0.000000 0.000000 0.000000
0.000992 0.000496 0.000992 0.002976 0.005456 0.003472 0.004464 0.004464 0.002480 0.001984 0.001984 0.002976 0.004464 0.004464 0.003472 0.002976 0.003472 0.000000 0.000000 0.002480 0.005456 0.005456 0.004464 0.004464 0.003968 0.003472 0.002480 0.002480 0.001488 0.001488 0.007440 0.006944 0.006448 0.000992 0.000496 0.000000 0.000000 0.000000 0.002480 0.002480 0.002480 0.001984 0.000000 0.000000 0.000000 0.000000 0.000000 0.000000 0.000000 0.000000 0.000000 0.000000 0.000000 0.000000 0.000000 0.000000 0.000000 0.000000 0.000000 0.000000 0.000000 0.000000 0.000000
0.001984 0.002480 0.002480 0.002976 0.007440 0.003472 0.003968 0.003968 0.002480 0.003472 0.003968 0.004464 0.003968 0.004960 0.003968 0.003472 0.000000 0.000000 0.002480 0.003968 0.004960 0.004960 0.004960 0.005456 0.003968 0.003472 0.002976 0.002976 0.001488 0.000992 0.000992 0.001488 0.001488 0.000992 0.000992 0.000000 0.000000 0.000000 0.002480 0.002480 0.000000 0.000000 0.000000 0.000000 0.000000 0.000000 0.000000 0.000000 0.000000 0.000000 0.000000 0.000000 0.000000 0.000000 0.000000 0.000000 0.000000 0.000000 0.000000 0.000000 0.000000 0.000000 0.000000
0.001984 0.001984 0.002480 0.003968 0.007440 0.002976 0.003472 0.003968 0.003472 0.003968 0.004464 0.003472 0.003472 0.002976 0.004464 0.004960 0.000000 0.002480 0.004464 0.004960 0.003472 0.003968 0.005456 0.003968 0.004464 0.003968 0.003968 0.002976 0.002480 0.001488 0.000992 0.001984 0.001488 0.001488 0.001488 0.000000 0.000000 0.000000 0.000000 0.000000 0.000000 0.000000 0.000000 0.000000 0.000000 0.000000 0.000000 0.000000 0.000000 0.000000 0.000000 0.000000 0.000000 0.000000 0.000000 0.000000 0.000000 0.000000 0.000000 0.000000 0.000000 0.000000 0.000000
0.003968 0.005952 0.005952 0.006448 0.007440 0.002976 0.003472 0.002976 0.003472 0.003968 0.003968 0.002480 0.002480 0.003968 0.004960 0.005456 0.000000 0.011409 0.012401 0.011905 0.005952 0.003968 0.004960 0.002480 0.003472 0.004464 0.003968 0.002976 0.003472 0.001488 0.000992 0.001488 0.001488 0.001488 0.000992 0.000496 0.000000 0.000000 0.000000 0.000000 0.000000 0.000000 0.000000 0.000000 0.000000 0.000000 0.000000 0.000000 0.000000 0.000000 0.000000 0.000000 0.000000 0.000000 0.000000 0.000000 0.000000 0.000000 0.000000 0.000000 0.000000 0.000000 0.000000
0.000992 0.001488 0.003472 0.003472 0.004464 0.003472 0.002976 0.002480 0.003472 0.003472 0.002976 0.002976 0.002976 0.004960 0.005456 0.006448 0.006944 0.014881 0.014881 0.015873 0.006944 0.005952 0.003968 0.003472 0.002480 0.002976 0.003968 0.003472 0.003472 0.001984 0.000992 0.001488 0.002480 0.002480 0.001984 0.003472 0.002480 0.000496 0.000000 0.000000 0.000000 0.000000 0.000000 0.000000 0.000000 0.000000 0.000000 0.000000 0.000000 0.000000 0.000000 0.000000 0.000000 0.000000 0.000000 0.000000 0.000000 0.000000 0.000000 0.000000 0.000000 0.000000 0.000000
0.000992 0.001488 0.003472 0.003472 0.003968 0.003968 0.003968 0.003968 0.003472 0.003472 0.008929 0.008433 0.005456 0.005456 0.005952 0.006448 0.005952 0.006448 0.006448 0.006448 0.010417 0.006448 0.004960 0.003968 0.002480 0.002976 0.003968 0.003968 0.003968 0.001984 0.000992 0.000992 0.001984 0.001488 0.002480 0.002976 0.002976 0.000000 0.000000 0.000000 0.000000 0.000000 0.000000 0.000000 0.000000 0.000000 0.000000 0.000000 0.000000 0.000000 0.000000 0.000000 0.000000 0.000000 0.000000 0.000000 0.000000 0.000000 0.000000 0.000000 0.000000 0.000000 0.000000
0.001488 0.000992 0.001488 0.001984 0.002480 0.003472 0.003968 0.004960 0.003968 0.002480 0.008929 0.008929 0.004960 0.004464 0.005456 0.006448 0.006448 0.006944 0.006944 0.006944 0.010417 0.009921 0.019345 0.019345 0.018849 0.009425 0.008929 0.003472 0.002976 0.001488 0.000992 0.001488 0.002480 0.001984 0.002480 0.002976 0.002480 0.000000 0.000000 0.000000 0.000000 0.000000 0.000000 0.000000 0.000000 0.000000 0.000000 0.000000 0.000000 0.000000 0.000000 0.000000 0.000000 0.000000 0.000000 0.000000 0.000000 0.000000 0.000000 0.000000 0.000000 0.000000 0.000000
0.000992 0.001488 0.001488 0.001984 0.002976 0.003968 0.003968 0.004960 0.004464 0.001984 0.001488 0.002976 0.008929 0.009425 0.000000 0.000000 0.007937 0.006944 0.006944 0.005456 0.013393 0.010913 0.022817 0.020337 0.000000 0.002480 0.005952 0.002480 0.002480 0.001984 0.000992 0.001488 0.002976 0.001984 0.001984 0.000000 0.000000 0.000000 0.000000 0.000000 0.000000 0.000000 0.000000 0.000000 0.000000 0.000000 0.000000 0.000000 0.000000 0.000000 0.000000 0.000000 0.000000 0.000000 0.000000 0.000000 0.000000 0.000000 0.000000 0.000000 0.000000 0.000000 0.000000
0.000992 0.000992 0.000992 0.002976 0.003472 0.003968 0.004464 0.004960 0.004464 0.003472 0.000992 0.001488 0.009425 0.004960 0.000000 0.000000 0.000000 0.007937 0.007440 0.022321 0.018353 0.023810 0.029266 0.000000 0.000000 0.000000 0.004960 0.001984 0.001984 0.001488 0.001488 0.001488 0.000000 0.000000 0.000000 0.000000 0.000000 0.000000 0.000000 0.000000 0.000000 0.000000 0.000000 0.000000 0.000000 0.000000 0.000000 0.000000 0.000000 0.000000 0.000000 0.000000 0.000000 0.000000 0.000000 0.000000 0.000000 0.000000 0.000000 0.000000 0.000000 0.000000 0.000000
0.001488 0.001488 0.002480 0.001984 0.003968 0.003968 0.004960 0.004960 0.004464 0.003472 0.002480 0.001488 0.008929 0.007440 0.000000 0.000000 0.000000 0.010417 0.008929 0.024306 0.030754 0.081845 0.000000 0.000000 0.000000 0.000496 0.004960 0.000496 0.000496 0.000496 0.000000 0.000000 0.000000 0.000000 0.000000 0.000000 0.000000 0.000000 0.000000 0.000000 0.000000 0.000000 0.000000 0.000000 0.000000 0.000000 0.000000 0.000000 0.000000 0.000000 0.000000 0.000000 0.000000 0.000000 0.000000 0.000000 0.000000 0.000000 0.000000 0.000000 0.000000 0.000000 0.000000
0.001984 0.001984 0.002480 0.002480 0.003968 0.003968 0.004960 0.004464 0.004960 0.001984 0.001488 0.000992 0.001488 0.001984 0.006944 0.007937 0.016865 0.008433 0.007937 0.012897 0.010417 1.000000 0.000000 0.000000 0.000000 0.000000 0.000000 0.000000 0.000000 0.000000 0.000000 0.000000 0.000000 0.000000 0.000000 0.000000 0.000000 0.000000 0.000000 0.000000 0.000000 0.000000 0.000000 0.000000 0.000000 0.000000 0.000000 0.000000 0.000000 0.000000 0.000000 0.000000 0.000000 0.000000 0.000000 0.000000 0.000000 0.000000 0.000000 0.000000 0.000000 0.000000 0.000000
0.001984 0.001984 0.002976 0.002480 0.004464 0.003968 0.004464 0.003968 0.003472 0.002480 0.002480 0.002976 0.003472 0.002976 0.006944 0.006944 0.017361 0.008433 0.008929 0.010417 0.000000 0.000000 0.000000 0.000000 0.000000 0.000000 0.000000 0.000000 0.000000 0.000000 0.000000 0.000000 0.000000 0.000000 0.000000 0.000000 0.000000 0.000000 0.000000 0.000000 0.000000 0.000000 0.000000 0.000000 0.000000 0.000000 0.000000 0.000000 0.000000 0.000000 0.000000 0.000000 0.000000 0.000000 0.000000 0.000000 0.000000 0.000000 0.000000 0.000000 0.000000 0.000000 0.000000
0.001984 0.002480 0.002480 0.001984 0.002976 0.003968 0.004960 0.003472 0.003968 0.003472 0.002976 0.002976 0.003968 0.004960 0.011409 0.013393 0.016369 0.009921 0.008433 0.008433 0.000000 0.000000 0.000000 0.000000 0.000000 0.000000 0.000000 0.000000 0.000000 0.000000 0.000000 0.000000 0.000000 0.000000 0.000000 0.000000 0.000000 0.000000 0.000000 0.000000 0.000000 0.000000 0.000000 0.000000 0.000000 0.000000 0.000000 0.000000 0.000000 0.000000 0.000000 0.000000 0.000000 0.000000 0.000000 0.000000 0.000000 0.000000 0.000000 0.000000 0.000000 0.000000 0.000000
0.001488 0.002480 0.001984 0.001984 0.001984 0.002480 0.003472 0.002976 0.001984 0.002480 0.003472 0.003968 0.004960 0.004464 0.012401 0.015377 0.011409 0.011409 0.010417 0.010913 0.000000 0.000000 0.000000 0.000000 0.000000 0.000000 0.000000 0.000000 0.000000 0.000000 0.000000 0.000000 0.000000 0.000000 0.000000 0.000000 0.000000 0.000000 0.000000 0.000000 0.000000 0.000000 0.000000 0.000000 0.000000 0.000000 0.000000 0.000000 0.000000 0.000000 0.000000 0.000000 0.000000 0.000000 0.000000 0.000000 0.000000 0.000000 0.000000 0.000000 0.000000 0.000000 0.000000
0.001984 0.001984 0.001488 0.001488 0.001488 0.002480 0.002976 0.002480 0.002480 0.003472 0.002976 0.004464 0.004464 0.004960 0.013393 0.015377 0.011905 0.012897 0.013393 0.009425 0.009425 0.011409 0.000000 0.000000 0.000000 0.000000 0.000000 0.000000 0.000000 0.000000 0.000000 0.000000 0.000000 0.000000 0.000000 0.000000 0.000000 0.000000 0.000000 0.000000 0.000000 0.000000 0.000000 0.000000 0.000000 0.000000 0.000000 0.000000 0.000000 0.000000 0.000000 0.000000 0.000000 0.000000 0.000000 0.000000 0.000000 0.000000 0.000000 0.000000 0.000000 0.000000 0.000000
