FireSTARR/test/output/SLK/SLK007/2018-05-21_1921/intensity_L_154_2018-06-03.asc
ncols         353
nrows         270
xllcorner     469643.378600
yllcorner     5667302.364000
cellsize      100.000000
NODATA_value  0.000000
[rows 168 to 195 of 270, columns 126 to 188 of 353]
0.000496 0.000000 0.000000 0.000992 0.000992 0.001984 0.001984 0.001488 0.001984 0.001984 0.001488 0.001984 0.001488 0.012897 0.013393 0.014385 0.000000 0.000000 0.014385 0.015873 0.015873 0.013889 0.017361 0.000992 0.001488 0.000000 0.000992 0.001488 0.018353 0.018353 0.017857 0.001984 0.002480 0.005456 0.003472 0.003968 0.003968 0.004960 0.004464 0.004960 0.003968 0.003968 0.002976 0.003968 0.001984 0.001984 0.033730 0.000000 0.000000 0.000000 0.000000 0.012897 0.018849 0.003472 0.000000 0.003968 0.002976 0.003472 0.002480 0.002976 0.004464 0.004960 0.004960
0.000000 0.000000 0.000000 0.000496 0.000496 0.000992 0.001488 0.001488 0.000992 0.000992 0.009921 0.011409 0.012897 0.000496 0.000496 0.000496 0.000496 0.000000 0.017361 0.017361 0.017361 0.015873 0.017361 0.001488 0.001984 0.001488 0.000496 0.000496 0.017361 0.009921 0.015377 0.002480 0.002976 0.005952 0.006944 0.007440 0.003968 0.004464 0.004464 0.003968 0.003472 0.002480 0.003472 0.002976 0.003472 0.005952 0.035218 0.000000 0.000000 0.000000 0.019345 0.018353 0.020337 0.004464 0.002480 0.002976 0.003472 0.002976 0.002480 0.002480 0.003472 0.004464 0.005952
0.000000 0.000000 0.000000 0.000000 0.000992 0.000496 0.001488 0.000992 0.000992 0.000992 0.007937 0.004960 0.012897 0.000000 0.000496 0.000496 0.000000 0.000000 0.000992 0.000496 0.000496 0.000000 0.000496 0.000992 0.001984 0.001488 0.000992 0.000992 0.017857 0.009425 0.014881 0.002976 0.003472 0.004960 0.005456 0.006944 0.003472 0.004464 0.003472 0.003968 0.002976 0.002480 0.002480 0.003472 0.005952 0.006944 0.007440 0.000000 0.000000 0.003472 0.003472 0.019345 0.019841 0.003472 0.002976 0.002976 0.003472 0.003472 0.002976 0.002480 0.002976 0.003968 0.002976
0.000000 0.000000 0.000000 0.000000 0.000000 0.000496 0.000992 0.000992 0.000992 0.000992 0.001488 0.004464 0.011905 0.000000 0.000000 0.000992 0.000000 0.000000 0.000992 0.000496 0.000496 0.001488 0.000496 0.001488 0.002480 0.001488 0.001984 0.001488 0.016369 0.010417 0.013393 0.012401 0.013889 0.001984 0.003472 0.003968 0.004960 0.003472 0.004960 0.002480 0.002976 0.002976 0.003472 0.005456 0.006944 0.005952 0.006448 0.005952 0.004464 0.003968 0.004960 0.018849 0.020337 0.003968 0.002976 0.002480 0.003472 0.002976 0.002480 0.002480 0.001984 0.002480 0.002976
0.000000 0.000000 0.000000 0.000000 0.000496 0.000992 0.000496 0.000992 0.001488 0.000000 0.001488 0.000000 0.000000 0.011905 0.011905 0.010417 0.011905 0.010417 0.000992 0.000496 0.000496 0.000496 0.000992 0.000992 0.001984 0.002480 0.001488 0.001488 0.014881 0.011409 0.008433 0.008433 0.012897 0.003472 0.002976 0.003472 0.004960 0.003968 0.003472 0.003968 0.003472 0.002480 0.004464 0.005456 0.006448 0.005952 0.005952 0.006448 0.005456 0.004960 0.021329 0.020337 0.021329 0.003472 0.003968 0.002976 0.003472 0.002480 0.002480 0.001984 0.001984 0.002976 0.003472
0.000000 0.000000 0.000000 0.000000 0.000000 0.000000 0.000992 0.000000 0.000992 0.000000 0.000000 0.000000 0.000000 0.009921 0.009921 0.008929 0.008433 0.010913 0.000992 0.000992 0.000992 0.000496 0.000992 0.016369 0.016369 0.001488 0.000992 0.002976 0.016369 0.010913 0.008929 0.007937 0.012897 0.002976 0.002976 0.002976 0.003472 0.004464 0.004464 0.003968 0.003968 0.004960 0.003472 0.005456 0.006448 0.005456 0.005456 0.005456 0.005952 0.003968 0.003968 0.002480 0.002480 0.002480 0.001984 0.001984 0.003968 0.002976 0.002976 0.002480 0.003472 0.003968 0.004960
0.000000 0.000000 0.000000 0.000000 0.000000 0.000000 0.000000 0.000000 0.000000 0.000992 0.000000 0.000496 0.000992 0.000992 0.000496 0.000000 0.000496 0.010913 0.000992 0.000992 0.000496 0.000992 0.000992 0.014385 0.016369 0.001488 0.002976 0.003472 0.017857 0.013393 0.011905 0.009921 0.013393 0.001984 0.002480 0.021825 0.029762 0.035218 0.011409 0.011409 0.002976 0.003968 0.005952 0.005952 0.005456 0.003968 0.005952 0.004960 0.004464 0.002976 0.002976 0.001984 0.002480 0.002976 0.002976 0.001984 0.002480 0.003472 0.004464 0.003472 0.003968 0.003472 0.004960
0.000000 0.000000 0.000000 0.000000 0.000000 0.000000 0.000000 0.000000 0.000000 0.000000 0.000000 0.000000 0.000000 0.000496 0.000496 0.000000 0.000496 0.000496 0.000496 0.000496 0.001488 0.001984 0.001488 0.004464 0.003968 0.020337 0.021329 0.022321 0.017857 0.017857 0.015873 0.016865 0.017857 0.001488 0.000000 0.000000 0.028274 0.035218 0.010417 0.013393 0.004960 0.004960 0.005456 0.004960 0.003968 0.003968 0.003968 0.003968 0.002976 0.003472 0.002976 0.001488 0.001984 0.001488 0.003472 0.001984 0.002976 0.002976 0.004464 0.004464 0.004464 0.003968 0.003472
0.000000 0.000000 0.000000 0.000000 0.000000 0.000000 0.000000 0.000000 0.000000 0.000000 0.000000 0.000000 0.000000 0.000000 0.000992 0.000000 0.000000 0.000000 0.000992 0.001488 0.002976 0.002976 0.005456 0.004960 0.006944 0.020337 0.020833 0.010417 0.012401 0.012401 0.006944 0.007440 0.017857 0.000000 0.000000 0.000000 0.034226 0.036210 0.006944 0.011409 0.005456 0.004464 0.004464 0.004960 0.003968 0.003968 0.003968 0.002976 0.004464 0.003968 0.003968 0.002480 0.001984 0.001984 0.003472 0.003968 0.003472 0.003968 0.006448 0.007440 0.002976 0.003472 0.003472
0.000000 0.000000 0.000000 0.000000 0.000000 0.000000 0.000000 0.000000 0.000000 0.000000 0.000000 0.000496 0.000000 0.000992 0.000992 0.009921 0.009921 0.002976 0.003472 0.003968 0.010417 0.012897 0.004960 0.004960 0.005456 0.020337 0.021329 0.011409 0.014385 0.013889 0.009425 0.008929 0.000000 0.000000 0.000000 0.000000 0.005456 0.007937 0.007440 0.007440 0.005456 0.004464 0.004464 0.003472 0.004960 0.000000 0.004960 0.002976 0.004464 0.003472 0.003472 0.002480 0.001488 0.001488 0.002480 0.003472 0.003472 0.003472 0.005456 0.006448 0.002976 0.003968 0.003472
0.000000 0.000000 0.000000 0.000000 0.000000 0.000000 0.000000 0.000000 0.000000 0.000000 0.000000 0.000496 0.000000 0.000496 0.012401 0.010417 0.011905 0.003968 0.003472 0.001984 0.009425 0.012897 0.007937 0.009425 0.011409 0.004960 0.004464 0.004960 0.004960 0.007937 0.003968 0.003968 0.000000 0.000000 0.000000 0.005456 0.004960 0.006448 0.008433 0.006448 0.003968 0.003968 0.004464 0.003968 0.004960 0.003472 0.004464 0.003472 0.003968 0.005456 0.004960 0.002976 0.001984 0.001488 0.002480 0.002976 0.001984 0.001488 0.000992 0.002976 0.021329 0.006448 0.003968
0.000000 0.000000 0.000000 0.000000 0.000000 0.000000 0.000000 0.000000 0.000000 0.000000 0.000000 0.000496 0.000000 0.000000 0.000000 0.000000 0.011409 0.002976 0.001984 0.001984 0.008929 0.015873 0.009425 0.009921 0.010417 0.005952 0.004960 0.003968 0.006944 0.007440 0.003472 0.003968 0.000000 0.000000 0.000000 0.003472 0.003472 0.014881 0.013889 0.013889 0.012401 0.010417 0.010913 0.009921 0.004960 0.002976 0.002480 0.003968 0.004464 0.004464 0.004960 0.003472 0.001984 0.002976 0.002976 0.002480 0.000992 0.000000 0.000992 0.001488 0.020337 0.021825 0.003472
0.000000 0.000000 0.000000 0.000000 0.000000 0.000000 0.000000 0.000000 0.000000 0.000000 0.000000 0.000496 0.000000 0.000000 0.000000 0.000000 0.000496 0.000496 0.000992 0.000496 0.008433 0.015873 0.001984 0.001984 0.001488 0.003968 0.005456 0.006944 0.006448 0.007937 0.004464 0.004464 0.004960 0.000000 0.000000 0.004464 0.004464 0.017361 0.017857 0.015873 0.015873 0.013889 0.012401 0.011905 0.010913 0.002480 0.003968 0.003968 0.004464 0.002976 0.010417 0.008433 0.037698 0.036706 0.039187 0.002976 0.002480 0.000992 0.000496 0.002480 0.020337 0.020833 0.001488
0.000000 0.000000 0.000000 0.000000 0.000000 0.000000 0.000000 0.000000 0.000000 0.000000 0.000496 0.000000 0.000496 0.000000 0.000000 0.000496 0.000496 0.000000 0.000000 0.010417 0.012897 0.015873 0.001984 0.002480 0.003968 0.005456 0.006944 0.014881 0.015873 0.015873 0.004960 0.004464 0.000000 0.000000 0.004464 0.003472 0.003968 0.003968 0.017361 0.015377 0.015873 0.015377 0.015377 0.010913 0.011905 0.002976 0.003472 0.004464 0.003968 0.004464 0.009425 0.008433 0.037202 0.030754 0.036706 0.002976 0.002480 0.000992 0.001488 0.001984 0.003472 0.002480 0.001984
0.000000 0.000000 0.000000 0.000000 0.000000 0.000000 0.000000 0.001984 0.000000 0.009425 0.000496 0.000496 0.000000 0.000992 0.000000 0.000000 0.000000 0.018353 0.015377 0.014385 0.015873 0.018353 0.001984 0.002976 0.003968 0.004464 0.007937 0.013889 0.014385 0.003968 0.003968 0.003472 0.000000 0.003472 0.004464 0.004464 0.004960 0.003472 0.003968 0.003968 0.004464 0.004464 0.003968 0.002976 0.002480 0.002976 0.003472 0.003968 0.002480 0.002976 0.007937 0.008929 0.038194 0.038194 0.036210 0.002480 0.002480 0.001984 0.002480 0.003472 0.000000 0.001984 0.002480
0.000000 0.000000 0.000000 0.000000 0.000000 0.000000 0.000000 0.005952 0.000000 0.000000 0.009425 0.000992 0.000496 0.001488 0.000000 0.000000 0.000000 0.015377 0.012401 0.016369 0.016865 0.018849 0.004960 0.005952 0.002976 0.004464 0.005456 0.004960 0.004464 0.004464 0.002480 0.003472 0.000000 0.004960 0.003968 0.006448 0.005456 0.003472 0.003968 0.004464 0.005456 0.005456 0.004464 0.003968 0.003968 0.003968 0.002976 0.003472 0.002480 0.002480 0.003472 0.004960 0.003968 0.001488 0.001488 0.002480 0.002480 0.000000 0.001984 0.002976 0.001984 0.001488 0.002480
0.000000 0.000000 0.000000 0.000000 0.000000 0.000000 0.000000 0.010913 0.010913 0.007937 0.009425 0.008929 0.000000 0.000000 0.000000 0.000000 0.000000 0.017857 0.020833 0.021825 0.020833 0.020337 0.006944 0.005952 0.002976 0.005456 0.005456 0.005456 0.004464 0.004960 0.004464 0.004464 0.004464 0.004960 0.004960 0.005952 0.003968 0.002976 0.003472 0.004464 0.003472 0.004960 0.004464 0.003472 0.003472 0.003472 0.004464 0.003968 0.003472 0.002480 0.003472 0.005456 0.003472 0.002480 0.001488 0.001984 0.002480 0.004464 0.003472 0.002480 0.001488 0.000000 0.002976
0.000000 0.000000 0.000000 0.000496 0.001488 0.000000 0.001984 0.001488 0.010417 0.010913 0.010417 0.006448 0.000000 0.000000 0.000000 0.000000 0.000000 0.010417 0.015873 0.002976 0.003968 0.003968 0.003968 0.003472 0.006944 0.008433 0.009921 0.005952 0.006944 0.005456 0.005952 0.005952 0.006944 0.005952 0.005952 0.004960 0.002976 0.002976 0.002480 0.004960 0.004464 0.005456 0.004960 0.004464 0.004960 0.004464 0.003968 0.003472 0.002480 0.002480 0.002976 0.004960 0.002976 0.001984 0.019345 0.003968 0.004464 0.003472 0.004464 0.002976 0.002976 0.000000 0.000000
0.000000 0.000000 0.000000 0.000000 0.000000 0.001984 0.001488 0.001488 0.000992 0.000496 0.011409 0.000000 0.000000 0.000000 0.000496 0.000000 0.009921 0.008433 0.014881 0.003472 0.004464 0.005456 0.004464 0.003968 0.006944 0.010417 0.009921 0.006448 0.005952 0.005456 0.004960 0.004464 0.004960 0.005952 0.004960 0.003968 0.001984 0.002976 0.003472 0.003472 0.004464 0.006448 0.005952 0.004960 0.003968 0.003968 0.004960 0.005456 0.002480 0.002480 0.002480 0.002976 0.002976 0.002480 0.019345 0.019345 0.018849 0.002976 0.003472 0.002480 0.002976 0.002480 0.000000
0.000000 0.000000 0.000000 0.000000 0.000000 0.001488 0.002480 0.002480 0.000992 0.000496 0.000496 0.011905 0.007937 0.009921 0.004464 0.004464 0.010417 0.009425 0.013889 0.004960 0.005456 0.005952 0.003968 0.005456 0.008433 0.008929 0.006448 0.006944 0.006448 0.006944 0.004960 0.006448 0.006944 0.005952 0.004464 0.002976 0.001488 0.001984 0.003968 0.046131 0.047123 0.050595 0.004464 0.006944 0.004960 0.004960 0.004960 0.023313 0.023313 0.002480 0.001984 0.001984 0.001488 0.001984 0.020337 0.018353 0.019345 0.002480 0.002480 0.001984 0.001488 0.001984 0.000000
0.000000 0.000000 0.000000 0.000000 0.000000 0.001984 0.002976 0.001984 0.000992 0.000992 0.000000 0.013393 0.013889 0.012897 0.004960 0.004464 0.010913 0.009425 0.016369 0.005456 0.005952 0.004960 0.005456 0.006448 0.006448 0.006448 0.007937 0.011905 0.011409 0.005952 0.004960 0.005952 0.007440 0.007440 0.005952 0.002976 0.003472 0.002480 0.003472 0.048611 0.050595 0.003968 0.003968 0.004960 0.004960 0.004464 0.023810 0.023313 0.020337 0.002480 0.001984 0.001488 0.001488 0.001488 0.000000 0.000496 0.000992 0.004960 0.006944 0.001984 0.001488 0.002480 0.000000
0.000000 0.000000 0.000000 0.000000 0.000000 0.001984 0.003472 0.002976 0.002480 0.000992 0.001488 0.000992 0.000992 0.000992 0.012401 0.013889 0.013889 0.014881 0.016369 0.004960 0.005952 0.005456 0.004464 0.004960 0.006448 0.006944 0.010913 0.010913 0.012897 0.005456 0.004464 0.005456 0.006944 0.005456 0.028274 0.028770 0.004464 0.002976 0.002480 0.001984 0.003472 0.003472 0.003472 0.004960 0.003472 0.002976 0.025298 0.013393 0.017361 0.002480 0.001488 0.000992 0.001488 0.001984 0.002480 0.001984 0.000000 0.000000 0.005952 0.004960 0.001984 0.001984 0.000000
0.000000 0.000000 0.000000 0.000000 0.000000 0.002480 0.002480 0.002976 0.001984 0.000496 0.000992 0.000496 0.000992 0.000992 0.013393 0.013889 0.002480 0.002480 0.002480 0.016369 0.017857 0.008929 0.009425 0.010417 0.006448 0.007440 0.006448 0.013393 0.015873 0.006944 0.005952 0.006448 0.007937 0.006448 0.000000 0.029266 0.004464 0.005456 0.004464 0.004960 0.004464 0.002976 0.003472 0.003968 0.002976 0.003968 0.025298 0.014881 0.020337 0.002976 0.001488 0.000992 0.000992 0.001488 0.001984 0.002976 0.005456 0.000000 0.000000 0.000000 0.000000 0.000000 0.000000
0.000000 0.000000 0.000000 0.000000 0.000000 0.000000 0.001488 0.002480 0.001488 0.000496 0.000992 0.000496 0.002480 0.013889 0.014881 0.014385 0.002976 0.000992 0.001488 0.012897 0.018849 0.009425 0.009921 0.011409 0.005952 0.006944 0.006448 0.008433 0.008433 0.006944 0.005952 0.006944 0.007937 0.000000 0.000000 0.002976 0.005952 0.006944 0.005456 0.006448 0.005456 0.004464 0.003472 0.003472 0.003472 0.002480 0.022817 0.023313 0.023810 0.003472 0.001984 0.000992 0.000496 0.001488 0.004464 0.005952 0.004960 0.003472 0.000000 0.000000 0.000000 0.000000 0.000000
0.000000 0.000000 0.000000 0.000000 0.000000 0.000000 0.001984 0.001488 0.000496 0.000496 0.001488 0.000000 0.002976 0.002976 0.003968 0.003968 0.014385 0.013393 0.012897 0.011905 0.017857 0.009425 0.009425 0.007937 0.006944 0.008929 0.008929 0.007937 0.007440 0.007937 0.007937 0.006448 0.000000 0.000000 0.002976 0.005456 0.006944 0.005456 0.005456 0.006944 0.005456 0.004960 0.003472 0.004464 0.002480 0.001984 0.001488 0.002976 0.003472 0.002976 0.002480 0.000496 0.000992 0.001984 0.004960 0.006448 0.000000 0.000000 0.000000 0.000000 0.000000 0.000000 0.000000
0.000000 0.000000 0.000000 0.000000 0.000000 0.000000 0.001984 0.001984 0.000496 0.000000 0.000000 0.003472 0.001984 0.002976 0.004464 0.003968 0.014881 0.010913 0.012401 0.012897 0.017361 0.005456 0.006448 0.007937 0.007937 0.008433 0.008433 0.007440 0.007440 0.006944 0.008433 0.008433 0.000000 0.004464 0.005952 0.007440 0.005456 0.006448 0.006448 0.003968 0.005456 0.005456 0.004960 0.004464 0.004960 0.002480 0.001488 0.003472 0.003472 0.002976 0.002480 0.000496 0.002480 0.001984 0.000000 0.000000 0.000000 0.000000 0.000000 0.000000 0.000000 0.000000 0.000000
0.000000 0.000000 0.000000 0.000000 0.000000 0.000000 0.002480 0.001984 0.001984 0.000000 0.000000 0.002976 0.003472 0.003472 0.003472 0.002480 0.015873 0.018353 0.017361 0.016865 0.017857 0.004960 0.005952 0.006944 0.007937 0.007440 0.007937 0.005952 0.005952 0.006944 0.007937 0.008929 0.000000 0.023810 0.026290 0.025794 0.007440 0.005952 0.006944 0.003472 0.004464 0.005952 0.004464 0.003968 0.005456 0.001984 0.001488 0.003472 0.003968 0.003472 0.002480 0.001984 0.001488 0.001984 0.000000 0.000000 0.000000 0.000000 0.000000 0.000000 0.000000 0.000000 0.000000
0.000000 0.000000 0.000000 0.000000 0.000000 0.000000 0.002480 0.002480 0.003472 0.002976 0.002976 0.002976 0.002976 0.003472 0.002480 0.001984 0.002480 0.002976 0.007440 0.008929 0.007937 0.006448 0.006448 0.006944 0.007937 0.008433 0.006448 0.005952 0.003968 0.007440 0.008929 0.008433 0.008929 0.025794 0.025298 0.031746 0.007937 0.007937 0.005952 0.004464 0.003968 0.004464 0.004464 0.004464 0.005456 0.002480 0.002480 0.003472 0.008433 0.009921 0.007440 0.007440 0.006944 0.002976 0.000000 0.000000 0.000000 0.000000 0.000000 0.000000 0.000000 0.000000 0.000000
