FireSTARR/test/output/SLK/SLK007/2018-05-21_1921/intensity_M_154_2018-06-03.asc
ncols         359
nrows         247
xllcorner     469143.378600
yllcorner     5668402.364000
cellsize      100.000000
NODATA_value  0.000000
[rows 168 to 195 of 247, columns 126 to 188 of 359]
0.000000 0.000000 0.000000 0.000000 0.000000 0.000000 0.000000 0.000000 0.000000 0.000000 0.000000 0.000000 0.000000 0.000000 0.000000 0.000000 0.002480 0.001984 0.000992 0.000992 0.000992 0.001488 0.001488 0.001488 0.001488 0.006944 0.004960 0.000992 0.000000 0.000992 0.010913 0.012401 0.013393 0.014385 0.013393 0.001984 0.002480 0.002976 0.000000 0.000000 0.004960 0.007440 0.015873 0.014881 0.015873 0.016369 0.016369 0.015873 0.015377 0.015377 0.005456 0.005456 0.005456 0.005952 0.005456 0.016369 0.017361 0.018849 0.016369 0.014385 0.003968 0.002976 0.003472
0.000000 0.000000 0.000000 0.000000 0.000000 0.000000 0.000000 0.000000 0.000000 0.000000 0.000000 0.000000 0.000000 0.000000 0.000000 0.000992 0.001984 0.001984 0.001984 0.001488 0.001984 0.001488 0.001984 0.001984 0.005952 0.005456 0.004464 0.000000 0.000000 0.007440 0.009921 0.009921 0.016865 0.017361 0.019345 0.002480 0.003472 0.000000 0.000000 0.005952 0.006944 0.006944 0.008433 0.014385 0.015377 0.016865 0.015873 0.014881 0.017361 0.018353 0.005456 0.004960 0.005456 0.005952 0.005952 0.017857 0.017857 0.017361 0.018353 0.016865 0.000992 0.001984 0.002976
0.000000 0.000000 0.000000 0.000000 0.000000 0.000000 0.000000 0.000000 0.000000 0.000000 0.000000 0.000000 0.004960 0.000000 0.005456 0.000496 0.001488 0.000496 0.001488 0.000000 0.000000 0.000000 0.008929 0.010913 0.011905 0.013889 0.011905 0.000000 0.000000 0.006944 0.008433 0.008433 0.015873 0.015873 0.001488 0.002480 0.003968 0.000000 0.004960 0.005952 0.006448 0.006448 0.006944 0.007440 0.007937 0.006944 0.004960 0.005456 0.005456 0.004464 0.005456 0.003968 0.003968 0.005952 0.004464 0.018353 0.014881 0.017361 0.016369 0.017361 0.001488 0.000992 0.001984
0.000000 0.000000 0.000000 0.000000 0.000000 0.000000 0.000000 0.000000 0.000000 0.000000 0.000000 0.000000 0.003968 0.000000 0.000000 0.007937 0.000992 0.000992 0.001488 0.000000 0.000000 0.000000 0.009425 0.012897 0.012897 0.012401 0.012897 0.006448 0.005952 0.001984 0.001488 0.000992 0.001984 0.002480 0.002480 0.004464 0.004960 0.000000 0.003968 0.006448 0.003968 0.004960 0.005456 0.006944 0.007440 0.005456 0.005456 0.005952 0.005456 0.003968 0.002480 0.002480 0.002976 0.005952 0.004960 0.004960 0.002976 0.003968 0.003472 0.001488 0.000992 0.001488 0.000000
0.000000 0.000000 0.000000 0.000000 0.000000 0.000000 0.000000 0.000000 0.000000 0.000000 0.000000 0.000000 0.005456 0.005952 0.006448 0.007440 0.006944 0.000000 0.000000 0.000496 0.000496 0.000000 0.007440 0.010417 0.010913 0.010913 0.011409 0.005952 0.007440 0.001488 0.000992 0.001488 0.002480 0.003968 0.003472 0.005456 0.005952 0.005952 0.006944 0.005456 0.003968 0.005952 0.005952 0.006944 0.007440 0.005952 0.005456 0.005456 0.003968 0.002976 0.002976 0.002976 0.002480 0.004464 0.004464 0.004960 0.002976 0.002480 0.001984 0.000992 0.001984 0.001488 0.001488
0.000000 0.000000 0.000000 0.000000 0.000000 0.000000 0.000000 0.000000 0.000000 0.000000 0.000000 0.001488 0.002976 0.006448 0.005952 0.005952 0.005456 0.000000 0.000000 0.000496 0.000496 0.001488 0.005952 0.003968 0.002976 0.000992 0.001488 0.001984 0.001984 0.008433 0.010913 0.011409 0.002976 0.002976 0.003968 0.005456 0.006944 0.005456 0.006448 0.005952 0.006448 0.005952 0.007937 0.007440 0.006944 0.007440 0.006448 0.005952 0.004960 0.003472 0.002976 0.004960 0.005456 0.005456 0.004960 0.004960 0.002480 0.002976 0.001488 0.016865 0.000992 0.001984 0.001984
0.000000 0.000000 0.000000 0.000000 0.000000 0.000000 0.000000 0.000000 0.000000 0.000000 0.000496 0.002480 0.003472 0.003472 0.004464 0.005952 0.000000 0.000000 0.000000 0.000496 0.000496 0.006448 0.006448 0.006944 0.001984 0.001984 0.001488 0.001984 0.002480 0.008433 0.009921 0.011409 0.004464 0.005456 0.007440 0.007937 0.007937 0.006944 0.006944 0.006448 0.006944 0.007440 0.005952 0.006448 0.006448 0.006448 0.005456 0.004960 0.004960 0.004960 0.004960 0.006448 0.005952 0.005456 0.004960 0.004464 0.003968 0.003472 0.001984 0.016865 0.012897 0.014385 0.001984
0.000000 0.000000 0.000000 0.000000 0.000000 0.000000 0.000000 0.000000 0.000000 0.000000 0.002480 0.002976 0.003472 0.004464 0.003968 0.002976 0.005456 0.006448 0.005952 0.003472 0.003968 0.005952 0.007440 0.006944 0.002480 0.001984 0.001984 0.002976 0.003472 0.008929 0.010913 0.003472 0.004960 0.005952 0.006448 0.007440 0.009425 0.009425 0.006448 0.008433 0.007937 0.008929 0.005456 0.004464 0.015377 0.013889 0.013393 0.005952 0.004464 0.004464 0.003472 0.004960 0.014881 0.012401 0.004960 0.005952 0.005456 0.004960 0.003472 0.015873 0.014385 0.013889 0.001984
0.000000 0.000000 0.000000 0.000000 0.000000 0.000000 0.000000 0.000000 0.000000 0.000000 0.002976 0.002976 0.003472 0.005456 0.004464 0.003968 0.004960 0.004464 0.005456 0.006448 0.004960 0.005456 0.005952 0.006944 0.002976 0.003968 0.003968 0.003968 0.004960 0.004464 0.003968 0.009425 0.011409 0.012401 0.006944 0.008929 0.007440 0.008433 0.006944 0.007937 0.007440 0.005952 0.005952 0.003968 0.014881 0.014385 0.006944 0.005952 0.004960 0.004960 0.004464 0.016369 0.012897 0.010417 0.004960 0.005952 0.004960 0.003472 0.003472 0.000000 0.001984 0.002480 0.015377
0.000000 0.000000 0.000000 0.000000 0.000000 0.000000 0.000000 0.000000 0.000000 0.000000 0.002976 0.002480 0.002976 0.004464 0.003968 0.003968 0.002480 0.001984 0.001984 0.005952 0.005456 0.004464 0.004960 0.006448 0.003472 0.003968 0.004464 0.005952 0.007440 0.006448 0.005952 0.010417 0.013393 0.011905 0.006944 0.007937 0.008433 0.007440 0.008433 0.010417 0.012897 0.004960 0.003968 0.004960 0.006448 0.005456 0.005456 0.006944 0.005456 0.005456 0.004464 0.014881 0.014881 0.015377 0.004960 0.005456 0.004464 0.004464 0.003968 0.002480 0.001984 0.000000 0.000000
0.000000 0.000000 0.000000 0.000000 0.000000 0.000000 0.000000 0.000000 0.000000 0.000000 0.001984 0.003472 0.004464 0.004960 0.004960 0.003968 0.002480 0.001984 0.001984 0.004960 0.004960 0.001984 0.000992 0.002976 0.005952 0.006448 0.006944 0.008433 0.009921 0.004464 0.004960 0.006944 0.012897 0.011905 0.008929 0.008929 0.007440 0.006944 0.007937 0.000000 0.012897 0.003472 0.004464 0.006448 0.005952 0.005456 0.004960 0.006944 0.004960 0.004960 0.003472 0.012897 0.014385 0.014385 0.003472 0.003968 0.005456 0.004960 0.004960 0.002976 0.001984 0.018849 0.000000
0.000000 0.000000 0.000000 0.000000 0.000000 0.000000 0.000000 0.000000 0.000000 0.000000 0.000000 0.005456 0.005952 0.006944 0.005456 0.003968 0.002976 0.002976 0.004960 0.004464 0.004960 0.001984 0.002480 0.001984 0.005952 0.005952 0.008929 0.007937 0.010417 0.004464 0.005952 0.005456 0.006944 0.007937 0.010417 0.010417 0.010417 0.007937 0.000000 0.000000 0.005456 0.003968 0.003968 0.005456 0.004464 0.004960 0.004464 0.006448 0.004464 0.003968 0.005456 0.012401 0.012401 0.011905 0.004464 0.004464 0.005952 0.005456 0.004960 0.018849 0.017857 0.017361 0.014385
0.000000 0.000000 0.000000 0.000000 0.000000 0.000000 0.000000 0.000000 0.000000 0.000000 0.000000 0.005952 0.006448 0.006944 0.004464 0.002480 0.000000 0.002976 0.002976 0.003472 0.001984 0.005456 0.004960 0.004960 0.005952 0.006448 0.008929 0.007937 0.003968 0.005456 0.004464 0.004960 0.006448 0.008433 0.008433 0.008433 0.009921 0.000000 0.000000 0.009921 0.004960 0.004960 0.006448 0.006448 0.002976 0.004464 0.003968 0.005952 0.002976 0.002976 0.004464 0.004960 0.005952 0.005456 0.003968 0.004464 0.005952 0.005456 0.003968 0.016865 0.014385 0.000000 0.000000
0.000000 0.000000 0.000000 0.000000 0.000000 0.000000 0.000000 0.000000 0.000000 0.000000 0.000000 0.003472 0.004464 0.004960 0.000000 0.000000 0.001984 0.003472 0.002480 0.002976 0.002976 0.005456 0.006448 0.005456 0.005952 0.006448 0.004464 0.002976 0.003968 0.004464 0.004464 0.005952 0.007937 0.007937 0.007937 0.007937 0.008433 0.000000 0.009921 0.007440 0.007440 0.008929 0.007937 0.005456 0.004960 0.003968 0.003968 0.004464 0.002976 0.001984 0.003968 0.005952 0.005952 0.003968 0.003472 0.003472 0.005952 0.003968 0.002976 0.000000 0.000000 0.000000 0.000000
0.000000 0.000000 0.000000 0.000000 0.000000 0.000000 0.000000 0.000000 0.000000 0.000000 0.000000 0.002480 0.003472 0.002480 0.000000 0.000000 0.002480 0.002480 0.002480 0.001488 0.002480 0.005952 0.004960 0.005456 0.006448 0.005952 0.004960 0.002480 0.004464 0.003472 0.005456 0.007440 0.007937 0.008929 0.009425 0.009921 0.008929 0.000000 0.017857 0.019841 0.025298 0.008433 0.006944 0.005456 0.004960 0.003968 0.001984 0.004464 0.002976 0.002480 0.003968 0.003968 0.002480 0.003472 0.005456 0.005456 0.005456 0.003968 0.002976 0.000000 0.000000 0.000000 0.000000
0.000000 0.000000 0.000000 0.000000 0.000000 0.000000 0.000000 0.000000 0.000000 0.000000 0.000000 0.002480 0.003472 0.001984 0.002976 0.001488 0.001984 0.002480 0.002976 0.002976 0.002480 0.002976 0.002976 0.002480 0.002480 0.002976 0.004464 0.002976 0.003472 0.004464 0.004464 0.008433 0.008433 0.010417 0.009425 0.009921 0.009425 0.007937 0.019841 0.021329 0.022321 0.009921 0.006944 0.007440 0.005952 0.004960 0.003968 0.003968 0.004960 0.001984 0.002976 0.003472 0.002480 0.014881 0.014881 0.016369 0.014881 0.014385 0.002480 0.000000 0.000000 0.000000 0.000000
0.000000 0.000000 0.000000 0.000000 0.000000 0.000000 0.000000 0.000000 0.001984 0.001984 0.005456 0.005456 0.006448 0.003968 0.002976 0.002480 0.001984 0.002480 0.001984 0.002976 0.003968 0.004960 0.003968 0.003968 0.003472 0.002976 0.004464 0.002976 0.003472 0.003968 0.004464 0.006448 0.009425 0.010417 0.009921 0.007937 0.008433 0.010417 0.012401 0.011409 0.011409 0.019841 0.007937 0.006448 0.005952 0.005456 0.004464 0.004464 0.002480 0.002976 0.004464 0.003472 0.002480 0.013393 0.015873 0.014385 0.014881 0.013889 0.000000 0.000000 0.000000 0.000000 0.000000
0.000000 0.000000 0.000000 0.000000 0.000000 0.000000 0.000000 0.000000 0.001984 0.001488 0.006944 0.005952 0.004464 0.004960 0.002976 0.003472 0.002480 0.002480 0.002480 0.003472 0.004464 0.004464 0.004464 0.004464 0.004464 0.005456 0.005456 0.004960 0.002976 0.003472 0.004960 0.008929 0.008929 0.011905 0.010913 0.008433 0.009425 0.009921 0.014881 0.013393 0.011409 0.017361 0.018849 0.016865 0.017857 0.016865 0.013889 0.013393 0.002976 0.003472 0.002480 0.002480 0.002480 0.014881 0.013889 0.012401 0.011409 0.012401 0.000000 0.000000 0.000000 0.000000 0.000000
0.000000 0.000000 0.000000 0.000000 0.000000 0.000000 0.000000 0.000000 0.001984 0.000992 0.005456 0.004960 0.005456 0.005952 0.005456 0.003968 0.003968 0.002976 0.002480 0.002976 0.003472 0.003968 0.004464 0.004960 0.004464 0.004960 0.003472 0.004464 0.004464 0.003968 0.006448 0.008433 0.010417 0.008929 0.007937 0.000000 0.000000 0.010417 0.014385 0.016369 0.015873 0.016865 0.019841 0.020337 0.019841 0.000000 0.007440 0.009425 0.004464 0.003968 0.003968 0.003472 0.003472 0.012401 0.009921 0.008433 0.000000 0.000000 0.000000 0.000000 0.000000 0.000000 0.000000
0.000000 0.000000 0.000000 0.000000 0.000000 0.000000 0.000000 0.000000 0.001488 0.001488 0.001488 0.002480 0.002480 0.002480 0.002480 0.002480 0.004464 0.002976 0.001984 0.002480 0.003472 0.003968 0.003968 0.003968 0.004960 0.003968 0.002976 0.002976 0.003472 0.003968 0.004960 0.008433 0.010913 0.006944 0.009425 0.000000 0.000000 0.000000 0.015377 0.016865 0.012897 0.012897 0.022321 0.016865 0.000000 0.000000 0.000000 0.008929 0.003472 0.002976 0.003472 0.002976 0.002976 0.000000 0.000000 0.000000 0.000000 0.000000 0.000000 0.000000 0.000000 0.000000 0.000000
0.000000 0.000000 0.000000 0.000000 0.000000 0.000000 0.000000 0.000000 0.001488 0.002480 0.001984 0.002480 0.001984 0.000000 0.002976 0.002480 0.003968 0.002976 0.002480 0.003472 0.003472 0.004960 0.003968 0.003472 0.002480 0.002480 0.003968 0.002976 0.003968 0.004464 0.007440 0.007440 0.006448 0.007937 0.009425 0.000000 0.000000 0.000000 0.015873 0.019841 0.013393 0.010913 0.023810 0.000000 0.000000 0.000000 0.003472 0.007440 0.003968 0.003968 0.003968 0.000000 0.000000 0.000000 0.000000 0.000000 0.000000 0.000000 0.000000 0.000000 0.000000 0.000000 0.000000
0.000000 0.000000 0.001488 0.001984 0.001488 0.000992 0.000992 0.001984 0.001488 0.001984 0.002480 0.001984 0.001984 0.001984 0.002976 0.002480 0.003472 0.003472 0.003472 0.003968 0.003472 0.002976 0.003968 0.003968 0.004464 0.003472 0.002976 0.002976 0.003968 0.004960 0.007937 0.007937 0.007937 0.006944 0.006448 0.012401 0.013393 0.017857 0.021329 0.023313 0.021825 0.028770 0.000000 0.000000 0.000000 0.000000 0.000000 0.000000 0.000000 0.003472 0.000000 0.000000 0.000000 0.000000 0.000000 0.000000 0.000000 0.000000 0.000000 0.000000 0.000000 0.000000 0.000000
0.002976 0.002976 0.001984 0.001984 0.001984 0.000992 0.001984 0.001488 0.001984 0.003472 0.002480 0.002480 0.001984 0.001984 0.001488 0.002480 0.003472 0.003968 0.004960 0.003968 0.002480 0.001984 0.002976 0.003472 0.003472 0.002976 0.004464 0.003968 0.003968 0.005952 0.007440 0.007440 0.007440 0.006448 0.006944 0.011905 0.015377 0.015377 0.016865 0.020337 0.021329 0.000000 0.000000 0.000000 0.000000 0.000000 0.000000 0.000000 0.000000 0.000000 0.000000 0.000000 0.000000 0.000000 0.000000 0.000000 0.000000 0.000000 0.000000 0.000000 0.000000 0.000000 0.000000
0.002976 0.003472 0.001984 0.002480 0.002480 0.001488 0.001488 0.001488 0.001488 0.001984 0.002976 0.003472 0.002480 0.001984 0.002480 0.002480 0.003472 0.003472 0.004960 0.003968 0.002480 0.001488 0.002976 0.004960 0.004464 0.003968 0.003472 0.004464 0.006448 0.006448 0.005952 0.007937 0.007440 0.006448 0.005952 0.010417 0.013393 0.013393 0.015873 0.019841 0.017857 0.000000 0.000000 0.000000 0.000000 0.000000 0.000000 0.000000 0.000000 0.000000 0.000000 0.000000 0.000000 0.000000 0.000000 0.000000 0.000000 0.000000 0.000000 0.000000 0.000000 0.000000 0.000000
0.002976 0.003472 0.000496 0.001984 0.001984 0.001984 0.001984 0.001984 0.001984 0.001984 0.001984 0.003472 0.002976 0.002976 0.002480 0.004464 0.004464 0.003472 0.004464 0.004464 0.002976 0.001984 0.003968 0.004960 0.005952 0.004464 0.004960 0.003968 0.005456 0.006944 0.007440 0.007440 0.006944 0.007440 0.008433 0.009425 0.009425 0.012401 0.014881 0.016865 0.014385 0.000000 0.000000 0.000000 0.000000 0.000000 0.000000 0.000000 0.000000 0.000000 0.000000 0.000000 0.000000 0.000000 0.000000 0.000000 0.000000 0.000000 0.000000 0.000000 0.000000 0.000000 0.000000
0.000000 0.000496 0.000496 0.000992 0.001984 0.002480 0.001984 0.002480 0.002480 0.001488 0.002976 0.003472 0.000000 0.000000 0.001488 0.004464 0.005952 0.003472 0.004464 0.003968 0.003968 0.002480 0.003968 0.004464 0.004960 0.005456 0.005952 0.005952 0.004960 0.006944 0.007440 0.008433 0.008433 0.008929 0.010417 0.008929 0.008433 0.012897 0.013889 0.012897 0.011409 0.009921 0.007440 0.000000 0.000000 0.000000 0.000000 0.000000 0.000000 0.000000 0.000000 0.000000 0.000000 0.000000 0.000000 0.000000 0.000000 0.000000 0.000000 0.000000 0.000000 0.000000 0.000000
0.000496 0.000496 0.000496 0.000992 0.000992 0.001984 0.001984 0.001488 0.001488 0.001488 0.001488 0.001984 0.000000 0.004960 0.002976 0.004464 0.004960 0.005456 0.005456 0.004464 0.004464 0.003968 0.003968 0.004464 0.004464 0.005456 0.004960 0.000000 0.004960 0.006448 0.005952 0.008929 0.007440 0.009921 0.011409 0.010913 0.011409 0.006944 0.008433 0.006944 0.006944 0.008433 0.006448 0.004960 0.004464 0.000000 0.000000 0.000000 0.000000 0.000000 0.000000 0.000000 0.000000 0.000000 0.000000 0.000000 0.000000 0.000000 0.000000 0.000000 0.000000 0.000000 0.000000
0.000496 0.000000 0.000496 0.000496 0.000496 0.001488 0.002480 0.001984 0.000992 0.000992 0.000992 0.000000 0.000000 0.000000 0.006448 0.004960 0.000000 0.003472 0.004464 0.004960 0.003968 0.003968 0.003968 0.004960 0.004464 0.004960 0.005456 0.005952 0.005952 0.007440 0.006944 0.007440 0.007440 0.008929 0.011409 0.010913 0.008433 0.008433 0.007937 0.006448 0.005952 0.007937 0.005952 0.004464 0.003472 0.000000 0.000000 0.000000 0.000000 0.000000 0.000000 0.000000 0.000000 0.000000 0.000000 0.000000 0.000000 0.000000 0.000000 0.000000 0.000000 0.000000 0.000000
