FireSTARR/test/output/SLK/SLK007/2018-05-21_1921/intensity_L_154_2018-06-03.asc
ncols         353
nrows         270
xllcorner     469643.378600
yllcorner     5667302.364000
cellsize      100.000000
NODATA_value  0.000000
[rows 140 to 167 of 270, columns 126 to 188 of 353]
0.000496 0.000992 0.000992 0.000496 0.000000 0.000000 0.000000 0.000000 0.000496 0.000000 0.000000 0.000496 0.000496 0.000496 0.000496 0.000000 0.007937 0.004960 0.003968 0.003968 0.003968 0.000000 0.000000 0.002976 0.004960 0.005952 0.005456 0.005952 0.001488 0.000992 0.000496 0.000000 0.000496 0.000496 0.002480 0.002480 0.002480 0.001984 0.001488 0.001984 0.002976 0.002976 0.000000 0.001984 0.001984 0.000496 0.001488 0.001984 0.002480 0.002480 0.002480 0.002976 0.001984 0.001488 0.000992 0.001488 0.014385 0.008929 0.002480 0.002480 0.002976 0.004464 0.004464
0.000496 0.000496 0.000992 0.005952 0.006448 0.000000 0.000000 0.000000 0.000496 0.000000 0.000496 0.000992 0.000000 0.000000 0.000000 0.000496 0.008433 0.007937 0.008929 0.008929 0.007440 0.000000 0.000000 0.005456 0.002480 0.001984 0.003472 0.005952 0.000992 0.000496 0.000000 0.008433 0.008929 0.001488 0.002480 0.002480 0.001984 0.001488 0.001984 0.001984 0.003472 0.003472 0.001984 0.001984 0.001488 0.001984 0.001488 0.002480 0.001984 0.001488 0.002480 0.001984 0.002480 0.001984 0.001488 0.001488 0.014385 0.008929 0.003472 0.003472 0.000000 0.003968 0.003472
0.000992 0.000496 0.000496 0.004960 0.006944 0.000000 0.000000 0.000000 0.000496 0.000496 0.000496 0.000992 0.000000 0.000000 0.000992 0.000992 0.000992 0.000496 0.000496 0.000992 0.000992 0.001488 0.000496 0.000000 0.000000 0.001984 0.003472 0.005952 0.000992 0.000000 0.000000 0.008433 0.008929 0.002480 0.003472 0.001984 0.001984 0.001488 0.002480 0.003472 0.002480 0.002976 0.001488 0.001984 0.000992 0.000992 0.001488 0.002480 0.002480 0.002976 0.003472 0.002480 0.001984 0.000992 0.000992 0.001984 0.000000 0.000000 0.000000 0.002976 0.000000 0.003472 0.003968
0.004464 0.004464 0.004960 0.000000 0.000496 0.000496 0.000496 0.000000 0.000496 0.000000 0.000992 0.000992 0.000000 0.000000 0.000992 0.000992 0.000496 0.000496 0.000992 0.001488 0.000496 0.000992 0.000992 0.000000 0.000000 0.003472 0.003968 0.004960 0.006448 0.006944 0.000496 0.000992 0.002480 0.002976 0.002976 0.002976 0.002976 0.002480 0.001984 0.001984 0.001488 0.001488 0.001488 0.001488 0.001984 0.001488 0.001984 0.001984 0.001984 0.002976 0.002480 0.001984 0.001984 0.001984 0.000496 0.000000 0.000000 0.000000 0.000000 0.002480 0.002976 0.001984 0.001488
0.004464 0.003968 0.004960 0.000000 0.000496 0.000000 0.000000 0.000496 0.000496 0.000496 0.007937 0.006944 0.008433 0.000992 0.000992 0.000496 0.000992 0.000496 0.008929 0.000992 0.000000 0.000992 0.000496 0.000000 0.000000 0.003968 0.004464 0.004960 0.006944 0.006448 0.000496 0.000992 0.001984 0.001984 0.002976 0.001984 0.001984 0.001984 0.002976 0.001984 0.000992 0.000992 0.000992 0.021329 0.020337 0.019841 0.019841 0.001984 0.000992 0.001488 0.001488 0.002976 0.001984 0.001984 0.001488 0.000000 0.000000 0.000000 0.002480 0.002480 0.001488 0.002480 0.001984
0.000000 0.000496 0.004464 0.000000 0.000000 0.000000 0.000000 0.000000 0.000496 0.000496 0.006944 0.003968 0.007440 0.000496 0.000992 0.000992 0.000992 0.000992 0.010417 0.007440 0.000000 0.000000 0.000000 0.004464 0.004464 0.000000 0.000000 0.000496 0.000992 0.000496 0.000992 0.001488 0.000992 0.001984 0.001488 0.001984 0.001488 0.001488 0.003472 0.001984 0.001488 0.001488 0.000992 0.021825 0.018353 0.018353 0.019345 0.020833 0.013889 0.012401 0.001984 0.001488 0.001488 0.000000 0.000000 0.000000 0.000000 0.000000 0.001488 0.001984 0.001488 0.001984 0.001984
0.000000 0.000496 0.000496 0.000000 0.000000 0.000000 0.000000 0.000000 0.000000 0.000496 0.007440 0.006448 0.006448 0.000496 0.000992 0.001488 0.000992 0.000992 0.009921 0.009921 0.000000 0.000000 0.000000 0.000992 0.004464 0.000496 0.000000 0.000496 0.000992 0.000000 0.006944 0.007937 0.008929 0.010913 0.013393 0.001488 0.002480 0.002480 0.001984 0.001984 0.001488 0.001488 0.001488 0.020337 0.021329 0.021329 0.024306 0.024306 0.017361 0.012897 0.003472 0.001488 0.001488 0.000000 0.000000 0.000000 0.008929 0.012401 0.001984 0.000992 0.001984 0.001984 0.003472
0.000992 0.000496 0.000000 0.000496 0.000496 0.000000 0.000000 0.000000 0.000000 0.000000 0.007440 0.006448 0.000496 0.000992 0.000992 0.000992 0.000992 0.000992 0.000992 0.000496 0.009425 0.004464 0.000000 0.001488 0.004960 0.000000 0.000000 0.000000 0.000992 0.000992 0.005952 0.002976 0.004464 0.004464 0.013889 0.001488 0.001488 0.002480 0.001984 0.001488 0.000992 0.000992 0.000992 0.000992 0.001488 0.000992 0.000992 0.001488 0.016369 0.012401 0.012401 0.013393 0.001488 0.000000 0.000000 0.018849 0.012897 0.013889 0.001984 0.000992 0.001488 0.001488 0.002480
0.000992 0.000496 0.000000 0.000000 0.000000 0.006944 0.007937 0.000992 0.000496 0.000496 0.007440 0.005456 0.000000 0.000992 0.001488 0.000496 0.000992 0.000992 0.000992 0.001488 0.009425 0.003472 0.002480 0.001984 0.004960 0.004464 0.003968 0.004960 0.003968 0.004960 0.003968 0.002976 0.004960 0.004464 0.014385 0.001488 0.001984 0.001984 0.001488 0.001488 0.001488 0.001488 0.001984 0.001488 0.001488 0.000992 0.001488 0.001488 0.015873 0.010913 0.011409 0.014385 0.016865 0.000992 0.000992 0.023313 0.019345 0.019345 0.002480 0.001984 0.001488 0.000992 0.002480
0.000496 0.000000 0.000496 0.000000 0.000000 0.007937 0.007937 0.000000 0.000992 0.001488 0.007440 0.006448 0.007937 0.008929 0.010417 0.000496 0.000992 0.000992 0.001984 0.001488 0.009425 0.003472 0.002480 0.001984 0.002976 0.002480 0.001488 0.001984 0.000992 0.002480 0.003472 0.002976 0.003968 0.007440 0.014385 0.001984 0.001984 0.001488 0.001488 0.001488 0.000992 0.001984 0.001984 0.001984 0.000992 0.002480 0.002976 0.002976 0.017361 0.017361 0.016865 0.017857 0.017361 0.000496 0.000992 0.023313 0.023313 0.023313 0.002976 0.001984 0.001984 0.002480 0.002480
0.000496 0.000496 0.000496 0.000000 0.000000 0.007937 0.008433 0.000000 0.000992 0.000992 0.009425 0.009425 0.009921 0.005456 0.011409 0.000992 0.001488 0.000496 0.000496 0.000496 0.009425 0.003472 0.001984 0.001488 0.003472 0.001984 0.001488 0.001488 0.001488 0.001488 0.000000 0.000000 0.000000 0.014881 0.015377 0.001488 0.001984 0.001488 0.001488 0.001984 0.001488 0.001984 0.002480 0.001488 0.002976 0.002976 0.002480 0.002976 0.002480 0.002480 0.001984 0.001488 0.001984 0.001488 0.001488 0.002480 0.001984 0.024306 0.001984 0.001488 0.001984 0.002480 0.002976
0.000000 0.000496 0.000496 0.000000 0.000496 0.000496 0.000000 0.000992 0.000992 0.000992 0.000992 0.000496 0.010417 0.007937 0.011409 0.000992 0.000992 0.000000 0.000496 0.000496 0.009425 0.002976 0.001488 0.000000 0.000000 0.000000 0.001488 0.001488 0.001488 0.000000 0.000000 0.000000 0.000000 0.001984 0.000992 0.001488 0.001488 0.001488 0.000992 0.000992 0.001984 0.002976 0.003472 0.002976 0.002480 0.002976 0.002480 0.001984 0.001984 0.001984 0.001984 0.001984 0.001984 0.001488 0.001488 0.001488 0.001488 0.002480 0.002480 0.001984 0.002480 0.002480 0.003472
0.000000 0.000000 0.000496 0.000496 0.000496 0.000496 0.000496 0.000992 0.000992 0.000496 0.000496 0.000496 0.010417 0.011905 0.012897 0.000992 0.000992 0.000496 0.000000 0.000000 0.009425 0.007440 0.000000 0.000000 0.000000 0.000000 0.000000 0.000000 0.000000 0.000000 0.000000 0.000000 0.001984 0.001984 0.001488 0.003472 0.002480 0.001488 0.001488 0.001984 0.002976 0.004960 0.003968 0.003968 0.002480 0.001488 0.001488 0.000992 0.001984 0.001488 0.001488 0.001984 0.001488 0.000992 0.000992 0.000992 0.000992 0.001488 0.002480 0.002480 0.002976 0.001984 0.002976
0.000000 0.000496 0.000992 0.000992 0.000992 0.000496 0.000992 0.001488 0.000496 0.000000 0.000496 0.000000 0.000000 0.012401 0.000496 0.000496 0.000496 0.000496 0.000992 0.010913 0.007937 0.008929 0.000000 0.000000 0.000000 0.000000 0.000000 0.000000 0.000000 0.000000 0.001984 0.002480 0.002480 0.001984 0.001984 0.002976 0.002480 0.002480 0.003472 0.002480 0.003472 0.002480 0.003968 0.003968 0.002480 0.001488 0.001488 0.001488 0.001488 0.000992 0.001488 0.001984 0.000992 0.001488 0.000992 0.000000 0.000000 0.001984 0.000000 0.000000 0.000000 0.016865 0.020833
0.000496 0.000496 0.000496 0.000496 0.000992 0.000000 0.000496 0.001488 0.000992 0.000000 0.000496 0.000496 0.000000 0.000000 0.000992 0.000992 0.001488 0.013393 0.001488 0.010913 0.009425 0.009425 0.000496 0.000496 0.000000 0.000000 0.000000 0.000000 0.000000 0.008929 0.000000 0.000000 0.001984 0.001488 0.002480 0.002480 0.001984 0.001984 0.002976 0.001984 0.002976 0.002480 0.002480 0.002480 0.001984 0.001984 0.001984 0.001984 0.000992 0.000992 0.001488 0.001984 0.001984 0.000992 0.000496 0.000000 0.000000 0.000000 0.000000 0.000000 0.000000 0.005952 0.013889
0.000496 0.000496 0.000496 0.000496 0.000000 0.000496 0.000496 0.000992 0.000992 0.000992 0.001488 0.001984 0.013393 0.013889 0.000992 0.000992 0.000992 0.013393 0.011409 0.001488 0.001488 0.001984 0.001488 0.000496 0.000000 0.000000 0.000000 0.000000 0.000000 0.000000 0.000000 0.000000 0.000000 0.001488 0.001984 0.001984 0.001984 0.002976 0.002480 0.002480 0.001984 0.001984 0.001984 0.001984 0.001488 0.002480 0.001488 0.001488 0.000992 0.001984 0.001488 0.001984 0.001984 0.001984 0.000496 0.000000 0.000000 0.000000 0.000000 0.000000 0.000000 0.002976 0.003472
0.000496 0.000496 0.000496 0.000992 0.000992 0.000992 0.001488 0.001984 0.001488 0.001488 0.002480 0.002480 0.002480 0.013393 0.001984 0.001984 0.000992 0.011905 0.011409 0.000992 0.001488 0.001488 0.001488 0.000000 0.000000 0.000000 0.000000 0.000000 0.000000 0.000000 0.005952 0.009425 0.000000 0.000000 0.001984 0.001984 0.002480 0.002480 0.002976 0.002480 0.001984 0.001984 0.001488 0.001984 0.001984 0.002480 0.001984 0.000992 0.001488 0.001984 0.002480 0.001488 0.001984 0.001984 0.000000 0.000000 0.000000 0.000000 0.000000 0.000000 0.000000 0.000000 0.000000
0.000496 0.000496 0.000992 0.000992 0.000496 0.000992 0.001984 0.001984 0.001488 0.001984 0.003472 0.001984 0.002480 0.002480 0.001984 0.001984 0.001984 0.013393 0.014881 0.000992 0.000000 0.000000 0.000000 0.000000 0.000000 0.000000 0.000000 0.000000 0.000992 0.001488 0.003472 0.014385 0.000000 0.000000 0.001488 0.001984 0.001984 0.002976 0.002976 0.002976 0.002480 0.001984 0.001984 0.002976 0.002976 0.001984 0.002480 0.000992 0.000992 0.001488 0.001984 0.001984 0.000992 0.000992 0.000000 0.000000 0.000000 0.000000 0.000000 0.000000 0.000000 0.000000 0.000000
0.000496 0.001488 0.000992 0.000992 0.000992 0.002480 0.002480 0.001984 0.002480 0.002480 0.002976 0.001984 0.001984 0.001984 0.001488 0.001488 0.001984 0.012897 0.014881 0.000992 0.000000 0.000000 0.000000 0.000000 0.000000 0.000000 0.000000 0.000000 0.000000 0.000000 0.000000 0.000000 0.000992 0.000000 0.001488 0.001984 0.002976 0.002976 0.002976 0.003472 0.002976 0.002480 0.002480 0.003472 0.002976 0.002976 0.001984 0.000992 0.000992 0.000992 0.001488 0.001488 0.018849 0.000000 0.000000 0.000000 0.000000 0.002480 0.001984 0.000992 0.000000 0.000000 0.000000
0.000496 0.001488 0.000992 0.000992 0.001488 0.002480 0.001984 0.001984 0.003472 0.003472 0.002480 0.001984 0.001984 0.001984 0.001488 0.001488 0.014385 0.012401 0.013393 0.001488 0.001984 0.012897 0.013393 0.013889 0.000000 0.000000 0.000000 0.000496 0.000000 0.000000 0.000000 0.000000 0.001488 0.000000 0.001984 0.002480 0.002976 0.003472 0.003472 0.003472 0.002480 0.002480 0.001488 0.002480 0.001984 0.002480 0.001984 0.001984 0.001488 0.001488 0.001488 0.001488 0.000000 0.000000 0.000000 0.000000 0.001984 0.001488 0.002480 0.001984 0.000000 0.000000 0.001488
0.000496 0.000992 0.001488 0.001488 0.002480 0.001984 0.001984 0.001984 0.000992 0.002480 0.002480 0.001984 0.001488 0.000992 0.001488 0.000992 0.012401 0.009921 0.012401 0.001984 0.001488 0.001984 0.000000 0.000000 0.000496 0.000000 0.000000 0.000992 0.000000 0.000000 0.000000 0.001984 0.001984 0.000000 0.001488 0.002480 0.003968 0.003968 0.003968 0.002976 0.001984 0.001984 0.002480 0.002480 0.002976 0.002976 0.002480 0.002480 0.001488 0.001488 0.000992 0.000992 0.000000 0.000000 0.001984 0.001488 0.001488 0.002480 0.002480 0.002976 0.003472 0.002976 0.002480
0.000992 0.000992 0.001488 0.002480 0.002480 0.001984 0.001488 0.000000 0.000992 0.001488 0.001984 0.002480 0.000992 0.002480 0.000992 0.001488 0.011905 0.009425 0.012897 0.001488 0.000992 0.000496 0.000000 0.000000 0.000000 0.000000 0.000000 0.000000 0.000496 0.001488 0.001488 0.008929 0.008929 0.008929 0.001984 0.002480 0.003472 0.002976 0.003968 0.002480 0.001984 0.002976 0.003968 0.002976 0.002976 0.002976 0.001984 0.001488 0.000992 0.001488 0.000496 0.000000 0.000000 0.001984 0.001984 0.001984 0.001984 0.002480 0.002480 0.002976 0.003472 0.003472 0.002976
0.000992 0.001488 0.001984 0.001984 0.001488 0.000992 0.001488 0.001488 0.001488 0.000992 0.000992 0.000992 0.001984 0.001984 0.001488 0.000496 0.011409 0.005456 0.011409 0.001488 0.000496 0.013393 0.013393 0.000000 0.000000 0.000496 0.000496 0.000992 0.000992 0.001488 0.001984 0.009425 0.007440 0.006448 0.002976 0.002976 0.002976 0.003472 0.002976 0.003472 0.003472 0.003472 0.003472 0.001488 0.002976 0.002480 0.001984 0.001984 0.001984 0.018353 0.018849 0.000000 0.002480 0.002976 0.001984 0.002480 0.002480 0.002480 0.002480 0.003968 0.003968 0.002976 0.002480
0.000496 0.000496 0.001488 0.002480 0.001488 0.000496 0.001488 0.000992 0.001488 0.000992 0.000992 0.000992 0.000992 0.001488 0.001488 0.000992 0.010417 0.010417 0.011409 0.000992 0.000496 0.012401 0.012897 0.013393 0.013889 0.014881 0.000496 0.000496 0.000992 0.001488 0.002480 0.001984 0.002480 0.002480 0.003968 0.003472 0.003472 0.003472 0.004464 0.003472 0.002976 0.001488 0.002976 0.002480 0.002480 0.002480 0.002480 0.001488 0.001488 0.017361 0.016865 0.002976 0.002976 0.003968 0.019345 0.019345 0.001984 0.002480 0.002976 0.004960 0.003472 0.002976 0.002480
0.000496 0.000992 0.002976 0.001984 0.001984 0.000496 0.001488 0.000496 0.000992 0.000992 0.000496 0.000496 0.000000 0.000496 0.000496 0.000496 0.000000 0.000000 0.001488 0.000496 0.000496 0.012401 0.014881 0.016369 0.015377 0.015377 0.000496 0.000000 0.000496 0.001488 0.002480 0.002976 0.002480 0.002480 0.002976 0.003472 0.004464 0.005456 0.005456 0.003968 0.001984 0.001984 0.002480 0.002480 0.008433 0.002480 0.002976 0.001488 0.001984 0.016865 0.015873 0.003472 0.002976 0.003472 0.018353 0.018353 0.001984 0.000000 0.004464 0.004464 0.002976 0.002976 0.002976
0.000496 0.000992 0.000992 0.001984 0.001984 0.000992 0.001488 0.000992 0.000992 0.000992 0.000496 0.000496 0.000992 0.000992 0.000992 0.000992 0.000000 0.000000 0.000992 0.000496 0.000496 0.013393 0.015377 0.000992 0.000992 0.000000 0.000496 0.000496 0.000992 0.000992 0.001984 0.002480 0.002480 0.002480 0.002976 0.003968 0.004960 0.005456 0.004464 0.003472 0.002480 0.002480 0.002480 0.002480 0.007440 0.007937 0.003472 0.000000 0.000000 0.014881 0.013393 0.013393 0.016369 0.018353 0.003472 0.002976 0.003472 0.002976 0.004960 0.002480 0.003472 0.003472 0.002976
0.000496 0.000992 0.001488 0.003472 0.002480 0.001984 0.001488 0.000992 0.000496 0.000992 0.000992 0.000992 0.000496 0.000496 0.000992 0.000992 0.000000 0.000000 0.000992 0.000496 0.000496 0.013889 0.015873 0.000496 0.000496 0.000496 0.000992 0.000496 0.000992 0.001984 0.002480 0.001984 0.002480 0.002480 0.003472 0.004464 0.004960 0.004960 0.004960 0.002976 0.002480 0.002976 0.002976 0.007937 0.008433 0.008929 0.002480 0.000000 0.000000 0.000000 0.006944 0.007937 0.017857 0.018849 0.002976 0.000000 0.018849 0.021329 0.021825 0.003472 0.003472 0.002480 0.003968
0.000496 0.000992 0.000992 0.001488 0.001984 0.002480 0.000496 0.000496 0.001488 0.001488 0.000992 0.001984 0.000496 0.011905 0.010913 0.008929 0.000000 0.000000 0.013889 0.014881 0.015377 0.013889 0.015377 0.000000 0.000992 0.000992 0.000992 0.001488 0.000992 0.001488 0.002480 0.001984 0.002480 0.003472 0.003968 0.003472 0.004464 0.004464 0.004960 0.003968 0.003968 0.003968 0.004464 0.002976 0.002480 0.002976 0.032738 0.000000 0.000000 0.000000 0.000000 0.008929 0.017857 0.003472 0.000000 0.000000 0.019345 0.020833 0.003968 0.003472 0.004464 0.005456 0.004464
