FireSTARR/test/output/SLK/SLK007/2018-05-21_1921/intensity_H_154_2018-06-03.asc
ncols         358
nrows         271
xllcorner     469043.378600
yllcorner     5667402.364000
cellsize      100.000000
NODATA_value  0.000000
[rows 112 to 139 of 271, columns 189 to 251 of 358]
0.019841 0.020337 0.019841 0.019841 0.019345 0.019345 0.017857 0.017857 0.017361 0.015377 0.013393 0.014881 0.016865 0.016865 0.002976 0.003968 0.003968 0.016865 0.018849 0.019841 0.019841 0.019345 0.019345 0.018849 0.019841 0.019841 0.019345 0.018353 0.019345 0.018849 0.019841 0.020337 0.019345 0.018849 0.018849 0.018849 0.015377 0.015377 0.014881 0.013889 0.014385 0.015377 0.010417 0.009921 0.017361 0.017857 0.016865 0.015873 0.015873 0.016369 0.015873 0.016369 0.008929 0.008929 0.007937 0.007937 0.008929 0.011905 0.012401 0.008929 0.011905 0.011409 0.010417
0.020833 0.017857 0.019841 0.019345 0.019345 0.019345 0.018353 0.002976 0.003472 0.012401 0.012401 0.016369 0.015377 0.016865 0.003472 0.003968 0.003968 0.019345 0.019841 0.019841 0.020337 0.019841 0.019841 0.019345 0.019345 0.019841 0.018849 0.000000 0.015377 0.015873 0.018353 0.018353 0.020337 0.019345 0.009425 0.010417 0.010913 0.010913 0.011409 0.011409 0.010913 0.010913 0.011409 0.010417 0.018353 0.018353 0.000000 0.017361 0.016865 0.016369 0.015873 0.015873 0.009425 0.009425 0.008433 0.008433 0.008433 0.012401 0.012401 0.011905 0.011905 0.010417 0.000000
0.018849 0.021329 0.019345 0.019345 0.021329 0.020833 0.002480 0.001488 0.001488 0.011905 0.012897 0.014385 0.016865 0.016865 0.018849 0.018849 0.019345 0.020337 0.020833 0.019841 0.019345 0.019841 0.019841 0.018353 0.019345 0.019345 0.000000 0.011905 0.015873 0.017361 0.018849 0.019841 0.020833 0.019841 0.009921 0.010417 0.010913 0.011409 0.011905 0.012401 0.012401 0.011905 0.019345 0.019345 0.018849 0.018849 0.018353 0.016865 0.016865 0.016865 0.017361 0.015873 0.015873 0.009921 0.010417 0.009425 0.009425 0.012401 0.012401 0.011905 0.011905 0.010417 0.000000
0.000000 0.020337 0.020833 0.020833 0.022321 0.021825 0.018353 0.011905 0.010417 0.009425 0.013393 0.014385 0.016369 0.016865 0.019345 0.020337 0.019841 0.020833 0.020833 0.020337 0.019345 0.019345 0.018353 0.018353 0.018849 0.000000 0.010417 0.012401 0.015873 0.017857 0.019345 0.022321 0.021329 0.020833 0.020833 0.021329 0.010417 0.010417 0.010417 0.010913 0.010913 0.009921 0.019345 0.019345 0.019841 0.019841 0.018849 0.017361 0.017361 0.017361 0.017857 0.016865 0.016865 0.015873 0.014385 0.013393 0.012401 0.012401 0.012401 0.011905 0.011409 0.000000 0.000000
0.000000 0.021825 0.022321 0.020833 0.023313 0.000000 0.000000 0.000000 0.000000 0.000992 0.002480 0.000000 0.012401 0.017361 0.019841 0.020833 0.020833 0.021825 0.021825 0.021329 0.020337 0.019345 0.018353 0.017857 0.000000 0.000000 0.008433 0.005456 0.015377 0.020337 0.022321 0.022321 0.022817 0.022321 0.021825 0.021825 0.021825 0.020833 0.020833 0.020337 0.021329 0.019841 0.020337 0.020337 0.019841 0.018353 0.018353 0.017857 0.017857 0.017361 0.016865 0.016369 0.015873 0.015873 0.013889 0.013393 0.012897 0.012401 0.010913 0.010913 0.000000 0.000000 0.000000
0.020833 0.022321 0.022321 0.022817 0.024306 0.024306 0.000000 0.000000 0.000000 0.001488 0.002976 0.000000 0.000000 0.019345 0.021329 0.022321 0.021825 0.021825 0.021825 0.020833 0.019841 0.019345 0.017857 0.016865 0.000000 0.002480 0.003968 0.003968 0.003968 0.020337 0.021825 0.023313 0.022817 0.022817 0.021825 0.022817 0.021825 0.021329 0.020833 0.020833 0.020833 0.020337 0.019841 0.020337 0.018849 0.018849 0.018353 0.017857 0.017857 0.017857 0.016865 0.016369 0.015873 0.014385 0.012897 0.012897 0.000000 0.011409 0.011409 0.010913 0.000000 0.000000 0.000000
0.022321 0.023313 0.023810 0.023810 0.024802 0.025298 0.000000 0.000000 0.000000 0.000000 0.022817 0.000000 0.000000 0.021329 0.022817 0.022321 0.022321 0.021825 0.022321 0.020833 0.020337 0.019345 0.015377 0.000000 0.000000 0.000000 0.005456 0.004960 0.003968 0.022321 0.023313 0.023313 0.024306 0.023810 0.022817 0.022321 0.022817 0.022817 0.021329 0.021329 0.021329 0.020833 0.019345 0.019345 0.018849 0.018849 0.018849 0.018849 0.017857 0.017361 0.015377 0.014881 0.014385 0.013393 0.012897 0.011905 0.011905 0.011409 0.010913 0.000000 0.000000 0.000000 0.000000
0.023810 0.024306 0.025298 0.026290 0.025298 0.025794 0.025794 0.024802 0.025298 0.024802 0.022817 0.023313 0.022817 0.022321 0.021825 0.022817 0.022817 0.021825 0.021329 0.020833 0.020833 0.000000 0.000000 0.000000 0.000000 0.004464 0.005456 0.004960 0.004960 0.022817 0.023810 0.024306 0.024306 0.024802 0.023810 0.022817 0.022817 0.022321 0.022321 0.020833 0.020833 0.019345 0.019345 0.018849 0.018849 0.018353 0.018353 0.017857 0.016865 0.016369 0.014881 0.013393 0.012401 0.012401 0.011905 0.012401 0.011905 0.010913 0.000000 0.000000 0.000000 0.000000 0.000000
0.024306 0.024306 0.025298 0.025794 0.025794 0.026786 0.025794 0.025794 0.025794 0.024306 0.023313 0.022817 0.022817 0.022817 0.022817 0.022321 0.022817 0.020833 0.020833 0.020833 0.020337 0.000000 0.000000 0.000000 0.000000 0.020833 0.022817 0.023313 0.024306 0.024306 0.024306 0.024306 0.025298 0.024306 0.022817 0.022817 0.022817 0.022321 0.021825 0.020833 0.019345 0.018353 0.017857 0.018353 0.018353 0.017361 0.017857 0.017361 0.016865 0.014385 0.014385 0.013393 0.012401 0.012401 0.011905 0.010913 0.010417 0.009921 0.000000 0.000000 0.000000 0.000000 0.000000
0.024802 0.026290 0.026290 0.025794 0.025298 0.026290 0.026290 0.026290 0.025794 0.024802 0.023810 0.022817 0.022321 0.022321 0.021329 0.020833 0.019841 0.020833 0.021329 0.020833 0.000000 0.000000 0.000000 0.000000 0.019841 0.021825 0.023810 0.024306 0.025794 0.024802 0.024802 0.025298 0.025794 0.023810 0.023313 0.022817 0.022321 0.021825 0.021329 0.005456 0.004464 0.017361 0.018353 0.018849 0.018353 0.017857 0.017857 0.017361 0.016865 0.014385 0.013393 0.012897 0.010913 0.010913 0.010417 0.008929 0.007937 0.000000 0.000000 0.000000 0.000000 0.000000 0.000000
0.026290 0.025298 0.025794 0.025298 0.024802 0.024802 0.027282 0.025794 0.024802 0.024306 0.023313 0.023313 0.023313 0.020833 0.020833 0.020337 0.019345 0.019345 0.019345 0.000000 0.000000 0.000000 0.000000 0.015873 0.020337 0.022817 0.023810 0.025794 0.026786 0.025794 0.026290 0.025298 0.022817 0.023313 0.024306 0.022817 0.021825 0.021825 0.020337 0.004960 0.004464 0.018849 0.019345 0.018849 0.017857 0.017857 0.017361 0.015873 0.013889 0.014385 0.000000 0.006448 0.005952 0.005952 0.000000 0.000000 0.000000 0.000000 0.000000 0.000000 0.000000 0.000000 0.000000
0.025794 0.025794 0.026290 0.025298 0.024802 0.025794 0.027282 0.025794 0.024802 0.024306 0.023313 0.023313 0.022321 0.013889 0.017857 0.019345 0.019841 0.018353 0.017361 0.000000 0.000000 0.000000 0.000000 0.018353 0.021825 0.023313 0.025298 0.026290 0.027778 0.027778 0.025794 0.012401 0.011905 0.023810 0.024306 0.023313 0.021329 0.020337 0.020337 0.021329 0.020337 0.019841 0.018353 0.017361 0.017857 0.015873 0.015377 0.014385 0.000000 0.000000 0.000000 0.000000 0.000000 0.000000 0.000000 0.000000 0.000000 0.000000 0.000000 0.000000 0.000000 0.000000 0.000000
0.027282 0.026290 0.026786 0.026290 0.025298 0.025794 0.025794 0.025794 0.025298 0.024306 0.024306 0.022817 0.021329 0.013393 0.012897 0.011905 0.019345 0.019841 0.000000 0.000000 0.000000 0.000000 0.000000 0.018849 0.022817 0.024306 0.026786 0.026786 0.027778 0.027778 0.026786 0.012401 0.012401 0.023810 0.025298 0.024306 0.021329 0.021825 0.021329 0.020337 0.018849 0.018353 0.018353 0.016865 0.015377 0.014385 0.013889 0.000000 0.000000 0.000000 0.000000 0.000000 0.000000 0.000000 0.000000 0.000000 0.000000 0.000000 0.000000 0.000000 0.000000 0.000000 0.000000
0.027282 0.025794 0.025794 0.025298 0.025298 0.026290 0.026290 0.025794 0.024802 0.024306 0.023313 0.022321 0.021329 0.013889 0.012401 0.011905 0.021329 0.020833 0.000000 0.000000 0.000000 0.000000 0.000000 0.020833 0.023810 0.027282 0.027282 0.027282 0.027778 0.027778 0.027282 0.024306 0.024802 0.024802 0.024802 0.022817 0.020833 0.020337 0.019841 0.019345 0.017857 0.016369 0.016865 0.015377 0.015377 0.013393 0.011905 0.000000 0.000000 0.000000 0.000000 0.000000 0.000000 0.000000 0.000000 0.000000 0.000000 0.000000 0.000000 0.000000 0.000000 0.000000 0.000000
0.026786 0.025794 0.026290 0.025794 0.025794 0.026290 0.025794 0.026290 0.024802 0.023313 0.014385 0.014385 0.013889 0.018849 0.017857 0.020337 0.021825 0.000000 0.000000 0.000000 0.000000 0.000000 0.000000 0.021825 0.027282 0.027778 0.028274 0.028274 0.028274 0.027282 0.027282 0.025794 0.024802 0.023810 0.022321 0.020833 0.017857 0.017857 0.016865 0.016369 0.015873 0.014385 0.013889 0.001984 0.001984 0.000000 0.000000 0.000000 0.000000 0.000000 0.000000 0.000000 0.000000 0.000000 0.000000 0.000000 0.000000 0.000000 0.000000 0.000000 0.000000 0.000000 0.000000
0.028274 0.028770 0.028770 0.026786 0.026290 0.025794 0.026290 0.025298 0.024306 0.022817 0.014385 0.013889 0.013393 0.018353 0.018353 0.019841 0.022321 0.000000 0.000000 0.000000 0.000000 0.000000 0.000000 0.026290 0.029266 0.029266 0.028770 0.028274 0.027282 0.027778 0.027282 0.025794 0.024306 0.022817 0.019345 0.017361 0.015873 0.014385 0.012897 0.011409 0.010913 0.010417 0.010417 0.001984 0.000000 0.000000 0.000000 0.000000 0.000000 0.000000 0.000000 0.000000 0.000000 0.000000 0.000000 0.000000 0.000000 0.000000 0.000000 0.000000 0.000000 0.000000 0.019841
0.028274 0.030258 0.028770 0.028274 0.027778 0.029266 0.026290 0.025794 0.024306 0.021329 0.020337 0.019841 0.017857 0.017361 0.016865 0.018849 0.000000 0.019841 0.020833 0.000000 0.000000 0.000000 0.000000 0.029266 0.028770 0.029762 0.028770 0.028274 0.027778 0.028274 0.028274 0.025298 0.022321 0.019841 0.016865 0.000000 0.000000 0.000000 0.000000 0.000000 0.005952 0.007440 0.006944 0.001984 0.000000 0.000000 0.000000 0.000000 0.000000 0.000000 0.000000 0.000000 0.000000 0.004960 0.000000 0.000000 0.000000 0.000000 0.018353 0.020833 0.020833 0.020337 0.019841
0.028770 0.030258 0.028770 0.028770 0.028770 0.027778 0.025298 0.024306 0.023313 0.020833 0.019345 0.017361 0.015377 0.012897 0.013889 0.000000 0.018353 0.020833 0.021329 0.022321 0.024802 0.000000 0.029266 0.029762 0.029762 0.029266 0.028770 0.027778 0.027778 0.027778 0.026290 0.023810 0.016865 0.014385 0.011905 0.000000 0.000000 0.000000 0.000000 0.000000 0.000000 0.004464 0.000000 0.000000 0.000000 0.000000 0.000000 0.000000 0.000000 0.000000 0.000000 0.000000 0.004960 0.005952 0.000000 0.000000 0.000000 0.000000 0.019841 0.020337 0.019841 0.019841 0.019345
0.029266 0.028274 0.028770 0.017857 0.018849 0.026290 0.026786 0.025794 0.024306 0.020833 0.016865 0.012897 0.012897 0.011905 0.011905 0.000000 0.018353 0.019345 0.019841 0.020337 0.026290 0.030258 0.029762 0.029266 0.028770 0.028274 0.028274 0.027282 0.027282 0.025794 0.021329 0.000000 0.000000 0.000000 0.006944 0.000000 0.000000 0.000000 0.000000 0.000000 0.002480 0.003472 0.000000 0.000000 0.000000 0.000000 0.000000 0.000000 0.000000 0.000000 0.000000 0.005952 0.006448 0.006448 0.007937 0.019345 0.019345 0.019841 0.019841 0.019841 0.020337 0.019841 0.018849
0.028770 0.029266 0.016865 0.018849 0.017361 0.025298 0.026786 0.024802 0.000000 0.011409 0.000992 0.000992 0.000496 0.000000 0.000000 0.014881 0.019345 0.019345 0.018353 0.018849 0.028770 0.030754 0.030258 0.029266 0.028770 0.027282 0.027282 0.027778 0.027282 0.000000 0.000000 0.000000 0.000000 0.000000 0.000000 0.000000 0.000000 0.000000 0.000000 0.000000 0.000000 0.000000 0.000000 0.000000 0.000000 0.000000 0.000000 0.000000 0.000000 0.000000 0.008929 0.013889 0.006944 0.006944 0.008433 0.018849 0.019841 0.019841 0.019345 0.019841 0.019345 0.018849 0.017857
0.030754 0.030754 0.017857 0.015873 0.015377 0.026290 0.026290 0.000000 0.000000 0.007440 0.000496 0.000496 0.000000 0.000000 0.000000 0.013889 0.019345 0.000000 0.000000 0.000000 0.029266 0.029762 0.030258 0.029266 0.028770 0.029266 0.027778 0.026786 0.024802 0.000000 0.000000 0.000000 0.000000 0.000000 0.000000 0.000000 0.000000 0.000000 0.000000 0.000000 0.000000 0.000000 0.000000 0.000000 0.000000 0.000000 0.000000 0.000000 0.000000 0.000000 0.011409 0.014881 0.016865 0.017361 0.019345 0.019345 0.020337 0.020337 0.019345 0.018849 0.018849 0.017361 0.016865
0.030258 0.031746 0.028770 0.027778 0.027778 0.026290 0.023810 0.024306 0.000000 0.000000 0.000496 0.000000 0.000000 0.000000 0.000000 0.011409 0.018353 0.028274 0.030754 0.030754 0.030754 0.028770 0.029266 0.028770 0.028770 0.027778 0.024802 0.026290 0.000000 0.000000 0.000000 0.000000 0.000000 0.000000 0.000000 0.000000 0.000000 0.000000 0.000000 0.000000 0.000000 0.000000 0.000000 0.000000 0.000000 0.000000 0.000000 0.000000 0.000000 0.000000 0.012401 0.014881 0.016865 0.017857 0.020337 0.020833 0.020833 0.020337 0.012897 0.012401 0.016369 0.015377 0.016865
0.031746 0.029266 0.028274 0.028274 0.026290 0.025794 0.024306 0.022817 0.000000 0.000000 0.000000 0.000000 0.000000 0.000000 0.000000 0.002480 0.005952 0.030258 0.031746 0.031746 0.030754 0.029762 0.029266 0.029762 0.027282 0.025794 0.025794 0.026290 0.000000 0.000000 0.000000 0.000000 0.022817 0.028274 0.000000 0.000000 0.000000 0.000000 0.000000 0.000000 0.000000 0.000000 0.000000 0.000000 0.000000 0.000000 0.000000 0.007937 0.010417 0.012897 0.012401 0.013889 0.017361 0.018849 0.018849 0.019345 0.019841 0.017857 0.008433 0.010913 0.013889 0.015377 0.016865
0.030754 0.027778 0.027282 0.026290 0.024802 0.024802 0.024306 0.000000 0.000000 0.000000 0.000000 0.000000 0.000000 0.000000 0.002976 0.000000 0.006448 0.031746 0.032242 0.031250 0.031250 0.029266 0.028770 0.028770 0.027778 0.026786 0.027282 0.000000 0.000000 0.000000 0.000000 0.000000 0.029762 0.030258 0.029762 0.000000 0.000000 0.000000 0.000000 0.000000 0.000000 0.000000 0.000000 0.000000 0.000000 0.000000 0.000000 0.010417 0.011905 0.012897 0.000000 0.000000 0.017361 0.017361 0.017857 0.010913 0.010913 0.000000 0.000000 0.004960 0.003968 0.006448 0.016369
0.027778 0.026786 0.024306 0.025298 0.025298 0.024306 0.023810 0.000000 0.000000 0.024802 0.026786 0.026786 0.000000 0.000000 0.000000 0.031250 0.031250 0.031746 0.031250 0.031746 0.031250 0.029762 0.028770 0.026786 0.025794 0.027282 0.028274 0.000000 0.000000 0.000000 0.000000 0.027778 0.030258 0.031250 0.031250 0.030754 0.000000 0.000000 0.000000 0.000000 0.000000 0.000000 0.000000 0.002480 0.005952 0.005456 0.000000 0.013393 0.000000 0.000000 0.009921 0.015377 0.016369 0.017361 0.016865 0.010913 0.000000 0.000000 0.000000 0.003472 0.003968 0.007937 0.017361
0.008929 0.008929 0.022817 0.023810 0.023313 0.023810 0.022817 0.000000 0.023810 0.025298 0.027282 0.025298 0.000000 0.000000 0.031250 0.031250 0.031250 0.031746 0.031250 0.029762 0.030754 0.029762 0.025298 0.025298 0.026290 0.028770 0.028770 0.000000 0.000000 0.000000 0.027282 0.030258 0.030258 0.030754 0.031746 0.031250 0.031250 0.000000 0.029762 0.000000 0.000000 0.000000 0.000000 0.005456 0.004960 0.004960 0.005952 0.000000 0.000000 0.000000 0.010913 0.015377 0.016369 0.017857 0.019841 0.020833 0.020833 0.012401 0.000000 0.000000 0.006448 0.007440 0.017857
0.009425 0.008929 0.009921 0.010417 0.010417 0.010417 0.009921 0.006448 0.007937 0.019841 0.019841 0.017361 0.029266 0.030754 0.031250 0.030754 0.031746 0.030754 0.029762 0.029762 0.029266 0.026786 0.023810 0.024306 0.026290 0.026786 0.027282 0.000000 0.000000 0.025794 0.029266 0.030754 0.031250 0.030754 0.030754 0.030754 0.031250 0.031250 0.030754 0.029762 0.000000 0.000000 0.000000 0.024306 0.005456 0.005456 0.005456 0.000000 0.000000 0.000000 0.016369 0.016865 0.017857 0.019841 0.020833 0.020337 0.021825 0.023313 0.023313 0.000000 0.019841 0.019841 0.017857
0.009425 0.008929 0.010913 0.010417 0.010417 0.010913 0.000000 0.006944 0.008433 0.020337 0.020833 0.017361 0.030754 0.031250 0.031250 0.030754 0.029762 0.028770 0.028770 0.027778 0.025794 0.022321 0.021825 0.024306 0.024802 0.025298 0.026290 0.026290 0.027778 0.027778 0.029762 0.031250 0.030754 0.030754 0.030754 0.031250 0.030754 0.030258 0.029762 0.029762 0.029266 0.027778 0.026786 0.025298 0.024802 0.005456 0.000000 0.000000 0.000000 0.000000 0.017857 0.017361 0.020337 0.021329 0.021825 0.022321 0.023313 0.023313 0.021825 0.021329 0.020833 0.019345 0.018353
