FireSTARR/test/output/SLK/SLK007/2018-05-21_1921/intensity_L_154_2018-06-03.asc
ncols         353
nrows         270
xllcorner     469643.378600
yllcorner     5667302.364000
cellsize      100.000000
NODATA_value  0.000000
[rows 140 to 167 of 270, columns 189 to 251 of 353]
0.014881 0.014881 0.015377 0.012897 0.011905 0.001488 0.000992 0.000992 0.000992 0.001488 0.001488 0.000992 0.001488 0.006944 0.004960 0.005456 0.000496 0.000992 0.001984 0.002976 0.002480 0.002976 0.002480 0.001984 0.001984 0.001984 0.001984 0.001984 0.002480 0.001984 0.000992 0.000496 0.000496 0.000496 0.000000 0.000000 0.000000 0.000496 0.000000 0.001984 0.001984 0.002480 0.002480 0.002480 0.002976 0.002480 0.000992 0.000496 0.004464 0.002976 0.000000 0.000000 0.000000 0.000000 0.000000 0.000992 0.001488 0.000992 0.000496 0.000496 0.000496 0.000000 0.000000
0.003472 0.003472 0.002976 0.001984 0.001488 0.001984 0.002480 0.001984 0.001984 0.000000 0.001984 0.001984 0.001984 0.005456 0.004960 0.000496 0.001984 0.003472 0.003472 0.003472 0.002976 0.002976 0.001984 0.001488 0.001488 0.001984 0.001488 0.001984 0.001488 0.001984 0.001984 0.001488 0.000992 0.000496 0.000000 0.000000 0.000496 0.000000 0.000000 0.000992 0.001488 0.002480 0.002480 0.003968 0.003472 0.002976 0.001984 0.000496 0.004464 0.002976 0.002976 0.004960 0.005456 0.000496 0.000992 0.000992 0.001488 0.001488 0.000000 0.000000 0.000000 0.000000 0.000000
0.002976 0.002480 0.004464 0.003472 0.002976 0.002480 0.001984 0.001984 0.000000 0.000000 0.000992 0.000992 0.000992 0.005952 0.003968 0.000992 0.001488 0.001984 0.003472 0.003968 0.002480 0.002976 0.002480 0.001984 0.001984 0.001984 0.001488 0.000496 0.001488 0.002480 0.001984 0.001984 0.001984 0.000000 0.000000 0.000000 0.000000 0.000000 0.000992 0.000992 0.000992 0.002480 0.002480 0.003472 0.003968 0.001984 0.001984 0.000992 0.003472 0.000992 0.000992 0.002480 0.004464 0.000496 0.000496 0.000496 0.000992 0.001488 0.000000 0.000000 0.000000 0.000000 0.000000
0.002976 0.002976 0.003968 0.003472 0.002976 0.001984 0.000000 0.000000 0.000000 0.000000 0.000000 0.000000 0.000000 0.005952 0.000496 0.000496 0.000992 0.001984 0.002480 0.002480 0.001984 0.002480 0.002480 0.001984 0.001984 0.001984 0.000992 0.000992 0.001984 0.002480 0.000992 0.002480 0.000000 0.000000 0.000000 0.001488 0.000992 0.000992 0.000992 0.000992 0.001488 0.001984 0.002976 0.002480 0.001984 0.001488 0.005456 0.000000 0.003472 0.001488 0.001984 0.002976 0.003968 0.000000 0.000000 0.000000 0.000992 0.000992 0.000000 0.000000 0.000000 0.000000 0.000000
0.001488 0.002480 0.002976 0.004464 0.003968 0.002976 0.000000 0.000000 0.000000 0.000000 0.000000 0.000000 0.000000 0.000000 0.000992 0.000496 0.000992 0.002480 0.002480 0.002976 0.001984 0.002480 0.002480 0.001984 0.001488 0.001984 0.001984 0.001984 0.002480 0.001488 0.000000 0.000000 0.000000 0.000000 0.000000 0.000000 0.000000 0.000000 0.001984 0.001984 0.001984 0.002976 0.002976 0.001488 0.001488 0.004960 0.000000 0.000000 0.000000 0.002480 0.002976 0.002480 0.002976 0.000000 0.000000 0.000496 0.000496 0.000000 0.000000 0.000000 0.000000 0.000000 0.000000
0.002480 0.001488 0.002480 0.003968 0.003968 0.004464 0.003472 0.000000 0.000000 0.000000 0.000000 0.000000 0.000000 0.000000 0.003968 0.004464 0.004960 0.005952 0.001488 0.002480 0.001984 0.002976 0.002976 0.002480 0.003472 0.002976 0.000992 0.002480 0.001984 0.001984 0.000000 0.000000 0.000000 0.000000 0.000000 0.000000 0.000000 0.000000 0.001984 0.001984 0.001984 0.001488 0.001488 0.007937 0.006944 0.004464 0.000000 0.000000 0.000000 0.001984 0.002480 0.001984 0.002480 0.000992 0.000992 0.000992 0.000000 0.000000 0.000000 0.000000 0.000000 0.000000 0.000000
0.002976 0.002480 0.001984 0.003472 0.003472 0.002480 0.002480 0.000000 0.000000 0.001984 0.000000 0.000000 0.000000 0.000000 0.004960 0.005456 0.006944 0.007440 0.001984 0.001984 0.002480 0.003472 0.003472 0.003472 0.003472 0.002480 0.000992 0.000992 0.001984 0.000000 0.000000 0.000000 0.000000 0.000000 0.000000 0.000000 0.000000 0.000000 0.001488 0.001984 0.001488 0.001984 0.002480 0.007937 0.006448 0.002976 0.001984 0.000000 0.000992 0.001984 0.000000 0.000000 0.000496 0.000992 0.000992 0.003472 0.003968 0.000000 0.000000 0.000000 0.000000 0.000000 0.000000
0.002976 0.002976 0.003472 0.004464 0.003472 0.001488 0.001984 0.000992 0.001488 0.001984 0.002976 0.000000 0.000000 0.000000 0.012897 0.011409 0.013393 0.002480 0.001488 0.002976 0.001984 0.002480 0.002480 0.003472 0.003968 0.003968 0.002480 0.001488 0.000000 0.000000 0.000000 0.000000 0.000000 0.000000 0.000000 0.000000 0.000000 0.000000 0.000000 0.001488 0.002480 0.003472 0.002976 0.005952 0.007440 0.003968 0.004464 0.000000 0.000496 0.002480 0.000000 0.000000 0.000496 0.000496 0.000496 0.002976 0.000000 0.000000 0.000000 0.000000 0.000000 0.000000 0.000000
0.002976 0.002480 0.002480 0.004464 0.003472 0.002480 0.001984 0.001488 0.000496 0.000496 0.001984 0.003472 0.021329 0.017361 0.013889 0.013889 0.016369 0.009921 0.009921 0.011409 0.002480 0.001984 0.001984 0.002976 0.002480 0.002976 0.002480 0.000000 0.000000 0.000000 0.000000 0.000000 0.000000 0.000000 0.000000 0.000000 0.000000 0.000000 0.000000 0.000496 0.001984 0.002976 0.003472 0.006448 0.004960 0.000000 0.000496 0.000000 0.000000 0.000000 0.000000 0.000000 0.000000 0.000000 0.000496 0.000000 0.000000 0.000000 0.000000 0.000000 0.000000 0.000000 0.000000
0.002480 0.002480 0.003472 0.003472 0.001984 0.000992 0.001488 0.000992 0.001488 0.001488 0.000992 0.002480 0.022321 0.022817 0.019841 0.019841 0.018353 0.012897 0.013889 0.014385 0.001984 0.001984 0.001488 0.001488 0.001984 0.002976 0.002976 0.000000 0.000000 0.000000 0.000000 0.000000 0.000000 0.000000 0.000000 0.000496 0.000000 0.000000 0.000000 0.000000 0.000496 0.002480 0.006448 0.006448 0.005952 0.000992 0.000000 0.000000 0.000000 0.000000 0.000000 0.000000 0.000000 0.000000 0.000000 0.000000 0.000000 0.000000 0.000000 0.000000 0.000000 0.000000 0.000000
0.003968 0.003968 0.003968 0.001488 0.001488 0.000992 0.001488 0.001488 0.000992 0.000992 0.000992 0.002480 0.003472 0.000992 0.001488 0.020833 0.019841 0.000496 0.000496 0.000496 0.000496 0.002480 0.001984 0.001488 0.002976 0.001984 0.000000 0.000000 0.000000 0.000000 0.000000 0.000000 0.000000 0.000000 0.000000 0.000000 0.000000 0.000000 0.000496 0.000496 0.001984 0.001984 0.000992 0.000992 0.001488 0.000000 0.000000 0.000000 0.000000 0.000000 0.000000 0.000000 0.000000 0.000000 0.000000 0.000000 0.000000 0.000000 0.000000 0.000496 0.000496 0.000496 0.000000
0.003472 0.001984 0.018353 0.017857 0.003472 0.001984 0.000992 0.000992 0.000992 0.000496 0.000992 0.001488 0.002480 0.001488 0.000992 0.022321 0.020833 0.000496 0.000496 0.000496 0.000992 0.001488 0.001488 0.001488 0.002976 0.001984 0.000000 0.000000 0.000000 0.000000 0.001984 0.001984 0.001984 0.000000 0.000000 0.000000 0.000000 0.000000 0.000992 0.000992 0.000992 0.001488 0.000992 0.000992 0.000000 0.000000 0.000000 0.000496 0.000000 0.000000 0.001488 0.000992 0.000992 0.000992 0.000992 0.000000 0.000000 0.000000 0.000496 0.000496 0.000000 0.000000 0.000992
0.003968 0.003968 0.016865 0.017857 0.003472 0.001984 0.001984 0.002976 0.001984 0.000000 0.000000 0.000496 0.000992 0.002480 0.000992 0.001488 0.020833 0.000992 0.001488 0.001488 0.000992 0.000992 0.001488 0.001984 0.002480 0.001984 0.000000 0.000000 0.000000 0.000000 0.001984 0.001984 0.001984 0.001488 0.000496 0.000000 0.000000 0.000496 0.000496 0.001488 0.000992 0.001488 0.000000 0.000000 0.000000 0.000000 0.000000 0.000000 0.000000 0.000000 0.001984 0.002480 0.001984 0.001488 0.000000 0.000000 0.000000 0.000000 0.000992 0.000992 0.000000 0.000496 0.001488
0.002976 0.003968 0.018353 0.018849 0.003472 0.002976 0.002480 0.002976 0.002480 0.000992 0.000496 0.000992 0.000496 0.001984 0.001488 0.000992 0.001488 0.000992 0.000496 0.001488 0.000992 0.000496 0.000496 0.001984 0.000992 0.001984 0.000000 0.000000 0.000000 0.000992 0.001488 0.001984 0.001984 0.001488 0.000496 0.000496 0.000000 0.000496 0.000496 0.001488 0.000000 0.000000 0.000000 0.000000 0.000000 0.000000 0.000000 0.000000 0.000000 0.000000 0.000496 0.000496 0.002480 0.000992 0.001488 0.002480 0.002480 0.002480 0.000992 0.001488 0.000496 0.000496 0.001984
0.018353 0.021825 0.001984 0.002480 0.002976 0.002976 0.002480 0.002480 0.002480 0.001984 0.000992 0.000496 0.000496 0.002480 0.000992 0.000496 0.000992 0.000496 0.000496 0.000992 0.000992 0.001488 0.001488 0.001488 0.000992 0.001984 0.003472 0.000000 0.002976 0.002480 0.001984 0.002480 0.001488 0.001488 0.000000 0.000000 0.000000 0.000000 0.000496 0.001488 0.000000 0.000000 0.000000 0.000000 0.000000 0.000000 0.000000 0.000000 0.000000 0.000000 0.000496 0.000496 0.002976 0.001984 0.000000 0.000496 0.000496 0.002976 0.000496 0.001488 0.000496 0.000496 0.001984
0.004464 0.020833 0.001984 0.002480 0.002480 0.002976 0.001984 0.001984 0.000992 0.001488 0.000992 0.000992 0.000992 0.002480 0.000496 0.000496 0.001488 0.001488 0.000496 0.001488 0.000992 0.000496 0.001488 0.000992 0.001488 0.001984 0.002976 0.003472 0.002976 0.002480 0.001984 0.002480 0.001488 0.000992 0.000496 0.000992 0.000000 0.000000 0.001984 0.000000 0.000000 0.000000 0.000000 0.000000 0.000000 0.000000 0.000000 0.000000 0.000000 0.000000 0.000992 0.000992 0.001984 0.002480 0.000496 0.000496 0.000496 0.002480 0.001488 0.001984 0.000496 0.000000 0.001984
0.000000 0.000000 0.000496 0.001488 0.000992 0.002480 0.001984 0.001984 0.001984 0.000992 0.001488 0.000992 0.001984 0.003472 0.001488 0.001488 0.001488 0.001488 0.001488 0.000992 0.001488 0.000992 0.000496 0.000496 0.011905 0.008433 0.007937 0.002976 0.002480 0.004464 0.003968 0.003472 0.001488 0.000992 0.000496 0.000496 0.000000 0.000992 0.001488 0.000000 0.000000 0.000000 0.000000 0.000000 0.000000 0.000000 0.000000 0.000000 0.001488 0.000992 0.001488 0.002976 0.000496 0.000496 0.003472 0.002480 0.000000 0.001984 0.000000 0.001984 0.000496 0.000496 0.001488
0.000000 0.001488 0.001984 0.001984 0.001984 0.001984 0.001984 0.001984 0.001488 0.000992 0.000992 0.001488 0.001488 0.003472 0.002480 0.001984 0.001488 0.001488 0.002480 0.001984 0.001984 0.000992 0.000992 0.000992 0.011409 0.010913 0.009921 0.001984 0.002976 0.004464 0.003472 0.003472 0.000496 0.000992 0.000992 0.000992 0.000000 0.000992 0.001488 0.001488 0.000496 0.000000 0.000000 0.000000 0.000000 0.000000 0.000000 0.000000 0.002976 0.002976 0.002976 0.002976 0.000000 0.000000 0.000000 0.000000 0.000000 0.000000 0.000000 0.000000 0.001984 0.001984 0.000496
0.000000 0.000496 0.001488 0.001488 0.002480 0.001984 0.001984 0.001488 0.000000 0.001984 0.001984 0.001488 0.000496 0.001488 0.001488 0.001984 0.000992 0.001488 0.001984 0.001984 0.001488 0.000992 0.001488 0.001488 0.001488 0.001984 0.001488 0.001984 0.001984 0.004464 0.003472 0.002976 0.000496 0.000496 0.000992 0.000000 0.000496 0.001488 0.001984 0.001488 0.000000 0.000000 0.000000 0.000000 0.000000 0.000000 0.000000 0.000000 0.000000 0.001488 0.000992 0.001984 0.002976 0.003472 0.003472 0.000000 0.000000 0.000000 0.000000 0.000000 0.002976 0.002976 0.000496
0.001984 0.001984 0.001488 0.001488 0.001984 0.002480 0.018849 0.017361 0.017857 0.001488 0.001488 0.000992 0.000992 0.001488 0.001488 0.000496 0.000992 0.000992 0.000992 0.000992 0.000992 0.000992 0.002480 0.001488 0.002480 0.001984 0.016865 0.015377 0.012897 0.006944 0.005952 0.001984 0.001488 0.000496 0.001488 0.000992 0.000992 0.001984 0.001984 0.000992 0.000992 0.000000 0.000000 0.000000 0.000000 0.004464 0.000000 0.000000 0.000000 0.001488 0.001984 0.001984 0.002976 0.003968 0.000992 0.000000 0.000000 0.000000 0.000000 0.000992 0.000992 0.000992 0.000496
0.002976 0.003472 0.001488 0.001984 0.000992 0.002480 0.019345 0.013889 0.017361 0.001984 0.000992 0.000496 0.000496 0.000992 0.001488 0.000992 0.000496 0.001488 0.001488 0.000496 0.000496 0.000992 0.001984 0.001984 0.002480 0.001984 0.015873 0.012897 0.012897 0.006448 0.005952 0.002480 0.001984 0.000992 0.000992 0.000496 0.001488 0.001984 0.001488 0.000992 0.001488 0.011905 0.008433 0.000000 0.003968 0.004960 0.000992 0.000992 0.000992 0.000992 0.001488 0.001488 0.003968 0.003968 0.000992 0.000496 0.000000 0.004960 0.005456 0.000496 0.000992 0.000496 0.000496
0.001984 0.002480 0.001984 0.001984 0.018849 0.002480 0.018849 0.017857 0.016865 0.001488 0.000496 0.001488 0.001488 0.000992 0.001488 0.001984 0.000992 0.001984 0.001488 0.000496 0.000496 0.000992 0.001984 0.001984 0.002480 0.001984 0.001488 0.002480 0.002480 0.002480 0.001984 0.002480 0.002480 0.000992 0.001488 0.000496 0.001488 0.001488 0.000992 0.000992 0.000992 0.012401 0.010913 0.010913 0.006448 0.005456 0.001488 0.000992 0.000000 0.000000 0.000992 0.000992 0.001488 0.000992 0.000992 0.000000 0.000992 0.000000 0.000496 0.000496 0.000496 0.000496 0.000992
0.001488 0.002480 0.002480 0.020337 0.019345 0.018353 0.003472 0.001488 0.000992 0.001488 0.000992 0.000496 0.000496 0.000000 0.000496 0.000992 0.000496 0.001488 0.000992 0.000496 0.000992 0.000992 0.001488 0.001984 0.002480 0.001984 0.001488 0.002976 0.001984 0.002480 0.001984 0.001488 0.001488 0.000496 0.000992 0.000496 0.001488 0.001488 0.000992 0.001488 0.001488 0.001488 0.001488 0.010417 0.009425 0.006448 0.000000 0.000496 0.000496 0.000496 0.000992 0.000992 0.001984 0.001488 0.000000 0.000992 0.000000 0.000000 0.000496 0.000496 0.000496 0.000496 0.000496
0.001984 0.002976 0.002976 0.020337 0.017361 0.016865 0.003472 0.001488 0.001984 0.002480 0.000992 0.000992 0.000496 0.000496 0.000496 0.001488 0.000496 0.000496 0.001488 0.001488 0.000992 0.000992 0.000992 0.001984 0.002480 0.002480 0.001984 0.003472 0.000000 0.001984 0.001984 0.001984 0.001984 0.000992 0.000992 0.000992 0.000992 0.001984 0.001984 0.000000 0.001984 0.001488 0.000496 0.000496 0.000000 0.000992 0.000000 0.000000 0.000992 0.000992 0.000496 0.000496 0.000992 0.000000 0.000992 0.000496 0.000000 0.000000 0.000496 0.000496 0.000496 0.000496 0.000496
0.002976 0.002976 0.003472 0.020833 0.015377 0.017361 0.015377 0.015873 0.002480 0.001488 0.001488 0.002976 0.000992 0.000000 0.000000 0.001488 0.000496 0.001984 0.001488 0.001984 0.000992 0.001488 0.000992 0.001984 0.001488 0.002976 0.000000 0.000000 0.000000 0.000000 0.001488 0.001488 0.001488 0.001984 0.001984 0.001488 0.009921 0.000992 0.000992 0.000992 0.000496 0.000496 0.000000 0.000000 0.000496 0.000992 0.000992 0.000496 0.000992 0.000992 0.000496 0.000496 0.001488 0.000992 0.000000 0.000496 0.005456 0.005952 0.005456 0.000992 0.000496 0.000496 0.000496
0.002480 0.002480 0.003472 0.019841 0.021825 0.015873 0.014385 0.018849 0.002480 0.001984 0.001984 0.001984 0.001984 0.000000 0.000000 0.001488 0.001488 0.002480 0.001488 0.001984 0.000992 0.000992 0.001488 0.001984 0.002976 0.002976 0.000000 0.000000 0.000000 0.000000 0.001984 0.001984 0.002976 0.002480 0.001488 0.001488 0.009425 0.006944 0.000496 0.000496 0.000496 0.000496 0.000496 0.000496 0.000496 0.000496 0.000992 0.000496 0.000992 0.000992 0.000000 0.000000 0.000496 0.000000 0.000496 0.000000 0.005456 0.004464 0.004464 0.000496 0.000496 0.000000 0.000000
0.002976 0.002976 0.002976 0.003968 0.020337 0.019841 0.018849 0.019841 0.002976 0.002480 0.002976 0.002480 0.001488 0.000000 0.000000 0.000992 0.001488 0.002480 0.001984 0.001984 0.001488 0.001488 0.001984 0.002480 0.002976 0.003472 0.000000 0.000000 0.000000 0.001488 0.002480 0.002480 0.002480 0.001984 0.000992 0.000992 0.008929 0.008929 0.000496 0.000496 0.000496 0.000496 0.000496 0.000496 0.000496 0.000000 0.000496 0.000000 0.000000 0.000000 0.000000 0.001984 0.002480 0.000992 0.000496 0.000496 0.000992 0.000992 0.000496 0.000496 0.000496 0.000000 0.000496
0.003472 0.003968 0.003472 0.003472 0.003968 0.003968 0.003472 0.004464 0.003968 0.004464 0.002480 0.018849 0.017857 0.000496 0.000992 0.002480 0.001488 0.001488 0.001984 0.000992 0.000992 0.001488 0.001488 0.001984 0.002480 0.002480 0.000000 0.000000 0.000000 0.002480 0.002976 0.001984 0.001984 0.001488 0.001488 0.001488 0.000496 0.000496 0.000496 0.000496 0.000496 0.000496 0.000496 0.000000 0.000000 0.000000 0.000496 0.000000 0.000000 0.000000 0.000000 0.001488 0.001984 0.000496 0.000992 0.000496 0.000992 0.000992 0.000496 0.000496 0.000000 0.000000 0.000496
