FireSTARR/test/output/SLK/SLK007/2018-05-21_1921/intensity_H_154_2018-06-03.asc
ncols         358
nrows         271
xllcorner     469043.378600
yllcorner     5667402.364000
cellsize      100.000000
NODATA_value  0.000000
[rows 140 to 167 of 271, columns 252 to 314 of 358]
0.017361 0.016865 0.016369 0.015873 0.013889 0.000000 0.000000 0.000000 0.000000 0.000000 0.000000 0.003472 0.004464 0.006448 0.007937 0.000000 0.000000 0.005952 0.006944 0.010913 0.009921 0.009921 0.010913 0.010913 0.000000 0.000000 0.000000 0.002976 0.002976 0.002976 0.002976 0.003472 0.002480 0.003472 0.007440 0.007440 0.007440 0.007440 0.006448 0.005456 0.005456 0.005456 0.000000 0.000000 0.000000 0.000000 0.000000 0.000000 0.000000 0.000000 0.000000 0.000000 0.000000 0.000000 0.000000 0.000000 0.000000 0.000000 0.000000 0.000000 0.000000 0.000000 0.000000
0.016369 0.014881 0.014385 0.013393 0.000000 0.000000 0.000000 0.000000 0.000000 0.000000 0.000000 0.003472 0.003968 0.005952 0.007937 0.000000 0.008433 0.006448 0.007937 0.010913 0.010417 0.010913 0.010913 0.010417 0.000000 0.000000 0.000000 0.000000 0.000000 0.000000 0.000000 0.000000 0.002976 0.002976 0.006944 0.007937 0.007937 0.003472 0.004960 0.004960 0.004960 0.004960 0.000000 0.000000 0.000000 0.000000 0.000000 0.000000 0.000000 0.000000 0.000000 0.000000 0.000000 0.000000 0.000000 0.000000 0.000000 0.000000 0.000000 0.000000 0.000000 0.000000 0.000000
0.013889 0.014881 0.012897 0.009921 0.000000 0.000000 0.000000 0.000000 0.000000 0.000000 0.000000 0.002976 0.002976 0.005952 0.007440 0.008929 0.010417 0.011409 0.010913 0.010913 0.010417 0.010417 0.010913 0.010417 0.000000 0.000000 0.000000 0.000000 0.000000 0.000000 0.000000 0.000000 0.002976 0.002976 0.007937 0.007937 0.008433 0.003472 0.003472 0.000000 0.000000 0.000000 0.000000 0.000000 0.000000 0.000000 0.000000 0.000000 0.000000 0.000000 0.000000 0.000000 0.000000 0.000000 0.000000 0.000000 0.000000 0.000000 0.000000 0.000000 0.000000 0.000000 0.000000
0.011409 0.000000 0.000000 0.000000 0.000000 0.000000 0.000000 0.000000 0.000000 0.000000 0.000000 0.000000 0.000000 0.005456 0.000000 0.010417 0.011409 0.010913 0.010913 0.010417 0.010417 0.007937 0.008433 0.007937 0.000000 0.000000 0.000000 0.000000 0.000000 0.001488 0.002480 0.003968 0.003968 0.003472 0.007937 0.008433 0.008433 0.003472 0.003472 0.000000 0.000000 0.000000 0.000000 0.000000 0.000000 0.000000 0.000000 0.000000 0.000000 0.000000 0.000000 0.000000 0.000000 0.000000 0.000000 0.000000 0.000000 0.000000 0.000000 0.000000 0.000000 0.000000 0.000000
0.007937 0.000000 0.000000 0.000000 0.000000 0.000000 0.000000 0.000000 0.000000 0.000000 0.000000 0.000000 0.000000 0.000000 0.010417 0.011409 0.011409 0.010913 0.010417 0.010417 0.010913 0.007937 0.008433 0.007937 0.000000 0.000000 0.000000 0.000000 0.000000 0.001984 0.003968 0.003968 0.004464 0.003968 0.008929 0.008929 0.003472 0.003472 0.003472 0.000000 0.000000 0.000000 0.000000 0.000000 0.000000 0.000000 0.000000 0.000000 0.000000 0.000000 0.000000 0.000000 0.000000 0.000000 0.000000 0.000000 0.000000 0.000000 0.000000 0.000000 0.000000 0.000000 0.000000
0.008929 0.000000 0.000000 0.000000 0.000000 0.000000 0.000000 0.000000 0.000000 0.000000 0.001984 0.004464 0.006944 0.007440 0.011409 0.011409 0.007937 0.008433 0.007937 0.007937 0.007937 0.010913 0.010913 0.010913 0.010417 0.010417 0.000000 0.000000 0.000000 0.002976 0.003968 0.004960 0.004464 0.004464 0.008929 0.008433 0.003472 0.003472 0.003472 0.000000 0.000000 0.000000 0.000000 0.000000 0.000000 0.000000 0.000000 0.000000 0.000000 0.000000 0.000000 0.000000 0.000000 0.000000 0.000000 0.000000 0.000000 0.000000 0.000000 0.000000 0.000000 0.000000 0.000000
0.010417 0.000000 0.000000 0.000000 0.000000 0.000000 0.000000 0.000000 0.000000 0.000000 0.000000 0.005952 0.007937 0.008929 0.011409 0.011409 0.008433 0.008433 0.008433 0.007937 0.007937 0.011409 0.010417 0.010417 0.010913 0.010913 0.000000 0.000000 0.000000 0.009425 0.009921 0.010417 0.010417 0.009921 0.009425 0.007937 0.007937 0.003472 0.003472 0.000000 0.000000 0.000000 0.000000 0.000000 0.000000 0.000000 0.000000 0.000000 0.000000 0.000000 0.000000 0.000000 0.000000 0.000000 0.000000 0.000000 0.000000 0.000000 0.000000 0.000000 0.000000 0.000000 0.000000
0.000000 0.000000 0.000000 0.000000 0.000000 0.000000 0.000000 0.000000 0.000000 0.000000 0.004960 0.007937 0.008433 0.008929 0.011409 0.011409 0.011409 0.011409 0.011409 0.010913 0.010913 0.010913 0.010913 0.010913 0.010417 0.009921 0.000000 0.000000 0.000000 0.009921 0.009921 0.010417 0.010417 0.009921 0.007937 0.008433 0.007440 0.006944 0.006448 0.000000 0.000000 0.000000 0.000000 0.000000 0.000000 0.000000 0.000000 0.000000 0.000000 0.000000 0.000000 0.000000 0.000000 0.000000 0.000000 0.000000 0.000000 0.000000 0.000000 0.000000 0.000000 0.000000 0.000000
0.000000 0.000000 0.000000 0.000000 0.000000 0.000000 0.000000 0.000000 0.000000 0.000000 0.008929 0.008929 0.009425 0.011409 0.011409 0.011409 0.011409 0.010913 0.010913 0.010417 0.010417 0.009921 0.010417 0.010417 0.010417 0.010417 0.009921 0.009921 0.009921 0.009921 0.009921 0.010417 0.009921 0.009425 0.008433 0.007937 0.007440 0.006944 0.006448 0.000000 0.000000 0.000000 0.000000 0.000000 0.000000 0.000000 0.000000 0.000000 0.000000 0.000000 0.000000 0.000000 0.000000 0.000000 0.000000 0.000000 0.000000 0.000000 0.000000 0.000000 0.000000 0.000000 0.000000
0.000000 0.000000 0.000000 0.000000 0.000000 0.000000 0.000000 0.000000 0.000000 0.010417 0.010417 0.010913 0.011409 0.011409 0.011409 0.010913 0.010913 0.010417 0.010417 0.000000 0.007937 0.008433 0.010417 0.010417 0.010417 0.010417 0.010417 0.010417 0.009921 0.009921 0.009921 0.010417 0.009921 0.009425 0.007937 0.007440 0.006944 0.006448 0.005952 0.000000 0.000000 0.000000 0.000000 0.000000 0.000000 0.000000 0.000000 0.000000 0.000000 0.000000 0.000000 0.000000 0.000000 0.000000 0.000000 0.000000 0.000000 0.000000 0.000000 0.000000 0.000000 0.000000 0.000000
0.000000 0.000000 0.000000 0.000000 0.000000 0.000000 0.000000 0.008433 0.010417 0.010417 0.010913 0.011409 0.011409 0.010913 0.010417 0.010417 0.009921 0.009921 0.009425 0.000000 0.008433 0.007440 0.006944 0.010417 0.010417 0.010417 0.010417 0.010417 0.010417 0.009921 0.009921 0.009921 0.009425 0.007937 0.007937 0.006944 0.006448 0.006448 0.000000 0.000000 0.000000 0.000000 0.000000 0.000000 0.000000 0.000000 0.000000 0.000000 0.000000 0.000000 0.000000 0.000000 0.000000 0.000000 0.000000 0.000000 0.000000 0.000000 0.000000 0.000000 0.000000 0.000000 0.000000
0.000000 0.000000 0.005952 0.006448 0.006944 0.007937 0.007937 0.008929 0.009921 0.010417 0.010417 0.010417 0.010417 0.009921 0.009921 0.009921 0.009921 0.009921 0.009425 0.000000 0.009921 0.006944 0.006944 0.010417 0.010417 0.010417 0.010417 0.010417 0.010417 0.010417 0.009425 0.008929 0.008433 0.007937 0.006944 0.006448 0.004464 0.005952 0.000000 0.000000 0.000000 0.000000 0.000000 0.000000 0.000000 0.000000 0.000000 0.000000 0.000000 0.000000 0.000000 0.000000 0.000000 0.000000 0.000000 0.000000 0.000000 0.000000 0.000000 0.000000 0.000000 0.000000 0.000000
0.002480 0.003472 0.006944 0.007937 0.007937 0.007937 0.007937 0.008433 0.009921 0.009921 0.009921 0.010913 0.009425 0.009425 0.009425 0.008929 0.008929 0.008929 0.008929 0.009921 0.009921 0.007440 0.006944 0.010417 0.010417 0.010417 0.010417 0.010417 0.010417 0.009921 0.008929 0.008433 0.008433 0.006448 0.006448 0.006448 0.004464 0.004464 0.004464 0.003472 0.002976 0.000000 0.000000 0.000000 0.000000 0.000000 0.000000 0.000000 0.000000 0.000000 0.000000 0.000000 0.000000 0.000000 0.000000 0.000000 0.000000 0.000000 0.000000 0.000000 0.000000 0.000000 0.000000
0.000000 0.005952 0.008433 0.009921 0.008433 0.007937 0.007937 0.008433 0.009425 0.009425 0.009425 0.010417 0.009921 0.009425 0.009425 0.009425 0.008929 0.008929 0.009921 0.009921 0.009921 0.009425 0.009921 0.010417 0.010417 0.010417 0.009921 0.009921 0.009921 0.009921 0.009425 0.007937 0.006448 0.006448 0.006448 0.006448 0.004464 0.004464 0.004464 0.003472 0.003472 0.000000 0.000000 0.000000 0.000000 0.000000 0.000000 0.000000 0.000000 0.000000 0.000000 0.000000 0.000000 0.000000 0.000000 0.000000 0.000000 0.000000 0.000000 0.000000 0.000000 0.000000 0.000000
0.007937 0.007440 0.008433 0.010417 0.009425 0.007937 0.007937 0.008433 0.009425 0.008433 0.008433 0.009425 0.009425 0.009425 0.009425 0.009425 0.009425 0.009425 0.009425 0.009425 0.009425 0.009425 0.009425 0.009425 0.009921 0.009921 0.009921 0.009921 0.009921 0.009425 0.008929 0.006944 0.006448 0.006448 0.006448 0.005952 0.005952 0.005952 0.006448 0.005952 0.005456 0.003472 0.000000 0.000000 0.000000 0.000000 0.000000 0.000000 0.000000 0.000000 0.000000 0.000000 0.000000 0.000000 0.000000 0.000000 0.000000 0.000000 0.000000 0.000000 0.000000 0.000000 0.000000
0.008433 0.005456 0.008433 0.009425 0.009921 0.007440 0.007440 0.007937 0.008433 0.007937 0.008433 0.008929 0.009425 0.008433 0.008929 0.008929 0.008929 0.009425 0.009425 0.009425 0.009425 0.009425 0.009425 0.009425 0.009425 0.009921 0.009921 0.009921 0.009921 0.009425 0.006944 0.006448 0.006448 0.006448 0.006448 0.005952 0.005952 0.005456 0.005952 0.005456 0.003472 0.002976 0.002976 0.000000 0.000000 0.000000 0.000000 0.000000 0.000000 0.000000 0.000000 0.000000 0.000000 0.000000 0.000000 0.000000 0.000000 0.000000 0.000000 0.000000 0.000000 0.000000 0.000000
0.006448 0.005456 0.007937 0.009425 0.009425 0.006944 0.007937 0.007937 0.005952 0.006944 0.008433 0.008433 0.008433 0.008433 0.008433 0.008929 0.008929 0.009425 0.009425 0.009425 0.009425 0.009425 0.009425 0.009425 0.009921 0.009921 0.009921 0.009921 0.004960 0.003472 0.006448 0.006448 0.006448 0.004960 0.003968 0.002976 0.004464 0.004464 0.004960 0.004464 0.002480 0.002480 0.002480 0.000000 0.000000 0.000000 0.000000 0.000000 0.000000 0.000000 0.000000 0.000000 0.000000 0.000000 0.000000 0.000000 0.000000 0.000000 0.000000 0.000000 0.000000 0.000000 0.000000
0.005456 0.003968 0.005952 0.008433 0.008433 0.006448 0.005952 0.007440 0.005456 0.004960 0.007440 0.008433 0.007937 0.008433 0.008433 0.007440 0.007440 0.007440 0.009425 0.009425 0.009425 0.009425 0.009425 0.009425 0.009921 0.009921 0.009921 0.009425 0.004464 0.002976 0.005952 0.005952 0.005952 0.003968 0.002976 0.002480 0.001984 0.002480 0.004960 0.004960 0.004464 0.003968 0.003968 0.003968 0.003968 0.000000 0.000000 0.000000 0.000000 0.000000 0.000000 0.000000 0.000000 0.000000 0.000000 0.000000 0.000000 0.000000 0.000000 0.000000 0.000000 0.000000 0.000000
0.001488 0.000000 0.002480 0.005952 0.005952 0.004960 0.006448 0.004960 0.004960 0.004960 0.008433 0.008929 0.008929 0.008929 0.009425 0.007440 0.007440 0.007937 0.009425 0.009425 0.009425 0.009425 0.009425 0.009921 0.009921 0.009425 0.008929 0.008929 0.004464 0.004464 0.003968 0.005456 0.005456 0.001984 0.002480 0.002480 0.002480 0.002480 0.004464 0.004960 0.004464 0.003968 0.003968 0.003968 0.003968 0.000000 0.000000 0.000000 0.000000 0.000000 0.000000 0.000000 0.000000 0.000000 0.000000 0.000000 0.000000 0.000000 0.000000 0.000000 0.000000 0.000000 0.000000
0.000000 0.000000 0.000000 0.004464 0.004464 0.008433 0.008929 0.008929 0.008433 0.007937 0.008433 0.008433 0.008929 0.008433 0.008929 0.007440 0.007440 0.009921 0.009921 0.009921 0.009921 0.009921 0.009425 0.009425 0.009425 0.008929 0.008929 0.007937 0.003968 0.003968 0.002976 0.002976 0.001984 0.001984 0.002480 0.004464 0.003968 0.004464 0.004464 0.003968 0.002480 0.002480 0.003968 0.003472 0.003472 0.000000 0.000000 0.000000 0.000000 0.000000 0.000000 0.000000 0.000000 0.000000 0.000000 0.000000 0.000000 0.000000 0.000000 0.000000 0.000000 0.000000 0.000000
0.000000 0.000000 0.000000 0.004960 0.004960 0.008929 0.008929 0.008929 0.008433 0.008929 0.008433 0.008433 0.008433 0.008929 0.008929 0.007440 0.007440 0.009921 0.009921 0.009921 0.009921 0.009425 0.007440 0.006448 0.005952 0.007937 0.007937 0.003968 0.003472 0.003472 0.002976 0.003472 0.002480 0.002480 0.002480 0.004464 0.004464 0.004464 0.004464 0.003968 0.002480 0.001984 0.001984 0.000992 0.000992 0.000000 0.000000 0.000000 0.000000 0.000000 0.000000 0.000000 0.000000 0.000000 0.000000 0.000000 0.000000 0.000000 0.000000 0.000000 0.000000 0.000000 0.000000
0.000000 0.000000 0.008929 0.009425 0.009921 0.010417 0.010417 0.009921 0.009425 0.009425 0.009425 0.008433 0.007937 0.008929 0.008433 0.007440 0.007440 0.009921 0.009921 0.008929 0.008929 0.008929 0.006944 0.006944 0.005456 0.007440 0.007440 0.006944 0.006448 0.005952 0.002976 0.002480 0.001984 0.002480 0.002480 0.004464 0.004464 0.003968 0.003968 0.003968 0.002480 0.001488 0.000992 0.000992 0.000992 0.000000 0.000000 0.000000 0.000000 0.000000 0.000000 0.000000 0.000000 0.000000 0.000000 0.000000 0.000000 0.000000 0.000000 0.000000 0.000000 0.000000 0.000000
0.003472 0.003472 0.009425 0.009921 0.010417 0.010417 0.009921 0.010417 0.009425 0.009425 0.009921 0.008433 0.006944 0.007440 0.006944 0.007440 0.007440 0.008929 0.008929 0.008433 0.008433 0.008433 0.005952 0.005952 0.004464 0.006944 0.006448 0.006448 0.005456 0.004960 0.002480 0.002480 0.001984 0.001984 0.001984 0.003968 0.003968 0.003472 0.003472 0.003472 0.000000 0.000000 0.000000 0.000000 0.000000 0.000000 0.000000 0.000000 0.000000 0.000000 0.000000 0.000000 0.000000 0.000000 0.000000 0.000000 0.000000 0.000000 0.000000 0.000000 0.000000 0.000000 0.000000
0.010417 0.009425 0.009425 0.009921 0.009921 0.010417 0.009921 0.009921 0.009425 0.008929 0.008433 0.008433 0.006944 0.006944 0.007440 0.006944 0.006944 0.000000 0.000000 0.007937 0.007937 0.007937 0.007937 0.007440 0.007440 0.006448 0.006448 0.002976 0.002976 0.002480 0.001984 0.002480 0.001984 0.001984 0.001984 0.003968 0.003968 0.003472 0.003472 0.003472 0.000000 0.000000 0.000000 0.000000 0.000000 0.000000 0.000000 0.000000 0.000000 0.000000 0.000000 0.000000 0.000000 0.000000 0.000000 0.000000 0.000000 0.000000 0.000000 0.000000 0.000000 0.000000 0.000000
0.010913 0.010417 0.009921 0.009921 0.010417 0.010417 0.009425 0.009921 0.009425 0.008929 0.008433 0.008929 0.007440 0.007440 0.006448 0.006448 0.006448 0.000000 0.007937 0.007937 0.007937 0.007937 0.007440 0.007440 0.006944 0.006448 0.004960 0.002976 0.002976 0.002480 0.001984 0.001984 0.002480 0.001984 0.001984 0.003472 0.000000 0.001984 0.001984 0.000992 0.000000 0.000000 0.000000 0.000000 0.000000 0.000000 0.000000 0.000000 0.000000 0.000000 0.000000 0.000000 0.000000 0.000000 0.000000 0.000000 0.000000 0.000000 0.000000 0.000000 0.000000 0.000000 0.000000
0.011409 0.010417 0.009921 0.009921 0.010417 0.009921 0.009921 0.009921 0.008929 0.008433 0.008433 0.008433 0.006944 0.006944 0.006944 0.006448 0.006944 0.005456 0.005456 0.005952 0.005952 0.005456 0.005456 0.004960 0.004464 0.004960 0.004960 0.002976 0.002976 0.002480 0.001984 0.001984 0.001984 0.002480 0.001984 0.003472 0.000000 0.001984 0.001488 0.000496 0.000000 0.000000 0.000000 0.000000 0.000000 0.000000 0.000000 0.000000 0.000000 0.000000 0.000000 0.000000 0.000000 0.000000 0.000000 0.000000 0.000000 0.000000 0.000000 0.000000 0.000000 0.000000 0.000000
0.002976 0.002976 0.007440 0.007937 0.007937 0.008433 0.007937 0.007440 0.007937 0.007440 0.005952 0.006448 0.006448 0.005456 0.006944 0.006944 0.006944 0.005456 0.005456 0.004960 0.005456 0.005456 0.005456 0.004960 0.004464 0.004464 0.003472 0.002976 0.002480 0.002480 0.002976 0.001984 0.005952 0.005952 0.004960 0.003472 0.003472 0.001984 0.001488 0.000000 0.000000 0.000000 0.000000 0.000000 0.000000 0.000000 0.000000 0.000000 0.000000 0.000000 0.000000 0.000000 0.000000 0.000000 0.000000 0.000000 0.000000 0.000000 0.000000 0.000000 0.000000 0.000000 0.000000
0.003472 0.002976 0.007440 0.007440 0.007937 0.007440 0.006944 0.006944 0.005952 0.005456 0.005952 0.006448 0.006944 0.005952 0.004960 0.005456 0.005456 0.006944 0.007440 0.004960 0.004464 0.004960 0.004960 0.003968 0.004464 0.004464 0.004464 0.002976 0.002480 0.002480 0.002480 0.001984 0.005952 0.005456 0.003968 0.003472 0.003472 0.000000 0.000000 0.000000 0.000000 0.000000 0.000000 0.000000 0.000000 0.000000 0.000000 0.000000 0.000000 0.000000 0.000000 0.000000 0.000000 0.000000 0.000000 0.000000 0.000000 0.000000 0.000000 0.000000 0.000000 0.000000 0.000000
