FireSTARR/test/output/SLK/SLK007/2018-05-21_1921/intensity_H_154_2018-06-03.asc
ncols         358
nrows         271
xllcorner     469043.378600
yllcorner     5667402.364000
cellsize      100.000000
NODATA_value  0.000000
[rows 168 to 195 of 271, columns 126 to 188 of 358]
0.003968 0.004960 0.005456 0.005456 0.005456 0.005952 0.006448 0.006944 0.007440 0.005952 0.007440 0.008929 0.010417 0.011905 0.013889 0.015873 0.015873 0.018849 0.021329 0.018353 0.017361 0.016865 0.000000 0.000000 0.019841 0.021329 0.022321 0.004464 0.005456 0.032242 0.033234 0.032242 0.033234 0.033234 0.032242 0.031746 0.031746 0.031746 0.031250 0.033234 0.036706 0.040179 0.045139 0.047123 0.048611 0.051587 0.056052 0.057540 0.060516 0.034722 0.033730 0.033730 0.063492 0.000000 0.000000 0.000000 0.002480 0.013889 0.017361 0.017361 0.051091 0.000000 0.014881
0.002976 0.003968 0.004960 0.004960 0.004960 0.004960 0.005456 0.005456 0.006448 0.006448 0.006944 0.007440 0.009425 0.010913 0.012897 0.014385 0.016369 0.017857 0.020337 0.003968 0.004960 0.005952 0.000000 0.000000 0.001984 0.001488 0.002976 0.004960 0.005456 0.032738 0.033234 0.034226 0.034722 0.032738 0.032738 0.029762 0.029266 0.029762 0.029762 0.030754 0.037202 0.040179 0.044147 0.047619 0.049603 0.053075 0.054067 0.059028 0.059028 0.060020 0.059524 0.062500 0.003968 0.000000 0.000000 0.000000 0.000000 0.019841 0.019841 0.054067 0.000000 0.000000 0.018849
0.002976 0.003472 0.003968 0.003968 0.004464 0.004464 0.004960 0.000000 0.000000 0.005952 0.006448 0.006944 0.008433 0.010417 0.010913 0.011409 0.014881 0.017857 0.020337 0.003968 0.004464 0.004960 0.000000 0.000000 0.001488 0.002976 0.004464 0.005456 0.005456 0.033234 0.035218 0.036210 0.035218 0.032738 0.003472 0.002976 0.004464 0.027778 0.028274 0.014881 0.035218 0.039187 0.043155 0.047123 0.050595 0.053571 0.055060 0.056052 0.059028 0.058532 0.061508 0.063492 0.003968 0.000000 0.000000 0.000000 0.000000 0.022817 0.017857 0.056548 0.000000 0.061012 0.062996
0.002480 0.000000 0.000000 0.000000 0.000000 0.000000 0.000000 0.000000 0.000000 0.006448 0.006944 0.007440 0.007937 0.009425 0.009921 0.012401 0.001984 0.002480 0.003472 0.023313 0.024802 0.027778 0.028274 0.000000 0.003472 0.004960 0.004464 0.005952 0.005456 0.034226 0.034722 0.036210 0.035714 0.034226 0.003968 0.006448 0.004960 0.028274 0.028770 0.016369 0.020337 0.024802 0.042163 0.047619 0.050099 0.054067 0.056548 0.057044 0.059028 0.059524 0.060516 0.060020 0.003472 0.000000 0.000000 0.000000 0.019841 0.020833 0.017857 0.057540 0.062004 0.062500 0.063492
0.000000 0.000000 0.000000 0.000000 0.000000 0.000000 0.000000 0.000000 0.000000 0.000000 0.005456 0.007937 0.007440 0.008929 0.009425 0.009921 0.001488 0.002480 0.002976 0.022321 0.023810 0.027282 0.029762 0.031250 0.031250 0.031250 0.031746 0.034722 0.034722 0.034722 0.035218 0.034722 0.034722 0.034226 0.003968 0.005952 0.003968 0.026786 0.029266 0.019345 0.018849 0.024802 0.041171 0.047123 0.050595 0.053075 0.058036 0.059028 0.059028 0.060516 0.060020 0.060516 0.062004 0.000000 0.000000 0.065476 0.065476 0.022321 0.019345 0.059524 0.063492 0.065476 0.062996
0.000000 0.000000 0.000000 0.000000 0.000000 0.000000 0.000000 0.000000 0.000000 0.000000 0.000000 0.005456 0.006448 0.007937 0.007440 0.007440 0.007440 0.001984 0.003472 0.019345 0.020833 0.023313 0.029266 0.031250 0.031250 0.031746 0.032242 0.033730 0.035714 0.034722 0.034226 0.034226 0.034226 0.033730 0.003968 0.006448 0.004464 0.004464 0.004960 0.029266 0.031250 0.033234 0.039187 0.048611 0.050595 0.055060 0.058532 0.059028 0.058532 0.058036 0.059028 0.062004 0.062500 0.065476 0.066468 0.066468 0.065476 0.022321 0.020833 0.063988 0.064980 0.065972 0.064980
0.000000 0.000000 0.000000 0.000000 0.000000 0.000000 0.000000 0.000000 0.000000 0.000000 0.003968 0.003968 0.004464 0.004464 0.004960 0.000000 0.005456 0.000000 0.000000 0.004464 0.005456 0.006448 0.006448 0.007937 0.031250 0.031746 0.033730 0.035714 0.035714 0.034226 0.032242 0.032738 0.033730 0.032242 0.004464 0.005456 0.004960 0.003968 0.004464 0.025794 0.028770 0.031250 0.037698 0.046627 0.052083 0.053571 0.057044 0.058532 0.058532 0.059524 0.060020 0.062996 0.063988 0.065972 0.066964 0.066468 0.021825 0.021329 0.023313 0.065972 0.065972 0.066468 0.064980
0.000000 0.000000 0.000000 0.000000 0.000000 0.000000 0.000000 0.000000 0.000000 0.000000 0.000000 0.000000 0.004464 0.000000 0.003968 0.000000 0.000000 0.000000 0.022321 0.004960 0.005952 0.006448 0.006944 0.006944 0.031250 0.031250 0.032242 0.036210 0.035714 0.007440 0.005952 0.031746 0.032242 0.027778 0.005952 0.003968 0.003968 0.003968 0.004960 0.027778 0.027778 0.030754 0.036706 0.044147 0.051091 0.053571 0.057540 0.055060 0.059524 0.058532 0.061012 0.064484 0.067460 0.067460 0.066964 0.065972 0.067460 0.069444 0.068452 0.067956 0.068452 0.066964 0.063988
0.000000 0.000000 0.000000 0.000000 0.000000 0.000000 0.000000 0.000000 0.000000 0.000000 0.000000 0.000000 0.000000 0.000000 0.000000 0.003472 0.000000 0.018849 0.020833 0.026290 0.027282 0.027282 0.027282 0.007440 0.030258 0.031250 0.033234 0.035714 0.037202 0.006944 0.007440 0.031250 0.028770 0.026290 0.004960 0.003472 0.003472 0.003968 0.004960 0.026786 0.026290 0.001488 0.001984 0.003472 0.032242 0.029266 0.057044 0.055556 0.056548 0.059524 0.061508 0.065972 0.066964 0.066468 0.068948 0.068452 0.068452 0.069444 0.068948 0.069444 0.068452 0.067460 0.064980
0.000000 0.000000 0.000000 0.000000 0.000000 0.000000 0.000000 0.000000 0.000000 0.000000 0.000000 0.000000 0.000000 0.000000 0.000000 0.000000 0.000000 0.000000 0.000000 0.025794 0.027282 0.026786 0.027282 0.028274 0.028770 0.030754 0.031746 0.033730 0.036210 0.025794 0.024802 0.000000 0.000000 0.000000 0.003968 0.003472 0.002976 0.004464 0.005456 0.025794 0.000000 0.000000 0.002976 0.002976 0.032738 0.029266 0.058036 0.057044 0.058036 0.060516 0.063492 0.066468 0.066964 0.067956 0.069444 0.067956 0.067956 0.069444 0.071925 0.070933 0.069444 0.069444 0.064484
0.000000 0.000000 0.000000 0.000000 0.000000 0.000000 0.000000 0.000000 0.000000 0.000000 0.000000 0.000000 0.000000 0.000000 0.000000 0.000000 0.000000 0.000000 0.000000 0.000000 0.026290 0.026786 0.026786 0.027778 0.027778 0.028274 0.030754 0.031746 0.023810 0.024802 0.024802 0.000000 0.000000 0.005456 0.004960 0.004960 0.014881 0.015873 0.004960 0.000000 0.000000 0.000000 0.003472 0.004464 0.057044 0.035218 0.059028 0.060020 0.059524 0.059524 0.062004 0.062996 0.067460 0.067460 0.068948 0.067460 0.070437 0.070933 0.070933 0.069940 0.069444 0.065972 0.064484
0.000000 0.000000 0.000000 0.000000 0.000000 0.000000 0.000000 0.000000 0.000000 0.000000 0.000000 0.000000 0.000000 0.000000 0.000000 0.000000 0.000000 0.025794 0.000000 0.027778 0.026290 0.007937 0.007440 0.021329 0.022817 0.022321 0.010417 0.009921 0.023313 0.026290 0.026786 0.000000 0.000000 0.006944 0.005456 0.002976 0.018849 0.018353 0.000000 0.000000 0.000000 0.000000 0.054563 0.056548 0.057044 0.057044 0.059028 0.059028 0.059524 0.059028 0.061508 0.000000 0.064484 0.066964 0.068452 0.070933 0.070437 0.071925 0.071925 0.070437 0.067956 0.065476 0.061012
0.000000 0.000000 0.000000 0.000000 0.000000 0.000000 0.000000 0.000000 0.000000 0.000000 0.000000 0.000000 0.000000 0.000000 0.000000 0.000000 0.000000 0.027282 0.027778 0.028274 0.007937 0.008433 0.007937 0.021329 0.021329 0.021825 0.010913 0.009921 0.008929 0.009921 0.009425 0.025298 0.025298 0.023810 0.019841 0.017857 0.044147 0.043155 0.000000 0.000000 0.000000 0.049603 0.056052 0.057540 0.055060 0.057540 0.059028 0.059028 0.057044 0.058036 0.061012 0.064980 0.065972 0.066964 0.071925 0.069444 0.070933 0.072917 0.071925 0.067460 0.063988 0.062500 0.061508
0.000000 0.000000 0.000000 0.000000 0.000000 0.000000 0.000000 0.000000 0.000000 0.000000 0.000000 0.000000 0.000000 0.000000 0.000000 0.000000 0.000000 0.025794 0.028274 0.029266 0.030258 0.030258 0.008929 0.020833 0.020833 0.021329 0.011409 0.012401 0.011409 0.010913 0.009921 0.026786 0.024802 0.022321 0.019841 0.019345 0.042659 0.040179 0.000000 0.000000 0.000000 0.052083 0.056548 0.034226 0.036706 0.037698 0.039683 0.040675 0.038194 0.040675 0.062004 0.067956 0.071429 0.070933 0.072421 0.071429 0.070933 0.071429 0.067956 0.063492 0.060020 0.060020 0.062996
0.000000 0.000000 0.000000 0.000000 0.000000 0.000000 0.000000 0.000000 0.000000 0.000000 0.000000 0.000000 0.000000 0.000000 0.000000 0.000000 0.000000 0.022321 0.027282 0.029762 0.030258 0.030258 0.027778 0.027282 0.026290 0.026786 0.011409 0.012401 0.042659 0.043651 0.042163 0.029266 0.024306 0.020833 0.018353 0.021329 0.043155 0.042163 0.037202 0.000000 0.000000 0.055556 0.056052 0.034226 0.036210 0.035714 0.037698 0.037698 0.041171 0.042163 0.042163 0.070933 0.071925 0.073413 0.073413 0.071925 0.044147 0.045139 0.007440 0.007440 0.006448 0.061012 0.062500
0.000000 0.000000 0.000000 0.000000 0.000000 0.000000 0.000000 0.000000 0.000000 0.000000 0.000000 0.000000 0.000000 0.000000 0.000000 0.000000 0.021825 0.022817 0.024306 0.025298 0.029266 0.025298 0.024802 0.026786 0.026786 0.010913 0.011905 0.012897 0.043155 0.043651 0.031250 0.029762 0.026786 0.007937 0.005456 0.005456 0.041667 0.042659 0.000000 0.000000 0.052579 0.056052 0.059524 0.060516 0.036210 0.038194 0.037698 0.039187 0.039683 0.042659 0.042163 0.073413 0.073413 0.073413 0.073413 0.069940 0.043651 0.044643 0.007937 0.007440 0.005952 0.062996 0.063492
0.000000 0.000000 0.000000 0.000000 0.000000 0.000000 0.000000 0.000000 0.000000 0.000000 0.000000 0.000000 0.000000 0.002976 0.000000 0.002976 0.021329 0.020337 0.022817 0.022817 0.000000 0.000000 0.000000 0.001488 0.001488 0.001488 0.001488 0.003472 0.042163 0.043155 0.030754 0.029266 0.025794 0.009425 0.008929 0.044643 0.042659 0.043155 0.000000 0.049603 0.052579 0.058532 0.061508 0.063492 0.064980 0.064484 0.064484 0.068948 0.069444 0.073413 0.075397 0.074405 0.075893 0.074901 0.072421 0.072917 0.043155 0.044643 0.007440 0.006944 0.005456 0.064484 0.064980
0.000000 0.000000 0.000000 0.000000 0.000000 0.000000 0.000000 0.000000 0.000000 0.000000 0.000000 0.000000 0.000000 0.003472 0.000000 0.000000 0.003472 0.020337 0.021329 0.022321 0.000000 0.000000 0.000000 0.001488 0.001488 0.000992 0.003472 0.003472 0.030258 0.030258 0.042659 0.042659 0.044643 0.045139 0.047123 0.044643 0.041667 0.042659 0.000000 0.050595 0.054067 0.060516 0.062004 0.066964 0.066468 0.065476 0.065972 0.066964 0.071925 0.072421 0.075397 0.076389 0.077877 0.078373 0.073413 0.072917 0.070437 0.066964 0.065972 0.064484 0.066468 0.064980 0.064484
0.000000 0.000000 0.000000 0.000000 0.000000 0.000000 0.000000 0.000000 0.000000 0.000000 0.000000 0.000000 0.000000 0.002480 0.003472 0.004464 0.003472 0.002976 0.000000 0.000000 0.026786 0.026786 0.000000 0.001488 0.003472 0.002976 0.003472 0.003472 0.029266 0.029266 0.042659 0.042163 0.043651 0.045139 0.046131 0.044643 0.040179 0.043651 0.046627 0.049603 0.056548 0.060516 0.063492 0.067956 0.068452 0.066964 0.068948 0.067956 0.071429 0.074405 0.077381 0.076389 0.077877 0.077877 0.073909 0.072421 0.067956 0.064484 0.065972 0.064980 0.065476 0.063492 0.061508
0.000000 0.000000 0.000000 0.000000 0.000000 0.000000 0.000000 0.000000 0.000000 0.014385 0.015377 0.000000 0.019345 0.019345 0.003472 0.003968 0.003968 0.003968 0.000000 0.000000 0.023313 0.025794 0.028274 0.009921 0.013393 0.038194 0.039683 0.041171 0.041171 0.042659 0.026786 0.025298 0.025298 0.043651 0.044147 0.045635 0.041667 0.042163 0.043155 0.049603 0.055556 0.060020 0.066964 0.066468 0.068948 0.067956 0.066964 0.066964 0.070933 0.073909 0.075893 0.078373 0.076389 0.074901 0.074901 0.070437 0.064980 0.062500 0.063492 0.064980 0.022817 0.053075 0.053571
0.000000 0.000000 0.000000 0.000000 0.000000 0.000000 0.000000 0.000000 0.000000 0.000000 0.000000 0.019841 0.018849 0.019345 0.020833 0.019841 0.003472 0.000000 0.000000 0.000000 0.022321 0.024306 0.008929 0.010417 0.011409 0.038194 0.038690 0.039683 0.041667 0.041667 0.027282 0.025298 0.024802 0.042163 0.043651 0.044643 0.041171 0.041171 0.043155 0.047123 0.052579 0.061012 0.066964 0.068948 0.069940 0.069444 0.065476 0.066964 0.072917 0.075397 0.077381 0.077877 0.073413 0.071429 0.071925 0.064980 0.063492 0.062500 0.062500 0.061508 0.022817 0.022817 0.019841
0.000000 0.000000 0.000000 0.000000 0.000000 0.000000 0.000000 0.000000 0.000000 0.000000 0.000000 0.019345 0.017361 0.017361 0.018849 0.020833 0.021825 0.003968 0.004464 0.004960 0.014385 0.013889 0.006944 0.009425 0.012401 0.034226 0.036706 0.038194 0.041667 0.040675 0.026290 0.023810 0.043155 0.042163 0.044147 0.045139 0.045635 0.039187 0.039187 0.043651 0.048611 0.061012 0.065972 0.071429 0.072421 0.005952 0.007440 0.007440 0.075893 0.075893 0.077877 0.077381 0.073909 0.033730 0.029266 0.061508 0.061012 0.059524 0.060020 0.060516 0.022321 0.021825 0.020337
0.000000 0.000000 0.000000 0.000000 0.000000 0.000000 0.000000 0.000000 0.000000 0.000000 0.000000 0.017361 0.017857 0.018849 0.018353 0.020337 0.021825 0.003472 0.003472 0.003968 0.010913 0.013393 0.006448 0.007937 0.010913 0.032242 0.032738 0.036210 0.038194 0.039683 0.041667 0.043155 0.027778 0.027282 0.026290 0.044147 0.044643 0.041667 0.039683 0.042163 0.046131 0.061012 0.067956 0.071925 0.074901 0.006448 0.007440 0.077381 0.076389 0.077877 0.077877 0.076885 0.032738 0.031250 0.031746 0.060020 0.059028 0.061012 0.062500 0.061508 0.000000 0.059524 0.058532
0.000000 0.000000 0.000000 0.000000 0.000000 0.000000 0.000000 0.000000 0.000000 0.000000 0.000000 0.016369 0.017857 0.018849 0.020337 0.022321 0.020337 0.023313 0.023810 0.022817 0.003472 0.005456 0.006448 0.007937 0.010417 0.030754 0.030754 0.033730 0.037698 0.039683 0.040675 0.042163 0.026290 0.024306 0.025298 0.045635 0.046627 0.041171 0.040179 0.040675 0.012401 0.020337 0.066964 0.072421 0.074405 0.077877 0.078373 0.077381 0.077381 0.076885 0.077877 0.079365 0.031746 0.032738 0.030258 0.059524 0.061012 0.062004 0.061012 0.060516 0.061508 0.057044 0.000000
0.000000 0.000000 0.000000 0.000000 0.000000 0.000000 0.000000 0.000000 0.000000 0.000000 0.000000 0.015873 0.016369 0.017361 0.020337 0.021825 0.022817 0.024306 0.024306 0.022321 0.003472 0.005952 0.024802 0.026786 0.026290 0.010913 0.010913 0.022817 0.024802 0.023313 0.043155 0.044147 0.041667 0.023810 0.024802 0.042659 0.046131 0.044147 0.040179 0.037698 0.000000 0.020337 0.067460 0.069940 0.071925 0.076389 0.077877 0.077877 0.076885 0.078373 0.078373 0.077877 0.032738 0.031746 0.028274 0.062996 0.062500 0.061508 0.060516 0.057044 0.055556 0.055060 0.027282
0.000000 0.000000 0.000000 0.000000 0.000000 0.000000 0.000000 0.000000 0.000000 0.000000 0.000000 0.000000 0.015377 0.014881 0.016865 0.021825 0.022817 0.024802 0.022817 0.003472 0.004464 0.005456 0.024306 0.025794 0.024802 0.008433 0.009921 0.022321 0.026290 0.023810 0.043155 0.043155 0.044147 0.042163 0.042163 0.042659 0.045139 0.042163 0.037698 0.000000 0.000000 0.062500 0.066964 0.070933 0.075397 0.077877 0.077877 0.078869 0.078373 0.078373 0.078373 0.076389 0.031746 0.029266 0.028770 0.062004 0.062500 0.058532 0.056052 0.053571 0.029266 0.024802 0.024306
0.000000 0.000000 0.000000 0.000000 0.000000 0.000000 0.000000 0.000000 0.000000 0.000000 0.000000 0.000000 0.014385 0.014385 0.015873 0.020337 0.022817 0.000000 0.022817 0.023313 0.023810 0.024802 0.004960 0.005952 0.006448 0.008929 0.009425 0.019345 0.025298 0.042163 0.042163 0.041667 0.042659 0.042659 0.043651 0.045139 0.045635 0.046627 0.000000 0.000000 0.055556 0.062500 0.066964 0.071429 0.074405 0.078869 0.078869 0.079365 0.077381 0.077381 0.078373 0.071429 0.069940 0.062500 0.062004 0.061012 0.058036 0.055060 0.051587 0.049603 0.024306 0.018849 0.000000
0.000000 0.000000 0.000000 0.000000 0.000000 0.000000 0.000000 0.000000 0.000000 0.000000 0.000000 0.000000 0.016865 0.017361 0.017361 0.000000 0.000000 0.024306 0.024306 0.024802 0.023810 0.024802 0.004960 0.004960 0.006944 0.008929 0.009425 0.032738 0.034722 0.036210 0.040179 0.042163 0.041171 0.042659 0.045635 0.045635 0.049107 0.047619 0.000000 0.051587 0.059028 0.059028 0.064484 0.070437 0.076389 0.080853 0.078869 0.077381 0.076885 0.076885 0.072421 0.069940 0.063988 0.060516 0.059524 0.058532 0.054067 0.050595 0.047619 0.044643 0.000000 0.000000 0.000000
