FireSTARR/test/output/SLK/SLK007/2018-05-21_1921/wxshield_147_2018-05-27.asc
ncols         143
nrows         150
xllcorner     477143.378600
yllcorner     5671002.364000
cellsize      100.000000
NODATA_value  0.000000
[rows 84 to 111 of 150, columns 63 to 125 of 143]
0.007937 0.002976 0.002976 0.002976 0.000000 0.000000 0.005952 0.004960 0.003472 0.002976 0.002976 0.004960 0.004960 0.004960 0.004960 0.004960 0.004464 0.004464 0.004464 0.004960 0.005952 0.005952 0.005952 0.005952 0.005952 0.005952 0.006448 0.006448 0.006448 0.006944 0.007440 0.007440 0.007937 0.007440 0.005456 0.000000 0.000000 0.000000 0.000000 0.002480 0.004464 0.007937 0.000000 0.000000 0.004960 0.005456 0.010913 0.010913 0.011409 0.010913 0.010417 0.010417 0.009921 0.009921 0.010417 0.010417 0.008929 0.007440 0.006944 0.006448 0.006448 0.005952 0.002480
0.007937 0.003968 0.004464 0.005952 0.000000 0.000000 0.006944 0.006944 0.005952 0.003472 0.002976 0.005456 0.004960 0.004960 0.004960 0.004960 0.002480 0.002480 0.002480 0.004464 0.005456 0.003968 0.005952 0.005952 0.005952 0.006448 0.005952 0.006448 0.006448 0.006944 0.007440 0.007937 0.007937 0.008433 0.005952 0.000000 0.000000 0.000000 0.000000 0.003472 0.004464 0.008433 0.000000 0.010417 0.011409 0.010913 0.011409 0.011409 0.011409 0.011409 0.011905 0.011409 0.010913 0.010417 0.009921 0.009921 0.009425 0.008929 0.006944 0.006944 0.006448 0.002976 0.002480
0.003968 0.011409 0.011905 0.011905 0.012401 0.000000 0.008929 0.009425 0.008929 0.005456 0.003968 0.005952 0.005952 0.004960 0.004960 0.004960 0.002976 0.001984 0.002480 0.003968 0.004464 0.003968 0.004464 0.005456 0.005952 0.006448 0.006448 0.006448 0.006944 0.007937 0.008433 0.008433 0.008929 0.008929 0.006944 0.000000 0.000000 0.000000 0.004464 0.004464 0.005456 0.009425 0.010913 0.011409 0.012401 0.011409 0.011905 0.011409 0.011905 0.011905 0.011905 0.011409 0.010913 0.010417 0.010417 0.010417 0.009425 0.008929 0.008929 0.007937 0.006944 0.002976 0.001488
0.003968 0.008929 0.010913 0.011905 0.012401 0.012401 0.012401 0.012401 0.012401 0.011905 0.010417 0.006448 0.005952 0.005456 0.004960 0.004960 0.002976 0.001984 0.002480 0.003472 0.004464 0.003968 0.004464 0.005456 0.005456 0.005952 0.006448 0.006448 0.007440 0.008433 0.008433 0.008929 0.008929 0.008929 0.008433 0.000000 0.000000 0.009425 0.009425 0.004960 0.005456 0.011409 0.011905 0.012897 0.012897 0.012401 0.012401 0.012401 0.011905 0.011905 0.011409 0.010913 0.010913 0.010417 0.010417 0.009425 0.009425 0.008929 0.008433 0.007937 0.007440 0.002976 0.001488
0.004464 0.005456 0.006448 0.009921 0.011905 0.012401 0.012401 0.012401 0.012401 0.011905 0.011409 0.006448 0.006448 0.005952 0.005456 0.004960 0.002976 0.001984 0.002480 0.002480 0.002480 0.004960 0.004960 0.004960 0.005952 0.006448 0.007440 0.007937 0.008929 0.009425 0.009425 0.008929 0.009425 0.009425 0.009921 0.010417 0.009425 0.009425 0.009921 0.005456 0.004960 0.011905 0.012401 0.012401 0.012897 0.012401 0.012401 0.012401 0.011409 0.011409 0.011409 0.010913 0.010913 0.010417 0.009425 0.009425 0.009425 0.009425 0.008929 0.008929 0.008433 0.003472 0.000000
0.000000 0.004960 0.005456 0.006944 0.007440 0.007937 0.012401 0.012401 0.012401 0.012401 0.011409 0.006944 0.006448 0.005952 0.005952 0.005456 0.002976 0.002480 0.001984 0.001984 0.002480 0.004464 0.004960 0.004960 0.005952 0.006944 0.007440 0.007937 0.009425 0.009425 0.008929 0.009425 0.009425 0.009425 0.009921 0.010417 0.010417 0.010913 0.005952 0.005952 0.006448 0.012897 0.012897 0.012897 0.012897 0.012897 0.012897 0.011905 0.011409 0.011409 0.011409 0.010913 0.010913 0.010913 0.009425 0.009425 0.009425 0.009425 0.008433 0.008929 0.008433 0.003472 0.001488
0.010913 0.005952 0.006448 0.007440 0.007440 0.007937 0.012401 0.012401 0.012401 0.012401 0.011409 0.005952 0.004464 0.005952 0.005952 0.005456 0.003472 0.002480 0.002480 0.002480 0.003472 0.003968 0.004464 0.004464 0.005952 0.006944 0.007937 0.008929 0.008929 0.008433 0.008929 0.009425 0.009425 0.009425 0.010913 0.010913 0.010913 0.010913 0.010913 0.011905 0.013393 0.013393 0.013393 0.012897 0.012897 0.012897 0.012401 0.011905 0.011905 0.011905 0.011905 0.011409 0.010913 0.010913 0.000000 0.000000 0.009425 0.009425 0.008929 0.008929 0.007937 0.002976 0.001488
0.010417 0.010913 0.010913 0.011409 0.010913 0.008433 0.011409 0.011905 0.012401 0.012401 0.011905 0.007937 0.006448 0.006448 0.005952 0.005456 0.004464 0.002480 0.002480 0.002480 0.003472 0.003472 0.003968 0.003472 0.004464 0.006448 0.007937 0.007937 0.009425 0.009425 0.009921 0.009425 0.009425 0.010417 0.010913 0.011409 0.011409 0.010913 0.011409 0.013889 0.013889 0.013393 0.013393 0.013393 0.012897 0.011905 0.012401 0.011905 0.011905 0.011409 0.011905 0.011409 0.010913 0.010417 0.000000 0.000000 0.009425 0.009425 0.004960 0.003968 0.004960 0.002976 0.000992
0.000000 0.009921 0.010913 0.010913 0.010913 0.010913 0.010913 0.011905 0.012401 0.011905 0.011409 0.011409 0.010913 0.007937 0.006944 0.006944 0.003968 0.004464 0.003968 0.002976 0.003472 0.003472 0.000000 0.000000 0.003472 0.006944 0.008433 0.008433 0.009425 0.009921 0.009921 0.009921 0.009921 0.010913 0.010913 0.012401 0.011905 0.011905 0.012897 0.014385 0.013889 0.013889 0.013889 0.013393 0.012897 0.011905 0.011905 0.011905 0.011905 0.010913 0.010913 0.010913 0.010913 0.010417 0.000000 0.009921 0.009921 0.009921 0.004464 0.003472 0.002976 0.002976 0.000000
0.000000 0.000000 0.009921 0.010417 0.010417 0.010417 0.009921 0.010913 0.011905 0.011905 0.011409 0.011409 0.011409 0.007937 0.008433 0.008929 0.008433 0.008929 0.006944 0.005952 0.003472 0.000000 0.000000 0.000000 0.007937 0.007937 0.009921 0.008433 0.009425 0.009921 0.009921 0.009921 0.010913 0.011905 0.012401 0.013393 0.013889 0.014385 0.013889 0.013889 0.014385 0.014385 0.013889 0.013393 0.013393 0.012401 0.009921 0.009425 0.011409 0.011409 0.010913 0.010913 0.010913 0.010417 0.009921 0.009921 0.009921 0.009921 0.000000 0.000000 0.000000 0.000000 0.000000
0.000000 0.012401 0.009425 0.008433 0.008433 0.009425 0.009425 0.008929 0.009425 0.010417 0.010913 0.010913 0.010913 0.010913 0.009921 0.009921 0.010417 0.009921 0.009425 0.006944 0.000000 0.000000 0.000000 0.000000 0.010417 0.011905 0.010913 0.009921 0.009921 0.009921 0.009921 0.010913 0.010913 0.000000 0.013393 0.013889 0.014881 0.014881 0.014385 0.014385 0.014881 0.014385 0.013889 0.013393 0.013393 0.012401 0.009921 0.010417 0.011409 0.011409 0.010913 0.010913 0.010913 0.010417 0.010417 0.009921 0.009921 0.009921 0.009425 0.009425 0.000000 0.000000 0.000000
0.012401 0.012401 0.008433 0.008433 0.008433 0.010913 0.009921 0.008433 0.008929 0.010913 0.011409 0.011905 0.011409 0.013393 0.013393 0.012897 0.010913 0.009921 0.011409 0.008929 0.000000 0.000000 0.000000 0.011409 0.012401 0.011905 0.010417 0.009921 0.009921 0.009921 0.010417 0.010417 0.010417 0.012401 0.013889 0.014385 0.015873 0.015873 0.014881 0.014385 0.014385 0.013889 0.013393 0.012401 0.012401 0.012401 0.013393 0.012401 0.005952 0.009425 0.010913 0.010913 0.010913 0.010913 0.010417 0.010417 0.009921 0.009921 0.009425 0.009425 0.000000 0.000000 0.000000
0.011409 0.012401 0.012401 0.012401 0.009425 0.010417 0.009921 0.009425 0.009425 0.011409 0.012401 0.012897 0.012401 0.013889 0.013393 0.013393 0.011905 0.010913 0.011409 0.009425 0.000000 0.000000 0.000000 0.010913 0.011905 0.010417 0.009425 0.009425 0.009921 0.009425 0.008929 0.009921 0.011409 0.013393 0.014385 0.015873 0.016369 0.015873 0.014881 0.014881 0.013889 0.013393 0.012897 0.012401 0.013393 0.013393 0.012897 0.012897 0.006944 0.005952 0.011409 0.010913 0.010913 0.010913 0.010913 0.010417 0.009921 0.009921 0.009921 0.000000 0.000000 0.000000 0.000000
0.009921 0.010913 0.011905 0.011409 0.011905 0.011409 0.011409 0.010417 0.009921 0.012401 0.018353 0.018353 0.016865 0.015377 0.013889 0.013393 0.012897 0.011409 0.011905 0.009425 0.007937 0.000000 0.000000 0.012897 0.011905 0.011905 0.010913 0.009921 0.010913 0.009921 0.009921 0.009921 0.009921 0.014385 0.016369 0.017361 0.017361 0.016865 0.013393 0.012401 0.009425 0.008433 0.008929 0.011905 0.012897 0.012897 0.012897 0.012897 0.006944 0.005952 0.011409 0.011409 0.011409 0.010913 0.010417 0.009921 0.009921 0.009921 0.009921 0.009425 0.000000 0.000000 0.000000
0.006448 0.006448 0.010913 0.010913 0.011409 0.010913 0.011409 0.010417 0.011409 0.012897 0.018353 0.018353 0.015377 0.015377 0.014881 0.014881 0.012897 0.012401 0.012401 0.010417 0.000000 0.000000 0.013393 0.013393 0.013889 0.013889 0.010417 0.011409 0.010913 0.010913 0.010913 0.010417 0.012401 0.016865 0.016865 0.017361 0.016865 0.016369 0.013889 0.012401 0.009921 0.008433 0.009425 0.013889 0.012897 0.012897 0.013393 0.012897 0.012401 0.011905 0.011409 0.011409 0.011409 0.010913 0.010417 0.009921 0.009921 0.009921 0.009425 0.008929 0.000000 0.000000 0.000000
0.004464 0.004464 0.000000 0.000000 0.000000 0.011905 0.012897 0.013393 0.013889 0.014385 0.018353 0.018849 0.015873 0.015873 0.015377 0.014385 0.013889 0.014881 0.012401 0.011905 0.000000 0.012401 0.014385 0.014881 0.015377 0.014881 0.015377 0.015377 0.015377 0.014881 0.014881 0.016369 0.015873 0.016865 0.017361 0.017361 0.016865 0.017361 0.013393 0.013889 0.010913 0.009425 0.009425 0.013889 0.013889 0.013889 0.013889 0.012897 0.000000 0.011905 0.011905 0.011409 0.010913 0.010417 0.009921 0.009425 0.009425 0.007937 0.000000 0.000000 0.000000 0.000000 0.000000
0.003968 0.004960 0.000000 0.000000 0.000000 0.012401 0.012897 0.013889 0.014385 0.015873 0.016369 0.015873 0.020337 0.019345 0.018849 0.018849 0.019345 0.016369 0.012897 0.012897 0.000000 0.012897 0.014385 0.015377 0.015873 0.016369 0.016369 0.016369 0.015377 0.015873 0.016865 0.015873 0.017361 0.017857 0.017857 0.018353 0.017361 0.017361 0.017361 0.016865 0.016369 0.015377 0.014881 0.013889 0.013889 0.000000 0.012897 0.012897 0.012401 0.012401 0.011905 0.010913 0.009921 0.000000 0.007440 0.007440 0.007440 0.007440 0.000000 0.000000 0.000000 0.000000 0.000000
0.000000 0.000000 0.007440 0.008929 0.000000 0.011905 0.015873 0.016369 0.016865 0.016369 0.018353 0.016865 0.019345 0.019841 0.019841 0.019345 0.019345 0.017857 0.014385 0.013889 0.013393 0.013393 0.014385 0.015377 0.016865 0.016865 0.017361 0.016865 0.017857 0.016369 0.016369 0.016369 0.017857 0.017857 0.018849 0.018353 0.017857 0.017857 0.016865 0.016865 0.014881 0.014881 0.014881 0.014385 0.013889 0.013889 0.013393 0.011905 0.011905 0.000000 0.007937 0.000000 0.000000 0.000000 0.000000 0.004960 0.004464 0.000000 0.000000 0.000000 0.000000 0.000000 0.000000
0.000000 0.000000 0.006448 0.007937 0.009921 0.009921 0.013393 0.020833 0.022321 0.022817 0.022817 0.021329 0.016865 0.017361 0.017857 0.019841 0.019841 0.019841 0.016369 0.014385 0.013889 0.014385 0.015377 0.016865 0.016865 0.016865 0.017857 0.017361 0.017361 0.016865 0.015873 0.017361 0.019345 0.018849 0.018849 0.018353 0.018353 0.017361 0.015873 0.014881 0.014881 0.014881 0.008929 0.009425 0.009921 0.012401 0.012897 0.012897 0.012401 0.000000 0.000000 0.000000 0.000000 0.000000 0.000000 0.004464 0.003968 0.000000 0.000000 0.000000 0.000000 0.000000 0.000000
0.000000 0.000000 0.005456 0.006448 0.007440 0.009425 0.011905 0.021825 0.021825 0.022321 0.023313 0.022817 0.016865 0.018353 0.018849 0.020337 0.020337 0.021329 0.017361 0.014385 0.014881 0.014385 0.015377 0.017361 0.017361 0.017857 0.017857 0.016865 0.016369 0.015873 0.018353 0.019841 0.019841 0.019841 0.019345 0.018353 0.017857 0.015377 0.014385 0.013393 0.014385 0.014385 0.008929 0.007440 0.006944 0.013889 0.013889 0.013393 0.012401 0.011905 0.000000 0.000000 0.000000 0.000000 0.000000 0.002976 0.002480 0.000000 0.000000 0.000000 0.000000 0.000000 0.000000
0.003472 0.003968 0.004960 0.004960 0.005952 0.008433 0.010913 0.019345 0.020833 0.022321 0.023313 0.023313 0.017857 0.017857 0.021825 0.021329 0.021329 0.021825 0.020833 0.015377 0.015377 0.014385 0.016369 0.017857 0.017361 0.016865 0.017857 0.012401 0.013393 0.015377 0.020337 0.020337 0.020337 0.019841 0.019345 0.011905 0.011409 0.011905 0.013889 0.012897 0.014385 0.014881 0.008929 0.008433 0.007937 0.014881 0.014385 0.013393 0.011905 0.010913 0.000000 0.000000 0.000000 0.000000 0.000000 0.000000 0.000000 0.000000 0.000000 0.000000 0.000000 0.000000 0.000000
0.003472 0.003968 0.004960 0.004960 0.005952 0.006944 0.010417 0.018353 0.019841 0.021825 0.023313 0.023810 0.023810 0.022817 0.019841 0.019841 0.020337 0.022817 0.021329 0.015873 0.015377 0.014385 0.016369 0.018353 0.017361 0.017857 0.018353 0.012401 0.013889 0.021329 0.020337 0.020833 0.020337 0.019841 0.014385 0.011905 0.009921 0.013889 0.013393 0.014881 0.016369 0.015873 0.000000 0.015377 0.015377 0.011905 0.011905 0.010417 0.009921 0.008929 0.000000 0.000000 0.000000 0.000000 0.000000 0.000000 0.000000 0.000000 0.000000 0.000000 0.000000 0.000000 0.000000
0.006448 0.005952 0.003968 0.004960 0.005456 0.007440 0.009425 0.016865 0.018353 0.020833 0.022321 0.024306 0.024802 0.023810 0.021825 0.021329 0.020833 0.024306 0.022817 0.016369 0.014881 0.014881 0.011905 0.014881 0.018849 0.018353 0.018849 0.020337 0.020833 0.021329 0.021825 0.021825 0.020337 0.019841 0.014385 0.009425 0.010417 0.013889 0.016369 0.016369 0.016369 0.015873 0.015873 0.015377 0.000000 0.000000 0.005456 0.005952 0.006448 0.006944 0.000000 0.000000 0.000000 0.000000 0.000000 0.000000 0.000000 0.000000 0.000000 0.000000 0.000000 0.000000 0.000000
0.007937 0.005952 0.003968 0.004960 0.009425 0.008929 0.008433 0.009921 0.012401 0.017857 0.019345 0.017857 0.024802 0.025794 0.025794 0.023313 0.023313 0.024802 0.023810 0.019345 0.014385 0.012401 0.000000 0.014881 0.019345 0.019841 0.019345 0.020833 0.020833 0.020833 0.021825 0.021329 0.020337 0.019841 0.014881 0.009921 0.011409 0.016865 0.017361 0.017361 0.016369 0.015873 0.015377 0.015377 0.011905 0.000000 0.000000 0.000000 0.000000 0.000000 0.000000 0.000000 0.000000 0.000000 0.000000 0.000000 0.000000 0.000000 0.000000 0.000000 0.000000 0.000000 0.000000
0.008433 0.003968 0.004464 0.004960 0.007440 0.007440 0.006944 0.006944 0.011409 0.016369 0.019841 0.019345 0.025794 0.026290 0.027778 0.026786 0.026786 0.025794 0.025298 0.020337 0.013393 0.000000 0.000000 0.021329 0.022321 0.020833 0.020833 0.021329 0.021825 0.022321 0.021825 0.021329 0.019841 0.019841 0.014385 0.014385 0.012897 0.018353 0.017361 0.017361 0.016369 0.015377 0.013393 0.011409 0.010417 0.008929 0.000000 0.000000 0.000000 0.000000 0.000000 0.000000 0.000000 0.000000 0.000000 0.000000 0.000000 0.000000 0.000000 0.000000 0.000000 0.000000 0.000000
0.008929 0.009425 0.009425 0.008433 0.004464 0.004960 0.005456 0.006944 0.012401 0.014881 0.018353 0.025794 0.025794 0.027282 0.027778 0.028274 0.027282 0.025794 0.025794 0.024306 0.000000 0.000000 0.025794 0.023313 0.022321 0.021329 0.021825 0.022817 0.022321 0.022321 0.022321 0.020833 0.019841 0.019841 0.019345 0.019345 0.018353 0.018353 0.017361 0.015377 0.015377 0.015377 0.012401 0.010417 0.000000 0.000000 0.000000 0.000000 0.000000 0.000000 0.000000 0.000000 0.000000 0.000000 0.000000 0.000000 0.000000 0.000000 0.000000 0.000000 0.000000 0.000000 0.000000
0.009921 0.009921 0.009921 0.010417 0.004464 0.004464 0.005456 0.008929 0.012401 0.019345 0.019841 0.022321 0.024802 0.027778 0.027778 0.028770 0.028274 0.027282 0.027778 0.028274 0.000000 0.027282 0.027282 0.024306 0.022321 0.021825 0.022817 0.022321 0.022321 0.022321 0.021825 0.020833 0.019841 0.019841 0.018849 0.018849 0.017361 0.017361 0.016369 0.014881 0.014385 0.013889 0.000000 0.000000 0.000000 0.000000 0.000000 0.000000 0.000000 0.000000 0.000000 0.000000 0.000000 0.000000 0.000000 0.000000 0.000000 0.000000 0.000000 0.000000 0.000000 0.000000 0.000000
0.009921 0.010417 0.010417 0.010417 0.005952 0.007937 0.008929 0.009425 0.011905 0.019345 0.019345 0.020833 0.022321 0.025298 0.028770 0.028770 0.029266 0.029762 0.028770 0.029762 0.000000 0.024306 0.025298 0.020833 0.022817 0.022321 0.021825 0.021329 0.021825 0.022321 0.021825 0.020337 0.020337 0.018849 0.017361 0.017361 0.016865 0.015873 0.015873 0.014881 0.013889 0.013393 0.000000 0.000000 0.000000 0.000000 0.000000 0.000000 0.000000 0.000000 0.000000 0.000000 0.000000 0.000000 0.000000 0.000000 0.000000 0.000000 0.000000 0.000000 0.000000 0.000000 0.000000
