FireSTARR/test/output/SLK/SLK007/2018-05-21_1921/wxshield_154_2018-06-03.asc
ncols         360
nrows         272
xllcorner     469043.378600
yllcorner     5667302.364000
cellsize      100.000000
NODATA_value  0.000000
[rows 84 to 111 of 272, columns 189 to 251 of 360]
0.009921 0.010417 0.010913 0.011905 0.012401 0.014385 0.014385 0.000000 0.000000 0.000000 0.000000 0.000000 0.000000 0.000000 0.000000 0.000000 0.000000 0.000000 0.000000 0.000000 0.000000 0.000000 0.000000 0.000000 0.000000 0.000000 0.000000 0.001984 0.001984 0.001984 0.002480 0.002480 0.004464 0.007937 0.011905 0.012401 0.013393 0.011409 0.010417 0.015377 0.015377 0.015377 0.015377 0.014881 0.014881 0.014385 0.013889 0.013889 0.012897 0.011905 0.011905 0.012401 0.011409 0.010913 0.010417 0.010417 0.009425 0.006944 0.006448 0.006448 0.007937 0.007937 0.007440
0.010417 0.010417 0.010417 0.012401 0.013393 0.014881 0.014385 0.000000 0.000000 0.000000 0.000000 0.000000 0.000000 0.000000 0.000000 0.000000 0.000000 0.000000 0.000000 0.000000 0.000000 0.000000 0.000000 0.000000 0.000000 0.000000 0.000000 0.001488 0.001984 0.001984 0.002480 0.002480 0.004464 0.007440 0.012401 0.013889 0.014881 0.014385 0.014881 0.015377 0.015377 0.014881 0.014881 0.014881 0.014881 0.013889 0.013889 0.013889 0.012897 0.011905 0.012401 0.012401 0.010913 0.010417 0.010417 0.009921 0.008433 0.007937 0.007937 0.007937 0.007440 0.006944 0.000000
0.010913 0.010417 0.010417 0.012897 0.014385 0.014881 0.014881 0.000000 0.000000 0.000000 0.000000 0.000000 0.000000 0.000000 0.000000 0.000000 0.000000 0.000000 0.000000 0.000000 0.000000 0.000000 0.000000 0.000000 0.000000 0.000000 0.000000 0.001488 0.000000 0.000000 0.000000 0.000000 0.003968 0.007937 0.012401 0.013889 0.015873 0.014881 0.014385 0.014881 0.014881 0.014881 0.014881 0.014881 0.014881 0.014385 0.014385 0.014385 0.013393 0.013393 0.013393 0.012401 0.010417 0.009921 0.008929 0.008433 0.008433 0.007937 0.007440 0.006448 0.006448 0.005952 0.000000
0.010417 0.009425 0.010417 0.013393 0.014385 0.014881 0.000000 0.000000 0.000000 0.000000 0.000000 0.000000 0.000000 0.000000 0.000000 0.000000 0.000000 0.000000 0.000000 0.000000 0.000000 0.000000 0.000000 0.000000 0.000000 0.000000 0.000000 0.000000 0.000000 0.000000 0.000000 0.000000 0.000000 0.007937 0.013393 0.014881 0.015873 0.013393 0.013393 0.014881 0.014881 0.014881 0.014881 0.014881 0.014881 0.014881 0.014385 0.014385 0.013889 0.013393 0.012897 0.011905 0.009425 0.008929 0.007440 0.006944 0.005952 0.005456 0.004464 0.004960 0.004960 0.004960 0.000000
0.009921 0.007440 0.010417 0.014881 0.014881 0.014385 0.014881 0.013889 0.013889 0.000000 0.000000 0.000000 0.000000 0.000000 0.000000 0.000000 0.000000 0.000000 0.000000 0.000000 0.000000 0.000000 0.000000 0.000000 0.000000 0.000000 0.000000 0.000000 0.000000 0.000000 0.000000 0.000000 0.000000 0.000000 0.013889 0.015377 0.016369 0.016369 0.016369 0.015377 0.015377 0.015377 0.015377 0.014881 0.015377 0.014881 0.014385 0.013889 0.013889 0.013393 0.011905 0.009425 0.008433 0.007937 0.006944 0.004960 0.002976 0.001488 0.001984 0.001984 0.003472 0.000000 0.000000
0.004960 0.005952 0.010913 0.014881 0.014881 0.014385 0.014385 0.013889 0.013889 0.000000 0.000000 0.000000 0.000000 0.000000 0.000000 0.000000 0.000000 0.000000 0.000000 0.000000 0.000000 0.000000 0.000000 0.000000 0.000000 0.000000 0.000000 0.000000 0.000000 0.000000 0.000000 0.000000 0.000000 0.000000 0.015873 0.016865 0.016369 0.015873 0.016369 0.016865 0.016865 0.015873 0.015377 0.015377 0.015377 0.014881 0.014385 0.013889 0.013889 0.009921 0.007937 0.007937 0.006944 0.006944 0.000000 0.000496 0.000496 0.000496 0.000496 0.001488 0.000000 0.000000 0.000000
0.003968 0.014881 0.014881 0.014881 0.014881 0.014385 0.013889 0.013889 0.013393 0.012897 0.012897 0.013393 0.000000 0.000000 0.000000 0.000000 0.000000 0.000000 0.000000 0.000000 0.000000 0.000000 0.000000 0.000000 0.000000 0.000000 0.000000 0.000000 0.000000 0.000000 0.000000 0.000000 0.000000 0.014385 0.016865 0.016865 0.016369 0.015873 0.016865 0.016865 0.016865 0.016369 0.015873 0.015873 0.014881 0.014881 0.014385 0.013889 0.011905 0.009425 0.007440 0.006944 0.004960 0.000000 0.000000 0.000000 0.000000 0.000496 0.000496 0.000000 0.000000 0.000000 0.000000
0.000000 0.014881 0.014881 0.014881 0.014881 0.014385 0.014385 0.013889 0.013889 0.012401 0.012897 0.014385 0.000000 0.000000 0.000000 0.000000 0.000000 0.000000 0.000000 0.000000 0.000000 0.000000 0.000000 0.000000 0.000000 0.000000 0.000000 0.000000 0.000000 0.000000 0.000000 0.000000 0.000000 0.016369 0.017361 0.016865 0.015873 0.016865 0.016865 0.016865 0.016865 0.016369 0.015873 0.015377 0.015377 0.014881 0.014385 0.012401 0.010913 0.008929 0.006944 0.000000 0.000000 0.000000 0.000000 0.000000 0.000000 0.000000 0.000000 0.000000 0.000000 0.000000 0.000000
0.000000 0.013889 0.014881 0.014881 0.014881 0.013889 0.013889 0.013889 0.013393 0.012897 0.013393 0.014385 0.000000 0.000000 0.000000 0.000000 0.000000 0.000000 0.000000 0.000000 0.000000 0.000000 0.000000 0.000000 0.000000 0.000000 0.014385 0.015873 0.015873 0.015873 0.016369 0.016369 0.016865 0.016865 0.017857 0.017361 0.016865 0.016865 0.016865 0.016865 0.015873 0.015873 0.014881 0.014881 0.014385 0.014385 0.012401 0.010913 0.010417 0.008433 0.000000 0.000992 0.000000 0.000000 0.000000 0.000000 0.000000 0.000000 0.000000 0.000000 0.000000 0.000000 0.000000
0.000000 0.015377 0.015377 0.014881 0.014385 0.013889 0.012897 0.012401 0.013393 0.013393 0.014385 0.013889 0.013889 0.014881 0.000000 0.000000 0.000000 0.000000 0.000000 0.000000 0.000000 0.000000 0.000000 0.000000 0.000000 0.013393 0.014881 0.015873 0.015873 0.016369 0.016865 0.016865 0.017361 0.016865 0.017361 0.017361 0.017361 0.017857 0.016369 0.016369 0.015873 0.015377 0.014881 0.014385 0.013889 0.012897 0.010913 0.008433 0.007440 0.006448 0.000000 0.000000 0.000000 0.000000 0.000000 0.000000 0.000000 0.000000 0.000000 0.000000 0.000000 0.000000 0.000496
0.000000 0.015377 0.015377 0.014881 0.014385 0.013889 0.012401 0.012897 0.012401 0.013393 0.012401 0.013393 0.013889 0.014881 0.015377 0.015873 0.000000 0.000000 0.000000 0.000000 0.000000 0.000000 0.000000 0.013889 0.014385 0.014881 0.016369 0.016369 0.016369 0.016865 0.016865 0.017361 0.017361 0.017857 0.017857 0.017857 0.017857 0.017361 0.017361 0.015873 0.015377 0.015377 0.014881 0.012897 0.012401 0.010417 0.000000 0.000000 0.000000 0.000000 0.000000 0.000000 0.000000 0.000000 0.000000 0.000000 0.000000 0.000000 0.000000 0.000496 0.000496 0.000496 0.000496
0.015873 0.015377 0.015377 0.015377 0.013889 0.013889 0.012897 0.013393 0.009921 0.009425 0.011905 0.013393 0.015377 0.014881 0.015377 0.015873 0.000000 0.000000 0.000000 0.000000 0.000000 0.014881 0.014881 0.014385 0.012897 0.013393 0.016369 0.016369 0.016369 0.016865 0.017361 0.017857 0.017361 0.017857 0.017857 0.017361 0.017361 0.017361 0.017361 0.016369 0.016369 0.014881 0.012897 0.010913 0.009921 0.009425 0.000000 0.000000 0.000000 0.000000 0.000000 0.000000 0.000000 0.000000 0.000000 0.000000 0.000000 0.000000 0.000496 0.000496 0.000496 0.000496 0.000496
0.015873 0.015377 0.015377 0.015377 0.014385 0.012897 0.013393 0.012897 0.009921 0.008433 0.009425 0.013393 0.014881 0.015377 0.015873 0.016369 0.016865 0.015873 0.014881 0.014881 0.016369 0.015873 0.014881 0.013393 0.012897 0.014385 0.016865 0.016369 0.016369 0.017361 0.017857 0.017361 0.017857 0.017857 0.017361 0.017361 0.017361 0.017361 0.016865 0.015873 0.014881 0.011409 0.010913 0.009921 0.007937 0.007937 0.000000 0.000000 0.000000 0.000000 0.000000 0.000000 0.000000 0.000000 0.000000 0.000000 0.000000 0.000000 0.000496 0.000496 0.000496 0.000496 0.000496
0.015377 0.015377 0.015377 0.014881 0.013393 0.012401 0.012897 0.012897 0.009425 0.009425 0.010417 0.012897 0.015377 0.015377 0.015873 0.016369 0.015873 0.014385 0.014385 0.015377 0.016369 0.011905 0.010913 0.010913 0.011409 0.011905 0.016865 0.016865 0.017857 0.018353 0.018353 0.017857 0.017857 0.017857 0.017361 0.017361 0.017361 0.016865 0.015377 0.014385 0.011905 0.010417 0.009425 0.007440 0.006448 0.000000 0.000000 0.000000 0.000000 0.000000 0.000000 0.000000 0.000000 0.000000 0.000000 0.000000 0.000000 0.000000 0.000000 0.000000 0.000496 0.000000 0.000496
0.015377 0.014881 0.014385 0.014385 0.012897 0.011905 0.012401 0.011905 0.010913 0.011409 0.013393 0.013393 0.014881 0.015873 0.016865 0.016865 0.014881 0.012897 0.015377 0.016369 0.016369 0.011409 0.011409 0.011905 0.011905 0.012897 0.016865 0.017361 0.017857 0.018849 0.018849 0.017857 0.017857 0.017361 0.017361 0.017361 0.014385 0.013393 0.012897 0.010913 0.009921 0.009425 0.005952 0.000000 0.000000 0.000000 0.000000 0.000000 0.000000 0.000000 0.000000 0.000000 0.000000 0.000000 0.000000 0.000000 0.000000 0.000000 0.000000 0.000000 0.000000 0.000000 0.000000
0.015377 0.014881 0.012401 0.012401 0.011905 0.011409 0.011905 0.011905 0.011409 0.011905 0.012897 0.014385 0.014385 0.015377 0.015873 0.010913 0.010417 0.010913 0.015377 0.016369 0.016369 0.016369 0.016369 0.011905 0.011905 0.016865 0.017361 0.018353 0.018849 0.018849 0.018353 0.017361 0.016865 0.017361 0.016865 0.016865 0.013889 0.012897 0.010417 0.008433 0.008433 0.000000 0.000000 0.000000 0.000000 0.000000 0.012897 0.014881 0.015873 0.016369 0.017857 0.018353 0.000000 0.000000 0.000000 0.000000 0.000000 0.000000 0.000000 0.000000 0.000000 0.000000 0.000000
0.012897 0.010913 0.008929 0.011409 0.011905 0.011409 0.011409 0.011905 0.008433 0.008433 0.012401 0.013393 0.014881 0.016369 0.016865 0.011905 0.011905 0.011905 0.015873 0.016865 0.016865 0.016865 0.017361 0.011905 0.011905 0.017361 0.018353 0.018353 0.017857 0.016865 0.016865 0.016369 0.016369 0.016865 0.016865 0.016369 0.014385 0.010913 0.007440 0.000000 0.000000 0.000000 0.000000 0.000000 0.000000 0.000000 0.014385 0.014881 0.017857 0.018353 0.018353 0.018353 0.016865 0.000000 0.000000 0.000000 0.000000 0.000000 0.000000 0.000000 0.000000 0.000000 0.000000
0.013393 0.009425 0.008929 0.009921 0.009921 0.010417 0.010913 0.009921 0.007440 0.008433 0.011409 0.013393 0.016865 0.016865 0.017361 0.017857 0.018353 0.017361 0.016865 0.016369 0.016865 0.017361 0.017857 0.012897 0.012401 0.018353 0.018353 0.018353 0.017361 0.016865 0.016865 0.016369 0.017361 0.016865 0.016865 0.015873 0.000000 0.000000 0.000000 0.000000 0.016369 0.016369 0.017361 0.017361 0.017361 0.016369 0.015873 0.017361 0.017857 0.018353 0.018353 0.017857 0.017361 0.000000 0.000000 0.000000 0.000000 0.000000 0.000000 0.000000 0.000000 0.000000 0.000000
0.011905 0.007937 0.007937 0.007440 0.008433 0.008929 0.008433 0.009921 0.007937 0.007937 0.011409 0.013889 0.015873 0.016865 0.017361 0.017361 0.017857 0.017857 0.017361 0.017361 0.017857 0.017857 0.017857 0.018353 0.019345 0.019841 0.019345 0.018353 0.018353 0.017857 0.015873 0.015873 0.017857 0.017857 0.017361 0.000000 0.000000 0.000000 0.017857 0.017857 0.017361 0.017361 0.018353 0.018353 0.000000 0.016865 0.016865 0.016865 0.017857 0.018353 0.018353 0.017857 0.016865 0.000000 0.000000 0.000000 0.000000 0.000000 0.000000 0.000000 0.000000 0.000000 0.000000
0.011905 0.009921 0.009425 0.009425 0.008929 0.005456 0.004464 0.005456 0.007937 0.011409 0.012897 0.015377 0.016865 0.017857 0.017361 0.017361 0.017361 0.016369 0.016369 0.017361 0.017857 0.018353 0.018353 0.018849 0.020337 0.019841 0.019345 0.019345 0.019841 0.019345 0.016865 0.017361 0.017857 0.018353 0.017857 0.000000 0.000000 0.018353 0.018353 0.017857 0.017857 0.017857 0.018353 0.018353 0.017361 0.016369 0.016865 0.016865 0.018353 0.018353 0.017857 0.018353 0.000000 0.000000 0.000000 0.000000 0.012897 0.013393 0.012897 0.000000 0.000000 0.000000 0.000000
0.012401 0.012897 0.013393 0.010417 0.000000 0.000000 0.002480 0.005952 0.007440 0.010417 0.013393 0.015873 0.017361 0.017857 0.016865 0.017361 0.016865 0.016369 0.016865 0.017857 0.017857 0.018353 0.018849 0.018849 0.020337 0.019345 0.019841 0.019841 0.019841 0.019841 0.017361 0.017361 0.017857 0.018353 0.000000 0.000000 0.019345 0.018849 0.018353 0.018353 0.018353 0.018353 0.018353 0.014385 0.014385 0.017857 0.017857 0.017857 0.018353 0.018353 0.018353 0.017857 0.016865 0.016865 0.000000 0.000000 0.014385 0.013889 0.013393 0.012897 0.000000 0.012897 0.000000
0.019841 0.020833 0.014881 0.012897 0.000000 0.000000 0.000000 0.004464 0.006448 0.009921 0.014881 0.016369 0.017361 0.017857 0.015873 0.016369 0.016369 0.016865 0.017857 0.018353 0.019345 0.019841 0.020337 0.019841 0.018849 0.019841 0.020337 0.020337 0.019841 0.018849 0.019345 0.019841 0.019345 0.000000 0.020833 0.021329 0.019841 0.019345 0.019345 0.018353 0.018353 0.018353 0.017361 0.014385 0.014385 0.017857 0.017857 0.017857 0.017361 0.018353 0.018353 0.017361 0.016369 0.015873 0.015377 0.015377 0.014881 0.014881 0.014385 0.013889 0.014385 0.014385 0.012897
0.020833 0.020833 0.014385 0.014385 0.013889 0.000000 0.000000 0.000000 0.006448 0.010913 0.017361 0.017361 0.017857 0.015377 0.014881 0.015377 0.015377 0.016865 0.018353 0.019345 0.020337 0.020833 0.020337 0.019345 0.019841 0.020337 0.020337 0.019841 0.018849 0.019345 0.019345 0.019345 0.021329 0.000000 0.020833 0.021329 0.021329 0.019841 0.000000 0.019345 0.017857 0.017361 0.014881 0.014385 0.014385 0.017857 0.017857 0.000000 0.017361 0.017857 0.017857 0.015873 0.015873 0.015873 0.015873 0.015377 0.014881 0.015377 0.014881 0.014881 0.014385 0.014385 0.014385
0.021825 0.021329 0.020833 0.021329 0.014881 0.013889 0.000000 0.000000 0.000000 0.000000 0.018849 0.018353 0.015873 0.013393 0.013889 0.014385 0.015873 0.017361 0.017361 0.020337 0.020833 0.020833 0.020337 0.019841 0.019841 0.020833 0.020833 0.017857 0.016865 0.017361 0.021329 0.020337 0.000000 0.021329 0.021329 0.022321 0.021329 0.020337 0.020337 0.019345 0.017361 0.016865 0.013889 0.013393 0.015377 0.017857 0.000000 0.000000 0.017857 0.018353 0.015873 0.015377 0.015377 0.015873 0.016369 0.015873 0.015377 0.015377 0.014881 0.014881 0.014881 0.014385 0.013889
0.021825 0.021329 0.021825 0.021825 0.020337 0.014881 0.000000 0.000000 0.020337 0.020337 0.019841 0.000000 0.011409 0.010913 0.011409 0.013393 0.015377 0.016865 0.017857 0.019841 0.020337 0.020337 0.020337 0.019841 0.020337 0.020337 0.020337 0.017361 0.016865 0.017361 0.020833 0.000000 0.021825 0.022321 0.021825 0.021825 0.022321 0.021329 0.020337 0.018849 0.014881 0.014881 0.014881 0.014385 0.015377 0.018353 0.018353 0.018353 0.018353 0.017857 0.016865 0.015377 0.016865 0.016369 0.016369 0.015377 0.015377 0.015377 0.014881 0.014881 0.014881 0.013393 0.012401
0.021825 0.020833 0.022321 0.022321 0.013889 0.014881 0.014881 0.020337 0.020337 0.019841 0.019841 0.018353 0.000000 0.007937 0.010913 0.010417 0.011409 0.016865 0.019345 0.019841 0.020337 0.020833 0.021329 0.021329 0.020833 0.020833 0.021329 0.017857 0.019345 0.019345 0.000000 0.021329 0.021825 0.022321 0.022321 0.022321 0.022321 0.022321 0.020337 0.017857 0.014385 0.013889 0.015377 0.014881 0.017361 0.018353 0.018353 0.018353 0.018353 0.018353 0.017857 0.017857 0.017361 0.016369 0.016369 0.015873 0.015377 0.015377 0.014881 0.013889 0.013393 0.012897 0.012897
0.021825 0.022817 0.022321 0.022321 0.022817 0.023313 0.022817 0.021329 0.021329 0.020337 0.019345 0.018849 0.000000 0.011905 0.010913 0.012401 0.013393 0.017361 0.019345 0.019841 0.020337 0.021329 0.021825 0.021329 0.020833 0.020833 0.021825 0.021825 0.022321 0.022321 0.022321 0.021825 0.022321 0.022321 0.022321 0.022321 0.022321 0.020833 0.018353 0.017361 0.015377 0.014385 0.015377 0.015873 0.017361 0.018849 0.018353 0.017857 0.017857 0.017361 0.017361 0.017361 0.017361 0.016865 0.016369 0.015377 0.015377 0.012897 0.012897 0.012401 0.012897 0.013393 0.012897
0.021825 0.022817 0.022817 0.023313 0.023313 0.023810 0.023313 0.021825 0.021825 0.019345 0.017857 0.018849 0.018353 0.000000 0.015873 0.013393 0.014385 0.018353 0.019841 0.020337 0.021329 0.021825 0.021825 0.021825 0.020833 0.020337 0.021825 0.021329 0.021825 0.022321 0.021825 0.022817 0.022321 0.021825 0.021825 0.022321 0.022321 0.018353 0.017361 0.015873 0.015873 0.015873 0.015377 0.014881 0.014881 0.018353 0.018353 0.017857 0.017361 0.017857 0.017857 0.017361 0.016865 0.016369 0.014881 0.014881 0.013889 0.012897 0.012897 0.011905 0.013393 0.013889 0.013393
