FireSTARR/test/output/SLK/SLK007/2018-05-21_1921/wxshield_154_2018-06-03.asc
ncols         360
nrows         272
xllcorner     469043.378600
yllcorner     5667302.364000
cellsize      100.000000
NODATA_value  0.000000
[rows 112 to 139 of 272, columns 126 to 188 of 360]
0.007440 0.007937 0.007937 0.008433 0.005456 0.004960 0.004464 0.003968 0.004464 0.004960 0.005952 0.008929 0.009921 0.009425 0.000000 0.000000 0.000000 0.000992 0.001984 0.001984 0.001984 0.002480 0.002480 0.002480 0.000000 0.000000 0.000000 0.002480 0.002480 0.002480 0.002480 0.002480 0.002480 0.001984 0.003472 0.002976 0.004464 0.005456 0.005456 0.000000 0.000000 0.000000 0.008433 0.012897 0.015377 0.017361 0.017361 0.017361 0.017857 0.016865 0.016369 0.016865 0.016369 0.016865 0.017361 0.018849 0.018849 0.019345 0.020337 0.021825 0.021329 0.021825 0.021825
0.007440 0.007440 0.007937 0.008433 0.005456 0.005456 0.004960 0.003472 0.004464 0.004464 0.005456 0.005952 0.010417 0.009921 0.004960 0.001984 0.001488 0.001488 0.001984 0.001984 0.001984 0.001984 0.002480 0.002480 0.000000 0.000000 0.000000 0.002480 0.002480 0.002480 0.002480 0.002480 0.002480 0.001984 0.000000 0.000992 0.002976 0.004960 0.005952 0.006944 0.000000 0.000000 0.004464 0.006944 0.015377 0.017361 0.017361 0.017361 0.017857 0.017361 0.016369 0.016369 0.015377 0.015873 0.016369 0.018353 0.018849 0.019345 0.019841 0.020833 0.021825 0.023313 0.023313
0.007440 0.006944 0.005952 0.005952 0.008929 0.008929 0.005456 0.003472 0.005456 0.005952 0.005952 0.005952 0.010417 0.010417 0.004960 0.001488 0.000992 0.000496 0.000000 0.000000 0.000000 0.000000 0.000000 0.002480 0.002480 0.002976 0.002976 0.002976 0.003472 0.003472 0.003472 0.002976 0.002976 0.002480 0.000000 0.000496 0.002480 0.004960 0.006944 0.006944 0.008929 0.000000 0.000000 0.000000 0.016369 0.017857 0.017361 0.017857 0.018353 0.017857 0.017361 0.015873 0.014385 0.014385 0.015873 0.017361 0.019345 0.019345 0.021329 0.022321 0.022321 0.022817 0.023313
0.007440 0.005456 0.006448 0.005952 0.008929 0.008433 0.005456 0.004464 0.005952 0.010417 0.010913 0.010913 0.010417 0.010417 0.000000 0.000000 0.000000 0.000000 0.000000 0.000000 0.000000 0.000000 0.000000 0.005456 0.003968 0.003472 0.003472 0.002976 0.003968 0.003968 0.003472 0.003472 0.002976 0.002976 0.000000 0.000000 0.000000 0.006944 0.006944 0.008929 0.009425 0.000000 0.000000 0.000000 0.016865 0.017857 0.018849 0.018353 0.019345 0.018353 0.017361 0.014881 0.011905 0.000000 0.000000 0.018353 0.019841 0.021329 0.022817 0.022817 0.022321 0.022817 0.015377
0.007440 0.005952 0.006448 0.006448 0.008433 0.008433 0.005456 0.005952 0.005456 0.010417 0.010913 0.010913 0.010913 0.010417 0.000000 0.000000 0.000000 0.000000 0.000000 0.000000 0.000000 0.000000 0.006944 0.005952 0.005456 0.004464 0.004464 0.004960 0.004960 0.004960 0.004464 0.004464 0.002976 0.002976 0.000000 0.000000 0.000000 0.007937 0.007440 0.009921 0.008929 0.000000 0.000000 0.009921 0.017857 0.018849 0.019841 0.019345 0.018849 0.018353 0.017857 0.000000 0.000000 0.000000 0.000000 0.018353 0.020337 0.022817 0.024306 0.023313 0.022817 0.023313 0.014881
0.007440 0.007937 0.007937 0.007937 0.008433 0.009425 0.009921 0.009921 0.010417 0.010913 0.010913 0.010913 0.010913 0.010417 0.000000 0.000000 0.000000 0.000000 0.000000 0.000000 0.000000 0.008929 0.006944 0.006944 0.006944 0.005952 0.005952 0.004960 0.004960 0.005952 0.005952 0.004960 0.003968 0.003472 0.000000 0.006944 0.011905 0.012401 0.007937 0.010913 0.000000 0.000000 0.002976 0.011409 0.017857 0.019345 0.019345 0.019345 0.018849 0.018353 0.018849 0.019841 0.000000 0.000000 0.000000 0.018849 0.022321 0.023810 0.023810 0.023810 0.023810 0.023810 0.023313
0.007440 0.007937 0.007440 0.007937 0.007937 0.008929 0.009921 0.009921 0.009921 0.010417 0.010913 0.010913 0.010913 0.010417 0.004960 0.000000 0.000000 0.000000 0.000000 0.000000 0.012401 0.007937 0.005456 0.007440 0.007440 0.007937 0.007937 0.005456 0.007440 0.007937 0.007440 0.006944 0.003968 0.003472 0.000000 0.006944 0.010913 0.012401 0.012401 0.000000 0.000000 0.000000 0.002976 0.011409 0.018849 0.018849 0.019345 0.019345 0.018353 0.018849 0.019345 0.019841 0.019345 0.000000 0.019345 0.020833 0.022321 0.023810 0.025794 0.025298 0.023810 0.023810 0.024306
0.007440 0.007937 0.007937 0.007937 0.005456 0.009425 0.009425 0.009921 0.010417 0.010417 0.010913 0.010913 0.010913 0.010417 0.004464 0.000000 0.000000 0.000000 0.000000 0.012401 0.012897 0.008929 0.005952 0.007937 0.012401 0.012401 0.007937 0.005952 0.007937 0.011905 0.011905 0.006944 0.004960 0.005456 0.000000 0.006944 0.011409 0.012897 0.012897 0.000000 0.000000 0.000000 0.002976 0.011905 0.018849 0.019841 0.019345 0.018353 0.018353 0.018849 0.018849 0.019841 0.019841 0.019841 0.021329 0.023313 0.024306 0.024802 0.025298 0.025298 0.024802 0.025794 0.025794
0.006944 0.007937 0.007937 0.004960 0.005456 0.005456 0.009425 0.009425 0.010417 0.010417 0.010417 0.010913 0.010913 0.010417 0.000000 0.000000 0.000000 0.000000 0.000000 0.012401 0.012897 0.008433 0.007937 0.007937 0.012401 0.012401 0.007937 0.007937 0.007937 0.012897 0.012897 0.007440 0.005952 0.005952 0.006448 0.006944 0.011409 0.012897 0.013889 0.014881 0.000000 0.000000 0.000000 0.012401 0.019345 0.019841 0.019345 0.017857 0.018353 0.019345 0.019345 0.019841 0.019345 0.021825 0.022321 0.023810 0.024802 0.025794 0.025298 0.026290 0.026786 0.026290 0.026290
0.007440 0.007937 0.007937 0.005456 0.005952 0.005952 0.009425 0.009921 0.009921 0.010417 0.010417 0.010913 0.010913 0.008929 0.007937 0.007440 0.012401 0.012401 0.012401 0.012897 0.012897 0.012897 0.013393 0.012897 0.007937 0.007937 0.013393 0.007937 0.007937 0.012897 0.013393 0.007937 0.007440 0.007937 0.007937 0.007440 0.011409 0.012897 0.014881 0.014881 0.000000 0.000000 0.005952 0.012401 0.019841 0.020337 0.014385 0.014385 0.014881 0.019345 0.019345 0.018849 0.020337 0.022817 0.024306 0.024306 0.024802 0.026290 0.026290 0.027282 0.027282 0.026786 0.027282
0.007440 0.007937 0.007937 0.008929 0.009425 0.009425 0.009425 0.009921 0.009921 0.009921 0.010417 0.010417 0.011409 0.009921 0.009425 0.009425 0.012401 0.012401 0.012401 0.012897 0.012897 0.012897 0.013393 0.007937 0.007937 0.007937 0.013393 0.012897 0.012897 0.012897 0.013393 0.012897 0.012897 0.012401 0.012401 0.011905 0.007440 0.008433 0.014881 0.014881 0.000000 0.000000 0.012401 0.013393 0.020337 0.021329 0.015377 0.015377 0.015377 0.018849 0.018849 0.018353 0.020337 0.022817 0.025298 0.025298 0.025794 0.027282 0.026786 0.027778 0.027282 0.027282 0.027282
0.007440 0.007440 0.008433 0.008929 0.009425 0.009425 0.009921 0.009921 0.009921 0.009921 0.009921 0.010913 0.011905 0.012401 0.012401 0.012401 0.012401 0.012401 0.012897 0.012897 0.012897 0.012897 0.013393 0.008433 0.007937 0.007937 0.013393 0.012897 0.013393 0.012897 0.012401 0.012401 0.012897 0.012401 0.012401 0.011905 0.006944 0.008929 0.014385 0.014881 0.000000 0.000000 0.012897 0.017857 0.020833 0.021329 0.022321 0.022817 0.021825 0.019345 0.019345 0.018849 0.022321 0.023313 0.025298 0.025794 0.027778 0.027282 0.027778 0.027282 0.027778 0.027282 0.027282
0.006448 0.006448 0.006448 0.008929 0.008929 0.009425 0.009921 0.009921 0.009921 0.009921 0.010417 0.010913 0.012401 0.012401 0.012401 0.012401 0.012401 0.012401 0.012897 0.012897 0.012897 0.012897 0.013393 0.013393 0.013393 0.013393 0.013393 0.013889 0.011905 0.011905 0.012401 0.007937 0.012401 0.012401 0.012897 0.011905 0.006944 0.008433 0.013889 0.016369 0.000000 0.000000 0.013889 0.019345 0.021329 0.021329 0.022817 0.023313 0.015873 0.000000 0.015377 0.019345 0.022817 0.024306 0.027282 0.027778 0.028274 0.027778 0.027282 0.027778 0.028274 0.027778 0.028274
0.006448 0.005952 0.006448 0.008929 0.008929 0.009425 0.009921 0.009921 0.009921 0.009921 0.010417 0.010913 0.011905 0.012401 0.012401 0.012401 0.012401 0.012401 0.012897 0.012897 0.012897 0.012897 0.013393 0.013393 0.013393 0.013393 0.013393 0.013889 0.012897 0.012401 0.012401 0.007937 0.008433 0.010417 0.011409 0.009921 0.011905 0.014385 0.015377 0.016369 0.000000 0.000000 0.018353 0.020337 0.021329 0.021329 0.023313 0.024306 0.015873 0.013393 0.015873 0.018849 0.023313 0.026786 0.027778 0.028274 0.028770 0.028274 0.027778 0.027778 0.028274 0.028274 0.029762
0.004960 0.005952 0.005952 0.008929 0.008929 0.009921 0.009921 0.009921 0.009921 0.010417 0.010417 0.010913 0.011905 0.011905 0.012401 0.012401 0.012401 0.012897 0.012897 0.012897 0.012897 0.012897 0.013393 0.013393 0.013393 0.013393 0.013889 0.013889 0.012401 0.012897 0.010913 0.008433 0.008929 0.009921 0.008433 0.007440 0.008929 0.013889 0.015377 0.017361 0.017857 0.019345 0.019345 0.019841 0.021825 0.022817 0.024306 0.024306 0.015873 0.014881 0.015377 0.016369 0.016865 0.027282 0.028770 0.028770 0.028770 0.028274 0.027778 0.028274 0.029266 0.029266 0.029266
0.006944 0.007440 0.008433 0.008929 0.008929 0.009921 0.009921 0.009921 0.009425 0.010417 0.010417 0.011409 0.011905 0.012401 0.012401 0.012401 0.012401 0.012897 0.012897 0.012897 0.012897 0.012897 0.013393 0.013393 0.013393 0.013889 0.013889 0.013889 0.013393 0.013393 0.013393 0.013393 0.013889 0.000000 0.000000 0.000000 0.004960 0.008433 0.014881 0.016865 0.017857 0.018849 0.020833 0.020833 0.022321 0.022817 0.024306 0.024802 0.015873 0.016865 0.014385 0.015377 0.016369 0.028274 0.028770 0.029266 0.028770 0.028770 0.028274 0.029266 0.029266 0.030258 0.030258
0.007440 0.007440 0.007937 0.008433 0.009425 0.009425 0.009921 0.009921 0.010417 0.010417 0.010417 0.011409 0.011905 0.012401 0.012401 0.011905 0.011905 0.012897 0.012897 0.012897 0.012897 0.013393 0.013393 0.013889 0.014385 0.014385 0.014385 0.014385 0.013393 0.012897 0.011905 0.012897 0.014385 0.000000 0.000000 0.000000 0.001488 0.008433 0.014385 0.017361 0.018849 0.019345 0.020337 0.020833 0.022817 0.023313 0.024802 0.025298 0.025794 0.016369 0.016865 0.016865 0.016865 0.029266 0.029266 0.028770 0.029266 0.029762 0.029266 0.030754 0.029762 0.030258 0.030258
0.004464 0.004464 0.005456 0.008433 0.009425 0.009425 0.009921 0.009921 0.010417 0.010417 0.010913 0.011905 0.011905 0.012401 0.012401 0.011905 0.012401 0.012401 0.012897 0.013393 0.013393 0.013393 0.013889 0.014881 0.014385 0.014385 0.014881 0.014881 0.000000 0.000000 0.008433 0.008433 0.014385 0.000000 0.000000 0.000000 0.000000 0.008929 0.015377 0.017361 0.019345 0.019841 0.020337 0.021329 0.022817 0.023810 0.024802 0.026290 0.025794 0.027778 0.027778 0.027282 0.027778 0.029266 0.029266 0.030258 0.030258 0.029762 0.030754 0.030754 0.030258 0.030754 0.030258
0.004960 0.005456 0.005456 0.008433 0.008929 0.009425 0.009921 0.009921 0.010417 0.010417 0.010913 0.011905 0.012401 0.012401 0.012401 0.012401 0.012401 0.012401 0.012401 0.013393 0.013889 0.014385 0.015377 0.015377 0.015377 0.015377 0.014881 0.014881 0.000000 0.000000 0.004464 0.007937 0.008433 0.013889 0.013889 0.000000 0.000000 0.000000 0.016369 0.017361 0.018849 0.020337 0.020337 0.022321 0.023313 0.023810 0.024802 0.026786 0.027282 0.026786 0.027778 0.027778 0.028770 0.029266 0.030258 0.030754 0.030754 0.030258 0.030754 0.030258 0.031250 0.032242 0.031250
0.005456 0.004960 0.008433 0.008433 0.008433 0.008433 0.009921 0.010417 0.010417 0.010417 0.010913 0.011409 0.012401 0.012401 0.012401 0.012897 0.012897 0.012897 0.013393 0.013889 0.015377 0.015377 0.015377 0.015377 0.015377 0.015377 0.015377 0.014881 0.000000 0.000000 0.005456 0.005456 0.007937 0.012897 0.013889 0.014881 0.015377 0.016369 0.016369 0.016865 0.018353 0.019841 0.019841 0.023313 0.024306 0.025298 0.025794 0.026786 0.027282 0.027778 0.029266 0.028770 0.030258 0.030754 0.031746 0.031746 0.030258 0.030258 0.030258 0.030754 0.032242 0.032738 0.031746
0.007440 0.007937 0.007937 0.008433 0.008433 0.006944 0.006448 0.010417 0.010417 0.010913 0.010913 0.011905 0.012401 0.012897 0.012897 0.013393 0.013393 0.013393 0.013393 0.014881 0.014881 0.015377 0.015377 0.015377 0.015377 0.015377 0.015873 0.014881 0.008433 0.005952 0.005952 0.006448 0.007440 0.012401 0.013393 0.013889 0.015377 0.015377 0.015873 0.017361 0.018353 0.019345 0.020833 0.023810 0.023810 0.024802 0.025794 0.026786 0.028274 0.028770 0.029762 0.030258 0.031250 0.032242 0.032242 0.031250 0.030258 0.030754 0.030258 0.030754 0.032738 0.032738 0.032738
0.007440 0.007937 0.007937 0.008433 0.008433 0.006448 0.006448 0.010417 0.010417 0.010913 0.010913 0.011905 0.012897 0.012897 0.012897 0.013393 0.013393 0.013393 0.014385 0.014881 0.014881 0.014881 0.014881 0.015377 0.015873 0.015873 0.015377 0.009425 0.008433 0.007937 0.006944 0.007440 0.007937 0.013393 0.013889 0.014385 0.015873 0.014385 0.012401 0.012401 0.016369 0.017857 0.020337 0.023810 0.024306 0.024802 0.026290 0.027282 0.028274 0.029266 0.030258 0.031250 0.032242 0.032738 0.032242 0.031250 0.030258 0.030258 0.031250 0.032242 0.033234 0.034226 0.033234
0.005456 0.005952 0.007937 0.007937 0.008433 0.006944 0.006448 0.009921 0.010417 0.010913 0.010913 0.011905 0.012897 0.012897 0.013393 0.013393 0.012897 0.013889 0.014385 0.015377 0.015377 0.015377 0.015873 0.015377 0.014881 0.015873 0.015377 0.012401 0.011905 0.009921 0.010417 0.010913 0.012401 0.012897 0.013889 0.014881 0.015377 0.012401 0.000000 0.015873 0.017361 0.018849 0.022321 0.024306 0.024802 0.026290 0.027282 0.028274 0.029266 0.029762 0.031250 0.031746 0.032242 0.032738 0.032242 0.026786 0.025794 0.027778 0.031250 0.034226 0.034722 0.034722 0.034722
0.005456 0.005952 0.007937 0.007937 0.007937 0.008929 0.009921 0.009921 0.010417 0.010913 0.010913 0.012401 0.012897 0.012897 0.013393 0.012897 0.013393 0.014385 0.014881 0.015377 0.015377 0.015873 0.015873 0.016369 0.015873 0.015377 0.015377 0.011905 0.009921 0.009921 0.011409 0.011409 0.011409 0.012401 0.014385 0.015377 0.015873 0.014881 0.000000 0.019345 0.019345 0.021825 0.023313 0.024306 0.025298 0.026290 0.028274 0.028770 0.030258 0.031250 0.031250 0.032738 0.033730 0.033234 0.032242 0.026786 0.026290 0.027778 0.033730 0.035218 0.035218 0.036210 0.035218
0.005952 0.005952 0.007937 0.007937 0.007937 0.008929 0.008929 0.009921 0.010913 0.010913 0.010913 0.012401 0.012897 0.013393 0.013393 0.013393 0.013393 0.013889 0.014385 0.015377 0.015873 0.015873 0.016369 0.015873 0.014881 0.011409 0.010913 0.008929 0.008433 0.010417 0.010913 0.011409 0.011409 0.011905 0.013889 0.015377 0.015873 0.000000 0.000000 0.019345 0.019345 0.022321 0.024802 0.025298 0.026786 0.027282 0.028274 0.030258 0.031746 0.032242 0.031746 0.033234 0.034226 0.034226 0.034226 0.029266 0.026786 0.035714 0.034722 0.035714 0.036210 0.036210 0.034722
0.007937 0.008433 0.008433 0.007937 0.007937 0.008433 0.008929 0.009425 0.010913 0.010913 0.011409 0.012401 0.012897 0.013889 0.013393 0.013393 0.013889 0.013889 0.013393 0.013889 0.015873 0.016369 0.016369 0.015377 0.014881 0.011409 0.008433 0.007937 0.007937 0.007937 0.010417 0.010913 0.008433 0.009921 0.011905 0.015873 0.016369 0.016865 0.017857 0.018849 0.020337 0.023810 0.025794 0.026290 0.026786 0.027282 0.029266 0.031250 0.032242 0.032242 0.032242 0.033234 0.033234 0.035714 0.034722 0.034226 0.034226 0.035714 0.035714 0.034722 0.034722 0.035218 0.026290
0.007937 0.008433 0.008433 0.007937 0.007937 0.008929 0.009425 0.009425 0.011409 0.011409 0.012401 0.012401 0.013393 0.013889 0.013889 0.013889 0.014385 0.012401 0.012401 0.014385 0.015377 0.015873 0.016369 0.014881 0.012897 0.010417 0.006448 0.005952 0.005952 0.007440 0.009921 0.010417 0.007937 0.008929 0.011409 0.015377 0.016369 0.016369 0.017857 0.019841 0.021825 0.023810 0.026290 0.026786 0.027282 0.028274 0.031746 0.031250 0.031746 0.032242 0.032738 0.031250 0.034226 0.034226 0.035714 0.034226 0.035218 0.035714 0.036210 0.035218 0.034722 0.034226 0.027282
0.007440 0.007937 0.008433 0.007937 0.008433 0.008433 0.009425 0.009425 0.010417 0.011905 0.012401 0.012897 0.013889 0.013889 0.013889 0.014385 0.014385 0.011905 0.011409 0.014385 0.015377 0.015873 0.010913 0.010417 0.009425 0.008433 0.006448 0.007440 0.007937 0.008929 0.009425 0.009921 0.008433 0.009921 0.014881 0.015873 0.016369 0.016865 0.018353 0.020337 0.022817 0.023313 0.026290 0.026786 0.028274 0.028770 0.031250 0.032242 0.032738 0.032738 0.019841 0.019345 0.034722 0.036210 0.034722 0.034226 0.034722 0.035218 0.035714 0.034226 0.034722 0.034226 0.027282
