FireSTARR/test/output/SLK/SLK007/2018-05-21_1921/wxshield_154_2018-06-03.asc
ncols         360
nrows         272
xllcorner     469043.378600
yllcorner     5667302.364000
cellsize      100.000000
NODATA_value  0.000000
[rows 168 to 195 of 272, columns 126 to 188 of 360]
0.005456 0.005952 0.006448 0.005952 0.005952 0.006448 0.006944 0.008929 0.010417 0.010913 0.011409 0.012897 0.013393 0.014881 0.016865 0.018353 0.019345 0.021825 0.023313 0.021329 0.021825 0.018849 0.000000 0.000000 0.020833 0.022321 0.022817 0.020833 0.024306 0.034722 0.035714 0.034722 0.036210 0.036706 0.035714 0.035714 0.036210 0.035714 0.036706 0.038194 0.042659 0.046627 0.051587 0.053571 0.056052 0.058036 0.060516 0.061508 0.063492 0.055060 0.055060 0.056052 0.067956 0.000000 0.000000 0.000000 0.013889 0.027778 0.043155 0.048611 0.059524 0.000000 0.042659
0.004464 0.004960 0.005456 0.005456 0.005456 0.005456 0.005952 0.007937 0.008929 0.009425 0.010417 0.011905 0.012401 0.012897 0.016369 0.018353 0.020337 0.020833 0.023313 0.019841 0.018849 0.018849 0.000000 0.000000 0.022817 0.022817 0.023810 0.021329 0.024306 0.035218 0.035714 0.036706 0.037202 0.037202 0.036210 0.033730 0.034722 0.035218 0.034722 0.036706 0.042659 0.046131 0.050099 0.054067 0.057044 0.059028 0.059524 0.063492 0.065476 0.065972 0.065476 0.068452 0.050595 0.000000 0.000000 0.000000 0.000000 0.035714 0.047123 0.062004 0.000000 0.000000 0.050099
0.004464 0.004464 0.004960 0.004960 0.005456 0.005456 0.005456 0.000000 0.000000 0.008433 0.008929 0.009425 0.010913 0.012897 0.013889 0.015377 0.018849 0.021329 0.024306 0.021329 0.022817 0.024802 0.000000 0.000000 0.024306 0.025298 0.025298 0.022321 0.025794 0.036210 0.037698 0.037698 0.038194 0.037202 0.027282 0.024802 0.026290 0.033234 0.033234 0.030258 0.040675 0.044643 0.049107 0.053571 0.057044 0.059028 0.061012 0.062500 0.064980 0.065972 0.067460 0.069444 0.052083 0.000000 0.000000 0.000000 0.000000 0.045139 0.048611 0.063988 0.000000 0.067956 0.069444
0.002976 0.000000 0.000000 0.000000 0.000000 0.000000 0.000000 0.000000 0.000000 0.008433 0.008929 0.008929 0.009921 0.011409 0.011905 0.014881 0.014881 0.016369 0.020833 0.027282 0.028770 0.030754 0.031250 0.000000 0.027282 0.027778 0.027282 0.025794 0.026290 0.037202 0.038194 0.038690 0.037698 0.037202 0.027282 0.019345 0.025298 0.032242 0.032242 0.030754 0.034226 0.039683 0.047619 0.054067 0.057540 0.060020 0.062996 0.062996 0.064980 0.066468 0.067956 0.070437 0.054563 0.000000 0.000000 0.000000 0.053571 0.052579 0.050595 0.065476 0.067956 0.069444 0.071429
0.000000 0.000000 0.000000 0.000000 0.000000 0.000000 0.000000 0.000000 0.000000 0.000000 0.007937 0.008929 0.009425 0.010417 0.010913 0.011905 0.010913 0.009921 0.020833 0.025298 0.028274 0.030258 0.031250 0.032738 0.033730 0.033234 0.034226 0.035714 0.036706 0.037698 0.039187 0.037202 0.037202 0.037202 0.026290 0.018849 0.024306 0.030754 0.033730 0.030754 0.033234 0.040179 0.047619 0.055060 0.058532 0.060516 0.063492 0.064484 0.065476 0.066964 0.068948 0.070933 0.072917 0.000000 0.000000 0.071925 0.071429 0.054067 0.051091 0.067460 0.070437 0.071925 0.070933
0.000000 0.000000 0.000000 0.000000 0.000000 0.000000 0.000000 0.000000 0.000000 0.000000 0.000000 0.008433 0.008929 0.009425 0.009425 0.009921 0.009921 0.009425 0.020337 0.023313 0.024802 0.027282 0.030754 0.032242 0.033730 0.033730 0.033730 0.036210 0.037698 0.037698 0.038690 0.036706 0.036706 0.036210 0.025794 0.020337 0.022321 0.023810 0.027778 0.034226 0.035714 0.039187 0.046627 0.055556 0.059524 0.061508 0.065476 0.065972 0.066468 0.067460 0.069940 0.071429 0.072917 0.074405 0.073909 0.073413 0.072421 0.052579 0.053075 0.071429 0.072421 0.072421 0.072421
0.000000 0.000000 0.000000 0.000000 0.000000 0.000000 0.000000 0.000000 0.000000 0.000000 0.005952 0.006448 0.006944 0.006448 0.007937 0.000000 0.008433 0.000000 0.000000 0.023313 0.023313 0.024306 0.025298 0.025298 0.033234 0.033730 0.035218 0.036706 0.037698 0.037202 0.035714 0.036210 0.036210 0.035714 0.023810 0.021329 0.018849 0.019345 0.027282 0.031746 0.034722 0.037202 0.045139 0.054563 0.059524 0.062004 0.065476 0.066468 0.067460 0.068948 0.069940 0.072917 0.073413 0.075397 0.075397 0.074405 0.058036 0.056052 0.058036 0.073909 0.073909 0.073413 0.072421
0.000000 0.000000 0.000000 0.000000 0.000000 0.000000 0.000000 0.000000 0.000000 0.000000 0.000000 0.000000 0.005456 0.000000 0.005952 0.000000 0.000000 0.000000 0.023313 0.023313 0.023810 0.024306 0.024306 0.025794 0.033234 0.033234 0.034722 0.037698 0.038194 0.028770 0.028770 0.036210 0.036706 0.034722 0.027282 0.021825 0.022321 0.021825 0.025794 0.031746 0.031746 0.036210 0.044147 0.053571 0.060516 0.062500 0.065972 0.064980 0.067956 0.068452 0.070933 0.073413 0.075893 0.076389 0.075893 0.075893 0.075397 0.075397 0.074901 0.074405 0.074901 0.073909 0.071925
0.000000 0.000000 0.000000 0.000000 0.000000 0.000000 0.000000 0.000000 0.000000 0.000000 0.000000 0.000000 0.000000 0.000000 0.000000 0.004960 0.000000 0.020337 0.022817 0.028274 0.028770 0.029266 0.031250 0.026290 0.032242 0.033234 0.035218 0.037698 0.039683 0.028274 0.029266 0.035714 0.034226 0.034722 0.027778 0.024306 0.024306 0.024306 0.027282 0.029762 0.029762 0.028770 0.041171 0.050099 0.056548 0.058532 0.066964 0.066468 0.067956 0.069444 0.071429 0.074405 0.077877 0.076885 0.077877 0.076885 0.075397 0.075893 0.074901 0.076389 0.075893 0.073909 0.071925
0.000000 0.000000 0.000000 0.000000 0.000000 0.000000 0.000000 0.000000 0.000000 0.000000 0.000000 0.000000 0.000000 0.000000 0.000000 0.000000 0.000000 0.000000 0.000000 0.027282 0.028770 0.030258 0.030754 0.030754 0.030754 0.032738 0.035714 0.039187 0.039187 0.038194 0.038194 0.029266 0.028770 0.029266 0.028274 0.028770 0.027282 0.030258 0.031250 0.028770 0.000000 0.000000 0.041171 0.050595 0.057540 0.059028 0.067956 0.067460 0.069444 0.069940 0.072917 0.075893 0.077877 0.078869 0.077381 0.076885 0.075893 0.076885 0.077381 0.076885 0.076389 0.075397 0.072421
0.000000 0.000000 0.000000 0.000000 0.000000 0.000000 0.000000 0.000000 0.000000 0.000000 0.000000 0.000000 0.000000 0.000000 0.000000 0.000000 0.000000 0.000000 0.000000 0.000000 0.028770 0.029266 0.028770 0.030754 0.030258 0.031250 0.035218 0.037202 0.037202 0.038194 0.040179 0.030258 0.029266 0.033234 0.034226 0.033234 0.035218 0.036706 0.031746 0.000000 0.000000 0.000000 0.050099 0.052083 0.068452 0.061508 0.068948 0.069444 0.069940 0.070933 0.073413 0.075397 0.078373 0.078373 0.078869 0.076885 0.077877 0.076885 0.077381 0.077381 0.075893 0.073413 0.071925
0.000000 0.000000 0.000000 0.000000 0.000000 0.000000 0.000000 0.000000 0.000000 0.000000 0.000000 0.000000 0.000000 0.000000 0.000000 0.000000 0.000000 0.028770 0.000000 0.030258 0.028274 0.025794 0.025298 0.027778 0.029762 0.029266 0.028770 0.029762 0.036706 0.038690 0.040675 0.032242 0.031250 0.035714 0.036706 0.034226 0.041171 0.040675 0.000000 0.000000 0.000000 0.000000 0.064484 0.068948 0.069444 0.067956 0.068948 0.068452 0.069940 0.069444 0.072917 0.000000 0.077381 0.078373 0.078869 0.078869 0.077877 0.078373 0.077877 0.077381 0.074405 0.072421 0.068948
0.000000 0.000000 0.000000 0.000000 0.000000 0.000000 0.000000 0.000000 0.000000 0.000000 0.000000 0.000000 0.000000 0.000000 0.000000 0.000000 0.000000 0.029762 0.030754 0.030754 0.028274 0.027778 0.027282 0.027778 0.027778 0.027282 0.026290 0.029762 0.037202 0.039187 0.037202 0.042163 0.042659 0.041171 0.039187 0.040675 0.049603 0.049107 0.000000 0.000000 0.000000 0.061508 0.067460 0.068948 0.068452 0.067460 0.067956 0.068452 0.068452 0.069940 0.073909 0.076885 0.078373 0.078373 0.080853 0.077877 0.079365 0.079365 0.077877 0.074901 0.071925 0.069444 0.067956
0.000000 0.000000 0.000000 0.000000 0.000000 0.000000 0.000000 0.000000 0.000000 0.000000 0.000000 0.000000 0.000000 0.000000 0.000000 0.000000 0.000000 0.027778 0.030754 0.031250 0.031746 0.031746 0.028274 0.027282 0.026786 0.026290 0.025794 0.034226 0.038690 0.039187 0.038194 0.043155 0.041667 0.040179 0.041667 0.042163 0.050099 0.048115 0.000000 0.000000 0.000000 0.062996 0.066964 0.064980 0.066468 0.066964 0.068452 0.068452 0.064980 0.066468 0.073909 0.078373 0.079365 0.079861 0.082341 0.079861 0.079861 0.078869 0.074901 0.071429 0.067956 0.066964 0.067956
0.000000 0.000000 0.000000 0.000000 0.000000 0.000000 0.000000 0.000000 0.000000 0.000000 0.000000 0.000000 0.000000 0.000000 0.000000 0.000000 0.000000 0.025298 0.029266 0.030754 0.031250 0.031250 0.029762 0.029266 0.028770 0.028770 0.026786 0.033234 0.045635 0.045635 0.044643 0.044147 0.042163 0.041171 0.039187 0.042659 0.049603 0.049107 0.045139 0.000000 0.000000 0.064980 0.067956 0.067460 0.068948 0.067460 0.069940 0.067956 0.069444 0.069444 0.068452 0.078869 0.081349 0.082837 0.083829 0.080357 0.070933 0.070933 0.063988 0.060516 0.060020 0.067956 0.067956
0.000000 0.000000 0.000000 0.000000 0.000000 0.000000 0.000000 0.000000 0.000000 0.000000 0.000000 0.000000 0.000000 0.000000 0.000000 0.000000 0.023313 0.024802 0.026786 0.027282 0.030754 0.027778 0.026786 0.028770 0.028770 0.027282 0.030258 0.033234 0.045139 0.046131 0.042659 0.045139 0.043651 0.039683 0.038690 0.040675 0.049107 0.050595 0.000000 0.000000 0.062996 0.066468 0.070437 0.072917 0.067956 0.068948 0.070437 0.070437 0.069940 0.070933 0.072421 0.081845 0.081845 0.083333 0.083333 0.080357 0.070933 0.070933 0.062500 0.056548 0.059524 0.066964 0.067956
0.000000 0.000000 0.000000 0.000000 0.000000 0.000000 0.000000 0.000000 0.000000 0.000000 0.000000 0.000000 0.000000 0.009921 0.000000 0.017857 0.022321 0.022321 0.023313 0.025298 0.000000 0.000000 0.000000 0.028770 0.027778 0.027778 0.031250 0.033730 0.044147 0.046131 0.041667 0.042163 0.042163 0.039187 0.039187 0.050099 0.049107 0.050595 0.000000 0.058036 0.062996 0.069444 0.072917 0.073909 0.076389 0.076389 0.075893 0.078373 0.078869 0.081845 0.082341 0.082837 0.083333 0.082837 0.080853 0.080357 0.069444 0.068452 0.062996 0.061508 0.059028 0.068452 0.068452
0.000000 0.000000 0.000000 0.000000 0.000000 0.000000 0.000000 0.000000 0.000000 0.000000 0.000000 0.000000 0.000000 0.013393 0.000000 0.000000 0.020833 0.022321 0.022817 0.025298 0.000000 0.000000 0.000000 0.026290 0.026786 0.030258 0.032738 0.035218 0.041667 0.042163 0.047619 0.048611 0.051091 0.052083 0.054067 0.051587 0.048611 0.051091 0.000000 0.059524 0.064484 0.070933 0.072421 0.075893 0.077381 0.077381 0.076885 0.077877 0.082341 0.081845 0.083333 0.082837 0.083333 0.084821 0.081845 0.080357 0.078869 0.074901 0.073909 0.069444 0.069444 0.068452 0.068452
0.000000 0.000000 0.000000 0.000000 0.000000 0.000000 0.000000 0.000000 0.000000 0.000000 0.000000 0.000000 0.000000 0.018849 0.020337 0.018849 0.020337 0.018849 0.000000 0.000000 0.027282 0.027282 0.000000 0.026786 0.034722 0.035714 0.035218 0.035218 0.042163 0.042659 0.047123 0.048611 0.050595 0.053075 0.054563 0.053075 0.050099 0.054067 0.057044 0.061508 0.066964 0.070437 0.073413 0.076885 0.078869 0.078869 0.078373 0.078373 0.081349 0.081845 0.083829 0.082837 0.085317 0.084325 0.081845 0.079365 0.076389 0.072917 0.071925 0.069444 0.067956 0.067460 0.065476
0.000000 0.000000 0.000000 0.000000 0.000000 0.000000 0.000000 0.000000 0.000000 0.014881 0.016865 0.000000 0.022817 0.023810 0.020337 0.020833 0.020337 0.015873 0.000000 0.000000 0.023810 0.026290 0.029762 0.026290 0.033234 0.044147 0.044643 0.046627 0.047123 0.048115 0.042163 0.044643 0.046627 0.052579 0.054067 0.055060 0.053075 0.055060 0.055556 0.062004 0.067460 0.071429 0.075893 0.077381 0.078869 0.079861 0.078869 0.078869 0.081845 0.083333 0.084325 0.085813 0.085317 0.083829 0.082837 0.077877 0.072917 0.069940 0.069444 0.068452 0.059028 0.058036 0.060020
0.000000 0.000000 0.000000 0.000000 0.000000 0.000000 0.000000 0.000000 0.000000 0.000000 0.000000 0.022321 0.022817 0.024306 0.025298 0.024802 0.020833 0.000000 0.000000 0.000000 0.023313 0.024802 0.025298 0.025298 0.033234 0.043651 0.045139 0.046627 0.048115 0.048115 0.042659 0.045635 0.046131 0.053075 0.055060 0.057540 0.054067 0.053571 0.055060 0.060020 0.063988 0.071925 0.076389 0.077877 0.079861 0.079365 0.076389 0.078869 0.083829 0.085317 0.086310 0.086806 0.084821 0.082837 0.079861 0.072421 0.070437 0.069444 0.068948 0.065972 0.059028 0.055060 0.053075
0.000000 0.000000 0.000000 0.000000 0.000000 0.000000 0.000000 0.000000 0.000000 0.000000 0.000000 0.023313 0.022817 0.023313 0.024306 0.025298 0.025298 0.021329 0.018849 0.020833 0.022321 0.022321 0.023313 0.026290 0.033234 0.041667 0.044147 0.046131 0.048611 0.049603 0.043651 0.043651 0.053075 0.054067 0.056548 0.058532 0.058036 0.055060 0.055556 0.056052 0.061508 0.071925 0.076389 0.078869 0.080853 0.067460 0.068452 0.071429 0.086310 0.087302 0.087302 0.085813 0.083829 0.071925 0.064980 0.068948 0.068948 0.066964 0.066468 0.065972 0.058532 0.054563 0.053571
0.000000 0.000000 0.000000 0.000000 0.000000 0.000000 0.000000 0.000000 0.000000 0.000000 0.000000 0.022321 0.023810 0.024306 0.024802 0.025794 0.025794 0.021825 0.021825 0.022321 0.022321 0.022817 0.022817 0.023313 0.034226 0.040675 0.042659 0.045139 0.047619 0.051091 0.052579 0.053571 0.045139 0.050595 0.050099 0.057044 0.058532 0.055060 0.055556 0.056548 0.060020 0.071429 0.077381 0.080357 0.082341 0.069940 0.072421 0.088294 0.086310 0.087798 0.087798 0.085813 0.072917 0.067460 0.062500 0.067460 0.066964 0.067460 0.067460 0.066468 0.000000 0.062004 0.062004
0.000000 0.000000 0.000000 0.000000 0.000000 0.000000 0.000000 0.000000 0.000000 0.000000 0.000000 0.021329 0.023810 0.024802 0.027282 0.027282 0.025794 0.026786 0.026786 0.025794 0.021825 0.024802 0.024802 0.027778 0.033234 0.039187 0.040675 0.043651 0.048115 0.052083 0.053571 0.055060 0.047619 0.048611 0.050099 0.058036 0.059028 0.055060 0.054563 0.054563 0.051091 0.062004 0.076389 0.079365 0.081845 0.086310 0.087302 0.086310 0.087798 0.087302 0.086806 0.086806 0.071925 0.061012 0.062996 0.066964 0.067956 0.067460 0.066964 0.066468 0.066468 0.061012 0.000000
0.000000 0.000000 0.000000 0.000000 0.000000 0.000000 0.000000 0.000000 0.000000 0.000000 0.000000 0.020337 0.022321 0.024802 0.027282 0.027282 0.027778 0.027282 0.027282 0.025298 0.021825 0.024802 0.029266 0.030258 0.031746 0.033234 0.035218 0.038690 0.042659 0.043651 0.054067 0.056548 0.055060 0.050099 0.052579 0.058532 0.061012 0.058036 0.055060 0.052083 0.000000 0.062500 0.075397 0.079861 0.082837 0.087302 0.087798 0.085813 0.087302 0.087302 0.086310 0.085317 0.070933 0.061012 0.062996 0.069444 0.067956 0.067956 0.066468 0.063492 0.060516 0.060020 0.051587
0.000000 0.000000 0.000000 0.000000 0.000000 0.000000 0.000000 0.000000 0.000000 0.000000 0.000000 0.000000 0.022321 0.023313 0.025298 0.027778 0.027778 0.028274 0.028274 0.022321 0.023810 0.024802 0.029266 0.029266 0.028274 0.027282 0.034722 0.040675 0.044147 0.045635 0.053571 0.056052 0.056052 0.057540 0.058532 0.060020 0.061508 0.059524 0.053571 0.000000 0.000000 0.070933 0.076885 0.081845 0.086310 0.088790 0.088294 0.087798 0.088294 0.086310 0.085813 0.084325 0.066964 0.064980 0.064484 0.069940 0.068948 0.065476 0.062004 0.060020 0.052579 0.048611 0.046627
0.000000 0.000000 0.000000 0.000000 0.000000 0.000000 0.000000 0.000000 0.000000 0.000000 0.000000 0.000000 0.022321 0.022321 0.023313 0.025298 0.026786 0.000000 0.028770 0.029266 0.031250 0.030754 0.024802 0.024306 0.024306 0.026786 0.033730 0.037698 0.042659 0.054067 0.054563 0.055060 0.056548 0.057044 0.059524 0.061508 0.062004 0.062996 0.000000 0.000000 0.068452 0.072917 0.078869 0.083333 0.086310 0.088790 0.088790 0.088294 0.086806 0.084821 0.083829 0.077877 0.076389 0.071429 0.070933 0.067956 0.064980 0.061508 0.058036 0.055556 0.046131 0.039683 0.000000
0.000000 0.000000 0.000000 0.000000 0.000000 0.000000 0.000000 0.000000 0.000000 0.000000 0.000000 0.000000 0.022321 0.023810 0.022817 0.000000 0.000000 0.029762 0.029762 0.030258 0.031250 0.031746 0.025298 0.022321 0.024802 0.027778 0.033234 0.042659 0.044147 0.048115 0.052579 0.055060 0.055556 0.058036 0.061012 0.060516 0.065476 0.064484 0.000000 0.065972 0.072421 0.073909 0.078869 0.084821 0.088294 0.089782 0.088294 0.086806 0.086310 0.084325 0.079365 0.076389 0.071429 0.069940 0.066964 0.064980 0.060020 0.057044 0.054067 0.049603 0.000000 0.000000 0.000000
