FireSTARR/test/output/SLK/SLK007/2018-05-21_1921/wxshield_143_2018-05-23.asc
ncols         36
nrows         36
xllcorner     483543.378600
yllcorner     5672402.364000
cellsize      100.000000
NODATA_value  0.000000
0.000000 0.000000 0.000000 0.000000 0.000000 0.000000 0.000000 0.000000 0.000000 0.000000 0.000000 0.000000 0.000000 0.000000 0.000000 0.000000 0.000000 0.000000 0.000000 0.000000 0.000496 0.000496 0.000496 0.000496 0.000496 0.000000 0.000000 0.000000 0.000000 0.000000 0.000000 0.000000 0.000000 0.000000 0.000000 0.000000 
0.000000 0.000000 0.000000 0.000000 0.000000 0.000000 0.000000 0.000000 0.000000 0.000000 0.000000 0.000000 0.000000 0.000000 0.000000 0.000000 0.000496 0.000496 0.000496 0.000496 0.000496 0.000496 0.000496 0.000496 0.000496 0.000496 0.000496 0.000000 0.000000 0.000000 0.000000 0.000000 0.000000 0.000000 0.000000 0.000000 
0.000000 0.000000 0.000000 0.000000 0.000000 0.000000 0.000000 0.000000 0.000000 0.000000 0.000000 0.000000 0.000000 0.000000 0.000000 0.000992 0.000992 0.000992 0.000992 0.000992 0.000992 0.000992 0.000992 0.000992 0.000496 0.000496 0.000496 0.000496 0.000496 0.000496 0.000992 0.000000 0.000000 0.000000 0.000000 0.000000 
0.000000 0.000000 0.000000 0.000000 0.000000 0.000000 0.000000 0.000496 0.000496 0.000496 0.000496 0.000000 0.000496 0.000496 0.000992 0.000992 0.000992 0.000992 0.001488 0.001488 0.001488 0.001488 0.000992 0.000992 0.000992 0.000992 0.000496 0.000496 0.000496 0.000992 0.000992 0.000992 0.000000 0.000000 0.000000 0.000000 
0.000000 0.000000 0.000000 0.000000 0.000000 0.000000 0.000496 0.000496 0.000496 0.000496 0.000992 0.000496 0.000496 0.000496 0.000992 0.000992 0.001488 0.001984 0.001984 0.001984 0.001488 0.001488 0.001488 0.000992 0.000992 0.000992 0.000992 0.000992 0.000992 0.001488 0.001488 0.001488 0.001488 0.000496 0.000000 0.000000 
0.000000 0.000000 0.000000 0.000000 0.000000 0.000000 0.000496 0.000496 0.000496 0.000992 0.000992 0.001488 0.001488 0.000496 0.000992 0.001488 0.002480 0.002480 0.001984 0.001984 0.001984 0.001488 0.002480 0.001984 0.001488 0.000992 0.000992 0.000992 0.001488 0.001488 0.001488 0.001488 0.001488 0.000496 0.000000 0.000000 
0.000000 0.000000 0.000000 0.000000 0.000000 0.000000 0.000496 0.000496 0.000992 0.000992 0.000992 0.001984 0.001984 0.001488 0.001488 0.001984 0.002976 0.002480 0.002976 0.002480 0.002976 0.001488 0.001984 0.002480 0.001984 0.001984 0.001488 0.001488 0.001488 0.001488 0.001488 0.001488 0.001488 0.000496 0.000000 0.000000 
0.000000 0.000000 0.000000 0.000000 0.000000 0.000000 0.000000 0.000000 0.000992 0.000992 0.001488 0.001984 0.002480 0.002976 0.002480 0.003968 0.003968 0.003472 0.003472 0.003472 0.002976 0.000000 0.002480 0.003472 0.003472 0.003472 0.002976 0.002480 0.001984 0.001488 0.001488 0.001488 0.001488 0.000496 0.000000 0.000000 
0.000000 0.000000 0.000000 0.000000 0.000000 0.000000 0.000000 0.000000 0.000496 0.001488 0.001488 0.002480 0.002480 0.002976 0.003472 0.003968 0.004464 0.004464 0.003968 0.003968 0.000000 0.000000 0.004464 0.004960 0.004464 0.004464 0.003472 0.002976 0.002480 0.002480 0.001488 0.001488 0.001488 0.000496 0.000496 0.000000 
0.000000 0.000000 0.000000 0.000000 0.000000 0.000000 0.000000 0.000496 0.000496 0.001488 0.002976 0.002976 0.003968 0.004464 0.004960 0.004960 0.004960 0.005456 0.005456 0.000000 0.000000 0.004960 0.005456 0.004960 0.004960 0.004960 0.004464 0.003968 0.002480 0.002480 0.001984 0.001488 0.001488 0.001488 0.001488 0.000496 
0.000000 0.000496 0.000496 0.000000 0.000000 0.000000 0.000000 0.000496 0.001488 0.002480 0.003472 0.003472 0.004464 0.004960 0.004960 0.004960 0.005952 0.007440 0.007440 0.000000 0.005456 0.005456 0.006944 0.006448 0.005952 0.004960 0.004464 0.004464 0.003472 0.003472 0.002480 0.001984 0.001488 0.001488 0.001488 0.000992 
0.000000 0.000496 0.000496 0.000000 0.000000 0.000496 0.000496 0.000496 0.001984 0.002480 0.003472 0.003472 0.004960 0.004960 0.004960 0.004960 0.006944 0.007440 0.007937 0.000000 0.004960 0.004464 0.004464 0.006944 0.006448 0.005952 0.004464 0.004464 0.003968 0.002976 0.002480 0.002480 0.001488 0.001488 0.001488 0.000992 
0.000000 0.000496 0.000496 0.000496 0.000496 0.000992 0.000992 0.000992 0.002480 0.002480 0.002480 0.003968 0.004960 0.004960 0.004960 0.005952 0.007440 0.007937 0.008433 0.008929 0.006944 0.006944 0.007440 0.008433 0.006944 0.006448 0.005456 0.004464 0.003968 0.003472 0.002976 0.002480 0.001488 0.001488 0.001488 0.000496 
0.000496 0.000496 0.000496 0.000496 0.000496 0.000992 0.000992 0.000992 0.001984 0.002480 0.003472 0.004464 0.004960 0.002480 0.002976 0.006944 0.007440 0.008433 0.008433 0.008929 0.009921 0.009921 0.009425 0.007440 0.007440 0.006448 0.005456 0.004464 0.003968 0.003472 0.002976 0.002976 0.001984 0.001488 0.001488 0.000496 
0.000000 0.000496 0.000496 0.000496 0.000496 0.000992 0.000992 0.001488 0.001984 0.002480 0.003472 0.003968 0.004464 0.002480 0.002976 0.006944 0.007440 0.008433 0.010913 0.010913 0.011409 0.011409 0.011409 0.007937 0.006944 0.005456 0.003472 0.003472 0.002480 0.001984 0.002976 0.002976 0.001488 0.001488 0.000496 0.000496 
0.000496 0.000496 0.000496 0.000496 0.000496 0.000496 0.000992 0.000992 0.001984 0.001984 0.003968 0.003968 0.004464 0.004960 0.005952 0.003472 0.003968 0.000000 0.000000 0.011905 0.012897 0.012897 0.012401 0.008929 0.006944 0.004960 0.001984 0.000000 0.000496 0.000992 0.002480 0.002480 0.000992 0.000992 0.000992 0.000496 
0.000496 0.000496 0.000496 0.000496 0.000496 0.000496 0.000992 0.000992 0.001984 0.002976 0.003968 0.003968 0.004464 0.004464 0.004960 0.002480 0.000000 0.000000 0.000000 0.000000 0.013889 0.014881 0.008929 0.006448 0.006448 0.004464 0.000000 0.000000 0.000000 0.000000 0.000496 0.000992 0.000992 0.000496 0.000496 0.000000 
0.000496 0.000496 0.000496 0.000496 0.000496 0.000496 0.000496 0.000992 0.001488 0.002976 0.002976 0.003472 0.003968 0.004464 0.003472 0.002480 0.002480 0.000000 0.000000 0.000000 0.015377 0.016369 0.011409 0.013889 0.027778 0.000000 0.000000 0.000000 0.000000 0.000000 0.000000 0.000000 0.000000 0.000000 0.000000 0.000000 
0.000496 0.000496 0.000496 0.000496 0.000496 0.000496 0.000496 0.000992 0.001984 0.002480 0.002480 0.003472 0.003472 0.002976 0.003472 0.003472 0.002976 0.002480 0.002976 0.007937 0.015873 0.016865 0.017857 0.020337 1.000000 0.000000 0.000000 0.000000 0.000000 0.000000 0.000000 0.000000 0.000000 0.000000 0.000000 0.000000 
0.000000 0.000496 0.000496 0.000496 0.000496 0.000496 0.000496 0.000992 0.001984 0.001984 0.002976 0.002976 0.003472 0.003472 0.003968 0.003968 0.004960 0.002480 0.002480 0.007937 0.014881 0.016369 0.017857 0.000000 0.000000 0.000000 0.000000 0.000000 0.000000 0.000000 0.000000 0.000000 0.000000 0.000000 0.000000 0.000000 
0.000000 0.000496 0.000496 0.000496 0.000496 0.000496 0.000496 0.000992 0.001984 0.002976 0.002976 0.003472 0.003968 0.003968 0.003968 0.005456 0.005456 0.004464 0.005952 0.007440 0.014881 0.016369 0.016369 0.000000 0.000000 0.000000 0.000000 0.000000 0.000000 0.000000 0.000000 0.000000 0.000000 0.000000 0.000000 0.000000 
0.000000 0.000496 0.000496 0.000496 0.000496 0.000496 0.000496 0.000992 0.001984 0.002480 0.002976 0.002976 0.003968 0.003968 0.004464 0.005952 0.006448 0.004464 0.006944 0.012401 0.014881 0.014881 0.015377 0.000000 0.000000 0.000000 0.000000 0.000000 0.000000 0.000000 0.000000 0.000000 0.000000 0.000000 0.000000 0.000000 
0.000000 0.000000 0.000496 0.000496 0.000496 0.000496 0.000496 0.000992 0.001984 0.002480 0.002976 0.002976 0.003968 0.003968 0.004960 0.006448 0.006944 0.005952 0.007440 0.012401 0.013393 0.013889 0.013889 0.013393 0.005952 0.000000 0.000000 0.000000 0.000000 0.000000 0.000000 0.000000 0.000000 0.000000 0.000000 0.000000 
0.000000 0.000000 0.000496 0.000496 0.000496 0.000496 0.000496 0.000992 0.001984 0.000000 0.002976 0.002976 0.002480 0.002480 0.004960 0.006448 0.007440 0.009425 0.009921 0.005456 0.005456 0.005952 0.006448 0.011409 0.005952 0.000992 0.000000 0.000000 0.000000 0.000000 0.000000 0.000000 0.000000 0.000000 0.000000 0.000000 
0.000000 0.000000 0.000496 0.000496 0.000496 0.000496 0.000496 0.000992 0.001488 0.002480 0.002480 0.002480 0.002480 0.002480 0.004960 0.005952 0.006448 0.007937 0.008433 0.003968 0.000992 0.000992 0.005456 0.005456 0.004960 0.000496 0.000000 0.000000 0.000000 0.000000 0.000000 0.000000 0.000000 0.000000 0.000000 0.000000 
0.000000 0.000000 0.000000 0.000496 0.000496 0.000496 0.000496 0.000992 0.001488 0.001984 0.002480 0.001984 0.003968 0.004464 0.004960 0.005456 0.005952 0.006944 0.007937 0.002976 0.002976 0.002480 0.001488 0.000992 0.000496 0.000000 0.000000 0.000000 0.000000 0.000000 0.000000 0.000000 0.000000 0.000000 0.000000 0.000000 
0.000000 0.000000 0.000000 0.000496 0.000496 0.000496 0.000496 0.000496 0.001488 0.001488 0.002480 0.002480 0.003472 0.004464 0.004464 0.004464 0.004960 0.005952 0.006944 0.004960 0.004464 0.003968 0.001488 0.000496 0.000000 0.000000 0.000000 0.000000 0.000000 0.000000 0.000000 0.000000 0.000000 0.000000 0.000000 0.000000 
0.000000 0.000000 0.000000 0.000000 0.000496 0.000496 0.000992 0.000992 0.001488 0.001488 0.001984 0.002480 0.002480 0.003472 0.003968 0.003968 0.004464 0.005456 0.004464 0.000000 0.000000 0.002480 0.001488 0.000000 0.000000 0.000000 0.000000 0.000000 0.000000 0.000000 0.000000 0.000000 0.000000 0.000000 0.000000 0.000000 
0.000000 0.000000 0.000000 0.000000 0.000000 0.000496 0.000992 0.000992 0.001488 0.001488 0.001984 0.001984 0.002480 0.002480 0.003472 0.003968 0.003472 0.002976 0.002976 0.000000 0.000000 0.000000 0.000000 0.000000 0.000000 0.000000 0.000000 0.000000 0.000000 0.000000 0.000000 0.000000 0.000000 0.000000 0.000000 0.000000 
0.000000 0.000000 0.000000 0.000000 0.000496 0.000496 0.000992 0.000992 0.000992 0.001488 0.001488 0.001488 0.000000 0.001984 0.002976 0.003472 0.002976 0.002976 0.000000 0.000000 0.000000 0.000000 0.000000 0.000000 0.000000 0.000000 0.000000 0.000000 0.000000 0.000000 0.000000 0.000000 0.000000 0.000000 0.000000 0.000000 
0.000000 0.000000 0.000000 0.000000 0.000000 0.000496 0.000496 0.000496 0.000496 0.001488 0.000992 0.000000 0.000000 0.001488 0.001984 0.001488 0.002480 0.002480 0.000000 0.000000 0.000000 0.000000 0.000000 0.000000 0.000000 0.000000 0.000000 0.000000 0.000000 0.000000 0.000000 0.000000 0.000000 0.000000 0.000000 0.000000 
0.000000 0.000000 0.000000 0.000000 0.000000 0.000000 0.000000 0.000000 0.000000 0.000496 0.000992 0.000000 0.000000 0.000000 0.000992 0.000992 0.001488 0.000000 0.000000 0.000000 0.000000 0.000000 0.000000 0.000000 0.000000 0.000000 0.000000 0.000000 0.000000 0.000000 0.000000 0.000000 0.000000 0.000000 0.000000 0.000000 
0.000000 0.000000 0.000000 0.000000 0.000000 0.000000 0.000000 0.000000 0.000000 0.000000 0.000000 0.000000 0.000000 0.000000 0.000992 0.000992 0.000992 0.000000 0.000000 0.000000 0.000000 0.000000 0.000000 0.000000 0.000000 0.000000 0.000000 0.000000 0.000000 0.000000 0.000000 0.000000 0.000000 0.000000 0.000000 0.000000 
0.000000 0.000000 0.000000 0.000000 0.000000 0.000000 0.000000 0.000000 0.000000 0.000000 0.000000 0.000000 0.000000 0.000000 0.000992 0.000992 0.000992 0.000992 0.000000 0.000000 0.000000 0.000000 0.000000 0.000000 0.000000 0.000000 0.000000 0.000000 0.000000 0.000000 0.000000 0.000000 0.000000 0.000000 0.000000 0.000000 
0.000000 0.000000 0.000000 0.000000 0.000000 0.000000 0.000000 0.000000 0.000000 0.000000 0.000000 0.000000 0.000000 0.000992 0.000992 0.000992 0.000992 0.000000 0.000000 0.000000 0.000000 0.000000 0.000000 0.000000 0.000000 0.000000 0.000000 0.000000 0.000000 0.000000 0.000000 0.000000 0.000000 0.000000 0.000000 0.000000 
0.000000 0.000000 0.000000 0.000000 0.000000 0.000000 0.000000 0.000000 0.000000 0.000000 0.000000 0.000000 0.000000 0.000000 0.000000 0.000992 0.000992 0.000000 0.000000 0.000000 0.000000 0.000000 0.000000 0.000000 0.000000 0.000000 0.000000 0.000000 0.000000 0.000000 0.000000 0.000000 0.000000 0.000000 0.000000 0.000000 
