FireSTARR/test/output/SLK/SLK007/2018-05-21_1921/wxshield_154_2018-06-03.asc
ncols         360
nrows         272
xllcorner     469043.378600
yllcorner     5667302.364000
cellsize      100.000000
NODATA_value  0.000000
[rows 168 to 195 of 272, columns 189 to 251 of 360]
0.048115 0.049603 0.065972 0.066468 0.065972 0.065972 0.064484 0.063492 0.062996 0.062004 0.046627 0.046627 0.045635 0.046627 0.059524 0.059028 0.058036 0.055060 0.054067 0.048611 0.046627 0.045635 0.044643 0.044643 0.040675 0.039187 0.036706 0.034226 0.033730 0.032242 0.030754 0.030258 0.000000 0.000000 0.000000 0.012897 0.014385 0.016865 0.017857 0.017857 0.018353 0.018849 0.017857 0.017857 0.018849 0.019345 0.018849 0.018353 0.017361 0.016369 0.016369 0.015873 0.014385 0.013889 0.013393 0.000000 0.000000 0.004960 0.006448 0.007937 0.008929 0.008929 0.008929
0.050595 0.068948 0.068948 0.067460 0.066964 0.065476 0.063492 0.062996 0.063988 0.062004 0.061012 0.060516 0.060020 0.060020 0.059028 0.058532 0.057044 0.043651 0.041667 0.043651 0.043651 0.043651 0.041667 0.038690 0.037202 0.036210 0.032738 0.030754 0.030258 0.029762 0.028770 0.027282 0.000000 0.000000 0.000000 0.015377 0.016865 0.017361 0.017857 0.017361 0.018353 0.018849 0.018849 0.018849 0.019345 0.018849 0.017857 0.017361 0.015873 0.016369 0.015873 0.015377 0.014385 0.013889 0.013393 0.000000 0.000000 0.005952 0.006448 0.007440 0.008433 0.008433 0.008929
0.070933 0.069444 0.068948 0.067956 0.065972 0.065476 0.063492 0.064484 0.063492 0.062996 0.061012 0.060516 0.060516 0.058036 0.058036 0.058532 0.044147 0.043155 0.037698 0.038690 0.037698 0.035218 0.035218 0.035714 0.034722 0.032242 0.030258 0.028770 0.028274 0.028274 0.027778 0.026786 0.025794 0.000000 0.000000 0.017857 0.017361 0.018353 0.018849 0.018849 0.018353 0.018849 0.018849 0.018353 0.018849 0.019345 0.018353 0.018353 0.016369 0.016865 0.016369 0.016369 0.014881 0.014385 0.014385 0.000000 0.006944 0.006944 0.007440 0.007440 0.007937 0.007937 0.007937
0.070933 0.069940 0.068452 0.067460 0.066964 0.066468 0.064980 0.063492 0.062996 0.062996 0.061012 0.060020 0.058036 0.057540 0.057044 0.056052 0.044643 0.038690 0.034722 0.031746 0.031746 0.032738 0.031250 0.030754 0.031250 0.029762 0.028274 0.027778 0.025794 0.024306 0.023810 0.023313 0.022817 0.000000 0.019841 0.019841 0.018849 0.018849 0.019841 0.018849 0.019345 0.018849 0.018849 0.018849 0.018353 0.018353 0.018353 0.018353 0.017857 0.017361 0.016369 0.015873 0.000000 0.011905 0.000000 0.000000 0.008433 0.007937 0.007440 0.007937 0.007937 0.007937 0.007937
0.069940 0.069444 0.068452 0.068452 0.066964 0.065476 0.065476 0.062996 0.062500 0.062004 0.060516 0.059028 0.056548 0.057540 0.055556 0.056548 0.044643 0.036210 0.030258 0.024306 0.026290 0.026290 0.026290 0.023313 0.020833 0.019841 0.023313 0.022817 0.022321 0.021825 0.021329 0.021329 0.021825 0.020337 0.020337 0.019841 0.019345 0.019841 0.018849 0.018849 0.018353 0.018353 0.018849 0.018353 0.018353 0.018849 0.018353 0.000000 0.000000 0.000000 0.000000 0.000000 0.000000 0.008929 0.008929 0.007937 0.007937 0.007937 0.007440 0.007937 0.007937 0.007937 0.007937
0.070933 0.069444 0.067956 0.067460 0.065972 0.064980 0.063988 0.063492 0.062500 0.062500 0.061508 0.057540 0.057044 0.055060 0.056052 0.057044 0.045139 0.000000 0.000000 0.022817 0.022321 0.019841 0.015873 0.014385 0.014881 0.014881 0.017361 0.017857 0.019345 0.018849 0.018849 0.016369 0.016369 0.015377 0.018353 0.017857 0.014881 0.016865 0.016865 0.016865 0.016865 0.016369 0.016369 0.016369 0.015873 0.000000 0.000000 0.000000 0.000000 0.000000 0.000000 0.002480 0.004960 0.006944 0.008929 0.007937 0.007440 0.007937 0.007440 0.007937 0.007937 0.007937 0.007937
0.070933 0.067956 0.065972 0.064980 0.064484 0.065476 0.064980 0.064980 0.064484 0.061012 0.056052 0.055060 0.055060 0.057044 0.057044 0.056548 0.044643 0.033234 0.027778 0.022321 0.015873 0.012401 0.000000 0.000000 0.008929 0.012401 0.014881 0.014881 0.016369 0.016865 0.015377 0.012401 0.010913 0.011905 0.014385 0.015377 0.013889 0.012897 0.013393 0.014881 0.015377 0.013393 0.000000 0.000000 0.000000 0.000000 0.000000 0.000000 0.004464 0.004960 0.004960 0.004464 0.005456 0.006448 0.008433 0.008433 0.007440 0.007937 0.007440 0.007440 0.007440 0.007440 0.007440
0.069444 0.068948 0.066964 0.064980 0.065476 0.065972 0.065476 0.065476 0.063988 0.000000 0.000000 0.052083 0.056548 0.056052 0.054563 0.054067 0.045139 0.029266 0.023810 0.000000 0.005952 0.005456 0.000000 0.000000 0.011905 0.013393 0.013889 0.013393 0.014385 0.015377 0.014881 0.012401 0.010417 0.011905 0.012897 0.013393 0.011409 0.011905 0.012897 0.014385 0.000000 0.012401 0.009921 0.000000 0.000000 0.002976 0.002976 0.003968 0.004464 0.004960 0.004960 0.004464 0.006448 0.007440 0.007937 0.007937 0.007937 0.007440 0.006944 0.006944 0.007440 0.007440 0.006944
0.069940 0.068948 0.067460 0.066964 0.065972 0.066468 0.064980 0.065972 0.063988 0.000000 0.000000 0.055556 0.057540 0.045139 0.043155 0.046627 0.038194 0.025298 0.000000 0.000000 0.000000 0.000000 0.000000 0.000000 0.010913 0.012897 0.013393 0.012401 0.013393 0.013393 0.013889 0.010913 0.010417 0.010913 0.010913 0.010913 0.000000 0.000000 0.000000 0.000000 0.000000 0.008929 0.007937 0.006448 0.006448 0.004960 0.004464 0.004960 0.004464 0.004960 0.004960 0.005952 0.006944 0.007440 0.007937 0.007937 0.007937 0.006944 0.006944 0.006944 0.006944 0.007440 0.007440
0.068948 0.068452 0.066468 0.066468 0.066468 0.066468 0.065972 0.064980 0.064484 0.000000 0.060516 0.060516 0.060020 0.045635 0.035714 0.031746 0.027282 0.000000 0.000000 0.000000 0.000000 0.000000 0.000000 0.008929 0.010417 0.011409 0.012401 0.011905 0.000000 0.011905 0.012401 0.009921 0.009921 0.008433 0.007937 0.007937 0.000000 0.000000 0.000000 0.000000 0.000000 0.008929 0.007937 0.007937 0.006448 0.005952 0.004960 0.004960 0.004960 0.004960 0.005456 0.006944 0.007440 0.007440 0.007440 0.007937 0.007440 0.007440 0.006944 0.006944 0.006944 0.007440 0.007440
0.069940 0.058532 0.058036 0.065972 0.066468 0.065972 0.065972 0.065476 0.063988 0.063492 0.061012 0.060516 0.059028 0.000000 0.000000 0.000000 0.000000 0.000000 0.000000 0.000000 0.000000 0.000000 0.000000 0.008929 0.010913 0.010913 0.011905 0.000000 0.000000 0.011409 0.011409 0.009921 0.009921 0.007937 0.007440 0.006944 0.000000 0.000000 0.000000 0.000000 0.000000 0.008929 0.007937 0.006944 0.006944 0.006448 0.005456 0.005952 0.005456 0.005456 0.006944 0.006944 0.007440 0.007440 0.006944 0.006448 0.007440 0.007440 0.007440 0.006944 0.006944 0.006448 0.006448
0.069940 0.058532 0.059524 0.066468 0.065476 0.064484 0.064980 0.064484 0.063988 0.062996 0.062004 0.060020 0.057540 0.056052 0.052083 0.000000 0.000000 0.000000 0.000000 0.000000 0.000000 0.000000 0.000000 0.000000 0.000000 0.010913 0.010913 0.009921 0.009921 0.011409 0.011409 0.009921 0.007937 0.007440 0.000000 0.000000 0.000000 0.000000 0.000000 0.005952 0.007937 0.007937 0.007440 0.007440 0.006944 0.005952 0.005952 0.005456 0.005952 0.005952 0.006944 0.006944 0.007440 0.006944 0.006448 0.006448 0.006944 0.006944 0.007440 0.006944 0.006448 0.006448 0.006448
0.066468 0.067460 0.065972 0.055060 0.060516 0.063492 0.063988 0.063988 0.063988 0.062996 0.061012 0.059028 0.057044 0.054563 0.052083 0.000000 0.000000 0.000000 0.000000 0.000000 0.000000 0.000000 0.000000 0.005952 0.009425 0.009921 0.010417 0.009921 0.008433 0.009425 0.009921 0.009425 0.006944 0.005952 0.000000 0.001984 0.000000 0.000000 0.005952 0.006448 0.007440 0.007937 0.007937 0.007440 0.006448 0.005952 0.005952 0.005456 0.005456 0.006448 0.006448 0.006944 0.007440 0.007440 0.005952 0.006944 0.006448 0.006448 0.006944 0.006944 0.006448 0.005952 0.005952
0.067460 0.067460 0.066468 0.055060 0.051091 0.062500 0.064980 0.063988 0.062500 0.061508 0.059028 0.057540 0.054563 0.054067 0.000000 0.000000 0.000000 0.000000 0.000000 0.000000 0.000000 0.000000 0.004960 0.007937 0.008929 0.009425 0.009425 0.008433 0.007937 0.006944 0.005952 0.006448 0.006448 0.005952 0.004464 0.000000 0.004464 0.005456 0.005952 0.007440 0.007440 0.007937 0.007937 0.006944 0.005952 0.006448 0.005952 0.005952 0.005952 0.005952 0.006944 0.007440 0.007440 0.006944 0.006448 0.006944 0.006448 0.005952 0.005952 0.006448 0.005456 0.006448 0.005952
0.067956 0.067956 0.066468 0.055556 0.053571 0.064980 0.063988 0.062500 0.061012 0.059028 0.057044 0.053571 0.051091 0.049603 0.047123 0.000000 0.000000 0.000000 0.000000 0.000000 0.000000 0.000000 0.000000 0.007937 0.008433 0.008433 0.009425 0.008433 0.007937 0.004960 0.004960 0.004464 0.000000 0.000000 0.000000 0.000000 0.004960 0.005456 0.006448 0.007440 0.007440 0.007440 0.007440 0.007440 0.006448 0.006448 0.005952 0.005952 0.005952 0.006448 0.006448 0.007440 0.006944 0.006944 0.006944 0.006944 0.006448 0.005952 0.004464 0.004960 0.004960 0.005456 0.005456
0.068452 0.067956 0.067956 0.067460 0.065972 0.063988 0.063492 0.061012 0.059028 0.054067 0.050595 0.048115 0.045139 0.044147 0.040675 0.000000 0.000000 0.000000 0.000000 0.000000 0.000000 0.000000 0.000000 0.007937 0.007937 0.008433 0.008929 0.007937 0.000000 0.000000 0.000000 0.000000 0.000000 0.000000 0.000000 0.000000 0.004960 0.005456 0.006448 0.007440 0.007440 0.007440 0.007440 0.006944 0.006448 0.005952 0.006448 0.005952 0.005952 0.005952 0.005952 0.006944 0.006944 0.006944 0.006944 0.006944 0.006448 0.005456 0.004464 0.004960 0.005456 0.005456 0.005456
0.067956 0.067956 0.067956 0.000000 0.063988 0.063988 0.061012 0.057044 0.053075 0.049107 0.044147 0.040675 0.038690 0.000000 0.000000 0.000000 0.000000 0.000000 0.000000 0.000000 0.000000 0.000000 0.000000 0.007937 0.007937 0.008433 0.008433 0.008433 0.000000 0.000000 0.000000 0.000000 0.000000 0.000000 0.000000 0.004960 0.004960 0.006448 0.006448 0.007440 0.007440 0.007440 0.006944 0.006944 0.006448 0.005952 0.006448 0.006448 0.006448 0.006944 0.007440 0.006944 0.006944 0.006944 0.006448 0.006944 0.005952 0.004960 0.004960 0.005456 0.005456 0.004960 0.005456
0.000000 0.066964 0.067460 0.066964 0.065476 0.059524 0.053075 0.047619 0.000000 0.034722 0.033730 0.033234 0.033234 0.000000 0.000000 0.000000 0.000000 0.000000 0.000000 0.000000 0.000000 0.000000 0.000000 0.007440 0.007937 0.007937 0.007937 0.000000 0.000000 0.000000 0.000000 0.000000 0.000000 0.000000 0.000000 0.005456 0.005456 0.006448 0.000000 0.007440 0.006944 0.007440 0.007440 0.006944 0.006448 0.006448 0.006448 0.006448 0.006944 0.006944 0.007440 0.007440 0.007440 0.006944 0.006944 0.006448 0.005952 0.004960 0.004960 0.005456 0.005952 0.005952 0.005952
0.065476 0.065972 0.064980 0.064484 0.000000 0.039187 0.000000 0.000000 0.000000 0.000000 0.021825 0.023313 0.000000 0.000000 0.000000 0.000000 0.000000 0.000000 0.000000 0.000000 0.000000 0.000000 0.005952 0.007440 0.007937 0.007937 0.000000 0.000000 0.000000 0.000000 0.000000 0.000000 0.000000 0.003968 0.004960 0.005456 0.006448 0.006448 0.006944 0.006944 0.007440 0.006944 0.007440 0.006944 0.006448 0.006448 0.006448 0.006448 0.006944 0.006944 0.007440 0.007440 0.007440 0.007440 0.007440 0.006448 0.005456 0.005456 0.005456 0.005456 0.005952 0.005952 0.005952
0.063988 0.062996 0.062004 0.061508 0.000000 0.000000 0.000000 0.000000 0.000000 0.000000 0.016865 0.016369 0.000000 0.000000 0.000000 0.000000 0.000000 0.000000 0.000000 0.000000 0.000000 0.000000 0.006448 0.007440 0.000000 0.000000 0.000000 0.000000 0.000000 0.000000 0.000000 0.000000 0.003968 0.004464 0.005456 0.005456 0.006448 0.006944 0.006448 0.007440 0.007440 0.007440 0.006944 0.006448 0.006448 0.006448 0.006448 0.006448 0.006448 0.007440 0.007440 0.007440 0.007440 0.007440 0.007440 0.006448 0.005952 0.005456 0.005456 0.005456 0.005952 0.005952 0.006448
0.062500 0.062996 0.061508 0.058532 0.056548 0.000000 0.000000 0.000000 0.000000 0.000000 0.013889 0.013393 0.000000 0.000000 0.000000 0.000000 0.000000 0.000000 0.000000 0.000000 0.000000 0.000000 0.000000 0.000000 0.000000 0.000000 0.000000 0.000000 0.000000 0.000000 0.000000 0.000000 0.004464 0.004464 0.005456 0.006448 0.006448 0.007440 0.007440 0.007440 0.007440 0.007440 0.006944 0.006448 0.006448 0.006448 0.006448 0.006448 0.006448 0.007440 0.007440 0.007440 0.007440 0.007440 0.007440 0.006944 0.005952 0.005952 0.005952 0.005456 0.005952 0.005952 0.006448
0.062004 0.060516 0.057540 0.052579 0.049107 0.000000 0.000000 0.000000 0.000000 0.000000 0.000000 0.000000 0.000000 0.000000 0.000000 0.000000 0.000000 0.000000 0.000000 0.000000 0.000000 0.000000 0.000000 0.000000 0.000000 0.000000 0.000000 0.000000 0.000000 0.000000 0.000000 0.004464 0.004464 0.005456 0.005952 0.005952 0.006448 0.007440 0.006944 0.006944 0.006944 0.007440 0.006944 0.006448 0.006448 0.006448 0.006448 0.006448 0.006448 0.007440 0.007440 0.007440 0.007440 0.007440 0.007440 0.007440 0.005952 0.005952 0.006448 0.005952 0.005952 0.005952 0.006448
0.053075 0.047619 0.048115 0.047619 0.045635 0.000000 0.000000 0.000000 0.000000 0.000000 0.000000 0.000000 0.000000 0.000000 0.000000 0.000000 0.000000 0.000000 0.000000 0.000000 0.000000 0.000000 0.000000 0.000000 0.000000 0.000000 0.000000 0.000000 0.000000 0.000000 0.000000 0.004960 0.004960 0.005952 0.005952 0.006448 0.006448 0.006944 0.006944 0.006944 0.006448 0.007440 0.006944 0.006448 0.006448 0.006448 0.006448 0.006448 0.006944 0.007440 0.006944 0.006944 0.007440 0.007440 0.007440 0.007440 0.006448 0.005952 0.006448 0.005952 0.005952 0.005952 0.006448
0.000000 0.033730 0.033234 0.038690 0.037202 0.000000 0.000000 0.000000 0.000000 0.000000 0.000000 0.000000 0.000000 0.000000 0.000000 0.000000 0.000000 0.000000 0.000000 0.000000 0.000000 0.000000 0.000000 0.000000 0.000000 0.000000 0.000000 0.000000 0.000000 0.000000 0.000000 0.004464 0.005456 0.005952 0.006448 0.006944 0.006944 0.006944 0.006944 0.007440 0.006944 0.007440 0.006944 0.006448 0.006448 0.006448 0.006448 0.006448 0.000000 0.006944 0.006944 0.006944 0.007440 0.007440 0.007440 0.007440 0.006448 0.006448 0.006944 0.006944 0.006448 0.005952 0.006448
0.000000 0.000000 0.000000 0.000000 0.000000 0.000000 0.000000 0.000000 0.000000 0.000000 0.000000 0.000000 0.000000 0.000000 0.000000 0.000000 0.000000 0.000000 0.000000 0.000000 0.000000 0.000000 0.000000 0.000000 0.000000 0.000000 0.000000 0.000000 0.000000 0.003472 0.004464 0.004960 0.005952 0.006448 0.006944 0.006944 0.006944 0.007440 0.007440 0.007440 0.006944 0.007440 0.006944 0.006448 0.006448 0.005456 0.005456 0.000000 0.000000 0.000000 0.007440 0.007440 0.007440 0.007440 0.007440 0.007440 0.006448 0.006448 0.006944 0.006944 0.006944 0.006448 0.006448
0.037698 0.000000 0.000000 0.000000 0.000000 0.000000 0.000000 0.000000 0.000000 0.000000 0.000000 0.000000 0.000000 0.000000 0.000000 0.000000 0.000000 0.000000 0.000000 0.000000 0.000000 0.000000 0.000000 0.000000 0.000000 0.000000 0.000000 0.001984 0.002976 0.004464 0.004464 0.004960 0.006448 0.006944 0.006944 0.006944 0.007440 0.007440 0.007440 0.007440 0.006944 0.007440 0.006944 0.006448 0.006448 0.005456 0.000000 0.000000 0.000000 0.000000 0.007440 0.007440 0.007440 0.007440 0.007440 0.007440 0.006944 0.006944 0.006944 0.006944 0.006944 0.006448 0.006448
0.000000 0.000000 0.000000 0.000000 0.000000 0.000000 0.000000 0.000000 0.000000 0.000000 0.000000 0.000000 0.000000 0.000000 0.000000 0.000000 0.000000 0.000000 0.000000 0.000000 0.000000 0.000000 0.000000 0.000000 0.000000 0.000000 0.000000 0.002976 0.002976 0.003968 0.004960 0.005456 0.005952 0.006448 0.006944 0.007440 0.006944 0.006944 0.006944 0.006944 0.006944 0.007440 0.006448 0.006448 0.006448 0.006448 0.004960 0.004960 0.005456 0.006944 0.006944 0.007440 0.007440 0.007440 0.007440 0.007440 0.006944 0.006944 0.006944 0.006944 0.006944 0.006944 0.006944
0.000000 0.000000 0.000000 0.000000 0.000000 0.000000 0.000000 0.000000 0.000000 0.000000 0.000000 0.000000 0.000000 0.000000 0.000000 0.000000 0.000000 0.000000 0.000000 0.000000 0.000000 0.000000 0.000000 0.000000 0.000000 0.000000 0.000000 0.002976 0.003968 0.004464 0.004960 0.000000 0.005952 0.006944 0.006944 0.006944 0.006944 0.006944 0.006944 0.006944 0.007440 0.006944 0.006448 0.006448 0.006448 0.006448 0.005456 0.006448 0.006448 0.006944 0.006944 0.007440 0.007440 0.007440 0.007440 0.007440 0.006944 0.006944 0.006944 0.006944 0.006944 0.006944 0.006944
