FireSTARR/test/constant/O1a_S000_A270_WD180_WS020/arrival.asc
ncols         47
nrows         210
xllcorner     424303.990666
yllcorner     12747355.311160
cellsize      100.000000
NODATA_value  0.000000
[rows 155 to 185 of 210, columns 0 to 46 of 47]
0.000000 0.000000 0.000000 0.000000 123.402810 123.367562 123.332313 123.298084 123.266044 123.250000 123.235074 123.220099 123.207313 123.194477 123.182711 123.169876 123.159228 123.147462 123.136766 123.125000 123.114353 123.102587 123.091890 123.084403 123.089751 123.100447 123.111144 123.123979 123.134627 123.146393 123.158159 123.168806 123.181641 123.193407 123.206243 123.219030 123.232935 123.248979 123.263905 123.293806 123.329104 123.363283 123.398532 0.000000 0.000000 0.000000 0.000000
0.000000 0.000000 0.000000 0.000000 123.408159 123.373979 123.338681 123.304502 123.269253 123.250000 123.232935 123.219030 123.205173 123.192338 123.180572 123.167736 123.157089 123.145323 123.134627 123.122910 123.112213 123.100447 123.089751 123.082313 123.087612 123.098308 123.109004 123.121840 123.132487 123.144253 123.156019 123.166667 123.180572 123.191268 123.204104 123.217960 123.230796 123.247910 123.264975 123.300224 123.335473 123.369701 123.404950 0.000000 0.000000 0.000000 0.000000
0.000000 0.000000 0.000000 0.000000 123.414576 123.379279 123.345099 123.309850 123.274602 123.247910 123.231865 123.217960 123.204104 123.191268 123.178433 123.165646 123.154950 123.143184 123.132487 123.120770 123.110074 123.098308 123.087612 123.080173 123.085473 123.096169 123.106865 123.119701 123.130348 123.142114 123.153880 123.164576 123.178433 123.189129 123.203034 123.215821 123.229726 123.246840 123.271393 123.305572 123.340821 123.375000 123.410298 0.000000 0.000000 0.000000 0.000000
0.000000 0.000000 0.000000 0.000000 0.000000 123.385696 123.350447 123.316268 123.281019 123.247910 123.231865 123.216890 123.201964 123.189129 123.176293 123.164576 123.152810 123.142114 123.130348 123.118631 123.107935 123.096169 123.085473 123.078034 123.083333 123.094030 123.104726 123.117562 123.128209 123.139975 123.151741 123.163507 123.176293 123.186990 123.200895 123.213681 123.230796 123.245770 123.277810 123.311990 123.347239 123.381418 123.416667 0.000000 0.000000 0.000000 0.000000
0.000000 0.000000 0.000000 0.000000 0.000000 123.391044 123.356865 123.321616 123.287437 123.252139 123.231865 123.214751 123.200895 123.186990 123.174154 123.163507 123.150671 123.139975 123.128209 123.116492 123.105796 123.094030 123.083333 123.075895 123.081243 123.091890 123.103656 123.115422 123.126070 123.137836 123.149602 123.161367 123.174154 123.185920 123.199825 123.211542 123.229726 123.247910 123.283159 123.318407 123.352587 123.387836 0.000000 0.000000 0.000000 0.000000 0.000000
0.000000 0.000000 0.000000 0.000000 0.000000 123.397462 123.363283 123.328034 123.293806 123.258557 123.229726 123.213681 123.199825 123.185920 123.172015 123.161367 123.148532 123.137836 123.126070 123.114353 123.103656 123.091890 123.081243 123.073756 123.079104 123.089751 123.101517 123.113283 123.123979 123.135696 123.147462 123.160298 123.172015 123.183781 123.197686 123.211542 123.227587 123.254279 123.289576 123.324825 123.359004 123.394253 0.000000 0.000000 0.000000 0.000000 0.000000
0.000000 0.000000 0.000000 0.000000 0.000000 123.403880 123.368631 123.334403 123.299154 123.264975 123.229726 123.213681 123.198756 123.183781 123.170945 123.159228 123.146393 123.135696 123.123979 123.112213 123.101517 123.089751 123.079104 123.071616 123.076964 123.087612 123.099378 123.111144 123.121840 123.133557 123.145323 123.158159 123.169876 123.182711 123.196616 123.211542 123.227587 123.260696 123.295945 123.330173 123.365422 123.399602 0.000000 0.000000 0.000000 0.000000 0.000000
0.000000 0.000000 0.000000 0.000000 0.000000 123.409228 123.375000 123.339751 123.305572 123.270323 123.236144 123.212612 123.196616 123.182711 123.169876 123.157089 123.145323 123.133557 123.121840 123.110074 123.099378 123.087612 123.076964 123.069477 123.074825 123.085473 123.097239 123.109004 123.119701 123.131418 123.144253 123.156019 123.167736 123.181641 123.194477 123.211542 123.231865 123.267114 123.301293 123.336542 123.370770 123.406019 0.000000 0.000000 0.000000 0.000000 0.000000
0.000000 0.000000 0.000000 0.000000 0.000000 123.415646 123.381418 123.346169 123.310920 123.276741 123.241492 123.211542 123.195547 123.181641 123.167736 123.154950 123.143184 123.131418 123.119701 123.107935 123.097239 123.085473 123.074825 123.067338 123.072686 123.083333 123.095099 123.106865 123.117562 123.129279 123.142114 123.153880 123.166667 123.179502 123.193407 123.209403 123.238283 123.272462 123.307711 123.341890 123.377139 123.412437 0.000000 0.000000 0.000000 0.000000 0.000000
0.000000 0.000000 0.000000 0.000000 0.000000 0.000000 123.386766 123.352587 123.317338 123.282089 123.247910 123.212612 123.195547 123.179502 123.165646 123.152810 123.141044 123.129279 123.117562 123.105796 123.095099 123.083333 123.072686 123.065199 123.070547 123.081243 123.092960 123.104726 123.115422 123.127139 123.139975 123.151741 123.164576 123.178433 123.193407 123.209403 123.243631 123.278880 123.313059 123.348308 123.383557 0.000000 0.000000 0.000000 0.000000 0.000000 0.000000
0.000000 0.000000 0.000000 0.000000 0.000000 0.000000 123.393184 123.359004 123.323756 123.288507 123.254279 123.219030 123.194477 123.177363 123.164576 123.150671 123.138905 123.127139 123.115422 123.103656 123.092960 123.081243 123.070547 123.063059 123.068407 123.079104 123.090821 123.102587 123.113283 123.125000 123.137836 123.149602 123.163507 123.176293 123.192338 123.215821 123.250000 123.285298 123.319477 123.354726 123.388905 0.000000 0.000000 0.000000 0.000000 0.000000 0.000000
0.000000 0.000000 0.000000 0.000000 0.000000 0.000000 123.398532 123.364353 123.329104 123.294876 123.259627 123.224378 123.193407 123.177363 123.163507 123.149602 123.136766 123.125000 123.113283 123.101517 123.090821 123.079104 123.068407 123.060920 123.066268 123.076964 123.088681 123.100447 123.111144 123.123979 123.135696 123.148532 123.161367 123.175224 123.191268 123.221169 123.255348 123.290646 123.325895 123.360074 123.395323 0.000000 0.000000 0.000000 0.000000 0.000000 0.000000
0.000000 0.000000 0.000000 0.000000 0.000000 0.000000 123.404950 123.369701 123.335473 123.300224 123.266044 123.230796 123.196616 123.177363 123.161367 123.147462 123.134627 123.122910 123.111144 123.099378 123.088681 123.076964 123.066268 123.058781 123.064129 123.074825 123.086542 123.098308 123.109004 123.121840 123.133557 123.146393 123.159228 123.175224 123.192338 123.227587 123.261766 123.297015 123.331243 123.366492 123.400671 0.000000 0.000000 0.000000 0.000000 0.000000 0.000000
0.000000 0.000000 0.000000 0.000000 0.000000 0.000000 123.411367 123.376070 123.341890 123.306641 123.272462 123.237213 123.201964 123.175224 123.159228 123.146393 123.132487 123.121840 123.109004 123.097239 123.086542 123.074825 123.064129 123.056641 123.061990 123.072686 123.084403 123.096169 123.106865 123.120770 123.131418 123.145323 123.157089 123.174154 123.198756 123.232935 123.268184 123.303433 123.337612 123.372910 123.407089 0.000000 0.000000 0.000000 0.000000 0.000000 0.000000
0.000000 0.000000 0.000000 0.000000 0.000000 0.000000 123.416667 123.382487 123.347239 123.313059 123.277810 123.243631 123.208333 123.175224 123.159228 123.145323 123.131418 123.119701 123.106865 123.095099 123.084403 123.072686 123.061990 123.054502 123.059850 123.070547 123.082313 123.094030 123.104726 123.118631 123.130348 123.144253 123.157089 123.173084 123.204104 123.239353 123.273532 123.308781 123.344030 123.378209 123.413507 0.000000 0.000000 0.000000 0.000000 0.000000 0.000000
0.000000 0.000000 0.000000 0.000000 0.000000 0.000000 0.000000 123.388905 123.353656 123.319477 123.284228 123.248979 123.214751 123.179502 123.159228 123.144253 123.129279 123.117562 123.104726 123.092960 123.082313 123.070547 123.059850 123.052363 123.057711 123.068407 123.080173 123.091890 123.103656 123.116492 123.128209 123.142114 123.157089 123.176293 123.210473 123.245770 123.279950 123.315199 123.350447 123.384627 0.000000 0.000000 0.000000 0.000000 0.000000 0.000000 0.000000
0.000000 0.000000 0.000000 0.000000 0.000000 0.000000 0.000000 123.394253 123.359004 123.324825 123.289576 123.255348 123.220099 123.184850 123.157089 123.142114 123.128209 123.115422 123.102587 123.090821 123.080173 123.068407 123.057711 123.050224 123.055572 123.066268 123.078034 123.089751 123.101517 123.114353 123.127139 123.139975 123.154950 123.181641 123.215821 123.251070 123.286367 123.320547 123.355796 123.389975 0.000000 0.000000 0.000000 0.000000 0.000000 0.000000 0.000000
0.000000 0.000000 0.000000 0.000000 0.000000 0.000000 0.000000 123.400671 123.365422 123.331243 123.295945 123.261766 123.226517 123.191268 123.157089 123.141044 123.127139 123.113283 123.100447 123.088681 123.078034 123.066268 123.055572 123.048084 123.053433 123.064129 123.075895 123.087612 123.099378 123.112213 123.126070 123.138905 123.154950 123.188059 123.222239 123.257487 123.292736 123.326964 123.362213 123.396393 0.000000 0.000000 0.000000 0.000000 0.000000 0.000000 0.000000
0.000000 0.000000 0.000000 0.000000 0.000000 0.000000 0.000000 123.406019 123.371840 123.336542 123.302363 123.267114 123.231865 123.197686 123.162437 123.139975 123.126070 123.111144 123.099378 123.086542 123.075895 123.064129 123.053433 123.045945 123.051293 123.061990 123.073756 123.085473 123.098308 123.110074 123.123979 123.138905 123.159228 123.193407 123.228656 123.262836 123.298084 123.333333 123.367562 123.402810 0.000000 0.000000 0.000000 0.000000 0.000000 0.000000 0.000000
0.000000 0.000000 0.000000 0.000000 0.000000 0.000000 0.000000 123.412437 123.378209 123.342960 123.307711 123.273532 123.238283 123.204104 123.168806 123.137836 123.123979 123.110074 123.097239 123.084403 123.073756 123.061990 123.051293 123.043806 123.049154 123.059850 123.071616 123.084403 123.096169 123.109004 123.121840 123.136766 123.164576 123.199825 123.235074 123.269253 123.304502 123.338681 123.373979 123.409228 0.000000 0.000000 0.000000 0.000000 0.000000 0.000000 0.000000
0.000000 0.000000 0.000000 0.000000 0.000000 0.000000 0.000000 0.000000 123.383557 123.349378 123.314129 123.279950 123.244701 123.209403 123.175224 123.139975 123.122910 123.109004 123.095099 123.082313 123.071616 123.059850 123.049154 123.041667 123.047015 123.057711 123.069477 123.082313 123.094030 123.106865 123.120770 123.136766 123.170945 123.206243 123.240422 123.275671 123.310920 123.345099 123.380348 123.414576 0.000000 0.000000 0.000000 0.000000 0.000000 0.000000 0.000000
0.000000 0.000000 0.000000 0.000000 0.000000 0.000000 0.000000 0.000000 123.389975 123.354726 123.320547 123.285298 123.250000 123.215821 123.180572 123.146393 123.120770 123.106865 123.092960 123.080173 123.069477 123.057711 123.047015 123.039576 123.044876 123.055572 123.067338 123.080173 123.091890 123.105796 123.119701 123.142114 123.177363 123.211542 123.246840 123.281019 123.316268 123.351517 123.385696 0.000000 0.000000 0.000000 0.000000 0.000000 0.000000 0.000000 0.000000
0.000000 0.000000 0.000000 0.000000 0.000000 0.000000 0.000000 0.000000 123.395323 123.361144 123.325895 123.291667 123.256418 123.222239 123.186990 123.151741 123.119701 123.104726 123.091890 123.078034 123.067338 123.055572 123.044876 123.037437 123.042736 123.053433 123.065199 123.078034 123.090821 123.103656 123.117562 123.148532 123.182711 123.217960 123.253209 123.287437 123.322686 123.356865 123.392114 0.000000 0.000000 0.000000 0.000000 0.000000 0.000000 0.000000 0.000000
0.000000 0.000000 0.000000 0.000000 0.000000 0.000000 0.000000 0.000000 123.401741 123.367562 123.332313 123.297015 123.262836 123.227587 123.193407 123.158159 123.122910 123.103656 123.089751 123.075895 123.065199 123.053433 123.042736 123.035298 123.040646 123.051293 123.063059 123.075895 123.088681 123.102587 123.119701 123.153880 123.189129 123.224378 123.258557 123.293806 123.328034 123.363283 123.397462 0.000000 0.000000 0.000000 0.000000 0.000000 0.000000 0.000000 0.000000
0.000000 0.000000 0.000000 0.000000 0.000000 0.000000 0.000000 0.000000 123.408159 123.372910 123.338681 123.303433 123.268184 123.234004 123.198756 123.164576 123.129279 123.101517 123.087612 123.073756 123.063059 123.051293 123.040646 123.033159 123.038507 123.049154 123.060920 123.073756 123.087612 123.100447 123.126070 123.160298 123.195547 123.229726 123.264975 123.299154 123.334403 123.369701 123.403880 0.000000 0.000000 0.000000 0.000000 0.000000 0.000000 0.000000 0.000000
0.000000 0.000000 0.000000 0.000000 0.000000 0.000000 0.000000 0.000000 123.413507 123.379279 123.344030 123.308781 123.274602 123.239353 123.205173 123.169876 123.135696 123.101517 123.085473 123.072686 123.060920 123.049154 123.038507 123.031019 123.036367 123.047015 123.058781 123.071616 123.085473 123.099378 123.131418 123.165646 123.200895 123.236144 123.270323 123.305572 123.339751 123.375000 123.410298 0.000000 0.000000 0.000000 0.000000 0.000000 0.000000 0.000000 0.000000
0.000000 0.000000 0.000000 0.000000 0.000000 0.000000 0.000000 0.000000 0.000000 123.384627 123.350447 123.315199 123.281019 123.245770 123.210473 123.176293 123.141044 123.106865 123.085473 123.071616 123.058781 123.047015 123.036367 123.028880 123.034228 123.044876 123.056641 123.069477 123.084403 123.102587 123.137836 123.172015 123.207313 123.241492 123.276741 123.311990 123.346169 123.381418 123.415646 0.000000 0.000000 0.000000 0.000000 0.000000 0.000000 0.000000 0.000000
0.000000 0.000000 0.000000 0.000000 0.000000 0.000000 0.000000 0.000000 0.000000 123.391044 123.356865 123.321616 123.286367 123.252139 123.216890 123.182711 123.147462 123.113283 123.083333 123.069477 123.056641 123.044876 123.034228 123.026741 123.032089 123.042736 123.054502 123.068407 123.082313 123.109004 123.144253 123.178433 123.213681 123.247910 123.283159 123.317338 123.352587 123.387836 0.000000 0.000000 0.000000 0.000000 0.000000 0.000000 0.000000 0.000000 0.000000
0.000000 0.000000 0.000000 0.000000 0.000000 0.000000 0.000000 0.000000 0.000000 123.397462 123.362213 123.328034 123.292736 123.257487 123.223308 123.188059 123.153880 123.118631 123.084403 123.067338 123.054502 123.042736 123.032089 123.024602 123.029950 123.040646 123.053433 123.066268 123.081243 123.114353 123.149602 123.184850 123.219030 123.254279 123.288507 123.323756 123.359004 123.393184 0.000000 0.000000 0.000000 0.000000 0.000000 0.000000 0.000000 0.000000 0.000000
0.000000 0.000000 0.000000 0.000000 0.000000 0.000000 0.000000 0.000000 0.000000 123.403880 123.368631 123.333333 123.299154 123.263905 123.229726 123.194477 123.159228 123.125000 123.089751 123.066268 123.052363 123.040646 123.029950 123.022462 123.027810 123.038507 123.051293 123.065199 123.086542 123.120770 123.156019 123.190199 123.225447 123.260696 123.294876 123.330173 123.364353 123.399602 0.000000 0.000000 0.000000 0.000000 0.000000 0.000000 0.000000 0.000000 0.000000
0.000000 0.000000 0.000000 0.000000 0.000000 0.000000 0.000000 0.000000 0.000000 123.409228 123.373979 123.339751 123.304502 123.270323 123.235074 123.199825 123.165646 123.130348 123.096169 123.065199 123.051293 123.038507 123.027810 123.020323 123.025671 123.036367 123.049154 123.063059 123.091890 123.127139 123.161367 123.196616 123.230796 123.266044 123.301293 123.335473 123.370770 123.404950 0.000000 0.000000 0.000000 0.000000 0.000000 0.000000 0.000000 0.000000 0.000000
