FireSTARR/test/constant/O1a_S000_A270_WD180_WS020/arrival.asc
ncols         47
nrows         210
xllcorner     424303.990666
yllcorner     12747355.311160
cellsize      100.000000
NODATA_value  0.000000
[rows 93 to 123 of 210, columns 0 to 46 of 47]
0.000000 0.000000 0.000000 0.000000 0.000000 123.414576 123.402810 123.391044 123.380348 123.369701 123.357935 123.347239 123.335473 123.324825 123.313059 123.301293 123.290646 123.279950 123.268184 123.257487 123.245770 123.235074 123.223308 123.217960 123.222239 123.232935 123.244701 123.254279 123.264975 123.276741 123.287437 123.298084 123.310920 123.321616 123.333333 123.344030 123.354726 123.366492 123.378209 123.389975 123.401741 123.412437 0.000000 0.000000 0.000000 0.000000 0.000000
0.000000 0.000000 0.000000 0.000000 0.000000 123.412437 123.400671 123.388905 123.378209 123.367562 123.355796 123.345099 123.333333 123.322686 123.310920 123.300224 123.288507 123.277810 123.266044 123.255348 123.243631 123.232935 123.221169 123.215821 123.220099 123.230796 123.242562 123.252139 123.262836 123.274602 123.285298 123.295945 123.308781 123.319477 123.331243 123.341890 123.352587 123.364353 123.376070 123.387836 123.399602 123.410298 0.000000 0.000000 0.000000 0.000000 0.000000
0.000000 0.000000 0.000000 0.000000 0.000000 123.410298 123.398532 123.386766 123.376070 123.365422 123.353656 123.342960 123.331243 123.320547 123.308781 123.298084 123.286367 123.275671 123.263905 123.253209 123.241492 123.230796 123.219030 123.213681 123.217960 123.228656 123.240422 123.250000 123.260696 123.272462 123.283159 123.294876 123.306641 123.317338 123.329104 123.339751 123.350447 123.362213 123.373979 123.385696 123.397462 123.408159 0.000000 0.000000 0.000000 0.000000 0.000000
0.000000 0.000000 0.000000 0.000000 0.000000 123.408159 123.396393 123.384627 123.373979 123.363283 123.351517 123.340821 123.329104 123.318407 123.306641 123.295945 123.284228 123.273532 123.261766 123.251070 123.239353 123.228656 123.216890 123.211542 123.215821 123.226517 123.238283 123.247910 123.258557 123.270323 123.281019 123.292736 123.304502 123.315199 123.326964 123.337612 123.348308 123.360074 123.371840 123.383557 123.395323 123.406019 0.000000 0.000000 0.000000 0.000000 0.000000
0.000000 0.000000 0.000000 0.000000 0.000000 123.406019 123.394253 123.382487 123.371840 123.361144 123.349378 123.338681 123.326964 123.316268 123.304502 123.293806 123.282089 123.271393 123.259627 123.248979 123.237213 123.226517 123.214751 123.209403 123.213681 123.224378 123.236144 123.245770 123.256418 123.268184 123.278880 123.290646 123.302363 123.313059 123.324825 123.335473 123.346169 123.357935 123.369701 123.381418 123.393184 123.403880 123.416667 0.000000 0.000000 0.000000 0.000000
0.000000 0.000000 0.000000 0.000000 123.415646 123.403880 123.392114 123.380348 123.369701 123.359004 123.347239 123.336542 123.324825 123.314129 123.302363 123.291667 123.279950 123.269253 123.257487 123.246840 123.235074 123.224378 123.212612 123.207313 123.211542 123.222239 123.234004 123.243631 123.254279 123.266044 123.276741 123.288507 123.300224 123.310920 123.322686 123.333333 123.344030 123.355796 123.367562 123.379279 123.391044 123.402810 123.414576 0.000000 0.000000 0.000000 0.000000
0.000000 0.000000 0.000000 0.000000 123.413507 123.401741 123.389975 123.378209 123.367562 123.356865 123.345099 123.334403 123.322686 123.311990 123.300224 123.289576 123.277810 123.267114 123.255348 123.244701 123.232935 123.222239 123.210473 123.205173 123.209403 123.220099 123.231865 123.241492 123.253209 123.263905 123.274602 123.286367 123.298084 123.308781 123.320547 123.331243 123.341890 123.354726 123.365422 123.377139 123.388905 123.400671 123.413507 0.000000 0.000000 0.000000 0.000000
0.000000 0.000000 0.000000 0.000000 123.411367 123.399602 123.387836 123.376070 123.365422 123.354726 123.342960 123.332313 123.320547 123.309850 123.298084 123.287437 123.275671 123.264975 123.253209 123.242562 123.230796 123.220099 123.208333 123.203034 123.207313 123.217960 123.229726 123.239353 123.251070 123.261766 123.272462 123.284228 123.295945 123.306641 123.318407 123.329104 123.339751 123.352587 123.363283 123.375000 123.386766 123.398532 123.411367 0.000000 0.000000 0.000000 0.000000
0.000000 0.000000 0.000000 0.000000 123.410298 123.397462 123.385696 123.373979 123.363283 123.352587 123.340821 123.330173 123.318407 123.307711 123.295945 123.285298 123.273532 123.262836 123.251070 123.240422 123.228656 123.217960 123.206243 123.200895 123.205173 123.215821 123.227587 123.237213 123.248979 123.259627 123.270323 123.282089 123.293806 123.304502 123.316268 123.326964 123.337612 123.350447 123.361144 123.372910 123.384627 123.396393 123.409228 0.000000 0.000000 0.000000 0.000000
0.000000 0.000000 0.000000 0.000000 123.408159 123.396393 123.383557 123.371840 123.361144 123.350447 123.338681 123.328034 123.316268 123.305572 123.293806 123.283159 123.271393 123.260696 123.248979 123.238283 123.226517 123.215821 123.204104 123.198756 123.203034 123.213681 123.225447 123.235074 123.246840 123.257487 123.268184 123.279950 123.291667 123.302363 123.314129 123.324825 123.336542 123.348308 123.359004 123.370770 123.382487 123.395323 123.407089 0.000000 0.000000 0.000000 0.000000
0.000000 0.000000 0.000000 0.000000 123.407089 123.394253 123.381418 123.369701 123.359004 123.348308 123.336542 123.325895 123.314129 123.303433 123.291667 123.281019 123.269253 123.258557 123.246840 123.236144 123.224378 123.213681 123.201964 123.196616 123.200895 123.211542 123.223308 123.232935 123.244701 123.255348 123.266044 123.277810 123.289576 123.300224 123.311990 123.322686 123.334403 123.346169 123.356865 123.368631 123.380348 123.393184 123.404950 123.415646 0.000000 0.000000 0.000000
0.000000 0.000000 0.000000 123.415646 123.404950 123.392114 123.379279 123.367562 123.356865 123.346169 123.334403 123.323756 123.311990 123.301293 123.289576 123.278880 123.267114 123.256418 123.244701 123.234004 123.222239 123.211542 123.199825 123.194477 123.198756 123.209403 123.221169 123.230796 123.242562 123.253209 123.263905 123.275671 123.287437 123.298084 123.309850 123.320547 123.332313 123.344030 123.354726 123.366492 123.379279 123.391044 123.402810 123.413507 0.000000 0.000000 0.000000
0.000000 0.000000 0.000000 123.413507 123.402810 123.389975 123.378209 123.365422 123.354726 123.344030 123.332313 123.321616 123.309850 123.299154 123.287437 123.276741 123.264975 123.254279 123.242562 123.231865 123.220099 123.209403 123.197686 123.192338 123.196616 123.207313 123.219030 123.228656 123.240422 123.251070 123.261766 123.273532 123.285298 123.295945 123.307711 123.318407 123.330173 123.341890 123.352587 123.364353 123.377139 123.388905 123.400671 123.412437 0.000000 0.000000 0.000000
0.000000 0.000000 0.000000 123.412437 123.400671 123.388905 123.376070 123.363283 123.352587 123.341890 123.330173 123.319477 123.307711 123.297015 123.285298 123.274602 123.262836 123.252139 123.240422 123.229726 123.217960 123.207313 123.195547 123.190199 123.194477 123.205173 123.216890 123.226517 123.238283 123.248979 123.259627 123.271393 123.283159 123.293806 123.305572 123.316268 123.328034 123.339751 123.350447 123.363283 123.376070 123.386766 123.398532 123.410298 0.000000 0.000000 0.000000
0.000000 0.000000 0.000000 123.410298 123.398532 123.386766 123.373979 123.361144 123.350447 123.339751 123.328034 123.317338 123.305572 123.294876 123.283159 123.272462 123.260696 123.248979 123.238283 123.227587 123.215821 123.205173 123.193407 123.188059 123.192338 123.203034 123.214751 123.224378 123.236144 123.246840 123.257487 123.269253 123.281019 123.291667 123.303433 123.314129 123.325895 123.337612 123.348308 123.361144 123.373979 123.384627 123.396393 123.408159 0.000000 0.000000 0.000000
0.000000 0.000000 0.000000 123.408159 123.396393 123.384627 123.371840 123.359004 123.348308 123.337612 123.325895 123.315199 123.303433 123.292736 123.281019 123.270323 123.258557 123.247910 123.236144 123.225447 123.213681 123.203034 123.191268 123.185920 123.190199 123.200895 123.212612 123.222239 123.234004 123.244701 123.255348 123.267114 123.278880 123.289576 123.301293 123.313059 123.323756 123.335473 123.346169 123.359004 123.371840 123.382487 123.394253 123.406019 0.000000 0.000000 0.000000
0.000000 0.000000 0.000000 123.406019 123.394253 123.382487 123.370770 123.357935 123.346169 123.335473 123.323756 123.313059 123.301293 123.290646 123.278880 123.268184 123.256418 123.245770 123.234004 123.223308 123.211542 123.200895 123.189129 123.183781 123.188059 123.198756 123.210473 123.220099 123.231865 123.242562 123.253209 123.264975 123.276741 123.287437 123.299154 123.310920 123.321616 123.333333 123.344030 123.356865 123.369701 123.380348 123.392114 123.404950 123.416667 0.000000 0.000000
0.000000 0.000000 0.000000 123.403880 123.393184 123.380348 123.368631 123.355796 123.344030 123.333333 123.321616 123.310920 123.299154 123.288507 123.276741 123.266044 123.254279 123.243631 123.231865 123.221169 123.209403 123.198756 123.186990 123.181641 123.185920 123.196616 123.207313 123.217960 123.229726 123.240422 123.251070 123.262836 123.274602 123.285298 123.297015 123.308781 123.319477 123.331243 123.342960 123.354726 123.367562 123.378209 123.389975 123.402810 123.415646 0.000000 0.000000
0.000000 0.000000 123.415646 123.401741 123.391044 123.378209 123.366492 123.353656 123.341890 123.331243 123.319477 123.308781 123.297015 123.286367 123.274602 123.263905 123.253209 123.241492 123.229726 123.219030 123.207313 123.196616 123.184850 123.179502 123.183781 123.194477 123.205173 123.215821 123.227587 123.238283 123.248979 123.260696 123.272462 123.283159 123.294876 123.306641 123.317338 123.329104 123.340821 123.353656 123.365422 123.376070 123.388905 123.400671 123.413507 0.000000 0.000000
0.000000 0.000000 123.413507 123.400671 123.388905 123.376070 123.364353 123.351517 123.339751 123.329104 123.317338 123.306641 123.294876 123.284228 123.272462 123.261766 123.251070 123.239353 123.227587 123.216890 123.205173 123.194477 123.182711 123.177363 123.181641 123.192338 123.203034 123.213681 123.225447 123.236144 123.246840 123.258557 123.270323 123.281019 123.292736 123.304502 123.315199 123.326964 123.338681 123.351517 123.363283 123.373979 123.386766 123.398532 123.412437 0.000000 0.000000
0.000000 0.000000 123.411367 123.398532 123.386766 123.373979 123.362213 123.350447 123.337612 123.326964 123.315199 123.304502 123.292736 123.282089 123.270323 123.259627 123.248979 123.237213 123.226517 123.214751 123.203034 123.192338 123.180572 123.175224 123.179502 123.190199 123.200895 123.211542 123.223308 123.234004 123.244701 123.256418 123.268184 123.278880 123.291667 123.302363 123.314129 123.324825 123.336542 123.349378 123.361144 123.371840 123.384627 123.397462 123.410298 0.000000 0.000000
0.000000 0.000000 123.409228 123.397462 123.384627 123.371840 123.360074 123.348308 123.335473 123.324825 123.313059 123.302363 123.290646 123.279950 123.268184 123.257487 123.246840 123.235074 123.224378 123.212612 123.200895 123.190199 123.178433 123.173084 123.177363 123.188059 123.198756 123.209403 123.221169 123.231865 123.242562 123.254279 123.266044 123.276741 123.289576 123.300224 123.311990 123.322686 123.335473 123.347239 123.359004 123.369701 123.383557 123.395323 123.408159 0.000000 0.000000
0.000000 0.000000 123.409228 123.395323 123.382487 123.370770 123.357935 123.346169 123.333333 123.322686 123.310920 123.300224 123.288507 123.277810 123.266044 123.255348 123.244701 123.232935 123.222239 123.210473 123.198756 123.188059 123.176293 123.170945 123.175224 123.185920 123.196616 123.207313 123.219030 123.229726 123.240422 123.252139 123.263905 123.274602 123.287437 123.298084 123.309850 123.320547 123.333333 123.345099 123.356865 123.368631 123.381418 123.393184 123.406019 0.000000 0.000000
0.000000 0.000000 123.407089 123.393184 123.381418 123.368631 123.355796 123.344030 123.332313 123.320547 123.308781 123.298084 123.286367 123.275671 123.263905 123.253209 123.242562 123.230796 123.220099 123.208333 123.196616 123.185920 123.174154 123.168806 123.173084 123.183781 123.194477 123.205173 123.216890 123.227587 123.238283 123.250000 123.261766 123.272462 123.285298 123.295945 123.307711 123.319477 123.331243 123.342960 123.354726 123.367562 123.379279 123.391044 123.403880 0.000000 0.000000
0.000000 123.416667 123.404950 123.391044 123.379279 123.366492 123.353656 123.341890 123.330173 123.318407 123.306641 123.295945 123.284228 123.273532 123.261766 123.251070 123.240422 123.228656 123.217960 123.206243 123.194477 123.183781 123.172015 123.166667 123.170945 123.181641 123.192338 123.203034 123.214751 123.225447 123.236144 123.247910 123.259627 123.270323 123.283159 123.293806 123.305572 123.317338 123.329104 123.340821 123.352587 123.365422 123.378209 123.389975 123.402810 123.415646 0.000000
0.000000 123.415646 123.403880 123.389975 123.377139 123.364353 123.351517 123.339751 123.328034 123.316268 123.304502 123.293806 123.282089 123.271393 123.259627 123.248979 123.238283 123.226517 123.215821 123.204104 123.192338 123.181641 123.169876 123.164576 123.168806 123.179502 123.190199 123.200895 123.212612 123.223308 123.234004 123.245770 123.257487 123.268184 123.281019 123.291667 123.303433 123.315199 123.326964 123.338681 123.350447 123.363283 123.376070 123.387836 123.400671 123.413507 0.000000
0.000000 123.413507 123.401741 123.387836 123.375000 123.363283 123.350447 123.337612 123.325895 123.314129 123.302363 123.291667 123.281019 123.269253 123.257487 123.246840 123.236144 123.224378 123.213681 123.201964 123.190199 123.179502 123.167736 123.162437 123.166667 123.177363 123.188059 123.198756 123.210473 123.221169 123.231865 123.243631 123.255348 123.267114 123.278880 123.289576 123.301293 123.313059 123.324825 123.336542 123.349378 123.361144 123.373979 123.385696 123.399602 123.412437 0.000000
0.000000 123.411367 123.399602 123.386766 123.372910 123.361144 123.348308 123.335473 123.323756 123.311990 123.300224 123.289576 123.278880 123.267114 123.255348 123.244701 123.234004 123.222239 123.211542 123.199825 123.188059 123.177363 123.165646 123.160298 123.164576 123.175224 123.185920 123.196616 123.208333 123.219030 123.229726 123.241492 123.253209 123.264975 123.276741 123.287437 123.299154 123.310920 123.322686 123.334403 123.347239 123.359004 123.371840 123.383557 123.397462 123.411367 0.000000
0.000000 123.409228 123.397462 123.384627 123.370770 123.359004 123.346169 123.333333 123.321616 123.309850 123.298084 123.287437 123.276741 123.264975 123.253209 123.242562 123.231865 123.220099 123.209403 123.197686 123.185920 123.175224 123.163507 123.158159 123.162437 123.173084 123.183781 123.194477 123.206243 123.216890 123.227587 123.239353 123.251070 123.262836 123.274602 123.285298 123.297015 123.308781 123.320547 123.332313 123.345099 123.357935 123.369701 123.382487 123.395323 123.410298 0.000000
0.000000 123.408159 123.395323 123.383557 123.369701 123.356865 123.344030 123.332313 123.319477 123.307711 123.295945 123.285298 123.274602 123.262836 123.251070 123.240422 123.229726 123.217960 123.207313 123.195547 123.183781 123.173084 123.161367 123.156019 123.160298 123.170945 123.181641 123.192338 123.204104 123.214751 123.225447 123.237213 123.248979 123.260696 123.272462 123.283159 123.294876 123.306641 123.318407 123.330173 123.342960 123.356865 123.367562 123.380348 123.394253 123.408159 0.000000
0.000000 123.406019 123.393184 123.381418 123.367562 123.354726 123.341890 123.330173 123.317338 123.306641 123.294876 123.283159 123.272462 123.260696 123.248979 123.238283 123.227587 123.215821 123.205173 123.193407 123.181641 123.170945 123.159228 123.153880 123.158159 123.168806 123.179502 123.190199 123.201964 123.212612 123.223308 123.235074 123.246840 123.258557 123.270323 123.281019 123.293806 123.304502 123.316268 123.329104 123.340821 123.354726 123.365422 123.379279 123.393184 123.407089 0.000000
