FireSTARR/test/constant/C2_S060_A270_WD225_WS020/arrival.asc
ncols         116
nrows         331
xllcorner     425903.990666
yllcorner     12748655.311160
cellsize      100.000000
NODATA_value  0.000000
[rows 243 to 269 of 331, columns 0 to 60 of 116]
0.000000 0.000000 0.000000 0.000000 0.000000 0.000000 0.000000 0.000000 0.000000 123.414604 123.401009 123.386822 123.374711 123.362889 123.349293 123.337471 123.325360 123.311764 123.298169 123.287240 123.273644 123.260640 123.247938 123.235524 123.224293 123.212471 123.200360 123.187355 123.175533 123.164013 123.152191 123.143324 123.130911 123.121755 123.113480 123.108160 123.112889 123.138596 123.159875 123.181444 123.218973 123.237889 123.274827 123.310582 123.327133 123.368209 0.000000 0.000000 0.000000 0.000000 0.000000 0.000000 0.000000 0.000000 0.000000 0.000000 0.000000 0.000000 0.000000 0.000000 0.000000
0.000000 0.000000 0.000000 0.000000 0.000000 0.000000 0.000000 0.000000 0.000000 123.409284 123.395689 123.381502 123.369391 123.357569 123.343973 123.332453 123.320040 123.306444 123.293440 123.281920 123.268324 123.255911 123.242618 123.230795 123.218973 123.207453 123.195040 123.182036 123.170804 123.158693 123.146871 123.140369 123.126182 123.119982 123.108751 123.106978 123.115253 123.139778 123.160467 123.199769 123.223702 123.252364 123.287831 123.316493 123.336880 123.391551 0.000000 0.000000 0.000000 0.000000 0.000000 0.000000 0.000000 0.000000 0.000000 0.000000 0.000000 0.000000 0.000000 0.000000 0.000000
0.000000 0.000000 0.000000 0.000000 0.000000 0.000000 0.000000 0.000000 123.416378 123.403964 123.390369 123.376773 123.364662 123.352249 123.338653 123.326542 123.314720 123.301124 123.288422 123.276600 123.263004 123.250000 123.237889 123.226658 123.213653 123.202133 123.189720 123.176716 123.166378 123.153964 123.142142 123.134458 123.122938 123.115844 123.105795 123.106387 123.126773 123.145689 123.170213 123.204498 123.225475 123.255320 123.298169 123.321222 123.354022 0.000000 0.000000 0.000000 0.000000 0.000000 0.000000 0.000000 0.000000 0.000000 0.000000 0.000000 0.000000 0.000000 0.000000 0.000000 0.000000
0.000000 0.000000 0.000000 0.000000 0.000000 0.000000 0.000000 0.000000 123.411058 123.398644 123.385049 123.371755 123.359342 123.347520 123.333333 123.321813 123.309400 123.296396 123.283102 123.271280 123.257684 123.244982 123.232569 123.221338 123.208333 123.196813 123.184400 123.171987 123.161058 123.148053 123.139187 123.129729 123.118209 123.110524 123.104613 123.108751 123.132093 123.155738 123.179671 123.214836 123.242618 123.270689 123.305853 123.322995 123.385640 0.000000 0.000000 0.000000 0.000000 0.000000 0.000000 0.000000 0.000000 0.000000 0.000000 0.000000 0.000000 0.000000 0.000000 0.000000 0.000000
0.000000 0.000000 0.000000 0.000000 0.000000 0.000000 0.000000 0.000000 123.405738 123.393324 123.379729 123.366435 123.354022 123.342200 123.328315 123.316493 123.304080 123.291378 123.277782 123.265960 123.252956 123.239662 123.227249 123.216018 123.203315 123.191493 123.179671 123.166378 123.155738 123.143324 123.135640 123.124120 123.116435 123.105795 123.103431 123.113480 123.135049 123.161058 123.187947 123.220156 123.248529 123.292849 123.315902 123.348111 123.408102 0.000000 0.000000 0.000000 0.000000 0.000000 0.000000 0.000000 0.000000 0.000000 0.000000 0.000000 0.000000 0.000000 0.000000 0.000000 0.000000
0.000000 0.000000 0.000000 0.000000 0.000000 0.000000 0.000000 123.412831 123.401009 123.388004 123.374711 123.361115 123.348702 123.336880 123.322995 123.311173 123.299351 123.286058 123.272462 123.260640 123.247347 123.234933 123.221929 123.210698 123.199769 123.186173 123.173760 123.161649 123.151009 123.138004 123.130320 123.119391 123.112298 123.102249 123.102840 123.122347 123.144507 123.166378 123.199769 123.223702 123.257093 123.295804 123.317675 123.374120 0.000000 0.000000 0.000000 0.000000 0.000000 0.000000 0.000000 0.000000 0.000000 0.000000 0.000000 0.000000 0.000000 0.000000 0.000000 0.000000 0.000000
0.000000 0.000000 0.000000 0.000000 0.000000 0.000000 0.000000 123.407511 123.395689 123.382684 123.369982 123.355795 123.343382 123.331271 123.317675 123.305853 123.293440 123.280738 123.267142 123.255320 123.242027 123.229613 123.216609 123.205680 123.195631 123.180853 123.169031 123.157511 123.145689 123.135049 123.125591 123.114071 123.106978 123.101067 123.105204 123.127364 123.151600 123.182627 123.208333 123.243209 123.267142 123.299351 123.338062 123.398053 0.000000 0.000000 0.000000 0.000000 0.000000 0.000000 0.000000 0.000000 0.000000 0.000000 0.000000 0.000000 0.000000 0.000000 0.000000 0.000000 0.000000
0.000000 0.000000 0.000000 0.000000 0.000000 0.000000 0.000000 123.402191 123.390369 123.377364 123.364662 123.350475 123.338062 123.326542 123.312355 123.300533 123.288422 123.275418 123.261822 123.250000 123.236707 123.224293 123.213062 123.200360 123.190311 123.175533 123.163422 123.152782 123.140369 123.133276 123.120573 123.112298 123.101658 123.099293 123.105795 123.135049 123.155738 123.184991 123.215427 123.244391 123.289013 123.312355 123.351658 123.402782 0.000000 0.000000 0.000000 0.000000 0.000000 0.000000 0.000000 0.000000 0.000000 0.000000 0.000000 0.000000 0.000000 0.000000 0.000000 0.000000 0.000000
0.000000 0.000000 0.000000 0.000000 0.000000 0.000000 0.000000 123.396871 123.385049 123.372347 123.359342 123.345156 123.333044 123.321222 123.307036 123.295213 123.283102 123.270098 123.256502 123.244982 123.231978 123.218973 123.208924 123.195040 123.184991 123.170804 123.158102 123.148053 123.135049 123.127956 123.115253 123.108160 123.098111 123.098702 123.118800 123.138596 123.162240 123.197404 123.223702 123.255320 123.294622 123.318267 123.365844 123.415787 0.000000 0.000000 0.000000 0.000000 0.000000 0.000000 0.000000 0.000000 0.000000 0.000000 0.000000 0.000000 0.000000 0.000000 0.000000 0.000000 0.000000
0.000000 0.000000 0.000000 0.000000 0.000000 0.000000 123.416378 123.391551 123.379729 123.367027 123.354022 123.342200 123.327724 123.315902 123.301716 123.290195 123.278373 123.264778 123.251773 123.240253 123.226658 123.213653 123.203907 123.190902 123.179671 123.165195 123.152782 123.142733 123.131502 123.122938 123.110524 123.102840 123.096929 123.099884 123.123529 123.140369 123.179080 123.205680 123.239071 123.266551 123.295804 123.342200 123.381502 0.000000 0.000000 0.000000 0.000000 0.000000 0.000000 0.000000 0.000000 0.000000 0.000000 0.000000 0.000000 0.000000 0.000000 0.000000 0.000000 0.000000 0.000000
0.000000 0.000000 0.000000 0.000000 0.000000 0.000000 123.411649 123.386822 123.374711 123.361707 123.348702 123.337471 123.322404 123.310582 123.296987 123.284875 123.273644 123.259458 123.246755 123.234933 123.221338 123.208333 123.198587 123.187355 123.174351 123.159875 123.149235 123.137413 123.128547 123.117618 123.108751 123.097520 123.095747 123.101658 123.127364 123.152191 123.188538 123.211880 123.239662 123.285467 123.307627 123.344564 123.406329 0.000000 0.000000 0.000000 0.000000 0.000000 0.000000 0.000000 0.000000 0.000000 0.000000 0.000000 0.000000 0.000000 0.000000 0.000000 0.000000 0.000000 0.000000
0.000000 0.000000 0.000000 0.000000 0.000000 0.000000 123.406329 123.381502 123.369391 123.356387 123.343382 123.331862 123.317675 123.305262 123.291667 123.279555 123.268324 123.254138 123.241435 123.229613 123.216018 123.203315 123.193267 123.182036 123.169622 123.154555 123.144507 123.132093 123.123529 123.112298 123.105204 123.094564 123.095156 123.114662 123.134458 123.158102 123.195040 123.230795 123.253547 123.290787 123.325951 123.367618 0.000000 0.000000 0.000000 0.000000 0.000000 0.000000 0.000000 0.000000 0.000000 0.000000 0.000000 0.000000 0.000000 0.000000 0.000000 0.000000 0.000000 0.000000 0.000000
0.000000 0.000000 0.000000 0.000000 0.000000 0.000000 123.401009 123.376182 123.364662 123.351658 123.338062 123.326542 123.312355 123.299942 123.286649 123.274235 123.263004 123.249120 123.236115 123.224293 123.210698 123.201542 123.187947 123.176716 123.164013 123.149235 123.139187 123.126773 123.118209 123.106978 123.099884 123.093382 123.097520 123.117027 123.143915 123.174351 123.201542 123.235524 123.273053 123.296987 123.338062 123.393324 0.000000 0.000000 0.000000 0.000000 0.000000 0.000000 0.000000 0.000000 0.000000 0.000000 0.000000 0.000000 0.000000 0.000000 0.000000 0.000000 0.000000 0.000000 0.000000
0.000000 0.000000 0.000000 0.000000 0.000000 0.000000 123.395689 123.371164 123.358751 123.345747 123.333044 123.321222 123.307036 123.294622 123.281329 123.268915 123.257684 123.243800 123.230795 123.218973 123.205680 123.196222 123.182627 123.171396 123.158693 123.144507 123.133867 123.122938 123.112889 123.104613 123.094564 123.092200 123.097520 123.119982 123.148053 123.176124 123.210107 123.237298 123.280738 123.309991 123.358751 123.405738 0.000000 0.000000 0.000000 0.000000 0.000000 0.000000 0.000000 0.000000 0.000000 0.000000 0.000000 0.000000 0.000000 0.000000 0.000000 0.000000 0.000000 0.000000 0.000000
0.000000 0.000000 0.000000 0.000000 0.000000 0.000000 123.390369 123.365844 123.354022 123.341018 123.327724 123.316493 123.301716 123.289604 123.276009 123.264187 123.252364 123.238480 123.225475 123.213653 123.200360 123.190902 123.177307 123.166378 123.153373 123.141551 123.129138 123.121164 123.108160 123.100475 123.090427 123.091018 123.111115 123.130320 123.154555 123.195631 123.219564 123.260049 123.286058 123.325951 123.378547 0.000000 0.000000 0.000000 0.000000 0.000000 0.000000 0.000000 0.000000 0.000000 0.000000 0.000000 0.000000 0.000000 0.000000 0.000000 0.000000 0.000000 0.000000 0.000000 0.000000
0.000000 0.000000 0.000000 0.000000 0.000000 0.000000 123.385049 123.360524 123.348702 123.335698 123.322995 123.311173 123.296396 123.284284 123.270689 123.258867 123.247347 123.233160 123.220156 123.208333 123.197404 123.185582 123.171987 123.161058 123.148053 123.136822 123.123529 123.115844 123.102840 123.095156 123.089244 123.091018 123.115253 123.142733 123.169622 123.196813 123.230795 123.268915 123.298760 123.350475 123.391551 0.000000 0.000000 0.000000 0.000000 0.000000 0.000000 0.000000 0.000000 0.000000 0.000000 0.000000 0.000000 0.000000 0.000000 0.000000 0.000000 0.000000 0.000000 0.000000 0.000000
0.000000 0.000000 0.000000 0.000000 0.000000 123.412831 123.379729 123.355795 123.343382 123.330089 123.317675 123.305853 123.291378 123.278964 123.265369 123.253547 123.242027 123.228431 123.214836 123.203315 123.193267 123.180262 123.166667 123.155738 123.142733 123.131502 123.119982 123.110524 123.100475 123.090427 123.088062 123.098702 123.116435 123.146280 123.178489 123.214836 123.243800 123.279555 123.320631 123.358160 123.402782 0.000000 0.000000 0.000000 0.000000 0.000000 0.000000 0.000000 0.000000 0.000000 0.000000 0.000000 0.000000 0.000000 0.000000 0.000000 0.000000 0.000000 0.000000 0.000000 0.000000
0.000000 0.000000 0.000000 0.000000 0.000000 123.407511 123.375000 123.350475 123.338062 123.324769 123.312355 123.300533 123.286058 123.273644 123.260049 123.247938 123.236707 123.223111 123.210107 123.197995 123.187947 123.174942 123.161649 123.150418 123.138004 123.126182 123.118209 123.105204 123.097520 123.086880 123.086880 123.106978 123.126182 123.150418 123.193267 123.220747 123.254729 123.284284 123.335698 123.379729 0.000000 0.000000 0.000000 0.000000 0.000000 0.000000 0.000000 0.000000 0.000000 0.000000 0.000000 0.000000 0.000000 0.000000 0.000000 0.000000 0.000000 0.000000 0.000000 0.000000 0.000000
0.000000 0.000000 0.000000 0.000000 0.000000 123.402191 123.369391 123.345156 123.332453 123.320040 123.307036 123.295213 123.280738 123.268324 123.254729 123.243209 123.231387 123.217791 123.205089 123.192675 123.182627 123.170213 123.156920 123.145098 123.132684 123.121164 123.112889 123.099884 123.092200 123.085698 123.088653 123.111707 123.139778 123.167258 123.193267 123.226658 123.268915 123.303489 123.348111 123.391551 0.000000 0.000000 0.000000 0.000000 0.000000 0.000000 0.000000 0.000000 0.000000 0.000000 0.000000 0.000000 0.000000 0.000000 0.000000 0.000000 0.000000 0.000000 0.000000 0.000000 0.000000
0.000000 0.000000 0.000000 0.000000 0.000000 123.396871 123.364662 123.339836 123.327724 123.314720 123.301716 123.289604 123.275418 123.263596 123.250000 123.237889 123.226067 123.212471 123.199769 123.188538 123.177307 123.164604 123.151600 123.139778 123.127364 123.115844 123.107569 123.096929 123.087471 123.084516 123.089836 123.114662 123.143324 123.172578 123.210698 123.239662 123.271871 123.320040 123.369391 123.416378 0.000000 0.000000 0.000000 0.000000 0.000000 0.000000 0.000000 0.000000 0.000000 0.000000 0.000000 0.000000 0.000000 0.000000 0.000000 0.000000 0.000000 0.000000 0.000000 0.000000 0.000000
0.000000 0.000000 0.000000 0.000000 0.000000 123.391551 123.359342 123.334516 123.322404 123.309400 123.296396 123.284875 123.270098 123.257684 123.244982 123.232569 123.220747 123.207453 123.194449 123.184991 123.171987 123.159284 123.146280 123.135049 123.121755 123.113480 123.102249 123.094564 123.083333 123.083044 123.102840 123.124711 123.146280 123.182627 123.214836 123.250000 123.281329 123.331862 123.379138 0.000000 0.000000 0.000000 0.000000 0.000000 0.000000 0.000000 0.000000 0.000000 0.000000 0.000000 0.000000 0.000000 0.000000 0.000000 0.000000 0.000000 0.000000 0.000000 0.000000 0.000000 0.000000
0.000000 0.000000 0.000000 0.000000 0.000000 123.386231 123.354022 123.329498 123.317084 123.304080 123.291378 123.279555 123.264778 123.252956 123.239662 123.227249 123.215427 123.202133 123.189129 123.179671 123.166667 123.154555 123.140960 123.129729 123.117027 123.108160 123.096929 123.089244 123.081862 123.083333 123.107569 123.135640 123.166378 123.189720 123.222520 123.265960 123.308809 123.341018 123.388004 0.000000 0.000000 0.000000 0.000000 0.000000 0.000000 0.000000 0.000000 0.000000 0.000000 0.000000 0.000000 0.000000 0.000000 0.000000 0.000000 0.000000 0.000000 0.000000 0.000000 0.000000 0.000000
0.000000 0.000000 0.000000 0.000000 123.412831 123.380911 123.348702 123.324178 123.311764 123.298760 123.286058 123.274235 123.259458 123.247347 123.234342 123.221929 123.210107 123.196813 123.183809 123.174351 123.161649 123.149235 123.135640 123.124120 123.112298 123.102840 123.092791 123.083924 123.080680 123.085698 123.115253 123.136231 123.178489 123.206862 123.240844 123.271871 123.316493 123.368209 123.411649 0.000000 0.000000 0.000000 0.000000 0.000000 0.000000 0.000000 0.000000 0.000000 0.000000 0.000000 0.000000 0.000000 0.000000 0.000000 0.000000 0.000000 0.000000 0.000000 0.000000 0.000000 0.000000
0.000000 0.000000 0.000000 0.000000 123.407511 123.375591 123.343382 123.318858 123.306444 123.293440 123.281329 123.268915 123.254138 123.242027 123.229022 123.216609 123.205089 123.191493 123.180853 123.169031 123.156329 123.143915 123.130911 123.118800 123.110524 123.097520 123.089836 123.079498 123.079498 123.098702 123.120573 123.142733 123.179671 123.218382 123.256502 123.282511 123.327133 123.380320 0.000000 0.000000 0.000000 0.000000 0.000000 0.000000 0.000000 0.000000 0.000000 0.000000 0.000000 0.000000 0.000000 0.000000 0.000000 0.000000 0.000000 0.000000 0.000000 0.000000 0.000000 0.000000 0.000000
0.000000 0.000000 0.000000 0.000000 123.402191 123.370573 123.338062 123.313538 123.301124 123.288422 123.276009 123.263596 123.249120 123.237298 123.223702 123.211289 123.199769 123.186173 123.176716 123.163422 123.151009 123.138596 123.125591 123.114071 123.105795 123.092791 123.085107 123.078315 123.079498 123.102840 123.132093 123.164013 123.184991 123.221929 123.261231 123.299351 123.342200 123.391551 0.000000 0.000000 0.000000 0.000000 0.000000 0.000000 0.000000 0.000000 0.000000 0.000000 0.000000 0.000000 0.000000 0.000000 0.000000 0.000000 0.000000 0.000000 0.000000 0.000000 0.000000 0.000000 0.000000
0.000000 0.000000 0.000000 0.000000 123.397462 123.365844 123.333333 123.308809 123.295804 123.283102 123.270689 123.258276 123.243800 123.231978 123.218973 123.206271 123.194449 123.180853 123.171396 123.158693 123.146280 123.133276 123.120573 123.108751 123.101067 123.088653 123.080089 123.076542 123.081862 123.117027 123.132093 123.171396 123.210107 123.231978 123.270689 123.312355 123.356978 123.406329 0.000000 0.000000 0.000000 0.000000 0.000000 0.000000 0.000000 0.000000 0.000000 0.000000 0.000000 0.000000 0.000000 0.000000 0.000000 0.000000 0.000000 0.000000 0.000000 0.000000 0.000000 0.000000 0.000000
0.000000 0.000000 0.000000 0.000000 123.392142 123.360524 123.328315 123.303489 123.290787 123.277782 123.265369 123.252956 123.238480 123.226658 123.213062 123.200951 123.189129 123.176124 123.166378 123.153373 123.140960 123.127956 123.115253 123.106387 123.095747 123.086880 123.075951 123.075360 123.093382 123.117027 123.138596 123.176124 123.214244 123.250591 123.289604 123.331271 123.369982 0.000000 0.000000 0.000000 0.000000 0.000000 0.000000 0.000000 0.000000 0.000000 0.000000 0.000000 0.000000 0.000000 0.000000 0.000000 0.000000 0.000000 0.000000 0.000000 0.000000 0.000000 0.000000 0.000000 0.000000
