FireSTARR/test/constant/C2_S060_A270_WD225_WS020/arrival.asc
ncols         116
nrows         331
xllcorner     425903.990666
yllcorner     12748655.311160
cellsize      100.000000
NODATA_value  0.000000
[rows 189 to 215 of 331, columns 0 to 60 of 116]
0.000000 0.000000 0.000000 0.000000 0.000000 0.000000 0.000000 0.000000 0.000000 0.000000 0.000000 0.000000 0.000000 0.000000 0.000000 0.000000 0.000000 0.000000 0.000000 0.000000 0.000000 0.000000 0.000000 0.000000 0.000000 0.000000 0.000000 0.000000 0.000000 0.000000 0.000000 123.416378 123.406329 123.393915 123.380911 123.368209 123.355204 123.342791 123.332453 123.320631 123.307627 123.294622 123.284284 123.271871 123.258867 123.246164 123.234342 123.224884 123.216018 123.204498 123.194449 123.189720 123.177898 123.176716 123.183218 123.200360 123.218973 123.240844 123.270689 123.300533 123.330680
0.000000 0.000000 0.000000 0.000000 0.000000 0.000000 0.000000 0.000000 0.000000 0.000000 0.000000 0.000000 0.000000 0.000000 0.000000 0.000000 0.000000 0.000000 0.000000 0.000000 0.000000 0.000000 0.000000 0.000000 0.000000 0.000000 0.000000 0.000000 0.000000 0.000000 0.000000 123.414013 123.401009 123.388596 123.375591 123.362889 123.349293 123.338653 123.327133 123.315311 123.302307 123.289604 123.280738 123.266551 123.253547 123.240844 123.229022 123.222520 123.210698 123.202133 123.191493 123.184400 123.175533 123.176124 123.184400 123.210107 123.224293 123.249711 123.276009 123.311173 123.336880
0.000000 0.000000 0.000000 0.000000 0.000000 0.000000 0.000000 0.000000 0.000000 0.000000 0.000000 0.000000 0.000000 0.000000 0.000000 0.000000 0.000000 0.000000 0.000000 0.000000 0.000000 0.000000 0.000000 0.000000 0.000000 0.000000 0.000000 0.000000 0.000000 0.000000 123.416378 123.408693 123.395689 123.383276 123.370573 123.357569 123.344564 123.333924 123.321813 123.309991 123.296987 123.284284 123.275418 123.261231 123.248529 123.235524 123.223702 123.218382 123.205680 123.196813 123.188538 123.179080 123.174351 123.176716 123.195040 123.212471 123.231387 123.257093 123.289013 123.318267 123.341018
0.000000 0.000000 0.000000 0.000000 0.000000 0.000000 0.000000 0.000000 0.000000 0.000000 0.000000 0.000000 0.000000 0.000000 0.000000 0.000000 0.000000 0.000000 0.000000 0.000000 0.000000 0.000000 0.000000 0.000000 0.000000 0.000000 0.000000 0.000000 0.000000 0.000000 123.412240 123.403373 123.390369 123.377956 123.365253 123.352249 123.339244 123.328907 123.316493 123.304671 123.291667 123.280147 123.270689 123.255911 123.243209 123.230204 123.221929 123.213062 123.200360 123.191493 123.186173 123.173760 123.173169 123.179080 123.195631 123.214836 123.237298 123.267142 123.296396 123.322995 123.353431
0.000000 0.000000 0.000000 0.000000 0.000000 0.000000 0.000000 0.000000 0.000000 0.000000 0.000000 0.000000 0.000000 0.000000 0.000000 0.000000 0.000000 0.000000 0.000000 0.000000 0.000000 0.000000 0.000000 0.000000 0.000000 0.000000 0.000000 0.000000 0.000000 0.000000 123.410467 123.398053 123.385049 123.372938 123.359933 123.346929 123.333924 123.323587 123.311173 123.299351 123.286649 123.277782 123.265369 123.250591 123.237889 123.224884 123.218973 123.208044 123.197995 123.187355 123.181444 123.171396 123.171987 123.180262 123.206271 123.222520 123.252364 123.276600 123.307036 123.332453 123.356978
0.000000 0.000000 0.000000 0.000000 0.000000 0.000000 0.000000 0.000000 0.000000 0.000000 0.000000 0.000000 0.000000 0.000000 0.000000 0.000000 0.000000 0.000000 0.000000 0.000000 0.000000 0.000000 0.000000 0.000000 0.000000 0.000000 0.000000 0.000000 0.000000 123.413422 123.406329 123.392733 123.379729 123.367618 123.354613 123.341609 123.328907 123.318267 123.305853 123.294031 123.281329 123.272462 123.260049 123.245573 123.232569 123.220156 123.215427 123.202724 123.193858 123.184991 123.176124 123.170213 123.175533 123.191493 123.208333 123.229022 123.254138 123.286058 123.317675 123.337471 123.374711
0.000000 0.000000 0.000000 0.000000 0.000000 0.000000 0.000000 0.000000 0.000000 0.000000 0.000000 0.000000 0.000000 0.000000 0.000000 0.000000 0.000000 0.000000 0.000000 0.000000 0.000000 0.000000 0.000000 0.000000 0.000000 0.000000 0.000000 0.000000 0.000000 123.408693 123.401009 123.387413 123.374711 123.362298 123.349293 123.336289 123.323587 123.312947 123.300533 123.289013 123.276600 123.267142 123.254729 123.240253 123.227249 123.217791 123.210107 123.197404 123.188538 123.182036 123.170804 123.169031 123.174942 123.191493 123.210698 123.233160 123.263004 123.296396 123.323587 123.345156 123.377364
0.000000 0.000000 0.000000 0.000000 0.000000 0.000000 0.000000 0.000000 0.000000 0.000000 0.000000 0.000000 0.000000 0.000000 0.000000 0.000000 0.000000 0.000000 0.000000 0.000000 0.000000 0.000000 0.000000 0.000000 0.000000 0.000000 0.000000 0.000000 123.414013 123.406920 123.395689 123.382093 123.369982 123.356978 123.343973 123.331271 123.318858 123.307627 123.295804 123.283693 123.273644 123.261822 123.249711 123.234933 123.221929 123.214244 123.205089 123.194449 123.183809 123.177898 123.167849 123.168440 123.176716 123.202133 123.220747 123.248529 123.264778 123.302307 123.327724 123.352840 123.398053
0.000000 0.000000 0.000000 0.000000 0.000000 0.000000 0.000000 0.000000 0.000000 0.000000 0.000000 0.000000 0.000000 0.000000 0.000000 0.000000 0.000000 0.000000 0.000000 0.000000 0.000000 0.000000 0.000000 0.000000 0.000000 0.000000 0.000000 0.000000 123.409284 123.402191 123.390369 123.376773 123.364662 123.351658 123.339244 123.325951 123.315311 123.302307 123.290195 123.278373 123.268915 123.256502 123.244391 123.229613 123.216609 123.210698 123.199769 123.190902 123.181444 123.172578 123.166378 123.171396 123.184991 123.204498 123.227840 123.249120 123.287831 123.314129 123.333924 123.370573 123.398644
0.000000 0.000000 0.000000 0.000000 0.000000 0.000000 0.000000 0.000000 0.000000 0.000000 0.000000 0.000000 0.000000 0.000000 0.000000 0.000000 0.000000 0.000000 0.000000 0.000000 0.000000 0.000000 0.000000 0.000000 0.000000 0.000000 0.000000 123.414013 123.405147 123.396871 123.385640 123.371755 123.359342 123.346338 123.333924 123.321222 123.311764 123.296987 123.284875 123.273053 123.264187 123.251182 123.239071 123.224293 123.214244 123.205680 123.194449 123.185582 123.177898 123.167849 123.165195 123.171396 123.187947 123.206862 123.229022 123.259458 123.298169 123.323587 123.341018 123.375000 123.401009
0.000000 0.000000 0.000000 0.000000 0.000000 0.000000 0.000000 0.000000 0.000000 0.000000 0.000000 0.000000 0.000000 0.000000 0.000000 0.000000 0.000000 0.000000 0.000000 0.000000 0.000000 0.000000 0.000000 0.000000 0.000000 0.000000 0.000000 123.411058 123.403373 123.392142 123.380320 123.366435 123.354022 123.341018 123.328315 123.315902 123.306444 123.291667 123.279555 123.269507 123.258867 123.246164 123.233751 123.218973 123.210107 123.200360 123.190902 123.180262 123.174351 123.164013 123.164604 123.172578 123.197995 123.213062 123.244982 123.265369 123.298760 123.325951 123.355204 123.389778 123.408102
0.000000 0.000000 0.000000 0.000000 0.000000 0.000000 0.000000 0.000000 0.000000 0.000000 0.000000 0.000000 0.000000 0.000000 0.000000 0.000000 0.000000 0.000000 0.000000 0.000000 0.000000 0.000000 0.000000 0.000000 0.000000 0.000000 0.000000 123.406920 123.398644 123.386822 123.374711 123.361115 123.348702 123.336289 123.322995 123.311173 123.301124 123.286649 123.274827 123.265369 123.253547 123.240844 123.228431 123.214244 123.206271 123.195040 123.187355 123.177307 123.168440 123.162831 123.167258 123.183218 123.200360 123.223111 123.245573 123.284284 123.309991 123.336289 123.366435 123.395098 0.000000
0.000000 0.000000 0.000000 0.000000 0.000000 0.000000 0.000000 0.000000 0.000000 0.000000 0.000000 0.000000 0.000000 0.000000 0.000000 0.000000 0.000000 0.000000 0.000000 0.000000 0.000000 0.000000 0.000000 0.000000 0.000000 0.000000 123.412240 123.401009 123.393915 123.381502 123.369391 123.355795 123.343382 123.330680 123.317675 123.307627 123.295804 123.281329 123.269507 123.260640 123.247938 123.235524 123.223111 123.208333 123.201542 123.190311 123.181444 123.173169 123.163422 123.161649 123.167258 123.183809 123.202724 123.228431 123.255320 123.286649 123.314720 123.344564 123.368209 123.403964 0.000000
0.000000 0.000000 0.000000 0.000000 0.000000 0.000000 0.000000 0.000000 0.000000 0.000000 0.000000 0.000000 0.000000 0.000000 0.000000 0.000000 0.000000 0.000000 0.000000 0.000000 0.000000 0.000000 0.000000 0.000000 0.000000 0.000000 123.407511 123.399235 123.388596 123.376182 123.364071 123.351067 123.338062 123.325360 123.312355 123.302307 123.290787 123.276009 123.264778 123.255320 123.243209 123.230204 123.217791 123.206271 123.196222 123.186764 123.176716 123.169622 123.160467 123.160467 123.168440 123.194449 123.214244 123.232569 123.267733 123.294622 123.321813 123.353431 123.383867 123.408102 0.000000
0.000000 0.000000 0.000000 0.000000 0.000000 0.000000 0.000000 0.000000 0.000000 0.000000 0.000000 0.000000 0.000000 0.000000 0.000000 0.000000 0.000000 0.000000 0.000000 0.000000 0.000000 0.000000 0.000000 0.000000 0.000000 123.414604 123.402191 123.394507 123.383276 123.371164 123.359342 123.345747 123.333044 123.320040 123.307627 123.296987 123.285467 123.270689 123.261231 123.250000 123.237889 123.224884 123.213062 123.201542 123.190902 123.184400 123.173169 123.165787 123.159284 123.164013 123.172578 123.196813 123.220156 123.242618 123.280147 123.305853 123.331862 123.362298 123.390369 0.000000 0.000000
0.000000 0.000000 0.000000 0.000000 0.000000 0.000000 0.000000 0.000000 0.000000 0.000000 0.000000 0.000000 0.000000 0.000000 0.000000 0.000000 0.000000 0.000000 0.000000 0.000000 0.000000 0.000000 0.000000 0.000000 0.000000 123.409284 123.397462 123.389187 123.377956 123.365844 123.354022 123.340427 123.327724 123.315311 123.302307 123.292258 123.280147 123.265960 123.256502 123.244982 123.232569 123.220156 123.207453 123.198587 123.186173 123.179080 123.170213 123.160467 123.157511 123.163422 123.180262 123.200360 123.227249 123.251182 123.284875 123.314129 123.339836 123.379138 123.399235 0.000000 0.000000
0.000000 0.000000 0.000000 0.000000 0.000000 0.000000 0.000000 0.000000 0.000000 0.000000 0.000000 0.000000 0.000000 0.000000 0.000000 0.000000 0.000000 0.000000 0.000000 0.000000 0.000000 0.000000 0.000000 0.000000 123.416667 123.404555 123.395689 123.383867 123.372938 123.360524 123.348702 123.335107 123.322404 123.309991 123.299351 123.287240 123.274827 123.260640 123.251773 123.240253 123.227249 123.214836 123.202133 123.193858 123.182627 123.173760 123.165195 123.156329 123.156920 123.164604 123.190311 123.211289 123.230204 123.264187 123.290787 123.326542 123.351067 123.382093 123.411649 0.000000 0.000000
0.000000 0.000000 0.000000 0.000000 0.000000 0.000000 0.000000 0.000000 0.000000 0.000000 0.000000 0.000000 0.000000 0.000000 0.000000 0.000000 0.000000 0.000000 0.000000 0.000000 0.000000 0.000000 0.000000 0.000000 123.412240 123.399235 123.390960 123.379138 123.367618 123.355795 123.343382 123.330089 123.317084 123.304671 123.296396 123.281920 123.269507 123.257684 123.247347 123.234933 123.221929 123.209516 123.199769 123.187947 123.180262 123.169031 123.161058 123.155147 123.157511 123.174942 123.192675 123.217200 123.240253 123.270098 123.301716 123.327724 123.364071 123.386822 0.000000 0.000000 0.000000
0.000000 0.000000 0.000000 0.000000 0.000000 0.000000 0.000000 0.000000 0.000000 0.000000 0.000000 0.000000 0.000000 0.000000 0.000000 0.000000 0.000000 0.000000 0.000000 0.000000 0.000000 0.000000 0.000000 0.000000 123.406920 123.393915 123.385640 123.373529 123.362298 123.349884 123.338062 123.324769 123.312355 123.299351 123.291378 123.276600 123.264778 123.252956 123.242027 123.229613 123.216609 123.204498 123.195040 123.183218 123.174942 123.167258 123.156329 123.153964 123.159875 123.175533 123.197404 123.223702 123.246164 123.283102 123.309400 123.336289 123.375000 123.398053 0.000000 0.000000 0.000000
0.000000 0.000000 0.000000 0.000000 0.000000 0.000000 0.000000 0.000000 0.000000 0.000000 0.000000 0.000000 0.000000 0.000000 0.000000 0.000000 0.000000 0.000000 0.000000 0.000000 0.000000 0.000000 0.000000 123.415787 123.401600 123.390960 123.380320 123.368209 123.356978 123.345156 123.333044 123.319449 123.307036 123.295213 123.286058 123.271280 123.258867 123.247347 123.237298 123.224293 123.211289 123.199178 123.189720 123.179080 123.170213 123.162831 123.152782 123.152782 123.161058 123.186173 123.208333 123.230204 123.264778 123.287240 123.323587 123.348702 123.376182 123.407511 0.000000 0.000000 0.000000
0.000000 0.000000 0.000000 0.000000 0.000000 0.000000 0.000000 0.000000 0.000000 0.000000 0.000000 0.000000 0.000000 0.000000 0.000000 0.000000 0.000000 0.000000 0.000000 0.000000 0.000000 0.000000 0.000000 123.410467 123.396280 123.386231 123.375000 123.362889 123.351658 123.339836 123.327724 123.314129 123.301716 123.291667 123.280738 123.265960 123.254138 123.242027 123.231978 123.218973 123.206271 123.195040 123.184400 123.177307 123.165195 123.157511 123.151600 123.153373 123.171396 123.188538 123.210107 123.237889 123.268915 123.298169 123.324178 123.358751 123.383276 0.000000 0.000000 0.000000 0.000000
0.000000 0.000000 0.000000 0.000000 0.000000 0.000000 0.000000 0.000000 0.000000 0.000000 0.000000 0.000000 0.000000 0.000000 0.000000 0.000000 0.000000 0.000000 0.000000 0.000000 0.000000 0.000000 0.000000 123.405738 123.390960 123.382093 123.369982 123.358160 123.346338 123.334516 123.322995 123.309400 123.296396 123.286649 123.275418 123.260640 123.248529 123.239071 123.226658 123.213653 123.200951 123.192084 123.179080 123.171987 123.163422 123.152191 123.150418 123.155738 123.174942 123.199769 123.219564 123.250591 123.274827 123.307627 123.336289 123.371164 123.386822 0.000000 0.000000 0.000000 0.000000
0.000000 0.000000 0.000000 0.000000 0.000000 0.000000 0.000000 0.000000 0.000000 0.000000 0.000000 0.000000 0.000000 0.000000 0.000000 0.000000 0.000000 0.000000 0.000000 0.000000 0.000000 0.000000 123.412831 123.399827 123.386822 123.377956 123.364662 123.352840 123.341018 123.329498 123.317084 123.304080 123.291378 123.281329 123.270098 123.255320 123.243209 123.234342 123.221338 123.208333 123.195631 123.186764 123.174942 123.167258 123.159875 123.148644 123.149235 123.156329 123.183809 123.202133 123.224293 123.260049 123.282511 123.319449 123.345156 123.372938 123.412240 0.000000 0.000000 0.000000 0.000000
0.000000 0.000000 0.000000 0.000000 0.000000 0.000000 0.000000 0.000000 0.000000 0.000000 0.000000 0.000000 0.000000 0.000000 0.000000 0.000000 0.000000 0.000000 0.000000 0.000000 0.000000 0.000000 123.407511 123.395098 123.382684 123.372938 123.359342 123.347520 123.335698 123.324178 123.312355 123.298760 123.286058 123.276009 123.264778 123.250000 123.237889 123.229022 123.216018 123.203315 123.190902 123.181444 123.172578 123.162240 123.154555 123.147462 123.149827 123.167258 123.184991 123.207453 123.230204 123.269507 123.294031 123.327133 123.361707 123.381502 0.000000 0.000000 0.000000 0.000000 0.000000
0.000000 0.000000 0.000000 0.000000 0.000000 0.000000 0.000000 0.000000 0.000000 0.000000 0.000000 0.000000 0.000000 0.000000 0.000000 0.000000 0.000000 0.000000 0.000000 0.000000 0.000000 123.415195 123.402191 123.389778 123.377364 123.367618 123.354022 123.342200 123.330680 123.318858 123.307036 123.293440 123.283693 123.270689 123.259458 123.244982 123.233751 123.223702 123.210698 123.197995 123.187947 123.176124 123.167849 123.159875 123.149235 123.146280 123.152191 123.170804 123.197995 123.215427 123.247938 123.271871 123.297578 123.333044 123.367027 123.387413 0.000000 0.000000 0.000000 0.000000 0.000000
0.000000 0.000000 0.000000 0.000000 0.000000 0.000000 0.000000 0.000000 0.000000 0.000000 0.000000 0.000000 0.000000 0.000000 0.000000 0.000000 0.000000 0.000000 0.000000 0.000000 0.000000 123.409875 123.396871 123.384458 123.374120 123.362298 123.348702 123.336880 123.325360 123.314129 123.301716 123.288422 123.279555 123.265369 123.254138 123.239662 123.230204 123.218382 123.205680 123.192675 123.183809 123.171987 123.162831 123.157511 123.145098 123.145098 123.156920 123.179671 123.197995 123.221929 123.256502 123.284875 123.315311 123.346338 123.367618 123.406920 0.000000 0.000000 0.000000 0.000000 0.000000
0.000000 0.000000 0.000000 0.000000 0.000000 0.000000 0.000000 0.000000 0.000000 0.000000 0.000000 0.000000 0.000000 0.000000 0.000000 0.000000 0.000000 0.000000 0.000000 0.000000 123.416667 123.404555 123.391551 123.379138 123.369982 123.356978 123.343973 123.331271 123.320040 123.308809 123.296396 123.283102 123.274235 123.260049 123.249120 123.234342 123.224884 123.213062 123.200360 123.187947 123.178489 123.169622 123.157511 123.152191 123.143915 123.145098 123.162831 123.180853 123.203907 123.237298 123.265369 123.290195 123.327133 123.356978 123.377956 0.000000 0.000000 0.000000 0.000000 0.000000 0.000000
