FireSTARR/test/constant/C2_S060_A270_WD225_WS020/arrival.asc
ncols         116
nrows         331
xllcorner     425903.990666
yllcorner     12748655.311160
cellsize      100.000000
NODATA_value  0.000000
[rows 270 to 296 of 331, columns 0 to 60 of 116]
0.000000 0.000000 0.000000 0.000000 123.386822 123.355204 123.322995 123.298169 123.285467 123.272462 123.260049 123.247938 123.233160 123.221338 123.208044 123.195631 123.184400 123.171987 123.161058 123.148053 123.135640 123.122938 123.109933 123.102249 123.090427 123.082453 123.074178 123.075951 123.100475 123.127956 123.162240 123.188538 123.223702 123.258276 123.294622 123.345156 123.396280 0.000000 0.000000 0.000000 0.000000 0.000000 0.000000 0.000000 0.000000 0.000000 0.000000 0.000000 0.000000 0.000000 0.000000 0.000000 0.000000 0.000000 0.000000 0.000000 0.000000 0.000000 0.000000 0.000000 0.000000
0.000000 0.000000 0.000000 123.412831 123.381502 123.349884 123.317675 123.292849 123.280147 123.267142 123.254729 123.242618 123.228431 123.216018 123.202724 123.190311 123.178489 123.167258 123.155738 123.142733 123.130320 123.117618 123.105204 123.096929 123.085107 123.077133 123.072995 123.080089 123.104613 123.128547 123.167849 123.206862 123.236115 123.268915 123.308218 123.364662 123.412831 0.000000 0.000000 0.000000 0.000000 0.000000 0.000000 0.000000 0.000000 0.000000 0.000000 0.000000 0.000000 0.000000 0.000000 0.000000 0.000000 0.000000 0.000000 0.000000 0.000000 0.000000 0.000000 0.000000 0.000000
0.000000 0.000000 0.000000 123.407511 123.376182 123.344564 123.312355 123.287831 123.274827 123.262413 123.249711 123.237298 123.223111 123.210698 123.197404 123.184991 123.173760 123.162240 123.150418 123.137413 123.124711 123.112298 123.102840 123.091609 123.083044 123.071813 123.071813 123.092200 123.112889 123.133276 123.173760 123.209516 123.245573 123.283693 123.336880 123.385049 0.000000 0.000000 0.000000 0.000000 0.000000 0.000000 0.000000 0.000000 0.000000 0.000000 0.000000 0.000000 0.000000 0.000000 0.000000 0.000000 0.000000 0.000000 0.000000 0.000000 0.000000 0.000000 0.000000 0.000000 0.000000
0.000000 0.000000 0.000000 123.402191 123.371164 123.339244 123.307036 123.282511 123.270098 123.257093 123.244982 123.231978 123.217791 123.205680 123.192675 123.179671 123.168440 123.157511 123.145098 123.132093 123.119982 123.106978 123.098111 123.086880 123.078315 123.070631 123.071813 123.096929 123.124120 123.155738 123.184400 123.224884 123.254138 123.301716 123.355795 123.399827 0.000000 0.000000 0.000000 0.000000 0.000000 0.000000 0.000000 0.000000 0.000000 0.000000 0.000000 0.000000 0.000000 0.000000 0.000000 0.000000 0.000000 0.000000 0.000000 0.000000 0.000000 0.000000 0.000000 0.000000 0.000000
0.000000 0.000000 0.000000 123.396871 123.365844 123.334516 123.301716 123.277191 123.265960 123.251773 123.239071 123.227249 123.212471 123.200360 123.187355 123.174351 123.164013 123.151600 123.139778 123.126773 123.114662 123.101658 123.092791 123.081271 123.072995 123.069449 123.076542 123.101067 123.124120 123.165195 123.201542 123.236707 123.273644 123.320040 123.372938 123.415195 0.000000 0.000000 0.000000 0.000000 0.000000 0.000000 0.000000 0.000000 0.000000 0.000000 0.000000 0.000000 0.000000 0.000000 0.000000 0.000000 0.000000 0.000000 0.000000 0.000000 0.000000 0.000000 0.000000 0.000000 0.000000
0.000000 0.000000 0.000000 123.391551 123.360524 123.329498 123.296396 123.271871 123.260640 123.246755 123.234342 123.221929 123.207453 123.195040 123.182036 123.169622 123.160467 123.146871 123.134458 123.121755 123.109342 123.098111 123.087471 123.079498 123.068267 123.067675 123.081862 123.109933 123.143324 123.171396 123.213062 123.243209 123.285467 123.333044 123.391551 0.000000 0.000000 0.000000 0.000000 0.000000 0.000000 0.000000 0.000000 0.000000 0.000000 0.000000 0.000000 0.000000 0.000000 0.000000 0.000000 0.000000 0.000000 0.000000 0.000000 0.000000 0.000000 0.000000 0.000000 0.000000 0.000000
0.000000 0.000000 0.000000 123.386231 123.355204 123.324178 123.291378 123.267142 123.255320 123.241435 123.229022 123.216609 123.202133 123.189720 123.176716 123.164013 123.155147 123.141551 123.129138 123.116435 123.104022 123.094564 123.082453 123.074769 123.066493 123.067675 123.092791 123.120573 123.149827 123.195631 123.220747 123.252956 123.299351 123.357569 123.395689 0.000000 0.000000 0.000000 0.000000 0.000000 0.000000 0.000000 0.000000 0.000000 0.000000 0.000000 0.000000 0.000000 0.000000 0.000000 0.000000 0.000000 0.000000 0.000000 0.000000 0.000000 0.000000 0.000000 0.000000 0.000000 0.000000
0.000000 0.000000 123.412831 123.381502 123.349884 123.318858 123.286649 123.261822 123.250000 123.236115 123.223702 123.211289 123.196813 123.184400 123.171396 123.159284 123.149827 123.136231 123.124120 123.111115 123.098702 123.089836 123.077724 123.070040 123.065311 123.077133 123.097520 123.120573 123.161649 123.199769 123.229022 123.276009 123.328907 123.379138 0.000000 0.000000 0.000000 0.000000 0.000000 0.000000 0.000000 0.000000 0.000000 0.000000 0.000000 0.000000 0.000000 0.000000 0.000000 0.000000 0.000000 0.000000 0.000000 0.000000 0.000000 0.000000 0.000000 0.000000 0.000000 0.000000 0.000000
0.000000 0.000000 123.407511 123.376182 123.344564 123.313538 123.281329 123.256502 123.244982 123.230795 123.218382 123.206271 123.191493 123.179080 123.166378 123.156920 123.144507 123.130911 123.118800 123.105795 123.093382 123.084516 123.075951 123.065311 123.064129 123.081271 123.107569 123.141551 123.167849 123.211880 123.245573 123.289013 123.348702 123.390960 0.000000 0.000000 0.000000 0.000000 0.000000 0.000000 0.000000 0.000000 0.000000 0.000000 0.000000 0.000000 0.000000 0.000000 0.000000 0.000000 0.000000 0.000000 0.000000 0.000000 0.000000 0.000000 0.000000 0.000000 0.000000 0.000000 0.000000
0.000000 0.000000 123.402191 123.371164 123.339244 123.308218 123.276009 123.251182 123.239662 123.225475 123.213062 123.200951 123.186173 123.174351 123.161058 123.151600 123.139187 123.125591 123.113480 123.100475 123.089836 123.079498 123.070631 123.062947 123.064129 123.088653 123.109933 123.156329 123.188538 123.214836 123.260049 123.309400 123.364071 123.409875 0.000000 0.000000 0.000000 0.000000 0.000000 0.000000 0.000000 0.000000 0.000000 0.000000 0.000000 0.000000 0.000000 0.000000 0.000000 0.000000 0.000000 0.000000 0.000000 0.000000 0.000000 0.000000 0.000000 0.000000 0.000000 0.000000 0.000000
0.000000 0.000000 123.396871 123.365844 123.333924 123.302898 123.270689 123.246164 123.234342 123.220156 123.208044 123.195631 123.180853 123.168440 123.155738 123.146280 123.133867 123.120573 123.108160 123.095747 123.085698 123.074178 123.065902 123.061764 123.072995 123.095747 123.116435 123.163422 123.195631 123.233160 123.274235 123.323587 123.380911 0.000000 0.000000 0.000000 0.000000 0.000000 0.000000 0.000000 0.000000 0.000000 0.000000 0.000000 0.000000 0.000000 0.000000 0.000000 0.000000 0.000000 0.000000 0.000000 0.000000 0.000000 0.000000 0.000000 0.000000 0.000000 0.000000 0.000000 0.000000
0.000000 0.000000 123.391551 123.360524 123.328907 123.297578 123.265369 123.240844 123.229022 123.215427 123.203315 123.190311 123.175533 123.163422 123.152191 123.141551 123.128547 123.115844 123.102840 123.091018 123.080680 123.071813 123.060582 123.060582 123.074769 123.105795 123.132093 123.174942 123.210107 123.242618 123.289013 123.348111 123.393324 0.000000 0.000000 0.000000 0.000000 0.000000 0.000000 0.000000 0.000000 0.000000 0.000000 0.000000 0.000000 0.000000 0.000000 0.000000 0.000000 0.000000 0.000000 0.000000 0.000000 0.000000 0.000000 0.000000 0.000000 0.000000 0.000000 0.000000 0.000000
0.000000 0.000000 123.386822 123.355204 123.323587 123.292849 123.260049 123.235524 123.223702 123.210107 123.197995 123.184991 123.170213 123.158102 123.148053 123.136231 123.123529 123.110524 123.097520 123.086880 123.075360 123.068267 123.058809 123.059991 123.085107 123.112298 123.143324 123.183809 123.212471 123.261822 123.318267 123.369982 123.414013 0.000000 0.000000 0.000000 0.000000 0.000000 0.000000 0.000000 0.000000 0.000000 0.000000 0.000000 0.000000 0.000000 0.000000 0.000000 0.000000 0.000000 0.000000 0.000000 0.000000 0.000000 0.000000 0.000000 0.000000 0.000000 0.000000 0.000000 0.000000
0.000000 123.412831 123.381502 123.349884 123.318267 123.287831 123.254729 123.230795 123.218382 123.204498 123.192675 123.179671 123.165195 123.152782 123.142733 123.130911 123.118209 123.105204 123.092791 123.081862 123.070631 123.062947 123.057627 123.069449 123.086289 123.112298 123.158693 123.191493 123.230204 123.280147 123.340427 123.380911 0.000000 0.000000 0.000000 0.000000 0.000000 0.000000 0.000000 0.000000 0.000000 0.000000 0.000000 0.000000 0.000000 0.000000 0.000000 0.000000 0.000000 0.000000 0.000000 0.000000 0.000000 0.000000 0.000000 0.000000 0.000000 0.000000 0.000000 0.000000 0.000000
0.000000 123.407511 123.376182 123.344564 123.312947 123.282511 123.249711 123.224884 123.213062 123.199178 123.187355 123.174351 123.159875 123.147462 123.137413 123.125591 123.112889 123.099884 123.087471 123.077724 123.068267 123.057627 123.056444 123.072404 123.101658 123.134458 123.174351 123.206271 123.242027 123.301716 123.361707 123.403964 0.000000 0.000000 0.000000 0.000000 0.000000 0.000000 0.000000 0.000000 0.000000 0.000000 0.000000 0.000000 0.000000 0.000000 0.000000 0.000000 0.000000 0.000000 0.000000 0.000000 0.000000 0.000000 0.000000 0.000000 0.000000 0.000000 0.000000 0.000000 0.000000
0.000000 123.402191 123.371164 123.339244 123.307627 123.277191 123.244982 123.220156 123.208044 123.194449 123.182036 123.169031 123.154555 123.143324 123.132093 123.120573 123.107569 123.094564 123.081862 123.072404 123.064129 123.055262 123.056444 123.081271 123.104022 123.139187 123.182036 123.213653 123.267733 123.320040 123.364662 0.000000 0.000000 0.000000 0.000000 0.000000 0.000000 0.000000 0.000000 0.000000 0.000000 0.000000 0.000000 0.000000 0.000000 0.000000 0.000000 0.000000 0.000000 0.000000 0.000000 0.000000 0.000000 0.000000 0.000000 0.000000 0.000000 0.000000 0.000000 0.000000 0.000000
0.000000 123.397462 123.365844 123.333924 123.302898 123.271871 123.239662 123.214836 123.203315 123.188538 123.176716 123.164013 123.149235 123.139778 123.127364 123.115253 123.102249 123.089244 123.076542 123.067084 123.058809 123.054080 123.065311 123.081862 123.114071 123.155147 123.187947 123.232569 123.276600 123.341609 123.376773 0.000000 0.000000 0.000000 0.000000 0.000000 0.000000 0.000000 0.000000 0.000000 0.000000 0.000000 0.000000 0.000000 0.000000 0.000000 0.000000 0.000000 0.000000 0.000000 0.000000 0.000000 0.000000 0.000000 0.000000 0.000000 0.000000 0.000000 0.000000 0.000000 0.000000
0.000000 123.392142 123.360524 123.328907 123.297578 123.266551 123.234342 123.209516 123.197995 123.183809 123.171396 123.158693 123.143915 123.134458 123.121755 123.109933 123.097520 123.083924 123.074178 123.063538 123.053489 123.052898 123.068858 123.098111 123.129138 123.170213 123.202133 123.243800 123.301716 123.354613 123.402191 0.000000 0.000000 0.000000 0.000000 0.000000 0.000000 0.000000 0.000000 0.000000 0.000000 0.000000 0.000000 0.000000 0.000000 0.000000 0.000000 0.000000 0.000000 0.000000 0.000000 0.000000 0.000000 0.000000 0.000000 0.000000 0.000000 0.000000 0.000000 0.000000 0.000000
0.000000 123.386822 123.355204 123.323587 123.291667 123.261231 123.229022 123.204498 123.192675 123.178489 123.166378 123.153373 123.139187 123.129138 123.116435 123.104613 123.091609 123.078907 123.069449 123.059991 123.051716 123.052307 123.077133 123.104613 123.143324 123.180262 123.210107 123.271280 123.318858 123.371755 0.000000 0.000000 0.000000 0.000000 0.000000 0.000000 0.000000 0.000000 0.000000 0.000000 0.000000 0.000000 0.000000 0.000000 0.000000 0.000000 0.000000 0.000000 0.000000 0.000000 0.000000 0.000000 0.000000 0.000000 0.000000 0.000000 0.000000 0.000000 0.000000 0.000000 0.000000
123.413422 123.381502 123.350475 123.318267 123.286649 123.255911 123.223702 123.199178 123.187355 123.173169 123.161058 123.148053 123.136231 123.124120 123.111115 123.099293 123.086880 123.073587 123.064720 123.054671 123.049942 123.061173 123.078315 123.105204 123.151009 123.188538 123.230795 123.286058 123.339836 123.389187 0.000000 0.000000 0.000000 0.000000 0.000000 0.000000 0.000000 0.000000 0.000000 0.000000 0.000000 0.000000 0.000000 0.000000 0.000000 0.000000 0.000000 0.000000 0.000000 0.000000 0.000000 0.000000 0.000000 0.000000 0.000000 0.000000 0.000000 0.000000 0.000000 0.000000 0.000000
123.408693 123.376182 123.344564 123.313538 123.281920 123.250591 123.218382 123.193858 123.182036 123.167849 123.155738 123.142733 123.131502 123.118800 123.106387 123.094564 123.081271 123.068858 123.058809 123.049942 123.048760 123.071813 123.089836 123.124711 123.166378 123.197404 123.241435 123.301124 123.359933 123.406329 0.000000 0.000000 0.000000 0.000000 0.000000 0.000000 0.000000 0.000000 0.000000 0.000000 0.000000 0.000000 0.000000 0.000000 0.000000 0.000000 0.000000 0.000000 0.000000 0.000000 0.000000 0.000000 0.000000 0.000000 0.000000 0.000000 0.000000 0.000000 0.000000 0.000000 0.000000
123.403373 123.371164 123.339836 123.308218 123.276600 123.245573 123.213062 123.189129 123.176716 123.162831 123.150418 123.137413 123.126182 123.113480 123.101067 123.089244 123.075951 123.066493 123.054080 123.047578 123.048169 123.072404 123.100475 123.136822 123.174351 123.221929 123.268324 123.325360 123.372347 0.000000 0.000000 0.000000 0.000000 0.000000 0.000000 0.000000 0.000000 0.000000 0.000000 0.000000 0.000000 0.000000 0.000000 0.000000 0.000000 0.000000 0.000000 0.000000 0.000000 0.000000 0.000000 0.000000 0.000000 0.000000 0.000000 0.000000 0.000000 0.000000 0.000000 0.000000 0.000000
123.398053 123.365844 123.334516 123.302898 123.271280 123.240253 123.208333 123.183809 123.171396 123.157511 123.145098 123.132684 123.121164 123.108160 123.095747 123.083333 123.070631 123.061173 123.051716 123.046396 123.058218 123.073587 123.101658 123.146871 123.183809 123.234933 123.282511 123.336880 123.385049 0.000000 0.000000 0.000000 0.000000 0.000000 0.000000 0.000000 0.000000 0.000000 0.000000 0.000000 0.000000 0.000000 0.000000 0.000000 0.000000 0.000000 0.000000 0.000000 0.000000 0.000000 0.000000 0.000000 0.000000 0.000000 0.000000 0.000000 0.000000 0.000000 0.000000 0.000000 0.000000
123.392733 123.360524 123.329498 123.297578 123.265960 123.234933 123.202724 123.178489 123.166378 123.152782 123.139778 123.127364 123.115844 123.103431 123.090427 123.078315 123.065902 123.056444 123.046396 123.045213 123.068267 123.089836 123.125000 123.161649 123.193858 123.252364 123.308809 123.362298 123.414604 0.000000 0.000000 0.000000 0.000000 0.000000 0.000000 0.000000 0.000000 0.000000 0.000000 0.000000 0.000000 0.000000 0.000000 0.000000 0.000000 0.000000 0.000000 0.000000 0.000000 0.000000 0.000000 0.000000 0.000000 0.000000 0.000000 0.000000 0.000000 0.000000 0.000000 0.000000 0.000000
123.387413 123.355204 123.324178 123.292258 123.260640 123.229613 123.197995 123.173169 123.161058 123.147462 123.134458 123.121755 123.110524 123.098111 123.085107 123.073587 123.061173 123.051124 123.044031 123.044622 123.068858 123.096338 123.135640 123.173760 123.219564 123.275418 123.328907 123.365844 0.000000 0.000000 0.000000 0.000000 0.000000 0.000000 0.000000 0.000000 0.000000 0.000000 0.000000 0.000000 0.000000 0.000000 0.000000 0.000000 0.000000 0.000000 0.000000 0.000000 0.000000 0.000000 0.000000 0.000000 0.000000 0.000000 0.000000 0.000000 0.000000 0.000000 0.000000 0.000000 0.000000
123.382093 123.350475 123.318858 123.287240 123.255320 123.224293 123.192675 123.167849 123.155738 123.142142 123.129729 123.116435 123.105204 123.092791 123.079498 123.067675 123.059400 123.048169 123.042849 123.056444 123.069449 123.098702 123.151009 123.187355 123.244982 123.293440 123.348111 123.392142 0.000000 0.000000 0.000000 0.000000 0.000000 0.000000 0.000000 0.000000 0.000000 0.000000 0.000000 0.000000 0.000000 0.000000 0.000000 0.000000 0.000000 0.000000 0.000000 0.000000 0.000000 0.000000 0.000000 0.000000 0.000000 0.000000 0.000000 0.000000 0.000000 0.000000 0.000000 0.000000 0.000000
123.376773 123.345156 123.313538 123.281920 123.250000 123.218973 123.187355 123.162831 123.150418 123.136822 123.124711 123.111707 123.099884 123.087471 123.074769 123.062947 123.055262 123.042849 123.041378 123.060582 123.086289 123.115844 123.162831 123.208333 123.260640 123.314129 123.358160 0.000000 0.000000 0.000000 0.000000 0.000000 0.000000 0.000000 0.000000 0.000000 0.000000 0.000000 0.000000 0.000000 0.000000 0.000000 0.000000 0.000000 0.000000 0.000000 0.000000 0.000000 0.000000 0.000000 0.000000 0.000000 0.000000 0.000000 0.000000 0.000000 0.000000 0.000000 0.000000 0.000000 0.000000
