FireSTARR/test/constant/C2_S060_A270_WD225_WS020/arrival.asc
ncols         116
nrows         331
xllcorner     425903.990666
yllcorner     12748655.311160
cellsize      100.000000
NODATA_value  0.000000
[rows 216 to 242 of 331, columns 0 to 60 of 116]
0.000000 0.000000 0.000000 0.000000 0.000000 0.000000 0.000000 0.000000 0.000000 0.000000 0.000000 0.000000 0.000000 0.000000 0.000000 0.000000 0.000000 0.000000 0.000000 0.000000 123.412240 123.399827 123.386231 123.374120 123.364662 123.351658 123.338653 123.326542 123.314720 123.303489 123.290787 123.279555 123.268915 123.254729 123.243800 123.229613 123.219564 123.208044 123.195040 123.183809 123.173169 123.165195 123.155738 123.146871 123.142733 123.148053 123.166378 123.192675 123.211880 123.243800 123.268324 123.299351 123.330680 123.362298 123.402191 0.000000 0.000000 0.000000 0.000000 0.000000 0.000000
0.000000 0.000000 0.000000 0.000000 0.000000 0.000000 0.000000 0.000000 0.000000 0.000000 0.000000 0.000000 0.000000 0.000000 0.000000 0.000000 0.000000 0.000000 0.000000 0.000000 123.406920 123.394507 123.380911 123.369982 123.359342 123.346338 123.333044 123.321222 123.309400 123.298169 123.286058 123.275418 123.263596 123.250000 123.238480 123.226658 123.214244 123.202724 123.189720 123.179080 123.167849 123.159875 123.152782 123.141551 123.141551 123.154555 123.175533 123.194449 123.219564 123.254138 123.283102 123.311173 123.342200 123.367618 123.402191 0.000000 0.000000 0.000000 0.000000 0.000000 0.000000
0.000000 0.000000 0.000000 0.000000 0.000000 0.000000 0.000000 0.000000 0.000000 0.000000 0.000000 0.000000 0.000000 0.000000 0.000000 0.000000 0.000000 0.000000 0.000000 123.415195 123.401600 123.389187 123.376182 123.365844 123.354022 123.341018 123.328315 123.315902 123.304671 123.292849 123.280738 123.270689 123.258276 123.244982 123.233160 123.221929 123.209516 123.197404 123.184400 123.174351 123.166378 123.154555 123.147462 123.139778 123.141551 123.158693 123.176716 123.201542 123.230204 123.258276 123.286649 123.322995 123.356387 123.373529 123.413422 0.000000 0.000000 0.000000 0.000000 0.000000 0.000000
0.000000 0.000000 0.000000 0.000000 0.000000 0.000000 0.000000 0.000000 0.000000 0.000000 0.000000 0.000000 0.000000 0.000000 0.000000 0.000000 0.000000 0.000000 0.000000 123.410467 123.396280 123.383867 123.371164 123.360524 123.348702 123.336289 123.322404 123.310582 123.299351 123.287240 123.275418 123.265369 123.252956 123.239662 123.227840 123.216609 123.204498 123.192084 123.179080 123.168440 123.161058 123.152191 123.142142 123.138596 123.144507 123.162831 123.188538 123.207453 123.239662 123.261822 123.296396 123.324178 123.358751 123.398644 0.000000 0.000000 0.000000 0.000000 0.000000 0.000000 0.000000
0.000000 0.000000 0.000000 0.000000 0.000000 0.000000 0.000000 0.000000 0.000000 0.000000 0.000000 0.000000 0.000000 0.000000 0.000000 0.000000 0.000000 0.000000 0.000000 123.405147 123.390960 123.378547 123.365844 123.355204 123.343382 123.330680 123.317675 123.305853 123.294031 123.282511 123.271280 123.260049 123.247938 123.234342 123.223111 123.211289 123.199178 123.186764 123.175533 123.164604 123.155738 123.148053 123.138004 123.137413 123.152782 123.171396 123.192675 123.223111 123.252364 123.281329 123.307036 123.338062 123.361115 123.398644 0.000000 0.000000 0.000000 0.000000 0.000000 0.000000 0.000000
0.000000 0.000000 0.000000 0.000000 0.000000 0.000000 0.000000 0.000000 0.000000 0.000000 0.000000 0.000000 0.000000 0.000000 0.000000 0.000000 0.000000 0.000000 123.414013 123.399827 123.385640 123.373529 123.360524 123.349884 123.338062 123.325360 123.312355 123.301716 123.290195 123.277191 123.267142 123.254729 123.242618 123.229022 123.217791 123.206271 123.193858 123.181444 123.171396 123.162240 123.150418 123.143915 123.136231 123.137413 123.155147 123.172578 123.199178 123.226067 123.254729 123.281920 123.318858 123.353431 123.377364 123.409284 0.000000 0.000000 0.000000 0.000000 0.000000 0.000000 0.000000
0.000000 0.000000 0.000000 0.000000 0.000000 0.000000 0.000000 0.000000 0.000000 0.000000 0.000000 0.000000 0.000000 0.000000 0.000000 0.000000 0.000000 0.000000 123.408693 123.394507 123.380911 123.368209 123.357569 123.344564 123.333044 123.320040 123.307036 123.296396 123.285467 123.271871 123.261822 123.249711 123.237298 123.223702 123.212471 123.200951 123.188538 123.176124 123.165787 123.158102 123.148644 123.139187 123.135049 123.140369 123.158693 123.184991 123.202724 123.235524 123.260049 123.300533 123.321222 123.354613 123.393915 0.000000 0.000000 0.000000 0.000000 0.000000 0.000000 0.000000 0.000000
0.000000 0.000000 0.000000 0.000000 0.000000 0.000000 0.000000 0.000000 0.000000 0.000000 0.000000 0.000000 0.000000 0.000000 0.000000 0.000000 0.000000 123.416378 123.403373 123.389187 123.375591 123.362889 123.352840 123.339836 123.327724 123.314720 123.301716 123.290787 123.280147 123.266551 123.256502 123.244391 123.231978 123.218382 123.206862 123.195631 123.183218 123.171396 123.161058 123.152782 123.145098 123.134458 123.133867 123.142142 123.167258 123.188538 123.218973 123.248529 123.277782 123.302898 123.334516 123.365844 123.405147 0.000000 0.000000 0.000000 0.000000 0.000000 0.000000 0.000000 0.000000
0.000000 0.000000 0.000000 0.000000 0.000000 0.000000 0.000000 0.000000 0.000000 0.000000 0.000000 0.000000 0.000000 0.000000 0.000000 0.000000 0.000000 123.411058 123.398053 123.383867 123.370573 123.357569 123.348111 123.334516 123.322404 123.309400 123.296396 123.285467 123.275418 123.262413 123.251182 123.239071 123.227249 123.213062 123.202133 123.190311 123.177898 123.166378 123.158693 123.147462 123.139778 123.132684 123.133867 123.151600 123.168440 123.190311 123.224293 123.253547 123.281920 123.314720 123.349293 123.366435 123.409284 0.000000 0.000000 0.000000 0.000000 0.000000 0.000000 0.000000 0.000000
0.000000 0.000000 0.000000 0.000000 0.000000 0.000000 0.000000 0.000000 0.000000 0.000000 0.000000 0.000000 0.000000 0.000000 0.000000 0.000000 123.416667 123.405738 123.392733 123.378547 123.365253 123.354022 123.342791 123.328907 123.317084 123.304671 123.291378 123.280738 123.270098 123.258867 123.246164 123.233751 123.223111 123.208044 123.196222 123.185582 123.172578 123.162240 123.153964 123.144507 123.135640 123.130911 123.136231 123.155147 123.180853 123.199178 123.236707 123.257093 123.290787 123.330089 123.350475 123.385640 0.000000 0.000000 0.000000 0.000000 0.000000 0.000000 0.000000 0.000000 0.000000
0.000000 0.000000 0.000000 0.000000 0.000000 0.000000 0.000000 0.000000 0.000000 0.000000 0.000000 0.000000 0.000000 0.000000 0.000000 0.000000 123.411649 123.401009 123.387413 123.373529 123.359933 123.349293 123.337471 123.323587 123.312355 123.299351 123.286649 123.275418 123.264778 123.253547 123.240844 123.228431 123.217791 123.203315 123.191493 123.179671 123.167849 123.157511 123.149235 123.142142 123.130911 123.129729 123.139187 123.163422 123.184991 123.214836 123.244982 123.273053 123.306444 123.333924 123.361707 123.400418 0.000000 0.000000 0.000000 0.000000 0.000000 0.000000 0.000000 0.000000 0.000000
0.000000 0.000000 0.000000 0.000000 0.000000 0.000000 0.000000 0.000000 0.000000 0.000000 0.000000 0.000000 0.000000 0.000000 0.000000 0.000000 123.406329 123.395689 123.382093 123.368209 123.354613 123.344564 123.331862 123.318858 123.306444 123.294031 123.281329 123.271280 123.259458 123.248529 123.235524 123.223111 123.212471 123.197995 123.186173 123.174942 123.162831 123.153964 123.143915 123.136822 123.128547 123.129729 123.146871 123.164013 123.186173 123.222520 123.249711 123.277782 123.311764 123.344564 123.364071 123.401600 0.000000 0.000000 0.000000 0.000000 0.000000 0.000000 0.000000 0.000000 0.000000
0.000000 0.000000 0.000000 0.000000 0.000000 0.000000 0.000000 0.000000 0.000000 0.000000 0.000000 0.000000 0.000000 0.000000 0.000000 123.414013 123.401009 123.390369 123.377364 123.362889 123.349293 123.339244 123.327133 123.313538 123.301716 123.288422 123.276009 123.265960 123.254138 123.243209 123.230204 123.217791 123.207453 123.192675 123.180853 123.169622 123.157511 123.150418 123.140369 123.131502 123.127364 123.132684 123.151009 123.176716 123.195040 123.234933 123.250591 123.294622 123.325360 123.346929 123.386231 0.000000 0.000000 0.000000 0.000000 0.000000 0.000000 0.000000 0.000000 0.000000 0.000000
0.000000 0.000000 0.000000 0.000000 0.000000 0.000000 0.000000 0.000000 0.000000 0.000000 0.000000 0.000000 0.000000 0.000000 0.000000 123.408693 123.396280 123.385049 123.371755 123.357569 123.344564 123.333924 123.321222 123.308218 123.296396 123.283693 123.270689 123.261231 123.249120 123.237889 123.224884 123.213062 123.202133 123.187355 123.175533 123.164013 123.153373 123.145098 123.138004 123.126773 123.126182 123.136822 123.160467 123.180853 123.210698 123.240253 123.273644 123.301124 123.330089 123.357569 123.396871 0.000000 0.000000 0.000000 0.000000 0.000000 0.000000 0.000000 0.000000 0.000000 0.000000
0.000000 0.000000 0.000000 0.000000 0.000000 0.000000 0.000000 0.000000 0.000000 0.000000 0.000000 0.000000 0.000000 0.000000 123.415195 123.403964 123.390960 123.379729 123.366435 123.352249 123.341018 123.328907 123.316493 123.302898 123.290787 123.278373 123.267733 123.255911 123.243800 123.232569 123.220156 123.208044 123.196813 123.182036 123.170213 123.158693 123.149235 123.139778 123.133276 123.124711 123.125591 123.142733 123.159875 123.181444 123.220747 123.245573 123.273644 123.308809 123.340427 123.362298 123.403964 0.000000 0.000000 0.000000 0.000000 0.000000 0.000000 0.000000 0.000000 0.000000 0.000000
0.000000 0.000000 0.000000 0.000000 0.000000 0.000000 0.000000 0.000000 0.000000 0.000000 0.000000 0.000000 0.000000 0.000000 123.411058 123.398053 123.385640 123.374711 123.361115 123.347520 123.336880 123.323587 123.311173 123.297578 123.285467 123.273053 123.263004 123.250000 123.238480 123.227249 123.214836 123.202724 123.191493 123.176716 123.165195 123.153964 123.145689 123.136231 123.127956 123.123529 123.128547 123.148644 123.170804 123.192675 123.226067 123.248529 123.290787 123.319449 123.342791 123.375591 0.000000 0.000000 0.000000 0.000000 0.000000 0.000000 0.000000 0.000000 0.000000 0.000000 0.000000
0.000000 0.000000 0.000000 0.000000 0.000000 0.000000 0.000000 0.000000 0.000000 0.000000 0.000000 0.000000 0.000000 0.000000 123.406920 123.393324 123.380320 123.369391 123.356387 123.341609 123.331271 123.318267 123.305853 123.292258 123.280738 123.267733 123.258276 123.244982 123.233160 123.221929 123.209516 123.197404 123.186173 123.171396 123.159875 123.148644 123.142142 123.134458 123.122938 123.122347 123.133867 123.155738 123.176716 123.206862 123.236115 123.268324 123.301716 123.336880 123.352249 123.390960 0.000000 0.000000 0.000000 0.000000 0.000000 0.000000 0.000000 0.000000 0.000000 0.000000 0.000000
0.000000 0.000000 0.000000 0.000000 0.000000 0.000000 0.000000 0.000000 0.000000 0.000000 0.000000 0.000000 0.000000 123.413422 123.401600 123.388004 123.375000 123.364662 123.351067 123.336880 123.325951 123.312947 123.300533 123.287240 123.275418 123.264187 123.252956 123.240253 123.227840 123.216609 123.204498 123.192084 123.180853 123.166378 123.156920 123.145689 123.136822 123.129729 123.121164 123.121755 123.142733 123.159875 123.184991 123.221338 123.241435 123.270098 123.311173 123.336289 123.365844 123.408102 0.000000 0.000000 0.000000 0.000000 0.000000 0.000000 0.000000 0.000000 0.000000 0.000000 0.000000
0.000000 0.000000 0.000000 0.000000 0.000000 0.000000 0.000000 0.000000 0.000000 0.000000 0.000000 0.000000 0.000000 123.408102 123.396280 123.382684 123.371164 123.358751 123.345747 123.331271 123.321222 123.307627 123.295213 123.281920 123.270098 123.259458 123.247347 123.234933 123.222520 123.211289 123.199178 123.186764 123.175533 123.161058 123.152782 123.140960 123.132684 123.125000 123.119982 123.124711 123.145689 123.172578 123.190311 123.230204 123.245573 123.280147 123.315311 123.338653 123.376182 123.415787 0.000000 0.000000 0.000000 0.000000 0.000000 0.000000 0.000000 0.000000 0.000000 0.000000 0.000000
0.000000 0.000000 0.000000 0.000000 0.000000 0.000000 0.000000 0.000000 0.000000 0.000000 0.000000 0.000000 123.416667 123.403373 123.390960 123.377364 123.367027 123.354022 123.340427 123.328315 123.315902 123.302307 123.290195 123.276600 123.264778 123.254729 123.242027 123.229613 123.217200 123.206271 123.193858 123.181444 123.170213 123.155738 123.147462 123.139187 123.130911 123.119982 123.118800 123.127956 123.151009 123.172578 123.199178 123.233751 123.262413 123.293440 123.331862 123.340427 123.387413 0.000000 0.000000 0.000000 0.000000 0.000000 0.000000 0.000000 0.000000 0.000000 0.000000 0.000000 0.000000
0.000000 0.000000 0.000000 0.000000 0.000000 0.000000 0.000000 0.000000 0.000000 0.000000 0.000000 0.000000 123.411649 123.397462 123.386231 123.372347 123.362298 123.348702 123.335107 123.323587 123.310582 123.297578 123.284875 123.271871 123.260049 123.249120 123.237298 123.224293 123.211880 123.200951 123.189129 123.176124 123.165195 123.152782 123.142142 123.133867 123.125591 123.117027 123.118209 123.138596 123.157511 123.182627 123.217200 123.237889 123.267733 123.306444 123.332453 123.369982 123.408102 0.000000 0.000000 0.000000 0.000000 0.000000 0.000000 0.000000 0.000000 0.000000 0.000000 0.000000 0.000000
0.000000 0.000000 0.000000 0.000000 0.000000 0.000000 0.000000 0.000000 0.000000 0.000000 0.000000 0.000000 123.406329 123.393915 123.380911 123.367027 123.356978 123.343382 123.329498 123.318267 123.305262 123.292258 123.279555 123.266551 123.255911 123.243800 123.231978 123.218973 123.206862 123.195631 123.183218 123.170804 123.159875 123.149827 123.137413 123.129138 123.120573 123.115844 123.120573 123.146280 123.166667 123.186764 123.226658 123.242027 123.283102 123.318267 123.335107 123.375591 0.000000 0.000000 0.000000 0.000000 0.000000 0.000000 0.000000 0.000000 0.000000 0.000000 0.000000 0.000000 0.000000
0.000000 0.000000 0.000000 0.000000 0.000000 0.000000 0.000000 0.000000 0.000000 0.000000 0.000000 123.413422 123.401009 123.389187 123.375000 123.362889 123.351658 123.338062 123.324769 123.312947 123.299942 123.287240 123.274235 123.261231 123.250000 123.238480 123.226658 123.213653 123.201542 123.190311 123.178489 123.165787 123.154555 123.144507 123.135049 123.127364 123.115253 123.114662 123.128547 123.152191 123.168440 123.200951 123.230204 123.261231 123.291378 123.320040 123.346929 123.393324 0.000000 0.000000 0.000000 0.000000 0.000000 0.000000 0.000000 0.000000 0.000000 0.000000 0.000000 0.000000 0.000000
0.000000 0.000000 0.000000 0.000000 0.000000 0.000000 0.000000 0.000000 0.000000 0.000000 0.000000 123.408102 123.395689 123.383867 123.369982 123.358160 123.346338 123.333044 123.319449 123.307627 123.294622 123.281920 123.268915 123.255911 123.245573 123.233751 123.221338 123.208333 123.196222 123.184991 123.173169 123.160467 123.149235 123.139187 123.130320 123.122938 123.113480 123.114071 123.134458 123.153964 123.177898 123.212471 123.233160 123.261822 123.307036 123.328907 123.367618 123.403373 0.000000 0.000000 0.000000 0.000000 0.000000 0.000000 0.000000 0.000000 0.000000 0.000000 0.000000 0.000000 0.000000
0.000000 0.000000 0.000000 0.000000 0.000000 0.000000 0.000000 0.000000 0.000000 0.000000 123.416378 123.402782 123.390369 123.379138 123.365253 123.353431 123.341018 123.327724 123.314129 123.302898 123.289604 123.276600 123.263596 123.250591 123.240253 123.228431 123.216018 123.203315 123.190902 123.179671 123.167849 123.155147 123.146280 123.133867 123.125000 123.117618 123.112298 123.117027 123.142733 123.162831 123.186173 123.223111 123.239662 123.278964 123.314720 123.331271 123.372347 0.000000 0.000000 0.000000 0.000000 0.000000 0.000000 0.000000 0.000000 0.000000 0.000000 0.000000 0.000000 0.000000 0.000000
0.000000 0.000000 0.000000 0.000000 0.000000 0.000000 0.000000 0.000000 0.000000 0.000000 123.411649 123.397462 123.385640 123.373529 123.359342 123.348111 123.335698 123.322404 123.308809 123.297578 123.284284 123.271280 123.258867 123.245573 123.234933 123.223111 123.210698 123.197995 123.185582 123.174942 123.162831 123.149827 123.141551 123.130911 123.123529 123.112298 123.111115 123.117618 123.142733 123.164604 123.201542 123.227249 123.252364 123.289604 123.321222 123.338653 123.388004 0.000000 0.000000 0.000000 0.000000 0.000000 0.000000 0.000000 0.000000 0.000000 0.000000 0.000000 0.000000 0.000000 0.000000
0.000000 0.000000 0.000000 0.000000 0.000000 0.000000 0.000000 0.000000 0.000000 0.000000 123.405738 123.392142 123.380320 123.368209 123.354613 123.342791 123.330680 123.317084 123.303489 123.291667 123.278964 123.265960 123.253547 123.240844 123.229613 123.217791 123.205680 123.192675 123.180853 123.169622 123.157511 123.145098 123.135640 123.126182 123.118800 123.109933 123.110524 123.130320 123.149827 123.174351 123.208924 123.229022 123.257684 123.297578 123.324769 123.355795 123.403373 0.000000 0.000000 0.000000 0.000000 0.000000 0.000000 0.000000 0.000000 0.000000 0.000000 0.000000 0.000000 0.000000 0.000000
