FireSTARR/test/constant/C2_S060_A000_WD045_WS020/arrival.asc
ncols         331
nrows         116
xllcorner     393703.990666
yllcorner     12737955.311160
cellsize      100.000000
NODATA_value  0.000000
[rows 54 to 80 of 116, columns 122 to 182 of 331]
0.000000 0.000000 0.000000 0.000000 0.000000 0.000000 0.000000 0.000000 0.000000 0.000000 0.000000 0.000000 0.000000 123.412240 123.406920 123.401600 123.396280 123.390960 123.385640 123.380320 123.375000 123.369982 123.364662 123.359342 123.355795 123.351067 123.345747 123.343973 123.338653 123.333333 123.328315 123.322995 123.318267 123.312947 123.307627 123.302307 123.296987 123.291667 123.286649 123.281329 123.276009 123.270689 123.265369 123.260049 123.255911 123.251773 123.249120 123.245573 123.240253 123.234933 123.229613 123.227249 123.225475 123.221338 123.220156 123.217200 123.211880 123.206862 123.201542 123.196222 123.190902
0.000000 0.000000 0.000000 0.000000 0.000000 0.000000 0.000000 0.000000 0.000000 0.000000 123.415195 123.409875 123.405147 123.399827 123.394507 123.389187 123.383867 123.378547 123.373529 123.368800 123.364662 123.359342 123.354022 123.349884 123.346929 123.342200 123.336880 123.331271 123.326542 123.321222 123.315902 123.310582 123.305262 123.299942 123.294622 123.289604 123.284284 123.278964 123.273644 123.268324 123.264778 123.260049 123.255320 123.253547 123.249120 123.244391 123.239071 123.233751 123.231978 123.228431 123.225475 123.223702 123.221338 123.216018 123.210698 123.205089 123.200360 123.194449 123.189720 123.187355 123.186173
0.000000 0.000000 0.000000 0.000000 0.000000 0.000000 0.000000 0.000000 123.412831 123.407511 123.402191 123.396871 123.391551 123.386231 123.382684 123.377956 123.372938 123.367618 123.362298 123.356978 123.353431 123.349884 123.344564 123.339836 123.334516 123.329498 123.324178 123.318858 123.313538 123.308218 123.303489 123.298169 123.292849 123.287831 123.282511 123.277191 123.271871 123.268324 123.263004 123.258867 123.257093 123.252364 123.247347 123.241435 123.237889 123.235524 123.232569 123.229613 123.227840 123.223702 123.218973 123.213653 123.208044 123.202724 123.197404 123.192675 123.190902 123.189720 123.188538 123.188538 123.190902
0.000000 0.000000 0.000000 0.000000 0.000000 123.415195 123.409875 123.405147 123.399827 123.394507 123.389187 123.383867 123.378547 123.376182 123.372347 123.366435 123.361707 123.357569 123.352249 123.346929 123.341609 123.336289 123.331271 123.325951 123.320631 123.315311 123.309991 123.304671 123.299351 123.294622 123.289013 123.283693 123.278964 123.275418 123.272462 123.267142 123.263004 123.261822 123.257093 123.251773 123.246164 123.241435 123.239662 123.235524 123.233160 123.231978 123.227840 123.222520 123.217200 123.212471 123.206862 123.201542 123.196813 123.195040 123.193858 123.192084 123.192084 123.194449 123.194449 123.196813 123.197995
0.000000 0.000000 0.000000 123.414604 123.409284 123.404555 123.398644 123.393915 123.388596 123.383276 123.379729 123.375591 123.370573 123.365253 123.360524 123.355204 123.349884 123.344564 123.339244 123.333924 123.328907 123.323587 123.318267 123.312947 123.307627 123.302307 123.296987 123.291667 123.286649 123.283102 123.280738 123.275418 123.270098 123.267142 123.264778 123.259458 123.254138 123.249120 123.245573 123.243800 123.239071 123.236707 123.235524 123.230795 123.225475 123.220156 123.214836 123.209516 123.204498 123.200360 123.198587 123.197404 123.196222 123.196222 123.198587 123.198587 123.201542 123.202133 123.202724 123.213062 123.214836
0.000000 123.413422 123.408102 123.402782 123.397462 123.392142 123.387413 123.383867 123.379138 123.373529 123.368209 123.363480 123.358160 123.352840 123.347520 123.342200 123.336880 123.331862 123.326542 123.321222 123.315902 123.310582 123.305262 123.299942 123.294622 123.290195 123.287240 123.284284 123.278964 123.274235 123.271280 123.268915 123.263596 123.258276 123.253547 123.249711 123.247347 123.243209 123.241435 123.236707 123.231978 123.226658 123.223702 123.218973 123.213653 123.208333 123.203907 123.202724 123.200951 123.199769 123.200360 123.202133 123.202724 123.205089 123.206271 123.206862 123.214836 123.218382 123.220747 123.221929 123.228431
123.404555 123.399827 123.394507 123.390960 123.387413 123.382093 123.376773 123.371755 123.366435 123.361115 123.355795 123.350475 123.345747 123.340427 123.335107 123.329498 123.324769 123.319449 123.314129 123.308809 123.303489 123.298169 123.293440 123.291378 123.287240 123.281920 123.277191 123.274827 123.272462 123.267142 123.261822 123.256502 123.253547 123.251182 123.246755 123.244982 123.240844 123.235524 123.231387 123.227249 123.222520 123.217200 123.211880 123.208044 123.206271 123.205089 123.203907 123.203907 123.206271 123.206271 123.208924 123.210107 123.210698 123.213653 123.221929 123.224884 123.225475 123.230795 123.237889 123.247347 123.250000
123.395098 123.390369 123.385049 123.379729 123.374711 123.369391 123.364071 123.358751 123.353431 123.348702 123.343382 123.338062 123.333044 123.327724 123.322404 123.317084 123.311764 123.306444 123.301124 123.296987 123.295804 123.291378 123.286058 123.281329 123.279555 123.275418 123.270098 123.264778 123.260049 123.257093 123.253547 123.251182 123.248529 123.243800 123.239662 123.236115 123.230795 123.225475 123.220156 123.214836 123.211880 123.210107 123.208924 123.207453 123.208044 123.210107 123.210107 123.213062 123.213653 123.214836 123.224293 123.226067 123.226658 123.229613 123.234933 123.240844 123.251182 123.258867 123.271280 123.280147 123.286058
123.382684 123.377364 123.372347 123.367027 123.361707 123.356387 123.351658 123.345747 123.341018 123.335698 123.330089 123.325360 123.320040 123.314720 123.309400 123.304080 123.301124 123.299351 123.294622 123.289013 123.284875 123.283102 123.278373 123.273053 123.267733 123.263004 123.261231 123.258276 123.254729 123.251773 123.246755 123.243800 123.239662 123.234342 123.229022 123.224293 123.218973 123.215427 123.213653 123.212471 123.211289 123.211880 123.214244 123.214244 123.217200 123.217791 123.218973 123.226067 123.230795 123.231387 123.233751 123.237298 123.245573 123.255320 123.263004 123.268324 123.281920 123.290195 123.293440 123.304671 123.312355
123.370573 123.365253 123.359933 123.355204 123.349884 123.344564 123.339244 123.333924 123.328907 123.323587 123.318267 123.313538 123.308218 123.305262 123.302307 123.297578 123.292258 123.288422 123.287240 123.281920 123.277191 123.271871 123.267142 123.265369 123.263004 123.259458 123.254138 123.251773 123.247938 123.242618 123.237298 123.231978 123.227249 123.221929 123.218973 123.217791 123.216609 123.215427 123.218382 123.217791 123.217791 123.220747 123.221929 123.222520 123.228431 123.234342 123.235524 123.237298 123.238480 123.249120 123.257093 123.260049 123.273053 123.280147 123.294031 123.299942 123.306444 123.316493 123.324769 123.335698 123.345156
123.358160 123.352840 123.347520 123.342200 123.337471 123.331862 123.326542 123.321222 123.316493 123.311173 123.308809 123.305853 123.300533 123.295213 123.293440 123.290195 123.284875 123.280147 123.274827 123.270689 123.269507 123.267733 123.263004 123.258276 123.256502 123.252364 123.247347 123.242027 123.236707 123.231387 123.226067 123.222520 123.221338 123.220156 123.219564 123.220156 123.221929 123.221929 123.223111 123.225475 123.226658 123.231387 123.238480 123.239071 123.241435 123.242027 123.251182 123.254138 123.270098 123.274235 123.291667 123.298169 123.302307 123.308809 123.320631 123.330680 123.339836 123.349293 123.354613 123.356387 123.361115
123.346338 123.341018 123.336289 123.330680 123.325360 123.320040 123.315311 123.313538 123.307627 123.302898 123.298760 123.296987 123.293440 123.287831 123.283102 123.277782 123.275418 123.274235 123.271280 123.265960 123.261822 123.260049 123.255320 123.250000 123.244982 123.239662 123.234342 123.229613 123.226658 123.225475 123.224293 123.223111 123.224293 123.226067 123.226067 123.227840 123.229613 123.230795 123.238480 123.242618 123.242618 123.245573 123.249120 123.255911 123.258867 123.271280 123.275418 123.295213 123.299942 123.302898 123.313538 123.324769 123.331862 123.343973 123.353431 123.358751 123.359933 123.365844 123.374120 123.399235 123.403373
123.333333 123.328315 123.322995 123.318858 123.317084 123.312355 123.307627 123.302898 123.301716 123.296987 123.291667 123.286649 123.281329 123.278964 123.277782 123.275418 123.270689 123.265960 123.264778 123.259458 123.254138 123.249120 123.243800 123.238480 123.233160 123.230204 123.229022 123.227840 123.227249 123.230795 123.229613 123.230204 123.231978 123.233160 123.234342 123.240844 123.244391 123.246755 123.249120 123.251773 123.260049 123.263004 123.273053 123.288422 123.293440 123.307627 123.307036 123.314720 123.319449 123.333333 123.347520 123.356978 123.362889 123.364071 123.367618 123.377956 123.403373 123.405738 0.000000 0.000000 0.000000
123.322995 123.320631 123.315311 123.310582 123.307036 123.305262 123.299942 123.295213 123.289604 123.284875 123.283102 123.281920 123.278373 123.273644 123.270098 123.268915 123.263004 123.258276 123.252956 123.247347 123.242618 123.237298 123.234342 123.232569 123.231387 123.230795 123.234342 123.233751 123.233751 123.236115 123.237298 123.238480 123.243800 123.247347 123.252364 123.252956 123.258867 123.264187 123.270098 123.276600 123.290195 123.298169 123.307036 123.311173 123.317675 123.321813 123.335698 123.352249 123.361115 123.365844 123.367618 123.369391 123.382093 123.406329 123.408102 0.000000 0.000000 0.000000 0.000000 0.000000 0.000000
123.314129 123.311764 123.309991 123.304671 123.299351 123.294031 123.288422 123.286649 123.285467 123.283102 123.277782 123.274235 123.271280 123.265960 123.261231 123.255911 123.250000 123.245573 123.240253 123.237889 123.236707 123.235524 123.234933 123.237889 123.237889 123.237889 123.239662 123.241435 123.242618 123.247347 123.251182 123.257093 123.256502 123.261231 123.267733 123.275418 123.280738 123.292258 123.301716 123.308809 123.314720 123.325360 123.328315 123.339836 123.352840 123.364662 123.368209 123.371164 123.372938 123.385640 123.394507 123.411649 0.000000 0.000000 0.000000 0.000000 0.000000 0.000000 0.000000 0.000000 0.000000
123.308218 123.302898 123.297578 123.292258 123.290787 123.289013 123.286058 123.280738 123.277782 123.275418 123.270098 123.264778 123.259458 123.254729 123.249120 123.244391 123.241435 123.240253 123.239071 123.238480 123.242027 123.241435 123.241435 123.243800 123.245573 123.246164 123.249711 123.255320 123.261231 123.260640 123.263004 123.271871 123.273644 123.284284 123.292849 123.296987 123.307627 123.318858 123.329498 123.330680 123.342791 123.350475 123.366435 123.372347 123.374711 123.376773 123.390369 123.402782 123.415787 0.000000 0.000000 0.000000 0.000000 0.000000 0.000000 0.000000 0.000000 0.000000 0.000000 0.000000 0.000000
123.296396 123.294031 123.292849 123.288422 123.284284 123.282511 123.278964 123.273644 123.268324 123.263004 123.257684 123.252364 123.247347 123.245573 123.244391 123.243209 123.242618 123.245573 123.245573 123.245573 123.247938 123.250000 123.250000 123.254138 123.258867 123.262413 123.264778 123.266551 123.276009 123.286649 123.289013 123.292849 123.296987 123.311764 123.324178 123.332453 123.335107 123.346338 123.354613 123.363480 123.376182 123.379138 123.380911 123.392142 123.396871 0.000000 0.000000 0.000000 0.000000 0.000000 0.000000 0.000000 0.000000 0.000000 0.000000 0.000000 0.000000 0.000000 0.000000 0.000000 0.000000
123.292258 123.287831 123.286058 123.282511 123.277191 123.271871 123.266551 123.261231 123.256502 123.251182 123.249120 123.247938 123.246755 123.246164 123.249711 123.249120 123.249711 123.251773 123.251773 123.254138 123.258867 123.263004 123.266551 123.268915 123.268915 123.283102 123.290787 123.292258 123.293440 123.303489 123.315902 123.318267 123.332453 123.339836 123.350475 123.358751 123.361707 123.380320 123.384458 123.385049 123.393915 123.403373 123.416378 0.000000 0.000000 0.000000 0.000000 0.000000 0.000000 0.000000 0.000000 0.000000 0.000000 0.000000 0.000000 0.000000 0.000000 0.000000 0.000000 0.000000 0.000000
123.286649 123.281329 123.276009 123.270689 123.265369 123.260049 123.255320 123.252956 123.251773 123.250591 123.250000 123.253547 123.252956 123.253547 123.255911 123.257684 123.258276 123.260640 123.267142 123.270689 123.272462 123.273644 123.287240 123.294031 123.296396 123.302307 123.315311 123.318858 123.325360 123.334516 123.342200 123.354613 123.362889 123.363480 123.384458 123.388596 123.389187 123.395689 123.405738 123.414604 0.000000 0.000000 0.000000 0.000000 0.000000 0.000000 0.000000 0.000000 0.000000 0.000000 0.000000 0.000000 0.000000 0.000000 0.000000 0.000000 0.000000 0.000000 0.000000 0.000000 0.000000
123.273644 123.268324 123.263004 123.258867 123.257093 123.255911 123.254138 123.254138 123.257093 123.257093 123.257093 123.259458 123.260640 123.261822 123.270689 123.270689 123.274235 123.276600 123.277191 123.291378 123.298760 123.300533 123.304671 123.314129 123.322404 123.327133 123.336880 123.345747 123.354613 123.358751 123.376182 123.376773 123.390369 123.393324 123.398053 123.406920 0.000000 0.000000 0.000000 0.000000 0.000000 0.000000 0.000000 0.000000 0.000000 0.000000 0.000000 0.000000 0.000000 0.000000 0.000000 0.000000 0.000000 0.000000 0.000000 0.000000 0.000000 0.000000 0.000000 0.000000 0.000000
123.262413 123.260640 123.259458 123.258276 123.257684 123.260640 123.260640 123.261231 123.263596 123.264187 123.265960 123.270098 123.274235 123.278373 123.280738 123.281329 123.284875 123.296396 123.304080 123.308218 123.317084 123.327724 123.329498 123.340427 123.350475 123.358751 123.363480 123.370573 123.380320 123.396280 123.397462 123.401009 123.411058 0.000000 0.000000 0.000000 0.000000 0.000000 0.000000 0.000000 0.000000 0.000000 0.000000 0.000000 0.000000 0.000000 0.000000 0.000000 0.000000 0.000000 0.000000 0.000000 0.000000 0.000000 0.000000 0.000000 0.000000 0.000000 0.000000 0.000000 0.000000
123.261822 123.261822 123.264778 123.264778 123.265369 123.267142 123.270098 123.270098 123.273053 123.278373 123.282511 123.284875 123.285467 123.288422 123.304671 123.308218 123.308809 123.321222 123.331862 123.333044 123.345156 123.354613 123.362889 123.367618 123.374711 123.383276 123.399827 123.401009 123.404555 123.415195 0.000000 0.000000 0.000000 0.000000 0.000000 0.000000 0.000000 0.000000 0.000000 0.000000 0.000000 0.000000 0.000000 0.000000 0.000000 0.000000 0.000000 0.000000 0.000000 0.000000 0.000000 0.000000 0.000000 0.000000 0.000000 0.000000 0.000000 0.000000 0.000000 0.000000 0.000000
123.268915 123.269507 123.271280 123.274235 123.273644 123.276009 123.282511 123.286649 123.289013 123.289604 123.294622 123.297578 123.312355 123.312947 123.321813 123.326542 123.339244 123.348702 123.354022 123.364071 123.368209 123.376773 123.385049 123.403964 123.405147 123.412831 0.000000 0.000000 0.000000 0.000000 0.000000 0.000000 0.000000 0.000000 0.000000 0.000000 0.000000 0.000000 0.000000 0.000000 0.000000 0.000000 0.000000 0.000000 0.000000 0.000000 0.000000 0.000000 0.000000 0.000000 0.000000 0.000000 0.000000 0.000000 0.000000 0.000000 0.000000 0.000000 0.000000 0.000000 0.000000
123.276009 123.277782 123.286058 123.287240 123.290195 123.292849 123.293440 123.297578 123.298760 123.311764 123.317084 123.323587 123.330089 123.341609 123.352840 123.353431 123.364071 123.375591 123.377364 123.389187 123.396280 123.408693 0.000000 0.000000 0.000000 0.000000 0.000000 0.000000 0.000000 0.000000 0.000000 0.000000 0.000000 0.000000 0.000000 0.000000 0.000000 0.000000 0.000000 0.000000 0.000000 0.000000 0.000000 0.000000 0.000000 0.000000 0.000000 0.000000 0.000000 0.000000 0.000000 0.000000 0.000000 0.000000 0.000000 0.000000 0.000000 0.000000 0.000000 0.000000 0.000000
123.290787 123.294031 123.296987 123.297578 123.302898 123.302898 123.311764 123.321222 123.328315 123.336289 123.341018 123.356978 123.357569 123.369982 123.379729 123.379729 123.393324 123.401600 123.412831 0.000000 0.000000 0.000000 0.000000 0.000000 0.000000 0.000000 0.000000 0.000000 0.000000 0.000000 0.000000 0.000000 0.000000 0.000000 0.000000 0.000000 0.000000 0.000000 0.000000 0.000000 0.000000 0.000000 0.000000 0.000000 0.000000 0.000000 0.000000 0.000000 0.000000 0.000000 0.000000 0.000000 0.000000 0.000000 0.000000 0.000000 0.000000 0.000000 0.000000 0.000000 0.000000
123.301716 123.305262 123.307036 123.316493 123.325360 123.330089 123.338062 123.348111 123.360524 123.361707 123.371164 123.383867 123.386231 123.397462 123.403373 123.416378 0.000000 0.000000 0.000000 0.000000 0.000000 0.000000 0.000000 0.000000 0.000000 0.000000 0.000000 0.000000 0.000000 0.000000 0.000000 0.000000 0.000000 0.000000 0.000000 0.000000 0.000000 0.000000 0.000000 0.000000 0.000000 0.000000 0.000000 0.000000 0.000000 0.000000 0.000000 0.000000 0.000000 0.000000 0.000000 0.000000 0.000000 0.000000 0.000000 0.000000 0.000000 0.000000 0.000000 0.000000 0.000000
123.320040 123.322404 123.331862 123.345156 123.349884 123.361115 123.365253 123.373529 123.387413 123.388596 123.401009 123.412240 0.000000 0.000000 0.000000 0.000000 0.000000 0.000000 0.000000 0.000000 0.000000 0.000000 0.000000 0.000000 0.000000 0.000000 0.000000 0.000000 0.000000 0.000000 0.000000 0.000000 0.000000 0.000000 0.000000 0.000000 0.000000 0.000000 0.000000 0.000000 0.000000 0.000000 0.000000 0.000000 0.000000 0.000000 0.000000 0.000000 0.000000 0.000000 0.000000 0.000000 0.000000 0.000000 0.000000 0.000000 0.000000 0.000000 0.000000 0.000000 0.000000
