FireSTARR/test/constant/C2_S060_A000_WD045_WS020/arrival.asc
ncols         331
nrows         116
xllcorner     393703.990666
yllcorner     12737955.311160
cellsize      100.000000
NODATA_value  0.000000
[rows 27 to 53 of 116, columns 183 to 243 of 331]
0.000000 0.000000 0.000000 0.000000 0.000000 0.000000 0.000000 0.000000 0.000000 0.000000 0.000000 0.000000 0.000000 0.000000 0.000000 123.416667 123.411649 123.406329 123.401009 123.396280 123.390960 123.385640 123.382684 123.377956 123.372347 123.367618 123.362298 123.356978 123.351658 123.346338 123.341018 123.335698 123.330680 123.325360 123.320040 123.315902 123.311764 123.306444 123.301124 123.295804 123.290787 123.285467 123.280147 123.274827 123.269507 123.264187 123.259458 123.254138 123.248529 123.243209 123.238480 123.232569 123.227840 123.222520 123.217200 123.211880 123.206862 123.201542 123.196222 123.190902 123.185582
0.000000 0.000000 0.000000 0.000000 0.000000 0.000000 0.000000 0.000000 0.000000 0.000000 0.000000 0.000000 0.000000 123.414604 123.409284 123.404555 123.399235 123.393915 123.389778 123.386231 123.380911 123.376182 123.371164 123.365844 123.360524 123.355204 123.349884 123.344564 123.339836 123.334516 123.329498 123.324178 123.318858 123.313538 123.308218 123.302898 123.297578 123.292849 123.287831 123.282511 123.277191 123.271871 123.266551 123.261231 123.255911 123.250591 123.245573 123.240253 123.234933 123.230204 123.224884 123.219564 123.214244 123.208924 123.203907 123.198587 123.193267 123.187947 123.183218 123.177898 123.172578
0.000000 0.000000 0.000000 0.000000 0.000000 0.000000 0.000000 0.000000 0.000000 0.000000 0.000000 123.412240 123.407511 123.402782 123.398644 123.393324 123.388596 123.383276 123.377956 123.372347 123.367618 123.361707 123.356978 123.351658 123.346338 123.341018 123.335698 123.330680 123.325360 123.320040 123.314720 123.309400 123.304080 123.299351 123.294031 123.289013 123.283693 123.278373 123.273053 123.267733 123.262413 123.257093 123.252364 123.246755 123.241435 123.236707 123.233751 123.229022 123.223702 123.218382 123.213062 123.208044 123.202724 123.197404 123.192084 123.186764 123.181444 123.176124 123.171396 123.166378 123.161649
0.000000 0.000000 0.000000 0.000000 0.000000 0.000000 0.000000 0.000000 123.416378 123.411058 123.406329 123.400418 123.395689 123.390369 123.385049 123.379729 123.374711 123.369391 123.364071 123.358751 123.353431 123.348111 123.342791 123.337471 123.332453 123.327133 123.321813 123.316493 123.311764 123.307627 123.303489 123.298169 123.292849 123.287240 123.282511 123.277191 123.271871 123.266551 123.261231 123.255911 123.251182 123.246164 123.240253 123.235524 123.230204 123.224884 123.219564 123.214244 123.209516 123.206271 123.201542 123.196222 123.191493 123.186173 123.180853 123.175533 123.170213 123.165195 123.163422 123.158102 123.152782
0.000000 0.000000 0.000000 0.000000 0.000000 0.000000 123.415787 123.410467 123.405738 123.400418 123.395098 123.389778 123.384458 123.379138 123.374120 123.368800 123.363480 123.358160 123.352840 123.347520 123.342200 123.336880 123.331862 123.326542 123.321222 123.315902 123.311173 123.305853 123.300533 123.295213 123.290787 123.286649 123.281329 123.276009 123.271280 123.265960 123.260640 123.255320 123.250000 123.244982 123.239662 123.234342 123.229022 123.223702 123.218382 123.214244 123.209516 123.204498 123.199178 123.194449 123.189129 123.183809 123.178489 123.173169 123.170213 123.166378 123.161649 123.156920 123.152782 123.147462 123.142142
0.000000 0.000000 0.000000 0.000000 123.413422 123.408102 123.402782 123.397462 123.392142 123.386822 123.382093 123.376773 123.371755 123.366435 123.361115 123.355795 123.350475 123.345156 123.339836 123.335107 123.330089 123.324769 123.319449 123.314129 123.308809 123.303489 123.298169 123.293440 123.288422 123.283102 123.277782 123.272462 123.267142 123.261822 123.257093 123.251773 123.246755 123.241435 123.237298 123.233751 123.228431 123.223111 123.218382 123.213062 123.207453 123.202133 123.196813 123.191493 123.186764 123.181444 123.176124 123.173760 123.171396 123.166378 123.161649 123.156920 123.151600 123.146280 123.140960 123.135640 123.133276
0.000000 123.416378 123.411058 123.405738 123.400418 123.395098 123.390369 123.385049 123.379729 123.374120 123.368800 123.364071 123.358751 123.353431 123.348111 123.342791 123.337471 123.333044 123.328907 123.323587 123.318267 123.313538 123.307627 123.302898 123.297578 123.292258 123.287240 123.281920 123.276600 123.271871 123.266551 123.261231 123.255911 123.250591 123.245573 123.242618 123.238480 123.233160 123.227840 123.222520 123.217200 123.211880 123.206862 123.201542 123.196222 123.190902 123.186173 123.180262 123.178489 123.175533 123.170213 123.164604 123.159875 123.154555 123.149235 123.143915 123.139187 123.136822 123.135640 123.130320 123.125000
123.409284 123.404555 123.399235 123.393915 123.388596 123.383276 123.377956 123.372938 123.367618 123.362298 123.356978 123.351658 123.346338 123.342200 123.338062 123.333044 123.327724 123.322404 123.317084 123.311764 123.307036 123.301716 123.296396 123.291378 123.286058 123.280738 123.275418 123.270098 123.265369 123.260049 123.254729 123.249711 123.246164 123.240844 123.235524 123.230204 123.224884 123.219564 123.214244 123.208924 123.203907 123.198587 123.193267 123.188538 123.184400 123.182627 123.179080 123.173760 123.169031 123.163422 123.158102 123.152782 123.148053 123.142733 123.140960 123.139778 123.135049 123.129729 123.124711 123.119391 123.114071
123.396280 123.390960 123.385640 123.380911 123.375591 123.370573 123.365253 123.359933 123.354613 123.350475 123.346929 123.341609 123.336289 123.331271 123.325951 123.320631 123.315311 123.309991 123.304671 123.299351 123.294031 123.289013 123.283693 123.278373 123.275418 123.270098 123.264778 123.259458 123.254138 123.249120 123.243800 123.238480 123.233160 123.228431 123.223111 123.217791 123.212471 123.208044 123.203315 123.197995 123.192675 123.187947 123.186173 123.182036 123.176716 123.171396 123.166378 123.161058 123.155738 123.151009 123.146280 123.144507 123.143324 123.138004 123.132684 123.127364 123.122347 123.117027 123.112298 123.109933 123.108751
123.384458 123.379138 123.374120 123.368800 123.363480 123.358751 123.354613 123.349293 123.343973 123.339244 123.333333 123.328315 123.322995 123.318267 123.312355 123.307627 123.302307 123.296987 123.291667 123.286649 123.281329 123.276600 123.271280 123.265960 123.260640 123.255320 123.250000 123.244982 123.239662 123.234933 123.231978 123.227249 123.221929 123.216609 123.211289 123.206271 123.200951 123.195631 123.192675 123.188538 123.183218 123.177898 123.173169 123.167849 123.162240 123.157511 123.154555 123.149827 123.148644 123.146871 123.141551 123.136231 123.130911 123.126182 123.121164 123.115844 123.114071 123.112889 123.111115 123.111115 123.112298
123.371755 123.367027 123.363480 123.358160 123.352840 123.348111 123.342791 123.337471 123.331862 123.327133 123.321813 123.316493 123.311173 123.305853 123.300533 123.295213 123.290195 123.284875 123.279555 123.274235 123.268915 123.263596 123.258276 123.253547 123.247938 123.242618 123.239662 123.236115 123.230795 123.225475 123.220747 123.215427 123.210107 123.204498 123.199769 123.196813 123.191493 123.186173 123.180853 123.176124 123.170804 123.165195 123.160467 123.157511 123.153964 123.152782 123.149235 123.144507 123.139187 123.133867 123.128547 123.124711 123.119982 123.117618 123.116435 123.115253 123.114662 123.115844 123.118209 123.128547 123.129138
123.360524 123.355204 123.349884 123.346338 123.341609 123.336289 123.331271 123.325951 123.320631 123.315311 123.309991 123.304671 123.299351 123.294622 123.289013 123.283693 123.278373 123.273644 123.268324 123.263004 123.257684 123.252364 123.246755 123.244391 123.239071 123.233751 123.229022 123.223702 123.218382 123.213062 123.207453 123.202724 123.200360 123.195040 123.189720 123.184991 123.179671 123.174942 123.170804 123.165787 123.160467 123.158102 123.156329 123.152191 123.147462 123.143915 123.138596 123.133276 123.127956 123.123529 123.121755 123.119982 123.118800 123.118800 123.119982 123.129729 123.132093 123.132684 123.133867 123.136822 123.140960
123.349293 123.343973 123.339244 123.333924 123.328907 123.323587 123.318267 123.312947 123.307627 123.302307 123.297578 123.291667 123.286649 123.281329 123.276600 123.271280 123.265960 123.260640 123.256502 123.252364 123.246755 123.241435 123.236707 123.231387 123.226067 123.220747 123.215427 123.210107 123.208044 123.203315 123.197995 123.192675 123.187947 123.182627 123.179671 123.174942 123.170213 123.164604 123.161649 123.160467 123.155147 123.151009 123.146871 123.141551 123.136231 123.131502 123.127364 123.125591 123.124120 123.122938 123.122347 123.124120 123.129729 123.136231 123.136822 123.138004 123.140960 123.142733 123.154555 123.159875 123.171396
123.337471 123.332453 123.327133 123.321813 123.316493 123.311764 123.307036 123.301716 123.296987 123.291378 123.286058 123.281329 123.276009 123.270689 123.265369 123.260049 123.254729 123.249711 123.244391 123.239662 123.234342 123.229022 123.223702 123.218382 123.214244 123.211880 123.206271 123.200951 123.195631 123.190902 123.185582 123.183809 123.179080 123.173760 123.168440 123.165787 123.164604 123.159284 123.153964 123.149827 123.146280 123.140960 123.135640 123.130911 123.129138 123.127956 123.126773 123.126182 123.127956 123.136231 123.140369 123.140960 123.141551 123.144507 123.145098 123.158693 123.164013 123.176124 123.189720 123.193267 123.206862
123.324769 123.319449 123.314129 123.308809 123.303489 123.298169 123.293440 123.288422 123.283102 123.277782 123.272462 123.267142 123.263004 123.258867 123.253547 123.248529 123.243209 123.237889 123.232569 123.227840 123.221929 123.217791 123.213653 123.208333 123.203315 123.197995 123.193267 123.189129 123.186764 123.181444 123.176124 123.171396 123.169622 123.167258 123.162240 123.158693 123.154555 123.149235 123.143915 123.138596 123.134458 123.132684 123.131502 123.130320 123.130320 123.131502 123.140960 123.144507 123.144507 123.146871 123.148644 123.148644 123.162831 123.168440 123.176124 123.190902 123.197404 123.206862 123.214836 123.223111 123.234342
123.312355 123.307036 123.301716 123.296396 123.291378 123.286058 123.281920 123.277191 123.271871 123.267142 123.261822 123.256502 123.251182 123.246164 123.240844 123.235524 123.230795 123.224884 123.221338 123.217791 123.211880 123.206862 123.201542 123.196222 123.194449 123.190311 123.184991 123.180262 123.175533 123.174351 123.170213 123.165195 123.162240 123.158693 123.153373 123.148053 123.142733 123.138004 123.136822 123.135640 123.134458 123.133867 123.135640 123.142142 123.148053 123.148644 123.151009 123.151600 123.161058 123.167258 123.172578 123.177898 123.186173 123.197404 123.205680 123.214244 123.224293 123.238480 123.243800 123.246164 123.250000
123.299351 123.294622 123.290195 123.286058 123.280738 123.275418 123.270098 123.264778 123.259458 123.254729 123.249120 123.244391 123.239662 123.235524 123.230204 123.224884 123.219564 123.214244 123.208924 123.203907 123.199769 123.197995 123.193858 123.188538 123.183218 123.179671 123.177898 123.173169 123.170804 123.166378 123.161058 123.155738 123.151009 123.145689 123.141551 123.140369 123.139187 123.138004 123.138596 123.139778 123.149235 123.152191 123.152191 123.155147 123.155738 123.159875 123.167258 123.176124 123.182627 123.188538 123.202133 123.209516 123.216609 123.223702 123.242027 123.247938 123.250000 123.263004 123.276600 123.286058 123.304671
123.289013 123.283693 123.278373 123.273644 123.268324 123.263004 123.257684 123.252364 123.247347 123.243800 123.239662 123.234342 123.229022 123.223702 123.218382 123.213653 123.208333 123.204498 123.202133 123.196813 123.191493 123.186173 123.184400 123.181444 123.176716 123.174942 123.170804 123.165195 123.159875 123.154555 123.149827 123.145689 123.144507 123.142733 123.142142 123.142142 123.143324 123.146871 123.156329 123.156329 123.159284 123.159875 123.160467 123.170213 123.175533 123.180853 123.205680 123.206271 123.211289 123.221338 123.227840 123.238480 123.249711 123.253547 123.265960 123.274235 123.290195 123.302898 123.315311 123.331862 123.343973
123.276600 123.270689 123.265960 123.260640 123.257093 123.252364 123.246755 123.241435 123.236707 123.231387 123.226067 123.220747 123.215427 123.210698 123.208924 123.204498 123.199178 123.194449 123.190311 123.188538 123.184400 123.180262 123.177898 123.173169 123.167849 123.162831 123.157511 123.152191 123.149235 123.148053 123.146871 123.145689 123.146280 123.147462 123.148053 123.156329 123.160467 123.163422 123.164013 123.164604 123.175533 123.179671 123.184400 123.203907 123.210107 123.213653 123.223111 123.231978 123.239662 123.255911 123.261822 123.267733 123.286649 123.294031 123.308809 123.315311 123.327724 123.342791 123.367618 123.390960 123.395689
123.265369 123.260049 123.254729 123.249711 123.244391 123.239662 123.234342 123.229022 123.223702 123.219564 123.214836 123.212471 123.208924 123.203907 123.198587 123.193858 123.192084 123.188538 123.184991 123.182627 123.177307 123.171987 123.166667 123.161649 123.156329 123.153373 123.151600 123.150418 123.149827 123.150418 123.151600 123.152191 123.162240 123.164604 123.167258 123.167849 123.169031 123.179671 123.183809 123.189129 123.202724 123.213653 123.217200 123.224884 123.236115 123.244391 123.260049 123.265369 123.265960 123.279555 123.298760 123.310582 123.322995 123.326542 123.348702 123.364662 123.376773 123.396871 123.406329 0.000000 0.000000
123.254729 123.249120 123.243800 123.238480 123.233751 123.228431 123.223111 123.218973 123.217200 123.211880 123.206862 123.201542 123.197995 123.196813 123.191493 123.189720 123.187355 123.182036 123.176716 123.171396 123.166378 123.161058 123.156920 123.155738 123.154555 123.153373 123.156329 123.155738 123.156329 123.163422 123.168440 123.171396 123.171987 123.173169 123.178489 123.187947 123.192675 123.196222 123.217791 123.226658 123.229022 123.240253 123.246755 123.264187 123.270098 123.270098 123.281920 123.302898 123.312355 123.330680 123.330680 123.343382 123.357569 123.376773 123.399235 123.410467 0.000000 0.000000 0.000000 0.000000 0.000000
123.240253 123.237298 123.231978 123.226658 123.222520 123.220747 123.216018 123.210698 123.205680 123.202133 123.199769 123.195040 123.193267 123.190311 123.184991 123.179671 123.174351 123.169031 123.164013 123.160467 123.159284 123.158102 123.157511 123.159875 123.159284 123.160467 123.165787 123.171987 123.174942 123.175533 123.177307 123.180262 123.191493 123.196813 123.203907 123.211880 123.230204 123.232569 123.243800 123.247938 123.264187 123.273644 123.274235 123.286649 123.307036 123.317084 123.326542 123.335107 123.350475 123.361115 123.378547 123.388004 123.409875 0.000000 0.000000 0.000000 0.000000 0.000000 0.000000 0.000000 0.000000
123.229613 123.226067 123.224293 123.218973 123.213653 123.208333 123.205680 123.203315 123.199178 123.197404 123.193858 123.188538 123.183218 123.177898 123.172578 123.167849 123.164604 123.163422 123.162240 123.161058 123.163422 123.163422 123.164604 123.168440 123.176124 123.176716 123.179671 123.180853 123.182627 123.195631 123.200360 123.205680 123.221929 123.236115 123.237298 123.247938 123.256502 123.272462 123.277782 123.278373 123.295213 123.310582 123.314129 123.329498 123.339244 123.342791 123.365844 123.381502 123.389778 123.416378 0.000000 0.000000 0.000000 0.000000 0.000000 0.000000 0.000000 0.000000 0.000000 0.000000 0.000000
123.221929 123.217200 123.211880 123.209516 123.206271 123.203315 123.202133 123.197404 123.192084 123.186764 123.182036 123.176124 123.171396 123.168440 123.167258 123.165787 123.165195 123.167849 123.167258 123.168440 123.174351 123.180262 123.181444 123.183809 123.184991 123.186173 123.199178 123.204498 123.217791 123.229022 123.229613 123.241435 123.247938 123.257684 123.262413 123.278964 123.281920 123.299351 123.311764 123.327133 123.335107 123.338653 123.345156 123.365844 123.382093 123.399235 0.000000 0.000000 0.000000 0.000000 0.000000 0.000000 0.000000 0.000000 0.000000 0.000000 0.000000 0.000000 0.000000 0.000000 0.000000
123.214244 123.210698 123.207453 123.205680 123.200360 123.195040 123.189720 123.184400 123.179080 123.174351 123.171987 123.170804 123.169622 123.169031 123.171396 123.170804 123.171987 123.180262 123.183809 123.184991 123.187355 123.188538 123.196222 123.203907 123.208333 123.219564 123.233160 123.236707 123.246164 123.250591 123.256502 123.266551 123.285467 123.289013 123.301716 123.316493 123.317675 123.333924 123.340427 123.349293 123.355204 123.377364 123.399827 123.415195 0.000000 0.000000 0.000000 0.000000 0.000000 0.000000 0.000000 0.000000 0.000000 0.000000 0.000000 0.000000 0.000000 0.000000 0.000000 0.000000 0.000000
123.209516 123.204498 123.199178 123.193858 123.188538 123.183218 123.177898 123.176124 123.174942 123.173169 123.172578 123.175533 123.174942 123.176124 123.188538 123.187947 123.189720 123.191493 123.192675 123.197995 123.208044 123.208924 123.216609 123.229613 123.239662 123.250000 123.255320 123.260049 123.274827 123.289604 123.291667 123.300533 123.320040 123.321813 123.338062 123.348111 123.353431 123.358160 123.379138 123.389187 0.000000 0.000000 0.000000 0.000000 0.000000 0.000000 0.000000 0.000000 0.000000 0.000000 0.000000 0.000000 0.000000 0.000000 0.000000 0.000000 0.000000 0.000000 0.000000 0.000000 0.000000
123.197404 123.192084 123.187947 123.182627 123.179671 123.178489 123.177307 123.176716 123.177898 123.179080 123.179671 123.188538 123.192084 123.193267 123.195631 123.196813 123.200951 123.211880 123.213062 123.218973 123.231978 123.249120 123.254138 123.256502 123.264187 123.278964 123.283693 123.293440 123.305262 123.317084 123.324769 123.342200 123.351658 123.356978 123.369391 123.383867 123.390960 123.414604 0.000000 0.000000 0.000000 0.000000 0.000000 0.000000 0.000000 0.000000 0.000000 0.000000 0.000000 0.000000 0.000000 0.000000 0.000000 0.000000 0.000000 0.000000 0.000000 0.000000 0.000000 0.000000 0.000000
