FireSTARR/test/constant/C2_S060_A000_WD045_WS020/arrival.asc
ncols         331
nrows         116
xllcorner     393703.990666
yllcorner     12737955.311160
cellsize      100.000000
NODATA_value  0.000000
[rows 0 to 26 of 116, columns 244 to 304 of 331]
0.000000 0.000000 0.000000 0.000000 0.000000 0.000000 0.000000 0.000000 0.000000 0.000000 0.000000 0.000000 0.000000 0.000000 0.000000 0.000000 0.000000 0.000000 0.000000 0.000000 0.000000 0.000000 0.000000 0.000000 0.000000 0.000000 0.000000 0.000000 0.000000 0.000000 0.000000 0.000000 0.000000 0.000000 0.000000 0.000000 0.000000 0.000000 0.000000 0.000000 0.000000 0.000000 0.000000 0.000000 123.415787 123.410467 123.405147 123.400418 123.395098 123.389778 123.384458 123.379138 123.374120 123.368800 123.363480 123.364071 123.402191 123.403373 0.000000 0.000000 0.000000
0.000000 0.000000 0.000000 0.000000 0.000000 0.000000 0.000000 0.000000 0.000000 0.000000 0.000000 0.000000 0.000000 0.000000 0.000000 0.000000 0.000000 0.000000 0.000000 0.000000 0.000000 0.000000 0.000000 0.000000 0.000000 0.000000 0.000000 0.000000 0.000000 0.000000 0.000000 0.000000 0.000000 0.000000 0.000000 0.000000 0.000000 0.000000 123.416378 123.411058 123.405738 123.401009 123.395689 123.390369 123.385049 123.379729 123.374711 123.369391 123.364071 123.358751 123.353431 123.348111 123.342791 123.337471 123.332453 123.327133 123.321813 123.316493 123.311764 123.307036 123.315311
0.000000 0.000000 0.000000 0.000000 0.000000 0.000000 0.000000 0.000000 0.000000 0.000000 0.000000 0.000000 0.000000 0.000000 0.000000 0.000000 0.000000 0.000000 0.000000 0.000000 0.000000 0.000000 0.000000 0.000000 0.000000 0.000000 0.000000 0.000000 0.000000 0.000000 0.000000 0.000000 123.416378 123.410467 123.405738 123.400418 123.395098 123.389778 123.384458 123.379138 123.374120 123.368800 123.363480 123.358160 123.352840 123.348111 123.342791 123.337471 123.331862 123.326542 123.321222 123.316493 123.311173 123.305853 123.300533 123.295213 123.290195 123.284875 123.279555 123.274235 123.268915
0.000000 0.000000 0.000000 0.000000 0.000000 0.000000 0.000000 0.000000 0.000000 0.000000 0.000000 0.000000 0.000000 0.000000 0.000000 0.000000 0.000000 0.000000 0.000000 0.000000 0.000000 0.000000 0.000000 0.000000 0.000000 0.000000 123.416378 123.411058 123.405738 123.400418 123.395098 123.390369 123.384458 123.379729 123.374711 123.369391 123.364071 123.358751 123.353431 123.348702 123.343382 123.338062 123.333044 123.327133 123.322404 123.317084 123.311764 123.306444 123.301124 123.295804 123.290787 123.285467 123.280147 123.274827 123.269507 123.264187 123.259458 123.253547 123.248529 123.243209 123.237889
0.000000 0.000000 0.000000 0.000000 0.000000 0.000000 0.000000 0.000000 0.000000 0.000000 0.000000 0.000000 0.000000 0.000000 0.000000 0.000000 0.000000 0.000000 0.000000 0.000000 123.416378 123.411058 123.405738 123.400418 123.395098 123.389778 123.385049 123.379138 123.374120 123.368800 123.364071 123.358160 123.353431 123.348111 123.342791 123.337471 123.332453 123.327133 123.321813 123.316493 123.311173 123.305853 123.300533 123.295804 123.290195 123.284875 123.279555 123.274827 123.268915 123.264187 123.258867 123.253547 123.247938 123.243209 123.237889 123.232569 123.227249 123.221929 123.216609 123.211289 123.206271
0.000000 0.000000 0.000000 0.000000 0.000000 0.000000 0.000000 0.000000 0.000000 0.000000 0.000000 0.000000 0.000000 0.000000 123.416378 123.411058 123.406329 123.400418 123.395689 123.390369 123.385049 123.379729 123.374711 123.369391 123.364071 123.358751 123.353431 123.348111 123.342791 123.338062 123.332453 123.327133 123.321813 123.317084 123.311173 123.306444 123.301124 123.295804 123.290195 123.285467 123.280147 123.274827 123.269507 123.264187 123.258867 123.253547 123.248529 123.243209 123.237889 123.232569 123.227840 123.222520 123.217200 123.211880 123.206271 123.200951 123.196222 123.190902 123.185582 123.180262 123.174942
0.000000 0.000000 0.000000 0.000000 0.000000 0.000000 0.000000 0.000000 123.416378 123.411058 123.405738 123.401009 123.395689 123.390369 123.385049 123.379729 123.374711 123.369391 123.364071 123.358751 123.354022 123.348702 123.343382 123.338062 123.333044 123.327724 123.322404 123.317084 123.311764 123.306444 123.301124 123.295804 123.290787 123.285467 123.280147 123.274827 123.269507 123.264778 123.259458 123.254138 123.248529 123.243800 123.238480 123.233160 123.227840 123.222520 123.217200 123.211880 123.206862 123.201542 123.196222 123.190902 123.185582 123.180262 123.174942 123.170213 123.164604 123.159284 123.153964 123.149235 123.143915
0.000000 0.000000 0.000000 0.000000 123.414013 123.408693 123.403373 123.398053 123.392733 123.387413 123.382684 123.377364 123.371755 123.366435 123.361707 123.356387 123.351067 123.345747 123.340427 123.335107 123.330089 123.324769 123.319449 123.314129 123.308809 123.304080 123.298169 123.293440 123.288422 123.283102 123.277782 123.272462 123.267142 123.261822 123.257093 123.251773 123.246755 123.241435 123.236115 123.230795 123.225475 123.220156 123.215427 123.210107 123.204498 123.199178 123.194449 123.189129 123.183809 123.178489 123.173169 123.167849 123.162831 123.157511 123.152191 123.147462 123.142142 123.136822 123.131502 123.126182 123.121164
0.000000 123.415787 123.410467 123.405147 123.400418 123.395098 123.389778 123.384458 123.379138 123.373529 123.368800 123.363480 123.358160 123.352840 123.347520 123.342200 123.336880 123.331862 123.326542 123.321222 123.315902 123.312355 123.307627 123.302307 123.296987 123.291667 123.286649 123.281329 123.276009 123.270689 123.265369 123.260640 123.255320 123.249711 123.244982 123.239662 123.234342 123.229022 123.223702 123.218382 123.213062 123.208044 123.202724 123.197404 123.192084 123.186764 123.181444 123.176124 123.171396 123.166378 123.161058 123.155738 123.150418 123.145098 123.139778 123.134458 123.129729 123.124711 123.119391 123.114071 123.108751
123.408102 123.402782 123.397462 123.392142 123.386822 123.381502 123.376773 123.371755 123.366435 123.361115 123.355795 123.350475 123.345156 123.340427 123.335107 123.330089 123.324769 123.319449 123.314129 123.308809 123.303489 123.298169 123.293440 123.288422 123.283102 123.277782 123.272462 123.267142 123.261822 123.256502 123.251773 123.246755 123.241435 123.236115 123.230795 123.225475 123.220156 123.215427 123.211880 123.207453 123.202133 123.196813 123.191493 123.186173 123.180853 123.175533 123.170213 123.165195 123.159875 123.155147 123.149235 123.144507 123.139187 123.133867 123.128547 123.123529 123.118209 123.112889 123.107569 123.102249 123.096929
123.396280 123.390960 123.386231 123.380911 123.375000 123.369982 123.365253 123.359933 123.354613 123.349293 123.343973 123.338653 123.333333 123.328315 123.323587 123.318267 123.312947 123.307627 123.302307 123.296987 123.292258 123.287240 123.281329 123.276600 123.271280 123.265960 123.260640 123.255320 123.250591 123.245573 123.240253 123.234933 123.229613 123.224293 123.218973 123.213653 123.208333 123.203315 123.197995 123.192675 123.187355 123.182036 123.176716 123.171987 123.166378 123.161058 123.155738 123.150418 123.145689 123.140369 123.135049 123.129729 123.124711 123.119391 123.114071 123.108751 123.103431 123.098111 123.092791 123.088062 123.082453
123.380911 123.375591 123.370573 123.365253 123.360524 123.355204 123.349884 123.344564 123.339244 123.334516 123.328907 123.323587 123.318858 123.313538 123.308218 123.302898 123.297578 123.292258 123.287240 123.282511 123.276600 123.271871 123.266551 123.261231 123.255911 123.250591 123.245573 123.240844 123.235524 123.230204 123.224884 123.219564 123.214244 123.208924 123.203907 123.198587 123.193858 123.188538 123.183218 123.177898 123.172578 123.167849 123.162240 123.156920 123.152191 123.146871 123.141551 123.136231 123.130911 123.125591 123.120573 123.115253 123.109933 123.104613 123.099293 123.093973 123.089244 123.083333 123.078315 123.072995 123.068267
123.369391 123.364071 123.358751 123.353431 123.348111 123.342791 123.337471 123.333044 123.328315 123.322995 123.317675 123.312355 123.307036 123.301716 123.296987 123.291378 123.286058 123.280738 123.275418 123.270689 123.265369 123.260049 123.254729 123.249120 123.244391 123.239071 123.233751 123.228431 123.223111 123.217791 123.212471 123.207453 123.202133 123.196813 123.191493 123.186764 123.180853 123.176124 123.170804 123.165195 123.159875 123.155147 123.149827 123.144507 123.139187 123.133867 123.128547 123.123529 123.118209 123.112889 123.107569 123.102249 123.096929 123.092200 123.086289 123.081271 123.075951 123.072404 123.067675 123.062355 123.057627
123.356978 123.351658 123.346338 123.341018 123.336289 123.330680 123.325360 123.320040 123.315311 123.309991 123.304671 123.299351 123.294031 123.288422 123.283693 123.278373 123.273053 123.267733 123.262413 123.257093 123.251773 123.246755 123.241435 123.236115 123.230795 123.225475 123.220747 123.214836 123.210107 123.205089 123.199769 123.194449 123.189129 123.183809 123.179080 123.173760 123.168440 123.163422 123.158102 123.152782 123.147462 123.142142 123.136822 123.132093 123.126773 123.121164 123.116435 123.111115 123.105795 123.100475 123.095156 123.090427 123.086289 123.081271 123.075951 123.070631 123.065311 123.060582 123.055262 123.052898 123.048760
123.343973 123.339244 123.333924 123.328907 123.323587 123.318267 123.312947 123.307627 123.302307 123.296987 123.291667 123.286649 123.281329 123.276009 123.271280 123.265960 123.260640 123.255320 123.250000 123.244982 123.239662 123.234342 123.229022 123.223702 123.218382 123.213062 123.208044 123.203315 123.197995 123.192675 123.187355 123.182036 123.176716 123.171396 123.166378 123.161058 123.155738 123.150418 123.145098 123.140369 123.134458 123.129729 123.124120 123.119391 123.114071 123.108751 123.103431 123.098702 123.094564 123.089244 123.083924 123.078907 123.073587 123.068267 123.062947 123.058809 123.057036 123.052898 123.047578 123.042258 123.037240
123.333044 123.327724 123.322995 123.317675 123.312355 123.307036 123.301716 123.296396 123.291378 123.286058 123.280738 123.275418 123.270098 123.264778 123.260049 123.254138 123.249120 123.243800 123.238480 123.233160 123.228431 123.223111 123.217791 123.212471 123.207453 123.201542 123.196813 123.191493 123.186173 123.180853 123.175533 123.170804 123.165195 123.159875 123.154555 123.149235 123.143915 123.139187 123.133867 123.129138 123.124120 123.118800 123.113480 123.108160 123.102840 123.097520 123.092200 123.086880 123.081862 123.076542 123.071222 123.067084 123.062355 123.060582 123.057036 123.051716 123.046396 123.040787 123.036058 123.033102 123.031920
123.318858 123.313538 123.308809 123.302898 123.298169 123.292849 123.287831 123.282511 123.277191 123.271871 123.266551 123.261822 123.256502 123.251182 123.246164 123.240844 123.235524 123.230204 123.224884 123.220156 123.214836 123.209516 123.204498 123.199178 123.193858 123.188538 123.183809 123.177898 123.173169 123.167849 123.162831 123.157511 123.152191 123.146871 123.142142 123.138004 123.133276 123.127956 123.122347 123.117618 123.112298 123.106978 123.101658 123.096338 123.091018 123.085698 123.080680 123.075360 123.070040 123.066493 123.064720 123.059991 123.054671 123.049351 123.044031 123.039013 123.036649 123.035467 123.034284 123.033693 123.042849
123.307627 123.302307 123.296987 123.291667 123.286649 123.281329 123.276009 123.270689 123.265369 123.260049 123.255320 123.249711 123.244391 123.239071 123.234342 123.229613 123.224293 123.218973 123.213653 123.208333 123.203315 123.197995 123.192675 123.187355 123.182036 123.176716 123.171987 123.166378 123.161058 123.155738 123.150418 123.145098 123.140369 123.135049 123.129729 123.124711 123.119391 123.114071 123.108751 123.103431 123.098111 123.093973 123.090427 123.085107 123.079498 123.074769 123.070631 123.069449 123.064720 123.058809 123.054080 123.048760 123.043440 123.040787 123.039013 123.037831 123.037240 123.044622 123.049351 123.050533 123.062355
123.295213 123.290195 123.284875 123.279555 123.274235 123.268915 123.263596 123.258867 123.253547 123.247938 123.242618 123.237889 123.232569 123.227249 123.221929 123.216609 123.211289 123.206271 123.200951 123.195631 123.190311 123.184991 123.179671 123.174351 123.169031 123.164013 123.158693 123.153373 123.148644 123.143324 123.138004 123.132684 123.127364 123.122347 123.117027 123.111707 123.106978 123.102840 123.098702 123.093382 123.088062 123.082453 123.077724 123.074769 123.072995 123.067675 123.062355 123.057036 123.052307 123.046987 123.044622 123.042849 123.041667 123.041378 123.053489 123.052898 123.054671 123.067084 123.080680 123.087471 123.094564
123.281329 123.276600 123.271280 123.265960 123.260640 123.255320 123.249711 123.244982 123.239662 123.234342 123.229022 123.223702 123.218382 123.213062 123.208044 123.202724 123.197404 123.192084 123.186764 123.182036 123.176716 123.171396 123.165787 123.161058 123.155147 123.150418 123.145098 123.139778 123.134458 123.129138 123.124120 123.118800 123.114071 123.111707 123.106387 123.101658 123.096338 123.091018 123.085698 123.080680 123.078315 123.075951 123.070631 123.065311 123.059991 123.054671 123.049942 123.048169 123.046987 123.045804 123.045213 123.053489 123.057036 123.058809 123.070631 123.077724 123.092791 123.101067 123.114662 123.128547 123.137413
123.268915 123.263596 123.258276 123.252956 123.247938 123.242618 123.237298 123.231978 123.226658 123.221338 123.216018 123.210698 123.205680 123.200360 123.195040 123.189720 123.184991 123.179080 123.174351 123.169031 123.163422 123.158693 123.153373 123.148053 123.142733 123.137413 123.132093 123.126773 123.121755 123.119391 123.115253 123.109933 123.104613 123.099884 123.094564 123.089244 123.083924 123.082453 123.080089 123.074769 123.069449 123.064129 123.058809 123.053489 123.051716 123.050533 123.049351 123.048760 123.059400 123.061173 123.062947 123.071813 123.083044 123.097520 123.102249 123.127364 123.127956 123.146280 123.164604 123.176124 123.199178
123.255320 123.250000 123.244982 123.239662 123.234342 123.229613 123.223702 123.218973 123.213653 123.208044 123.203315 123.197995 123.192675 123.187355 123.182036 123.176716 123.171396 123.166378 123.161058 123.155738 123.150418 123.145098 123.139778 123.135049 123.129729 123.124711 123.122938 123.118209 123.112889 123.107569 123.102840 123.096929 123.092200 123.088062 123.086289 123.083333 123.078315 123.073587 123.068267 123.062947 123.057627 123.055853 123.054671 123.052898 123.052898 123.061764 123.065311 123.066493 123.073587 123.086880 123.096338 123.102840 123.125000 123.131502 123.150418 123.163422 123.177898 123.185582 123.205680 123.224884 123.236707
123.243800 123.238480 123.233160 123.227840 123.222520 123.217200 123.211880 123.206862 123.201542 123.196222 123.190902 123.185582 123.180262 123.175533 123.170213 123.164604 123.159284 123.154555 123.148644 123.143915 123.138596 123.133276 123.128547 123.126773 123.122347 123.117027 123.111707 123.106387 123.101067 123.095747 123.092200 123.090427 123.086880 123.081271 123.076542 123.071222 123.065902 123.061173 123.059400 123.058218 123.057036 123.057036 123.067675 123.069449 123.069449 123.071222 123.091609 123.101067 123.106978 123.114071 123.135640 123.148644 123.161058 123.180262 123.195040 123.215427 123.217200 123.243209 123.260049 123.272462 123.295213
123.230204 123.224884 123.219564 123.214836 123.209516 123.203907 123.198587 123.193858 123.188538 123.183218 123.177898 123.172578 123.167258 123.162240 123.156920 123.151600 123.146871 123.141551 123.136231 123.133276 123.130320 123.125000 123.119982 123.114662 123.109342 123.104022 123.099293 123.096338 123.094564 123.089244 123.084516 123.079498 123.073587 123.069449 123.065311 123.063538 123.061764 123.060582 123.060582 123.071813 123.072995 123.074178 123.075951 123.095747 123.102840 123.109933 123.121164 123.141551 123.145689 123.162831 123.182036 123.197995 123.211289 123.221929 123.239071 123.261822 123.271280 123.293440 123.305853 123.330089 123.345747
123.217791 123.212471 123.207453 123.202133 123.196813 123.191493 123.186173 123.180853 123.175533 123.170804 123.165195 123.159875 123.154555 123.149827 123.144507 123.139187 123.137413 123.133276 123.127956 123.122938 123.117618 123.112298 123.106978 123.102840 123.101067 123.098702 123.093382 123.088653 123.083044 123.077724 123.072995 123.068858 123.067084 123.065902 123.064720 123.064720 123.075360 123.076542 123.077724 123.080089 123.083044 123.101658 123.114662 123.118800 123.126182 123.152191 123.163422 123.183218 123.200951 123.215427 123.220747 123.240253 123.260049 123.273644 123.284875 123.303489 123.333044 123.340427 123.367027 123.377956 123.395689
123.203907 123.198587 123.193267 123.187947 123.183218 123.177898 123.172578 123.167258 123.162240 123.156920 123.152191 123.146871 123.143324 123.140960 123.136822 123.132093 123.126773 123.121164 123.116435 123.111115 123.106387 123.105204 123.102840 123.098111 123.092791 123.087471 123.082453 123.077133 123.072404 123.070631 123.069449 123.068267 123.068267 123.079498 123.081862 123.081862 123.083924 123.093382 123.104613 123.116435 123.118800 123.130911 123.152191 123.159875 123.177898 123.203907 123.206271 123.220156 123.240844 123.245573 123.273053 123.281329 123.308218 123.324769 123.339836 123.366435 123.376182 123.393915 0.000000 0.000000 0.000000
123.192084 123.186764 123.181444 123.176124 123.171396 123.165787 123.161058 123.155738 123.149827 123.146280 123.145098 123.140369 123.135049 123.129729 123.124120 123.119391 123.114071 123.110524 123.108751 123.106387 123.101067 123.095747 123.090427 123.085698 123.080089 123.075951 123.074769 123.073587 123.072404 123.072404 123.083044 123.085698 123.085698 123.088062 123.089244 123.110524 123.122938 123.123529 123.132684 123.144507 123.165787 123.182627 123.188538 123.214836 123.224884 123.233160 123.252364 123.272462 123.280738 123.307036 123.319449 123.341609 123.360524 123.379138 123.398644 123.409875 0.000000 0.000000 0.000000 0.000000 0.000000
