FireSTARR/test/constant/M1M225PC_S060_A180_WD135_WS020/arrival.asc
ncols         20
nrows         21
xllcorner     426403.990666
yllcorner     12748555.311160
cellsize      100.000000
NODATA_value  0.000000
0.000000 0.000000 0.000000 0.000000 0.000000 0.000000 0.000000 0.000000 0.000000 0.000000 0.000000 0.000000 0.000000 0.000000 0.000000 0.000000 0.000000 0.000000 123.414987 0.000000 
0.000000 0.000000 0.000000 0.000000 0.000000 0.000000 0.000000 0.000000 0.000000 0.000000 0.000000 0.000000 0.000000 0.000000 0.000000 123.416667 123.398992 123.390995 123.406990 0.000000 
0.000000 0.000000 0.000000 0.000000 0.000000 0.000000 0.000000 0.000000 0.000000 0.000000 0.000000 0.000000 0.000000 123.414987 123.398992 123.390995 123.373321 123.375000 123.398992 0.000000 
0.000000 0.000000 0.000000 0.000000 0.000000 0.000000 0.000000 0.000000 0.000000 0.000000 0.000000 123.398992 123.390995 123.373321 123.365323 123.349328 123.349328 123.373321 123.398992 123.416667 
0.000000 0.000000 0.000000 0.000000 0.000000 0.000000 0.000000 0.000000 0.000000 123.406990 123.390995 123.357326 123.349328 123.341331 123.323656 123.323656 123.349328 123.373321 123.390995 123.414987 
0.000000 0.000000 0.000000 0.000000 0.000000 0.000000 0.000000 123.398992 123.382997 123.357326 123.349328 123.331654 123.323656 123.299664 123.299664 123.323656 123.349328 123.365323 123.390995 123.414987 
0.000000 0.000000 0.000000 0.000000 0.000000 0.000000 123.398992 123.357326 123.341331 123.323656 123.307662 123.291667 123.273992 123.273992 123.299664 123.315659 123.341331 123.365323 123.390995 0.000000 
0.000000 0.000000 0.000000 0.000000 0.000000 0.000000 123.341331 123.315659 123.299664 123.281990 123.273992 123.250000 123.248321 123.273992 123.291667 123.315659 123.341331 123.365323 123.414987 0.000000 
0.000000 0.000000 0.000000 0.000000 0.000000 123.349328 123.307662 123.289987 123.265995 123.248321 123.232326 123.224328 123.248321 123.265995 123.289987 123.315659 123.341331 123.382997 0.000000 0.000000 
0.000000 0.000000 0.000000 0.000000 123.373321 123.281990 123.257997 123.240323 123.224328 123.216331 123.206654 123.224328 123.240323 123.265995 123.289987 123.323656 123.373321 0.000000 0.000000 0.000000 
0.000000 0.000000 0.000000 123.398992 123.307662 123.240323 123.224328 123.206654 123.190659 123.182662 123.198656 123.216331 123.240323 123.265995 123.307662 123.357326 123.398992 0.000000 0.000000 0.000000 
0.000000 0.000000 0.000000 123.331654 123.232326 123.206654 123.182662 123.164987 123.156990 123.166667 123.190659 123.216331 123.240323 123.291667 123.331654 123.398992 0.000000 0.000000 0.000000 0.000000 
0.000000 0.000000 123.357326 123.257997 123.174664 123.164987 123.140995 123.132997 123.140995 123.164987 123.190659 123.216331 123.265995 123.323656 123.373321 123.414987 0.000000 0.000000 0.000000 0.000000 
0.000000 0.000000 123.281990 123.182662 123.132997 123.123321 123.107326 123.115323 123.140995 123.164987 123.206654 123.250000 123.299664 123.349328 123.406990 0.000000 0.000000 0.000000 0.000000 0.000000 
0.000000 123.365323 123.206654 123.115323 123.099328 123.083333 123.091331 123.115323 123.140995 123.190659 123.240323 123.289987 123.331654 123.382997 0.000000 0.000000 0.000000 0.000000 0.000000 0.000000 
0.000000 123.289987 123.140995 123.073656 123.065659 123.065659 123.091331 123.115323 123.174664 123.216331 123.265995 123.333333 123.373321 123.416667 0.000000 0.000000 0.000000 0.000000 0.000000 0.000000 
123.406990 123.216331 123.065659 123.039987 123.039987 123.065659 123.099328 123.148992 123.216331 123.257997 123.299664 123.365323 0.000000 0.000000 0.000000 0.000000 0.000000 0.000000 0.000000 0.000000 
123.333333 123.140995 123.015995 123.015995 123.039987 123.091331 123.132997 123.182662 123.250000 123.323656 123.398992 0.000000 0.000000 0.000000 0.000000 0.000000 0.000000 0.000000 0.000000 0.000000 
123.331654 123.123321 123.000000 123.015995 123.065659 123.140995 123.206654 123.281990 123.357326 0.000000 0.000000 0.000000 0.000000 0.000000 0.000000 0.000000 0.000000 0.000000 0.000000 0.000000 
0.000000 123.208333 123.140995 123.140995 123.206654 123.273992 123.349328 123.414987 0.000000 0.000000 0.000000 0.000000 0.000000 0.000000 0.000000 0.000000 0.000000 0.000000 0.000000 0.000000 
0.000000 0.000000 123.406990 123.390995 123.382997 0.000000 0.000000 0.000000 0.000000 0.000000 0.000000 0.000000 0.000000 0.000000 0.000000 0.000000 0.000000 0.000000 0.000000 0.000000 
