FireSTARR/test/constant/M1M225PC_S000_A270_WD270_WS020/arrival.asc
ncols         31
nrows         13
xllcorner     426403.990666
yllcorner     12748155.311160
cellsize      100.000000
NODATA_value  0.000000
0.000000 0.000000 0.000000 0.000000 0.000000 0.000000 0.000000 0.000000 0.000000 0.000000 0.000000 0.000000 0.000000 0.000000 0.000000 0.000000 0.000000 123.405182 123.412727 0.000000 0.000000 0.000000 0.000000 0.000000 0.000000 0.000000 0.000000 0.000000 0.000000 0.000000 0.000000 
0.000000 0.000000 0.000000 0.000000 0.000000 0.000000 0.000000 0.000000 0.000000 0.000000 0.000000 123.416667 123.382545 123.348424 123.333333 123.340879 123.348424 123.363515 123.382545 123.397636 123.412727 0.000000 0.000000 0.000000 0.000000 0.000000 0.000000 0.000000 0.000000 0.000000 0.000000 
0.000000 0.000000 0.000000 0.000000 0.000000 0.000000 123.412727 123.375000 123.355970 123.314303 123.287727 123.257545 123.257545 123.272636 123.287727 123.306758 123.314303 123.329394 123.348424 123.363515 123.371061 123.390091 123.405182 123.412727 0.000000 0.000000 0.000000 0.000000 0.000000 0.000000 0.000000 
0.000000 0.000000 123.371061 123.348424 123.314303 123.280182 123.246061 123.215879 123.196849 123.181758 123.196849 123.208333 123.223424 123.238515 123.257545 123.272636 123.280182 123.299212 123.314303 123.329394 123.340879 123.355970 123.371061 123.382545 123.397636 123.412727 0.000000 0.000000 0.000000 0.000000 0.000000 
0.000000 123.321849 123.208333 123.189303 123.155182 123.121061 123.113515 123.121061 123.132545 123.147636 123.162727 123.174212 123.189303 123.204394 123.223424 123.238515 123.250000 123.265091 123.280182 123.299212 123.306758 123.321849 123.333333 123.348424 123.363515 123.382545 123.397636 123.412727 0.000000 0.000000 0.000000 
0.000000 123.189303 123.049212 123.037727 123.037727 123.056758 123.071849 123.083333 123.098424 123.113515 123.132545 123.147636 123.162727 123.174212 123.189303 123.204394 123.215879 123.230970 123.246061 123.265091 123.280182 123.291667 123.306758 123.321849 123.340879 123.355970 123.371061 123.382545 123.397636 123.412727 0.000000 
123.405182 123.147636 123.000000 123.007545 123.022636 123.037727 123.056758 123.071849 123.083333 123.098424 123.113515 123.132545 123.147636 123.162727 123.174212 123.189303 123.204394 123.223424 123.238515 123.250000 123.265091 123.280182 123.299212 123.314303 123.329394 123.340879 123.355970 123.371061 123.390091 123.405182 123.416667 
0.000000 123.204394 123.071849 123.049212 123.041667 123.056758 123.071849 123.090879 123.105970 123.121061 123.132545 123.147636 123.162727 123.174212 123.189303 123.204394 123.223424 123.238515 123.250000 123.265091 123.280182 123.299212 123.314303 123.329394 123.340879 123.355970 123.371061 123.390091 123.405182 123.416667 0.000000 
0.000000 123.340879 123.230970 123.204394 123.174212 123.140091 123.121061 123.121061 123.140091 123.155182 123.162727 123.181758 123.196849 123.208333 123.223424 123.238515 123.257545 123.272636 123.280182 123.299212 123.314303 123.329394 123.340879 123.355970 123.371061 123.382545 123.397636 123.412727 0.000000 0.000000 0.000000 
0.000000 0.000000 123.390091 123.363515 123.333333 123.299212 123.265091 123.238515 123.208333 123.196849 123.204394 123.215879 123.230970 123.238515 123.257545 123.272636 123.287727 123.299212 123.314303 123.329394 123.340879 123.355970 123.371061 123.390091 123.405182 123.416667 0.000000 0.000000 0.000000 0.000000 0.000000 
0.000000 0.000000 0.000000 0.000000 0.000000 0.000000 0.000000 123.397636 123.371061 123.329394 123.306758 123.272636 123.265091 123.280182 123.291667 123.306758 123.321849 123.329394 123.340879 123.355970 123.371061 123.390091 123.405182 123.416667 0.000000 0.000000 0.000000 0.000000 0.000000 0.000000 0.000000 
0.000000 0.000000 0.000000 0.000000 0.000000 0.000000 0.000000 0.000000 0.000000 0.000000 0.000000 0.000000 123.405182 123.371061 123.348424 123.340879 123.355970 123.371061 123.382545 123.397636 123.405182 123.416667 0.000000 0.000000 0.000000 0.000000 0.000000 0.000000 0.000000 0.000000 0.000000 
0.000000 0.000000 0.000000 0.000000 0.000000 0.000000 0.000000 0.000000 0.000000 0.000000 0.000000 0.000000 0.000000 0.000000 0.000000 0.000000 0.000000 123.416667 123.416667 0.000000 0.000000 0.000000 0.000000 0.000000 0.000000 0.000000 0.000000 0.000000 0.000000 0.000000 0.000000 
