FireSTARR/test/constant/C2_S060_A000_WD090_WS020/arrival.asc
ncols         377
nrows         63
xllcorner     389103.990666
yllcorner     12745655.311160
cellsize      100.000000
NODATA_value  0.000000
[rows 25 to 49 of 63, columns 171 to 227 of 377]
123.265005 123.263894 123.262782 123.261671 123.260559 123.259448 123.258336 123.257225 123.256113 123.255002 123.253890 123.252779 123.251667 123.250556 123.249459 123.248348 123.247236 123.246125 123.245013 123.243902 123.242790 123.241679 123.240567 123.239456 123.238344 123.237233 123.236121 123.235010 123.233898 123.232787 123.231675 123.230564 123.229452 123.228341 123.227229 123.226118 123.225006 123.223895 123.222783 123.221672 123.220560 123.219449 123.218337 123.217225 123.216114 123.215002 123.213891 123.212779 123.211668 123.210556 123.209445 123.208333 123.207237 123.206126 123.205014 123.203903 123.202791
123.257781 123.256669 123.255558 123.254446 123.253335 123.252223 123.251112 123.250000 123.248904 123.247792 123.246681 123.245569 123.244458 123.243346 123.242235 123.241123 123.240012 123.238900 123.237789 123.236677 123.235566 123.234454 123.233342 123.232231 123.231119 123.230008 123.228896 123.227785 123.226673 123.225562 123.224450 123.223339 123.222227 123.221116 123.220004 123.218893 123.217781 123.216670 123.215558 123.214447 123.213335 123.212224 123.211112 123.210001 123.208889 123.207793 123.206681 123.205570 123.204458 123.203347 123.202235 123.201124 123.200012 123.198901 123.197789 123.196678 123.195566
123.251112 123.250000 123.248904 123.247792 123.246681 123.245569 123.244458 123.243346 123.242235 123.241123 123.240012 123.238900 123.237789 123.236677 123.235566 123.234454 123.233342 123.232231 123.231119 123.230008 123.228896 123.227785 123.226673 123.225562 123.224450 123.223339 123.222227 123.221116 123.220004 123.218893 123.217781 123.216670 123.215558 123.214447 123.213335 123.212224 123.211112 123.210001 123.208889 123.207793 123.206681 123.205570 123.204458 123.203347 123.202235 123.201124 123.200012 123.198901 123.197789 123.196678 123.195566 123.194455 123.193343 123.192232 123.191120 123.190009 123.188897
123.243902 123.242790 123.241679 123.240567 123.239456 123.238344 123.237233 123.236121 123.235010 123.233898 123.232787 123.231675 123.230564 123.229452 123.228341 123.227229 123.226118 123.225006 123.223895 123.222783 123.221672 123.220560 123.219449 123.218337 123.217225 123.216114 123.215002 123.213891 123.212779 123.211668 123.210556 123.209445 123.208333 123.207237 123.206126 123.205014 123.203903 123.202791 123.201679 123.200568 123.199456 123.198345 123.197233 123.196122 123.195010 123.193899 123.192787 123.191676 123.190564 123.189453 123.188341 123.187230 123.186118 123.185007 123.183895 123.182784 123.181672
123.236677 123.235566 123.234454 123.233342 123.232231 123.231119 123.230008 123.228896 123.227785 123.226673 123.225562 123.224450 123.223339 123.222227 123.221116 123.220004 123.218893 123.217781 123.216670 123.215558 123.214447 123.213335 123.212224 123.211112 123.210001 123.208889 123.207793 123.206681 123.205570 123.204458 123.203347 123.202235 123.201124 123.200012 123.198901 123.197789 123.196678 123.195566 123.194455 123.193343 123.192232 123.191120 123.190009 123.188897 123.187786 123.186674 123.185562 123.184451 123.183339 123.182228 123.181116 123.180005 123.178893 123.177782 123.176670 123.175559 123.174447
123.230008 123.228896 123.227785 123.226673 123.225562 123.224450 123.223339 123.222227 123.221116 123.220004 123.218893 123.217781 123.216670 123.215558 123.214447 123.213335 123.212224 123.211112 123.210001 123.208889 123.207793 123.206681 123.205570 123.204458 123.203347 123.202235 123.201124 123.200012 123.198901 123.197789 123.196678 123.195566 123.194455 123.193343 123.192232 123.191120 123.190009 123.188897 123.187786 123.186674 123.185562 123.184451 123.183339 123.182228 123.181116 123.180005 123.178893 123.177782 123.176670 123.175559 123.174447 123.173336 123.172224 123.171113 123.170001 123.168890 123.167778
123.226673 123.225562 123.224450 123.223339 123.222227 123.221116 123.220004 123.218893 123.217781 123.216670 123.215558 123.214447 123.213335 123.212224 123.211112 123.210001 123.208889 123.207793 123.206681 123.205570 123.204458 123.203347 123.202235 123.201124 123.200012 123.198901 123.197789 123.196678 123.195566 123.194455 123.193343 123.192232 123.191120 123.190009 123.188897 123.187786 123.186674 123.185562 123.184451 123.183339 123.182228 123.181116 123.180005 123.178893 123.177782 123.176670 123.175559 123.174447 123.173336 123.172224 123.171113 123.170001 123.168890 123.167778 123.166667 123.165570 123.164459
123.230564 123.229452 123.228341 123.227229 123.226118 123.225006 123.223895 123.222783 123.221672 123.220560 123.219449 123.218337 123.217225 123.216114 123.215002 123.213891 123.212779 123.211668 123.210556 123.209445 123.208333 123.207237 123.206126 123.205014 123.203903 123.202791 123.201679 123.200568 123.199456 123.198345 123.197233 123.196122 123.195010 123.193899 123.192787 123.191676 123.190564 123.189453 123.188341 123.187230 123.186118 123.185007 123.183895 123.182784 123.181672 123.180561 123.179449 123.178338 123.177226 123.176115 123.175003 123.173892 123.172780 123.171668 123.170557 123.169445 123.168334
123.237789 123.236677 123.235566 123.234454 123.233342 123.232231 123.231119 123.230008 123.228896 123.227785 123.226673 123.225562 123.224450 123.223339 123.222227 123.221116 123.220004 123.218893 123.217781 123.216670 123.215558 123.214447 123.213335 123.212224 123.211112 123.210001 123.208889 123.207793 123.206681 123.205570 123.204458 123.203347 123.202235 123.201124 123.200012 123.198901 123.197789 123.196678 123.195566 123.194455 123.193343 123.192232 123.191120 123.190009 123.188897 123.187786 123.186674 123.185562 123.184451 123.183339 123.182228 123.181116 123.180005 123.178893 123.177782 123.176670 123.175559
123.244458 123.243346 123.242235 123.241123 123.240012 123.238900 123.237789 123.236677 123.235566 123.234454 123.233342 123.232231 123.231119 123.230008 123.228896 123.227785 123.226673 123.225562 123.224450 123.223339 123.222227 123.221116 123.220004 123.218893 123.217781 123.216670 123.215558 123.214447 123.213335 123.212224 123.211112 123.210001 123.208889 123.207793 123.206681 123.205570 123.204458 123.203347 123.202235 123.201124 123.200012 123.198901 123.197789 123.196678 123.195566 123.194455 123.193343 123.192232 123.191120 123.190009 123.188897 123.187786 123.186674 123.185562 123.184451 123.183339 123.182228
123.251667 123.250556 123.249459 123.248348 123.247236 123.246125 123.245013 123.243902 123.242790 123.241679 123.240567 123.239456 123.238344 123.237233 123.236121 123.235010 123.233898 123.232787 123.231675 123.230564 123.229452 123.228341 123.227229 123.226118 123.225006 123.223895 123.222783 123.221672 123.220560 123.219449 123.218337 123.217225 123.216114 123.215002 123.213891 123.212779 123.211668 123.210556 123.209445 123.208333 123.207237 123.206126 123.205014 123.203903 123.202791 123.201679 123.200568 123.199456 123.198345 123.197233 123.196122 123.195010 123.193899 123.192787 123.191676 123.190564 123.189453
123.258892 123.257781 123.256669 123.255558 123.254446 123.253335 123.252223 123.251112 123.250000 123.248904 123.247792 123.246681 123.245569 123.244458 123.243346 123.242235 123.241123 123.240012 123.238900 123.237789 123.236677 123.235566 123.234454 123.233342 123.232231 123.231119 123.230008 123.228896 123.227785 123.226673 123.225562 123.224450 123.223339 123.222227 123.221116 123.220004 123.218893 123.217781 123.216670 123.215558 123.214447 123.213335 123.212224 123.211112 123.210001 123.208889 123.207793 123.206681 123.205570 123.204458 123.203347 123.202235 123.201124 123.200012 123.198901 123.197789 123.196678
123.265561 123.264450 123.263338 123.262227 123.261115 123.260004 123.258892 123.257781 123.256669 123.255558 123.254446 123.253335 123.252223 123.251112 123.250000 123.248904 123.247792 123.246681 123.245569 123.244458 123.243346 123.242235 123.241123 123.240012 123.238900 123.237789 123.236677 123.235566 123.234454 123.233342 123.232231 123.231119 123.230008 123.228896 123.227785 123.226673 123.225562 123.224450 123.223339 123.222227 123.221116 123.220004 123.218893 123.217781 123.216670 123.215558 123.214447 123.213335 123.212224 123.211112 123.210001 123.208889 123.207793 123.206681 123.205570 123.204458 123.203347
123.272786 123.271675 123.270563 123.269452 123.268340 123.267229 123.266117 123.265005 123.263894 123.262782 123.261671 123.260559 123.259448 123.258336 123.257225 123.256113 123.255002 123.253890 123.252779 123.251667 123.250556 123.249459 123.248348 123.247236 123.246125 123.245013 123.243902 123.242790 123.241679 123.240567 123.239456 123.238344 123.237233 123.236121 123.235010 123.233898 123.232787 123.231675 123.230564 123.229452 123.228341 123.227229 123.226118 123.225006 123.223895 123.222783 123.221672 123.220560 123.219449 123.218337 123.217225 123.216114 123.215002 123.213891 123.212779 123.211668 123.210556
123.280011 123.278899 123.277788 123.276676 123.275565 123.274453 123.273342 123.272230 123.271119 123.270007 123.268896 123.267784 123.266673 123.265561 123.264450 123.263338 123.262227 123.261115 123.260004 123.258892 123.257781 123.256669 123.255558 123.254446 123.253335 123.252223 123.251112 123.250000 123.248904 123.247792 123.246681 123.245569 123.244458 123.243346 123.242235 123.241123 123.240012 123.238900 123.237789 123.236677 123.235566 123.234454 123.233342 123.232231 123.231119 123.230008 123.228896 123.227785 123.226673 123.225562 123.224450 123.223339 123.222227 123.221116 123.220004 123.218893 123.217781
123.286680 123.285569 123.284457 123.283346 123.282234 123.281123 123.280011 123.278899 123.277788 123.276676 123.275565 123.274453 123.273342 123.272230 123.271119 123.270007 123.268896 123.267784 123.266673 123.265561 123.264450 123.263338 123.262227 123.261115 123.260004 123.258892 123.257781 123.256669 123.255558 123.254446 123.253335 123.252223 123.251112 123.250556 123.248904 123.247792 123.246681 123.245569 123.244458 123.243346 123.242235 123.241123 123.240012 123.238900 123.237789 123.236677 123.235566 123.234454 123.233342 123.232231 123.231119 123.230008 123.228896 123.227785 123.226673 123.225562 123.224450
123.293890 123.292778 123.291667 123.290570 123.289459 123.288347 123.287236 123.286124 123.285013 123.283901 123.282790 123.281678 123.280567 123.279455 123.278344 123.277232 123.276121 123.275009 123.273898 123.272786 123.271675 123.270563 123.269452 123.268340 123.267229 123.266117 123.265005 123.263894 123.262782 123.261671 123.260559 123.259448 123.258336 123.257225 123.256113 123.255002 123.253890 123.252779 123.251667 123.250556 123.249459 123.248348 123.247236 123.246125 123.245013 123.243902 123.242790 123.241679 123.240567 123.239456 123.238344 123.237233 123.236121 123.235010 123.233898 123.232787 123.231675
123.301115 123.300003 123.298892 123.297780 123.296668 123.295557 123.294445 123.293334 123.292222 123.291126 123.290015 123.288903 123.287792 123.286680 123.285569 123.284457 123.283346 123.282234 123.281123 123.280011 123.278899 123.277788 123.276676 123.275565 123.274453 123.273342 123.272230 123.271119 123.270007 123.268896 123.267784 123.266673 123.265561 123.264450 123.263338 123.262227 123.261115 123.260004 123.258892 123.257781 123.256669 123.255558 123.254446 123.253335 123.252223 123.251112 123.250000 123.248904 123.247792 123.246681 123.245569 123.244458 123.243346 123.242235 123.241123 123.240012 123.238900
123.308339 123.307228 123.306116 123.305005 123.303893 123.302782 123.301670 123.300559 123.299447 123.298336 123.297224 123.296113 123.295001 123.293890 123.292778 123.291667 123.290570 123.289459 123.288347 123.287236 123.286124 123.285013 123.283901 123.282790 123.281678 123.280567 123.279455 123.278344 123.277232 123.276121 123.275009 123.273898 123.272786 123.271675 123.270563 123.269452 123.268340 123.267229 123.266117 123.265005 123.263894 123.262782 123.261671 123.260559 123.259448 123.258336 123.257225 123.256113 123.255002 123.253890 123.252779 123.251667 123.250556 123.249459 123.248348 123.247236 123.246125
123.315009 123.313897 123.312786 123.311674 123.310562 123.309451 123.308339 123.307228 123.306116 123.305005 123.303893 123.302782 123.301670 123.300559 123.299447 123.298336 123.297224 123.296113 123.295001 123.293890 123.292778 123.291667 123.290570 123.289459 123.288347 123.287236 123.286124 123.285013 123.283901 123.282790 123.281678 123.280567 123.279455 123.278344 123.277232 123.276121 123.275009 123.273898 123.272786 123.271675 123.270563 123.269452 123.268340 123.267229 123.266117 123.265005 123.263894 123.262782 123.261671 123.260559 123.259448 123.258336 123.257225 123.256113 123.255002 123.253890 123.252779
123.322233 123.321122 123.320010 123.318899 123.317787 123.316676 123.315564 123.314453 123.313341 123.312230 123.311118 123.310007 123.308895 123.307784 123.306672 123.305561 123.304449 123.303338 123.302226 123.301115 123.300003 123.298892 123.297780 123.296668 123.295557 123.294445 123.293334 123.292222 123.291126 123.290015 123.288903 123.287792 123.286680 123.285569 123.284457 123.283346 123.282234 123.281123 123.280011 123.278899 123.277788 123.276676 123.275565 123.274453 123.273342 123.272230 123.271119 123.270007 123.268896 123.267784 123.266673 123.265561 123.264450 123.263338 123.262227 123.261115 123.260004
123.329458 123.328347 123.327235 123.326124 123.325012 123.323901 123.322789 123.321678 123.320566 123.319455 123.318343 123.317232 123.316120 123.315009 123.313897 123.312786 123.311674 123.310562 123.309451 123.308339 123.307228 123.306116 123.305005 123.303893 123.302782 123.301670 123.300559 123.299447 123.298336 123.297224 123.296113 123.295001 123.293890 123.292778 123.291667 123.290570 123.289459 123.288347 123.287236 123.286124 123.285013 123.283901 123.282790 123.281678 123.280567 123.279455 123.278344 123.277232 123.276121 123.275009 123.273898 123.272786 123.271675 123.270563 123.269452 123.268340 123.267229
123.336668 123.335556 123.334445 123.333333 123.332237 123.331126 123.330014 123.328903 123.327791 123.326679 123.325568 123.324456 123.323345 123.322233 123.321122 123.320010 123.318899 123.317787 123.316676 123.315564 123.314453 123.313341 123.312230 123.311118 123.310007 123.308895 123.307784 123.306672 123.305561 123.304449 123.303338 123.302226 123.301115 123.300003 123.298892 123.297780 123.296668 123.295557 123.294445 123.293334 123.292222 123.291126 123.290015 123.288903 123.287792 123.286680 123.285569 123.284457 123.283346 123.282234 123.281123 123.280011 123.278899 123.277788 123.276676 123.275565 123.274453
123.343337 123.342225 123.341114 123.340002 123.338891 123.337779 123.336668 123.335556 123.334445 123.333333 123.332237 123.331126 123.330014 123.328903 123.327791 123.326679 123.325568 123.324456 123.323345 123.322233 123.321122 123.320010 123.318899 123.317787 123.316676 123.315564 123.314453 123.313341 123.312230 123.311118 123.310007 123.308895 123.307784 123.306672 123.305561 123.304449 123.303338 123.302226 123.301115 123.300003 123.298892 123.297780 123.296668 123.295557 123.294445 123.293334 123.292222 123.291126 123.290015 123.288903 123.287792 123.286680 123.285569 123.284457 123.283346 123.282234 123.281123
123.350562 123.349450 123.348339 123.347227 123.346116 123.345004 123.343893 123.342781 123.341670 123.340558 123.339447 123.338335 123.337224 123.336112 123.335001 123.333889 123.332793 123.331681 123.330570 123.329458 123.328347 123.327235 123.326124 123.325012 123.323901 123.322789 123.321678 123.320566 123.319455 123.318343 123.317232 123.316120 123.315009 123.313897 123.312786 123.311674 123.310562 123.309451 123.308339 123.307228 123.306116 123.305005 123.303893 123.302782 123.301670 123.300559 123.299447 123.298336 123.297224 123.296113 123.295001 123.293890 123.292778 123.291667 123.290570 123.289459 123.288347
