FireSTARR/test/constant/C2_S060_A000_WD090_WS020/arrival.asc
ncols         377
nrows         63
xllcorner     389103.990666
yllcorner     12745655.311160
cellsize      100.000000
NODATA_value  0.000000
[rows 25 to 49 of 63, columns 57 to 113 of 377]
123.391673 123.390561 123.389450 123.388338 123.387227 123.386115 123.385004 123.383892 123.382781 123.381669 123.380558 123.379446 123.378335 123.377223 123.376112 123.375000 123.373904 123.372792 123.371681 123.370569 123.369458 123.368346 123.367235 123.366123 123.365012 123.363900 123.362789 123.361677 123.360566 123.359454 123.358342 123.357231 123.356119 123.355008 123.353896 123.352785 123.351673 123.350562 123.349450 123.348339 123.347227 123.346116 123.345004 123.343893 123.342781 123.341670 123.340558 123.339447 123.338335 123.337224 123.336112 123.335001 123.333889 123.332793 123.331681 123.330570 123.329458
123.384448 123.383336 123.382225 123.381113 123.380002 123.378890 123.377779 123.376667 123.375556 123.374459 123.373348 123.372236 123.371125 123.370013 123.368902 123.367790 123.366679 123.365567 123.364456 123.363344 123.362233 123.361121 123.360010 123.358898 123.357787 123.356675 123.355564 123.354452 123.353341 123.352229 123.351118 123.350006 123.348895 123.347783 123.346672 123.345560 123.344449 123.343337 123.342225 123.341114 123.340002 123.338891 123.337779 123.336668 123.335556 123.334445 123.333333 123.332237 123.331126 123.330014 123.328903 123.327791 123.326679 123.325568 123.324456 123.323345 123.322233
123.377779 123.376667 123.375556 123.374459 123.373348 123.372236 123.371125 123.370013 123.368902 123.367790 123.366679 123.365567 123.364456 123.363344 123.362233 123.361121 123.360010 123.358898 123.357787 123.356675 123.355564 123.354452 123.353341 123.352229 123.351118 123.350006 123.348895 123.347783 123.346672 123.345560 123.344449 123.343337 123.342225 123.341114 123.340002 123.338891 123.337779 123.336668 123.335556 123.334445 123.333333 123.332237 123.331126 123.330014 123.328903 123.327791 123.326679 123.325568 123.324456 123.323345 123.322233 123.321122 123.320010 123.318899 123.317787 123.316676 123.315564
123.370569 123.369458 123.368346 123.367235 123.366123 123.365012 123.363900 123.362789 123.361677 123.360566 123.359454 123.358342 123.357231 123.356119 123.355008 123.353896 123.352785 123.351673 123.350562 123.349450 123.348339 123.347227 123.346116 123.345004 123.343893 123.342781 123.341670 123.340558 123.339447 123.338335 123.337224 123.336112 123.335001 123.333889 123.332793 123.331681 123.330570 123.329458 123.328347 123.327235 123.326124 123.325012 123.323901 123.322789 123.321678 123.320566 123.319455 123.318343 123.317232 123.316120 123.315009 123.313897 123.312786 123.311674 123.310562 123.309451 123.308339
123.363344 123.362233 123.361121 123.360010 123.358898 123.357787 123.356675 123.355564 123.354452 123.353341 123.352229 123.351118 123.350006 123.348895 123.347783 123.346672 123.345560 123.344449 123.343337 123.342225 123.341114 123.340002 123.338891 123.337779 123.336668 123.335556 123.334445 123.333333 123.332237 123.331126 123.330014 123.328903 123.327791 123.326679 123.325568 123.324456 123.323345 123.322233 123.321122 123.320010 123.318899 123.317787 123.316676 123.315564 123.314453 123.313341 123.312230 123.311118 123.310007 123.308895 123.307784 123.306672 123.305561 123.304449 123.303338 123.302226 123.301115
123.356675 123.355564 123.354452 123.353341 123.352229 123.351118 123.350006 123.348895 123.347783 123.346672 123.345560 123.344449 123.343337 123.342225 123.341114 123.340002 123.338891 123.337779 123.336668 123.335556 123.334445 123.333333 123.332237 123.331126 123.330014 123.328903 123.327791 123.326679 123.325568 123.324456 123.323345 123.322233 123.321122 123.320010 123.318899 123.317787 123.316676 123.315564 123.314453 123.313341 123.312230 123.311118 123.310007 123.308895 123.307784 123.306672 123.305561 123.304449 123.303338 123.302226 123.301115 123.300003 123.298892 123.297780 123.296668 123.295557 123.294445
123.353341 123.352229 123.351118 123.350006 123.348895 123.347783 123.346672 123.345560 123.344449 123.343337 123.342225 123.341114 123.340002 123.338891 123.337779 123.336668 123.335556 123.334445 123.333333 123.332237 123.331126 123.330014 123.328903 123.327791 123.326679 123.325568 123.324456 123.323345 123.322233 123.321122 123.320010 123.318899 123.317787 123.316676 123.315564 123.314453 123.313341 123.312230 123.311118 123.310007 123.308895 123.307784 123.306672 123.305561 123.304449 123.303338 123.302226 123.301115 123.300003 123.298892 123.297780 123.296668 123.295557 123.294445 123.293334 123.292222 123.291126
123.357231 123.356119 123.355008 123.353896 123.352785 123.351673 123.350562 123.349450 123.348339 123.347227 123.346116 123.345004 123.343893 123.342781 123.341670 123.340558 123.339447 123.338335 123.337224 123.336112 123.335001 123.333889 123.332793 123.331681 123.330570 123.329458 123.328347 123.327235 123.326124 123.325012 123.323901 123.322789 123.321678 123.320566 123.319455 123.318343 123.317232 123.316120 123.315009 123.313897 123.312786 123.311674 123.310562 123.309451 123.308339 123.307228 123.306116 123.305005 123.303893 123.302782 123.301670 123.300559 123.299447 123.298336 123.297224 123.296113 123.295001
123.364456 123.363344 123.362233 123.361121 123.360010 123.358898 123.357787 123.356675 123.355564 123.354452 123.353341 123.352229 123.351118 123.350006 123.348895 123.347783 123.346672 123.345560 123.344449 123.343337 123.342225 123.341114 123.340002 123.338891 123.337779 123.336668 123.335556 123.334445 123.333333 123.332237 123.331126 123.330014 123.328903 123.327791 123.326679 123.325568 123.324456 123.323345 123.322233 123.321122 123.320010 123.318899 123.317787 123.316676 123.315564 123.314453 123.313341 123.312230 123.311118 123.310007 123.308895 123.307784 123.306672 123.305561 123.304449 123.303338 123.302226
123.371681 123.370569 123.369458 123.368346 123.367235 123.366123 123.365012 123.363900 123.362789 123.361677 123.360566 123.359454 123.358342 123.357231 123.356119 123.355008 123.353896 123.352785 123.351673 123.350562 123.349450 123.348339 123.347227 123.346116 123.345004 123.343893 123.342781 123.341670 123.340558 123.339447 123.338335 123.337224 123.336112 123.335001 123.333889 123.332793 123.331681 123.330570 123.329458 123.328347 123.327235 123.326124 123.325012 123.323901 123.322789 123.321678 123.320566 123.319455 123.318343 123.317232 123.316120 123.315009 123.313897 123.312786 123.311674 123.310562 123.309451
123.378335 123.377223 123.376112 123.375000 123.373904 123.372792 123.371681 123.370569 123.369458 123.368346 123.367235 123.366123 123.365012 123.363900 123.362789 123.361677 123.360566 123.359454 123.358342 123.357231 123.356119 123.355008 123.353896 123.352785 123.351673 123.350562 123.349450 123.348339 123.347227 123.346116 123.345004 123.343893 123.342781 123.341670 123.340558 123.339447 123.338335 123.337224 123.336112 123.335001 123.333889 123.332793 123.331681 123.330570 123.329458 123.328347 123.327235 123.326124 123.325012 123.323901 123.322789 123.321678 123.320566 123.319455 123.318343 123.317232 123.316120
123.385559 123.384448 123.383336 123.382225 123.381113 123.380002 123.378890 123.377779 123.376667 123.375556 123.374459 123.373348 123.372236 123.371125 123.370013 123.368902 123.367790 123.366679 123.365567 123.364456 123.363344 123.362233 123.361121 123.360010 123.358898 123.357787 123.356675 123.355564 123.354452 123.353341 123.352229 123.351118 123.350006 123.348895 123.347783 123.346672 123.345560 123.344449 123.343337 123.342225 123.341114 123.340002 123.338891 123.337779 123.336668 123.335556 123.334445 123.333333 123.332237 123.331126 123.330014 123.328903 123.327791 123.326679 123.325568 123.324456 123.323345
123.392784 123.391673 123.390561 123.389450 123.388338 123.387227 123.386115 123.385004 123.383892 123.382781 123.381669 123.380558 123.379446 123.378335 123.377223 123.376112 123.375000 123.373904 123.372792 123.371681 123.370569 123.369458 123.368346 123.367235 123.366123 123.365012 123.363900 123.362789 123.361677 123.360566 123.359454 123.358342 123.357231 123.356119 123.355008 123.353896 123.352785 123.351673 123.350562 123.349450 123.348339 123.347227 123.346116 123.345004 123.343893 123.342781 123.341670 123.340558 123.339447 123.338335 123.337224 123.336112 123.335001 123.333889 123.332237 123.331126 123.330014
123.399453 123.398342 123.397230 123.396119 123.395007 123.393896 123.392784 123.391673 123.390561 123.389450 123.388338 123.387227 123.386115 123.385004 123.383892 123.382781 123.381669 123.380558 123.379446 123.378335 123.377223 123.376112 123.375000 123.373904 123.372792 123.371681 123.370569 123.369458 123.368346 123.367235 123.366123 123.365012 123.363900 123.362789 123.361677 123.360566 123.359454 123.358342 123.357231 123.356119 123.355008 123.353896 123.352785 123.351673 123.350562 123.349450 123.348339 123.347227 123.346116 123.345004 123.343893 123.342781 123.341670 123.340558 123.339447 123.338335 123.337224
123.406678 123.405567 123.404455 123.403344 123.402232 123.401121 123.400009 123.398898 123.397786 123.396675 123.395563 123.394452 123.393340 123.392229 123.391117 123.390005 123.388894 123.387782 123.386671 123.385559 123.384448 123.383336 123.382225 123.381113 123.380002 123.378890 123.377779 123.376667 123.375556 123.374459 123.373348 123.372236 123.371125 123.370013 123.368902 123.367790 123.366679 123.365567 123.364456 123.363344 123.362233 123.361121 123.360010 123.358898 123.357787 123.356675 123.355564 123.354452 123.353341 123.352229 123.351118 123.350006 123.348895 123.347783 123.346672 123.345560 123.344449
123.413903 123.412792 123.411680 123.410569 123.409457 123.408346 123.407234 123.406123 123.405011 123.403899 123.402788 123.401676 123.400565 123.399453 123.398342 123.397230 123.396119 123.395007 123.393896 123.392784 123.391673 123.390561 123.389450 123.388338 123.387227 123.386115 123.385004 123.383892 123.382781 123.381669 123.380558 123.379446 123.378335 123.377223 123.376112 123.375000 123.373904 123.372792 123.371681 123.370569 123.369458 123.368346 123.367235 123.366123 123.365012 123.363900 123.362789 123.361677 123.360566 123.359454 123.358342 123.357231 123.356119 123.355008 123.353896 123.352785 123.351673
0.000000 0.000000 0.000000 0.000000 123.416126 123.415015 123.413903 123.412792 123.411680 123.410569 123.409457 123.408346 123.407234 123.406123 123.405011 123.403899 123.402788 123.401676 123.400565 123.399453 123.398342 123.397230 123.396119 123.395007 123.393896 123.392784 123.391673 123.390561 123.389450 123.388338 123.387227 123.386115 123.385004 123.383892 123.382781 123.381669 123.380558 123.379446 123.378335 123.377223 123.376112 123.375000 123.373904 123.372792 123.371681 123.370569 123.369458 123.368346 123.367235 123.366123 123.365012 123.363900 123.362789 123.361677 123.360566 123.359454 123.358342
0.000000 0.000000 0.000000 0.000000 0.000000 0.000000 0.000000 0.000000 0.000000 0.000000 123.416667 123.415570 123.414459 123.413347 123.412236 123.411124 123.410013 123.408901 123.407790 123.406678 123.405567 123.404455 123.403344 123.402232 123.401121 123.400009 123.398898 123.397786 123.396675 123.395563 123.394452 123.393340 123.392229 123.391117 123.390005 123.388894 123.387782 123.386671 123.385559 123.384448 123.383336 123.382225 123.381113 123.380002 123.378890 123.377779 123.376667 123.375556 123.374459 123.373348 123.372236 123.371125 123.370013 123.368902 123.367790 123.366679 123.365567
0.000000 0.000000 0.000000 0.000000 0.000000 0.000000 0.000000 0.000000 0.000000 0.000000 0.000000 0.000000 0.000000 0.000000 0.000000 0.000000 0.000000 123.416126 123.415015 123.413903 123.412792 123.411680 123.410569 123.409457 123.408346 123.407234 123.406123 123.405011 123.403899 123.402788 123.401676 123.400565 123.399453 123.398342 123.397230 123.396119 123.395007 123.393896 123.392784 123.391673 123.390561 123.389450 123.388338 123.387227 123.386115 123.385004 123.383892 123.382781 123.381669 123.380558 123.379446 123.378335 123.377223 123.376112 123.375000 123.373904 123.372792
0.000000 0.000000 0.000000 0.000000 0.000000 0.000000 0.000000 0.000000 0.000000 0.000000 0.000000 0.000000 0.000000 0.000000 0.000000 0.000000 0.000000 0.000000 0.000000 0.000000 0.000000 0.000000 0.000000 123.416126 123.415015 123.413903 123.412792 123.411680 123.410569 123.409457 123.408346 123.407234 123.406123 123.405011 123.403899 123.402788 123.401676 123.400565 123.399453 123.398342 123.397230 123.396119 123.395007 123.393896 123.392784 123.391673 123.390561 123.389450 123.388338 123.387227 123.386115 123.385004 123.383892 123.382781 123.381669 123.380558 123.379446
0.000000 0.000000 0.000000 0.000000 0.000000 0.000000 0.000000 0.000000 0.000000 0.000000 0.000000 0.000000 0.000000 0.000000 0.000000 0.000000 0.000000 0.000000 0.000000 0.000000 0.000000 0.000000 0.000000 0.000000 0.000000 0.000000 0.000000 0.000000 0.000000 123.416667 123.415570 123.414459 123.413347 123.412236 123.411124 123.410013 123.408901 123.407790 123.406678 123.405567 123.404455 123.403344 123.402232 123.401121 123.400009 123.398898 123.397786 123.396675 123.395563 123.394452 123.393340 123.392229 123.391117 123.390005 123.388894 123.387782 123.386671
0.000000 0.000000 0.000000 0.000000 0.000000 0.000000 0.000000 0.000000 0.000000 0.000000 0.000000 0.000000 0.000000 0.000000 0.000000 0.000000 0.000000 0.000000 0.000000 0.000000 0.000000 0.000000 0.000000 0.000000 0.000000 0.000000 0.000000 0.000000 0.000000 0.000000 0.000000 0.000000 0.000000 0.000000 0.000000 0.000000 123.416126 123.415015 123.413903 123.412792 123.411680 123.410569 123.409457 123.408346 123.407234 123.406123 123.405011 123.403899 123.402788 123.401676 123.400565 123.399453 123.398342 123.397230 123.396119 123.395007 123.393896
0.000000 0.000000 0.000000 0.000000 0.000000 0.000000 0.000000 0.000000 0.000000 0.000000 0.000000 0.000000 0.000000 0.000000 0.000000 0.000000 0.000000 0.000000 0.000000 0.000000 0.000000 0.000000 0.000000 0.000000 0.000000 0.000000 0.000000 0.000000 0.000000 0.000000 0.000000 0.000000 0.000000 0.000000 0.000000 0.000000 0.000000 0.000000 0.000000 0.000000 0.000000 0.000000 123.416667 123.415570 123.414459 123.413347 123.412236 123.411124 123.410013 123.408901 123.407790 123.406678 123.405567 123.404455 123.403344 123.402232 123.401121
0.000000 0.000000 0.000000 0.000000 0.000000 0.000000 0.000000 0.000000 0.000000 0.000000 0.000000 0.000000 0.000000 0.000000 0.000000 0.000000 0.000000 0.000000 0.000000 0.000000 0.000000 0.000000 0.000000 0.000000 0.000000 0.000000 0.000000 0.000000 0.000000 0.000000 0.000000 0.000000 0.000000 0.000000 0.000000 0.000000 0.000000 0.000000 0.000000 0.000000 0.000000 0.000000 0.000000 0.000000 0.000000 0.000000 0.000000 0.000000 0.000000 123.415570 123.414459 123.413347 123.412236 123.411124 123.410013 123.408901 123.407790
0.000000 0.000000 0.000000 0.000000 0.000000 0.000000 0.000000 0.000000 0.000000 0.000000 0.000000 0.000000 0.000000 0.000000 0.000000 0.000000 0.000000 0.000000 0.000000 0.000000 0.000000 0.000000 0.000000 0.000000 0.000000 0.000000 0.000000 0.000000 0.000000 0.000000 0.000000 0.000000 0.000000 0.000000 0.000000 0.000000 0.000000 0.000000 0.000000 0.000000 0.000000 0.000000 0.000000 0.000000 0.000000 0.000000 0.000000 0.000000 0.000000 0.000000 0.000000 0.000000 0.000000 0.000000 0.000000 123.416126 123.415015
