FireSTARR/test/constant/C2_S060_A000_WD090_WS020/arrival.asc
ncols         377
nrows         63
xllcorner     389103.990666
yllcorner     12745655.311160
cellsize      100.000000
NODATA_value  0.000000
[rows 25 to 49 of 63, columns 285 to 341 of 377]
123.138338 123.137227 123.136115 123.135004 123.133892 123.132781 123.131669 123.130558 123.129446 123.128335 123.127223 123.126112 123.125000 123.123904 123.122792 123.121681 123.120569 123.119458 123.118346 123.117235 123.116123 123.115012 123.113900 123.112789 123.111677 123.110566 123.109454 123.108342 123.107231 123.106119 123.105008 123.103896 123.102785 123.101673 123.100562 123.099450 123.098339 123.097227 123.096116 123.095004 123.093893 123.092781 123.091670 123.090558 123.089447 123.088335 123.087224 123.086112 123.085001 123.083889 123.082793 123.081681 123.080570 123.079458 123.078347 123.077235 123.076124
123.131113 123.130002 123.128890 123.127779 123.126667 123.125556 123.124459 123.123348 123.122236 123.121125 123.120013 123.118902 123.117790 123.116679 123.115567 123.114456 123.113344 123.112233 123.111121 123.110010 123.108898 123.107787 123.106675 123.105564 123.104452 123.103341 123.102229 123.101118 123.100006 123.098895 123.097783 123.096672 123.095560 123.094449 123.093337 123.092225 123.091114 123.090002 123.088891 123.087779 123.086668 123.085556 123.084445 123.083333 123.082237 123.081126 123.080014 123.078903 123.077791 123.076679 123.075568 123.074456 123.073345 123.072233 123.071122 123.070010 123.068899
123.123904 123.122792 123.121681 123.120569 123.119458 123.118346 123.117235 123.116123 123.115012 123.113900 123.112789 123.111677 123.110566 123.109454 123.108342 123.107231 123.106119 123.105008 123.103896 123.102785 123.101673 123.100562 123.099450 123.098339 123.097227 123.096116 123.095004 123.093893 123.092781 123.091670 123.090558 123.089447 123.088335 123.087224 123.086112 123.085001 123.083889 123.082793 123.081681 123.080570 123.079458 123.078347 123.077235 123.076124 123.075012 123.073901 123.072789 123.071678 123.070566 123.069455 123.068343 123.067232 123.066120 123.065009 123.063897 123.062786 123.061674
123.117235 123.116123 123.115012 123.113900 123.112789 123.111677 123.110566 123.109454 123.108342 123.107231 123.106119 123.105008 123.103896 123.102785 123.101673 123.100562 123.099450 123.098339 123.097227 123.096116 123.095004 123.093893 123.092781 123.091670 123.090558 123.089447 123.088335 123.087224 123.086112 123.085001 123.083889 123.082793 123.081681 123.080570 123.079458 123.078347 123.077235 123.076124 123.075012 123.073901 123.072789 123.071678 123.070566 123.069455 123.068343 123.067232 123.066120 123.065009 123.063897 123.062786 123.061674 123.060562 123.059451 123.058339 123.057228 123.056116 123.055005
123.110010 123.108898 123.107787 123.106675 123.105564 123.104452 123.103341 123.102229 123.101118 123.100006 123.098895 123.097783 123.096672 123.095560 123.094449 123.093337 123.092225 123.091114 123.090002 123.088891 123.087779 123.086668 123.085556 123.084445 123.083333 123.082237 123.081126 123.080014 123.078903 123.077791 123.076679 123.075568 123.074456 123.073345 123.072233 123.071122 123.070010 123.068899 123.067787 123.066676 123.065564 123.064453 123.063341 123.062230 123.061118 123.060007 123.058895 123.057784 123.056672 123.055561 123.054449 123.053338 123.052226 123.051115 123.050003 123.048892 123.047780
123.102785 123.101673 123.100562 123.099450 123.098339 123.097227 123.096116 123.095004 123.093893 123.092781 123.091670 123.090558 123.089447 123.088335 123.087224 123.086112 123.085001 123.083889 123.082793 123.081681 123.080570 123.079458 123.078347 123.077235 123.076124 123.075012 123.073901 123.072789 123.071678 123.070566 123.069455 123.068343 123.067232 123.066120 123.065009 123.063897 123.062786 123.061674 123.060562 123.059451 123.058339 123.057228 123.056116 123.055005 123.053893 123.052782 123.051670 123.050559 123.049447 123.048336 123.047224 123.046113 123.045001 123.043890 123.042778 123.041667 123.040570
123.100006 123.098895 123.097783 123.096672 123.095560 123.094449 123.093337 123.092225 123.091114 123.090002 123.088891 123.087779 123.086668 123.085556 123.084445 123.083333 123.082237 123.081126 123.080014 123.078903 123.077791 123.076679 123.075568 123.074456 123.073345 123.072233 123.071122 123.070010 123.068899 123.067787 123.066676 123.065564 123.064453 123.063341 123.062230 123.061118 123.060007 123.058895 123.057784 123.056672 123.055561 123.054449 123.053338 123.052226 123.051115 123.050003 123.048892 123.047780 123.046668 123.045557 123.044445 123.043334 123.042222 123.041126 123.040015 123.038903 123.037792
123.103896 123.102785 123.101673 123.100562 123.099450 123.098339 123.097227 123.096116 123.095004 123.093893 123.092781 123.091670 123.090558 123.089447 123.088335 123.087224 123.086112 123.085001 123.083889 123.082793 123.081681 123.080570 123.079458 123.078347 123.077235 123.076124 123.075012 123.073901 123.072789 123.071678 123.070566 123.069455 123.068343 123.067232 123.066120 123.065009 123.063897 123.062786 123.061674 123.060562 123.059451 123.058339 123.057228 123.056116 123.055005 123.053893 123.052782 123.051670 123.050559 123.049447 123.048336 123.047224 123.046113 123.045001 123.043890 123.042778 123.041667
123.111121 123.110010 123.108898 123.107787 123.106675 123.105564 123.104452 123.103341 123.102229 123.101118 123.100006 123.098895 123.097783 123.096672 123.095560 123.094449 123.093337 123.092225 123.091114 123.090002 123.088891 123.087779 123.086668 123.085556 123.084445 123.083333 123.082237 123.081126 123.080014 123.078903 123.077791 123.076679 123.075568 123.074456 123.073345 123.072233 123.071122 123.070010 123.068899 123.067787 123.066676 123.065564 123.064453 123.063341 123.062230 123.061118 123.060007 123.058895 123.057784 123.056672 123.055561 123.054449 123.053338 123.052226 123.051115 123.050003 123.048892
123.117790 123.116679 123.115567 123.114456 123.113344 123.112233 123.111121 123.110010 123.108898 123.107787 123.106675 123.105564 123.104452 123.103341 123.102229 123.101118 123.100006 123.098895 123.097783 123.096672 123.095560 123.094449 123.093337 123.092225 123.091114 123.090002 123.088891 123.087779 123.086668 123.085556 123.084445 123.083333 123.082237 123.081126 123.080014 123.078903 123.077791 123.076679 123.075568 123.074456 123.073345 123.072233 123.071122 123.070010 123.068899 123.067787 123.066676 123.065564 123.064453 123.063341 123.062230 123.061118 123.060007 123.058895 123.057784 123.056672 123.055561
123.125000 123.123904 123.122792 123.121681 123.120569 123.119458 123.118346 123.117235 123.116123 123.115012 123.113900 123.112789 123.111677 123.110566 123.109454 123.108342 123.107231 123.106119 123.105008 123.103896 123.102785 123.101673 123.100562 123.099450 123.098339 123.097227 123.096116 123.095004 123.093893 123.092781 123.091670 123.090558 123.089447 123.088335 123.087224 123.086112 123.085001 123.083889 123.082793 123.081681 123.080570 123.079458 123.078347 123.077235 123.076124 123.075012 123.073901 123.072789 123.071678 123.070566 123.069455 123.068343 123.067232 123.066120 123.065009 123.063897 123.062786
123.132225 123.131113 123.130002 123.128890 123.127779 123.126667 123.125556 123.124459 123.123348 123.122236 123.121125 123.120013 123.118902 123.117790 123.116679 123.115567 123.114456 123.113344 123.112233 123.111121 123.110010 123.108898 123.107787 123.106675 123.105564 123.104452 123.103341 123.102229 123.101118 123.100006 123.098895 123.097783 123.096672 123.095560 123.094449 123.093337 123.092225 123.091114 123.090002 123.088891 123.087779 123.086668 123.085556 123.084445 123.083333 123.082237 123.081126 123.080014 123.078903 123.077791 123.076679 123.075568 123.074456 123.073345 123.072233 123.071122 123.070010
123.138894 123.137782 123.136671 123.135559 123.134448 123.133336 123.132225 123.131113 123.130002 123.128890 123.127779 123.126667 123.125556 123.124459 123.123348 123.122236 123.121125 123.120013 123.118902 123.117790 123.116679 123.115567 123.114456 123.113344 123.112233 123.111121 123.110010 123.108898 123.107787 123.106675 123.105564 123.104452 123.103341 123.102229 123.101118 123.100006 123.098895 123.097783 123.096672 123.095560 123.094449 123.093337 123.092225 123.091114 123.090002 123.088891 123.087779 123.086668 123.086112 123.085001 123.083889 123.082793 123.081681 123.080570 123.079458 123.078347 123.077235
123.146119 123.145007 123.143896 123.142784 123.141673 123.140561 123.139450 123.138338 123.137227 123.136115 123.135004 123.133892 123.132781 123.131669 123.130558 123.129446 123.128335 123.127223 123.126112 123.125000 123.123904 123.122792 123.121681 123.120569 123.119458 123.118346 123.117235 123.116123 123.115012 123.113900 123.112789 123.111677 123.110566 123.109454 123.108342 123.107231 123.106119 123.105008 123.103896 123.102785 123.101673 123.100562 123.099450 123.098339 123.097227 123.096116 123.095004 123.093893 123.092781 123.091670 123.090558 123.089447 123.088335 123.087779 123.095004 123.107231 123.107787
123.153344 123.152232 123.151121 123.150009 123.148898 123.147786 123.146675 123.145563 123.144452 123.143340 123.142229 123.141117 123.140005 123.138894 123.137782 123.136671 123.135559 123.134448 123.133336 123.132225 123.131113 123.130002 123.128890 123.127779 123.126667 123.125556 123.124459 123.123348 123.122236 123.121125 123.120013 123.118902 123.117790 123.116679 123.115567 123.114456 123.113344 123.112233 123.111121 123.110010 123.108898 123.107787 123.106675 123.105564 123.104452 123.103341 123.102785 123.101673 123.101673 123.112233 123.123904 123.127223 123.134448 123.141117 123.148342 123.154455 123.162236
123.160013 123.158901 123.157790 123.156678 123.155567 123.154455 123.153344 123.152232 123.151121 123.150009 123.148898 123.147786 123.146675 123.145563 123.144452 123.143340 123.142229 123.141117 123.140005 123.138894 123.137782 123.136671 123.135559 123.134448 123.133336 123.132781 123.131669 123.130558 123.129446 123.128335 123.127223 123.126112 123.125000 123.123904 123.122792 123.121681 123.120569 123.119458 123.118902 123.117790 123.116679 123.115567 123.115012 123.124459 123.130558 123.137782 123.145007 123.150009 123.158346 123.163347 123.173336 123.178893 123.186674 123.195566 123.202235 123.213891 123.223895
123.167222 123.166126 123.165015 123.163903 123.162792 123.161680 123.160569 123.159457 123.158346 123.157234 123.156123 123.155011 123.153899 123.152788 123.151676 123.150565 123.149453 123.148342 123.147786 123.146675 123.145563 123.144452 123.143340 123.142229 123.141117 123.140005 123.138894 123.137782 123.136671 123.135559 123.134448 123.133336 123.132225 123.131113 123.130002 123.128890 123.128335 123.136115 123.137227 123.146119 123.157234 123.163347 123.167222 123.173892 123.178338 123.190009 123.196678 123.203903 123.212779 123.218893 123.228341 123.241123 123.253335 123.264450 123.268340 123.281123 123.295001
123.174447 123.173336 123.172224 123.171113 123.170001 123.168890 123.167778 123.166667 123.165570 123.164459 123.163347 123.162236 123.161680 123.160569 123.159457 123.158346 123.157234 123.156123 123.155011 123.153899 123.152788 123.151676 123.150565 123.149453 123.148342 123.147230 123.146119 123.145007 123.143896 123.142784 123.141673 123.141673 123.150565 123.160013 123.165015 123.173892 123.178338 123.182784 123.192232 123.195010 123.206681 123.211668 123.221116 123.227785 123.240567 123.250000 123.262227 123.263894 123.278899 123.293334 123.300559 123.310562 123.319455 123.332237 123.340002 123.348339 123.361121
123.181116 123.180005 123.178893 123.177782 123.177226 123.176115 123.175003 123.173892 123.172780 123.171668 123.170557 123.169445 123.168890 123.167778 123.166667 123.165570 123.164459 123.163347 123.162236 123.161124 123.160013 123.158901 123.157790 123.156678 123.155567 123.155011 123.164459 123.165015 123.174447 123.181116 123.191676 123.198345 123.198345 123.210001 123.211112 123.223339 123.229452 123.236677 123.245569 123.255002 123.263894 123.276121 123.288347 123.292222 123.302782 123.315564 123.327791 123.331681 123.347227 123.357231 123.366123 123.373348 123.381113 123.391117 123.406123 0.000000 0.000000
123.188897 123.187786 123.186674 123.185562 123.184451 123.183339 123.182228 123.181116 123.180005 123.178893 123.177782 123.176670 123.175559 123.174447 123.173336 123.172224 123.171113 123.170001 123.168890 123.168334 123.176670 123.181672 123.187230 123.188897 123.195566 123.207793 123.211668 123.216670 123.221672 123.225006 123.237789 123.246681 123.252223 123.267784 123.275009 123.286680 123.297224 123.307784 123.314453 123.323345 123.333889 123.343337 123.353896 123.359454 123.370013 123.380558 123.393340 123.402788 123.408346 0.000000 0.000000 0.000000 0.000000 0.000000 0.000000 0.000000 0.000000
123.196122 123.195010 123.193899 123.192787 123.191676 123.190564 123.189453 123.188341 123.187230 123.186118 123.185007 123.183895 123.182784 123.181672 123.181672 123.191120 123.198901 123.202235 123.202791 123.209445 123.222227 123.228341 123.234454 123.238344 123.244458 123.248904 123.261671 123.271675 123.282234 123.289459 123.302226 123.312230 123.319455 123.329458 123.341670 123.347783 123.362233 123.373348 123.379446 123.387227 123.398898 123.407234 0.000000 0.000000 0.000000 0.000000 0.000000 0.000000 0.000000 0.000000 0.000000 0.000000 0.000000 0.000000 0.000000 0.000000 0.000000
123.203347 123.202235 123.201124 123.200012 123.198901 123.197789 123.196678 123.195566 123.195010 123.205014 123.212224 123.212779 123.216114 123.223339 123.228341 123.234454 123.242790 123.251667 123.252779 123.266117 123.270007 123.276121 123.289459 123.298336 123.308339 123.318899 123.323901 123.334445 123.347227 123.356675 123.370013 123.379446 123.387782 123.396119 123.410569 123.413347 0.000000 0.000000 0.000000 0.000000 0.000000 0.000000 0.000000 0.000000 0.000000 0.000000 0.000000 0.000000 0.000000 0.000000 0.000000 0.000000 0.000000 0.000000 0.000000 0.000000 0.000000
123.210001 123.208889 123.208333 123.215002 123.222227 123.226118 123.229452 123.231675 123.237233 123.248348 123.253335 123.256669 123.266117 123.267229 123.276676 123.289459 123.294445 123.305561 123.312786 123.325568 123.332793 123.340002 123.352785 123.361677 123.375000 123.386115 123.392229 123.400565 123.412236 0.000000 0.000000 0.000000 0.000000 0.000000 0.000000 0.000000 0.000000 0.000000 0.000000 0.000000 0.000000 0.000000 0.000000 0.000000 0.000000 0.000000 0.000000 0.000000 0.000000 0.000000 0.000000 0.000000 0.000000 0.000000 0.000000 0.000000 0.000000
123.240012 123.243346 123.252223 123.257225 123.262782 123.268340 123.275565 123.280011 123.286124 123.293334 123.306672 123.316676 123.320566 123.330014 123.338335 123.347783 123.359454 123.368346 123.380558 123.388338 123.401676 123.415570 0.000000 0.000000 0.000000 0.000000 0.000000 0.000000 0.000000 0.000000 0.000000 0.000000 0.000000 0.000000 0.000000 0.000000 0.000000 0.000000 0.000000 0.000000 0.000000 0.000000 0.000000 0.000000 0.000000 0.000000 0.000000 0.000000 0.000000 0.000000 0.000000 0.000000 0.000000 0.000000 0.000000 0.000000 0.000000
123.288347 123.295557 123.297780 123.302226 123.307228 123.317787 123.330014 123.337224 123.349450 123.355008 123.365012 123.379446 123.390561 123.392229 123.406678 0.000000 0.000000 0.000000 0.000000 0.000000 0.000000 0.000000 0.000000 0.000000 0.000000 0.000000 0.000000 0.000000 0.000000 0.000000 0.000000 0.000000 0.000000 0.000000 0.000000 0.000000 0.000000 0.000000 0.000000 0.000000 0.000000 0.000000 0.000000 0.000000 0.000000 0.000000 0.000000 0.000000 0.000000 0.000000 0.000000 0.000000 0.000000 0.000000 0.000000 0.000000 0.000000
