FireSTARR/test/constant/O1a_S000_A000_WD225_WS020/arrival.asc
ncols         151
nrows         151
xllcorner     425403.990666
yllcorner     12747555.311160
cellsize      100.000000
NODATA_value  0.000000
[rows 54 to 80 of 151, columns 60 to 119 of 151]
0.000000 0.000000 0.000000 0.000000 0.000000 0.000000 0.000000 0.000000 0.000000 0.000000 123.411367 123.404950 123.396393 123.392114 123.383557 123.373979 123.372910 123.363283 123.359004 123.348308 123.344030 123.335473 123.332313 123.323756 123.318407 123.311990 123.305572 123.297015 123.294876 123.290646 123.286367 123.282089 123.272462 123.269253 123.260696 123.253209 123.253209 123.256418 123.268184 123.276741 123.285298 123.293806 123.300224 123.309850 123.318407 123.328034 123.332313 123.342960 123.353656 123.362213 123.370770 123.379279 123.388905 123.397462 123.407089 123.415646 0.000000 0.000000 0.000000 0.000000
0.000000 0.000000 0.000000 0.000000 0.000000 0.000000 0.000000 0.000000 123.416667 123.409228 123.400671 123.392114 123.387836 123.381418 123.371840 123.367562 123.361144 123.353656 123.347239 123.340821 123.333333 123.328034 123.320547 123.316268 123.307711 123.300224 123.293806 123.291667 123.287437 123.282089 123.276741 123.270323 123.262836 123.258557 123.250000 123.250000 123.253209 123.263905 123.274602 123.282089 123.291667 123.298084 123.308781 123.316268 123.323756 123.328034 123.340821 123.349378 123.356865 123.367562 123.378209 123.387836 123.393184 123.404950 123.415646 0.000000 0.000000 0.000000 0.000000 0.000000
0.000000 0.000000 0.000000 0.000000 0.000000 0.000000 0.000000 123.414576 123.408159 123.399602 123.389975 123.386766 123.376070 123.368631 123.364353 123.360074 123.352587 123.342960 123.339751 123.330173 123.325895 123.320547 123.311990 123.304502 123.298084 123.292736 123.288507 123.284228 123.279950 123.273532 123.268184 123.261766 123.256418 123.246840 123.246840 123.250000 123.260696 123.268184 123.279950 123.288507 123.294876 123.305572 123.313059 123.321616 123.325895 123.335473 123.348308 123.352587 123.365422 123.372910 123.382487 123.392114 123.400671 123.411367 0.000000 0.000000 0.000000 0.000000 0.000000 0.000000
0.000000 0.000000 0.000000 0.000000 0.000000 0.000000 123.410298 123.401741 123.397462 123.387836 123.382487 123.373979 123.366492 123.362213 123.355796 123.348308 123.340821 123.336542 123.331243 123.322686 123.315199 123.309850 123.303433 123.295945 123.288507 123.285298 123.281019 123.276741 123.269253 123.264975 123.256418 123.253209 123.243631 123.243631 123.246840 123.258557 123.267114 123.274602 123.285298 123.293806 123.303433 123.309850 123.317338 123.322686 123.333333 123.342960 123.351517 123.360074 123.371840 123.379279 123.389975 123.400671 123.409228 123.416667 0.000000 0.000000 0.000000 0.000000 0.000000 0.000000
0.000000 0.000000 0.000000 0.000000 0.000000 123.408159 123.401741 123.393184 123.386766 123.380348 123.371840 123.365422 123.359004 123.352587 123.348308 123.340821 123.333333 123.325895 123.318407 123.315199 123.305572 123.299154 123.293806 123.285298 123.282089 123.276741 123.273532 123.269253 123.263905 123.255348 123.247910 123.241492 123.240422 123.243631 123.256418 123.263905 123.273532 123.282089 123.289576 123.298084 123.306641 123.315199 123.320547 123.331243 123.339751 123.348308 123.359004 123.367562 123.376070 123.386766 123.395323 123.404950 123.413507 0.000000 0.000000 0.000000 0.000000 0.000000 0.000000 0.000000
0.000000 0.000000 0.000000 123.414576 123.407089 123.397462 123.393184 123.382487 123.377139 123.369701 123.361144 123.354726 123.349378 123.341890 123.334403 123.326964 123.324825 123.314129 123.309850 123.302363 123.298084 123.288507 123.284228 123.278880 123.272462 123.269253 123.264975 123.258557 123.252139 123.246840 123.238283 123.238283 123.241492 123.253209 123.261766 123.270323 123.278880 123.288507 123.297015 123.303433 123.310920 123.317338 123.329104 123.338681 123.346169 123.355796 123.363283 123.372910 123.383557 123.394253 123.403880 123.411367 0.000000 0.000000 0.000000 0.000000 0.000000 0.000000 0.000000 0.000000
0.000000 0.000000 123.411367 123.404950 123.395323 123.386766 123.381418 123.372910 123.367562 123.359004 123.350447 123.346169 123.340821 123.335473 123.326964 123.319477 123.313059 123.308781 123.301293 123.295945 123.286367 123.281019 123.275671 123.269253 123.266044 123.263905 123.255348 123.250000 123.242562 123.235074 123.235074 123.238283 123.246840 123.257487 123.266044 123.274602 123.284228 123.293806 123.300224 123.308781 123.316268 123.324825 123.334403 123.342960 123.352587 123.361144 123.369701 123.380348 123.388905 123.397462 123.410298 0.000000 0.000000 0.000000 0.000000 0.000000 0.000000 0.000000 0.000000 0.000000
123.414576 123.409228 123.400671 123.394253 123.386766 123.377139 123.369701 123.363283 123.354726 123.348308 123.344030 123.337612 123.329104 123.322686 123.319477 123.309850 123.304502 123.298084 123.290646 123.286367 123.276741 123.273532 123.266044 123.262836 123.258557 123.252139 123.247910 123.241492 123.232935 123.231865 123.235074 123.245770 123.255348 123.263905 123.271393 123.282089 123.291667 123.295945 123.305572 123.311990 123.322686 123.332313 123.339751 123.347239 123.356865 123.368631 123.379279 123.387836 123.398532 123.404950 123.414576 0.000000 0.000000 0.000000 0.000000 0.000000 0.000000 0.000000 0.000000 0.000000
123.403880 123.398532 123.389975 123.382487 123.373979 123.367562 123.363283 123.353656 123.347239 123.341890 123.333333 123.330173 123.321616 123.314129 123.306641 123.301293 123.297015 123.288507 123.281019 123.274602 123.270323 123.262836 123.260696 123.257487 123.250000 123.242562 123.236144 123.228656 123.228656 123.232935 123.242562 123.252139 123.260696 123.269253 123.278880 123.287437 123.293806 123.302363 123.310920 123.318407 123.328034 123.337612 123.345099 123.354726 123.366492 123.373979 123.382487 123.393184 123.402810 123.413507 0.000000 0.000000 0.000000 0.000000 0.000000 0.000000 0.000000 0.000000 0.000000 0.000000
123.394253 123.387836 123.381418 123.372910 123.365422 123.357935 123.352587 123.342960 123.338681 123.331243 123.323756 123.315199 123.311990 123.306641 123.298084 123.290646 123.284228 123.278880 123.270323 123.267114 123.259627 123.258557 123.254279 123.245770 123.241492 123.232935 123.226517 123.225447 123.228656 123.240422 123.247910 123.258557 123.267114 123.273532 123.283159 123.289576 123.299154 123.306641 123.316268 123.326964 123.334403 123.341890 123.353656 123.362213 123.371840 123.381418 123.392114 123.399602 123.410298 123.416667 0.000000 0.000000 0.000000 0.000000 0.000000 0.000000 0.000000 0.000000 0.000000 0.000000
123.385696 123.378209 123.369701 123.361144 123.355796 123.347239 123.341890 123.336542 123.330173 123.324825 123.317338 123.306641 123.302363 123.293806 123.288507 123.282089 123.275671 123.268184 123.263905 123.257487 123.257487 123.251070 123.242562 123.236144 123.229726 123.223308 123.222239 123.226517 123.236144 123.246840 123.255348 123.264975 123.272462 123.281019 123.288507 123.297015 123.304502 123.311990 123.322686 123.332313 123.339751 123.350447 123.360074 123.367562 123.380348 123.389975 123.397462 123.404950 123.412437 0.000000 0.000000 0.000000 0.000000 0.000000 0.000000 0.000000 0.000000 0.000000 0.000000 0.000000
123.377139 123.367562 123.362213 123.350447 123.344030 123.337612 123.331243 123.325895 123.318407 123.310920 123.304502 123.300224 123.292736 123.287437 123.278880 123.271393 123.268184 123.260696 123.254279 123.253209 123.245770 123.240422 123.234004 123.228656 123.220099 123.220099 123.223308 123.232935 123.241492 123.251070 123.260696 123.268184 123.278880 123.285298 123.293806 123.300224 123.311990 123.319477 123.325895 123.338681 123.348308 123.357935 123.367562 123.375000 123.384627 123.394253 123.404950 123.411367 0.000000 0.000000 0.000000 0.000000 0.000000 0.000000 0.000000 0.000000 0.000000 0.000000 0.000000 0.000000
123.364353 123.355796 123.349378 123.342960 123.336542 123.329104 123.324825 123.316268 123.311990 123.303433 123.297015 123.289576 123.285298 123.276741 123.269253 123.261766 123.257487 123.251070 123.248979 123.244701 123.238283 123.231865 123.224378 123.216890 123.216890 123.220099 123.228656 123.239353 123.247910 123.258557 123.266044 123.275671 123.282089 123.290646 123.300224 123.308781 123.314129 123.324825 123.333333 123.345099 123.351517 123.363283 123.373979 123.383557 123.392114 123.400671 123.408159 0.000000 0.000000 0.000000 0.000000 0.000000 0.000000 0.000000 0.000000 0.000000 0.000000 0.000000 0.000000 0.000000
123.354726 123.347239 123.338681 123.332313 123.325895 123.320547 123.314129 123.305572 123.299154 123.291667 123.287437 123.281019 123.274602 123.267114 123.261766 123.254279 123.247910 123.245770 123.240422 123.235074 123.227587 123.223308 123.214751 123.213681 123.216890 123.227587 123.236144 123.245770 123.255348 123.266044 123.272462 123.279950 123.286367 123.294876 123.305572 123.311990 123.321616 123.333333 123.342960 123.350447 123.361144 123.369701 123.378209 123.386766 123.398532 123.406019 0.000000 0.000000 0.000000 0.000000 0.000000 0.000000 0.000000 0.000000 0.000000 0.000000 0.000000 0.000000 0.000000 0.000000
123.344030 123.335473 123.330173 123.324825 123.317338 123.311990 123.305572 123.298084 123.287437 123.283159 123.278880 123.270323 123.263905 123.255348 123.251070 123.245770 123.242562 123.239353 123.229726 123.226517 123.217960 123.210473 123.210473 123.214751 123.224378 123.232935 123.243631 123.250000 123.260696 123.269253 123.277810 123.283159 123.293806 123.303433 123.309850 123.319477 123.328034 123.338681 123.346169 123.356865 123.367562 123.377139 123.385696 123.393184 123.404950 123.412437 0.000000 0.000000 0.000000 0.000000 0.000000 0.000000 0.000000 0.000000 0.000000 0.000000 0.000000 0.000000 0.000000 0.000000
123.332313 123.328034 123.318407 123.314129 123.308781 123.300224 123.293806 123.286367 123.281019 123.273532 123.269253 123.261766 123.255348 123.247910 123.242562 123.240422 123.234004 123.227587 123.220099 123.214751 123.208333 123.207313 123.210473 123.223308 123.231865 123.240422 123.246840 123.258557 123.263905 123.275671 123.279950 123.288507 123.300224 123.308781 123.316268 123.328034 123.336542 123.345099 123.353656 123.363283 123.371840 123.381418 123.391044 123.399602 123.410298 0.000000 0.000000 0.000000 0.000000 0.000000 0.000000 0.000000 0.000000 0.000000 0.000000 0.000000 0.000000 0.000000 0.000000 0.000000
123.322686 123.319477 123.310920 123.306641 123.297015 123.291667 123.285298 123.277810 123.270323 123.268184 123.257487 123.252139 123.244701 123.241492 123.236144 123.231865 123.224378 123.219030 123.211542 123.205173 123.204104 123.208333 123.219030 123.227587 123.237213 123.244701 123.256418 123.260696 123.270323 123.276741 123.289576 123.297015 123.305572 123.315199 123.322686 123.331243 123.340821 123.351517 123.362213 123.370770 123.378209 123.386766 123.398532 123.406019 123.416667 0.000000 0.000000 0.000000 0.000000 0.000000 0.000000 0.000000 0.000000 0.000000 0.000000 0.000000 0.000000 0.000000 0.000000 0.000000
123.313059 123.306641 123.301293 123.297015 123.288507 123.279950 123.272462 123.268184 123.262836 123.255348 123.250000 123.241492 123.238283 123.234004 123.227587 123.222239 123.216890 123.210473 123.201964 123.201964 123.205173 123.216890 123.226517 123.235074 123.243631 123.254279 123.257487 123.269253 123.274602 123.283159 123.292736 123.302363 123.309850 123.321616 123.330173 123.339751 123.348308 123.356865 123.366492 123.376070 123.384627 123.394253 123.407089 123.414576 0.000000 0.000000 0.000000 0.000000 0.000000 0.000000 0.000000 0.000000 0.000000 0.000000 0.000000 0.000000 0.000000 0.000000 0.000000 0.000000
123.302363 123.299154 123.291667 123.286367 123.279950 123.269253 123.266044 123.260696 123.253209 123.245770 123.238283 123.235074 123.230796 123.224378 123.217960 123.214751 123.205173 123.198756 123.198756 123.201964 123.211542 123.220099 123.229726 123.239353 123.248979 123.254279 123.266044 123.271393 123.282089 123.289576 123.298084 123.308781 123.315199 123.323756 123.337612 123.346169 123.353656 123.365422 123.372910 123.381418 123.391044 123.401741 123.414576 0.000000 0.000000 0.000000 0.000000 0.000000 0.000000 0.000000 0.000000 0.000000 0.000000 0.000000 0.000000 0.000000 0.000000 0.000000 0.000000 0.000000
123.297015 123.290646 123.282089 123.274602 123.268184 123.264975 123.258557 123.251070 123.242562 123.236144 123.231865 123.227587 123.221169 123.219030 123.209403 123.204104 123.196616 123.195547 123.198756 123.209403 123.219030 123.227587 123.237213 123.247910 123.251070 123.263905 123.268184 123.277810 123.289576 123.293806 123.303433 123.313059 123.324825 123.331243 123.341890 123.352587 123.363283 123.369701 123.381418 123.388905 123.401741 123.409228 0.000000 0.000000 0.000000 0.000000 0.000000 0.000000 0.000000 0.000000 0.000000 0.000000 0.000000 0.000000 0.000000 0.000000 0.000000 0.000000 0.000000 0.000000
123.287437 123.279950 123.271393 123.263905 123.260696 123.253209 123.247910 123.240422 123.232935 123.229726 123.224378 123.219030 123.213681 123.208333 123.199825 123.192338 123.192338 123.196616 123.205173 123.213681 123.225447 123.236144 123.242562 123.247910 123.258557 123.264975 123.274602 123.285298 123.290646 123.301293 123.311990 123.320547 123.329104 123.338681 123.350447 123.359004 123.366492 123.376070 123.387836 123.395323 123.409228 123.416667 0.000000 0.000000 0.000000 0.000000 0.000000 0.000000 0.000000 0.000000 0.000000 0.000000 0.000000 0.000000 0.000000 0.000000 0.000000 0.000000 0.000000 0.000000
123.275671 123.271393 123.261766 123.258557 123.250000 123.245770 123.238283 123.230796 123.225447 123.221169 123.216890 123.210473 123.203034 123.197686 123.190199 123.189129 123.192338 123.204104 123.211542 123.220099 123.230796 123.241492 123.245770 123.257487 123.261766 123.273532 123.283159 123.288507 123.298084 123.308781 123.317338 123.325895 123.335473 123.348308 123.355796 123.366492 123.375000 123.384627 123.394253 123.403880 123.414576 0.000000 0.000000 0.000000 0.000000 0.000000 0.000000 0.000000 0.000000 0.000000 0.000000 0.000000 0.000000 0.000000 0.000000 0.000000 0.000000 0.000000 0.000000 0.000000
123.266044 123.259627 123.254279 123.247910 123.241492 123.235074 123.227587 123.223308 123.217960 123.212612 123.208333 123.200895 123.193407 123.186990 123.185920 123.190199 123.199825 123.207313 123.217960 123.228656 123.237213 123.242562 123.253209 123.258557 123.270323 123.281019 123.284228 123.295945 123.306641 123.315199 123.323756 123.335473 123.346169 123.353656 123.360074 123.371840 123.382487 123.391044 123.402810 123.413507 0.000000 0.000000 0.000000 0.000000 0.000000 0.000000 0.000000 0.000000 0.000000 0.000000 0.000000 0.000000 0.000000 0.000000 0.000000 0.000000 0.000000 0.000000 0.000000 0.000000
123.257487 123.250000 123.246840 123.238283 123.232935 123.224378 123.220099 123.213681 123.209403 123.203034 123.199825 123.193407 123.183781 123.183781 123.186990 123.196616 123.208333 123.216890 123.227587 123.234004 123.240422 123.252139 123.255348 123.268184 123.276741 123.282089 123.293806 123.303433 123.310920 123.321616 123.331243 123.344030 123.350447 123.360074 123.369701 123.378209 123.389975 123.400671 123.409228 0.000000 0.000000 0.000000 0.000000 0.000000 0.000000 0.000000 0.000000 0.000000 0.000000 0.000000 0.000000 0.000000 0.000000 0.000000 0.000000 0.000000 0.000000 0.000000 0.000000 0.000000
123.245770 123.243631 123.235074 123.229726 123.224378 123.216890 123.210473 123.207313 123.199825 123.194477 123.186990 123.180572 123.180572 123.183781 123.192338 123.201964 123.213681 123.221169 123.230796 123.238283 123.247910 123.253209 123.264975 123.272462 123.278880 123.291667 123.300224 123.308781 123.318407 123.331243 123.340821 123.347239 123.355796 123.368631 123.377139 123.385696 123.397462 123.408159 123.416667 0.000000 0.000000 0.000000 0.000000 0.000000 0.000000 0.000000 0.000000 0.000000 0.000000 0.000000 0.000000 0.000000 0.000000 0.000000 0.000000 0.000000 0.000000 0.000000 0.000000 0.000000
123.238283 123.234004 123.227587 123.219030 123.212612 123.208333 123.204104 123.197686 123.192338 123.185920 123.178433 123.177363 123.180572 123.191268 123.200895 123.210473 123.220099 123.227587 123.236144 123.245770 123.251070 123.262836 123.271393 123.276741 123.286367 123.297015 123.306641 123.318407 123.328034 123.335473 123.342960 123.354726 123.362213 123.373979 123.383557 123.395323 123.403880 123.415646 0.000000 0.000000 0.000000 0.000000 0.000000 0.000000 0.000000 0.000000 0.000000 0.000000 0.000000 0.000000 0.000000 0.000000 0.000000 0.000000 0.000000 0.000000 0.000000 0.000000 0.000000 0.000000
123.229726 123.225447 123.217960 123.208333 123.205173 123.200895 123.194477 123.190199 123.181641 123.174154 123.174154 123.178433 123.188059 123.197686 123.206243 123.215821 123.224378 123.231865 123.242562 123.247910 123.259627 123.267114 123.275671 123.285298 123.293806 123.302363 123.315199 123.325895 123.332313 123.338681 123.351517 123.361144 123.370770 123.381418 123.392114 123.402810 123.411367 0.000000 0.000000 0.000000 0.000000 0.000000 0.000000 0.000000 0.000000 0.000000 0.000000 0.000000 0.000000 0.000000 0.000000 0.000000 0.000000 0.000000 0.000000 0.000000 0.000000 0.000000 0.000000 0.000000
