FireSTARR/test/constant/O1a_S000_A000_WD225_WS020/arrival.asc
ncols         151
nrows         151
xllcorner     425403.990666
yllcorner     12747555.311160
cellsize      100.000000
NODATA_value  0.000000
[rows 81 to 107 of 151, columns 0 to 59 of 151]
0.000000 0.000000 0.000000 0.000000 0.000000 0.000000 0.000000 0.000000 0.000000 0.000000 0.000000 0.000000 0.000000 0.000000 0.000000 0.000000 0.000000 0.000000 0.000000 0.000000 0.000000 0.000000 0.000000 0.000000 0.000000 0.000000 0.000000 0.000000 0.000000 0.000000 0.000000 0.000000 0.000000 0.000000 0.000000 0.000000 0.000000 123.410298 123.387836 123.378209 123.367562 123.359004 123.350447 123.342960 123.333333 123.323756 123.317338 123.310920 123.304502 123.298084 123.287437 123.278880 123.272462 123.267114 123.260696 123.252139 123.245770 123.237213 123.235074 123.229726
0.000000 0.000000 0.000000 0.000000 0.000000 0.000000 0.000000 0.000000 0.000000 0.000000 0.000000 0.000000 0.000000 0.000000 0.000000 0.000000 0.000000 0.000000 0.000000 0.000000 0.000000 0.000000 0.000000 0.000000 0.000000 0.000000 0.000000 0.000000 0.000000 0.000000 0.000000 0.000000 0.000000 0.000000 0.000000 0.000000 123.416667 123.392114 123.379279 123.368631 123.357935 123.349378 123.339751 123.331243 123.321616 123.315199 123.307711 123.302363 123.291667 123.285298 123.276741 123.271393 123.264975 123.256418 123.251070 123.242562 123.235074 123.231865 123.224378 123.216890
0.000000 0.000000 0.000000 0.000000 0.000000 0.000000 0.000000 0.000000 0.000000 0.000000 0.000000 0.000000 0.000000 0.000000 0.000000 0.000000 0.000000 0.000000 0.000000 0.000000 0.000000 0.000000 0.000000 0.000000 0.000000 0.000000 0.000000 0.000000 0.000000 0.000000 0.000000 0.000000 0.000000 0.000000 0.000000 0.000000 123.398532 123.375000 123.364353 123.354726 123.346169 123.336542 123.329104 123.321616 123.311990 123.305572 123.297015 123.290646 123.284228 123.275671 123.264975 123.258557 123.256418 123.247910 123.241492 123.234004 123.228656 123.223308 123.214751 123.210473
0.000000 0.000000 0.000000 0.000000 0.000000 0.000000 0.000000 0.000000 0.000000 0.000000 0.000000 0.000000 0.000000 0.000000 0.000000 0.000000 0.000000 0.000000 0.000000 0.000000 0.000000 0.000000 0.000000 0.000000 0.000000 0.000000 0.000000 0.000000 0.000000 0.000000 0.000000 0.000000 0.000000 0.000000 0.000000 123.404950 123.380348 123.365422 123.354726 123.345099 123.336542 123.326964 123.319477 123.308781 123.301293 123.294876 123.288507 123.279950 123.272462 123.266044 123.257487 123.250000 123.243631 123.236144 123.230796 123.225447 123.217960 123.212612 123.207313 123.198756
0.000000 0.000000 0.000000 0.000000 0.000000 0.000000 0.000000 0.000000 0.000000 0.000000 0.000000 0.000000 0.000000 0.000000 0.000000 0.000000 0.000000 0.000000 0.000000 0.000000 0.000000 0.000000 0.000000 0.000000 0.000000 0.000000 0.000000 0.000000 0.000000 0.000000 0.000000 0.000000 0.000000 0.000000 123.410298 123.386766 123.362213 123.352587 123.341890 123.333333 123.323756 123.316268 123.308781 123.299154 123.293806 123.286367 123.276741 123.268184 123.260696 123.254279 123.251070 123.240422 123.235074 123.228656 123.220099 123.217960 123.209403 123.204104 123.198756 123.189129
0.000000 0.000000 0.000000 0.000000 0.000000 0.000000 0.000000 0.000000 0.000000 0.000000 0.000000 0.000000 0.000000 0.000000 0.000000 0.000000 0.000000 0.000000 0.000000 0.000000 0.000000 0.000000 0.000000 0.000000 0.000000 0.000000 0.000000 0.000000 0.000000 0.000000 0.000000 0.000000 0.000000 123.416667 123.392114 123.368631 123.352587 123.341890 123.332313 123.322686 123.313059 123.305572 123.295945 123.287437 123.283159 123.275671 123.267114 123.259627 123.253209 123.245770 123.238283 123.230796 123.224378 123.216890 123.212612 123.206243 123.201964 123.193407 123.185920 123.181641
0.000000 0.000000 0.000000 0.000000 0.000000 0.000000 0.000000 0.000000 0.000000 0.000000 0.000000 0.000000 0.000000 0.000000 0.000000 0.000000 0.000000 0.000000 0.000000 0.000000 0.000000 0.000000 0.000000 0.000000 0.000000 0.000000 0.000000 0.000000 0.000000 0.000000 0.000000 0.000000 0.000000 123.398532 123.375000 123.350447 123.339751 123.329104 123.321616 123.310920 123.302363 123.294876 123.288507 123.278880 123.271393 123.266044 123.257487 123.247910 123.241492 123.237213 123.229726 123.223308 123.214751 123.211542 123.204104 123.195547 123.193407 123.182711 123.180572 123.174154
0.000000 0.000000 0.000000 0.000000 0.000000 0.000000 0.000000 0.000000 0.000000 0.000000 0.000000 0.000000 0.000000 0.000000 0.000000 0.000000 0.000000 0.000000 0.000000 0.000000 0.000000 0.000000 0.000000 0.000000 0.000000 0.000000 0.000000 0.000000 0.000000 0.000000 0.000000 0.000000 123.403880 123.380348 123.356865 123.338681 123.326964 123.316268 123.309850 123.301293 123.292736 123.283159 123.275671 123.270323 123.261766 123.254279 123.246840 123.238283 123.232935 123.225447 123.220099 123.213681 123.205173 123.198756 123.195547 123.188059 123.181641 123.177363 123.172015 123.164576
0.000000 0.000000 0.000000 0.000000 0.000000 0.000000 0.000000 0.000000 0.000000 0.000000 0.000000 0.000000 0.000000 0.000000 0.000000 0.000000 0.000000 0.000000 0.000000 0.000000 0.000000 0.000000 0.000000 0.000000 0.000000 0.000000 0.000000 0.000000 0.000000 0.000000 0.000000 123.409228 123.385696 123.362213 123.338681 123.328034 123.316268 123.308781 123.298084 123.290646 123.282089 123.275671 123.267114 123.258557 123.251070 123.245770 123.235074 123.230796 123.222239 123.214751 123.209403 123.204104 123.197686 123.190199 123.185920 123.177363 123.174154 123.168806 123.162437 123.156019
0.000000 0.000000 0.000000 0.000000 0.000000 0.000000 0.000000 0.000000 0.000000 0.000000 0.000000 0.000000 0.000000 0.000000 0.000000 0.000000 0.000000 0.000000 0.000000 0.000000 0.000000 0.000000 0.000000 0.000000 0.000000 0.000000 0.000000 0.000000 0.000000 0.000000 123.415646 123.391044 123.367562 123.344030 123.324825 123.314129 123.305572 123.297015 123.286367 123.279950 123.270323 123.262836 123.258557 123.247910 123.240422 123.234004 123.228656 123.220099 123.212612 123.207313 123.198756 123.193407 123.188059 123.181641 123.174154 123.170945 123.163507 123.160298 123.150671 123.144253
0.000000 0.000000 0.000000 0.000000 0.000000 0.000000 0.000000 0.000000 0.000000 0.000000 0.000000 0.000000 0.000000 0.000000 0.000000 0.000000 0.000000 0.000000 0.000000 0.000000 0.000000 0.000000 0.000000 0.000000 0.000000 0.000000 0.000000 0.000000 0.000000 0.000000 123.397462 123.373979 123.350447 123.325895 123.316268 123.304502 123.295945 123.285298 123.277810 123.269253 123.259627 123.252139 123.246840 123.237213 123.229726 123.225447 123.220099 123.210473 123.206243 123.196616 123.190199 123.184850 123.179502 123.173084 123.168806 123.161367 123.154950 123.149602 123.142114 123.141044
0.000000 0.000000 0.000000 0.000000 0.000000 0.000000 0.000000 0.000000 0.000000 0.000000 0.000000 0.000000 0.000000 0.000000 0.000000 0.000000 0.000000 0.000000 0.000000 0.000000 0.000000 0.000000 0.000000 0.000000 0.000000 0.000000 0.000000 0.000000 0.000000 123.402810 123.379279 123.355796 123.332313 123.311990 123.301293 123.292736 123.283159 123.274602 123.267114 123.257487 123.252139 123.242562 123.236144 123.229726 123.221169 123.214751 123.207313 123.200895 123.194477 123.188059 123.182711 123.175224 123.168806 123.163507 123.160298 123.153880 123.146393 123.137836 123.137836 123.142114
0.000000 0.000000 0.000000 0.000000 0.000000 0.000000 0.000000 0.000000 0.000000 0.000000 0.000000 0.000000 0.000000 0.000000 0.000000 0.000000 0.000000 0.000000 0.000000 0.000000 0.000000 0.000000 0.000000 0.000000 0.000000 0.000000 0.000000 0.000000 123.409228 123.384627 123.361144 123.337612 123.314129 123.303433 123.291667 123.279950 123.272462 123.262836 123.256418 123.248979 123.239353 123.234004 123.225447 123.217960 123.212612 123.206243 123.197686 123.192338 123.185920 123.179502 123.170945 123.166667 123.161367 123.154950 123.147462 123.144253 123.135696 123.134627 123.137836 123.149602
0.000000 0.000000 0.000000 0.000000 0.000000 0.000000 0.000000 0.000000 0.000000 0.000000 0.000000 0.000000 0.000000 0.000000 0.000000 0.000000 0.000000 0.000000 0.000000 0.000000 0.000000 0.000000 0.000000 0.000000 0.000000 0.000000 0.000000 123.414576 123.391044 123.367562 123.342960 123.319477 123.298084 123.287437 123.278880 123.270323 123.263905 123.255348 123.244701 123.240422 123.229726 123.225447 123.214751 123.210473 123.203034 123.194477 123.190199 123.183781 123.177363 123.168806 123.163507 123.158159 123.151741 123.146393 123.138905 123.132487 123.132487 123.135696 123.146393 123.154950
0.000000 0.000000 0.000000 0.000000 0.000000 0.000000 0.000000 0.000000 0.000000 0.000000 0.000000 0.000000 0.000000 0.000000 0.000000 0.000000 0.000000 0.000000 0.000000 0.000000 0.000000 0.000000 0.000000 0.000000 0.000000 0.000000 0.000000 123.396393 123.372910 123.349378 123.324825 123.301293 123.290646 123.277810 123.267114 123.258557 123.251070 123.242562 123.234004 123.228656 123.220099 123.212612 123.206243 123.198756 123.193407 123.186990 123.178433 123.173084 123.168806 123.161367 123.153880 123.147462 123.144253 123.137836 123.129279 123.129279 123.132487 123.144253 123.152810 123.162437
0.000000 0.000000 0.000000 0.000000 0.000000 0.000000 0.000000 0.000000 0.000000 0.000000 0.000000 0.000000 0.000000 0.000000 0.000000 0.000000 0.000000 0.000000 0.000000 0.000000 0.000000 0.000000 0.000000 0.000000 0.000000 0.000000 123.402810 123.378209 123.354726 123.331243 123.306641 123.285298 123.273532 123.266044 123.258557 123.251070 123.242562 123.235074 123.227587 123.220099 123.211542 123.201964 123.195547 123.189129 123.181641 123.178433 123.172015 123.163507 123.158159 123.151741 123.147462 123.142114 123.132487 123.126070 123.126070 123.129279 123.138905 123.149602 123.157089 123.168806
0.000000 0.000000 0.000000 0.000000 0.000000 0.000000 0.000000 0.000000 0.000000 0.000000 0.000000 0.000000 0.000000 0.000000 0.000000 0.000000 0.000000 0.000000 0.000000 0.000000 0.000000 0.000000 0.000000 0.000000 0.000000 123.408159 123.384627 123.361144 123.336542 123.313059 123.288507 123.276741 123.264975 123.254279 123.245770 123.238283 123.229726 123.222239 123.214751 123.207313 123.199825 123.192338 123.186990 123.179502 123.172015 123.166667 123.160298 123.152810 123.150671 123.143184 123.135696 123.131418 123.123979 123.122910 123.126070 123.135696 123.147462 123.154950 123.164576 123.175224
0.000000 0.000000 0.000000 0.000000 0.000000 0.000000 0.000000 0.000000 0.000000 0.000000 0.000000 0.000000 0.000000 0.000000 0.000000 0.000000 0.000000 0.000000 0.000000 0.000000 0.000000 0.000000 0.000000 0.000000 123.414576 123.389975 123.366492 123.342960 123.318407 123.294876 123.272462 123.261766 123.253209 123.244701 123.238283 123.229726 123.219030 123.214751 123.206243 123.198756 123.192338 123.184850 123.177363 123.170945 123.164576 123.159228 123.151741 123.145323 123.139975 123.135696 123.127139 123.119701 123.119701 123.123979 123.133557 123.141044 123.152810 123.161367 123.169876 123.179502
0.000000 0.000000 0.000000 0.000000 0.000000 0.000000 0.000000 0.000000 0.000000 0.000000 0.000000 0.000000 0.000000 0.000000 0.000000 0.000000 0.000000 0.000000 0.000000 0.000000 0.000000 0.000000 0.000000 0.000000 123.396393 123.372910 123.348308 123.324825 123.301293 123.276741 123.263905 123.252139 123.242562 123.232935 123.225447 123.216890 123.210473 123.201964 123.194477 123.185920 123.179502 123.174154 123.166667 123.161367 123.153880 123.147462 123.144253 123.136766 123.130348 123.123979 123.117562 123.116492 123.119701 123.131418 123.139975 123.149602 123.159228 123.168806 123.177363 123.184850
0.000000 0.000000 0.000000 0.000000 0.000000 0.000000 0.000000 0.000000 0.000000 0.000000 0.000000 0.000000 0.000000 0.000000 0.000000 0.000000 0.000000 0.000000 0.000000 0.000000 0.000000 0.000000 0.000000 123.401741 123.378209 123.354726 123.330173 123.306641 123.283159 123.258557 123.248979 123.240422 123.232935 123.225447 123.215821 123.208333 123.200895 123.193407 123.183781 123.177363 123.173084 123.166667 123.158159 123.152810 123.144253 123.141044 123.133557 123.128209 123.121840 123.114353 123.114353 123.117562 123.128209 123.136766 123.146393 123.153880 123.164576 123.174154 123.181641 123.192338
0.000000 0.000000 0.000000 0.000000 0.000000 0.000000 0.000000 0.000000 0.000000 0.000000 0.000000 0.000000 0.000000 0.000000 0.000000 0.000000 0.000000 0.000000 0.000000 0.000000 0.000000 0.000000 123.408159 123.383557 123.360074 123.336542 123.311990 123.288507 123.264975 123.248979 123.238283 123.228656 123.220099 123.212612 123.205173 123.196616 123.189129 123.181641 123.176293 123.167736 123.164576 123.153880 123.147462 123.143184 123.138905 123.130348 123.126070 123.119701 123.111144 123.111144 123.114353 123.126070 123.134627 123.144253 123.151741 123.163507 123.170945 123.180572 123.188059 123.196616
0.000000 0.000000 0.000000 0.000000 0.000000 0.000000 0.000000 0.000000 0.000000 0.000000 0.000000 0.000000 0.000000 0.000000 0.000000 0.000000 0.000000 0.000000 0.000000 0.000000 0.000000 123.414576 123.391044 123.365422 123.341890 123.318407 123.294876 123.270323 123.246840 123.237213 123.228656 123.219030 123.211542 123.200895 123.195547 123.188059 123.180572 123.170945 123.165646 123.160298 123.152810 123.144253 123.138905 123.134627 123.128209 123.123979 123.114353 123.107935 123.107935 123.111144 123.119701 123.129279 123.141044 123.148532 123.158159 123.165646 123.175224 123.184850 123.195547 123.204104
0.000000 0.000000 0.000000 0.000000 0.000000 0.000000 0.000000 0.000000 0.000000 0.000000 0.000000 0.000000 0.000000 0.000000 0.000000 0.000000 0.000000 0.000000 0.000000 0.000000 0.000000 123.396393 123.371840 123.348308 123.323756 123.300224 123.276741 123.252139 123.236144 123.224378 123.215821 123.207313 123.198756 123.193407 123.183781 123.177363 123.168806 123.163507 123.154950 123.152810 123.142114 123.137836 123.132487 123.127139 123.118631 123.113283 123.105796 123.104726 123.107935 123.118631 123.127139 123.138905 123.146393 123.157089 123.162437 123.174154 123.180572 123.192338 123.201964 123.210473
0.000000 0.000000 0.000000 0.000000 0.000000 0.000000 0.000000 0.000000 0.000000 0.000000 0.000000 0.000000 0.000000 0.000000 0.000000 0.000000 0.000000 0.000000 0.000000 0.000000 123.401741 123.378209 123.353656 123.330173 123.305572 123.282089 123.258557 123.235074 123.224378 123.214751 123.206243 123.198756 123.188059 123.184850 123.174154 123.166667 123.158159 123.152810 123.147462 123.139975 123.133557 123.128209 123.121840 123.117562 123.110074 123.101517 123.101517 123.105796 123.115422 123.127139 123.134627 123.143184 123.152810 123.159228 123.172015 123.179502 123.186990 123.197686 123.206243 123.214751
0.000000 0.000000 0.000000 0.000000 0.000000 0.000000 0.000000 0.000000 0.000000 0.000000 0.000000 0.000000 0.000000 0.000000 0.000000 0.000000 0.000000 0.000000 0.000000 123.407089 123.383557 123.360074 123.336542 123.311990 123.287437 123.263905 123.240422 123.222239 123.211542 123.201964 123.194477 123.186990 123.178433 123.170945 123.165646 123.156019 123.150671 123.146393 123.139975 123.130348 123.125000 123.120770 123.111144 123.107935 123.099378 123.098308 123.101517 123.113283 123.123979 123.132487 123.139975 123.149602 123.158159 123.165646 123.176293 123.186990 123.194477 123.205173 123.213681 123.223308
0.000000 0.000000 0.000000 0.000000 0.000000 0.000000 0.000000 0.000000 0.000000 0.000000 0.000000 0.000000 0.000000 0.000000 0.000000 0.000000 0.000000 0.000000 123.413507 123.388905 123.365422 123.341890 123.318407 123.293806 123.270323 123.245770 123.222239 123.212612 123.201964 123.193407 123.185920 123.178433 123.168806 123.160298 123.153880 123.147462 123.143184 123.134627 123.127139 123.120770 123.116492 123.110074 123.102587 123.096169 123.096169 123.099378 123.110074 123.118631 123.129279 123.136766 123.146393 123.156019 123.165646 123.175224 123.183781 123.191268 123.199825 123.210473 123.222239 123.230796
0.000000 0.000000 0.000000 0.000000 0.000000 0.000000 0.000000 0.000000 0.000000 0.000000 0.000000 0.000000 0.000000 0.000000 0.000000 0.000000 0.000000 0.000000 123.395323 123.371840 123.348308 123.323756 123.300224 123.275671 123.252139 123.228656 123.208333 123.197686 123.188059 123.181641 123.173084 123.167736 123.160298 123.149602 123.145323 123.137836 123.133557 123.123979 123.118631 123.114353 123.107935 123.101517 123.092960 123.092960 123.096169 123.107935 123.117562 123.126070 123.135696 123.142114 123.150671 123.159228 123.170945 123.178433 123.189129 123.196616 123.209403 123.217960 123.228656 123.238283
