FireSTARR/test/constant/O1a_S000_A000_WD225_WS020/arrival.asc
ncols         151
nrows         151
xllcorner     425403.990666
yllcorner     12747555.311160
cellsize      100.000000
NODATA_value  0.000000
[rows 27 to 53 of 151, columns 60 to 119 of 151]
0.000000 0.000000 0.000000 0.000000 0.000000 0.000000 0.000000 0.000000 0.000000 0.000000 0.000000 0.000000 0.000000 0.000000 0.000000 0.000000 0.000000 0.000000 0.000000 0.000000 0.000000 0.000000 0.000000 0.000000 0.000000 0.000000 0.000000 0.000000 0.000000 0.000000 0.000000 0.000000 0.000000 0.000000 0.000000 0.000000 0.000000 0.000000 0.000000 0.000000 0.000000 0.000000 0.000000 0.000000 0.000000 0.000000 0.000000 0.000000 0.000000 123.409228 123.404950 123.398532 123.392114 123.385696 123.378209 123.377139 123.370770 123.365422 123.361144 123.354726
0.000000 0.000000 0.000000 0.000000 0.000000 0.000000 0.000000 0.000000 0.000000 0.000000 0.000000 0.000000 0.000000 0.000000 0.000000 0.000000 0.000000 0.000000 0.000000 0.000000 0.000000 0.000000 0.000000 0.000000 0.000000 0.000000 0.000000 0.000000 0.000000 0.000000 0.000000 0.000000 0.000000 0.000000 0.000000 0.000000 0.000000 0.000000 0.000000 0.000000 0.000000 0.000000 0.000000 0.000000 0.000000 0.000000 0.000000 123.413507 123.409228 123.401741 123.397462 123.388905 123.383557 123.373979 123.372910 123.367562 123.363283 123.359004 123.351517 123.347239
0.000000 0.000000 0.000000 0.000000 0.000000 0.000000 0.000000 0.000000 0.000000 0.000000 0.000000 0.000000 0.000000 0.000000 0.000000 0.000000 0.000000 0.000000 0.000000 0.000000 0.000000 0.000000 0.000000 0.000000 0.000000 0.000000 0.000000 0.000000 0.000000 0.000000 0.000000 0.000000 0.000000 0.000000 0.000000 0.000000 0.000000 0.000000 0.000000 0.000000 0.000000 0.000000 0.000000 0.000000 0.000000 123.415646 123.412437 123.403880 123.398532 123.391044 123.385696 123.378209 123.371840 123.370770 123.364353 123.359004 123.357935 123.350447 123.342960 123.336542
0.000000 0.000000 0.000000 0.000000 0.000000 0.000000 0.000000 0.000000 0.000000 0.000000 0.000000 0.000000 0.000000 0.000000 0.000000 0.000000 0.000000 0.000000 0.000000 0.000000 0.000000 0.000000 0.000000 0.000000 0.000000 0.000000 0.000000 0.000000 0.000000 0.000000 0.000000 0.000000 0.000000 0.000000 0.000000 0.000000 0.000000 0.000000 0.000000 0.000000 0.000000 0.000000 0.000000 123.414576 123.412437 123.408159 123.401741 123.394253 123.389975 123.383557 123.377139 123.369701 123.366492 123.361144 123.355796 123.352587 123.346169 123.339751 123.334403 123.325895
0.000000 0.000000 0.000000 0.000000 0.000000 0.000000 0.000000 0.000000 0.000000 0.000000 0.000000 0.000000 0.000000 0.000000 0.000000 0.000000 0.000000 0.000000 0.000000 0.000000 0.000000 0.000000 0.000000 0.000000 0.000000 0.000000 0.000000 0.000000 0.000000 0.000000 0.000000 0.000000 0.000000 0.000000 0.000000 0.000000 0.000000 0.000000 0.000000 0.000000 0.000000 0.000000 123.411367 123.410298 123.404950 123.399602 123.392114 123.387836 123.380348 123.372910 123.366492 123.364353 123.357935 123.354726 123.350447 123.345099 123.335473 123.330173 123.322686 123.322686
0.000000 0.000000 0.000000 0.000000 0.000000 0.000000 0.000000 0.000000 0.000000 0.000000 0.000000 0.000000 0.000000 0.000000 0.000000 0.000000 0.000000 0.000000 0.000000 0.000000 0.000000 0.000000 0.000000 0.000000 0.000000 0.000000 0.000000 0.000000 0.000000 0.000000 0.000000 0.000000 0.000000 0.000000 0.000000 0.000000 0.000000 0.000000 0.000000 0.000000 123.415646 123.408159 123.406019 123.399602 123.396393 123.388905 123.383557 123.377139 123.369701 123.362213 123.361144 123.354726 123.351517 123.348308 123.339751 123.333333 123.328034 123.319477 123.319477 123.322686
0.000000 0.000000 0.000000 0.000000 0.000000 0.000000 0.000000 0.000000 0.000000 0.000000 0.000000 0.000000 0.000000 0.000000 0.000000 0.000000 0.000000 0.000000 0.000000 0.000000 0.000000 0.000000 0.000000 0.000000 0.000000 0.000000 0.000000 0.000000 0.000000 0.000000 0.000000 0.000000 0.000000 0.000000 0.000000 0.000000 0.000000 0.000000 0.000000 123.413507 123.406019 123.403880 123.398532 123.393184 123.386766 123.382487 123.373979 123.366492 123.360074 123.357935 123.351517 123.349378 123.342960 123.339751 123.330173 123.325895 123.316268 123.316268 123.319477 123.330173
0.000000 0.000000 0.000000 0.000000 0.000000 0.000000 0.000000 0.000000 0.000000 0.000000 0.000000 0.000000 0.000000 0.000000 0.000000 0.000000 0.000000 0.000000 0.000000 0.000000 0.000000 0.000000 0.000000 0.000000 0.000000 0.000000 0.000000 0.000000 0.000000 0.000000 0.000000 0.000000 0.000000 0.000000 0.000000 0.000000 0.000000 0.000000 123.411367 123.403880 123.400671 123.394253 123.391044 123.382487 123.378209 123.370770 123.365422 123.355796 123.355796 123.348308 123.348308 123.341890 123.334403 123.326964 123.320547 123.314129 123.313059 123.316268 123.328034 123.334403
0.000000 0.000000 0.000000 0.000000 0.000000 0.000000 0.000000 0.000000 0.000000 0.000000 0.000000 0.000000 0.000000 0.000000 0.000000 0.000000 0.000000 0.000000 0.000000 0.000000 0.000000 0.000000 0.000000 0.000000 0.000000 0.000000 0.000000 0.000000 0.000000 0.000000 0.000000 0.000000 0.000000 0.000000 0.000000 0.000000 123.414576 123.408159 123.399602 123.397462 123.392114 123.385696 123.382487 123.375000 123.368631 123.361144 123.353656 123.352587 123.345099 123.345099 123.336542 123.333333 123.326964 123.318407 123.310920 123.310920 123.314129 123.325895 123.333333 123.344030
0.000000 0.000000 0.000000 0.000000 0.000000 0.000000 0.000000 0.000000 0.000000 0.000000 0.000000 0.000000 0.000000 0.000000 0.000000 0.000000 0.000000 0.000000 0.000000 0.000000 0.000000 0.000000 0.000000 0.000000 0.000000 0.000000 0.000000 0.000000 0.000000 0.000000 0.000000 0.000000 0.000000 0.000000 0.000000 123.411367 123.406019 123.399602 123.394253 123.389975 123.384627 123.377139 123.370770 123.364353 123.359004 123.351517 123.349378 123.342960 123.339751 123.335473 123.328034 123.322686 123.315199 123.307711 123.307711 123.310920 123.319477 123.332313 123.339751 123.346169
0.000000 0.000000 0.000000 0.000000 0.000000 0.000000 0.000000 0.000000 0.000000 0.000000 0.000000 0.000000 0.000000 0.000000 0.000000 0.000000 0.000000 0.000000 0.000000 0.000000 0.000000 0.000000 0.000000 0.000000 0.000000 0.000000 0.000000 0.000000 0.000000 0.000000 0.000000 0.000000 0.000000 0.000000 123.409228 123.404950 123.395323 123.389975 123.385696 123.380348 123.375000 123.367562 123.363283 123.355796 123.347239 123.346169 123.339751 123.338681 123.331243 123.325895 123.321616 123.313059 123.304502 123.304502 123.307711 123.318407 123.325895 123.337612 123.341890 123.355796
0.000000 0.000000 0.000000 0.000000 0.000000 0.000000 0.000000 0.000000 0.000000 0.000000 0.000000 0.000000 0.000000 0.000000 0.000000 0.000000 0.000000 0.000000 0.000000 0.000000 0.000000 0.000000 0.000000 0.000000 0.000000 0.000000 0.000000 0.000000 0.000000 0.000000 0.000000 0.000000 123.416667 123.407089 123.400671 123.393184 123.387836 123.384627 123.376070 123.369701 123.366492 123.359004 123.353656 123.345099 123.342960 123.336542 123.335473 123.328034 123.321616 123.315199 123.308781 123.301293 123.301293 123.304502 123.315199 123.326964 123.334403 123.341890 123.349378 123.357935
0.000000 0.000000 0.000000 0.000000 0.000000 0.000000 0.000000 0.000000 0.000000 0.000000 0.000000 0.000000 0.000000 0.000000 0.000000 0.000000 0.000000 0.000000 0.000000 0.000000 0.000000 0.000000 0.000000 0.000000 0.000000 0.000000 0.000000 0.000000 0.000000 0.000000 0.000000 123.413507 123.404950 123.398532 123.389975 123.384627 123.380348 123.372910 123.367562 123.361144 123.356865 123.348308 123.341890 123.340821 123.333333 123.332313 123.325895 123.317338 123.314129 123.305572 123.299154 123.298084 123.301293 123.313059 123.322686 123.332313 123.337612 123.349378 123.353656 123.363283
0.000000 0.000000 0.000000 0.000000 0.000000 0.000000 0.000000 0.000000 0.000000 0.000000 0.000000 0.000000 0.000000 0.000000 0.000000 0.000000 0.000000 0.000000 0.000000 0.000000 0.000000 0.000000 0.000000 0.000000 0.000000 0.000000 0.000000 0.000000 0.000000 0.000000 123.411367 123.402810 123.393184 123.388905 123.381418 123.378209 123.370770 123.366492 123.359004 123.354726 123.346169 123.338681 123.337612 123.330173 123.329104 123.321616 123.316268 123.308781 123.303433 123.295945 123.294876 123.299154 123.308781 123.321616 123.328034 123.334403 123.344030 123.350447 123.362213 123.367562
0.000000 0.000000 0.000000 0.000000 0.000000 0.000000 0.000000 0.000000 0.000000 0.000000 0.000000 0.000000 0.000000 0.000000 0.000000 0.000000 0.000000 0.000000 0.000000 0.000000 0.000000 0.000000 0.000000 0.000000 0.000000 0.000000 0.000000 0.000000 123.413507 123.410298 123.400671 123.392114 123.384627 123.377139 123.372910 123.367562 123.364353 123.355796 123.349378 123.345099 123.335473 123.334403 123.326964 123.326964 123.321616 123.311990 123.307711 123.301293 123.292736 123.292736 123.295945 123.305572 123.315199 123.325895 123.331243 123.342960 123.348308 123.357935 123.363283 123.373979
0.000000 0.000000 0.000000 0.000000 0.000000 0.000000 0.000000 0.000000 0.000000 0.000000 0.000000 0.000000 0.000000 0.000000 0.000000 0.000000 0.000000 0.000000 0.000000 0.000000 0.000000 0.000000 0.000000 0.000000 0.000000 0.000000 123.416667 123.413507 123.403880 123.398532 123.391044 123.381418 123.375000 123.369701 123.366492 123.359004 123.354726 123.346169 123.339751 123.333333 123.331243 123.324825 123.322686 123.317338 123.309850 123.305572 123.298084 123.289576 123.289576 123.292736 123.303433 123.314129 123.322686 123.329104 123.337612 123.345099 123.355796 123.361144 123.370770 123.378209
0.000000 0.000000 0.000000 0.000000 0.000000 0.000000 0.000000 0.000000 0.000000 0.000000 0.000000 0.000000 0.000000 0.000000 0.000000 0.000000 0.000000 0.000000 0.000000 0.000000 0.000000 0.000000 0.000000 0.000000 0.000000 123.413507 123.407089 123.403880 123.394253 123.387836 123.379279 123.371840 123.367562 123.362213 123.357935 123.349378 123.345099 123.337612 123.330173 123.328034 123.321616 123.319477 123.316268 123.307711 123.300224 123.293806 123.286367 123.286367 123.289576 123.301293 123.308781 123.317338 123.325895 123.336542 123.344030 123.352587 123.359004 123.367562 123.375000 123.383557
0.000000 0.000000 0.000000 0.000000 0.000000 0.000000 0.000000 0.000000 0.000000 0.000000 0.000000 0.000000 0.000000 0.000000 0.000000 0.000000 0.000000 0.000000 0.000000 0.000000 0.000000 0.000000 0.000000 0.000000 123.409228 123.407089 123.397462 123.392114 123.384627 123.377139 123.368631 123.365422 123.360074 123.353656 123.348308 123.339751 123.335473 123.325895 123.324825 123.318407 123.317338 123.309850 123.303433 123.297015 123.292736 123.283159 123.283159 123.286367 123.298084 123.307711 123.316268 123.322686 123.331243 123.340821 123.350447 123.355796 123.364353 123.371840 123.381418 123.389975
0.000000 0.000000 0.000000 0.000000 0.000000 0.000000 0.000000 0.000000 0.000000 0.000000 0.000000 0.000000 0.000000 0.000000 0.000000 0.000000 0.000000 0.000000 0.000000 0.000000 0.000000 0.000000 123.414576 123.407089 123.403880 123.396393 123.391044 123.381418 123.375000 123.366492 123.362213 123.357935 123.349378 123.344030 123.336542 123.330173 123.322686 123.322686 123.315199 123.314129 123.307711 123.303433 123.292736 123.289576 123.279950 123.279950 123.283159 123.293806 123.304502 123.313059 123.319477 123.330173 123.338681 123.346169 123.352587 123.362213 123.367562 123.378209 123.387836 123.395323
0.000000 0.000000 0.000000 0.000000 0.000000 0.000000 0.000000 0.000000 0.000000 0.000000 0.000000 0.000000 0.000000 0.000000 0.000000 0.000000 0.000000 0.000000 0.000000 0.000000 0.000000 123.412437 123.402810 123.400671 123.395323 123.385696 123.380348 123.372910 123.364353 123.361144 123.353656 123.346169 123.344030 123.334403 123.328034 123.320547 123.319477 123.311990 123.310920 123.306641 123.298084 123.290646 123.285298 123.277810 123.276741 123.279950 123.292736 123.299154 123.309850 123.318407 123.325895 123.334403 123.344030 123.349378 123.359004 123.366492 123.372910 123.384627 123.392114 123.401741
0.000000 0.000000 0.000000 0.000000 0.000000 0.000000 0.000000 0.000000 0.000000 0.000000 0.000000 0.000000 0.000000 0.000000 0.000000 0.000000 0.000000 0.000000 0.000000 123.415646 123.407089 123.400671 123.398532 123.389975 123.384627 123.378209 123.368631 123.362213 123.357935 123.348308 123.344030 123.337612 123.331243 123.326964 123.317338 123.316268 123.308781 123.307711 123.301293 123.295945 123.290646 123.283159 123.274602 123.274602 123.277810 123.289576 123.297015 123.305572 123.314129 123.324825 123.332313 123.339751 123.346169 123.355796 123.363283 123.371840 123.383557 123.387836 123.398532 123.408159
0.000000 0.000000 0.000000 0.000000 0.000000 0.000000 0.000000 0.000000 0.000000 0.000000 0.000000 0.000000 0.000000 0.000000 0.000000 0.000000 0.000000 0.000000 123.415646 123.404950 123.398532 123.395323 123.388905 123.379279 123.372910 123.367562 123.357935 123.354726 123.346169 123.344030 123.336542 123.330173 123.321616 123.315199 123.313059 123.306641 123.305572 123.298084 123.291667 123.285298 123.278880 123.271393 123.271393 123.274602 123.283159 123.295945 123.303433 123.313059 123.321616 123.329104 123.337612 123.344030 123.352587 123.360074 123.370770 123.380348 123.387836 123.396393 123.407089 123.415646
0.000000 0.000000 0.000000 0.000000 0.000000 0.000000 0.000000 0.000000 0.000000 0.000000 0.000000 0.000000 0.000000 0.000000 0.000000 0.000000 123.414576 123.412437 123.403880 123.394253 123.392114 123.385696 123.377139 123.369701 123.363283 123.356865 123.351517 123.345099 123.339751 123.331243 123.324825 123.320547 123.311990 123.309850 123.303433 123.301293 123.294876 123.289576 123.283159 123.277810 123.268184 123.268184 123.271393 123.282089 123.289576 123.299154 123.308781 123.318407 123.328034 123.334403 123.341890 123.349378 123.356865 123.366492 123.375000 123.383557 123.396393 123.404950 123.414576 0.000000
0.000000 0.000000 0.000000 0.000000 0.000000 0.000000 0.000000 0.000000 0.000000 0.000000 0.000000 0.000000 0.000000 0.000000 0.000000 123.412437 123.408159 123.402810 123.393184 123.387836 123.382487 123.377139 123.368631 123.364353 123.353656 123.348308 123.341890 123.337612 123.330173 123.324825 123.315199 123.308781 123.306641 123.300224 123.299154 123.293806 123.287437 123.277810 123.272462 123.264975 123.264975 123.268184 123.278880 123.290646 123.294876 123.306641 123.313059 123.321616 123.331243 123.339751 123.346169 123.353656 123.365422 123.373979 123.382487 123.391044 123.400671 123.410298 123.416667 0.000000
0.000000 0.000000 0.000000 0.000000 0.000000 0.000000 0.000000 0.000000 0.000000 0.000000 0.000000 0.000000 0.000000 0.000000 123.411367 123.407089 123.398532 123.391044 123.385696 123.381418 123.371840 123.364353 123.359004 123.351517 123.345099 123.338681 123.333333 123.325895 123.319477 123.315199 123.305572 123.304502 123.297015 123.295945 123.289576 123.284228 123.276741 123.270323 123.262836 123.261766 123.264975 123.277810 123.285298 123.293806 123.303433 123.308781 123.320547 123.328034 123.335473 123.342960 123.352587 123.360074 123.368631 123.379279 123.391044 123.398532 123.408159 123.415646 0.000000 0.000000
0.000000 0.000000 0.000000 0.000000 0.000000 0.000000 0.000000 0.000000 0.000000 0.000000 0.000000 0.000000 123.416667 123.409228 123.402810 123.399602 123.386766 123.381418 123.376070 123.371840 123.364353 123.356865 123.348308 123.340821 123.338681 123.330173 123.325895 123.318407 123.309850 123.302363 123.300224 123.295945 123.290646 123.286367 123.281019 123.272462 123.268184 123.259627 123.258557 123.262836 123.273532 123.284228 123.290646 123.300224 123.305572 123.317338 123.324825 123.333333 123.337612 123.347239 123.357935 123.367562 123.377139 123.384627 123.395323 123.403880 123.413507 0.000000 0.000000 0.000000
0.000000 0.000000 0.000000 0.000000 0.000000 0.000000 0.000000 0.000000 0.000000 0.000000 0.000000 123.414576 123.404950 123.400671 123.393184 123.384627 123.379279 123.373979 123.366492 123.359004 123.353656 123.347239 123.336542 123.334403 123.326964 123.319477 123.313059 123.307711 123.300224 123.298084 123.291667 123.288507 123.282089 123.277810 123.271393 123.263905 123.256418 123.256418 123.259627 123.271393 123.281019 123.288507 123.298084 123.303433 123.315199 123.322686 123.329104 123.334403 123.345099 123.354726 123.365422 123.372910 123.384627 123.393184 123.401741 123.409228 0.000000 0.000000 0.000000 0.000000
