FireSTARR/test/constant/O1a_S000_A000_WD225_WS020/arrival.asc
ncols         151
nrows         151
xllcorner     425403.990666
yllcorner     12747555.311160
cellsize      100.000000
NODATA_value  0.000000
[rows 108 to 134 of 151, columns 0 to 59 of 151]
0.000000 0.000000 0.000000 0.000000 0.000000 0.000000 0.000000 0.000000 0.000000 0.000000 0.000000 0.000000 0.000000 0.000000 0.000000 0.000000 0.000000 123.401741 123.378209 123.353656 123.330173 123.305572 123.282089 123.257487 123.234004 123.210473 123.200895 123.190199 123.180572 123.173084 123.164576 123.154950 123.147462 123.139975 123.135696 123.129279 123.122910 123.115422 123.112213 123.105796 123.096169 123.089751 123.089751 123.092960 123.102587 123.112213 123.119701 123.132487 123.141044 123.148532 123.160298 123.168806 123.176293 123.186990 123.196616 123.204104 123.215821 123.225447 123.240422 123.248979
0.000000 0.000000 0.000000 0.000000 0.000000 0.000000 0.000000 0.000000 0.000000 0.000000 0.000000 0.000000 0.000000 0.000000 0.000000 0.000000 123.407089 123.383557 123.360074 123.335473 123.311990 123.287437 123.263905 123.239353 123.215821 123.195547 123.183781 123.176293 123.167736 123.160298 123.154950 123.147462 123.136766 123.131418 123.128209 123.120770 123.111144 123.106865 123.100447 123.095099 123.086542 123.086542 123.089751 123.101517 123.110074 123.118631 123.129279 123.137836 123.146393 123.153880 123.162437 123.175224 123.184850 123.192338 123.204104 123.212612 123.223308 123.234004 123.243631 123.256418
0.000000 0.000000 0.000000 0.000000 0.000000 0.000000 0.000000 0.000000 0.000000 0.000000 0.000000 0.000000 0.000000 0.000000 0.000000 123.413507 123.389975 123.365422 123.341890 123.317338 123.293806 123.270323 123.245770 123.221169 123.197686 123.188059 123.176293 123.167736 123.160298 123.149602 123.141044 123.133557 123.129279 123.122910 123.117562 123.109004 123.104726 123.099378 123.090821 123.083333 123.083333 123.086542 123.099378 123.109004 123.116492 123.127139 123.134627 123.142114 123.153880 123.161367 123.170945 123.179502 123.191268 123.199825 123.213681 123.221169 123.232935 123.242562 123.252139 123.262836
0.000000 0.000000 0.000000 0.000000 0.000000 0.000000 0.000000 0.000000 0.000000 0.000000 0.000000 0.000000 0.000000 0.000000 0.000000 123.395323 123.371840 123.347239 123.323756 123.299154 123.275671 123.252139 123.227587 123.204104 123.181641 123.170945 123.162437 123.156019 123.147462 123.142114 123.131418 123.128209 123.120770 123.115422 123.105796 123.100447 123.092960 123.089751 123.081243 123.080173 123.083333 123.094030 123.105796 123.113283 123.121840 123.131418 123.142114 123.148532 123.158159 123.169876 123.178433 123.186990 123.200895 123.208333 123.220099 123.227587 123.239353 123.250000 123.258557 123.270323
0.000000 0.000000 0.000000 0.000000 0.000000 0.000000 0.000000 0.000000 0.000000 0.000000 0.000000 0.000000 0.000000 0.000000 123.400671 123.377139 123.353656 123.329104 123.305572 123.281019 123.257487 123.234004 123.209403 123.185920 123.174154 123.162437 123.156019 123.144253 123.136766 123.130348 123.126070 123.116492 123.110074 123.103656 123.098308 123.094030 123.084403 123.078034 123.078034 123.081243 123.091890 123.099378 123.112213 123.120770 123.128209 123.136766 123.147462 123.156019 123.164576 123.174154 123.185920 123.194477 123.207313 123.217960 123.226517 123.237213 123.246840 123.257487 123.267114 123.276741
0.000000 0.000000 0.000000 0.000000 0.000000 0.000000 0.000000 0.000000 0.000000 0.000000 0.000000 0.000000 0.000000 123.407089 123.383557 123.359004 123.335473 123.310920 123.287437 123.263905 123.239353 123.215821 123.192338 123.168806 123.158159 123.149602 123.142114 123.135696 123.129279 123.120770 123.116492 123.105796 123.102587 123.094030 123.088681 123.083333 123.074825 123.074825 123.078034 123.089751 123.098308 123.105796 123.115422 123.122910 123.134627 123.142114 123.150671 123.163507 123.174154 123.184850 123.194477 123.204104 123.211542 123.223308 123.234004 123.243631 123.255348 123.264975 123.275671 123.288507
0.000000 0.000000 0.000000 0.000000 0.000000 0.000000 0.000000 0.000000 0.000000 0.000000 0.000000 0.000000 123.413507 123.388905 123.365422 123.340821 123.317338 123.293806 123.269253 123.245770 123.221169 123.197686 123.174154 123.160298 123.148532 123.142114 123.133557 123.122910 123.118631 123.111144 123.103656 123.099378 123.090821 123.085473 123.078034 123.071616 123.071616 123.074825 123.084403 123.095099 123.105796 123.113283 123.121840 123.131418 123.141044 123.149602 123.158159 123.169876 123.179502 123.189129 123.201964 123.211542 123.221169 123.231865 123.241492 123.252139 123.262836 123.273532 123.284228 123.295945
0.000000 0.000000 0.000000 0.000000 0.000000 0.000000 0.000000 0.000000 0.000000 0.000000 0.000000 0.000000 123.395323 123.370770 123.347239 123.322686 123.299154 123.275671 123.251070 123.227587 123.204104 123.179502 123.156019 123.146393 123.136766 123.129279 123.123979 123.115422 123.107935 123.100447 123.097239 123.088681 123.082313 123.076964 123.069477 123.068407 123.071616 123.081243 123.090821 123.100447 123.111144 123.117562 123.128209 123.135696 123.147462 123.157089 123.168806 123.177363 123.188059 123.196616 123.207313 123.217960 123.228656 123.240422 123.250000 123.258557 123.270323 123.282089 123.291667 123.305572
0.000000 0.000000 0.000000 0.000000 0.000000 0.000000 0.000000 0.000000 0.000000 0.000000 0.000000 123.409228 123.377139 123.352587 123.329104 123.305572 123.281019 123.257487 123.232935 123.209403 123.185920 123.161367 123.146393 123.135696 123.128209 123.118631 123.112213 123.107935 123.098308 123.092960 123.087612 123.081243 123.074825 123.065199 123.065199 123.069477 123.080173 123.088681 123.099378 123.107935 123.115422 123.122910 123.134627 123.146393 123.156019 123.163507 123.175224 123.186990 123.194477 123.206243 123.216890 123.227587 123.236144 123.247910 123.258557 123.268184 123.279950 123.290646 123.301293 123.318407
0.000000 0.000000 0.000000 0.000000 0.000000 0.000000 0.000000 0.000000 0.000000 0.000000 0.000000 123.391044 123.359004 123.334403 123.310920 123.287437 123.262836 123.239353 123.215821 123.191268 123.167736 123.143184 123.132487 123.123979 123.117562 123.107935 123.103656 123.096169 123.090821 123.082313 123.074825 123.069477 123.063059 123.061990 123.065199 123.076964 123.085473 123.094030 123.103656 123.114353 123.120770 123.129279 123.139975 123.150671 123.160298 123.174154 123.183781 123.193407 123.201964 123.211542 123.224378 123.235074 123.245770 123.255348 123.267114 123.276741 123.288507 123.305572 123.311990 123.325895
0.000000 0.000000 0.000000 0.000000 0.000000 0.000000 0.000000 0.000000 0.000000 0.000000 123.409228 123.372910 123.340821 123.317338 123.292736 123.269253 123.244701 123.221169 123.197686 123.173084 123.149602 123.132487 123.122910 123.115422 123.105796 123.100447 123.095099 123.085473 123.081243 123.073756 123.066268 123.059850 123.059850 123.063059 123.074825 123.083333 123.094030 123.100447 123.109004 123.117562 123.128209 123.141044 123.148532 123.160298 123.169876 123.177363 123.188059 123.200895 123.210473 123.222239 123.230796 123.242562 123.254279 123.266044 123.275671 123.290646 123.298084 123.313059 123.331243 123.349378
0.000000 0.000000 0.000000 0.000000 0.000000 0.000000 0.000000 0.000000 0.000000 0.000000 123.392114 123.354726 123.322686 123.299154 123.274602 123.251070 123.226517 123.203034 123.179502 123.154950 123.131418 123.120770 123.111144 123.103656 123.098308 123.089751 123.084403 123.075895 123.071616 123.065199 123.056641 123.056641 123.059850 123.068407 123.078034 123.088681 123.097239 123.107935 123.116492 123.126070 123.135696 123.148532 123.157089 123.168806 123.176293 123.188059 123.197686 123.209403 123.217960 123.229726 123.241492 123.252139 123.263905 123.277810 123.285298 123.301293 123.319477 123.337612 123.355796 123.373979
0.000000 0.000000 0.000000 0.000000 0.000000 0.000000 0.000000 0.000000 0.000000 123.410298 123.373979 123.336542 123.304502 123.281019 123.256418 123.232935 123.208333 123.185920 123.161367 123.136766 123.119701 123.110074 123.102587 123.094030 123.088681 123.080173 123.074825 123.069477 123.059850 123.053433 123.053433 123.056641 123.067338 123.074825 123.086542 123.095099 123.102587 123.113283 123.123979 123.135696 123.143184 123.154950 123.162437 123.175224 123.184850 123.194477 123.204104 123.216890 123.228656 123.239353 123.251070 123.263905 123.272462 123.288507 123.306641 123.324825 123.342960 123.361144 123.379279 123.397462
0.000000 0.000000 0.000000 0.000000 0.000000 0.000000 0.000000 0.000000 0.000000 123.392114 123.355796 123.319477 123.286367 123.262836 123.238283 123.214751 123.191268 123.167736 123.143184 123.118631 123.107935 123.099378 123.090821 123.085473 123.078034 123.072686 123.063059 123.059850 123.050224 123.050224 123.053433 123.064129 123.072686 123.082313 123.089751 123.101517 123.111144 123.119701 123.130348 123.143184 123.151741 123.162437 123.172015 123.184850 123.192338 123.204104 123.215821 123.226517 123.238283 123.248979 123.258557 123.276741 123.294876 123.313059 123.331243 123.349378 123.367562 123.384627 123.402810 0.000000
0.000000 0.000000 0.000000 0.000000 0.000000 0.000000 0.000000 0.000000 123.410298 123.373979 123.337612 123.301293 123.269253 123.244701 123.221169 123.196616 123.173084 123.149602 123.125000 123.105796 123.097239 123.087612 123.081243 123.074825 123.066268 123.061990 123.055572 123.047015 123.047015 123.050224 123.060920 123.071616 123.081243 123.087612 123.097239 123.109004 123.117562 123.130348 123.137836 123.148532 123.159228 123.169876 123.179502 123.191268 123.201964 123.213681 123.225447 123.236144 123.246840 123.264975 123.283159 123.301293 123.318407 123.336542 123.354726 123.372910 123.391044 123.409228 0.000000 0.000000
0.000000 0.000000 0.000000 0.000000 0.000000 0.000000 0.000000 0.000000 123.392114 123.355796 123.319477 123.283159 123.250000 123.226517 123.203034 123.178433 123.154950 123.131418 123.106865 123.095099 123.087612 123.078034 123.071616 123.066268 123.060920 123.053433 123.044876 123.043806 123.047015 123.059850 123.066268 123.075895 123.083333 123.094030 123.106865 123.116492 123.125000 123.137836 123.146393 123.157089 123.166667 123.178433 123.189129 123.200895 123.212612 123.222239 123.235074 123.252139 123.270323 123.288507 123.306641 123.324825 123.342960 123.361144 123.378209 123.396393 123.414576 0.000000 0.000000 0.000000
0.000000 0.000000 0.000000 0.000000 0.000000 0.000000 0.000000 123.410298 123.373979 123.338681 123.302363 123.264975 123.232935 123.208333 123.184850 123.160298 123.136766 123.113283 123.091890 123.082313 123.075895 123.069477 123.060920 123.055572 123.048084 123.041667 123.041667 123.044876 123.055572 123.064129 123.073756 123.082313 123.092960 123.100447 123.111144 123.125000 123.132487 123.143184 123.153880 123.164576 123.176293 123.185920 123.199825 123.208333 123.222239 123.240422 123.258557 123.276741 123.294876 123.311990 123.330173 123.348308 123.366492 123.384627 123.402810 0.000000 0.000000 0.000000 0.000000 0.000000
0.000000 0.000000 0.000000 0.000000 0.000000 0.000000 0.000000 123.392114 123.356865 123.319477 123.283159 123.246840 123.214751 123.190199 123.166667 123.142114 123.118631 123.095099 123.082313 123.073756 123.067338 123.058781 123.053433 123.048084 123.038507 123.038507 123.041667 123.053433 123.061990 123.069477 123.079104 123.090821 123.099378 123.112213 123.119701 123.132487 123.141044 123.151741 123.163507 123.174154 123.186990 123.195547 123.210473 123.228656 123.245770 123.263905 123.282089 123.300224 123.318407 123.336542 123.354726 123.372910 123.391044 123.409228 0.000000 0.000000 0.000000 0.000000 0.000000 0.000000
0.000000 0.000000 0.000000 0.000000 0.000000 0.000000 123.411367 123.373979 123.338681 123.302363 123.266044 123.228656 123.196616 123.172015 123.148532 123.125000 123.100447 123.078034 123.070547 123.063059 123.056641 123.049154 123.041667 123.035298 123.035298 123.038507 123.048084 123.057711 123.065199 123.076964 123.086542 123.098308 123.106865 123.119701 123.128209 123.138905 123.148532 123.161367 123.174154 123.181641 123.197686 123.215821 123.234004 123.252139 123.270323 123.287437 123.305572 123.323756 123.341890 123.360074 123.378209 123.396393 123.414576 0.000000 0.000000 0.000000 0.000000 0.000000 0.000000 0.000000
0.000000 0.000000 0.000000 0.000000 0.000000 0.000000 123.393184 123.356865 123.320547 123.284228 123.247910 123.211542 123.178433 123.153880 123.130348 123.106865 123.083333 123.069477 123.060920 123.052363 123.047015 123.040646 123.032089 123.032089 123.035298 123.045945 123.055572 123.064129 123.073756 123.085473 123.094030 123.106865 123.115422 123.126070 123.136766 123.148532 123.160298 123.168806 123.185920 123.204104 123.221169 123.239353 123.257487 123.275671 123.293806 123.311990 123.330173 123.348308 123.365422 123.383557 123.401741 0.000000 0.000000 0.000000 0.000000 0.000000 0.000000 0.000000 0.000000 0.000000
0.000000 0.000000 0.000000 0.000000 0.000000 123.411367 123.375000 123.338681 123.302363 123.266044 123.229726 123.193407 123.160298 123.135696 123.112213 123.088681 123.065199 123.057711 123.052363 123.042736 123.038507 123.028880 123.028880 123.032089 123.043806 123.053433 123.061990 123.070547 123.081243 123.092960 123.101517 123.114353 123.123979 123.136766 123.146393 123.156019 123.174154 123.192338 123.209403 123.227587 123.245770 123.263905 123.282089 123.300224 123.318407 123.336542 123.353656 123.371840 123.391044 123.408159 0.000000 0.000000 0.000000 0.000000 0.000000 0.000000 0.000000 0.000000 0.000000 0.000000
0.000000 0.000000 0.000000 0.000000 0.000000 123.394253 123.356865 123.320547 123.284228 123.247910 123.211542 123.175224 123.142114 123.118631 123.094030 123.070547 123.056641 123.047015 123.042736 123.033159 123.026741 123.025671 123.028880 123.040646 123.049154 123.059850 123.068407 123.080173 123.088681 123.101517 123.111144 123.123979 123.132487 123.143184 123.161367 123.179502 123.197686 123.215821 123.234004 123.252139 123.270323 123.287437 123.305572 123.323756 123.341890 123.360074 123.378209 123.396393 123.414576 0.000000 0.000000 0.000000 0.000000 0.000000 0.000000 0.000000 0.000000 0.000000 0.000000 0.000000
0.000000 0.000000 0.000000 0.000000 123.412437 123.376070 123.339751 123.303433 123.267114 123.229726 123.193407 123.157089 123.123979 123.100447 123.076964 123.053433 123.044876 123.037437 123.032089 123.023532 123.023532 123.026741 123.038507 123.045945 123.055572 123.066268 123.075895 123.087612 123.097239 123.111144 123.119701 123.131418 123.149602 123.167736 123.185920 123.204104 123.221169 123.239353 123.257487 123.275671 123.293806 123.311990 123.330173 123.348308 123.365422 123.383557 123.401741 0.000000 0.000000 0.000000 0.000000 0.000000 0.000000 0.000000 0.000000 0.000000 0.000000 0.000000 0.000000 0.000000
0.000000 0.000000 0.000000 0.000000 123.394253 123.357935 123.320547 123.285298 123.248979 123.212612 123.175224 123.138905 123.105796 123.082313 123.058781 123.043806 123.034228 123.027810 123.020323 123.020323 123.023532 123.033159 123.044876 123.054502 123.063059 123.074825 123.084403 123.098308 123.105796 123.118631 123.136766 123.154950 123.173084 123.191268 123.209403 123.227587 123.245770 123.263905 123.282089 123.300224 123.317338 123.335473 123.353656 123.371840 123.389975 123.408159 0.000000 0.000000 0.000000 0.000000 0.000000 0.000000 0.000000 0.000000 0.000000 0.000000 0.000000 0.000000 0.000000 0.000000
0.000000 0.000000 0.000000 123.413507 123.376070 123.339751 123.303433 123.267114 123.229726 123.193407 123.157089 123.120770 123.088681 123.064129 123.040646 123.034228 123.024602 123.017114 123.017114 123.020323 123.032089 123.039576 123.050224 123.060920 123.070547 123.084403 123.091890 123.106865 123.125000 123.143184 123.161367 123.179502 123.197686 123.215821 123.232935 123.251070 123.269253 123.287437 123.305572 123.323756 123.341890 123.360074 123.378209 123.396393 123.413507 0.000000 0.000000 0.000000 0.000000 0.000000 0.000000 0.000000 0.000000 0.000000 0.000000 0.000000 0.000000 0.000000 0.000000 0.000000
0.000000 0.000000 0.000000 123.396393 123.359004 123.321616 123.285298 123.248979 123.212612 123.176293 123.138905 123.102587 123.070547 123.045945 123.028880 123.022462 123.013905 123.013905 123.017114 123.027810 123.039576 123.048084 123.057711 123.070547 123.078034 123.095099 123.113283 123.131418 123.149602 123.167736 123.185920 123.203034 123.221169 123.239353 123.257487 123.275671 123.293806 123.310920 123.329104 123.347239 123.365422 123.383557 123.401741 0.000000 0.000000 0.000000 0.000000 0.000000 0.000000 0.000000 0.000000 0.000000 0.000000 0.000000 0.000000 0.000000 0.000000 0.000000 0.000000 0.000000
0.000000 0.000000 123.415646 123.378209 123.341890 123.304502 123.267114 123.230796 123.194477 123.158159 123.121840 123.084403 123.052363 123.027810 123.021393 123.010696 123.010696 123.013905 123.024602 123.033159 123.044876 123.057711 123.065199 123.083333 123.100447 123.118631 123.136766 123.154950 123.173084 123.191268 123.208333 123.226517 123.244701 123.262836 123.281019 123.299154 123.317338 123.335473 123.353656 123.371840 123.389975 123.407089 0.000000 0.000000 0.000000 0.000000 0.000000 0.000000 0.000000 0.000000 0.000000 0.000000 0.000000 0.000000 0.000000 0.000000 0.000000 0.000000 0.000000 0.000000
