FireSTARR/test/constant/O1a_S060_A000_WD045_WS020/arrival.asc
ncols         741
nrows         96
xllcorner     352603.990666
yllcorner     12740455.311160
cellsize      100.000000
NODATA_value  0.000000
[rows 27 to 53 of 96, columns 360 to 419 of 741]
0.000000 0.000000 0.000000 0.000000 0.000000 0.000000 0.000000 0.000000 0.000000 0.000000 0.000000 0.000000 0.000000 0.000000 0.000000 0.000000 0.000000 0.000000 0.000000 0.000000 0.000000 0.000000 0.000000 0.000000 0.000000 0.000000 0.000000 0.000000 0.000000 0.000000 0.000000 0.000000 0.000000 0.000000 0.000000 0.000000 0.000000 0.000000 0.000000 0.000000 0.000000 0.000000 0.000000 0.000000 0.000000 0.000000 0.000000 0.000000 123.414896 123.413222 123.411827 123.409874 123.407921 123.406526 123.404294 123.402899 123.400667 123.398994 123.397599 123.395646
0.000000 0.000000 0.000000 0.000000 0.000000 0.000000 0.000000 0.000000 0.000000 0.000000 0.000000 0.000000 0.000000 0.000000 0.000000 0.000000 0.000000 0.000000 0.000000 0.000000 0.000000 0.000000 0.000000 0.000000 0.000000 0.000000 0.000000 0.000000 0.000000 0.000000 0.000000 0.000000 0.000000 0.000000 0.000000 0.000000 0.000000 0.000000 0.000000 0.000000 0.000000 123.416570 123.414896 123.412664 123.410990 123.409595 123.407921 123.405689 123.404294 123.402620 123.400667 123.398715 123.397320 123.395646 123.393414 123.391740 123.390624 123.390066 123.388392 123.386439
0.000000 0.000000 0.000000 0.000000 0.000000 0.000000 0.000000 0.000000 0.000000 0.000000 0.000000 0.000000 0.000000 0.000000 0.000000 0.000000 0.000000 0.000000 0.000000 0.000000 0.000000 0.000000 0.000000 0.000000 0.000000 0.000000 0.000000 0.000000 0.000000 0.000000 0.000000 0.000000 0.000000 0.000000 0.000000 123.416012 123.414617 123.412664 123.410711 123.409037 123.407642 123.405689 123.403736 123.402062 123.400667 123.398436 123.396762 123.395367 123.393693 123.391461 123.389787 123.388392 123.386439 123.384486 123.383091 123.381417 123.379464 123.377511 123.376116 123.374066
0.000000 0.000000 0.000000 0.000000 0.000000 0.000000 0.000000 0.000000 0.000000 0.000000 0.000000 0.000000 0.000000 0.000000 0.000000 0.000000 0.000000 0.000000 0.000000 0.000000 0.000000 0.000000 0.000000 0.000000 0.000000 0.000000 0.000000 0.000000 0.000000 123.416570 123.414896 123.413501 123.411269 123.409595 123.408200 123.406247 123.404294 123.402620 123.401225 123.399272 123.397320 123.395925 123.394251 123.392019 123.390345 123.388950 123.387276 123.385044 123.383649 123.381975 123.380022 123.378069 123.376674 123.374624 123.372951 123.370719 123.369324 123.367929 123.365697 123.364023
0.000000 0.000000 0.000000 0.000000 0.000000 0.000000 0.000000 0.000000 0.000000 0.000000 0.000000 0.000000 0.000000 0.000000 0.000000 0.000000 0.000000 0.000000 0.000000 0.000000 0.000000 0.000000 0.000000 123.416570 123.415175 123.412943 123.411269 123.409874 123.407921 123.405968 123.404294 123.402899 123.400946 123.398994 123.397320 123.395925 123.393693 123.392019 123.390624 123.388950 123.386718 123.385044 123.383649 123.381696 123.379743 123.378348 123.376395 123.374345 123.372672 123.371277 123.369045 123.367371 123.365976 123.364302 123.362070 123.360396 123.359001 123.357048 123.355095 123.353700
0.000000 0.000000 0.000000 0.000000 0.000000 0.000000 0.000000 0.000000 0.000000 0.000000 0.000000 0.000000 0.000000 0.000000 0.000000 0.000000 0.000000 123.416667 123.415175 123.412943 123.411548 123.410153 123.408200 123.406247 123.404573 123.403178 123.400946 123.399272 123.397878 123.396204 123.393972 123.392298 123.390903 123.388950 123.386997 123.385602 123.383370 123.381975 123.379743 123.377790 123.376395 123.374066 123.372672 123.371277 123.369324 123.367371 123.365697 123.364302 123.362070 123.360396 123.359001 123.357327 123.355095 123.353421 123.352026 123.350073 123.348120 123.346725 123.345051 123.343098
0.000000 0.000000 0.000000 0.000000 0.000000 0.000000 0.000000 0.000000 0.000000 0.000000 0.000000 123.415733 123.414059 123.412664 123.410711 123.408758 123.407084 123.405689 123.403736 123.401783 123.400388 123.398715 123.396483 123.394809 123.393414 123.391740 123.389508 123.388113 123.386439 123.384486 123.382533 123.381138 123.379743 123.377511 123.375837 123.374066 123.372114 123.370719 123.368766 123.367092 123.364860 123.363186 123.361791 123.359838 123.357885 123.356490 123.354258 123.352863 123.350631 123.348957 123.347562 123.345609 123.343656 123.341982 123.340587 123.338634 123.336681 123.335007 123.333333 123.331284
0.000000 0.000000 0.000000 0.000000 123.416667 123.415454 123.413501 123.411548 123.410153 123.408758 123.406247 123.404852 123.403178 123.401504 123.399272 123.397878 123.396483 123.394251 123.392577 123.390903 123.389508 123.387276 123.385602 123.384207 123.382254 123.380301 123.378627 123.377232 123.375000 123.373509 123.372114 123.369603 123.368208 123.366813 123.364860 123.362907 123.361233 123.359838 123.357606 123.355932 123.354258 123.352863 123.350631 123.348957 123.347562 123.345609 123.343656 123.341982 123.340587 123.338634 123.336681 123.335286 123.333237 123.331563 123.329331 123.327936 123.326262 123.324309 123.322356 123.320961
123.413501 123.412106 123.410711 123.408758 123.406805 123.405131 123.403736 123.401504 123.399830 123.398157 123.396762 123.394530 123.392856 123.391461 123.389508 123.387555 123.385881 123.384486 123.382533 123.380580 123.379185 123.377511 123.375279 123.374066 123.372114 123.370161 123.368487 123.367092 123.364860 123.363186 123.361791 123.360117 123.357885 123.356211 123.354816 123.352863 123.350910 123.349515 123.347562 123.345888 123.343656 123.341982 123.340587 123.338634 123.336681 123.335286 123.333237 123.331563 123.329331 123.327936 123.326262 123.324309 123.322356 123.320961 123.319566 123.317334 123.315660 123.313986 123.312591 123.310080
123.403736 123.402341 123.400667 123.398436 123.397041 123.395367 123.393693 123.391461 123.390066 123.388392 123.386439 123.384486 123.383091 123.381696 123.379185 123.377790 123.376116 123.374345 123.372393 123.370719 123.369045 123.367371 123.365139 123.363744 123.362349 123.360117 123.358443 123.356769 123.355374 123.353142 123.351468 123.349794 123.348120 123.345888 123.344493 123.342540 123.340866 123.338913 123.336960 123.335565 123.333333 123.331563 123.329610 123.328215 123.326820 123.324588 123.322914 123.321240 123.319566 123.317334 123.315939 123.314544 123.312591 123.310638 123.308964 123.307569 123.305337 123.303663 123.302268 123.300594
123.393414 123.391740 123.390345 123.388113 123.386439 123.384765 123.383370 123.381138 123.379464 123.378069 123.376116 123.374345 123.372951 123.370719 123.369045 123.367371 123.365697 123.363465 123.362070 123.360675 123.358722 123.356769 123.355095 123.353700 123.351468 123.349794 123.348399 123.346725 123.344493 123.342819 123.341424 123.339471 123.337518 123.336123 123.333891 123.331842 123.330447 123.328773 123.326820 123.324867 123.323472 123.321240 123.319845 123.317613 123.315939 123.314544 123.312591 123.310638 123.308964 123.307569 123.305616 123.303663 123.302268 123.300594 123.298363 123.296689 123.295294 123.293620 123.291946 123.291291
123.382254 123.380580 123.378906 123.376674 123.375279 123.373230 123.371835 123.370161 123.368487 123.366255 123.364860 123.363186 123.361233 123.359280 123.357885 123.356490 123.354258 123.352584 123.350910 123.349236 123.347004 123.345609 123.344214 123.342261 123.340308 123.338634 123.337239 123.335007 123.333333 123.331842 123.329610 123.327936 123.326541 123.324588 123.322635 123.321240 123.319566 123.317613 123.315660 123.314265 123.312870 123.310359 123.308964 123.307848 123.306174 123.304500 123.303105 123.301431 123.299200 123.297805 123.296131 123.293899 123.291946 123.289617 123.288222 123.286827 123.284874 123.282921 123.281247 123.279852
123.372114 123.370719 123.368487 123.366813 123.365139 123.363744 123.361512 123.359838 123.358443 123.356490 123.354537 123.352863 123.351468 123.349515 123.347562 123.345888 123.344493 123.342261 123.340587 123.339192 123.337518 123.335286 123.333612 123.331842 123.330168 123.328494 123.327099 123.324867 123.323193 123.321798 123.319845 123.317892 123.316218 123.314544 123.312870 123.310638 123.309243 123.307848 123.305616 123.303942 123.302268 123.300873 123.298642 123.296968 123.295294 123.293620 123.291667 123.290454 123.288222 123.286548 123.284874 123.283200 123.280968 123.279573 123.278178 123.276225 123.274272 123.272599 123.271204 123.268972
123.362628 123.360675 123.358722 123.357327 123.355653 123.353421 123.351747 123.350073 123.348678 123.346167 123.344772 123.343098 123.341424 123.339192 123.337797 123.335844 123.333612 123.331842 123.330168 123.328773 123.326541 123.324867 123.323472 123.321519 123.319566 123.317892 123.316497 123.314544 123.312591 123.310917 123.309522 123.307290 123.305616 123.304221 123.302547 123.300315 123.298642 123.297247 123.295294 123.293341 123.291946 123.289896 123.288222 123.286827 123.284874 123.282921 123.281247 123.279852 123.277899 123.275946 123.274551 123.272878 123.270646 123.268972 123.267577 123.265903 123.263671 123.262276 123.260602 123.258649
123.351468 123.349794 123.348120 123.346446 123.344214 123.342540 123.341145 123.339192 123.337239 123.335844 123.334170 123.332121 123.330726 123.328773 123.326820 123.325146 123.323193 123.321519 123.319566 123.317613 123.316218 123.314544 123.312312 123.310917 123.309243 123.307569 123.305337 123.303942 123.302547 123.300594 123.300036 123.297805 123.296410 123.294457 123.292225 123.290175 123.288780 123.286827 123.285153 123.282921 123.281247 123.279852 123.277899 123.275946 123.274551 123.272320 123.270925 123.268414 123.267019 123.265345 123.263671 123.261439 123.260044 123.258649 123.256417 123.254743 123.253069 123.251674 123.249345 123.247672
123.339750 123.338076 123.336681 123.334728 123.332958 123.331563 123.329331 123.327657 123.325983 123.324309 123.322077 123.320682 123.319287 123.317334 123.315381 123.313707 123.312312 123.310080 123.308406 123.306732 123.305337 123.303105 123.301431 123.300036 123.298084 123.296131 123.294457 123.293062 123.291012 123.289338 123.287664 123.285432 123.284037 123.282642 123.280689 123.278736 123.277062 123.275667 123.273436 123.271762 123.270367 123.268693 123.266461 123.264787 123.263392 123.261439 123.259486 123.258091 123.256138 123.254464 123.252232 123.250558 123.248787 123.247114 123.245719 123.244045 123.241813 123.240139 123.238744 123.236791
123.329889 123.328215 123.326820 123.324588 123.322914 123.321519 123.319566 123.317613 123.315939 123.313986 123.312591 123.310359 123.308685 123.307011 123.305337 123.303105 123.301710 123.300036 123.298363 123.296131 123.294736 123.293341 123.291291 123.289617 123.287943 123.285711 123.284316 123.282642 123.280689 123.278736 123.277341 123.275946 123.273715 123.271762 123.270367 123.268693 123.266461 123.264787 123.263392 123.261718 123.259486 123.258091 123.256417 123.254464 123.252511 123.251116 123.249066 123.247393 123.245998 123.244045 123.242092 123.240697 123.239023 123.237070 123.235117 123.233722 123.232048 123.229816 123.228142 123.226747
123.319287 123.317334 123.315381 123.313986 123.312591 123.310359 123.308685 123.307011 123.305616 123.303105 123.301710 123.300036 123.298363 123.296131 123.294736 123.292783 123.290454 123.289059 123.287664 123.285711 123.283758 123.282084 123.280689 123.278457 123.276783 123.275388 123.273715 123.271483 123.269809 123.268414 123.266461 123.264508 123.262834 123.261439 123.259486 123.257533 123.256138 123.254464 123.252232 123.250558 123.249066 123.247114 123.245719 123.244045 123.241813 123.240139 123.238744 123.237070 123.234838 123.233164 123.231769 123.229816 123.227863 123.226468 123.224236 123.222841 123.220609 123.218935 123.217261 123.215587
123.308964 123.307011 123.305616 123.303384 123.301710 123.300315 123.298363 123.296410 123.294736 123.293341 123.291291 123.289617 123.287943 123.285711 123.284316 123.282921 123.280968 123.279015 123.277341 123.275946 123.273715 123.272041 123.270646 123.268972 123.266740 123.265066 123.263671 123.261718 123.259765 123.258370 123.256696 123.254743 123.252790 123.251395 123.249345 123.247672 123.245719 123.244324 123.242092 123.240418 123.239023 123.237070 123.235117 123.233443 123.231490 123.230095 123.227863 123.226189 123.224515 123.222841 123.220609 123.219214 123.217540 123.215866 123.213634 123.212239 123.210844 123.208612 123.206563 123.205168
123.297526 123.296131 123.293899 123.292225 123.290733 123.288501 123.287106 123.285432 123.283479 123.281526 123.280131 123.278736 123.276504 123.274830 123.273157 123.271483 123.269251 123.267856 123.266461 123.264508 123.262555 123.260881 123.259486 123.257254 123.255580 123.254185 123.252511 123.250279 123.249066 123.246835 123.245161 123.243487 123.242092 123.239860 123.238186 123.236791 123.234838 123.232885 123.231211 123.229258 123.227863 123.225631 123.223957 123.222562 123.220609 123.218656 123.216982 123.215587 123.213634 123.211681 123.210286 123.208237 123.206563 123.204331 123.202936 123.201262 123.199309 123.197356 123.195961 123.194287
123.286269 123.284874 123.283479 123.281247 123.279573 123.277899 123.276504 123.274272 123.272599 123.271204 123.269530 123.267298 123.265624 123.264229 123.262276 123.260323 123.258649 123.257254 123.255022 123.253348 123.251953 123.250000 123.247951 123.246556 123.244882 123.243208 123.240976 123.239581 123.238186 123.235954 123.234280 123.232606 123.231211 123.228979 123.227305 123.225910 123.223957 123.222004 123.220330 123.218377 123.216982 123.214750 123.213076 123.211681 123.209728 123.207958 123.206563 123.204331 123.202657 123.200983 123.199309 123.197077 123.195682 123.194287 123.192334 123.190381 123.188707 123.187312 123.185080 123.183406
123.276504 123.274272 123.272599 123.271204 123.269530 123.267298 123.265624 123.264229 123.262276 123.260323 123.258649 123.257254 123.255301 123.253348 123.251953 123.249903 123.248230 123.245998 123.244603 123.243208 123.240976 123.239302 123.237628 123.236233 123.233722 123.232327 123.230932 123.228979 123.227026 123.225352 123.223957 123.221725 123.219772 123.218377 123.216703 123.214750 123.212797 123.211402 123.209728 123.207679 123.206284 123.204331 123.202378 123.200983 123.199309 123.197077 123.195403 123.194008 123.192334 123.190102 123.188707 123.187033 123.185080 123.183964 123.183406 123.182848 123.182290 123.181732 123.181174 123.180616
123.265624 123.263671 123.262276 123.260044 123.258649 123.256417 123.254743 123.253069 123.251395 123.249624 123.248230 123.245998 123.244324 123.242650 123.240976 123.238744 123.237349 123.235675 123.234001 123.231769 123.230374 123.228979 123.226747 123.225073 123.223399 123.222004 123.219772 123.218098 123.216703 123.214750 123.212797 123.211123 123.209728 123.207679 123.206005 123.204331 123.202099 123.200704 123.199309 123.197356 123.195403 123.193729 123.192334 123.190102 123.188986 123.188428 123.187870 123.187312 123.186754 123.186196 123.185638 123.185080 123.184522 123.184243 123.184801 123.185359 123.186475 123.186754 123.187591 123.188149
123.254464 123.253069 123.251395 123.249345 123.247951 123.245998 123.244045 123.242371 123.240976 123.238744 123.237070 123.235675 123.234001 123.231769 123.230095 123.228700 123.226747 123.224794 123.223399 123.221725 123.219772 123.217819 123.216424 123.215029 123.212518 123.211123 123.209449 123.207400 123.206005 123.204331 123.202099 123.200425 123.199030 123.197356 123.195124 123.194008 123.193450 123.192892 123.192334 123.191776 123.191218 123.190660 123.190102 123.189544 123.189265 123.190102 123.190660 123.190939 123.192055 123.192613 123.193171 123.193729 123.194566 123.195124 123.195682 123.196519 123.197356 123.198193 123.198751 123.198751
123.243766 123.242371 123.240697 123.239023 123.236791 123.235396 123.234001 123.231769 123.230095 123.228421 123.227026 123.224794 123.223120 123.221725 123.219772 123.217819 123.216145 123.214750 123.212797 123.210844 123.209170 123.207121 123.205726 123.204331 123.202378 123.200425 123.199030 123.198472 123.197914 123.197356 123.196798 123.196240 123.195682 123.195124 123.194566 123.194287 123.195124 123.195403 123.196240 123.196798 123.197635 123.198193 123.198751 123.199309 123.200146 123.200983 123.201262 123.202099 123.202936 123.203215 123.204331 123.204610 123.205447 123.206005 123.206563 123.207121 123.208237 123.208891 123.209449 123.209728
123.233722 123.232048 123.229816 123.228421 123.226747 123.224794 123.222841 123.221446 123.219772 123.217540 123.215866 123.214471 123.212797 123.210565 123.209170 123.207400 123.205447 123.204052 123.203494 123.202936 123.202378 123.201820 123.201262 123.200704 123.200146 123.199588 123.199309 123.199588 123.200704 123.201262 123.201820 123.202378 123.203215 123.204052 123.204331 123.205168 123.206005 123.206563 123.206842 123.207679 123.208612 123.208891 123.210007 123.210565 123.211123 123.211402 123.212239 123.213076 123.213913 123.214471 123.214750 123.215587 123.216703 123.216982 123.217540 123.218377 123.218935 123.219493 123.220609 123.221446
123.222562 123.221167 123.219772 123.217819 123.215866 123.214192 123.212797 123.210565 123.209170 123.208612 123.207958 123.207400 123.206842 123.206284 123.205726 123.205168 123.204610 123.204331 123.204889 123.205447 123.206284 123.206842 123.207400 123.208237 123.208891 123.209728 123.210286 123.211123 123.211960 123.212797 123.212797 123.213634 123.214750 123.214471 123.215866 123.215866 123.216982 123.217261 123.217819 123.218935 123.219493 123.219772 123.220609 123.221167 123.222283 123.222562 123.223399 123.223957 123.224515 123.225631 123.226468 123.226747 123.227584 123.227863 123.229258 123.229816 123.230653 123.231211 123.232048 123.232606
