FireSTARR/test/constant/O1a_S060_A000_WD045_WS020/arrival.asc
ncols         741
nrows         96
xllcorner     352603.990666
yllcorner     12740455.311160
cellsize      100.000000
NODATA_value  0.000000
[rows 54 to 80 of 96, columns 300 to 359 of 741]
123.317334 123.315660 123.314265 123.312591 123.310359 123.308685 123.307290 123.305337 123.303384 123.301989 123.300315 123.298363 123.296410 123.295015 123.293341 123.291291 123.289338 123.287664 123.285711 123.283758 123.282084 123.280689 123.278457 123.276783 123.275388 123.273715 123.271483 123.269809 123.268414 123.266461 123.264508 123.263113 123.261439 123.259207 123.257533 123.256138 123.254464 123.252232 123.250558 123.249066 123.247114 123.245719 123.244045 123.241813 123.240139 123.238744 123.237070 123.234838 123.233443 123.231769 123.229816 123.227863 123.226468 123.224794 123.222562 123.220888 123.219493 123.217819 123.215587 123.214192
123.306174 123.304779 123.303105 123.300873 123.299479 123.297805 123.296131 123.293899 123.292504 123.290454 123.288780 123.287385 123.285711 123.283479 123.282084 123.280410 123.278457 123.276504 123.275109 123.273715 123.271483 123.269809 123.268135 123.266461 123.264229 123.262834 123.261439 123.259486 123.257533 123.255859 123.254464 123.252232 123.250558 123.249066 123.246835 123.245440 123.244045 123.241813 123.240139 123.238465 123.237070 123.234838 123.233164 123.231490 123.229816 123.227584 123.226189 123.224794 123.222841 123.220888 123.219214 123.218656 123.218098 123.217540 123.216982 123.216424 123.215866 123.215308 123.214750 123.214471
123.296410 123.295015 123.293341 123.291291 123.289896 123.287943 123.285990 123.284595 123.282363 123.280968 123.278736 123.277062 123.275388 123.273715 123.271483 123.270088 123.268693 123.266740 123.264787 123.263113 123.261718 123.259486 123.257812 123.256417 123.254743 123.252511 123.250837 123.249066 123.247393 123.245719 123.244324 123.242092 123.240418 123.239023 123.237070 123.235117 123.233443 123.231490 123.229816 123.227863 123.225910 123.224515 123.223957 123.223399 123.222841 123.222283 123.221725 123.221167 123.220330 123.219772 123.219493 123.219772 123.220888 123.221446 123.221725 123.222841 123.223399 123.223957 123.224515 123.225352
123.285432 123.283479 123.281526 123.280131 123.278736 123.276504 123.274830 123.273157 123.271483 123.269251 123.267856 123.266182 123.264508 123.262276 123.260881 123.259486 123.257254 123.255580 123.253906 123.252511 123.250279 123.248787 123.246835 123.244882 123.243487 123.242092 123.239860 123.238186 123.236512 123.234838 123.232606 123.231211 123.229816 123.228979 123.228421 123.227863 123.227305 123.226747 123.226189 123.225631 123.225073 123.224515 123.225073 123.225631 123.226468 123.227026 123.227584 123.228421 123.229258 123.229537 123.230095 123.230932 123.231211 123.232048 123.233164 123.233722 123.234001 123.234838 123.235396 123.235954
123.274551 123.272878 123.271483 123.269530 123.267577 123.266182 123.264508 123.262276 123.260602 123.259207 123.257533 123.255301 123.253906 123.252232 123.250279 123.248787 123.247114 123.244882 123.243208 123.241813 123.239860 123.237907 123.236512 123.234838 123.234001 123.233443 123.232885 123.232327 123.231769 123.231211 123.230653 123.230095 123.229537 123.229816 123.230653 123.231211 123.232048 123.232606 123.233164 123.234280 123.234838 123.235117 123.235954 123.236791 123.237070 123.237907 123.238744 123.239302 123.239581 123.240418 123.240976 123.241813 123.242650 123.243208 123.243766 123.244324 123.245161 123.245719 123.246556 123.247114
123.263950 123.262276 123.260881 123.259207 123.256975 123.255301 123.253906 123.251953 123.249903 123.248509 123.247114 123.244882 123.243208 123.241534 123.240139 123.239023 123.238465 123.237907 123.237349 123.236791 123.236233 123.235675 123.235117 123.234559 123.234838 123.235675 123.236233 123.237070 123.237628 123.238186 123.239023 123.239581 123.240418 123.240697 123.241534 123.242650 123.242650 123.243487 123.244324 123.244882 123.245440 123.246277 123.246556 123.247393 123.247951 123.248787 123.249345 123.250000 123.250837 123.251395 123.251674 123.252790 123.253627 123.253906 123.254743 123.255301 123.255859 123.256696 123.257254 123.258649
123.253627 123.251953 123.249903 123.248230 123.246835 123.244882 123.244045 123.243487 123.242929 123.242371 123.241813 123.241255 123.240697 123.240139 123.239581 123.239860 123.240418 123.241255 123.241813 123.242371 123.243487 123.243766 123.244603 123.245440 123.245998 123.246277 123.247393 123.248509 123.248509 123.249345 123.249624 123.250558 123.251395 123.251953 123.252511 123.253069 123.253906 123.255022 123.254743 123.255580 123.256138 123.256975 123.257533 123.258649 123.259207 123.260044 123.260323 123.261160 123.261439 123.262555 123.263392 123.264229 123.264787 123.265066 123.265624 123.266461 123.267298 123.267856 123.268414 123.269530
123.247393 123.246835 123.246277 123.245719 123.245161 123.244603 123.244882 123.245998 123.245998 123.247114 123.247672 123.248230 123.248787 123.249345 123.250279 123.251116 123.251674 123.252511 123.252790 123.253906 123.254464 123.254743 123.255859 123.256417 123.256696 123.257533 123.258091 123.258649 123.259207 123.260044 123.260323 123.261160 123.262276 123.262834 123.263392 123.264229 123.264787 123.265345 123.266182 123.266461 123.267298 123.268414 123.269251 123.269530 123.270367 123.270925 123.271204 123.272041 123.273157 123.273715 123.273994 123.275388 123.276225 123.277899 123.277899 123.278178 123.279294 123.279573 123.280410 123.282363
123.252232 123.253348 123.253069 123.253906 123.254743 123.255301 123.256138 123.256417 123.257254 123.258091 123.258928 123.259207 123.260044 123.260323 123.262276 123.261997 123.262276 123.263113 123.263950 123.264229 123.264787 123.265624 123.266182 123.267019 123.267856 123.268414 123.268972 123.269809 123.270367 123.270925 123.271762 123.272041 123.272878 123.273994 123.274830 123.275109 123.275946 123.276783 123.277062 123.277620 123.278736 123.279294 123.279573 123.281247 123.282084 123.283479 123.283758 123.284037 123.284874 123.285432 123.286548 123.287106 123.288780 123.289059 123.289896 123.291012 123.292504 123.293620 123.295294 123.296689
123.263113 123.264229 123.263950 123.265066 123.265624 123.266182 123.267019 123.267577 123.268135 123.268972 123.269530 123.269809 123.270646 123.271204 123.272041 123.272878 123.273436 123.273994 123.274551 123.275388 123.276225 123.276504 123.277062 123.277899 123.278457 123.279852 123.280410 123.280968 123.281805 123.282363 123.282642 123.283479 123.284316 123.284874 123.285432 123.286827 123.287664 123.287943 123.289338 123.290175 123.290454 123.291291 123.292504 123.293341 123.293620 123.294736 123.295294 123.296689 123.298084 123.299200 123.300594 123.302547 123.304779 123.305058 123.307290 123.307848 123.310080 123.311196 123.312033 123.313428
123.273994 123.274830 123.275109 123.275667 123.276225 123.276783 123.277620 123.278457 123.278736 123.279573 123.280131 123.280689 123.281805 123.282363 123.282921 123.283479 123.284316 123.284874 123.285990 123.286548 123.287385 123.287943 123.288501 123.289338 123.289896 123.290454 123.291291 123.292504 123.293620 123.293620 123.294736 123.295294 123.295852 123.296410 123.297247 123.298921 123.299200 123.300594 123.300873 123.301710 123.304500 123.305616 123.306453 123.308127 123.308406 123.310638 123.312312 123.313428 123.315102 123.315939 123.317613 123.319008 123.320961 123.323193 123.324309 123.324867 123.326820 123.327378 123.330726 123.331005
123.284316 123.285432 123.285711 123.286548 123.287664 123.287943 123.288501 123.289338 123.289617 123.290454 123.291570 123.292225 123.292783 123.293620 123.294178 123.294736 123.295573 123.296131 123.296968 123.298363 123.299479 123.299479 123.300594 123.301152 123.301710 123.302268 123.303105 123.304779 123.305058 123.306174 123.306453 123.307290 123.308964 123.310359 123.312033 123.313428 123.315660 123.316497 123.317892 123.319287 123.320961 123.321798 123.323193 123.325983 123.326820 123.328494 123.329331 123.330447 123.331842 123.332958 123.335844 123.337239 123.338634 123.340587 123.341145 123.342819 123.344772 123.345051 123.348399 123.348678
123.295573 123.296410 123.297526 123.297526 123.298363 123.299200 123.299757 123.300315 123.301431 123.301710 123.302268 123.303942 123.305337 123.305337 123.306174 123.306732 123.307290 123.307848 123.308685 123.310359 123.310917 123.312033 123.312312 123.313149 123.314823 123.317055 123.318171 123.318729 123.319566 123.322077 123.323751 123.324867 123.325146 123.327099 123.329052 123.330726 123.332679 123.333891 123.335844 123.336402 123.337797 123.338634 123.339192 123.341703 123.343656 123.345330 123.347841 123.348399 123.348678 123.350631 123.353979 123.354537 123.355932 123.356490 123.359001 123.359280 123.361233 123.364302 123.365976 123.367371
123.307011 123.307290 123.308127 123.309801 123.310080 123.311196 123.312033 123.312591 123.312870 123.313707 123.314544 123.315939 123.316497 123.317892 123.317892 123.318729 123.320403 123.322077 123.322356 123.324588 123.325425 123.327378 123.328773 123.331005 123.331005 123.333612 123.334728 123.335007 123.336681 123.338913 123.340029 123.341703 123.343656 123.344493 123.346446 123.346725 123.349515 123.351189 123.353421 123.353979 123.354258 123.356490 123.359280 123.359838 123.361512 123.363744 123.364581 123.364860 123.366813 123.368487 123.370998 123.372951 123.374903 123.375837 123.378069 123.380859 123.381696 123.383928 123.387276 123.389508
123.318450 123.319287 123.320124 123.321519 123.322077 123.323193 123.324309 123.324588 123.326262 123.327657 123.328215 123.329889 123.331842 123.332958 123.336123 123.336402 123.336960 123.338913 123.340308 123.340587 123.342261 123.343098 123.345330 123.346725 123.349236 123.350073 123.350631 123.352584 123.353421 123.356490 123.359559 123.359559 123.361233 123.362349 123.363744 123.365418 123.367092 123.367650 123.370161 123.370719 123.372672 123.374624 123.376116 123.378906 123.379464 123.380859 123.384207 123.386160 123.387276 123.388950 123.391182 123.393414 123.396762 123.398994 123.401783 123.403178 123.404294 123.405968 123.410432 123.410711
123.332121 123.333237 123.333891 123.335286 123.335844 123.338913 123.340866 123.341982 123.342540 123.344214 123.345888 123.346446 123.348120 123.348678 123.351189 123.352863 123.354258 123.355374 123.356211 123.357885 123.360117 123.362628 123.363186 123.365139 123.367092 123.367929 123.369324 123.372114 123.372951 123.374903 123.376116 123.376395 123.378348 123.381138 123.381975 123.382533 123.383649 123.386439 123.388671 123.390903 123.392856 123.394530 123.395088 123.398436 123.400109 123.402620 123.404573 123.407363 123.410711 123.412664 123.413780 123.415733 0.000000 0.000000 0.000000 0.000000 0.000000 0.000000 0.000000 0.000000
123.348120 123.349794 123.352026 123.352305 123.353700 123.354537 123.356490 123.358443 123.359838 123.360396 123.361791 123.362628 123.365418 123.367371 123.368766 123.371556 123.371835 123.373787 123.375279 123.375558 123.378069 123.380580 123.380859 123.382254 123.385044 123.385602 123.387555 123.388113 123.389508 123.391461 123.393135 123.395088 123.397599 123.400109 123.400946 123.401504 123.404573 123.407363 123.410153 123.412106 123.413780 0.000000 0.000000 0.000000 0.000000 0.000000 0.000000 0.000000 0.000000 0.000000 0.000000 0.000000 0.000000 0.000000 0.000000 0.000000 0.000000 0.000000 0.000000 0.000000
123.365697 123.365976 123.366534 123.368208 123.370440 123.372393 123.374345 123.376395 123.377790 123.380301 123.380859 123.381138 123.382812 123.385044 123.387555 123.387834 123.390066 123.391461 123.392577 123.393693 123.395367 123.397041 123.398157 123.400667 123.402341 123.404852 123.406526 123.406805 123.409037 123.411827 123.414059 123.416667 0.000000 0.000000 0.000000 0.000000 0.000000 0.000000 0.000000 0.000000 0.000000 0.000000 0.000000 0.000000 0.000000 0.000000 0.000000 0.000000 0.000000 0.000000 0.000000 0.000000 0.000000 0.000000 0.000000 0.000000 0.000000 0.000000 0.000000 0.000000
123.383370 123.385044 123.386718 123.386997 123.388950 123.389508 123.392298 123.393414 123.395925 123.397320 123.398715 123.399272 123.401225 123.403178 123.404294 123.406247 123.408479 123.409316 123.411269 123.414059 123.415175 0.000000 0.000000 0.000000 0.000000 0.000000 0.000000 0.000000 0.000000 0.000000 0.000000 0.000000 0.000000 0.000000 0.000000 0.000000 0.000000 0.000000 0.000000 0.000000 0.000000 0.000000 0.000000 0.000000 0.000000 0.000000 0.000000 0.000000 0.000000 0.000000 0.000000 0.000000 0.000000 0.000000 0.000000 0.000000 0.000000 0.000000 0.000000 0.000000
123.401225 123.402899 123.403457 123.404852 123.406526 123.408200 123.410153 123.411548 123.413501 123.415454 123.416291 0.000000 0.000000 0.000000 0.000000 0.000000 0.000000 0.000000 0.000000 0.000000 0.000000 0.000000 0.000000 0.000000 0.000000 0.000000 0.000000 0.000000 0.000000 0.000000 0.000000 0.000000 0.000000 0.000000 0.000000 0.000000 0.000000 0.000000 0.000000 0.000000 0.000000 0.000000 0.000000 0.000000 0.000000 0.000000 0.000000 0.000000 0.000000 0.000000 0.000000 0.000000 0.000000 0.000000 0.000000 0.000000 0.000000 0.000000 0.000000 0.000000
0.000000 0.000000 0.000000 0.000000 0.000000 0.000000 0.000000 0.000000 0.000000 0.000000 0.000000 0.000000 0.000000 0.000000 0.000000 0.000000 0.000000 0.000000 0.000000 0.000000 0.000000 0.000000 0.000000 0.000000 0.000000 0.000000 0.000000 0.000000 0.000000 0.000000 0.000000 0.000000 0.000000 0.000000 0.000000 0.000000 0.000000 0.000000 0.000000 0.000000 0.000000 0.000000 0.000000 0.000000 0.000000 0.000000 0.000000 0.000000 0.000000 0.000000 0.000000 0.000000 0.000000 0.000000 0.000000 0.000000 0.000000 0.000000 0.000000 0.000000
0.000000 0.000000 0.000000 0.000000 0.000000 0.000000 0.000000 0.000000 0.000000 0.000000 0.000000 0.000000 0.000000 0.000000 0.000000 0.000000 0.000000 0.000000 0.000000 0.000000 0.000000 0.000000 0.000000 0.000000 0.000000 0.000000 0.000000 0.000000 0.000000 0.000000 0.000000 0.000000 0.000000 0.000000 0.000000 0.000000 0.000000 0.000000 0.000000 0.000000 0.000000 0.000000 0.000000 0.000000 0.000000 0.000000 0.000000 0.000000 0.000000 0.000000 0.000000 0.000000 0.000000 0.000000 0.000000 0.000000 0.000000 0.000000 0.000000 0.000000
0.000000 0.000000 0.000000 0.000000 0.000000 0.000000 0.000000 0.000000 0.000000 0.000000 0.000000 0.000000 0.000000 0.000000 0.000000 0.000000 0.000000 0.000000 0.000000 0.000000 0.000000 0.000000 0.000000 0.000000 0.000000 0.000000 0.000000 0.000000 0.000000 0.000000 0.000000 0.000000 0.000000 0.000000 0.000000 0.000000 0.000000 0.000000 0.000000 0.000000 0.000000 0.000000 0.000000 0.000000 0.000000 0.000000 0.000000 0.000000 0.000000 0.000000 0.000000 0.000000 0.000000 0.000000 0.000000 0.000000 0.000000 0.000000 0.000000 0.000000
0.000000 0.000000 0.000000 0.000000 0.000000 0.000000 0.000000 0.000000 0.000000 0.000000 0.000000 0.000000 0.000000 0.000000 0.000000 0.000000 0.000000 0.000000 0.000000 0.000000 0.000000 0.000000 0.000000 0.000000 0.000000 0.000000 0.000000 0.000000 0.000000 0.000000 0.000000 0.000000 0.000000 0.000000 0.000000 0.000000 0.000000 0.000000 0.000000 0.000000 0.000000 0.000000 0.000000 0.000000 0.000000 0.000000 0.000000 0.000000 0.000000 0.000000 0.000000 0.000000 0.000000 0.000000 0.000000 0.000000 0.000000 0.000000 0.000000 0.000000
0.000000 0.000000 0.000000 0.000000 0.000000 0.000000 0.000000 0.000000 0.000000 0.000000 0.000000 0.000000 0.000000 0.000000 0.000000 0.000000 0.000000 0.000000 0.000000 0.000000 0.000000 0.000000 0.000000 0.000000 0.000000 0.000000 0.000000 0.000000 0.000000 0.000000 0.000000 0.000000 0.000000 0.000000 0.000000 0.000000 0.000000 0.000000 0.000000 0.000000 0.000000 0.000000 0.000000 0.000000 0.000000 0.000000 0.000000 0.000000 0.000000 0.000000 0.000000 0.000000 0.000000 0.000000 0.000000 0.000000 0.000000 0.000000 0.000000 0.000000
0.000000 0.000000 0.000000 0.000000 0.000000 0.000000 0.000000 0.000000 0.000000 0.000000 0.000000 0.000000 0.000000 0.000000 0.000000 0.000000 0.000000 0.000000 0.000000 0.000000 0.000000 0.000000 0.000000 0.000000 0.000000 0.000000 0.000000 0.000000 0.000000 0.000000 0.000000 0.000000 0.000000 0.000000 0.000000 0.000000 0.000000 0.000000 0.000000 0.000000 0.000000 0.000000 0.000000 0.000000 0.000000 0.000000 0.000000 0.000000 0.000000 0.000000 0.000000 0.000000 0.000000 0.000000 0.000000 0.000000 0.000000 0.000000 0.000000 0.000000
0.000000 0.000000 0.000000 0.000000 0.000000 0.000000 0.000000 0.000000 0.000000 0.000000 0.000000 0.000000 0.000000 0.000000 0.000000 0.000000 0.000000 0.000000 0.000000 0.000000 0.000000 0.000000 0.000000 0.000000 0.000000 0.000000 0.000000 0.000000 0.000000 0.000000 0.000000 0.000000 0.000000 0.000000 0.000000 0.000000 0.000000 0.000000 0.000000 0.000000 0.000000 0.000000 0.000000 0.000000 0.000000 0.000000 0.000000 0.000000 0.000000 0.000000 0.000000 0.000000 0.000000 0.000000 0.000000 0.000000 0.000000 0.000000 0.000000 0.000000
