FireSTARR/test/constant/O1a_S060_A000_WD045_WS020/arrival.asc
ncols         741
nrows         96
xllcorner     352603.990666
yllcorner     12740455.311160
cellsize      100.000000
NODATA_value  0.000000
[rows 27 to 53 of 96, columns 480 to 539 of 741]
123.289338 123.287943 123.285711 123.284037 123.282363 123.280968 123.278736 123.277062 123.275388 123.273715 123.271483 123.270088 123.268693 123.266740 123.264787 123.263113 123.261718 123.259486 123.257812 123.256417 123.254743 123.252511 123.250837 123.249066 123.247393 123.245719 123.244324 123.242092 123.240418 123.239023 123.237070 123.235117 123.233443 123.231769 123.230095 123.227863 123.226189 123.224794 123.222841 123.220888 123.219214 123.217819 123.215866 123.213913 123.212518 123.210844 123.208612 123.206842 123.205447 123.203215 123.201541 123.200146 123.198193 123.196240 123.194566 123.193171 123.191218 123.189265 123.187870 123.186196
123.279573 123.277899 123.276225 123.273994 123.272320 123.270925 123.268972 123.267019 123.265624 123.263392 123.261997 123.259765 123.258091 123.256417 123.254743 123.252511 123.251116 123.249624 123.247672 123.245719 123.244324 123.242650 123.240418 123.238744 123.237349 123.235675 123.233443 123.232048 123.230374 123.228421 123.226468 123.225073 123.222841 123.221446 123.219214 123.217540 123.216145 123.214192 123.212239 123.210565 123.208612 123.207121 123.205447 123.203773 123.201541 123.200146 123.198751 123.196798 123.194845 123.193171 123.191776 123.189544 123.187870 123.186475 123.184801 123.182569 123.180895 123.179500 123.177547 123.175594
123.267019 123.265624 123.263950 123.262276 123.260044 123.258649 123.257254 123.255022 123.253348 123.251674 123.250000 123.247951 123.246277 123.244882 123.243208 123.240976 123.239581 123.237907 123.235954 123.234001 123.232606 123.230932 123.228979 123.227026 123.225631 123.223957 123.221725 123.220330 123.218656 123.216982 123.214750 123.213355 123.211960 123.209728 123.208237 123.206563 123.204331 123.202936 123.201262 123.199309 123.197356 123.195961 123.194566 123.192334 123.190660 123.188986 123.187312 123.185080 123.183685 123.182290 123.180337 123.178384 123.176710 123.175315 123.173084 123.171410 123.169736 123.168341 123.166291 123.164896
123.258370 123.256696 123.254464 123.253069 123.251395 123.249345 123.247672 123.245998 123.244603 123.242371 123.240697 123.239302 123.237349 123.235396 123.233722 123.232048 123.230374 123.228142 123.226468 123.225073 123.223120 123.221167 123.219493 123.218098 123.216145 123.214192 123.212797 123.211123 123.208612 123.206563 123.205168 123.203773 123.201820 123.199867 123.198193 123.196798 123.194566 123.192892 123.191218 123.189823 123.187591 123.185917 123.184522 123.182569 123.180616 123.178942 123.177268 123.175594 123.173363 123.171689 123.170294 123.168341 123.166570 123.165175 123.162943 123.161269 123.159874 123.157921 123.155968 123.154294
123.246277 123.244603 123.243208 123.240976 123.239023 123.237628 123.235954 123.234001 123.232048 123.230653 123.229258 123.226747 123.225352 123.223678 123.222004 123.219772 123.218377 123.216982 123.214750 123.213076 123.211402 123.210007 123.207958 123.206284 123.204331 123.202378 123.200983 123.199588 123.197356 123.195682 123.194008 123.192613 123.190102 123.188707 123.187033 123.185359 123.183127 123.181732 123.180337 123.178105 123.176431 123.174757 123.173363 123.171131 123.169457 123.168062 123.165733 123.164338 123.162943 123.160711 123.159037 123.157363 123.155968 123.153457 123.152062 123.150667 123.148715 123.146762 123.145088 123.143693
123.236233 123.234280 123.232606 123.230932 123.229258 123.227026 123.225352 123.223957 123.222004 123.220051 123.218656 123.216982 123.215029 123.213076 123.211681 123.210007 123.207958 123.206284 123.204610 123.202378 123.200704 123.199309 123.197356 123.195403 123.193729 123.192334 123.190381 123.188428 123.187033 123.185359 123.183127 123.181453 123.180058 123.178384 123.176152 123.174757 123.173084 123.171131 123.169178 123.167783 123.165733 123.164059 123.162664 123.160711 123.158758 123.157363 123.155689 123.153736 123.151783 123.150388 123.148715 123.146483 123.145088 123.143414 123.141740 123.139508 123.138113 123.136718 123.134486 123.132812
123.224794 123.223399 123.221725 123.219772 123.217819 123.216424 123.215029 123.212797 123.211123 123.209449 123.207400 123.206005 123.204610 123.202378 123.200704 123.199030 123.197635 123.195124 123.193729 123.192055 123.190381 123.188149 123.186754 123.185359 123.183127 123.181453 123.179779 123.178384 123.176152 123.174479 123.173084 123.171131 123.169178 123.167504 123.165733 123.164059 123.162385 123.160990 123.158479 123.157084 123.155689 123.153736 123.151783 123.150109 123.148715 123.146483 123.144809 123.143414 123.141740 123.139508 123.137834 123.136439 123.134486 123.132533 123.130859 123.129464 123.127511 123.125558 123.124345 123.122114
123.216424 123.214471 123.212797 123.210844 123.208612 123.206842 123.205168 123.203773 123.201541 123.199867 123.198472 123.196519 123.194566 123.192892 123.190939 123.189544 123.187312 123.185638 123.184243 123.182290 123.180337 123.178663 123.176710 123.175315 123.173084 123.171410 123.169736 123.168062 123.166291 123.164059 123.162664 123.160153 123.158758 123.157084 123.155410 123.153178 123.151783 123.150388 123.148157 123.146483 123.144809 123.143414 123.141182 123.139508 123.138113 123.136439 123.134207 123.132533 123.131138 123.129185 123.127232 123.125558 123.124066 123.122114 123.120161 123.118766 123.117092 123.114860 123.113465 123.112907
123.204331 123.202657 123.200425 123.198751 123.197356 123.195403 123.193450 123.192055 123.190381 123.188149 123.186475 123.185080 123.183406 123.181174 123.179779 123.178105 123.176431 123.174200 123.172805 123.171410 123.169178 123.167504 123.166012 123.163780 123.162385 123.160711 123.158758 123.156805 123.155410 123.154015 123.151783 123.149830 123.148157 123.146762 123.144530 123.142856 123.141461 123.139787 123.137555 123.135881 123.134486 123.132533 123.130580 123.129185 123.127511 123.125279 123.124066 123.122114 123.120161 123.118487 123.117929 123.117371 123.116813 123.116255 123.115697 123.115139 123.114581 123.114023 123.113744 123.114023
123.193450 123.192055 123.190102 123.188428 123.186196 123.184801 123.183127 123.181174 123.179221 123.177826 123.176152 123.174200 123.172247 123.170852 123.169178 123.166946 123.165733 123.163780 123.161827 123.160432 123.158758 123.156526 123.154852 123.153457 123.151783 123.149551 123.148157 123.146483 123.144530 123.142856 123.141461 123.139787 123.137555 123.135881 123.134486 123.132533 123.130580 123.129185 123.127511 123.125279 123.123787 123.123230 123.122672 123.122114 123.121556 123.120998 123.120440 123.119882 123.119045 123.118766 123.119045 123.119882 123.120440 123.121277 123.121835 123.122393 123.122951 123.123787 123.124624 123.124903
123.183685 123.182011 123.180337 123.178105 123.176710 123.175315 123.173084 123.171410 123.169736 123.168341 123.166012 123.164338 123.162943 123.161269 123.159037 123.157363 123.155968 123.154015 123.152062 123.150667 123.148436 123.147041 123.144809 123.143135 123.141461 123.139787 123.137555 123.136160 123.134207 123.132533 123.130301 123.128627 123.128069 123.127511 123.126953 123.126395 123.125837 123.125279 123.124903 123.124345 123.123787 123.124345 123.124903 123.125558 123.126116 123.126953 123.127790 123.128069 123.128906 123.129185 123.130022 123.130859 123.131138 123.132254 123.132533 123.133370 123.134207 123.135323 123.135602 123.135881
123.172247 123.170573 123.169178 123.166946 123.165454 123.163780 123.161548 123.159874 123.158479 123.156805 123.154573 123.153178 123.151504 123.149551 123.147599 123.146204 123.144809 123.142577 123.140903 123.139229 123.137555 123.135323 123.133928 123.133370 123.132812 123.132254 123.131696 123.131138 123.130301 123.129743 123.129185 123.128906 123.129185 123.129743 123.130301 123.131138 123.131975 123.132533 123.132812 123.133649 123.134765 123.135044 123.135602 123.136439 123.136997 123.137834 123.138392 123.139229 123.139787 123.140345 123.140903 123.141740 123.142298 123.143972 123.144809 123.145088 123.145646 123.146483 123.147878 123.148436
123.161827 123.160432 123.158758 123.156805 123.154852 123.153457 123.152062 123.149830 123.148157 123.146483 123.144809 123.142577 123.141182 123.139229 123.138392 123.137834 123.137276 123.136718 123.136160 123.135602 123.135044 123.134486 123.133928 123.134207 123.134765 123.135602 123.135881 123.136997 123.137834 123.138392 123.138671 123.139508 123.140345 123.140624 123.141461 123.142298 123.142577 123.143414 123.143972 123.145088 123.145367 123.145925 123.146483 123.147320 123.148157 123.149830 123.150388 123.150946 123.151504 123.152341 123.153457 123.154294 123.154573 123.155410 123.157363 123.158479 123.161269 123.162664 123.164059 123.165733
123.151225 123.149830 123.147599 123.145925 123.144251 123.143414 123.142856 123.142298 123.141740 123.141182 123.140624 123.140066 123.139508 123.138950 123.138950 123.140066 123.140345 123.141182 123.141740 123.142577 123.143135 123.143972 123.144251 123.145367 123.145925 123.146483 123.147041 123.148157 123.148436 123.148994 123.149830 123.150109 123.150946 123.151504 123.152341 123.153178 123.153736 123.155410 123.155968 123.156526 123.157084 123.157921 123.158200 123.159595 123.160153 123.160990 123.162943 123.164338 123.166291 123.168341 123.170294 123.171410 123.171968 123.172526 123.173363 123.174200 123.176989 123.178942 123.180895 123.182011
123.146204 123.145646 123.145088 123.144530 123.143972 123.143972 123.144809 123.145646 123.146204 123.146762 123.147320 123.148436 123.148994 123.149551 123.150109 123.150946 123.151504 123.152062 123.152620 123.153736 123.154294 123.154573 123.155410 123.155968 123.156526 123.157363 123.157921 123.158758 123.159316 123.159874 123.161548 123.162385 123.162664 123.163501 123.164059 123.165175 123.166012 123.166570 123.168341 123.170015 123.170294 123.171689 123.174479 123.176710 123.177826 123.178105 123.178942 123.179779 123.182290 123.184243 123.185638 123.187870 123.188707 123.190102 123.192055 123.194566 123.198193 123.199588 123.201541 123.201820
123.151783 123.152341 123.153178 123.154015 123.154573 123.155131 123.155968 123.156526 123.156805 123.157642 123.158479 123.159316 123.159874 123.160432 123.160990 123.161548 123.162385 123.162943 123.163501 123.164617 123.165175 123.165454 123.167783 123.167783 123.168620 123.169178 123.169736 123.170573 123.171689 123.172526 123.174479 123.174200 123.175873 123.177547 123.179221 123.181453 123.183406 123.183685 123.184243 123.185638 123.187870 123.189544 123.191497 123.193729 123.195124 123.196240 123.197914 123.199867 123.201262 123.203773 123.206563 123.208612 123.209170 123.212518 123.215029 123.215308 123.217540 123.220330 123.221446 123.222283
123.162664 123.163222 123.164059 123.164617 123.165454 123.166012 123.166570 123.167225 123.168341 123.168899 123.169178 123.170573 123.170573 123.172805 123.173084 123.173642 123.174200 123.174479 123.175873 123.176431 123.177826 123.178105 123.179500 123.180058 123.181732 123.183406 123.184801 123.186475 123.189265 123.189544 123.190102 123.191776 123.193450 123.195403 123.197077 123.199030 123.199867 123.202099 123.204610 123.205447 123.207121 123.209449 123.211960 123.212518 123.215308 123.216703 123.219214 123.220609 123.224515 123.226189 123.227305 123.227863 123.229816 123.232327 123.234001 123.235954 123.237628 123.239023 123.240976 123.245440
123.173642 123.174200 123.175036 123.175594 123.176989 123.178105 123.178384 123.179221 123.179500 123.180337 123.180895 123.182011 123.182848 123.183685 123.185080 123.186196 123.186754 123.189265 123.190660 123.192613 123.194008 123.195403 123.195682 123.196519 123.197914 123.201541 123.202936 123.203215 123.205447 123.206005 123.206842 123.209728 123.212797 123.214750 123.216424 123.217819 123.220609 123.222004 123.223678 123.225073 123.228142 123.228700 123.232048 123.233722 123.235396 123.235954 123.239023 123.241813 123.242092 123.244882 123.247393 123.247951 123.250558 123.255022 123.256975 123.259486 123.261997 123.262834 123.265624 123.267856
123.185359 123.186196 123.186475 123.187870 123.188707 123.189544 123.190939 123.192055 123.192613 123.193729 123.196519 123.198193 123.199309 123.200983 123.201541 123.202099 123.203773 123.205447 123.207958 123.210007 123.211123 123.211681 123.212239 123.214750 123.218098 123.219493 123.222004 123.223957 123.225631 123.227584 123.228979 123.230932 123.232048 123.234280 123.236512 123.237907 123.240418 123.241813 123.243766 123.245998 123.247951 123.249903 123.252232 123.254743 123.256138 123.258091 123.261160 123.261718 123.266461 123.268135 123.269809 123.272320 123.274830 123.276225 123.276783 123.279852 123.281805 123.285432 123.287106 123.289617
123.198193 123.199309 123.201262 123.202936 123.204889 123.206563 123.207121 123.207958 123.209449 123.211123 123.211960 123.215587 123.216982 123.217540 123.217819 123.220609 123.221167 123.226189 123.227584 123.229816 123.231769 123.232606 123.234838 123.236512 123.237070 123.238744 123.242371 123.243766 123.245998 123.248230 123.248787 123.250837 123.253348 123.255859 123.257533 123.258928 123.261439 123.263392 123.265903 123.267298 123.268414 123.271204 123.273157 123.277062 123.278736 123.280968 123.283200 123.285432 123.286548 123.288501 123.291012 123.295294 123.297805 123.299200 123.301152 123.302268 123.303384 123.305058 123.310638 123.314544
123.214192 123.216145 123.217540 123.220609 123.221167 123.223120 123.225352 123.225631 123.226747 123.228700 123.233443 123.235675 123.236791 123.238465 123.241255 123.242092 123.243766 123.244045 123.245440 123.248230 123.249624 123.253348 123.254464 123.255859 123.259486 123.261160 123.263113 123.265624 123.267577 123.268135 123.270088 123.271762 123.273436 123.275946 123.277899 123.281805 123.284316 123.285711 123.288501 123.291291 123.293062 123.296410 123.296968 123.298921 123.301710 123.302826 123.306174 123.308406 123.310080 123.310638 123.312591 123.316497 123.318729 123.320124 123.325704 123.327099 123.330447 123.332958 123.335844 123.337797
123.233164 123.234559 123.236233 123.238186 123.240139 123.244324 123.246277 123.247951 123.249345 123.249624 123.251116 123.253348 123.254743 123.256696 123.259765 123.260602 123.263671 123.267577 123.268972 123.270925 123.271483 123.274551 123.275667 123.277341 123.278178 123.280689 123.282921 123.285153 123.287664 123.289617 123.291667 123.295573 123.297247 123.299200 123.301710 123.304221 123.305895 123.308127 123.310638 123.312591 123.314265 123.316497 123.317892 123.318450 123.321240 123.323751 123.329052 123.330168 123.333237 123.335844 123.337518 123.343098 123.345051 123.346725 123.348399 123.354258 123.355374 123.355932 123.359001 123.362349
123.253627 123.255580 123.256975 123.257812 123.260602 123.262555 123.264787 123.267019 123.269530 123.271483 123.271762 123.274830 123.277062 123.278457 123.280689 123.282921 123.283479 123.285153 123.287943 123.289896 123.291946 123.294736 123.298921 123.300594 123.302826 123.304779 123.307290 123.309801 123.311754 123.312312 123.315381 123.317613 123.320682 123.321240 123.322635 123.324030 123.325704 123.328494 123.330726 123.333891 123.338076 123.340587 123.341982 123.343377 123.345888 123.349794 123.353421 123.355932 123.357048 123.361791 123.363465 123.366534 123.369324 123.371277 123.373230 123.374903 123.378069 123.380580 123.381138 123.386439
123.274272 123.277062 123.277899 123.279573 123.281526 123.284037 123.286827 123.287106 123.289059 123.291012 123.292783 123.295294 123.296689 123.298642 123.301431 123.303663 123.305337 123.310638 123.312591 123.314265 123.316218 123.317892 123.319845 123.321798 123.324588 123.327099 123.329052 123.329610 123.331563 123.333891 123.336681 123.338913 123.340029 123.341982 123.347004 123.350073 123.351189 123.353142 123.355374 123.356769 123.362349 123.366255 123.368766 123.371835 123.373787 123.376116 123.378069 123.380859 123.382254 123.383091 123.386718 123.388392 123.390903 123.392856 123.397599 123.404852 123.407642 123.412943 123.416570 0.000000
123.295294 123.295573 123.297526 123.299479 123.302547 123.303663 123.305616 123.308127 123.310080 123.312591 123.317055 123.320124 123.322356 123.323751 123.324309 123.327099 123.329331 123.331563 123.333333 123.336681 123.338076 123.339471 123.342819 123.344493 123.346446 123.348120 123.349515 123.350910 123.355653 123.358164 123.360396 123.362349 123.364860 123.369882 123.371835 123.374066 123.378069 123.380580 123.382812 123.385323 123.387555 123.389787 123.392298 123.393414 123.394809 123.399272 123.400109 123.402341 123.408479 123.410153 123.415733 0.000000 0.000000 0.000000 0.000000 0.000000 0.000000 0.000000 0.000000 0.000000
123.315102 123.317613 123.319287 123.321798 123.324588 123.328215 123.329889 123.331563 123.332958 123.337239 123.337797 123.340308 123.343377 123.345051 123.346167 123.348399 123.350352 123.352584 123.355374 123.357327 123.358164 123.360954 123.362907 123.368208 123.370161 123.371556 123.373787 123.376674 123.380301 123.383649 123.385044 123.386718 123.392298 123.394530 123.397041 123.398715 123.402062 123.402341 123.404294 123.408758 123.409595 123.411827 123.416291 0.000000 0.000000 0.000000 0.000000 0.000000 0.000000 0.000000 0.000000 0.000000 0.000000 0.000000 0.000000 0.000000 0.000000 0.000000 0.000000 0.000000
123.337797 123.339192 123.343377 123.344214 123.347562 123.350073 123.351468 123.352863 123.355095 123.357327 123.359559 123.361233 123.363465 123.366534 123.367929 123.369882 123.372114 123.374903 123.378906 123.380580 123.383091 123.385323 123.389229 123.392856 123.393693 123.396204 123.402341 123.403736 123.406247 123.408479 123.410990 123.411827 123.413780 123.416291 0.000000 0.000000 0.000000 0.000000 0.000000 0.000000 0.000000 0.000000 0.000000 0.000000 0.000000 0.000000 0.000000 0.000000 0.000000 0.000000 0.000000 0.000000 0.000000 0.000000 0.000000 0.000000 0.000000 0.000000 0.000000 0.000000
