FireSTARR/test/constant/O1a_S060_A000_WD045_WS020/arrival.asc
ncols         741
nrows         96
xllcorner     352603.990666
yllcorner     12740455.311160
cellsize      100.000000
NODATA_value  0.000000
[rows 27 to 53 of 96, columns 420 to 479 of 741]
123.393414 123.392019 123.390624 123.388671 123.386718 123.385044 123.383649 123.381417 123.379743 123.378348 123.376674 123.374624 123.373230 123.371556 123.370161 123.368487 123.367092 123.365139 123.363186 123.361791 123.360117 123.358164 123.356211 123.354816 123.353142 123.350910 123.349236 123.347562 123.346167 123.343935 123.342261 123.340866 123.338913 123.336960 123.335286 123.333333 123.331842 123.329610 123.327936 123.326541 123.324588 123.322635 123.321240 123.319287 123.317613 123.315381 123.313986 123.312591 123.310359 123.308685 123.307011 123.305616 123.303384 123.301710 123.300315 123.298363 123.296410 123.294736 123.292783 123.290733
123.385044 123.383649 123.381138 123.379743 123.378069 123.376395 123.374624 123.372951 123.370719 123.369045 123.367650 123.365976 123.363744 123.362349 123.360675 123.358722 123.356769 123.355374 123.353979 123.351747 123.350073 123.348399 123.347004 123.344493 123.343098 123.341703 123.339750 123.337797 123.336123 123.334170 123.332121 123.330447 123.329052 123.327099 123.325146 123.323472 123.322077 123.319845 123.318171 123.316776 123.315102 123.312870 123.311196 123.309801 123.307848 123.305895 123.304500 123.302547 123.300873 123.298642 123.296968 123.295573 123.293620 123.291667 123.290454 123.288222 123.286548 123.285153 123.283200 123.281247
123.372393 123.370440 123.369045 123.366813 123.365139 123.363465 123.361791 123.359559 123.358164 123.356490 123.354816 123.352584 123.351189 123.349794 123.347562 123.345888 123.344214 123.342819 123.340308 123.338913 123.337518 123.335565 123.333612 123.332400 123.330168 123.328494 123.326820 123.325146 123.322914 123.321519 123.320124 123.318171 123.316218 123.314544 123.313149 123.310917 123.309243 123.307848 123.306174 123.303942 123.302268 123.300873 123.298921 123.296968 123.295294 123.293899 123.291570 123.290175 123.288501 123.286269 123.284874 123.283200 123.281526 123.279294 123.277899 123.276225 123.274272 123.272320 123.270925 123.269530
123.362349 123.360954 123.358722 123.357048 123.355653 123.353700 123.351747 123.350073 123.348120 123.346725 123.344493 123.342819 123.341424 123.339471 123.337518 123.335844 123.333891 123.331842 123.330447 123.329052 123.326820 123.325146 123.323472 123.322077 123.319845 123.318171 123.316776 123.314823 123.312870 123.311196 123.309243 123.307569 123.305337 123.303663 123.302268 123.300594 123.298363 123.296968 123.295294 123.293620 123.291570 123.289896 123.288501 123.286269 123.284595 123.282921 123.281526 123.279294 123.277620 123.276225 123.274272 123.272320 123.270646 123.269251 123.267298 123.265903 123.265345 123.263671 123.261439 123.259765
123.351468 123.350073 123.347841 123.346167 123.344493 123.342819 123.340587 123.339192 123.337797 123.335844 123.333891 123.332400 123.330168 123.328773 123.327099 123.325425 123.323193 123.321798 123.320403 123.318171 123.316497 123.314823 123.313428 123.311196 123.309522 123.308127 123.306174 123.304221 123.302547 123.301152 123.299200 123.297247 123.295573 123.294178 123.291946 123.290733 123.288780 123.286827 123.285153 123.283758 123.281526 123.279852 123.278178 123.276783 123.274551 123.272878 123.271483 123.269530 123.267577 123.265903 123.264229 123.262555 123.260323 123.258649 123.257254 123.255301 123.253348 123.251953 123.250000 123.248230
123.341145 123.339750 123.338076 123.335844 123.334170 123.332679 123.330726 123.329331 123.327657 123.325425 123.323751 123.322077 123.320682 123.318450 123.316497 123.315102 123.313428 123.311196 123.309522 123.308127 123.306453 123.304221 123.302826 123.301152 123.299200 123.297247 123.295852 123.294457 123.291946 123.290454 123.288780 123.286548 123.285153 123.283758 123.281805 123.279852 123.278178 123.276783 123.274551 123.272878 123.271204 123.269809 123.267298 123.265903 123.264508 123.262555 123.260602 123.258928 123.257533 123.255580 123.253627 123.252232 123.250000 123.248230 123.246556 123.245161 123.243487 123.241255 123.239581 123.238186
123.329610 123.328215 123.326541 123.324309 123.322914 123.321240 123.319287 123.317334 123.315939 123.314544 123.312312 123.310638 123.308964 123.307290 123.305058 123.303663 123.302268 123.300315 123.298363 123.296689 123.295294 123.293062 123.291570 123.289896 123.287664 123.285990 123.284595 123.282642 123.280689 123.279015 123.277620 123.275667 123.273715 123.272320 123.270646 123.268414 123.266740 123.265345 123.263671 123.261439 123.260044 123.258370 123.256417 123.254464 123.253069 123.251674 123.249345 123.247951 123.245998 123.244045 123.242650 123.240976 123.239023 123.237070 123.235675 123.234001 123.231769 123.230374 123.228700 123.227026
123.319566 123.317334 123.315660 123.313986 123.312312 123.310080 123.308685 123.307011 123.305337 123.303105 123.301710 123.300315 123.298084 123.296410 123.294736 123.293341 123.291291 123.289617 123.287664 123.285711 123.284316 123.282921 123.280689 123.279015 123.277341 123.275667 123.273436 123.272041 123.270646 123.268693 123.266740 123.265066 123.263671 123.261439 123.259765 123.258370 123.256696 123.254464 123.252790 123.251395 123.249345 123.247672 123.246277 123.244045 123.242371 123.240976 123.239023 123.237070 123.235396 123.234001 123.232048 123.230095 123.228421 123.227026 123.224794 123.223120 123.222283 123.221167 123.219772 123.218377
123.308685 123.307011 123.305337 123.303105 123.301710 123.300315 123.298084 123.296410 123.294736 123.293341 123.291291 123.289617 123.287664 123.285711 123.284316 123.282921 123.280689 123.279015 123.277341 123.275946 123.273436 123.272041 123.270646 123.268693 123.266740 123.265066 123.263671 123.261439 123.259765 123.258370 123.256696 123.254464 123.252790 123.251395 123.249345 123.247672 123.246277 123.244045 123.242371 123.240976 123.239302 123.237070 123.235396 123.234001 123.232048 123.230095 123.228421 123.227026 123.224794 123.223120 123.221725 123.220051 123.217819 123.216145 123.214750 123.213076 123.210844 123.209449 123.207400 123.205726
123.298363 123.296689 123.295294 123.293341 123.291570 123.290175 123.287943 123.286269 123.284874 123.282921 123.280968 123.279294 123.277899 123.275946 123.273994 123.272320 123.270925 123.268693 123.267019 123.265624 123.263950 123.261718 123.260044 123.258649 123.256696 123.254743 123.253348 123.251674 123.249624 123.248230 123.246277 123.244324 123.242650 123.241255 123.239302 123.237349 123.235954 123.234280 123.232048 123.230374 123.228979 123.227305 123.225073 123.223678 123.222004 123.220051 123.218098 123.216703 123.214750 123.213076 123.210844 123.209449 123.207400 123.205726 123.204331 123.202657 123.200425 123.198751 123.197356 123.195403
123.289338 123.287943 123.286269 123.284316 123.282363 123.280968 123.278736 123.277341 123.275109 123.273436 123.272041 123.270088 123.268135 123.266461 123.264508 123.263113 123.260881 123.259207 123.257812 123.255859 123.253906 123.252232 123.250837 123.248787 123.247393 123.245440 123.243208 123.241813 123.240418 123.238465 123.236512 123.234838 123.233443 123.231211 123.229537 123.228142 123.226468 123.224236 123.222562 123.221167 123.219214 123.217261 123.215866 123.213634 123.212239 123.209728 123.208333 123.206563 123.204610 123.203215 123.201541 123.199588 123.197356 123.195961 123.194287 123.192334 123.190381 123.188986 123.187591 123.185080
123.277620 123.275946 123.274551 123.272878 123.270646 123.268972 123.267577 123.265624 123.263671 123.262276 123.260602 123.258649 123.256696 123.255301 123.253627 123.251395 123.250000 123.248230 123.246277 123.244882 123.243208 123.240976 123.239302 123.237907 123.236233 123.234001 123.232327 123.230932 123.228979 123.227026 123.225631 123.223399 123.222004 123.219772 123.218098 123.216703 123.214750 123.212797 123.211123 123.209170 123.207679 123.205447 123.203773 123.202099 123.200425 123.198193 123.196798 123.195403 123.193450 123.191497 123.189823 123.188428 123.186196 123.184522 123.182848 123.181453 123.179221 123.177547 123.176152 123.174200
123.267298 123.265624 123.264229 123.261997 123.260323 123.258928 123.256975 123.255022 123.253348 123.251395 123.249345 123.247672 123.246277 123.244324 123.242371 123.240976 123.239023 123.237349 123.235117 123.233443 123.232048 123.230095 123.228142 123.226747 123.225073 123.223120 123.221167 123.219772 123.218098 123.215866 123.214471 123.212797 123.211123 123.208891 123.207679 123.205447 123.203773 123.202378 123.200704 123.198472 123.197077 123.195403 123.193450 123.191497 123.190102 123.188707 123.186475 123.184801 123.183127 123.181453 123.179221 123.177826 123.176152 123.174479 123.172247 123.170852 123.169457 123.167225 123.165733 123.164059
123.256696 123.255301 123.253348 123.251674 123.249903 123.248230 123.245998 123.244324 123.242929 123.241255 123.239023 123.237349 123.235954 123.234001 123.232048 123.230653 123.228421 123.227026 123.224794 123.223120 123.221446 123.219772 123.217540 123.216145 123.214192 123.212518 123.210286 123.208612 123.207121 123.205168 123.203494 123.202099 123.200146 123.198193 123.196798 123.195124 123.192892 123.191218 123.189823 123.188149 123.185917 123.184522 123.182848 123.180895 123.178942 123.177547 123.175873 123.173921 123.171968 123.170294 123.168899 123.166570 123.164896 123.163501 123.161827 123.159595 123.158200 123.156526 123.154573 123.152620
123.246277 123.244603 123.242371 123.240976 123.239302 123.237349 123.235396 123.234001 123.232048 123.230374 123.228142 123.226747 123.225073 123.223120 123.221167 123.219772 123.218377 123.216145 123.214471 123.212797 123.211123 123.208891 123.207121 123.205726 123.203494 123.201820 123.200425 123.198472 123.196240 123.194845 123.193450 123.191497 123.189544 123.187870 123.186475 123.184243 123.182569 123.181174 123.179500 123.177268 123.175594 123.174200 123.172247 123.170294 123.168899 123.166667 123.164896 123.163222 123.161827 123.159595 123.157921 123.156526 123.154852 123.152620 123.150946 123.149551 123.148436 123.147878 123.147320 123.146762
123.234838 123.233164 123.231769 123.229816 123.227863 123.226468 123.224794 123.222562 123.220888 123.219493 123.217819 123.215587 123.214192 123.212518 123.210565 123.208612 123.207400 123.205168 123.203494 123.202099 123.200146 123.198193 123.196798 123.194566 123.193171 123.190939 123.189265 123.187591 123.185917 123.183685 123.182290 123.180895 123.178942 123.176989 123.175315 123.173921 123.171689 123.170015 123.168620 123.166667 123.164617 123.163222 123.161548 123.159595 123.157642 123.156247 123.154573 123.153457 123.152899 123.152341 123.151783 123.151225 123.150667 123.150109 123.149551 123.148994 123.148994 123.149830 123.150388 123.151225
123.225073 123.222841 123.221446 123.219772 123.217819 123.215866 123.214471 123.213076 123.210844 123.208891 123.207400 123.205726 123.203494 123.202099 123.200425 123.198751 123.196519 123.195124 123.193450 123.191497 123.189544 123.188149 123.186754 123.184522 123.182848 123.181174 123.179500 123.177268 123.175873 123.174479 123.172526 123.170573 123.168899 123.166946 123.164896 123.163222 123.161269 123.159874 123.158479 123.157921 123.157363 123.156805 123.156247 123.155689 123.155131 123.154573 123.154015 123.154294 123.154852 123.155410 123.156247 123.156805 123.157642 123.157921 123.158758 123.159595 123.160432 123.160711 123.161548 123.162106
123.213355 123.211960 123.210565 123.208333 123.206842 123.205168 123.202936 123.201541 123.199867 123.198193 123.195961 123.194566 123.193171 123.190939 123.189265 123.187591 123.186196 123.183964 123.182290 123.180895 123.178942 123.176989 123.175315 123.173921 123.171968 123.170015 123.168620 123.166570 123.164617 123.163501 123.162943 123.162385 123.161827 123.161269 123.160711 123.160153 123.159595 123.159037 123.159316 123.160153 123.160711 123.160990 123.161827 123.162664 123.163222 123.163501 123.164338 123.165454 123.166012 123.166291 123.167225 123.168062 123.168062 123.168899 123.169736 123.171131 123.170852 123.171410 123.172247 123.173084
123.202936 123.201541 123.199309 123.197635 123.196240 123.194287 123.192055 123.190660 123.189265 123.187312 123.185359 123.183685 123.182290 123.180058 123.178384 123.176989 123.175315 123.173084 123.171410 123.170015 123.168620 123.168062 123.167504 123.166946 123.166570 123.166012 123.165454 123.164896 123.164338 123.164059 123.164896 123.165733 123.166291 123.166570 123.167504 123.168062 123.168899 123.169457 123.170015 123.170852 123.171410 123.172247 123.173363 123.173084 123.174200 123.174757 123.175315 123.176152 123.176710 123.177268 123.178105 123.178663 123.179221 123.180058 123.180616 123.181453 123.182290 123.183127 123.184243 123.184801
123.192055 123.190381 123.188986 123.187312 123.185080 123.183685 123.182011 123.180058 123.178105 123.176710 123.175315 123.173642 123.173084 123.172526 123.171968 123.171410 123.170852 123.170294 123.169736 123.169178 123.169178 123.170015 123.170573 123.171131 123.171689 123.172526 123.173363 123.173642 123.174479 123.175315 123.176152 123.176710 123.177268 123.178663 123.178384 123.178942 123.179500 123.180337 123.180895 123.181732 123.182290 123.182848 123.183964 123.184522 123.184801 123.185917 123.186475 123.187033 123.187870 123.189544 123.189823 123.190381 123.190939 123.191497 123.192334 123.193450 123.194287 123.195124 123.196519 123.197635
123.182011 123.180337 123.178942 123.178384 123.177826 123.177268 123.176710 123.176152 123.175315 123.174757 123.174200 123.174200 123.174757 123.175594 123.176152 123.176710 123.177547 123.178105 123.178942 123.179221 123.180337 123.181174 123.181732 123.182290 123.182848 123.183406 123.183964 123.184801 123.185359 123.186196 123.186754 123.187033 123.188149 123.188707 123.189544 123.190102 123.190381 123.191497 123.192055 123.192334 123.193729 123.195124 123.195682 123.195961 123.196798 123.197077 123.198193 123.199030 123.199867 123.200704 123.201262 123.203215 123.204052 123.204889 123.206842 123.208891 123.209728 123.212239 123.212797 123.213913
123.180058 123.179500 123.179221 123.180058 123.180616 123.181174 123.181732 123.182569 123.183127 123.183964 123.184522 123.185080 123.185638 123.186754 123.187312 123.187870 123.188707 123.188986 123.189544 123.190102 123.190939 123.191497 123.192334 123.192892 123.193729 123.194287 123.195124 123.195403 123.196240 123.197077 123.197635 123.198193 123.199309 123.200704 123.201262 123.201541 123.202378 123.202936 123.203494 123.204889 123.205726 123.206284 123.206842 123.208612 123.209728 123.210844 123.213913 123.214192 123.216145 123.217261 123.218377 123.218935 123.219772 123.221725 123.223120 123.225073 123.227584 123.229816 123.230932 123.231211
123.188986 123.189544 123.190102 123.190660 123.191497 123.192613 123.193171 123.193450 123.194287 123.194566 123.195403 123.195682 123.196798 123.197356 123.197914 123.198472 123.199309 123.199867 123.200704 123.201262 123.201820 123.202657 123.203215 123.204331 123.205168 123.205447 123.206842 123.207400 123.207958 123.208333 123.209449 123.210844 123.211402 123.211681 123.212518 123.214471 123.215866 123.216424 123.217819 123.220609 123.220609 123.223678 123.224236 123.224515 123.225352 123.227584 123.228979 123.231490 123.232606 123.234559 123.236512 123.237070 123.239023 123.239302 123.242092 123.244045 123.245161 123.247393 123.249624 123.251953
123.199867 123.200146 123.200983 123.201541 123.202378 123.202936 123.203494 123.204331 123.204889 123.205726 123.206284 123.206842 123.207679 123.208237 123.209170 123.210007 123.210286 123.211123 123.212239 123.212797 123.213634 123.214471 123.215308 123.216424 123.216703 123.217540 123.218377 123.219214 123.220609 123.222004 123.223957 123.225352 123.226468 123.229258 123.229816 123.230374 123.231211 123.233164 123.234838 123.236791 123.238465 123.239860 123.241534 123.242650 123.244324 123.245719 123.247114 123.248787 123.249624 123.253069 123.254743 123.256138 123.259765 123.261160 123.262555 123.263392 123.265903 123.267577 123.269530 123.271762
123.210565 123.211402 123.212239 123.212797 123.213355 123.213634 123.214750 123.215587 123.216145 123.216982 123.217540 123.218656 123.219493 123.220051 123.220888 123.222004 123.222841 123.223120 123.224236 123.225073 123.226468 123.227863 123.228142 123.231769 123.232327 123.234001 123.235396 123.235954 123.236791 123.238465 123.240697 123.241534 123.243766 123.245440 123.247672 123.247951 123.248787 123.251395 123.253348 123.254743 123.254743 123.257812 123.259486 123.261160 123.264787 123.267019 123.268693 123.269251 123.271762 123.273157 123.273715 123.276225 123.279015 123.280689 123.283200 123.284595 123.286827 123.289617 123.291012 123.293062
123.221725 123.222283 123.223399 123.224236 123.225073 123.225631 123.226468 123.227026 123.228142 123.228979 123.229816 123.230932 123.232048 123.232606 123.233164 123.237070 123.237907 123.239302 123.241255 123.241813 123.242650 123.244045 123.245998 123.246556 123.247672 123.251674 123.251953 123.253627 123.256138 123.256417 123.257812 123.259486 123.260881 123.261997 123.262555 123.265624 123.267856 123.271204 123.273715 123.276225 123.276783 123.279294 123.280689 123.282084 123.282642 123.286827 123.288222 123.290175 123.292225 123.293341 123.296131 123.298084 123.299757 123.302826 123.303105 123.303663 123.307011 123.309243 123.311475 123.312312
123.233722 123.234838 123.235675 123.236512 123.237628 123.238186 123.238744 123.241813 123.243208 123.245161 123.246556 123.247393 123.248230 123.248509 123.250558 123.252232 123.254185 123.255859 123.258370 123.259207 123.261160 123.263113 123.263113 123.264787 123.266182 123.267298 123.268135 123.270088 123.271762 123.275109 123.276504 123.279573 123.282642 123.284316 123.285990 123.287385 123.288501 123.290454 123.293341 123.295015 123.295573 123.298363 123.300873 123.303105 123.305337 123.306174 123.306732 123.309522 123.311196 123.313428 123.316218 123.318729 123.320124 123.321798 123.325146 123.326820 123.329610 123.331842 123.333612 123.335844
