FireSTARR/test/constant/M1M225PC_S060_A270_WD180_WS020/arrival.asc
ncols         19
nrows         107
xllcorner     425703.990666
yllcorner     12748755.311160
cellsize      100.000000
NODATA_value  0.000000
0.000000 0.000000 0.000000 0.000000 0.000000 0.000000 0.000000 0.000000 0.000000 123.416363 0.000000 0.000000 0.000000 0.000000 0.000000 0.000000 0.000000 0.000000 0.000000 
0.000000 0.000000 0.000000 0.000000 0.000000 0.000000 0.000000 0.000000 0.000000 123.412424 0.000000 0.000000 0.000000 0.000000 0.000000 0.000000 0.000000 0.000000 0.000000 
0.000000 0.000000 0.000000 0.000000 0.000000 0.000000 0.000000 0.000000 0.000000 123.408485 0.000000 0.000000 0.000000 0.000000 0.000000 0.000000 0.000000 0.000000 0.000000 
0.000000 0.000000 0.000000 0.000000 0.000000 0.000000 0.000000 0.000000 123.416667 123.404545 123.414394 0.000000 0.000000 0.000000 0.000000 0.000000 0.000000 0.000000 0.000000 
0.000000 0.000000 0.000000 0.000000 0.000000 0.000000 0.000000 0.000000 123.414394 123.400606 123.410454 0.000000 0.000000 0.000000 0.000000 0.000000 0.000000 0.000000 0.000000 
0.000000 0.000000 0.000000 0.000000 0.000000 0.000000 0.000000 0.000000 123.410454 123.396666 123.406515 0.000000 0.000000 0.000000 0.000000 0.000000 0.000000 0.000000 0.000000 
0.000000 0.000000 0.000000 0.000000 0.000000 0.000000 0.000000 0.000000 123.406515 123.392727 123.402576 0.000000 0.000000 0.000000 0.000000 0.000000 0.000000 0.000000 0.000000 
0.000000 0.000000 0.000000 0.000000 0.000000 0.000000 0.000000 0.000000 123.402576 123.388788 123.398636 0.000000 0.000000 0.000000 0.000000 0.000000 0.000000 0.000000 0.000000 
0.000000 0.000000 0.000000 0.000000 0.000000 0.000000 0.000000 0.000000 123.398636 123.384848 123.394697 0.000000 0.000000 0.000000 0.000000 0.000000 0.000000 0.000000 0.000000 
0.000000 0.000000 0.000000 0.000000 0.000000 0.000000 0.000000 123.416363 123.394697 123.380909 123.390757 123.414394 0.000000 0.000000 0.000000 0.000000 0.000000 0.000000 0.000000 
0.000000 0.000000 0.000000 0.000000 0.000000 0.000000 0.000000 123.412424 123.390757 123.376970 123.386818 123.410454 0.000000 0.000000 0.000000 0.000000 0.000000 0.000000 0.000000 
0.000000 0.000000 0.000000 0.000000 0.000000 0.000000 0.000000 123.408485 123.386818 123.372727 123.382879 123.406515 0.000000 0.000000 0.000000 0.000000 0.000000 0.000000 0.000000 
0.000000 0.000000 0.000000 0.000000 0.000000 0.000000 0.000000 123.404545 123.382879 123.368788 123.378939 123.402576 0.000000 0.000000 0.000000 0.000000 0.000000 0.000000 0.000000 
0.000000 0.000000 0.000000 0.000000 0.000000 0.000000 0.000000 123.400606 123.378939 123.364848 123.374697 123.398636 0.000000 0.000000 0.000000 0.000000 0.000000 0.000000 0.000000 
0.000000 0.000000 0.000000 0.000000 0.000000 0.000000 0.000000 123.396666 123.374697 123.360909 123.370757 123.394697 0.000000 0.000000 0.000000 0.000000 0.000000 0.000000 0.000000 
0.000000 0.000000 0.000000 0.000000 0.000000 0.000000 123.416363 123.392727 123.370757 123.356970 123.366818 123.390757 123.414394 0.000000 0.000000 0.000000 0.000000 0.000000 0.000000 
0.000000 0.000000 0.000000 0.000000 0.000000 0.000000 123.412424 123.388788 123.366818 123.353030 123.362879 123.386818 123.410454 0.000000 0.000000 0.000000 0.000000 0.000000 0.000000 
0.000000 0.000000 0.000000 0.000000 0.000000 0.000000 123.408485 123.384848 123.362879 123.349091 123.358939 123.382879 123.406515 0.000000 0.000000 0.000000 0.000000 0.000000 0.000000 
0.000000 0.000000 0.000000 0.000000 0.000000 0.000000 123.404545 123.380909 123.358939 123.345151 123.355000 123.378939 123.402576 0.000000 0.000000 0.000000 0.000000 0.000000 0.000000 
0.000000 0.000000 0.000000 0.000000 0.000000 0.000000 123.400606 123.376970 123.355000 123.341212 123.351060 123.374697 123.398636 0.000000 0.000000 0.000000 0.000000 0.000000 0.000000 
0.000000 0.000000 0.000000 0.000000 0.000000 0.000000 123.396666 123.374697 123.351060 123.337273 123.347121 123.370757 123.394697 0.000000 0.000000 0.000000 0.000000 0.000000 0.000000 
0.000000 0.000000 0.000000 0.000000 0.000000 123.416363 123.392727 123.370757 123.347121 123.333030 123.343182 123.366818 123.390757 123.414394 0.000000 0.000000 0.000000 0.000000 0.000000 
0.000000 0.000000 0.000000 0.000000 0.000000 123.412424 123.388788 123.366818 123.343182 123.329091 123.339242 123.362879 123.386818 123.410454 0.000000 0.000000 0.000000 0.000000 0.000000 
0.000000 0.000000 0.000000 0.000000 0.000000 123.408485 123.384848 123.362879 123.339242 123.325151 123.335303 123.358939 123.382879 123.406515 0.000000 0.000000 0.000000 0.000000 0.000000 
0.000000 0.000000 0.000000 0.000000 0.000000 123.404545 123.380909 123.358939 123.335303 123.321212 123.333030 123.355000 123.378939 123.402576 0.000000 0.000000 0.000000 0.000000 0.000000 
0.000000 0.000000 0.000000 0.000000 0.000000 123.400606 123.376970 123.355000 123.331060 123.317273 123.329091 123.351060 123.374697 123.398636 0.000000 0.000000 0.000000 0.000000 0.000000 
0.000000 0.000000 0.000000 0.000000 0.000000 123.396666 123.372727 123.351060 123.327121 123.313333 123.325151 123.347121 123.370757 123.394697 0.000000 0.000000 0.000000 0.000000 0.000000 
0.000000 0.000000 0.000000 0.000000 123.416363 123.392727 123.368788 123.347121 123.323182 123.309394 123.321212 123.343182 123.366818 123.390757 123.414394 0.000000 0.000000 0.000000 0.000000 
0.000000 0.000000 0.000000 0.000000 123.412424 123.388788 123.364848 123.343182 123.319242 123.305454 123.317273 123.339242 123.362879 123.386818 123.410454 0.000000 0.000000 0.000000 0.000000 
0.000000 0.000000 0.000000 0.000000 123.408485 123.384848 123.360909 123.339242 123.315303 123.301515 123.313333 123.335303 123.358939 123.382879 123.406515 0.000000 0.000000 0.000000 0.000000 
0.000000 0.000000 0.000000 0.000000 123.404545 123.380909 123.356970 123.335303 123.311363 123.297576 123.309394 123.331060 123.355000 123.378939 123.402576 0.000000 0.000000 0.000000 0.000000 
0.000000 0.000000 0.000000 0.000000 123.400606 123.376970 123.353030 123.331060 123.307424 123.293636 123.305454 123.327121 123.351060 123.374697 123.398636 0.000000 0.000000 0.000000 0.000000 
0.000000 0.000000 0.000000 0.000000 123.396666 123.372727 123.349091 123.327121 123.303485 123.289394 123.301515 123.323182 123.347121 123.370757 123.394697 0.000000 0.000000 0.000000 0.000000 
0.000000 0.000000 0.000000 123.416363 123.392727 123.368788 123.345151 123.323182 123.299545 123.285454 123.297576 123.319242 123.343182 123.366818 123.390757 123.414394 0.000000 0.000000 0.000000 
0.000000 0.000000 0.000000 123.412424 123.388788 123.364848 123.341212 123.319242 123.295606 123.281515 123.293636 123.315303 123.339242 123.362879 123.386818 123.410454 0.000000 0.000000 0.000000 
0.000000 0.000000 0.000000 123.408485 123.384848 123.360909 123.337273 123.315303 123.291363 123.277576 123.289394 123.311363 123.335303 123.358939 123.382879 123.406515 0.000000 0.000000 0.000000 
0.000000 0.000000 0.000000 123.404545 123.380909 123.356970 123.333333 123.311363 123.287424 123.273636 123.285454 123.307424 123.331060 123.355000 123.378939 123.402576 0.000000 0.000000 0.000000 
0.000000 0.000000 0.000000 123.400606 123.376970 123.353030 123.331060 123.307424 123.283485 123.269697 123.281515 123.303485 123.327121 123.351060 123.374697 123.398636 0.000000 0.000000 0.000000 
0.000000 0.000000 0.000000 123.396666 123.372727 123.349091 123.327121 123.303485 123.279545 123.265757 123.277576 123.299545 123.323182 123.347121 123.370757 123.394697 123.416363 0.000000 0.000000 
0.000000 0.000000 123.416363 123.392727 123.368788 123.345151 123.323182 123.299545 123.275606 123.261818 123.273636 123.295606 123.319242 123.343182 123.366818 123.390757 123.412424 0.000000 0.000000 
0.000000 0.000000 123.412424 123.388788 123.364848 123.341212 123.319242 123.295606 123.271666 123.257879 123.269697 123.291667 123.315303 123.339242 123.362879 123.386818 123.408485 0.000000 0.000000 
0.000000 0.000000 123.408485 123.384848 123.360909 123.337273 123.315303 123.291363 123.267727 123.253939 123.265757 123.289394 123.311363 123.335303 123.358939 123.382879 123.404545 0.000000 0.000000 
0.000000 0.000000 123.404545 123.380909 123.356970 123.333030 123.311363 123.287424 123.263788 123.250000 123.261818 123.285454 123.307424 123.331060 123.355000 123.378939 123.400606 0.000000 0.000000 
0.000000 0.000000 123.400606 123.376970 123.353030 123.329091 123.307424 123.283485 123.259848 123.247727 123.257879 123.281515 123.303485 123.327121 123.351060 123.374697 123.396666 0.000000 0.000000 
0.000000 0.000000 123.396666 123.372727 123.349091 123.325151 123.303485 123.279545 123.255909 123.243788 123.253939 123.277576 123.299545 123.323182 123.347121 123.370757 123.392727 123.416363 0.000000 
0.000000 123.414394 123.392727 123.368788 123.345151 123.321212 123.299545 123.275606 123.251970 123.239848 123.249697 123.273636 123.295606 123.319242 123.343182 123.366818 123.388788 123.412424 0.000000 
0.000000 123.410454 123.388788 123.364848 123.341212 123.317273 123.295606 123.271666 123.247727 123.235909 123.245757 123.269697 123.291667 123.315303 123.339242 123.362879 123.384848 123.408485 0.000000 
0.000000 123.406515 123.384848 123.360909 123.337273 123.313333 123.291363 123.267727 123.243788 123.231970 123.241818 123.265757 123.289394 123.311363 123.335303 123.358939 123.380909 123.404545 0.000000 
0.000000 123.402576 123.380909 123.356970 123.333030 123.309394 123.287424 123.263788 123.239848 123.228030 123.237879 123.261818 123.285454 123.307424 123.331060 123.355000 123.376970 123.400606 0.000000 
0.000000 123.398636 123.376970 123.353030 123.329091 123.305454 123.283485 123.259848 123.235909 123.224091 123.233939 123.257879 123.281515 123.303485 123.327121 123.351060 123.374697 123.396666 0.000000 
0.000000 123.394697 123.372727 123.349091 123.325151 123.301515 123.279545 123.255909 123.231970 123.220151 123.230000 123.253939 123.277576 123.299545 123.323182 123.347121 123.370757 123.392727 123.416363 
123.414394 123.390757 123.368788 123.345151 123.321212 123.297576 123.275606 123.251970 123.228030 123.216212 123.226060 123.249697 123.273636 123.295606 123.319242 123.343182 123.366818 123.388788 123.412424 
123.410454 123.386818 123.364848 123.341212 123.317273 123.293636 123.271666 123.247727 123.224091 123.212273 123.222121 123.245757 123.269697 123.291363 123.315303 123.339242 123.362879 123.384848 123.408485 
123.406515 123.382879 123.360909 123.337273 123.313333 123.291363 123.267727 123.243788 123.220151 123.208030 123.218182 123.241818 123.265757 123.287424 123.311363 123.335303 123.358939 123.380909 123.404545 
123.402576 123.378939 123.356970 123.333030 123.309394 123.287424 123.263788 123.239848 123.216212 123.204091 123.214242 123.237879 123.261818 123.283485 123.307424 123.331060 123.355000 123.376970 123.400606 
123.398636 123.375000 123.353030 123.329091 123.305454 123.283485 123.259848 123.235909 123.212273 123.200151 123.210303 123.233939 123.257879 123.279545 123.303485 123.327121 123.351060 123.372727 123.396666 
123.394697 123.372727 123.349091 123.325151 123.301515 123.279545 123.255909 123.231970 123.208030 123.196212 123.206060 123.230000 123.253939 123.275606 123.299545 123.323182 123.347121 123.368788 123.392727 
123.390757 123.368788 123.345151 123.321212 123.297576 123.275606 123.251970 123.228030 123.204091 123.192273 123.202121 123.226060 123.249697 123.271666 123.295606 123.319242 123.343182 123.366818 123.388788 
123.392727 123.364848 123.341212 123.317273 123.293636 123.271666 123.247727 123.224091 123.200151 123.188333 123.198182 123.222121 123.245757 123.267727 123.291363 123.315303 123.339242 123.362879 123.386818 
0.000000 123.360909 123.337273 123.313333 123.289394 123.267727 123.243788 123.220151 123.196212 123.184394 123.194242 123.218182 123.241818 123.263788 123.287424 123.311363 123.335303 123.358939 123.410454 
0.000000 123.356970 123.333030 123.309394 123.285454 123.263788 123.239848 123.216212 123.192273 123.180454 123.190303 123.214242 123.237879 123.259848 123.283485 123.307424 123.331060 123.355000 123.410454 
0.000000 123.353030 123.329091 123.305454 123.281515 123.259848 123.235909 123.212273 123.188333 123.176515 123.186363 123.210303 123.233939 123.255909 123.279545 123.303485 123.327121 123.351060 0.000000 
0.000000 123.349091 123.325151 123.301515 123.277576 123.255909 123.231970 123.208030 123.184394 123.172576 123.182424 123.206060 123.230000 123.251970 123.275606 123.299545 123.323182 123.347121 0.000000 
0.000000 123.345151 123.321212 123.297576 123.273636 123.251970 123.228030 123.204091 123.180454 123.168636 123.178485 123.202121 123.226060 123.249697 123.271666 123.295606 123.319242 123.343182 0.000000 
0.000000 123.366818 123.317273 123.293636 123.269697 123.247727 123.224091 123.200151 123.176515 123.164394 123.174545 123.198182 123.222121 123.245757 123.267727 123.291363 123.315303 123.341212 0.000000 
0.000000 123.380909 123.313333 123.289394 123.265757 123.243788 123.220151 123.196212 123.172576 123.160454 123.170606 123.194242 123.218182 123.241818 123.263788 123.287424 123.311363 123.364848 0.000000 
0.000000 123.396666 123.309394 123.285454 123.261818 123.239848 123.216212 123.192273 123.168636 123.156515 123.166667 123.190303 123.214242 123.237879 123.259848 123.283485 123.307424 123.370757 0.000000 
0.000000 0.000000 123.305454 123.281515 123.257879 123.235909 123.212273 123.188333 123.166363 123.152576 123.164394 123.186363 123.210303 123.233939 123.255909 123.279545 123.303485 123.402576 0.000000 
0.000000 0.000000 123.301515 123.277576 123.253939 123.231970 123.208030 123.184394 123.162424 123.148636 123.160454 123.182424 123.206060 123.230000 123.251970 123.275606 123.299545 0.000000 0.000000 
0.000000 0.000000 123.299545 123.273636 123.250000 123.228030 123.204091 123.180454 123.158485 123.144697 123.156515 123.178485 123.202121 123.226060 123.249697 123.271666 123.295606 0.000000 0.000000 
0.000000 0.000000 123.331060 123.269697 123.247727 123.224091 123.200151 123.176515 123.154545 123.140757 123.152576 123.174545 123.198182 123.222121 123.245757 123.267727 123.295606 0.000000 0.000000 
0.000000 0.000000 123.333030 123.265757 123.243788 123.220151 123.196212 123.172576 123.150606 123.136818 123.148636 123.170606 123.194242 123.218182 123.241818 123.263788 123.319242 0.000000 0.000000 
0.000000 0.000000 123.370757 123.261818 123.239848 123.216212 123.192273 123.168636 123.146666 123.132879 123.144697 123.166363 123.190303 123.214242 123.237879 123.259848 123.351060 0.000000 0.000000 
0.000000 0.000000 123.390757 123.257879 123.235909 123.212273 123.188333 123.164394 123.142727 123.128939 123.140757 123.162424 123.186363 123.210303 123.233939 123.255909 123.368788 0.000000 0.000000 
0.000000 0.000000 0.000000 123.253939 123.231970 123.208030 123.184394 123.160454 123.138788 123.124697 123.136818 123.158485 123.182424 123.206060 123.230000 123.251970 123.384848 0.000000 0.000000 
0.000000 0.000000 0.000000 123.255909 123.228030 123.204091 123.180454 123.156515 123.134848 123.120757 123.132879 123.154545 123.178485 123.202121 123.226060 123.249697 0.000000 0.000000 0.000000 
0.000000 0.000000 0.000000 123.285454 123.224091 123.200151 123.176515 123.152576 123.130909 123.116818 123.128939 123.150606 123.174545 123.198182 123.222121 123.265757 0.000000 0.000000 0.000000 
0.000000 0.000000 0.000000 123.313333 123.220151 123.196212 123.172576 123.148636 123.126970 123.112879 123.124697 123.146666 123.170606 123.194242 123.218182 123.273636 0.000000 0.000000 0.000000 
0.000000 0.000000 0.000000 123.329091 123.216212 123.192273 123.168636 123.144697 123.122727 123.108939 123.120757 123.142727 123.166363 123.190303 123.214242 123.311363 0.000000 0.000000 0.000000 
0.000000 0.000000 0.000000 123.337273 123.212273 123.188333 123.164394 123.140757 123.118788 123.105000 123.116818 123.138788 123.162424 123.186363 123.210303 123.337273 0.000000 0.000000 0.000000 
0.000000 0.000000 0.000000 123.384848 123.208030 123.184394 123.160454 123.136818 123.114848 123.101060 123.112879 123.134848 123.158485 123.182424 123.206060 123.351060 0.000000 0.000000 0.000000 
0.000000 0.000000 0.000000 0.000000 123.237879 123.180454 123.156515 123.132879 123.110909 123.097121 123.108939 123.130909 123.154545 123.178485 123.204091 123.382879 0.000000 0.000000 0.000000 
0.000000 0.000000 0.000000 0.000000 123.239848 123.176515 123.152576 123.128939 123.106970 123.093182 123.105000 123.126970 123.150606 123.174545 123.226060 123.412424 0.000000 0.000000 0.000000 
0.000000 0.000000 0.000000 0.000000 123.271666 123.172576 123.148636 123.125000 123.103030 123.089242 123.101060 123.124697 123.146666 123.170606 123.249697 0.000000 0.000000 0.000000 0.000000 
0.000000 0.000000 0.000000 0.000000 123.305454 123.168636 123.144697 123.122727 123.099091 123.085303 123.097121 123.120757 123.142727 123.166363 123.273636 0.000000 0.000000 0.000000 0.000000 
0.000000 0.000000 0.000000 0.000000 123.327121 123.164394 123.140757 123.118788 123.095151 123.081060 123.093182 123.116818 123.138788 123.162424 123.301515 0.000000 0.000000 0.000000 0.000000 
0.000000 0.000000 0.000000 0.000000 123.355000 123.162424 123.136818 123.114848 123.091212 123.077121 123.089242 123.112879 123.134848 123.158485 123.335303 0.000000 0.000000 0.000000 0.000000 
0.000000 0.000000 0.000000 0.000000 123.378939 123.188333 123.132879 123.110909 123.087273 123.073182 123.085303 123.108939 123.130909 123.166363 123.347121 0.000000 0.000000 0.000000 0.000000 
0.000000 0.000000 0.000000 0.000000 123.412424 123.198182 123.128939 123.106970 123.083030 123.069242 123.081060 123.105000 123.126970 123.198182 123.364848 0.000000 0.000000 0.000000 0.000000 
0.000000 0.000000 0.000000 0.000000 0.000000 123.224091 123.124697 123.103030 123.079091 123.065303 123.077121 123.101060 123.122727 123.231970 123.390757 0.000000 0.000000 0.000000 0.000000 
0.000000 0.000000 0.000000 0.000000 0.000000 123.265757 123.120757 123.099091 123.075151 123.061363 123.073182 123.097121 123.118788 123.237879 0.000000 0.000000 0.000000 0.000000 0.000000 
0.000000 0.000000 0.000000 0.000000 0.000000 123.277576 123.116818 123.095151 123.071212 123.057424 123.069242 123.093182 123.114848 123.265757 0.000000 0.000000 0.000000 0.000000 0.000000 
0.000000 0.000000 0.000000 0.000000 0.000000 123.309394 123.118788 123.091212 123.067273 123.053485 123.065303 123.089242 123.112879 123.289394 0.000000 0.000000 0.000000 0.000000 0.000000 
0.000000 0.000000 0.000000 0.000000 0.000000 123.347121 123.150606 123.087273 123.063333 123.049545 123.061363 123.085303 123.122727 123.329091 0.000000 0.000000 0.000000 0.000000 0.000000 
0.000000 0.000000 0.000000 0.000000 0.000000 123.388788 123.190303 123.083030 123.059394 123.045606 123.057424 123.081060 123.148636 123.355000 0.000000 0.000000 0.000000 0.000000 0.000000 
0.000000 0.000000 0.000000 0.000000 0.000000 123.398636 123.212273 123.079091 123.055454 123.041363 123.053485 123.077121 123.190303 123.388788 0.000000 0.000000 0.000000 0.000000 0.000000 
0.000000 0.000000 0.000000 0.000000 0.000000 0.000000 123.224091 123.075151 123.051515 123.037424 123.049545 123.073182 123.222121 0.000000 0.000000 0.000000 0.000000 0.000000 0.000000 
0.000000 0.000000 0.000000 0.000000 0.000000 0.000000 123.255909 123.071212 123.047576 123.033485 123.045606 123.069242 123.228030 0.000000 0.000000 0.000000 0.000000 0.000000 0.000000 
0.000000 0.000000 0.000000 0.000000 0.000000 0.000000 123.277576 123.089242 123.043636 123.029545 123.041363 123.067273 123.275606 0.000000 0.000000 0.000000 0.000000 0.000000 0.000000 
0.000000 0.000000 0.000000 0.000000 0.000000 0.000000 123.327121 123.103030 123.039394 123.025606 123.037424 123.103030 123.309394 0.000000 0.000000 0.000000 0.000000 0.000000 0.000000 
0.000000 0.000000 0.000000 0.000000 0.000000 0.000000 123.386818 123.142727 123.035454 123.021666 123.033485 123.116818 123.333030 0.000000 0.000000 0.000000 0.000000 0.000000 0.000000 
0.000000 0.000000 0.000000 0.000000 0.000000 0.000000 123.416363 123.184394 123.031515 123.017727 123.029545 123.140757 123.400606 0.000000 0.000000 0.000000 0.000000 0.000000 0.000000 
0.000000 0.000000 0.000000 0.000000 0.000000 0.000000 0.000000 123.220151 123.027576 123.013788 123.025606 123.176515 0.000000 0.000000 0.000000 0.000000 0.000000 0.000000 0.000000 
0.000000 0.000000 0.000000 0.000000 0.000000 0.000000 0.000000 123.251970 123.025606 123.009848 123.021666 123.233939 0.000000 0.000000 0.000000 0.000000 0.000000 0.000000 0.000000 
0.000000 0.000000 0.000000 0.000000 0.000000 0.000000 0.000000 123.285454 123.059394 123.005909 123.021666 123.273636 0.000000 0.000000 0.000000 0.000000 0.000000 0.000000 0.000000 
0.000000 0.000000 0.000000 0.000000 0.000000 0.000000 0.000000 123.335303 123.083333 123.001970 123.079091 123.305454 0.000000 0.000000 0.000000 0.000000 0.000000 0.000000 0.000000 
0.000000 0.000000 0.000000 0.000000 0.000000 0.000000 0.000000 0.000000 123.114848 123.000000 123.087273 0.000000 0.000000 0.000000 0.000000 0.000000 0.000000 0.000000 0.000000 
