FireSTARR/test/constant/C2_S060_A180_WD000_WS020/arrival.asc
ncols         187
nrows         131
xllcorner     426403.990666
yllcorner     12736155.311160
cellsize      100.000000
NODATA_value  0.000000
[rows 27 to 53 of 131, columns 0 to 59 of 187]
0.000000 0.000000 0.000000 0.000000 0.000000 0.000000 0.000000 0.000000 0.000000 0.000000 0.000000 123.398859 123.339519 123.313758 123.296085 123.287114 123.272975 123.259720 123.244564 123.231309 123.218937 123.206432 123.192293 123.183456 123.173736 123.162114 123.150626 123.142673 123.132069 123.121331 123.107192 123.098356 123.093937 123.087752 123.078781 123.074362 123.076130 123.079664 123.085101 123.090403 123.095705 123.100123 123.104541 123.110727 123.115145 123.120447 123.124866 123.130302 123.135604 123.140022 123.145324 123.150626 123.155045 123.161230 123.163881 123.177271 123.193177 123.210101 123.226007 123.242796
0.000000 0.000000 0.000000 0.000000 0.000000 0.000000 0.000000 0.000000 0.000000 0.000000 0.000000 0.000000 123.382069 123.331432 123.314642 123.305805 123.289765 123.277394 123.262371 123.248098 123.240145 123.228658 123.216286 123.201130 123.186107 123.177271 123.169318 123.157696 123.150626 123.137371 123.130302 123.116913 123.105425 123.098356 123.091286 123.085101 123.077897 123.078781 123.080548 123.085984 123.091286 123.096588 123.101007 123.107192 123.110727 123.116029 123.121331 123.125884 123.131186 123.136488 123.141790 123.146208 123.151510 123.155928 123.161230 123.166532 123.170201 123.179922 123.196711 123.212752
0.000000 0.000000 0.000000 0.000000 0.000000 0.000000 0.000000 0.000000 0.000000 0.000000 0.000000 0.000000 0.000000 123.365145 123.344821 123.324362 123.309340 123.302271 123.285347 123.272975 123.256186 123.249866 123.237494 123.223356 123.210101 123.194944 123.185224 123.174620 123.166532 123.155045 123.145324 123.134720 123.125000 123.113378 123.105425 123.099239 123.093937 123.085101 123.081432 123.083199 123.087752 123.092170 123.097472 123.102774 123.107192 123.111611 123.116029 123.122215 123.127651 123.132069 123.137371 123.141790 123.147092 123.152394 123.157696 123.162114 123.167550 123.171969 123.176387 123.183456
0.000000 0.000000 0.000000 0.000000 0.000000 0.000000 0.000000 0.000000 0.000000 0.000000 0.000000 0.000000 0.000000 123.406812 123.358076 123.344821 123.333199 123.318177 123.306689 123.296085 123.279161 123.264139 123.255302 123.242796 123.226890 123.213635 123.206432 123.194944 123.181689 123.175503 123.163881 123.154161 123.140906 123.134720 123.121331 123.114262 123.106309 123.098356 123.092170 123.085101 123.085101 123.087752 123.093054 123.098356 123.103658 123.108076 123.113378 123.117796 123.123098 123.128535 123.132953 123.138255 123.143557 123.147975 123.153277 123.158579 123.162998 123.167550 123.172852 123.177271
0.000000 0.000000 0.000000 0.000000 0.000000 0.000000 0.000000 0.000000 0.000000 0.000000 0.000000 0.000000 0.000000 0.000000 123.390906 123.368680 123.354541 123.337752 123.327897 123.311991 123.296969 123.289765 123.272092 123.263255 123.251767 123.237494 123.227774 123.210101 123.202897 123.187875 123.182573 123.174620 123.166532 123.149743 123.143557 123.132069 123.123098 123.112494 123.102774 123.101007 123.092170 123.087752 123.089519 123.093937 123.099239 123.104541 123.109843 123.114262 123.119564 123.123982 123.129418 123.134720 123.139139 123.144441 123.148859 123.154161 123.159463 123.163881 123.168434 123.172852
0.000000 0.000000 0.000000 0.000000 0.000000 0.000000 0.000000 0.000000 0.000000 0.000000 0.000000 0.000000 0.000000 0.000000 0.000000 123.387371 123.377651 123.361611 123.345705 123.329664 123.325246 123.304922 123.290649 123.279161 123.272975 123.257953 123.242796 123.227774 123.218054 123.205548 123.197595 123.192293 123.183456 123.170201 123.159463 123.147975 123.140022 123.131186 123.121331 123.112494 123.105425 123.102774 123.091286 123.092170 123.093937 123.100123 123.105425 123.110727 123.115145 123.120447 123.125884 123.130302 123.134720 123.140022 123.145324 123.150626 123.155045 123.160347 123.165649 123.170201
0.000000 0.000000 0.000000 0.000000 0.000000 0.000000 0.000000 0.000000 0.000000 0.000000 0.000000 0.000000 0.000000 0.000000 0.000000 123.415649 123.397975 123.380302 123.370447 123.354541 123.338635 123.324362 123.314642 123.298736 123.287998 123.279161 123.263255 123.250884 123.237494 123.227774 123.216286 123.202013 123.195828 123.186991 123.176387 123.168434 123.159463 123.149743 123.140022 123.125000 123.122215 123.108960 123.106309 123.095705 123.094821 123.096588 123.101007 123.106309 123.111611 123.116913 123.121331 123.126767 123.131186 123.136488 123.140906 123.146208 123.151510 123.155928 123.161230 123.166532
0.000000 0.000000 0.000000 0.000000 0.000000 0.000000 0.000000 0.000000 0.000000 0.000000 0.000000 0.000000 0.000000 0.000000 0.000000 0.000000 123.416532 123.405928 123.389139 123.375884 123.362494 123.347472 123.335101 123.317293 123.309340 123.296085 123.287114 123.272092 123.258837 123.245447 123.232192 123.223356 123.208333 123.200246 123.195828 123.185224 123.173736 123.163881 123.153277 123.147975 123.132069 123.130302 123.120447 123.111611 123.106309 123.097472 123.099239 123.101007 123.107192 123.112494 123.117796 123.122215 123.127651 123.132953 123.137371 123.142673 123.147092 123.152394 123.157696 123.162114
0.000000 0.000000 0.000000 0.000000 0.000000 0.000000 0.000000 0.000000 0.000000 0.000000 0.000000 0.000000 0.000000 0.000000 0.000000 0.000000 0.000000 0.000000 123.407696 123.401510 123.379418 123.366029 123.352774 123.337752 123.327013 123.311991 123.304038 123.296969 123.278277 123.264139 123.257069 123.245447 123.232192 123.218937 123.209217 123.202897 123.196711 123.179038 123.169318 123.162114 123.154161 123.145324 123.135604 123.123982 123.115145 123.109843 123.101007 123.101007 123.103658 123.108076 123.113378 123.118680 123.123098 123.128535 123.133837 123.138255 123.143557 123.147975 123.153277 123.158579
0.000000 0.000000 0.000000 0.000000 0.000000 0.000000 0.000000 0.000000 0.000000 0.000000 0.000000 0.000000 0.000000 0.000000 0.000000 0.000000 0.000000 0.000000 0.000000 123.416667 123.406812 123.389139 123.373982 123.358960 123.346588 123.335101 123.320828 123.313758 123.296085 123.287998 123.272092 123.258837 123.247215 123.240145 123.222472 123.212752 123.206432 123.200246 123.187875 123.179038 123.169318 123.157696 123.147092 123.138255 123.132069 123.120447 123.116029 123.113378 123.104541 123.105425 123.108960 123.114262 123.119564 123.123982 123.129418 123.134720 123.140022 123.144441 123.149743 123.154161
0.000000 0.000000 0.000000 0.000000 0.000000 0.000000 0.000000 0.000000 0.000000 0.000000 0.000000 0.000000 0.000000 0.000000 0.000000 0.000000 0.000000 0.000000 0.000000 0.000000 0.000000 123.406812 123.396208 123.382953 123.372215 123.358960 123.339519 123.329664 123.324362 123.304038 123.291532 123.278277 123.268557 123.257953 123.243680 123.233076 123.217170 123.211868 123.210101 123.195828 123.182573 123.176387 123.165649 123.155928 123.144441 123.141790 123.132953 123.122215 123.116913 123.108076 123.108076 123.109843 123.115145 123.120447 123.125000 123.130302 123.135604 123.140906 123.144441 123.150626
0.000000 0.000000 0.000000 0.000000 0.000000 0.000000 0.000000 0.000000 0.000000 0.000000 0.000000 0.000000 0.000000 0.000000 0.000000 0.000000 0.000000 0.000000 0.000000 0.000000 0.000000 0.000000 0.000000 123.399743 123.385604 123.373098 123.360727 123.349239 123.334217 123.324362 123.312875 123.303154 123.285347 123.274743 123.265906 123.255302 123.236611 123.224239 123.219821 123.211868 123.204664 123.190526 123.180805 123.175503 123.167550 123.152394 123.146208 123.135604 123.125884 123.120447 123.116913 123.110727 123.112494 123.116029 123.121331 123.126767 123.131186 123.136488 123.141790 123.147092
0.000000 0.000000 0.000000 0.000000 0.000000 0.000000 0.000000 0.000000 0.000000 0.000000 0.000000 0.000000 0.000000 0.000000 0.000000 0.000000 0.000000 0.000000 0.000000 0.000000 0.000000 0.000000 0.000000 0.000000 123.413881 123.395324 123.380302 123.368680 123.351890 123.342170 123.334217 123.321711 123.304038 123.293434 123.287114 123.275626 123.257953 123.244564 123.233960 123.226007 123.218937 123.213635 123.199362 123.187875 123.179038 123.173736 123.162114 123.149743 123.144441 123.135604 123.125884 123.122215 123.114262 123.114262 123.116913 123.122215 123.127651 123.132069 123.137371 123.142673
0.000000 0.000000 0.000000 0.000000 0.000000 0.000000 0.000000 0.000000 0.000000 0.000000 0.000000 0.000000 0.000000 0.000000 0.000000 0.000000 0.000000 0.000000 0.000000 0.000000 0.000000 0.000000 0.000000 0.000000 0.000000 123.412998 123.403277 123.389139 123.373982 123.359843 123.346588 123.341286 123.329664 123.311991 123.301387 123.287998 123.277394 123.267673 123.254418 123.242796 123.231309 123.223356 123.220705 123.207315 123.196711 123.191409 123.180805 123.168434 123.160347 123.151510 123.145324 123.132953 123.127651 123.123982 123.117796 123.119564 123.123098 123.128535 123.133837 123.138255
0.000000 0.000000 0.000000 0.000000 0.000000 0.000000 0.000000 0.000000 0.000000 0.000000 0.000000 0.000000 0.000000 0.000000 0.000000 0.000000 0.000000 0.000000 0.000000 0.000000 0.000000 0.000000 0.000000 0.000000 0.000000 0.000000 0.000000 123.405928 123.400626 123.382069 123.372215 123.354541 123.344821 123.334217 123.319060 123.310224 123.296969 123.292550 123.272092 123.257069 123.244564 123.235727 123.231309 123.224239 123.216286 123.205548 123.193177 123.185224 123.174620 123.163881 123.155928 123.149743 123.137371 123.132069 123.128535 123.121331 123.121331 123.123982 123.129418 123.134720
0.000000 0.000000 0.000000 0.000000 0.000000 0.000000 0.000000 0.000000 0.000000 0.000000 0.000000 0.000000 0.000000 0.000000 0.000000 0.000000 0.000000 0.000000 0.000000 0.000000 0.000000 0.000000 0.000000 0.000000 0.000000 0.000000 0.000000 0.000000 0.000000 123.402394 123.390906 123.373098 123.362494 123.351890 123.339519 123.327897 123.323479 123.304922 123.294318 123.280045 123.265906 123.252651 123.243680 123.238378 123.230425 123.223356 123.212752 123.202897 123.189642 123.185224 123.168434 123.162998 123.157696 123.143557 123.140906 123.134720 123.128535 123.123982 123.125884 123.129418
0.000000 0.000000 0.000000 0.000000 0.000000 0.000000 0.000000 0.000000 0.000000 0.000000 0.000000 0.000000 0.000000 0.000000 0.000000 0.000000 0.000000 0.000000 0.000000 0.000000 0.000000 0.000000 0.000000 0.000000 0.000000 0.000000 0.000000 0.000000 0.000000 0.000000 123.410347 123.397975 123.383837 123.370447 123.360727 123.351007 123.336868 123.323479 123.313758 123.304922 123.282696 123.272975 123.260604 123.252651 123.241913 123.238378 123.232192 123.222472 123.213635 123.196711 123.188758 123.177271 123.173736 123.162998 123.151510 123.145324 123.138255 123.137371 123.127651 123.128535
0.000000 0.000000 0.000000 0.000000 0.000000 0.000000 0.000000 0.000000 0.000000 0.000000 0.000000 0.000000 0.000000 0.000000 0.000000 0.000000 0.000000 0.000000 0.000000 0.000000 0.000000 0.000000 0.000000 0.000000 0.000000 0.000000 0.000000 0.000000 0.000000 0.000000 0.000000 0.000000 123.402394 123.392673 123.379418 123.373982 123.353658 123.345705 123.335101 123.322595 123.304038 123.291667 123.283579 123.272975 123.260604 123.245447 123.243680 123.236611 123.229541 123.217170 123.205548 123.196711 123.188758 123.176387 123.166532 123.157696 123.148859 123.143557 123.141790 123.131186
0.000000 0.000000 0.000000 0.000000 0.000000 0.000000 0.000000 0.000000 0.000000 0.000000 0.000000 0.000000 0.000000 0.000000 0.000000 0.000000 0.000000 0.000000 0.000000 0.000000 0.000000 0.000000 0.000000 0.000000 0.000000 0.000000 0.000000 0.000000 0.000000 0.000000 0.000000 0.000000 0.000000 123.411230 123.396208 123.388255 123.374866 123.360727 123.354541 123.343054 123.330548 123.311991 123.300503 123.287114 123.275626 123.264139 123.258837 123.248982 123.241029 123.237494 123.224239 123.216286 123.203781 123.192293 123.185224 123.174620 123.165649 123.161230 123.152394 123.144441
0.000000 0.000000 0.000000 0.000000 0.000000 0.000000 0.000000 0.000000 0.000000 0.000000 0.000000 0.000000 0.000000 0.000000 0.000000 0.000000 0.000000 0.000000 0.000000 0.000000 0.000000 0.000000 0.000000 0.000000 0.000000 0.000000 0.000000 0.000000 0.000000 0.000000 0.000000 0.000000 0.000000 0.000000 123.414765 123.405045 123.394441 123.382069 123.369564 123.363378 123.346588 123.331432 123.323479 123.308456 123.294318 123.283579 123.272975 123.266790 123.254418 123.249866 123.244564 123.233076 123.226007 123.214519 123.199362 123.193177 123.181689 123.174620 123.164765 123.155928
0.000000 0.000000 0.000000 0.000000 0.000000 0.000000 0.000000 0.000000 0.000000 0.000000 0.000000 0.000000 0.000000 0.000000 0.000000 0.000000 0.000000 0.000000 0.000000 0.000000 0.000000 0.000000 0.000000 0.000000 0.000000 0.000000 0.000000 0.000000 0.000000 0.000000 0.000000 0.000000 0.000000 0.000000 0.000000 0.000000 123.413881 123.403277 123.393557 123.377651 123.366913 123.358960 123.340403 123.329664 123.310224 123.305805 123.291667 123.283579 123.267673 123.257953 123.256186 123.248098 123.244564 123.228658 123.223356 123.209217 123.196711 123.186107 123.183456 123.172852
0.000000 0.000000 0.000000 0.000000 0.000000 0.000000 0.000000 0.000000 0.000000 0.000000 0.000000 0.000000 0.000000 0.000000 0.000000 0.000000 0.000000 0.000000 0.000000 0.000000 0.000000 0.000000 0.000000 0.000000 0.000000 0.000000 0.000000 0.000000 0.000000 0.000000 0.000000 0.000000 0.000000 0.000000 0.000000 0.000000 0.000000 0.000000 123.412998 123.394441 123.387371 123.373098 123.359843 123.350123 123.335101 123.319944 123.310224 123.301387 123.288881 123.278277 123.263255 123.260604 123.253535 123.247215 123.237494 123.226007 123.218054 123.205548 123.192293 123.188758
0.000000 0.000000 0.000000 0.000000 0.000000 0.000000 0.000000 0.000000 0.000000 0.000000 0.000000 0.000000 0.000000 0.000000 0.000000 0.000000 0.000000 0.000000 0.000000 0.000000 0.000000 0.000000 0.000000 0.000000 0.000000 0.000000 0.000000 0.000000 0.000000 0.000000 0.000000 0.000000 0.000000 0.000000 0.000000 0.000000 0.000000 0.000000 0.000000 0.000000 123.405045 123.390906 123.385604 123.367796 123.351890 123.341286 123.327897 123.314642 123.306689 123.296969 123.284463 123.275626 123.265022 123.263255 123.255302 123.245447 123.237494 123.220705 123.215403 123.200246
0.000000 0.000000 0.000000 0.000000 0.000000 0.000000 0.000000 0.000000 0.000000 0.000000 0.000000 0.000000 0.000000 0.000000 0.000000 0.000000 0.000000 0.000000 0.000000 0.000000 0.000000 0.000000 0.000000 0.000000 0.000000 0.000000 0.000000 0.000000 0.000000 0.000000 0.000000 0.000000 0.000000 0.000000 0.000000 0.000000 0.000000 0.000000 0.000000 0.000000 0.000000 123.412998 123.397975 123.387371 123.374866 123.360727 123.352774 123.338635 123.321711 123.314642 123.305805 123.290649 123.280045 123.268557 123.267673 123.259720 123.252651 123.246331 123.227774 123.223356
0.000000 0.000000 0.000000 0.000000 0.000000 0.000000 0.000000 0.000000 0.000000 0.000000 0.000000 0.000000 0.000000 0.000000 0.000000 0.000000 0.000000 0.000000 0.000000 0.000000 0.000000 0.000000 0.000000 0.000000 0.000000 0.000000 0.000000 0.000000 0.000000 0.000000 0.000000 0.000000 0.000000 0.000000 0.000000 0.000000 0.000000 0.000000 0.000000 0.000000 0.000000 0.000000 123.414765 123.406812 123.394441 123.382953 123.367796 123.353658 123.340403 123.329664 123.319060 123.313758 123.298736 123.288881 123.279161 123.272092 123.265906 123.261488 123.248098 123.237494
0.000000 0.000000 0.000000 0.000000 0.000000 0.000000 0.000000 0.000000 0.000000 0.000000 0.000000 0.000000 0.000000 0.000000 0.000000 0.000000 0.000000 0.000000 0.000000 0.000000 0.000000 0.000000 0.000000 0.000000 0.000000 0.000000 0.000000 0.000000 0.000000 0.000000 0.000000 0.000000 0.000000 0.000000 0.000000 0.000000 0.000000 0.000000 0.000000 0.000000 0.000000 0.000000 0.000000 0.000000 0.000000 123.401510 123.391790 123.379418 123.362494 123.349239 123.337752 123.326130 123.320828 123.308456 123.297852 123.283579 123.274743 123.275626 123.267673 123.257069
0.000000 0.000000 0.000000 0.000000 0.000000 0.000000 0.000000 0.000000 0.000000 0.000000 0.000000 0.000000 0.000000 0.000000 0.000000 0.000000 0.000000 0.000000 0.000000 0.000000 0.000000 0.000000 0.000000 0.000000 0.000000 0.000000 0.000000 0.000000 0.000000 0.000000 0.000000 0.000000 0.000000 0.000000 0.000000 0.000000 0.000000 0.000000 0.000000 0.000000 0.000000 0.000000 0.000000 0.000000 0.000000 0.000000 123.408579 123.397975 123.382069 123.373982 123.361611 123.347472 123.331432 123.324362 123.317293 123.305805 123.291532 123.280928 123.278277 123.271208
