FireSTARR/test/constant/C2_S060_A180_WD000_WS020/arrival.asc
ncols         187
nrows         131
xllcorner     426403.990666
yllcorner     12736155.311160
cellsize      100.000000
NODATA_value  0.000000
[rows 0 to 26 of 131, columns 0 to 59 of 187]
0.000000 0.000000 0.000000 0.000000 0.000000 0.000000 0.000000 123.410347 123.366029 123.332315 123.336868 123.352774 123.368680 123.385604 123.401510 0.000000 0.000000 0.000000 0.000000 0.000000 0.000000 0.000000 0.000000 0.000000 0.000000 0.000000 0.000000 0.000000 0.000000 0.000000 0.000000 0.000000 0.000000 0.000000 0.000000 0.000000 0.000000 0.000000 0.000000 0.000000 0.000000 0.000000 0.000000 0.000000 0.000000 0.000000 0.000000 0.000000 0.000000 0.000000 0.000000 0.000000 0.000000 0.000000 0.000000 0.000000 0.000000 0.000000 0.000000 0.000000
0.000000 0.000000 0.000000 123.398859 123.353658 123.309340 123.265906 123.235727 123.241913 123.257953 123.273859 123.289765 123.306689 123.323479 123.339519 123.355425 123.372215 123.388255 123.404161 0.000000 0.000000 0.000000 0.000000 0.000000 0.000000 0.000000 0.000000 0.000000 0.000000 0.000000 0.000000 0.000000 0.000000 0.000000 0.000000 0.000000 0.000000 0.000000 0.000000 0.000000 0.000000 0.000000 0.000000 0.000000 0.000000 0.000000 0.000000 0.000000 0.000000 0.000000 0.000000 0.000000 0.000000 0.000000 0.000000 0.000000 0.000000 0.000000 0.000000 0.000000
0.000000 123.361611 123.253535 123.209217 123.164765 123.140022 123.147092 123.162998 123.179038 123.195828 123.211868 123.227774 123.243680 123.260604 123.276510 123.292550 123.309340 123.325246 123.341286 123.357192 123.373982 123.390022 123.405928 0.000000 0.000000 0.000000 0.000000 0.000000 0.000000 0.000000 0.000000 0.000000 0.000000 0.000000 0.000000 0.000000 0.000000 0.000000 0.000000 0.000000 0.000000 0.000000 0.000000 0.000000 0.000000 0.000000 0.000000 0.000000 0.000000 0.000000 0.000000 0.000000 0.000000 0.000000 0.000000 0.000000 0.000000 0.000000 0.000000 0.000000
123.369564 123.172852 123.064642 123.043434 123.052271 123.068177 123.084217 123.101007 123.116913 123.132953 123.148859 123.165649 123.181689 123.197595 123.214519 123.230425 123.247215 123.263255 123.279161 123.294318 123.311107 123.327013 123.343937 123.360727 123.375884 123.392673 123.408579 0.000000 0.000000 0.000000 0.000000 0.000000 0.000000 0.000000 0.000000 0.000000 0.000000 0.000000 0.000000 0.000000 0.000000 0.000000 0.000000 0.000000 0.000000 0.000000 0.000000 0.000000 0.000000 0.000000 0.000000 0.000000 0.000000 0.000000 0.000000 0.000000 0.000000 0.000000 0.000000 0.000000
123.280928 123.096588 123.000000 123.001767 123.007953 123.023859 123.040649 123.056689 123.072595 123.087752 123.104541 123.120447 123.137371 123.153277 123.170201 123.186107 123.202013 123.218054 123.234843 123.250000 123.265906 123.282696 123.299620 123.315526 123.332315 123.348356 123.364262 123.380302 123.396208 123.412114 0.000000 0.000000 0.000000 0.000000 0.000000 0.000000 0.000000 0.000000 0.000000 0.000000 0.000000 0.000000 0.000000 0.000000 0.000000 0.000000 0.000000 0.000000 0.000000 0.000000 0.000000 0.000000 0.000000 0.000000 0.000000 0.000000 0.000000 0.000000 0.000000 0.000000
123.270324 123.109843 123.005302 123.002651 123.003535 123.007069 123.011488 123.027394 123.043434 123.059340 123.076130 123.092170 123.108076 123.124866 123.140906 123.156812 123.172852 123.188758 123.205548 123.221588 123.238378 123.254418 123.270324 123.287114 123.302271 123.319060 123.335101 123.351007 123.367796 123.383837 123.400626 123.416532 0.000000 0.000000 0.000000 0.000000 0.000000 0.000000 0.000000 0.000000 0.000000 0.000000 0.000000 0.000000 0.000000 0.000000 0.000000 0.000000 0.000000 0.000000 0.000000 0.000000 0.000000 0.000000 0.000000 0.000000 0.000000 0.000000 0.000000 0.000000
123.305805 123.152394 123.041532 123.017673 123.005302 123.006186 123.007953 123.013255 123.017673 123.031812 123.047852 123.063758 123.080548 123.095705 123.112494 123.127651 123.144441 123.160347 123.177271 123.193177 123.210101 123.226007 123.241913 123.257953 123.273859 123.289765 123.306689 123.322595 123.339519 123.355425 123.372215 123.388255 123.404161 0.000000 0.000000 0.000000 0.000000 0.000000 0.000000 0.000000 0.000000 0.000000 0.000000 0.000000 0.000000 0.000000 0.000000 0.000000 0.000000 0.000000 0.000000 0.000000 0.000000 0.000000 0.000000 0.000000 0.000000 0.000000 0.000000 0.000000
123.348356 123.194060 123.083333 123.034463 123.025626 123.011488 123.008837 123.010604 123.015022 123.020324 123.023859 123.035347 123.052271 123.068177 123.084217 123.100123 123.116913 123.132953 123.148859 123.164765 123.181689 123.197595 123.214519 123.230425 123.246331 123.262371 123.278277 123.295201 123.311107 123.327013 123.343937 123.359843 123.375884 123.391790 123.407696 0.000000 0.000000 0.000000 0.000000 0.000000 0.000000 0.000000 0.000000 0.000000 0.000000 0.000000 0.000000 0.000000 0.000000 0.000000 0.000000 0.000000 0.000000 0.000000 0.000000 0.000000 0.000000 0.000000 0.000000 0.000000
123.390022 123.237494 123.125884 123.066409 123.042550 123.033579 123.021208 123.012371 123.012371 123.015022 123.021208 123.024743 123.030045 123.039765 123.055805 123.071711 123.087752 123.103658 123.120447 123.137371 123.153277 123.169318 123.186107 123.202013 123.217170 123.233960 123.249866 123.266790 123.282696 123.298736 123.315526 123.331432 123.347472 123.363378 123.379418 123.396208 123.412114 0.000000 0.000000 0.000000 0.000000 0.000000 0.000000 0.000000 0.000000 0.000000 0.000000 0.000000 0.000000 0.000000 0.000000 0.000000 0.000000 0.000000 0.000000 0.000000 0.000000 0.000000 0.000000 0.000000
0.000000 123.280045 123.168434 123.108960 123.062875 123.052271 123.037114 123.030045 123.016790 123.015022 123.017673 123.022092 123.027394 123.030928 123.036230 123.044318 123.060224 123.077013 123.092170 123.108960 123.124866 123.140906 123.157696 123.174620 123.190526 123.206432 123.222472 123.238378 123.254418 123.271208 123.287114 123.304038 123.319944 123.335984 123.351890 123.368680 123.383837 123.400626 123.416532 0.000000 0.000000 0.000000 0.000000 0.000000 0.000000 0.000000 0.000000 0.000000 0.000000 0.000000 0.000000 0.000000 0.000000 0.000000 0.000000 0.000000 0.000000 0.000000 0.000000 0.000000
0.000000 123.322595 123.210984 123.150626 123.092170 123.071711 123.055805 123.050503 123.037998 123.026510 123.018557 123.019441 123.022092 123.027394 123.033579 123.037114 123.041532 123.046969 123.062875 123.078781 123.094821 123.110727 123.126767 123.142673 123.159463 123.175503 123.192293 123.208199 123.224239 123.241029 123.256186 123.272975 123.288881 123.304922 123.321711 123.337752 123.354541 123.370447 123.386488 123.402394 0.000000 0.000000 0.000000 0.000000 0.000000 0.000000 0.000000 0.000000 0.000000 0.000000 0.000000 0.000000 0.000000 0.000000 0.000000 0.000000 0.000000 0.000000 0.000000 0.000000
0.000000 123.364262 123.253535 123.193177 123.134720 123.090403 123.080548 123.063758 123.052271 123.041532 123.036230 123.022975 123.022092 123.023859 123.029161 123.033579 123.038881 123.042550 123.047852 123.053154 123.066409 123.082315 123.099239 123.115145 123.131186 123.147092 123.163881 123.179922 123.196711 123.212752 123.229541 123.245447 123.261488 123.277394 123.293434 123.309340 123.326130 123.342170 123.358960 123.374866 123.390906 123.406812 0.000000 0.000000 0.000000 0.000000 0.000000 0.000000 0.000000 0.000000 0.000000 0.000000 0.000000 0.000000 0.000000 0.000000 0.000000 0.000000 0.000000 0.000000
0.000000 123.406812 123.296969 123.235727 123.177271 123.117796 123.098356 123.083199 123.072595 123.060224 123.046969 123.042550 123.035347 123.025626 123.026510 123.029161 123.034463 123.039765 123.046085 123.049620 123.054038 123.058456 123.070828 123.086868 123.102774 123.118680 123.135604 123.151510 123.168434 123.184340 123.200246 123.216286 123.232192 123.248098 123.265022 123.280928 123.297852 123.313758 123.330548 123.346588 123.362494 123.378535 123.394441 123.411230 0.000000 0.000000 0.000000 0.000000 0.000000 0.000000 0.000000 0.000000 0.000000 0.000000 0.000000 0.000000 0.000000 0.000000 0.000000 0.000000
0.000000 0.000000 123.338635 123.279161 123.219821 123.161230 123.118680 123.109843 123.092170 123.079664 123.072595 123.055805 123.046085 123.037998 123.029161 123.028277 123.030928 123.035347 123.040649 123.046085 123.051387 123.055805 123.060224 123.065526 123.073479 123.090403 123.107192 123.123098 123.139139 123.155045 123.171085 123.186991 123.203781 123.220705 123.236611 123.252651 123.268557 123.284463 123.300503 123.317293 123.333199 123.350123 123.366029 123.382953 123.398859 123.414765 0.000000 0.000000 0.000000 0.000000 0.000000 0.000000 0.000000 0.000000 0.000000 0.000000 0.000000 0.000000 0.000000 0.000000
0.000000 0.000000 123.381186 123.320828 123.262371 123.202897 123.143557 123.125884 123.110727 123.100123 123.088635 123.072595 123.062875 123.054038 123.046969 123.040649 123.031812 123.033579 123.036230 123.041532 123.046969 123.052271 123.057573 123.061991 123.066409 123.070828 123.078781 123.093937 123.110727 123.126767 123.142673 123.159463 123.175503 123.192293 123.208199 123.224239 123.240145 123.256186 123.272092 123.288881 123.305805 123.321711 123.337752 123.353658 123.370447 123.385604 123.401510 0.000000 0.000000 0.000000 0.000000 0.000000 0.000000 0.000000 0.000000 0.000000 0.000000 0.000000 0.000000 0.000000
0.000000 0.000000 0.000000 123.363378 123.304922 123.245447 123.186107 123.145324 123.131186 123.120447 123.108960 123.101890 123.082315 123.071711 123.061107 123.055805 123.049620 123.035347 123.035347 123.037998 123.041667 123.046969 123.053154 123.057573 123.061991 123.068177 123.072595 123.077013 123.082315 123.098356 123.115145 123.131186 123.147092 123.163881 123.179922 123.195828 123.211868 123.227774 123.243680 123.260604 123.276510 123.293434 123.309340 123.325246 123.341286 123.357192 123.373098 123.390022 123.405928 0.000000 0.000000 0.000000 0.000000 0.000000 0.000000 0.000000 0.000000 0.000000 0.000000 0.000000
0.000000 0.000000 0.000000 123.405928 123.346588 123.287998 123.228658 123.169318 123.154161 123.140022 123.129418 123.117796 123.101007 123.093054 123.078781 123.070828 123.063758 123.056689 123.046969 123.038881 123.039765 123.043434 123.048736 123.053154 123.058456 123.064642 123.069060 123.074362 123.079664 123.084217 123.087752 123.102774 123.118680 123.135604 123.151510 123.166667 123.183456 123.199362 123.216286 123.232192 123.248098 123.265022 123.280928 123.296969 123.312875 123.329664 123.345705 123.361611 123.378535 123.394441 123.411230 0.000000 0.000000 0.000000 0.000000 0.000000 0.000000 0.000000 0.000000 0.000000
0.000000 0.000000 0.000000 0.000000 123.389139 123.330548 123.271208 123.211868 123.172852 123.163881 123.147975 123.138255 123.127651 123.112494 123.101007 123.085984 123.082315 123.070828 123.060224 123.052271 123.041532 123.042550 123.044318 123.050503 123.054922 123.059340 123.064642 123.069944 123.075246 123.079664 123.084217 123.090403 123.093937 123.106309 123.122215 123.139139 123.155928 123.171969 123.187875 123.203781 123.220705 123.236611 123.253535 123.269441 123.285347 123.301387 123.317293 123.333199 123.350123 123.366029 123.382953 123.398859 123.414765 0.000000 0.000000 0.000000 0.000000 0.000000 0.000000 0.000000
0.000000 0.000000 0.000000 0.000000 0.000000 123.373098 123.313758 123.253535 123.194060 123.184340 123.166532 123.156812 123.147092 123.127651 123.116913 123.108960 123.098356 123.084217 123.074362 123.065526 123.056689 123.048736 123.045201 123.046969 123.051387 123.055805 123.060224 123.065526 123.070828 123.076130 123.081432 123.085101 123.091286 123.095705 123.100123 123.108960 123.124866 123.140906 123.157696 123.174620 123.190526 123.206432 123.223356 123.239262 123.254418 123.271208 123.287114 123.304038 123.319944 123.336868 123.352774 123.368680 123.384720 123.400626 123.416667 0.000000 0.000000 0.000000 0.000000 0.000000
0.000000 0.000000 0.000000 0.000000 0.000000 123.415649 123.356309 123.296085 123.236611 123.201130 123.185224 123.179922 123.165649 123.154161 123.136488 123.125884 123.112494 123.102774 123.093937 123.080548 123.073479 123.061107 123.055805 123.048736 123.048736 123.051387 123.057573 123.061107 123.066409 123.070828 123.077013 123.082315 123.087752 123.092170 123.097472 123.101890 123.106309 123.113378 123.129418 123.145324 123.162114 123.178154 123.194944 123.210984 123.226890 123.243680 123.258837 123.275626 123.291532 123.308456 123.324362 123.340403 123.357192 123.373098 123.389139 123.405045 0.000000 0.000000 0.000000 0.000000
0.000000 0.000000 0.000000 0.000000 0.000000 0.000000 123.398859 123.338635 123.279161 123.220705 123.213635 123.194944 123.181689 123.171085 123.155045 123.147092 123.132953 123.119564 123.107192 123.102774 123.088635 123.082315 123.073479 123.062875 123.054038 123.051387 123.053154 123.058456 123.062875 123.068177 123.072595 123.077897 123.083199 123.087752 123.093054 123.098356 123.102774 123.107192 123.112494 123.117796 123.132953 123.148859 123.164765 123.181689 123.197595 123.214519 123.230425 123.247215 123.262371 123.278277 123.295201 123.311107 123.327897 123.343937 123.359843 123.375884 123.391790 123.407696 0.000000 0.000000
0.000000 0.000000 0.000000 0.000000 0.000000 0.000000 0.000000 123.381186 123.322595 123.262371 123.230425 123.214519 123.205548 123.189642 123.181689 123.166532 123.148859 123.135604 123.128535 123.114262 123.110727 123.095705 123.090403 123.076130 123.068177 123.065526 123.054922 123.055805 123.058456 123.064642 123.069060 123.074362 123.079664 123.084217 123.089519 123.093937 123.099239 123.104541 123.108960 123.113378 123.119564 123.123098 123.137371 123.153277 123.169318 123.186107 123.202013 123.218937 123.234843 123.250884 123.266790 123.282696 123.299620 123.315526 123.332315 123.348356 123.364262 123.380302 123.397092 123.412998
0.000000 0.000000 0.000000 0.000000 0.000000 0.000000 0.000000 0.000000 123.364262 123.305805 123.248098 123.238378 123.223356 123.207315 123.196711 123.182573 123.168434 123.157696 123.144441 123.132069 123.121331 123.119564 123.104541 123.095705 123.085101 123.074362 123.068177 123.061107 123.058456 123.060224 123.065526 123.069944 123.075246 123.080548 123.084217 123.090403 123.094821 123.100123 123.105425 123.109843 123.115145 123.119564 123.125884 123.129418 123.140906 123.157696 123.173736 123.189642 123.205548 123.221588 123.238378 123.254418 123.271208 123.287114 123.303154 123.319944 123.335101 123.351890 123.367796 123.383837
0.000000 0.000000 0.000000 0.000000 0.000000 0.000000 0.000000 0.000000 123.406812 123.347472 123.287998 123.260604 123.241913 123.231309 123.216286 123.205548 123.195828 123.176387 123.170201 123.155045 123.140022 123.130302 123.121331 123.111611 123.102774 123.096588 123.082315 123.074362 123.069060 123.061991 123.062875 123.065526 123.071711 123.076130 123.081432 123.086868 123.091286 123.096588 123.101007 123.106309 123.110727 123.115145 123.120447 123.124866 123.132069 123.135604 123.144441 123.161230 123.177271 123.193177 123.210101 123.226007 123.242796 123.258837 123.275626 123.291532 123.306689 123.323479 123.339519 123.355425
0.000000 0.000000 0.000000 0.000000 0.000000 0.000000 0.000000 0.000000 0.000000 123.389139 123.330548 123.275626 123.262371 123.254418 123.236611 123.221588 123.210984 123.198479 123.185224 123.172852 123.157696 123.145324 123.140022 123.130302 123.120447 123.110727 123.099239 123.089519 123.077897 123.075246 123.065526 123.064642 123.067293 123.072595 123.077013 123.082315 123.085984 123.092170 123.097472 123.101890 123.107192 123.112494 123.116913 123.122215 123.126767 123.131186 123.137371 123.141790 123.149743 123.165649 123.181689 123.197595 123.214519 123.230425 123.247215 123.263255 123.279161 123.295201 123.311107 123.327013
0.000000 0.000000 0.000000 0.000000 0.000000 0.000000 0.000000 0.000000 0.000000 0.000000 123.373098 123.313758 123.285347 123.271208 123.256186 123.246331 123.228658 123.220705 123.207315 123.193177 123.179922 123.166532 123.155045 123.148859 123.140022 123.129418 123.116913 123.110727 123.096588 123.085984 123.080548 123.077897 123.068177 123.069060 123.072595 123.078781 123.083199 123.088635 123.093054 123.098356 123.103658 123.108076 123.113378 123.118680 123.123098 123.128535 123.132953 123.138255 123.143557 123.147092 123.153277 123.168434 123.184340 123.201130 123.217170 123.233960 123.249866 123.265906 123.282696 123.298736
0.000000 0.000000 0.000000 0.000000 0.000000 0.000000 0.000000 0.000000 0.000000 0.000000 123.415649 123.356309 123.303154 123.288881 123.280045 123.265906 123.249866 123.238378 123.223356 123.218937 123.202013 123.186991 123.178154 123.162998 123.154161 123.146208 123.134720 123.124866 123.115145 123.101890 123.093054 123.088635 123.080548 123.071711 123.071711 123.073479 123.079664 123.084217 123.089519 123.093937 123.099239 123.103658 123.108960 123.114262 123.119564 123.123982 123.129418 123.134720 123.139139 123.144441 123.148859 123.154161 123.157696 123.172852 123.188758 123.205548 123.220705 123.237494 123.253535 123.269441
