FireSTARR/test/constant/C2_S060_A180_WD000_WS020/arrival.asc
ncols         187
nrows         131
xllcorner     426403.990666
yllcorner     12736155.311160
cellsize      100.000000
NODATA_value  0.000000
[rows 81 to 107 of 131, columns 120 to 179 of 187]
123.280045 123.285347 123.289765 123.295201 123.300503 123.304922 123.310224 123.315526 123.319944 123.325246 123.330548 123.334217 123.339519 123.345705 123.350123 123.355425 123.360727 123.365145 123.370447 123.374866 123.380302 123.384720 123.390906 123.395324 123.400626 123.405928 123.410347 123.415649 0.000000 0.000000 0.000000 0.000000 0.000000 0.000000 0.000000 0.000000 0.000000 0.000000 0.000000 0.000000 0.000000 0.000000 0.000000 0.000000 0.000000 0.000000 0.000000 0.000000 0.000000 0.000000 0.000000 0.000000 0.000000 0.000000 0.000000 0.000000 0.000000 0.000000 0.000000 0.000000
123.276510 123.280928 123.286230 123.291532 123.296085 123.301387 123.306689 123.311107 123.316409 123.320828 123.326130 123.331432 123.336868 123.342170 123.345705 123.351007 123.356309 123.361611 123.366029 123.371331 123.376767 123.380302 123.386488 123.390906 123.396208 123.401510 123.406812 123.411230 123.416532 0.000000 0.000000 0.000000 0.000000 0.000000 0.000000 0.000000 0.000000 0.000000 0.000000 0.000000 0.000000 0.000000 0.000000 0.000000 0.000000 0.000000 0.000000 0.000000 0.000000 0.000000 0.000000 0.000000 0.000000 0.000000 0.000000 0.000000 0.000000 0.000000 0.000000 0.000000
123.272092 123.277394 123.282696 123.286230 123.292550 123.296969 123.302271 123.307573 123.311991 123.316409 123.322595 123.327013 123.332315 123.336868 123.342170 123.345705 123.351890 123.357192 123.362494 123.367796 123.371331 123.377651 123.381186 123.387371 123.391790 123.396208 123.402394 123.407696 123.412998 0.000000 0.000000 0.000000 0.000000 0.000000 0.000000 0.000000 0.000000 0.000000 0.000000 0.000000 0.000000 0.000000 0.000000 0.000000 0.000000 0.000000 0.000000 0.000000 0.000000 0.000000 0.000000 0.000000 0.000000 0.000000 0.000000 0.000000 0.000000 0.000000 0.000000 0.000000
123.267673 123.272975 123.278277 123.283579 123.287998 123.293434 123.297852 123.302271 123.308456 123.313758 123.317293 123.323479 123.327897 123.333199 123.337752 123.343054 123.349239 123.352774 123.357192 123.363378 123.368680 123.372215 123.377651 123.383837 123.389139 123.393557 123.397975 123.403277 123.408579 123.412998 0.000000 0.000000 0.000000 0.000000 0.000000 0.000000 0.000000 0.000000 0.000000 0.000000 0.000000 0.000000 0.000000 0.000000 0.000000 0.000000 0.000000 0.000000 0.000000 0.000000 0.000000 0.000000 0.000000 0.000000 0.000000 0.000000 0.000000 0.000000 0.000000 0.000000
123.266790 123.268557 123.273859 123.279161 123.284463 123.288881 123.294318 123.299620 123.304038 123.309340 123.314642 123.319060 123.323479 123.329664 123.334217 123.339519 123.343937 123.349239 123.354541 123.358960 123.363378 123.369564 123.374866 123.378535 123.384720 123.390022 123.393557 123.399743 123.405045 123.409463 123.413881 0.000000 0.000000 0.000000 0.000000 0.000000 0.000000 0.000000 0.000000 0.000000 0.000000 0.000000 0.000000 0.000000 0.000000 0.000000 0.000000 0.000000 0.000000 0.000000 0.000000 0.000000 0.000000 0.000000 0.000000 0.000000 0.000000 0.000000 0.000000 0.000000
123.272975 123.269441 123.271208 123.275626 123.280045 123.285347 123.290649 123.294318 123.300503 123.304922 123.310224 123.315526 123.320828 123.325246 123.330548 123.335101 123.340403 123.345705 123.350123 123.355425 123.360727 123.364262 123.369564 123.375884 123.381186 123.385604 123.390906 123.396208 123.400626 123.405928 123.410347 123.414765 0.000000 0.000000 0.000000 0.000000 0.000000 0.000000 0.000000 0.000000 0.000000 0.000000 0.000000 0.000000 0.000000 0.000000 0.000000 0.000000 0.000000 0.000000 0.000000 0.000000 0.000000 0.000000 0.000000 0.000000 0.000000 0.000000 0.000000 0.000000
123.285347 123.280045 123.272975 123.272975 123.275626 123.280928 123.286230 123.291532 123.296085 123.301387 123.305805 123.311107 123.316409 123.321711 123.327013 123.331432 123.336868 123.340403 123.346588 123.351007 123.355425 123.360727 123.366913 123.372215 123.376767 123.381186 123.386488 123.391790 123.396208 123.400626 123.406812 123.412114 123.416532 0.000000 0.000000 0.000000 0.000000 0.000000 0.000000 0.000000 0.000000 0.000000 0.000000 0.000000 0.000000 0.000000 0.000000 0.000000 0.000000 0.000000 0.000000 0.000000 0.000000 0.000000 0.000000 0.000000 0.000000 0.000000 0.000000 0.000000
123.296085 123.288881 123.287114 123.278277 123.275626 123.277394 123.282696 123.287114 123.292550 123.296969 123.302271 123.307573 123.311991 123.317293 123.321711 123.327897 123.332315 123.336868 123.341286 123.347472 123.352774 123.356309 123.362494 123.367796 123.372215 123.376767 123.382069 123.387371 123.392673 123.397975 123.403277 123.407696 123.412998 123.416667 0.000000 0.000000 0.000000 0.000000 0.000000 0.000000 0.000000 0.000000 0.000000 0.000000 0.000000 0.000000 0.000000 0.000000 0.000000 0.000000 0.000000 0.000000 0.000000 0.000000 0.000000 0.000000 0.000000 0.000000 0.000000 0.000000
123.305805 123.302271 123.291532 123.292550 123.289765 123.279161 123.280045 123.282696 123.287998 123.293434 123.298736 123.303154 123.308456 123.313758 123.318177 123.323479 123.327897 123.333199 123.338635 123.343937 123.348356 123.353658 123.358960 123.363378 123.368680 123.373982 123.379418 123.384720 123.387371 123.393557 123.398859 123.403277 123.407696 123.413881 0.000000 0.000000 0.000000 0.000000 0.000000 0.000000 0.000000 0.000000 0.000000 0.000000 0.000000 0.000000 0.000000 0.000000 0.000000 0.000000 0.000000 0.000000 0.000000 0.000000 0.000000 0.000000 0.000000 0.000000 0.000000 0.000000
123.315526 123.309340 123.311107 123.297852 123.295201 123.291667 123.284463 123.282696 123.284463 123.289765 123.294318 123.299620 123.304038 123.309340 123.314642 123.319060 123.324362 123.329664 123.334217 123.339519 123.344821 123.350123 123.354541 123.359843 123.364262 123.369564 123.373982 123.379418 123.384720 123.388255 123.393557 123.399743 123.404161 123.410347 123.414765 0.000000 0.000000 0.000000 0.000000 0.000000 0.000000 0.000000 0.000000 0.000000 0.000000 0.000000 0.000000 0.000000 0.000000 0.000000 0.000000 0.000000 0.000000 0.000000 0.000000 0.000000 0.000000 0.000000 0.000000 0.000000
123.326130 123.320828 123.312875 123.312875 123.306689 123.298736 123.298736 123.293434 123.285347 123.287114 123.288881 123.295201 123.300503 123.305805 123.310224 123.315526 123.320828 123.325246 123.330548 123.335984 123.339519 123.345705 123.350123 123.355425 123.360727 123.366029 123.370447 123.375000 123.380302 123.385604 123.390906 123.394441 123.400626 123.406812 123.409463 123.415649 0.000000 0.000000 0.000000 0.000000 0.000000 0.000000 0.000000 0.000000 0.000000 0.000000 0.000000 0.000000 0.000000 0.000000 0.000000 0.000000 0.000000 0.000000 0.000000 0.000000 0.000000 0.000000 0.000000 0.000000
123.339519 123.335984 123.324362 123.322595 123.315526 123.311107 123.304922 123.301387 123.299620 123.288881 123.288881 123.291532 123.296085 123.301387 123.306689 123.311107 123.315526 123.321711 123.326130 123.330548 123.336868 123.340403 123.344821 123.351890 123.356309 123.361611 123.366913 123.371331 123.376767 123.381186 123.386488 123.391790 123.396208 123.401510 123.406812 123.410347 123.415649 0.000000 0.000000 0.000000 0.000000 0.000000 0.000000 0.000000 0.000000 0.000000 0.000000 0.000000 0.000000 0.000000 0.000000 0.000000 0.000000 0.000000 0.000000 0.000000 0.000000 0.000000 0.000000 0.000000
123.357192 123.343937 123.339519 123.328781 123.327013 123.319060 123.319060 123.312875 123.304922 123.305805 123.300503 123.292550 123.293434 123.296085 123.302271 123.307573 123.312875 123.316409 123.322595 123.327013 123.331432 123.335984 123.343054 123.347472 123.352774 123.357192 123.362494 123.367796 123.372215 123.377651 123.382069 123.386488 123.392673 123.397975 123.402394 123.407696 123.412998 123.416532 0.000000 0.000000 0.000000 0.000000 0.000000 0.000000 0.000000 0.000000 0.000000 0.000000 0.000000 0.000000 0.000000 0.000000 0.000000 0.000000 0.000000 0.000000 0.000000 0.000000 0.000000 0.000000
123.373982 123.363378 123.352774 123.345705 123.340403 123.331432 123.324362 123.322595 123.317293 123.309340 123.308456 123.304922 123.295201 123.296085 123.297852 123.303154 123.308456 123.313758 123.318177 123.323479 123.328781 123.333333 123.338635 123.343054 123.348356 123.353658 123.358960 123.362494 123.368680 123.374866 123.377651 123.383837 123.387371 123.393557 123.398859 123.404161 123.407696 123.413881 0.000000 0.000000 0.000000 0.000000 0.000000 0.000000 0.000000 0.000000 0.000000 0.000000 0.000000 0.000000 0.000000 0.000000 0.000000 0.000000 0.000000 0.000000 0.000000 0.000000 0.000000 0.000000
123.394441 123.386488 123.367796 123.360727 123.351890 123.347472 123.335101 123.335101 123.326130 123.325246 123.321711 123.311991 123.312875 123.304038 123.298736 123.300503 123.304038 123.309340 123.314642 123.319060 123.324362 123.329664 123.334217 123.339519 123.343937 123.349239 123.354541 123.358960 123.363378 123.368680 123.374866 123.378535 123.383837 123.389139 123.394441 123.398859 123.405045 123.408579 123.414765 0.000000 0.000000 0.000000 0.000000 0.000000 0.000000 0.000000 0.000000 0.000000 0.000000 0.000000 0.000000 0.000000 0.000000 0.000000 0.000000 0.000000 0.000000 0.000000 0.000000 0.000000
123.408579 123.397975 123.388255 123.376767 123.370447 123.364262 123.353658 123.347472 123.337752 123.330548 123.329664 123.324362 123.315526 123.314642 123.310224 123.302271 123.302271 123.304922 123.310224 123.315526 123.320828 123.325246 123.330548 123.335101 123.340403 123.345705 123.350123 123.355425 123.360727 123.365145 123.370447 123.375884 123.381186 123.384720 123.390022 123.395324 123.400626 123.405928 123.411230 123.415649 0.000000 0.000000 0.000000 0.000000 0.000000 0.000000 0.000000 0.000000 0.000000 0.000000 0.000000 0.000000 0.000000 0.000000 0.000000 0.000000 0.000000 0.000000 0.000000 0.000000
123.416532 123.412114 123.402394 123.397092 123.385604 123.378535 123.366913 123.357192 123.349239 123.341286 123.340403 123.332315 123.329664 123.326130 123.318177 123.315526 123.308456 123.305805 123.307573 123.311107 123.316409 123.321711 123.327013 123.331432 123.336868 123.341286 123.346588 123.351890 123.356309 123.361611 123.366913 123.371331 123.375000 123.381186 123.387371 123.390906 123.397092 123.401510 123.406812 123.411230 123.416532 0.000000 0.000000 0.000000 0.000000 0.000000 0.000000 0.000000 0.000000 0.000000 0.000000 0.000000 0.000000 0.000000 0.000000 0.000000 0.000000 0.000000 0.000000 0.000000
0.000000 0.000000 123.415649 123.409463 123.405928 123.396208 123.385604 123.375884 123.362494 123.358960 123.346588 123.343937 123.335984 123.334217 123.329664 123.321711 123.321711 123.317293 123.308456 123.309340 123.311991 123.316409 123.322595 123.327897 123.332315 123.337752 123.343937 123.346588 123.352774 123.357192 123.361611 123.366913 123.373098 123.378535 123.382953 123.386488 123.391790 123.397975 123.402394 123.407696 123.412114 123.416532 0.000000 0.000000 0.000000 0.000000 0.000000 0.000000 0.000000 0.000000 0.000000 0.000000 0.000000 0.000000 0.000000 0.000000 0.000000 0.000000 0.000000 0.000000
0.000000 0.000000 0.000000 0.000000 0.000000 123.409463 123.402394 123.389139 123.384720 123.370447 123.364262 123.354541 123.349239 123.347472 123.339519 123.336868 123.333199 123.325246 123.326130 123.315526 123.311991 123.313758 123.319060 123.323479 123.327897 123.333199 123.338635 123.343937 123.348356 123.353658 123.358960 123.362494 123.368680 123.373098 123.377651 123.383837 123.387371 123.394441 123.398859 123.404161 123.407696 123.413881 0.000000 0.000000 0.000000 0.000000 0.000000 0.000000 0.000000 0.000000 0.000000 0.000000 0.000000 0.000000 0.000000 0.000000 0.000000 0.000000 0.000000 0.000000
0.000000 0.000000 0.000000 0.000000 0.000000 0.000000 0.000000 123.405045 123.396208 123.392673 123.376767 123.367796 123.366029 123.354541 123.351007 123.342170 123.340403 123.339519 123.327897 123.328781 123.324362 123.315526 123.316409 123.318177 123.324362 123.328781 123.334217 123.339519 123.344821 123.350123 123.354541 123.359843 123.364262 123.369564 123.373982 123.380302 123.384720 123.390022 123.394441 123.399743 123.405045 123.408579 123.414765 0.000000 0.000000 0.000000 0.000000 0.000000 0.000000 0.000000 0.000000 0.000000 0.000000 0.000000 0.000000 0.000000 0.000000 0.000000 0.000000 0.000000
0.000000 0.000000 0.000000 0.000000 0.000000 0.000000 0.000000 0.000000 123.416532 123.403277 123.398859 123.384720 123.374866 123.367796 123.358076 123.354541 123.350123 123.345705 123.343937 123.334217 123.331432 123.329664 123.319060 123.319060 123.320828 123.326130 123.329664 123.335984 123.340403 123.345705 123.350123 123.356309 123.360727 123.366029 123.370447 123.375884 123.380302 123.385604 123.390906 123.396208 123.400626 123.405928 123.411230 123.414765 0.000000 0.000000 0.000000 0.000000 0.000000 0.000000 0.000000 0.000000 0.000000 0.000000 0.000000 0.000000 0.000000 0.000000 0.000000 0.000000
0.000000 0.000000 0.000000 0.000000 0.000000 0.000000 0.000000 0.000000 0.000000 0.000000 123.407696 123.402394 123.394441 123.387371 123.376767 123.367796 123.359843 123.358076 123.349239 123.347472 123.343054 123.335101 123.335101 123.327897 123.321711 123.323479 123.325246 123.331432 123.335101 123.341286 123.346588 123.351890 123.356309 123.361611 123.366913 123.372215 123.376767 123.381186 123.385604 123.391790 123.397092 123.401510 123.406812 123.412114 0.000000 0.000000 0.000000 0.000000 0.000000 0.000000 0.000000 0.000000 0.000000 0.000000 0.000000 0.000000 0.000000 0.000000 0.000000 0.000000
0.000000 0.000000 0.000000 0.000000 0.000000 0.000000 0.000000 0.000000 0.000000 0.000000 0.000000 123.414765 123.406812 123.401510 123.390022 123.380302 123.371331 123.364262 123.361611 123.353658 123.351007 123.351007 123.339519 123.337752 123.331432 123.325246 123.325246 123.327897 123.333199 123.337752 123.342170 123.347472 123.352774 123.357192 123.362494 123.367796 123.372215 123.377651 123.382069 123.386488 123.391790 123.397975 123.402394 123.407696 123.412998 0.000000 0.000000 0.000000 0.000000 0.000000 0.000000 0.000000 0.000000 0.000000 0.000000 0.000000 0.000000 0.000000 0.000000 0.000000
0.000000 0.000000 0.000000 0.000000 0.000000 0.000000 0.000000 0.000000 0.000000 0.000000 0.000000 0.000000 0.000000 123.415649 123.409463 123.397975 123.384720 123.376767 123.369564 123.365145 123.363378 123.356309 123.354541 123.351890 123.341286 123.342170 123.335101 123.328781 123.329664 123.333199 123.338635 123.343937 123.348356 123.353658 123.358960 123.363378 123.368680 123.373982 123.378535 123.383837 123.388255 123.394441 123.398859 123.404161 123.408579 123.413881 0.000000 0.000000 0.000000 0.000000 0.000000 0.000000 0.000000 0.000000 0.000000 0.000000 0.000000 0.000000 0.000000 0.000000
0.000000 0.000000 0.000000 0.000000 0.000000 0.000000 0.000000 0.000000 0.000000 0.000000 0.000000 0.000000 0.000000 0.000000 0.000000 123.412998 123.406812 123.393557 123.385604 123.382069 123.371331 123.367796 123.359843 123.359843 123.354541 123.346588 123.344821 123.338635 123.332315 123.332315 123.334217 123.339519 123.344821 123.349239 123.354541 123.359843 123.364262 123.369564 123.374866 123.379418 123.384720 123.390022 123.394441 123.399743 123.405045 123.409463 123.414765 0.000000 0.000000 0.000000 0.000000 0.000000 0.000000 0.000000 0.000000 0.000000 0.000000 0.000000 0.000000 0.000000
0.000000 0.000000 0.000000 0.000000 0.000000 0.000000 0.000000 0.000000 0.000000 0.000000 0.000000 0.000000 0.000000 0.000000 0.000000 0.000000 0.000000 123.412998 123.400626 123.396208 123.385604 123.374866 123.372215 123.370447 123.362494 123.361611 123.355425 123.348356 123.343937 123.341286 123.335101 123.336868 123.340403 123.345705 123.351007 123.355425 123.360727 123.365145 123.370447 123.375884 123.381186 123.385604 123.390906 123.395324 123.400626 123.405045 123.410347 123.415649 0.000000 0.000000 0.000000 0.000000 0.000000 0.000000 0.000000 0.000000 0.000000 0.000000 0.000000 0.000000
0.000000 0.000000 0.000000 0.000000 0.000000 0.000000 0.000000 0.000000 0.000000 0.000000 0.000000 0.000000 0.000000 0.000000 0.000000 0.000000 0.000000 0.000000 0.000000 123.408579 123.400626 123.392673 123.380302 123.378535 123.373982 123.366029 123.365145 123.360727 123.351890 123.351007 123.346588 123.338635 123.338635 123.341286 123.346588 123.351890 123.356309 123.361611 123.366913 123.371331 123.376767 123.382069 123.386488 123.391790 123.397092 123.401510 123.406812 123.412114 123.415649 0.000000 0.000000 0.000000 0.000000 0.000000 0.000000 0.000000 0.000000 0.000000 0.000000 0.000000
