FireSTARR/test/constant/C2_S060_A180_WD000_WS020/arrival.asc
ncols         187
nrows         131
xllcorner     426403.990666
yllcorner     12736155.311160
cellsize      100.000000
NODATA_value  0.000000
[rows 54 to 80 of 131, columns 60 to 119 of 187]
123.279161 123.268557 123.258837 123.248098 123.236611 123.229541 123.217170 123.209217 123.204664 123.191409 123.186107 123.184340 123.175503 123.171969 123.163881 123.164765 123.166532 123.171969 123.178154 123.182573 123.187875 123.193177 123.196711 123.202897 123.207315 123.212752 123.218054 123.222472 123.227774 123.233076 123.237494 123.242796 123.247215 123.252651 123.257953 123.263255 123.267673 123.272975 123.278277 123.281812 123.287998 123.291532 123.296969 123.303154 123.307573 123.311991 123.318177 123.321711 123.327013 123.332315 123.337752 123.343054 123.348356 123.351890 123.361611 123.377651 123.394441 123.410347 0.000000 0.000000
123.286230 123.285347 123.275626 123.268557 123.258837 123.243680 123.239262 123.225123 123.218937 123.212752 123.200246 123.190526 123.186991 123.179038 123.179038 123.167550 123.166667 123.169318 123.172852 123.179038 123.184340 123.188758 123.194060 123.198479 123.203781 123.208333 123.212752 123.218937 123.223356 123.228658 123.233960 123.238378 123.243680 123.248982 123.253535 123.258837 123.263255 123.268557 123.273859 123.279161 123.282696 123.288881 123.294318 123.297852 123.304038 123.308456 123.314642 123.319060 123.324362 123.327897 123.333199 123.337752 123.343054 123.349239 123.353658 123.358076 123.365145 123.382069 123.397975 123.414765
123.303154 123.295201 123.288881 123.283579 123.272975 123.262371 123.253535 123.246331 123.233076 123.228658 123.215403 123.209217 123.199362 123.193177 123.185224 123.181689 123.179038 123.170201 123.171085 123.173736 123.179038 123.185224 123.189642 123.194944 123.199362 123.203781 123.210101 123.214519 123.218937 123.225123 123.229541 123.234843 123.240145 123.244564 123.249866 123.254418 123.259720 123.265022 123.269441 123.274743 123.280045 123.285347 123.289765 123.295201 123.299620 123.304922 123.310224 123.314642 123.319944 123.325246 123.330548 123.334217 123.338635 123.344821 123.350123 123.355425 123.358960 123.364262 123.370447 123.385604
123.325246 123.311991 123.299620 123.291667 123.290649 123.280928 123.271208 123.265022 123.254418 123.241913 123.233076 123.220705 123.217170 123.204664 123.196711 123.195828 123.185224 123.186107 123.174620 123.173736 123.175503 123.179922 123.185224 123.191409 123.195828 123.201130 123.205548 123.210984 123.215403 123.219821 123.226007 123.230425 123.235727 123.241029 123.245447 123.249866 123.256186 123.260604 123.265906 123.270324 123.275626 123.280928 123.286230 123.291532 123.296085 123.301387 123.305805 123.311107 123.315526 123.320828 123.326130 123.330548 123.335101 123.340403 123.346588 123.351007 123.356309 123.360727 123.365145 123.371331
123.340403 123.328781 123.321711 123.305805 123.297852 123.294318 123.291532 123.280928 123.266790 123.257953 123.248982 123.241029 123.230425 123.224239 123.212752 123.202897 123.199362 123.188758 123.188758 123.186107 123.177271 123.178154 123.180805 123.186107 123.191409 123.195828 123.202013 123.206432 123.211868 123.217170 123.221588 123.226890 123.232192 123.236611 123.241913 123.247215 123.250884 123.255302 123.262371 123.266790 123.271208 123.276510 123.281812 123.287114 123.291667 123.296969 123.301387 123.307573 123.311991 123.317293 123.321711 123.327013 123.332315 123.337752 123.342170 123.347472 123.351890 123.357192 123.361611 123.366029
123.354541 123.350123 123.339519 123.324362 123.317293 123.305805 123.298736 123.294318 123.288881 123.276510 123.263255 123.257953 123.247215 123.234843 123.227774 123.221588 123.214519 123.203781 123.199362 123.192293 123.188758 123.180805 123.179922 123.182573 123.186991 123.192293 123.198479 123.202897 123.208199 123.212752 123.217170 123.222472 123.227774 123.233076 123.237494 123.242796 123.248098 123.252651 123.258837 123.262371 123.267673 123.272975 123.277394 123.282696 123.287998 123.293434 123.297852 123.303154 123.308456 123.312875 123.318177 123.322595 123.327897 123.333199 123.337752 123.343054 123.348356 123.353658 123.358076 123.363378
123.373982 123.362494 123.352774 123.343937 123.331432 123.319944 123.310224 123.302271 123.302271 123.293434 123.285347 123.271208 123.265022 123.257069 123.242796 123.233076 123.231309 123.218937 123.207315 123.204664 123.195828 123.195828 123.192293 123.183456 123.185224 123.187875 123.193177 123.197595 123.203781 123.209217 123.213635 123.218937 123.223356 123.228658 123.233960 123.238378 123.243680 123.248982 123.254418 123.258837 123.263255 123.268557 123.273859 123.278277 123.283579 123.288881 123.294318 123.298736 123.304038 123.309340 123.313758 123.319060 123.323479 123.328781 123.333333 123.339519 123.343937 123.349239 123.354541 123.358960
123.394441 123.382953 123.375884 123.361611 123.353658 123.345705 123.327897 123.316409 123.313758 123.305805 123.302271 123.294318 123.277394 123.268557 123.265906 123.253535 123.241029 123.235727 123.227774 123.220705 123.210984 123.206432 123.199362 123.194944 123.186991 123.186991 123.189642 123.194060 123.199362 123.204664 123.210101 123.215403 123.219821 123.225123 123.229541 123.234843 123.239262 123.244564 123.249866 123.255302 123.260604 123.265022 123.269441 123.273859 123.280045 123.284463 123.289765 123.295201 123.299620 123.304922 123.310224 123.314642 123.319944 123.325246 123.329664 123.335984 123.338635 123.344821 123.350123 123.355425
123.412998 123.405928 123.390022 123.379418 123.368680 123.362494 123.349239 123.340403 123.325246 123.317293 123.309340 123.309340 123.301387 123.284463 123.275626 123.269441 123.256186 123.248098 123.239262 123.234843 123.222472 123.214519 123.211868 123.202013 123.202897 123.196711 123.190526 123.191409 123.194944 123.201130 123.206432 123.210984 123.216286 123.220705 123.226007 123.230425 123.235727 123.241029 123.245447 123.250884 123.256186 123.260604 123.265906 123.271208 123.274743 123.280928 123.286230 123.290649 123.296085 123.301387 123.304922 123.311107 123.317293 123.319944 123.326130 123.330548 123.335984 123.340403 123.344821 123.351007
0.000000 0.000000 123.410347 123.397975 123.388255 123.373098 123.370447 123.354541 123.342170 123.329664 123.322595 123.316409 123.312875 123.305805 123.293434 123.288881 123.277394 123.266790 123.252651 123.249866 123.242796 123.231309 123.221588 123.217170 123.206432 123.205548 123.202897 123.193177 123.194060 123.195828 123.202013 123.206432 123.210984 123.217170 123.222472 123.226890 123.232192 123.236611 123.241913 123.247215 123.251767 123.257069 123.261488 123.265906 123.272092 123.276510 123.281812 123.286230 123.291532 123.296969 123.302271 123.305805 123.311107 123.317293 123.320828 123.327013 123.332315 123.335984 123.342170 123.346588
0.000000 0.000000 0.000000 123.416532 123.405045 123.393557 123.381186 123.378535 123.360727 123.351007 123.339519 123.327897 123.326130 123.315526 123.311991 123.302271 123.289765 123.280928 123.275626 123.258837 123.255302 123.245447 123.245447 123.232192 123.220705 123.218054 123.209217 123.209217 123.197595 123.196711 123.198479 123.202897 123.208199 123.212752 123.217170 123.222472 123.226890 123.233076 123.238378 123.242796 123.248098 123.252651 123.257953 123.263255 123.266790 123.272975 123.278277 123.282696 123.287998 123.293434 123.296969 123.303154 123.308456 123.312875 123.318177 123.323479 123.327897 123.333199 123.336868 123.342170
0.000000 0.000000 0.000000 0.000000 0.000000 123.412998 123.404161 123.389139 123.382069 123.371331 123.357192 123.351007 123.337752 123.329664 123.319944 123.319060 123.310224 123.300503 123.285347 123.279161 123.266790 123.261488 123.251767 123.248098 123.234843 123.225123 123.224239 123.213635 123.211868 123.209217 123.200246 123.201130 123.202897 123.208199 123.214519 123.218054 123.223356 123.229541 123.233960 123.239262 123.243680 123.248982 123.253535 123.258837 123.264139 123.268557 123.273859 123.279161 123.284463 123.288881 123.294318 123.297852 123.304038 123.309340 123.314642 123.318177 123.324362 123.328781 123.334217 123.339519
0.000000 0.000000 0.000000 0.000000 0.000000 0.000000 0.000000 123.412998 123.396208 123.387371 123.381186 123.365145 123.352774 123.341286 123.333333 123.329664 123.322595 123.319944 123.303154 123.296085 123.287998 123.275626 123.265022 123.262371 123.252651 123.243680 123.233076 123.227774 123.223356 123.215403 123.213635 123.204664 123.202897 123.205548 123.209217 123.215403 123.218937 123.224239 123.229541 123.234843 123.240145 123.244564 123.249866 123.254418 123.259720 123.265022 123.270324 123.274743 123.280045 123.285347 123.289765 123.295201 123.300503 123.304922 123.309340 123.315526 123.320828 123.325246 123.330548 123.335101
0.000000 0.000000 0.000000 0.000000 0.000000 0.000000 0.000000 0.000000 0.000000 123.405045 123.396208 123.382953 123.373098 123.360727 123.345705 123.340403 123.334217 123.326130 123.323479 123.312875 123.301387 123.296969 123.281812 123.272092 123.266790 123.257069 123.252651 123.237494 123.231309 123.231309 123.218937 123.218937 123.215403 123.206432 123.207315 123.210101 123.215403 123.221588 123.226007 123.231309 123.235727 123.241029 123.246331 123.250000 123.256186 123.260604 123.265906 123.271208 123.275626 123.280928 123.286230 123.291532 123.295201 123.301387 123.306689 123.311107 123.316409 123.320828 123.326130 123.331432
0.000000 0.000000 0.000000 0.000000 0.000000 0.000000 0.000000 0.000000 0.000000 0.000000 123.412998 123.405045 123.391790 123.382069 123.369564 123.358076 123.347472 123.341286 123.336868 123.329664 123.323479 123.307573 123.301387 123.287114 123.280928 123.276510 123.262371 123.260604 123.247215 123.241913 123.234843 123.231309 123.222472 123.222472 123.210984 123.210101 123.211868 123.216286 123.220705 123.226007 123.232192 123.236611 123.241913 123.247215 123.251767 123.257069 123.262371 123.266790 123.272092 123.276510 123.281812 123.287114 123.291667 123.296085 123.301387 123.307573 123.311991 123.317293 123.321711 123.327013
0.000000 0.000000 0.000000 0.000000 0.000000 0.000000 0.000000 0.000000 0.000000 0.000000 0.000000 0.000000 123.408579 123.399743 123.395324 123.371331 123.361611 123.351890 123.346588 123.345705 123.332315 123.326130 123.312875 123.311991 123.294318 123.287114 123.280045 123.272092 123.265906 123.254418 123.246331 123.237494 123.233960 123.226007 123.226007 123.222472 123.213635 123.214519 123.217170 123.222472 123.227774 123.233076 123.238378 123.242796 123.248098 123.252651 123.257953 123.263255 123.267673 123.272975 123.277394 123.282696 123.287114 123.293434 123.297852 123.304038 123.307573 123.312875 123.318177 123.323479
0.000000 0.000000 0.000000 0.000000 0.000000 0.000000 0.000000 0.000000 0.000000 0.000000 0.000000 0.000000 0.000000 123.416532 123.409463 123.395324 123.382069 123.371331 123.357192 123.351007 123.350123 123.338635 123.335984 123.319944 123.312875 123.304038 123.296969 123.285347 123.276510 123.269441 123.262371 123.250000 123.242796 123.241029 123.232192 123.228658 123.226007 123.217170 123.216286 123.218937 123.223356 123.228658 123.233960 123.239262 123.243680 123.248982 123.254418 123.258837 123.264139 123.269441 123.273859 123.279161 123.283579 123.287998 123.294318 123.299620 123.304038 123.309340 123.314642 123.319060
0.000000 0.000000 0.000000 0.000000 0.000000 0.000000 0.000000 0.000000 0.000000 0.000000 0.000000 0.000000 0.000000 0.000000 0.000000 0.000000 123.403277 123.390906 123.375884 123.368680 123.359843 123.353658 123.346588 123.339519 123.331432 123.322595 123.311107 123.304038 123.293434 123.281812 123.274743 123.271208 123.256186 123.253535 123.244564 123.242796 123.232192 123.233076 123.228658 123.219821 123.220705 123.224239 123.230425 123.234843 123.240145 123.244564 123.249866 123.255302 123.259720 123.265022 123.270324 123.274743 123.280045 123.284463 123.290649 123.294318 123.300503 123.304922 123.310224 123.315526
0.000000 0.000000 0.000000 0.000000 0.000000 0.000000 0.000000 0.000000 0.000000 0.000000 0.000000 0.000000 0.000000 0.000000 0.000000 0.000000 0.000000 123.405045 123.396208 123.383837 123.375884 123.363378 123.357192 123.352774 123.344821 123.335101 123.326130 123.322595 123.307573 123.303154 123.290649 123.284463 123.280045 123.269441 123.257069 123.248982 123.247215 123.239262 123.235727 123.232192 123.223356 123.223356 123.226007 123.230425 123.235727 123.241029 123.246331 123.250884 123.256186 123.261488 123.265906 123.271208 123.276510 123.280928 123.286230 123.290649 123.296085 123.301387 123.305805 123.311107
0.000000 0.000000 0.000000 0.000000 0.000000 0.000000 0.000000 0.000000 0.000000 0.000000 0.000000 0.000000 0.000000 0.000000 0.000000 0.000000 0.000000 0.000000 123.413881 123.401510 123.392673 123.382069 123.373982 123.366029 123.360727 123.349239 123.343054 123.331432 123.324362 123.314642 123.310224 123.303154 123.291532 123.286230 123.271208 123.260604 123.258837 123.251767 123.246331 123.239262 123.240145 123.233960 123.226007 123.227774 123.231309 123.237494 123.241913 123.247215 123.251767 123.257069 123.262371 123.266790 123.272092 123.277394 123.281812 123.287114 123.292550 123.296969 123.300503 123.306689
0.000000 0.000000 0.000000 0.000000 0.000000 0.000000 0.000000 0.000000 0.000000 0.000000 0.000000 0.000000 0.000000 0.000000 0.000000 0.000000 0.000000 0.000000 0.000000 0.000000 123.405928 123.401510 123.386488 123.378535 123.369564 123.364262 123.357192 123.352774 123.338635 123.332315 123.321711 123.313758 123.304922 123.294318 123.291532 123.283579 123.270324 123.262371 123.255302 123.251767 123.242796 123.241913 123.241029 123.229541 123.230425 123.232192 123.238378 123.242796 123.248098 123.253535 123.257953 123.263255 123.268557 123.272975 123.278277 123.282696 123.287998 123.293434 123.297852 123.304038
0.000000 0.000000 0.000000 0.000000 0.000000 0.000000 0.000000 0.000000 0.000000 0.000000 0.000000 0.000000 0.000000 0.000000 0.000000 0.000000 0.000000 0.000000 0.000000 0.000000 0.000000 0.000000 123.404161 123.398859 123.384720 123.374866 123.369564 123.365145 123.355425 123.350123 123.340403 123.329664 123.317293 123.312875 123.300503 123.295201 123.285347 123.275626 123.270324 123.262371 123.257953 123.253535 123.245447 123.246331 123.234843 123.233076 123.234843 123.239262 123.243680 123.248098 123.253535 123.258837 123.264139 123.269441 123.273859 123.279161 123.284463 123.288881 123.294318 123.300503
0.000000 0.000000 0.000000 0.000000 0.000000 0.000000 0.000000 0.000000 0.000000 0.000000 0.000000 0.000000 0.000000 0.000000 0.000000 0.000000 0.000000 0.000000 0.000000 0.000000 0.000000 0.000000 0.000000 123.412114 123.405045 123.392673 123.380302 123.378535 123.372215 123.364262 123.353658 123.345705 123.338635 123.330548 123.320828 123.312875 123.300503 123.293434 123.281812 123.275626 123.265906 123.261488 123.257069 123.248982 123.248982 123.244564 123.236611 123.236611 123.239262 123.245447 123.249866 123.254418 123.258837 123.265022 123.270324 123.275626 123.280045 123.285347 123.289765 123.294318
0.000000 0.000000 0.000000 0.000000 0.000000 0.000000 0.000000 0.000000 0.000000 0.000000 0.000000 0.000000 0.000000 0.000000 0.000000 0.000000 0.000000 0.000000 0.000000 0.000000 0.000000 0.000000 0.000000 0.000000 123.416532 123.409463 123.396208 123.391790 123.382069 123.375884 123.373098 123.361611 123.350123 123.345705 123.334217 123.324362 123.314642 123.307573 123.303154 123.290649 123.283579 123.271208 123.265906 123.264139 123.258837 123.251767 123.248982 123.241029 123.239262 123.241913 123.246331 123.250884 123.257069 123.260604 123.265906 123.271208 123.276510 123.280928 123.286230 123.291532
0.000000 0.000000 0.000000 0.000000 0.000000 0.000000 0.000000 0.000000 0.000000 0.000000 0.000000 0.000000 0.000000 0.000000 0.000000 0.000000 0.000000 0.000000 0.000000 0.000000 0.000000 0.000000 0.000000 0.000000 0.000000 0.000000 0.000000 123.404161 123.400626 123.385604 123.383837 123.379418 123.373098 123.357192 123.354541 123.340403 123.332315 123.326130 123.312875 123.306689 123.295201 123.291532 123.282696 123.273859 123.268557 123.264139 123.255302 123.255302 123.250884 123.242796 123.243680 123.246331 123.252651 123.257069 123.262371 123.266790 123.272092 123.277394 123.282696 123.287114
0.000000 0.000000 0.000000 0.000000 0.000000 0.000000 0.000000 0.000000 0.000000 0.000000 0.000000 0.000000 0.000000 0.000000 0.000000 0.000000 0.000000 0.000000 0.000000 0.000000 0.000000 0.000000 0.000000 0.000000 0.000000 0.000000 0.000000 0.000000 123.412114 123.407696 123.397975 123.389139 123.382069 123.376767 123.366029 123.357192 123.346588 123.340403 123.333199 123.317293 123.312875 123.302271 123.295201 123.285347 123.277394 123.272092 123.268557 123.265906 123.258837 123.260604 123.247215 123.246331 123.248098 123.253535 123.257953 123.263255 123.268557 123.272975 123.278277 123.283579
0.000000 0.000000 0.000000 0.000000 0.000000 0.000000 0.000000 0.000000 0.000000 0.000000 0.000000 0.000000 0.000000 0.000000 0.000000 0.000000 0.000000 0.000000 0.000000 0.000000 0.000000 0.000000 0.000000 0.000000 0.000000 0.000000 0.000000 0.000000 0.000000 0.000000 123.415649 123.401510 123.392673 123.386488 123.385604 123.374866 123.362494 123.358960 123.348356 123.336868 123.325246 123.317293 123.311991 123.303154 123.294318 123.283579 123.280045 123.274743 123.269441 123.262371 123.262371 123.259720 123.249866 123.250884 123.252651 123.258837 123.264139 123.269441 123.273859 123.279161
