FireSTARR/test/constant/O1a_S060_A000_WD270_WS020/arrival.asc
ncols         745
nrows         75
xllcorner     352203.990666
yllcorner     12745055.311160
cellsize      100.000000
NODATA_value  0.000000
[rows 25 to 49 of 75, columns 285 to 341 of 745]
123.348721 123.348161 123.347602 123.347042 123.346483 123.345923 123.345363 123.344804 123.344244 123.343685 123.343125 123.342566 123.342006 123.341447 123.340887 123.340328 123.339768 123.339209 123.338649 123.338089 123.337530 123.336970 123.336411 123.335851 123.335292 123.334732 123.334173 123.333613 123.333073 123.332513 123.331954 123.331394 123.330834 123.330275 123.329715 123.329156 123.328596 123.328037 123.327477 123.326918 123.326358 123.325799 123.325239 123.324680 123.324120 123.323560 123.323001 123.322441 123.321882 123.321322 123.320763 123.320203 123.319644 123.319084 123.318525 123.317965 123.317406
123.340607 123.340048 123.339488 123.338929 123.338369 123.337810 123.337250 123.336691 123.336131 123.335571 123.335012 123.334452 123.333893 123.333333 123.332793 123.332233 123.331674 123.331114 123.330555 123.329995 123.329436 123.328876 123.328317 123.327757 123.327197 123.326638 123.326078 123.325519 123.324959 123.324400 123.323840 123.323281 123.322721 123.322162 123.321602 123.321043 123.320483 123.319923 123.319364 123.318804 123.318245 123.317685 123.317126 123.316566 123.316007 123.315447 123.314888 123.314328 123.313768 123.313209 123.312649 123.312090 123.311530 123.310971 123.310411 123.309852 123.309292
123.332513 123.331954 123.331394 123.330834 123.330275 123.329715 123.329156 123.328596 123.328037 123.327477 123.326918 123.326358 123.325799 123.325239 123.324680 123.324120 123.323560 123.323001 123.322441 123.321882 123.321322 123.320763 123.320203 123.319644 123.319084 123.318525 123.317965 123.317406 123.316846 123.316286 123.315727 123.315167 123.314608 123.314048 123.313489 123.312929 123.312370 123.311810 123.311251 123.310691 123.310131 123.309572 123.309012 123.308453 123.307893 123.307334 123.306774 123.306215 123.305655 123.305096 123.304536 123.303977 123.303417 123.302857 123.302298 123.301738 123.301179
123.324400 123.323840 123.323281 123.322721 123.322162 123.321602 123.321043 123.320483 123.319923 123.319364 123.318804 123.318245 123.317685 123.317126 123.316566 123.316007 123.315447 123.314888 123.314328 123.313768 123.313209 123.312649 123.312090 123.311530 123.310971 123.310411 123.309852 123.309292 123.308733 123.308173 123.307614 123.307054 123.306494 123.305935 123.305375 123.304816 123.304256 123.303697 123.303137 123.302578 123.302018 123.301459 123.300899 123.300340 123.299780 123.299220 123.298661 123.298101 123.297542 123.296982 123.296423 123.295863 123.295304 123.294744 123.294185 123.293625 123.293066
123.316566 123.316007 123.315447 123.314888 123.314328 123.313768 123.313209 123.312649 123.312090 123.311530 123.310971 123.310411 123.309852 123.309292 123.308733 123.308173 123.307614 123.307054 123.306494 123.305935 123.305375 123.304816 123.304256 123.303697 123.303137 123.302578 123.302018 123.301459 123.300899 123.300340 123.299780 123.299220 123.298661 123.298101 123.297542 123.296982 123.296423 123.295863 123.295304 123.294744 123.294185 123.293625 123.293066 123.292506 123.291946 123.291126 123.290567 123.290007 123.289448 123.288888 123.288328 123.287769 123.287209 123.286650 123.286090 123.285531 123.284971
123.308453 123.307893 123.307334 123.306774 123.306215 123.305655 123.305096 123.304536 123.303977 123.303417 123.302857 123.302298 123.301738 123.301179 123.300619 123.300060 123.299500 123.298941 123.298381 123.297822 123.297262 123.296703 123.296143 123.295583 123.295024 123.294464 123.293905 123.293345 123.292786 123.292226 123.291667 123.291126 123.290567 123.290007 123.289448 123.288888 123.288328 123.287769 123.287209 123.286650 123.286090 123.285531 123.284971 123.284412 123.283852 123.283293 123.282733 123.282174 123.281614 123.281054 123.280495 123.279935 123.279376 123.278816 123.278257 123.277697 123.277138
123.300340 123.299780 123.299220 123.298661 123.298101 123.297542 123.296982 123.296423 123.295863 123.295304 123.294744 123.294185 123.293625 123.293066 123.292506 123.291946 123.291406 123.290846 123.290287 123.289727 123.289168 123.288608 123.288049 123.287489 123.286930 123.286370 123.285811 123.285251 123.284691 123.284132 123.283572 123.283013 123.282453 123.281894 123.281334 123.280775 123.280215 123.279656 123.279096 123.278537 123.277977 123.277417 123.276858 123.276298 123.275739 123.275179 123.274620 123.274060 123.273501 123.272941 123.272382 123.271822 123.271263 123.270703 123.270143 123.269584 123.269024
123.292506 123.291946 123.291126 123.290567 123.290007 123.289448 123.288888 123.288328 123.287769 123.287209 123.286650 123.286090 123.285531 123.284971 123.284412 123.283852 123.283293 123.282733 123.282174 123.281614 123.281054 123.280495 123.279935 123.279376 123.278816 123.278257 123.277697 123.277138 123.276578 123.276019 123.275459 123.274900 123.274340 123.273780 123.273221 123.272661 123.272102 123.271542 123.270983 123.270423 123.269864 123.269304 123.268745 123.268185 123.267626 123.267066 123.266506 123.265947 123.265387 123.264828 123.264268 123.263709 123.263149 123.262590 123.262030 123.261471 123.260911
123.284412 123.283852 123.283293 123.282733 123.282174 123.281614 123.281054 123.280495 123.279935 123.279376 123.278816 123.278257 123.277697 123.277138 123.276578 123.276019 123.275459 123.274900 123.274340 123.273780 123.273221 123.272661 123.272102 123.271542 123.270983 123.270423 123.269864 123.269304 123.268745 123.268185 123.267626 123.267066 123.266506 123.265947 123.265387 123.264828 123.264268 123.263709 123.263149 123.262590 123.262030 123.261471 123.260911 123.260351 123.259792 123.259232 123.258673 123.258113 123.257554 123.256994 123.256435 123.255875 123.255316 123.254756 123.254197 123.253637 123.253077
123.276298 123.275739 123.275179 123.274620 123.274060 123.273501 123.272941 123.272382 123.271822 123.271263 123.270703 123.270143 123.269584 123.269024 123.268465 123.267905 123.267346 123.266786 123.266227 123.265667 123.265108 123.264548 123.263988 123.263429 123.262869 123.262310 123.261750 123.261191 123.260631 123.260072 123.259512 123.258953 123.258393 123.257834 123.257274 123.256714 123.256155 123.255595 123.255036 123.254476 123.253917 123.253357 123.252798 123.252238 123.251679 123.251119 123.250560 123.250000 123.249460 123.248900 123.248340 123.247781 123.247221 123.246662 123.246102 123.245543 123.244983
123.268185 123.267626 123.267066 123.266506 123.265947 123.265387 123.264828 123.264268 123.263709 123.263149 123.262590 123.262030 123.261471 123.260911 123.260351 123.259792 123.259232 123.258673 123.258113 123.257554 123.256994 123.256435 123.255875 123.255316 123.254756 123.254197 123.253637 123.253077 123.252518 123.251958 123.251399 123.250839 123.250280 123.249739 123.249180 123.248620 123.248061 123.247501 123.246942 123.246382 123.245823 123.245263 123.244703 123.244144 123.243584 123.243025 123.242465 123.241906 123.241346 123.240787 123.240227 123.239668 123.239108 123.238548 123.237989 123.237429 123.236870
123.260351 123.259792 123.259232 123.258673 123.258113 123.257554 123.256994 123.256435 123.255875 123.255316 123.254756 123.254197 123.253637 123.253077 123.252518 123.251958 123.251399 123.250839 123.250280 123.249739 123.249180 123.248620 123.248061 123.247501 123.246942 123.246382 123.245823 123.245263 123.244703 123.244144 123.243584 123.243025 123.242465 123.241906 123.241346 123.240787 123.240227 123.239668 123.239108 123.238548 123.237989 123.237429 123.236870 123.236310 123.235751 123.235191 123.234632 123.234072 123.233513 123.232953 123.232394 123.231834 123.231274 123.230715 123.230155 123.229596 123.229036
123.256994 123.256435 123.255875 123.255316 123.254756 123.254197 123.253637 123.253077 123.252518 123.251958 123.251399 123.250839 123.250280 123.249739 123.249180 123.248620 123.248061 123.247501 123.246942 123.246382 123.245823 123.245263 123.244703 123.244144 123.243584 123.243025 123.242465 123.241906 123.241346 123.240787 123.240227 123.239668 123.239108 123.238548 123.237989 123.237429 123.236870 123.236310 123.235751 123.235191 123.234632 123.234072 123.233513 123.232953 123.232394 123.231834 123.231274 123.230715 123.230155 123.229596 123.229036 123.228477 123.227917 123.227358 123.226798 123.226239 123.225679
123.261191 123.260631 123.260072 123.259512 123.258953 123.258393 123.257834 123.257274 123.256714 123.256155 123.255595 123.255036 123.254476 123.253917 123.253357 123.252798 123.252238 123.251679 123.251119 123.250560 123.250000 123.249460 123.248900 123.248340 123.247781 123.247221 123.246662 123.246102 123.245543 123.244983 123.244424 123.243864 123.243305 123.242745 123.242185 123.241626 123.241066 123.240507 123.239947 123.239388 123.238828 123.238269 123.237709 123.237150 123.236590 123.236031 123.235471 123.234911 123.234352 123.233792 123.233233 123.232673 123.232114 123.231554 123.230995 123.230435 123.229876
123.269304 123.268745 123.268185 123.267626 123.267066 123.266506 123.265947 123.265387 123.264828 123.264268 123.263709 123.263149 123.262590 123.262030 123.261471 123.260911 123.260351 123.259792 123.259232 123.258673 123.258113 123.257554 123.256994 123.256435 123.255875 123.255316 123.254756 123.254197 123.253637 123.253077 123.252518 123.251958 123.251399 123.250839 123.250280 123.249739 123.249180 123.248620 123.248061 123.247501 123.246942 123.246382 123.245823 123.245263 123.244703 123.244144 123.243584 123.243025 123.242465 123.241906 123.241346 123.240787 123.240227 123.239668 123.239108 123.238548 123.237989
123.277417 123.276858 123.276298 123.275739 123.275179 123.274620 123.274060 123.273501 123.272941 123.272382 123.271822 123.271263 123.270703 123.270143 123.269584 123.269024 123.268465 123.267905 123.267346 123.266786 123.266227 123.265667 123.265108 123.264548 123.263988 123.263429 123.262869 123.262310 123.261750 123.261191 123.260631 123.260072 123.259512 123.258953 123.258393 123.257834 123.257274 123.256714 123.256155 123.255595 123.255036 123.254476 123.253917 123.253357 123.252798 123.252238 123.251679 123.251119 123.250560 123.250000 123.249460 123.248900 123.248340 123.247781 123.247221 123.246662 123.246102
123.285251 123.284691 123.284132 123.283572 123.283013 123.282453 123.281894 123.281334 123.280775 123.280215 123.279656 123.279096 123.278537 123.277977 123.277417 123.276858 123.276298 123.275739 123.275179 123.274620 123.274060 123.273501 123.272941 123.272382 123.271822 123.271263 123.270703 123.270143 123.269584 123.269024 123.268465 123.267905 123.267346 123.266786 123.266227 123.265667 123.265108 123.264548 123.263988 123.263429 123.262869 123.262310 123.261750 123.261191 123.260631 123.260072 123.259512 123.258953 123.258393 123.257834 123.257274 123.256714 123.256155 123.255595 123.255036 123.254476 123.253917
123.293345 123.292786 123.292226 123.291667 123.291126 123.290567 123.290007 123.289448 123.288888 123.288328 123.287769 123.287209 123.286650 123.286090 123.285531 123.284971 123.284412 123.283852 123.283293 123.282733 123.282174 123.281614 123.281054 123.280495 123.279935 123.279376 123.278816 123.278257 123.277697 123.277138 123.276578 123.276019 123.275459 123.274900 123.274340 123.273780 123.273221 123.272661 123.272102 123.271542 123.270983 123.270423 123.269864 123.269304 123.268745 123.268185 123.267626 123.267066 123.266506 123.265947 123.265387 123.264828 123.264268 123.263709 123.263149 123.262590 123.262030
123.301459 123.300899 123.300340 123.299780 123.299220 123.298661 123.298101 123.297542 123.296982 123.296423 123.295863 123.295304 123.294744 123.294185 123.293625 123.293066 123.292506 123.291946 123.291406 123.290846 123.290287 123.289727 123.289168 123.288608 123.288049 123.287489 123.286930 123.286370 123.285811 123.285251 123.284691 123.284132 123.283572 123.283013 123.282453 123.281894 123.281334 123.280775 123.280215 123.279656 123.279096 123.278537 123.277977 123.277417 123.276858 123.276298 123.275739 123.275179 123.274620 123.274060 123.273501 123.272941 123.272382 123.271822 123.271263 123.270703 123.270143
123.309292 123.308733 123.308173 123.307614 123.307054 123.306494 123.305935 123.305375 123.304816 123.304256 123.303697 123.303137 123.302578 123.302018 123.301459 123.300899 123.300340 123.299780 123.299220 123.298661 123.298101 123.297542 123.296982 123.296423 123.295863 123.295304 123.294744 123.294185 123.293625 123.293066 123.292506 123.291946 123.291406 123.290846 123.290287 123.289727 123.289168 123.288608 123.288049 123.287489 123.286930 123.286370 123.285811 123.285251 123.284691 123.284132 123.283572 123.283013 123.282453 123.281894 123.281334 123.280775 123.280215 123.279656 123.279096 123.278537 123.277977
123.317406 123.316846 123.316286 123.315727 123.315167 123.314608 123.314048 123.313489 123.312929 123.312370 123.311810 123.311251 123.310691 123.310131 123.309572 123.309012 123.308453 123.307893 123.307334 123.306774 123.306215 123.305655 123.305096 123.304536 123.303977 123.303417 123.302857 123.302298 123.301738 123.301179 123.300619 123.300060 123.299500 123.298941 123.298381 123.297822 123.297262 123.296703 123.296143 123.295583 123.295024 123.294464 123.293905 123.293345 123.292786 123.292226 123.291667 123.291126 123.290567 123.290007 123.289448 123.288888 123.288328 123.287769 123.287209 123.286650 123.286090
123.325519 123.324959 123.324400 123.323840 123.323281 123.322721 123.322162 123.321602 123.321043 123.320483 123.319923 123.319364 123.318804 123.318245 123.317685 123.317126 123.316566 123.316007 123.315447 123.314888 123.314328 123.313768 123.313209 123.312649 123.312090 123.311530 123.310971 123.310411 123.309852 123.309292 123.308733 123.308173 123.307614 123.307054 123.306494 123.305935 123.305375 123.304816 123.304256 123.303697 123.303137 123.302578 123.302018 123.301459 123.300899 123.300340 123.299780 123.299220 123.298661 123.298101 123.297542 123.296982 123.296423 123.295863 123.295304 123.294744 123.294185
123.333333 123.332793 123.332233 123.331674 123.331114 123.330555 123.329995 123.329436 123.328876 123.328317 123.327757 123.327197 123.326638 123.326078 123.325519 123.324959 123.324400 123.323840 123.323281 123.322721 123.322162 123.321602 123.321043 123.320483 123.319923 123.319364 123.318804 123.318245 123.317685 123.317126 123.316566 123.316007 123.315447 123.314888 123.314328 123.313768 123.313209 123.312649 123.312090 123.311530 123.310971 123.310411 123.309852 123.309292 123.308733 123.308173 123.307614 123.307054 123.306494 123.305935 123.305375 123.304816 123.304256 123.303697 123.303137 123.302578 123.302018
123.341447 123.340887 123.340328 123.339768 123.339209 123.338649 123.338089 123.337530 123.336970 123.336411 123.335851 123.335292 123.334732 123.334173 123.333613 123.333073 123.332513 123.331954 123.331394 123.330834 123.330275 123.329715 123.329156 123.328596 123.328037 123.327477 123.326918 123.326358 123.325799 123.325239 123.324680 123.324120 123.323560 123.323001 123.322441 123.321882 123.321322 123.320763 123.320203 123.319644 123.319084 123.318525 123.317965 123.317406 123.316846 123.316286 123.315727 123.315167 123.314608 123.314048 123.313489 123.312929 123.312370 123.311810 123.311251 123.310691 123.310131
123.349560 123.349000 123.348441 123.347881 123.347322 123.346762 123.346203 123.345643 123.345084 123.344524 123.343965 123.343405 123.342846 123.342286 123.341726 123.341167 123.340607 123.340048 123.339488 123.338929 123.338369 123.337810 123.337250 123.336691 123.336131 123.335571 123.335012 123.334452 123.333893 123.333073 123.332513 123.331954 123.331394 123.330834 123.330275 123.329715 123.329156 123.328596 123.328037 123.327477 123.326918 123.326358 123.325799 123.325239 123.324680 123.324120 123.323560 123.323001 123.322441 123.321882 123.321322 123.320763 123.320203 123.319644 123.319084 123.318525 123.317965
