FireSTARR/test/constant/O1a_S060_A000_WD270_WS020/arrival.asc
ncols         745
nrows         75
xllcorner     352203.990666
yllcorner     12745055.311160
cellsize      100.000000
NODATA_value  0.000000
[rows 25 to 49 of 75, columns 456 to 512 of 745]
123.253077 123.252518 123.251958 123.251399 123.250839 123.250280 123.249739 123.249180 123.248620 123.248061 123.247501 123.246942 123.246382 123.245823 123.245263 123.244703 123.244144 123.243584 123.243025 123.242465 123.241906 123.241346 123.240787 123.240227 123.239668 123.239108 123.238548 123.237989 123.237429 123.236870 123.236310 123.235751 123.235191 123.234632 123.234072 123.233513 123.232953 123.232394 123.231834 123.231274 123.230715 123.230155 123.229596 123.229036 123.228477 123.227917 123.227358 123.226798 123.226239 123.225679 123.225120 123.224560 123.224000 123.223441 123.222881 123.222322 123.221762
123.244983 123.244424 123.243864 123.243305 123.242745 123.242185 123.241626 123.241066 123.240507 123.239947 123.239388 123.238828 123.238269 123.237709 123.237150 123.236590 123.236031 123.235471 123.234911 123.234352 123.233792 123.233233 123.232673 123.232114 123.231554 123.230995 123.230435 123.229876 123.229316 123.228757 123.228197 123.227637 123.227078 123.226518 123.225959 123.225399 123.224840 123.224280 123.223721 123.223161 123.222602 123.222042 123.221483 123.220923 123.220363 123.219804 123.219244 123.218685 123.218125 123.217566 123.217006 123.216447 123.215887 123.215328 123.214768 123.214209 123.213649
123.236870 123.236310 123.235751 123.235191 123.234632 123.234072 123.233513 123.232953 123.232394 123.231834 123.231274 123.230715 123.230155 123.229596 123.229036 123.228477 123.227917 123.227358 123.226798 123.226239 123.225679 123.225120 123.224560 123.224000 123.223441 123.222881 123.222322 123.221762 123.221203 123.220643 123.220084 123.219524 123.218965 123.218405 123.217846 123.217286 123.216726 123.216167 123.215607 123.215048 123.214488 123.213929 123.213369 123.212810 123.212250 123.211691 123.211131 123.210571 123.210012 123.209452 123.208893 123.208333 123.207793 123.207233 123.206674 123.206114 123.205555
123.228757 123.228197 123.227637 123.227078 123.226518 123.225959 123.225399 123.224840 123.224280 123.223721 123.223161 123.222602 123.222042 123.221483 123.220923 123.220363 123.219804 123.219244 123.218685 123.218125 123.217566 123.217006 123.216447 123.215887 123.215328 123.214768 123.214209 123.213649 123.213089 123.212530 123.211970 123.211411 123.210851 123.210292 123.209732 123.209173 123.208613 123.208073 123.207513 123.206954 123.206394 123.205834 123.205275 123.204715 123.204156 123.203596 123.203037 123.202477 123.201918 123.201358 123.200799 123.200239 123.199680 123.199120 123.198560 123.198001 123.197441
123.220643 123.220084 123.219524 123.218965 123.218405 123.217846 123.217286 123.216726 123.216167 123.215607 123.215048 123.214488 123.213929 123.213369 123.212810 123.212250 123.211691 123.211131 123.210571 123.210012 123.209452 123.208893 123.208333 123.207793 123.207233 123.206674 123.206114 123.205555 123.204995 123.204436 123.203876 123.203317 123.202757 123.202197 123.201638 123.201078 123.200519 123.199959 123.199400 123.198840 123.198281 123.197721 123.197162 123.196602 123.196043 123.195483 123.194923 123.194364 123.193804 123.193245 123.192685 123.192126 123.191566 123.191007 123.190447 123.189888 123.189328
123.212810 123.212250 123.211691 123.211131 123.210571 123.210012 123.209452 123.208893 123.208333 123.207793 123.207233 123.206674 123.206114 123.205555 123.204995 123.204436 123.203876 123.203317 123.202757 123.202197 123.201638 123.201078 123.200519 123.199959 123.199400 123.198840 123.198281 123.197721 123.197162 123.196602 123.196043 123.195483 123.194923 123.194364 123.193804 123.193245 123.192685 123.192126 123.191566 123.191007 123.190447 123.189888 123.189328 123.188768 123.188209 123.187649 123.187090 123.186530 123.185971 123.185411 123.184852 123.184292 123.183733 123.183173 123.182614 123.182054 123.181494
123.204715 123.204156 123.203596 123.203037 123.202477 123.201918 123.201358 123.200799 123.200239 123.199680 123.199120 123.198560 123.198001 123.197441 123.196882 123.196322 123.195763 123.195203 123.194644 123.194084 123.193525 123.192965 123.192406 123.191846 123.191286 123.190727 123.190167 123.189608 123.189048 123.188489 123.187929 123.187370 123.186810 123.186251 123.185691 123.185131 123.184572 123.184012 123.183453 123.182893 123.182334 123.181774 123.181215 123.180655 123.180096 123.179536 123.178977 123.178417 123.177857 123.177298 123.176738 123.176179 123.175619 123.175060 123.174500 123.173941 123.173381
123.196602 123.196043 123.195483 123.194923 123.194364 123.193804 123.193245 123.192685 123.192126 123.191566 123.191007 123.190447 123.189888 123.189328 123.188768 123.188209 123.187649 123.187090 123.186530 123.185971 123.185411 123.184852 123.184292 123.183733 123.183173 123.182614 123.182054 123.181494 123.180935 123.180375 123.179816 123.179256 123.178697 123.178137 123.177578 123.177018 123.176459 123.175899 123.175340 123.174780 123.174220 123.173661 123.173101 123.172542 123.171982 123.171423 123.170863 123.170304 123.169744 123.169185 123.168625 123.168066 123.167506 123.166946 123.166406 123.165846 123.165287
123.188768 123.188209 123.187649 123.187090 123.186530 123.185971 123.185411 123.184852 123.184292 123.183733 123.183173 123.182614 123.182054 123.181494 123.180935 123.180375 123.179816 123.179256 123.178697 123.178137 123.177578 123.177018 123.176459 123.175899 123.175340 123.174780 123.174220 123.173661 123.173101 123.172542 123.171982 123.171423 123.170863 123.170304 123.169744 123.169185 123.168625 123.168066 123.167506 123.166946 123.166406 123.165846 123.165287 123.164727 123.164168 123.163608 123.163049 123.162489 123.161930 123.161370 123.160811 123.160251 123.159691 123.159132 123.158572 123.158013 123.157453
123.180655 123.180096 123.179536 123.178977 123.178417 123.177857 123.177298 123.176738 123.176179 123.175619 123.175060 123.174500 123.173941 123.173381 123.172822 123.172262 123.171703 123.171143 123.170583 123.170024 123.169464 123.168905 123.168345 123.167786 123.167226 123.166667 123.166126 123.165567 123.165007 123.164448 123.163888 123.163328 123.162769 123.162209 123.161650 123.161090 123.160531 123.159971 123.159412 123.158852 123.158293 123.157733 123.157174 123.156614 123.156054 123.155495 123.154935 123.154376 123.153816 123.153257 123.152697 123.152138 123.151578 123.151019 123.150459 123.149900 123.149340
123.172542 123.171982 123.171423 123.170863 123.170304 123.169744 123.169185 123.168625 123.168066 123.167506 123.166946 123.166406 123.165846 123.165287 123.164727 123.164168 123.163608 123.163049 123.162489 123.161930 123.161370 123.160811 123.160251 123.159691 123.159132 123.158572 123.158013 123.157453 123.156894 123.156334 123.155775 123.155215 123.154656 123.154096 123.153537 123.152977 123.152417 123.151858 123.151298 123.150739 123.150179 123.149620 123.149060 123.148501 123.147941 123.147382 123.146822 123.146263 123.145703 123.145143 123.144584 123.144024 123.143465 123.142905 123.142346 123.141786 123.141227
123.164727 123.164168 123.163608 123.163049 123.162489 123.161930 123.161370 123.160811 123.160251 123.159691 123.159132 123.158572 123.158013 123.157453 123.156894 123.156334 123.155775 123.155215 123.154656 123.154096 123.153537 123.152977 123.152417 123.151858 123.151298 123.150739 123.150179 123.149620 123.149060 123.148501 123.147941 123.147382 123.146822 123.146263 123.145703 123.145143 123.144584 123.144024 123.143465 123.142905 123.142346 123.141786 123.141227 123.140667 123.140108 123.139548 123.138988 123.138429 123.137869 123.137310 123.136750 123.136191 123.135631 123.135072 123.134512 123.133953 123.133393
123.161370 123.160811 123.160251 123.159691 123.159132 123.158572 123.158013 123.157453 123.156894 123.156334 123.155775 123.155215 123.154656 123.154096 123.153537 123.152977 123.152417 123.151858 123.151298 123.150739 123.150179 123.149620 123.149060 123.148501 123.147941 123.147382 123.146822 123.146263 123.145703 123.145143 123.144584 123.144024 123.143465 123.142905 123.142346 123.141786 123.141227 123.140667 123.140108 123.139548 123.138988 123.138429 123.137869 123.137310 123.136750 123.136191 123.135631 123.135072 123.134512 123.133953 123.133393 123.132834 123.132274 123.131714 123.131155 123.130595 123.130036
123.165567 123.165007 123.164448 123.163888 123.163328 123.162769 123.162209 123.161650 123.161090 123.160531 123.159971 123.159412 123.158852 123.158293 123.157733 123.157174 123.156614 123.156054 123.155495 123.154935 123.154376 123.153816 123.153257 123.152697 123.152138 123.151578 123.151019 123.150459 123.149900 123.149340 123.148780 123.148221 123.147661 123.147102 123.146542 123.145983 123.145423 123.144864 123.144304 123.143745 123.143185 123.142626 123.142066 123.141506 123.140947 123.140387 123.139828 123.139268 123.138709 123.138149 123.137590 123.137030 123.136471 123.135911 123.135351 123.134792 123.134232
123.173661 123.173101 123.172542 123.171982 123.171423 123.170863 123.170304 123.169744 123.169185 123.168625 123.168066 123.167506 123.166946 123.166406 123.165846 123.165287 123.164727 123.164168 123.163608 123.163049 123.162489 123.161930 123.161370 123.160811 123.160251 123.159691 123.159132 123.158572 123.158013 123.157453 123.156894 123.156334 123.155775 123.155215 123.154656 123.154096 123.153537 123.152977 123.152417 123.151858 123.151298 123.150739 123.150179 123.149620 123.149060 123.148501 123.147941 123.147382 123.146822 123.146263 123.145703 123.145143 123.144584 123.144024 123.143465 123.142905 123.142346
123.181774 123.181215 123.180655 123.180096 123.179536 123.178977 123.178417 123.177857 123.177298 123.176738 123.176179 123.175619 123.175060 123.174500 123.173941 123.173381 123.172822 123.172262 123.171703 123.171143 123.170583 123.170024 123.169464 123.168905 123.168345 123.167786 123.167226 123.166406 123.165846 123.165287 123.164727 123.164168 123.163608 123.163049 123.162489 123.161930 123.161370 123.160811 123.160251 123.159691 123.159132 123.158572 123.158013 123.157453 123.156894 123.156334 123.155775 123.155215 123.154656 123.154096 123.153537 123.152977 123.152417 123.151858 123.151298 123.150739 123.150179
123.189608 123.189048 123.188489 123.187929 123.187370 123.186810 123.186251 123.185691 123.185131 123.184572 123.184012 123.183453 123.182893 123.182334 123.181774 123.181215 123.180655 123.180096 123.179536 123.178977 123.178417 123.177857 123.177298 123.176738 123.176179 123.175619 123.175060 123.174500 123.173941 123.173381 123.172822 123.172262 123.171703 123.171143 123.170583 123.170024 123.169464 123.168905 123.168345 123.167786 123.167226 123.166667 123.166126 123.165567 123.165007 123.164448 123.163888 123.163328 123.162769 123.162209 123.161650 123.161090 123.160531 123.159971 123.159412 123.158852 123.158293
123.197721 123.197162 123.196602 123.196043 123.195483 123.194923 123.194364 123.193804 123.193245 123.192685 123.192126 123.191566 123.191007 123.190447 123.189888 123.189328 123.188768 123.188209 123.187649 123.187090 123.186530 123.185971 123.185411 123.184852 123.184292 123.183733 123.183173 123.182614 123.182054 123.181494 123.180935 123.180375 123.179816 123.179256 123.178697 123.178137 123.177578 123.177018 123.176459 123.175899 123.175340 123.174780 123.174220 123.173661 123.173101 123.172542 123.171982 123.171423 123.170863 123.170304 123.169744 123.169185 123.168625 123.168066 123.167506 123.166946 123.166406
123.205555 123.204995 123.204436 123.203876 123.203317 123.202757 123.202197 123.201638 123.201078 123.200519 123.199959 123.199400 123.198840 123.198281 123.197721 123.197162 123.196602 123.196043 123.195483 123.194923 123.194364 123.193804 123.193245 123.192685 123.192126 123.191566 123.191007 123.190447 123.189888 123.189328 123.188768 123.188209 123.187649 123.187090 123.186530 123.185971 123.185411 123.184852 123.184292 123.183733 123.183173 123.182614 123.182054 123.181494 123.180935 123.180375 123.179816 123.179256 123.178697 123.178137 123.177578 123.177018 123.176459 123.175899 123.175340 123.174780 123.174220
123.213649 123.213089 123.212530 123.211970 123.211411 123.210851 123.210292 123.209732 123.209173 123.208613 123.208073 123.207513 123.206954 123.206394 123.205834 123.205275 123.204715 123.204156 123.203596 123.203037 123.202477 123.201918 123.201358 123.200799 123.200239 123.199680 123.199120 123.198560 123.198001 123.197441 123.196882 123.196322 123.195763 123.195203 123.194644 123.194084 123.193525 123.192965 123.192406 123.191846 123.191286 123.190727 123.190167 123.189608 123.189048 123.188489 123.187929 123.187370 123.186810 123.186251 123.185691 123.185131 123.184572 123.184012 123.183453 123.182893 123.182334
123.221762 123.221203 123.220643 123.220084 123.219524 123.218965 123.218405 123.217846 123.217286 123.216726 123.216167 123.215607 123.215048 123.214488 123.213929 123.213369 123.212810 123.212250 123.211691 123.211131 123.210571 123.210012 123.209452 123.208893 123.208333 123.207793 123.207233 123.206674 123.206114 123.205555 123.204995 123.204436 123.203876 123.203317 123.202757 123.202197 123.201638 123.201078 123.200519 123.199959 123.199400 123.198840 123.198281 123.197721 123.197162 123.196602 123.196043 123.195483 123.194923 123.194364 123.193804 123.193245 123.192685 123.192126 123.191566 123.191007 123.190447
123.229596 123.229036 123.228477 123.227917 123.227358 123.226798 123.226239 123.225679 123.225120 123.224560 123.224000 123.223441 123.222881 123.222322 123.221762 123.221203 123.220643 123.220084 123.219524 123.218965 123.218405 123.217846 123.217286 123.216726 123.216167 123.215607 123.215048 123.214488 123.213929 123.213369 123.212810 123.212250 123.211691 123.211131 123.210571 123.210012 123.209452 123.208893 123.208333 123.207793 123.207233 123.206674 123.206114 123.205555 123.204995 123.204436 123.203876 123.203317 123.202757 123.202197 123.201638 123.201078 123.200519 123.199959 123.199400 123.198840 123.198281
123.237709 123.237150 123.236590 123.236031 123.235471 123.234911 123.234352 123.233792 123.233233 123.232673 123.232114 123.231554 123.230995 123.230435 123.229876 123.229316 123.228757 123.228197 123.227637 123.227078 123.226518 123.225959 123.225399 123.224840 123.224280 123.223721 123.223161 123.222602 123.222042 123.221483 123.220923 123.220363 123.219804 123.219244 123.218685 123.218125 123.217566 123.217006 123.216447 123.215887 123.215328 123.214768 123.214209 123.213649 123.213089 123.212530 123.211970 123.211411 123.210851 123.210292 123.209732 123.209173 123.208613 123.208073 123.207513 123.206954 123.206394
123.245823 123.245263 123.244703 123.244144 123.243584 123.243025 123.242465 123.241906 123.241346 123.240787 123.240227 123.239668 123.239108 123.238548 123.237989 123.237429 123.236870 123.236310 123.235751 123.235191 123.234632 123.234072 123.233513 123.232953 123.232394 123.231834 123.231274 123.230715 123.230155 123.229596 123.229036 123.228477 123.227917 123.227358 123.226798 123.226239 123.225679 123.225120 123.224560 123.224000 123.223441 123.222881 123.222322 123.221762 123.221203 123.220643 123.220084 123.219524 123.218965 123.218405 123.217846 123.217286 123.216726 123.216167 123.215607 123.215048 123.214488
123.253637 123.253077 123.252518 123.251958 123.251399 123.250839 123.250280 123.249739 123.249180 123.248620 123.248061 123.247501 123.246942 123.246382 123.245823 123.245263 123.244703 123.244144 123.243584 123.243025 123.242465 123.241906 123.241346 123.240787 123.240227 123.239668 123.239108 123.238548 123.237989 123.237429 123.236870 123.236310 123.235751 123.235191 123.234632 123.234072 123.233513 123.232953 123.232394 123.231834 123.231274 123.230715 123.230155 123.229596 123.229036 123.228477 123.227917 123.227358 123.226798 123.226239 123.225679 123.225120 123.224560 123.224000 123.223441 123.222881 123.222322
