FireSTARR/test/constant/O1a_S060_A000_WD225_WS000/arrival.asc
ncols         747
nrows         67
xllcorner     352003.990666
yllcorner     12745455.311160
cellsize      100.000000
NODATA_value  0.000000
[rows 25 to 49 of 67, columns 228 to 284 of 747]
123.360407 123.359848 123.359290 123.358732 123.358174 123.357616 123.357057 123.356499 123.355941 123.355383 123.354825 123.354266 123.353708 123.353150 123.352592 123.352033 123.351475 123.350917 123.350359 123.349801 123.349242 123.348684 123.348126 123.347568 123.347010 123.346451 123.345893 123.345335 123.344777 123.344218 123.343660 123.343102 123.342544 123.341986 123.341427 123.340869 123.340311 123.339753 123.339195 123.338636 123.338078 123.337520 123.336962 123.336404 123.335845 123.335287 123.334729 123.334171 123.333612 123.333254 123.332695 123.332137 123.331579 123.331021 123.330462 123.329904 123.329346
123.350917 123.350359 123.349801 123.349242 123.348684 123.348126 123.347568 123.347010 123.346451 123.345893 123.345335 123.344777 123.344218 123.343660 123.343102 123.342544 123.341986 123.341427 123.340869 123.340311 123.339753 123.339195 123.338636 123.338078 123.337520 123.336962 123.336404 123.335845 123.335287 123.334729 123.334171 123.333612 123.332974 123.332416 123.331858 123.331300 123.330742 123.330183 123.329625 123.329067 123.328509 123.327951 123.327392 123.326834 123.326276 123.325718 123.325159 123.324601 123.324043 123.323485 123.322927 123.322368 123.321810 123.321252 123.320694 123.320136 123.319577
123.341427 123.340869 123.340311 123.339753 123.339195 123.338636 123.338078 123.337520 123.336962 123.336404 123.335845 123.335287 123.334729 123.334171 123.333612 123.332974 123.332416 123.331858 123.331300 123.330742 123.330183 123.329625 123.329067 123.328509 123.327951 123.327392 123.326834 123.326276 123.325718 123.325159 123.324601 123.324043 123.323485 123.322927 123.322368 123.321810 123.321252 123.320694 123.320136 123.319577 123.319019 123.318461 123.317903 123.317344 123.316786 123.316228 123.315670 123.315112 123.314553 123.313995 123.313437 123.312879 123.312321 123.311762 123.311204 123.310646 123.310088
123.331579 123.331021 123.330462 123.329904 123.329346 123.328788 123.328230 123.327671 123.327113 123.326555 123.325997 123.325439 123.324880 123.324322 123.323764 123.323206 123.322647 123.322089 123.321531 123.320973 123.320415 123.319856 123.319298 123.318740 123.318182 123.317624 123.317065 123.316507 123.315949 123.315391 123.314833 123.314274 123.313716 123.313158 123.312600 123.312041 123.311483 123.310925 123.310367 123.309809 123.309250 123.308692 123.308134 123.307576 123.307018 123.306459 123.305901 123.305343 123.304785 123.304226 123.303668 123.303110 123.302552 123.301994 123.301435 123.300877 123.300319
123.322089 123.321531 123.320973 123.320415 123.319856 123.319298 123.318740 123.318182 123.317624 123.317065 123.316507 123.315949 123.315391 123.314833 123.314274 123.313716 123.313158 123.312600 123.312041 123.311483 123.310925 123.310367 123.309809 123.309250 123.308692 123.308134 123.307576 123.307018 123.306459 123.305901 123.305343 123.304785 123.304226 123.303668 123.303110 123.302552 123.301994 123.301435 123.300877 123.300319 123.299761 123.299203 123.298644 123.298086 123.297528 123.296970 123.296411 123.295853 123.295295 123.294737 123.294179 123.293620 123.293062 123.292504 123.291946 123.291308 123.290750
123.312600 123.312041 123.311483 123.310925 123.310367 123.309809 123.309250 123.308692 123.308134 123.307576 123.307018 123.306459 123.305901 123.305343 123.304785 123.304226 123.303668 123.303110 123.302552 123.301994 123.301435 123.300877 123.300319 123.299761 123.299203 123.298644 123.298086 123.297528 123.296970 123.296411 123.295853 123.295295 123.294737 123.294179 123.293620 123.293062 123.292504 123.291946 123.291308 123.290750 123.290191 123.289633 123.289075 123.288517 123.287958 123.287400 123.286842 123.286284 123.285726 123.285167 123.284609 123.284051 123.283493 123.282935 123.282376 123.281818 123.281260
123.302831 123.302273 123.301715 123.301156 123.300598 123.300040 123.299482 123.298923 123.298365 123.297807 123.297249 123.296691 123.296132 123.295574 123.295016 123.294458 123.293900 123.293341 123.292783 123.292225 123.291667 123.291308 123.290750 123.290191 123.289633 123.289075 123.288517 123.287958 123.287400 123.286842 123.286284 123.285726 123.285167 123.284609 123.284051 123.283493 123.282935 123.282376 123.281818 123.281260 123.280702 123.280144 123.279585 123.279027 123.278469 123.277911 123.277352 123.276794 123.276236 123.275678 123.275120 123.274561 123.274003 123.273445 123.272887 123.272329 123.271770
123.293341 123.292783 123.292225 123.291587 123.291029 123.290470 123.289912 123.289354 123.288796 123.288238 123.287679 123.287121 123.286563 123.286005 123.285447 123.284888 123.284330 123.283772 123.283214 123.282655 123.282097 123.281539 123.280981 123.280423 123.279864 123.279306 123.278748 123.278190 123.277632 123.277073 123.276515 123.275957 123.275399 123.274840 123.274282 123.273724 123.273166 123.272608 123.272049 123.271491 123.270933 123.270375 123.269817 123.269258 123.268700 123.268142 123.267584 123.267025 123.266467 123.265909 123.265351 123.264793 123.264234 123.263676 123.263118 123.262560 123.262002
123.289354 123.288796 123.288238 123.287679 123.287121 123.286563 123.286005 123.285447 123.284888 123.284330 123.283772 123.283214 123.282655 123.282097 123.281539 123.280981 123.280423 123.279864 123.279306 123.278748 123.278190 123.277632 123.277073 123.276515 123.275957 123.275399 123.274840 123.274282 123.273724 123.273166 123.272608 123.272049 123.271491 123.270933 123.270375 123.269817 123.269258 123.268700 123.268142 123.267584 123.267025 123.266467 123.265909 123.265351 123.264793 123.264234 123.263676 123.263118 123.262560 123.262002 123.261443 123.260885 123.260327 123.259769 123.259211 123.258652 123.258094
123.294458 123.293900 123.293341 123.292783 123.292225 123.291587 123.291029 123.290470 123.289912 123.289354 123.288796 123.288238 123.287679 123.287121 123.286563 123.286005 123.285447 123.284888 123.284330 123.283772 123.283214 123.282655 123.282097 123.281539 123.280981 123.280423 123.279864 123.279306 123.278748 123.278190 123.277632 123.277073 123.276515 123.275957 123.275399 123.274840 123.274282 123.273724 123.273166 123.272608 123.272049 123.271491 123.270933 123.270375 123.269817 123.269258 123.268700 123.268142 123.267584 123.267025 123.266467 123.265909 123.265351 123.264793 123.264234 123.263676 123.263118
123.303947 123.303389 123.302831 123.302273 123.301715 123.301156 123.300598 123.300040 123.299482 123.298923 123.298365 123.297807 123.297249 123.296691 123.296132 123.295574 123.295016 123.294458 123.293900 123.293341 123.292783 123.292225 123.291587 123.291029 123.290470 123.289912 123.289354 123.288796 123.288238 123.287679 123.287121 123.286563 123.286005 123.285447 123.284888 123.284330 123.283772 123.283214 123.282655 123.282097 123.281539 123.280981 123.280423 123.279864 123.279306 123.278748 123.278190 123.277632 123.277073 123.276515 123.275957 123.275399 123.274840 123.274282 123.273724 123.273166 123.272608
123.313437 123.312879 123.312321 123.311762 123.311204 123.310646 123.310088 123.309529 123.308971 123.308413 123.307855 123.307297 123.306738 123.306180 123.305622 123.305064 123.304506 123.303947 123.303389 123.302831 123.302273 123.301715 123.301156 123.300598 123.300040 123.299482 123.298923 123.298365 123.297807 123.297249 123.296691 123.296132 123.295574 123.295016 123.294458 123.293900 123.293341 123.292783 123.292225 123.291667 123.291308 123.290750 123.290191 123.289633 123.289075 123.288517 123.287958 123.287400 123.286842 123.286284 123.285726 123.285167 123.284609 123.284051 123.283493 123.282935 123.282376
123.323206 123.322647 123.322089 123.321531 123.320973 123.320415 123.319856 123.319298 123.318740 123.318182 123.317624 123.317065 123.316507 123.315949 123.315391 123.314833 123.314274 123.313716 123.313158 123.312600 123.312041 123.311483 123.310925 123.310367 123.309809 123.309250 123.308692 123.308134 123.307576 123.307018 123.306459 123.305901 123.305343 123.304785 123.304226 123.303668 123.303110 123.302552 123.301994 123.301435 123.300877 123.300319 123.299761 123.299203 123.298644 123.298086 123.297528 123.296970 123.296411 123.295853 123.295295 123.294737 123.294179 123.293620 123.293062 123.292504 123.291946
123.332695 123.332137 123.331579 123.331021 123.330462 123.329904 123.329346 123.328788 123.328230 123.327671 123.327113 123.326555 123.325997 123.325439 123.324880 123.324322 123.323764 123.323206 123.322647 123.322089 123.321531 123.320973 123.320415 123.319856 123.319298 123.318740 123.318182 123.317624 123.317065 123.316507 123.315949 123.315391 123.314833 123.314274 123.313716 123.313158 123.312600 123.312041 123.311483 123.310925 123.310367 123.309809 123.309250 123.308692 123.308134 123.307576 123.307018 123.306459 123.305901 123.305343 123.304785 123.304226 123.303668 123.303110 123.302552 123.301994 123.301435
123.342265 123.341707 123.341148 123.340590 123.340032 123.339474 123.338915 123.338357 123.337799 123.337241 123.336683 123.336124 123.335566 123.335008 123.334450 123.333892 123.333333 123.332974 123.332416 123.331858 123.331300 123.330742 123.330183 123.329625 123.329067 123.328509 123.327951 123.327392 123.326834 123.326276 123.325718 123.325159 123.324601 123.324043 123.323485 123.322927 123.322368 123.321810 123.321252 123.320694 123.320136 123.319577 123.319019 123.318461 123.317903 123.317344 123.316786 123.316228 123.315670 123.315112 123.314553 123.313995 123.313437 123.312879 123.312321 123.311762 123.311204
123.352033 123.351475 123.350917 123.350359 123.349801 123.349242 123.348684 123.348126 123.347568 123.347010 123.346451 123.345893 123.345335 123.344777 123.344218 123.343660 123.343102 123.342544 123.341986 123.341427 123.340869 123.340311 123.339753 123.339195 123.338636 123.338078 123.337520 123.336962 123.336404 123.335845 123.335287 123.334729 123.334171 123.333612 123.332974 123.332416 123.331858 123.331300 123.330742 123.330183 123.329625 123.329067 123.328509 123.327951 123.327392 123.326834 123.326276 123.325718 123.325159 123.324601 123.324043 123.323485 123.322927 123.322368 123.321810 123.321252 123.320694
123.361523 123.360965 123.360407 123.359848 123.359290 123.358732 123.358174 123.357616 123.357057 123.356499 123.355941 123.355383 123.354825 123.354266 123.353708 123.353150 123.352592 123.352033 123.351475 123.350917 123.350359 123.349801 123.349242 123.348684 123.348126 123.347568 123.347010 123.346451 123.345893 123.345335 123.344777 123.344218 123.343660 123.343102 123.342544 123.341986 123.341427 123.340869 123.340311 123.339753 123.339195 123.338636 123.338078 123.337520 123.336962 123.336404 123.335845 123.335287 123.334729 123.334171 123.333612 123.332974 123.332416 123.331858 123.331300 123.330742 123.330183
123.371292 123.370734 123.370175 123.369617 123.369059 123.368501 123.367943 123.367384 123.366826 123.366268 123.365710 123.365151 123.364593 123.364035 123.363477 123.362919 123.362360 123.361802 123.361244 123.360686 123.360128 123.359569 123.359011 123.358453 123.357895 123.357336 123.356778 123.356220 123.355662 123.355104 123.354545 123.353987 123.353429 123.352871 123.352313 123.351754 123.351196 123.350638 123.350080 123.349522 123.348963 123.348405 123.347847 123.347289 123.346730 123.346172 123.345614 123.345056 123.344498 123.343939 123.343381 123.342823 123.342265 123.341707 123.341148 123.340590 123.340032
123.380861 123.380303 123.379745 123.379187 123.378628 123.378070 123.377512 123.376954 123.376396 123.375837 123.375279 123.374641 123.374083 123.373525 123.372966 123.372408 123.371850 123.371292 123.370734 123.370175 123.369617 123.369059 123.368501 123.367943 123.367384 123.366826 123.366268 123.365710 123.365151 123.364593 123.364035 123.363477 123.362919 123.362360 123.361802 123.361244 123.360686 123.360128 123.359569 123.359011 123.358453 123.357895 123.357336 123.356778 123.356220 123.355662 123.355104 123.354545 123.353987 123.353429 123.352871 123.352313 123.351754 123.351196 123.350638 123.350080 123.349522
123.390351 123.389793 123.389234 123.388676 123.388118 123.387560 123.387002 123.386443 123.385885 123.385327 123.384769 123.384211 123.383652 123.383094 123.382536 123.381978 123.381419 123.380861 123.380303 123.379745 123.379187 123.378628 123.378070 123.377512 123.376954 123.376396 123.375837 123.375279 123.374641 123.374083 123.373525 123.372966 123.372408 123.371850 123.371292 123.370734 123.370175 123.369617 123.369059 123.368501 123.367943 123.367384 123.366826 123.366268 123.365710 123.365151 123.364593 123.364035 123.363477 123.362919 123.362360 123.361802 123.361244 123.360686 123.360128 123.359569 123.359011
123.399840 123.399282 123.398724 123.398166 123.397608 123.397049 123.396491 123.395933 123.395375 123.394817 123.394258 123.393700 123.393142 123.392584 123.392025 123.391467 123.390909 123.390351 123.389793 123.389234 123.388676 123.388118 123.387560 123.387002 123.386443 123.385885 123.385327 123.384769 123.384211 123.383652 123.383094 123.382536 123.381978 123.381419 123.380861 123.380303 123.379745 123.379187 123.378628 123.378070 123.377512 123.376954 123.376396 123.375837 123.375279 123.374920 123.374362 123.373804 123.373246 123.372687 123.372129 123.371571 123.371013 123.370455 123.369896 123.369338 123.368780
123.409609 123.409051 123.408493 123.407935 123.407376 123.406818 123.406260 123.405702 123.405144 123.404585 123.404027 123.403469 123.402911 123.402352 123.401794 123.401236 123.400678 123.400120 123.399561 123.399003 123.398445 123.397887 123.397329 123.396770 123.396212 123.395654 123.395096 123.394537 123.393979 123.393421 123.392863 123.392305 123.391746 123.391188 123.390630 123.390072 123.389514 123.388955 123.388397 123.387839 123.387281 123.386722 123.386164 123.385606 123.385048 123.384490 123.383931 123.383373 123.382815 123.382257 123.381699 123.381140 123.380582 123.380024 123.379466 123.378907 123.378349
0.000000 0.000000 0.000000 0.000000 0.000000 123.416308 123.415750 123.415191 123.414633 123.414075 123.413517 123.412958 123.412400 123.411842 123.411284 123.410726 123.410167 123.409609 123.409051 123.408493 123.407935 123.407376 123.406818 123.406260 123.405702 123.405144 123.404585 123.404027 123.403469 123.402911 123.402352 123.401794 123.401236 123.400678 123.400120 123.399561 123.399003 123.398445 123.397887 123.397329 123.396770 123.396212 123.395654 123.395096 123.394537 123.393979 123.393421 123.392863 123.392305 123.391746 123.391188 123.390630 123.390072 123.389514 123.388955 123.388397 123.387839
0.000000 0.000000 0.000000 0.000000 0.000000 0.000000 0.000000 0.000000 0.000000 0.000000 0.000000 0.000000 0.000000 0.000000 0.000000 0.000000 0.000000 0.000000 0.000000 0.000000 0.000000 0.000000 123.416587 123.416029 123.415470 123.414912 123.414354 123.413796 123.413238 123.412679 123.412121 123.411563 123.411005 123.410447 123.409888 123.409330 123.408772 123.408214 123.407655 123.407097 123.406539 123.405981 123.405423 123.404864 123.404306 123.403748 123.403190 123.402632 123.402073 123.401515 123.400957 123.400399 123.399840 123.399282 123.398724 123.398166 123.397608
0.000000 0.000000 0.000000 0.000000 0.000000 0.000000 0.000000 0.000000 0.000000 0.000000 0.000000 0.000000 0.000000 0.000000 0.000000 0.000000 0.000000 0.000000 0.000000 0.000000 0.000000 0.000000 0.000000 0.000000 0.000000 0.000000 0.000000 0.000000 0.000000 0.000000 0.000000 0.000000 0.000000 0.000000 0.000000 0.000000 0.000000 0.000000 0.000000 123.416587 123.416029 123.415470 123.414912 123.414354 123.413796 123.413238 123.412679 123.412121 123.411563 123.411005 123.410447 123.409888 123.409330 123.408772 123.408214 123.407655 123.407097
