FireSTARR/test/constant/O1a_S060_A000_WD225_WS000/arrival.asc
ncols         747
nrows         67
xllcorner     352003.990666
yllcorner     12745455.311160
cellsize      100.000000
NODATA_value  0.000000
[rows 25 to 49 of 67, columns 684 to 740 of 747]
123.105941 123.105383 123.104825 123.104266 123.103708 123.103150 123.102592 123.102033 123.101475 123.100917 123.100359 123.099801 123.099242 123.098684 123.098126 123.097568 123.097010 123.096451 123.095893 123.095335 123.095056 123.102592 123.115989 123.123804 123.132257 123.144258 123.157376 123.169458 123.183971 123.200159 123.216986 123.235128 123.252512 123.270375 123.292783 123.312041 123.329346 123.350638 123.370455 123.392584 123.409330 0.000000 0.000000 0.000000 0.000000 0.000000 0.000000 0.000000 0.000000 0.000000 0.000000 0.000000 0.000000 0.000000 0.000000 0.000000 0.000000
123.096451 123.095893 123.095335 123.094777 123.094218 123.093660 123.093102 123.092544 123.091986 123.091427 123.090869 123.090311 123.089753 123.089195 123.088636 123.088078 123.087520 123.086962 123.086404 123.085845 123.085287 123.084729 123.084171 123.083612 123.082974 123.082416 123.082416 123.093660 123.106499 123.112919 123.126116 123.139793 123.151236 123.167504 123.179226 123.198206 123.218102 123.235128 123.259490 123.280423 123.294179 123.312600 123.334729 123.355662 123.377233 123.399282 0.000000 0.000000 0.000000 0.000000 0.000000 0.000000 0.000000 0.000000 0.000000 0.000000 0.000000
123.086683 123.086124 123.085566 123.085008 123.084450 123.083892 123.083333 123.082974 123.082416 123.081858 123.081300 123.080742 123.080183 123.079625 123.079067 123.078509 123.077951 123.077392 123.076834 123.076276 123.075718 123.075159 123.074601 123.074043 123.073485 123.072927 123.072368 123.071810 123.071252 123.070694 123.070136 123.069577 123.072647 123.083254 123.094218 123.106220 123.117943 123.132536 123.148445 123.164075 123.179226 123.201276 123.219218 123.242384 123.257536 123.280144 123.301715 123.322368 123.343102 123.358732 123.382536 123.402073 0.000000 0.000000 0.000000 0.000000 0.000000
123.077113 123.076555 123.075997 123.075439 123.074880 123.074322 123.073764 123.073206 123.072647 123.072089 123.071531 123.070973 123.070415 123.069856 123.069298 123.068740 123.068182 123.067624 123.067065 123.066507 123.065949 123.065391 123.064833 123.064274 123.063716 123.063158 123.062600 123.062041 123.061483 123.060925 123.060367 123.059809 123.059250 123.058692 123.058134 123.057576 123.057018 123.056738 123.065391 123.073206 123.085287 123.097847 123.115151 123.127791 123.143700 123.165191 123.187041 123.206021 123.223126 123.245175 123.267305 123.282097 123.308692 123.324601 123.345614 123.367105 123.385327
123.067624 123.067065 123.066507 123.065949 123.065391 123.064833 123.064274 123.063716 123.063158 123.062600 123.062041 123.061483 123.060925 123.060367 123.059809 123.059250 123.058692 123.058134 123.057576 123.057018 123.056459 123.055901 123.055343 123.054785 123.054226 123.053668 123.053110 123.052552 123.051994 123.051435 123.050877 123.050319 123.049761 123.049203 123.048644 123.048086 123.047528 123.046970 123.046411 123.045853 123.045295 123.044737 123.044179 123.044179 123.053668 123.063995 123.082416 123.093381 123.109569 123.130024 123.149561 123.171970 123.186762 123.208254 123.233174 123.250558 123.268700
123.058134 123.057576 123.057018 123.056459 123.055901 123.055343 123.054785 123.054226 123.053668 123.053110 123.052552 123.051994 123.051435 123.050877 123.050319 123.049761 123.049203 123.048644 123.048086 123.047528 123.046970 123.046411 123.045853 123.045295 123.044737 123.044179 123.043620 123.043062 123.042504 123.041946 123.041308 123.040750 123.040191 123.039633 123.039075 123.038517 123.037958 123.037400 123.036842 123.036284 123.035726 123.035167 123.034609 123.034051 123.033493 123.032935 123.032376 123.031818 123.031260 123.034609 123.045016 123.059250 123.074880 123.095056 123.112640 123.133094 123.155144
123.048365 123.047807 123.047249 123.046691 123.046132 123.045574 123.045016 123.044458 123.043900 123.043341 123.042783 123.042225 123.041667 123.041308 123.040750 123.040191 123.039633 123.039075 123.038517 123.037958 123.037400 123.036842 123.036284 123.035726 123.035167 123.034609 123.034051 123.033493 123.032935 123.032376 123.031818 123.031260 123.030702 123.030144 123.029585 123.029027 123.028469 123.027911 123.027352 123.026794 123.026236 123.025678 123.025120 123.024561 123.024003 123.023445 123.022887 123.022329 123.021770 123.021212 123.020654 123.020096 123.019537 123.018979 123.018700 123.027073 123.041587
123.038796 123.038238 123.037679 123.037121 123.036563 123.036005 123.035447 123.034888 123.034330 123.033772 123.033214 123.032655 123.032097 123.031539 123.030981 123.030423 123.029864 123.029306 123.028748 123.028190 123.027632 123.027073 123.026515 123.025957 123.025399 123.024840 123.024282 123.023724 123.023166 123.022608 123.022049 123.021491 123.020933 123.020375 123.019817 123.019258 123.018700 123.018142 123.017584 123.017025 123.016467 123.015909 123.015351 123.014793 123.014234 123.013676 123.013118 123.012560 123.012002 123.011443 123.010885 123.010327 123.009769 123.009211 123.008652 123.008094 123.007536
123.034609 123.034051 123.033493 123.032935 123.032376 123.031818 123.031260 123.030702 123.030144 123.029585 123.029027 123.028469 123.027911 123.027352 123.026794 123.026236 123.025678 123.025120 123.024561 123.024003 123.023445 123.022887 123.022329 123.021770 123.021212 123.020654 123.020096 123.019537 123.018979 123.018421 123.017863 123.017305 123.016746 123.016188 123.015630 123.015072 123.014514 123.013955 123.013397 123.012839 123.012281 123.011722 123.011164 123.010606 123.010048 123.009490 123.008931 123.008373 123.007815 123.007257 123.006699 123.006140 123.005582 123.005024 123.004466 123.003907 123.003349
123.039912 123.039354 123.038796 123.038238 123.037679 123.037121 123.036563 123.036005 123.035447 123.034888 123.034330 123.033772 123.033214 123.032655 123.032097 123.031539 123.030981 123.030423 123.029864 123.029306 123.028748 123.028190 123.027632 123.027073 123.026515 123.025957 123.025399 123.024840 123.024282 123.023724 123.023166 123.022608 123.022049 123.021491 123.020933 123.020375 123.019817 123.019258 123.018700 123.018142 123.017584 123.017025 123.016467 123.015909 123.015351 123.014793 123.014234 123.013676 123.013118 123.012560 123.012002 123.011443 123.010885 123.010327 123.009769 123.009211 123.008652
123.049482 123.048923 123.048365 123.047807 123.047249 123.046691 123.046132 123.045574 123.045016 123.044458 123.043900 123.043341 123.042783 123.042225 123.041667 123.041308 123.040750 123.040191 123.039633 123.039075 123.038517 123.037958 123.037400 123.036842 123.036284 123.035726 123.035167 123.034609 123.034051 123.033493 123.032935 123.032376 123.031818 123.031260 123.030702 123.030144 123.029585 123.029027 123.028469 123.027911 123.027352 123.026794 123.026236 123.025678 123.025120 123.024561 123.024003 123.023445 123.022887 123.022329 123.021770 123.021212 123.020654 123.020096 123.024282 123.035167 123.052831
123.058971 123.058413 123.057855 123.057297 123.056738 123.056180 123.055622 123.055064 123.054506 123.053947 123.053389 123.052831 123.052273 123.051715 123.051156 123.050598 123.050040 123.049482 123.048923 123.048365 123.047807 123.047249 123.046691 123.046132 123.045574 123.045016 123.044458 123.043900 123.043341 123.042783 123.042225 123.041667 123.041308 123.040750 123.040191 123.039633 123.039075 123.038517 123.037958 123.037400 123.037121 123.036563 123.036005 123.035447 123.034888 123.034330 123.033772 123.033214 123.032935 123.043620 123.051715 123.067344 123.090590 123.105941 123.127512 123.145654 123.164912
123.068740 123.068182 123.067624 123.067065 123.066507 123.065949 123.065391 123.064833 123.064274 123.063716 123.063158 123.062600 123.062041 123.061483 123.060925 123.060367 123.059809 123.059250 123.058692 123.058134 123.057576 123.057018 123.056459 123.055901 123.055343 123.054785 123.054226 123.053668 123.053110 123.052552 123.051994 123.051435 123.050877 123.050319 123.049761 123.049203 123.048644 123.048086 123.047528 123.046970 123.046411 123.045853 123.045574 123.053110 123.062600 123.072089 123.086124 123.100359 123.123246 123.144258 123.162400 123.182018 123.206021 123.225359 123.239872 123.262281 123.284051
123.078509 123.077951 123.077392 123.076834 123.076276 123.075718 123.075159 123.074601 123.074043 123.073485 123.072927 123.072368 123.071810 123.071252 123.070694 123.070136 123.069577 123.069019 123.068461 123.067903 123.067344 123.066786 123.066228 123.065670 123.065112 123.064553 123.063995 123.063437 123.062879 123.062321 123.061762 123.061204 123.060646 123.060088 123.059529 123.059250 123.058413 123.063437 123.070694 123.083892 123.091707 123.100080 123.121571 123.135885 123.157097 123.177552 123.197368 123.220614 123.235965 123.257815 123.277911 123.296970 123.320694 123.338357 123.360128 123.380024 123.402632
123.087799 123.087241 123.086962 123.086404 123.085845 123.085287 123.084729 123.084171 123.083612 123.082974 123.082416 123.081858 123.081300 123.080742 123.080183 123.079625 123.079067 123.078509 123.077951 123.077392 123.076834 123.076276 123.075997 123.075439 123.074880 123.074322 123.073764 123.073206 123.072647 123.072089 123.071531 123.071252 123.081300 123.089195 123.102313 123.111244 123.116268 123.135048 123.152632 123.172807 123.193461 123.213078 123.239314 123.251396 123.274282 123.287958 123.316507 123.331579 123.356499 123.373525 123.399840 0.000000 0.000000 0.000000 0.000000 0.000000 0.000000
123.097568 123.097010 123.096451 123.095893 123.095335 123.094777 123.094218 123.093660 123.093102 123.092544 123.091986 123.091427 123.090869 123.090311 123.089753 123.089195 123.088636 123.088078 123.087520 123.086962 123.086404 123.085845 123.085287 123.084729 123.084171 123.083892 123.091148 123.102033 123.111802 123.119338 123.129745 123.135885 123.149840 123.171691 123.188716 123.210008 123.230383 123.248525 123.272049 123.287679 123.311483 123.327671 123.349522 123.368780 123.392584 123.407376 0.000000 0.000000 0.000000 0.000000 0.000000 0.000000 0.000000 0.000000 0.000000 0.000000 0.000000
123.107336 123.106778 123.106220 123.105662 123.105104 123.104545 123.103987 123.103429 123.102871 123.102313 123.101754 123.101196 123.100638 123.100080 123.099522 123.098963 123.098405 123.097847 123.097289 123.096730 123.100638 123.110965 123.119896 123.130303 123.138676 123.149003 123.156539 123.168062 123.185646 123.209171 123.228429 123.241826 123.265072 123.283493 123.306180 123.321810 123.341707 123.363477 123.381419 123.404864 0.000000 0.000000 0.000000 0.000000 0.000000 0.000000 0.000000 0.000000 0.000000 0.000000 0.000000 0.000000 0.000000 0.000000 0.000000 0.000000 0.000000
123.117105 123.116547 123.115989 123.115431 123.114872 123.114314 123.113756 123.113198 123.112640 123.112081 123.111523 123.110965 123.110407 123.109848 123.109569 123.120455 123.128907 123.137281 123.148445 123.156539 123.164075 123.176156 123.189833 123.201555 123.219498 123.243501 123.260606 123.281260 123.297807 123.320973 123.341707 123.355941 123.377791 123.399282 0.000000 0.000000 0.000000 0.000000 0.000000 0.000000 0.000000 0.000000 0.000000 0.000000 0.000000 0.000000 0.000000 0.000000 0.000000 0.000000 0.000000 0.000000 0.000000 0.000000 0.000000 0.000000 0.000000
123.126396 123.125837 123.125279 123.124920 123.124362 123.123804 123.123246 123.122687 123.122408 123.129745 123.139514 123.150120 123.157097 123.168900 123.178110 123.182855 123.194019 123.210008 123.219498 123.236802 123.254745 123.279306 123.294458 123.312321 123.338357 123.358174 123.373525 123.395654 123.413238 0.000000 0.000000 0.000000 0.000000 0.000000 0.000000 0.000000 0.000000 0.000000 0.000000 0.000000 0.000000 0.000000 0.000000 0.000000 0.000000 0.000000 0.000000 0.000000 0.000000 0.000000 0.000000 0.000000 0.000000 0.000000 0.000000 0.000000 0.000000
123.136443 123.135885 123.135327 123.138118 123.149840 123.159609 123.168620 123.176994 123.186204 123.193740 123.204625 123.210845 123.228987 123.236802 123.254466 123.272608 123.290750 123.315949 123.331300 123.349522 123.373525 123.389514 123.405981 0.000000 0.000000 0.000000 0.000000 0.000000 0.000000 0.000000 0.000000 0.000000 0.000000 0.000000 0.000000 0.000000 0.000000 0.000000 0.000000 0.000000 0.000000 0.000000 0.000000 0.000000 0.000000 0.000000 0.000000 0.000000 0.000000 0.000000 0.000000 0.000000 0.000000 0.000000 0.000000 0.000000 0.000000
123.179506 123.185088 123.193461 123.207416 123.213636 123.222289 123.229266 123.248804 123.255861 123.270933 123.286842 123.309529 123.327671 123.351754 123.366268 123.383373 123.411842 0.000000 0.000000 0.000000 0.000000 0.000000 0.000000 0.000000 0.000000 0.000000 0.000000 0.000000 0.000000 0.000000 0.000000 0.000000 0.000000 0.000000 0.000000 0.000000 0.000000 0.000000 0.000000 0.000000 0.000000 0.000000 0.000000 0.000000 0.000000 0.000000 0.000000 0.000000 0.000000 0.000000 0.000000 0.000000 0.000000 0.000000 0.000000 0.000000 0.000000
123.240431 123.246292 123.266188 123.273724 123.289354 123.307855 123.322089 123.341707 123.364872 123.385606 123.399282 0.000000 0.000000 0.000000 0.000000 0.000000 0.000000 0.000000 0.000000 0.000000 0.000000 0.000000 0.000000 0.000000 0.000000 0.000000 0.000000 0.000000 0.000000 0.000000 0.000000 0.000000 0.000000 0.000000 0.000000 0.000000 0.000000 0.000000 0.000000 0.000000 0.000000 0.000000 0.000000 0.000000 0.000000 0.000000 0.000000 0.000000 0.000000 0.000000 0.000000 0.000000 0.000000 0.000000 0.000000 0.000000 0.000000
123.325439 123.342265 123.358174 123.378628 123.401236 0.000000 0.000000 0.000000 0.000000 0.000000 0.000000 0.000000 0.000000 0.000000 0.000000 0.000000 0.000000 0.000000 0.000000 0.000000 0.000000 0.000000 0.000000 0.000000 0.000000 0.000000 0.000000 0.000000 0.000000 0.000000 0.000000 0.000000 0.000000 0.000000 0.000000 0.000000 0.000000 0.000000 0.000000 0.000000 0.000000 0.000000 0.000000 0.000000 0.000000 0.000000 0.000000 0.000000 0.000000 0.000000 0.000000 0.000000 0.000000 0.000000 0.000000 0.000000 0.000000
0.000000 0.000000 0.000000 0.000000 0.000000 0.000000 0.000000 0.000000 0.000000 0.000000 0.000000 0.000000 0.000000 0.000000 0.000000 0.000000 0.000000 0.000000 0.000000 0.000000 0.000000 0.000000 0.000000 0.000000 0.000000 0.000000 0.000000 0.000000 0.000000 0.000000 0.000000 0.000000 0.000000 0.000000 0.000000 0.000000 0.000000 0.000000 0.000000 0.000000 0.000000 0.000000 0.000000 0.000000 0.000000 0.000000 0.000000 0.000000 0.000000 0.000000 0.000000 0.000000 0.000000 0.000000 0.000000 0.000000 0.000000
0.000000 0.000000 0.000000 0.000000 0.000000 0.000000 0.000000 0.000000 0.000000 0.000000 0.000000 0.000000 0.000000 0.000000 0.000000 0.000000 0.000000 0.000000 0.000000 0.000000 0.000000 0.000000 0.000000 0.000000 0.000000 0.000000 0.000000 0.000000 0.000000 0.000000 0.000000 0.000000 0.000000 0.000000 0.000000 0.000000 0.000000 0.000000 0.000000 0.000000 0.000000 0.000000 0.000000 0.000000 0.000000 0.000000 0.000000 0.000000 0.000000 0.000000 0.000000 0.000000 0.000000 0.000000 0.000000 0.000000 0.000000
