FireSTARR/test/constant/O1a_S060_A000_WD225_WS000/arrival.asc
ncols         747
nrows         67
xllcorner     352003.990666
yllcorner     12745455.311160
cellsize      100.000000
NODATA_value  0.000000
[rows 25 to 49 of 67, columns 513 to 569 of 747]
123.201555 123.200997 123.200439 123.199880 123.199322 123.198764 123.198206 123.197647 123.197089 123.196531 123.195973 123.195415 123.194856 123.194298 123.193740 123.193182 123.192624 123.192065 123.191507 123.190949 123.190391 123.189833 123.189274 123.188716 123.188158 123.187600 123.187041 123.186483 123.185925 123.185367 123.184809 123.184250 123.183692 123.183134 123.182576 123.182018 123.181459 123.180901 123.180343 123.179785 123.179226 123.178668 123.178110 123.177552 123.176994 123.176435 123.175877 123.175319 123.174761 123.174203 123.173644 123.173086 123.172528 123.171970 123.171411 123.170853 123.170295
123.191786 123.191228 123.190670 123.190112 123.189553 123.188995 123.188437 123.187879 123.187321 123.186762 123.186204 123.185646 123.185088 123.184529 123.183971 123.183413 123.182855 123.182297 123.181738 123.181180 123.180622 123.180064 123.179506 123.178947 123.178389 123.177831 123.177273 123.176715 123.176156 123.175598 123.175040 123.174482 123.173923 123.173365 123.172807 123.172249 123.171691 123.171132 123.170574 123.170016 123.169458 123.168900 123.168341 123.167783 123.167225 123.166587 123.166029 123.165470 123.164912 123.164354 123.163796 123.163238 123.162679 123.162121 123.161563 123.161005 123.160447
123.182297 123.181738 123.181180 123.180622 123.180064 123.179506 123.178947 123.178389 123.177831 123.177273 123.176715 123.176156 123.175598 123.175040 123.174482 123.173923 123.173365 123.172807 123.172249 123.171691 123.171132 123.170574 123.170016 123.169458 123.168900 123.168341 123.167783 123.167225 123.166587 123.166029 123.165470 123.164912 123.164354 123.163796 123.163238 123.162679 123.162121 123.161563 123.161005 123.160447 123.159888 123.159330 123.158772 123.158214 123.157655 123.157097 123.156539 123.155981 123.155423 123.154864 123.154306 123.153748 123.153190 123.152632 123.152073 123.151515 123.150957
123.172528 123.171970 123.171411 123.170853 123.170295 123.169737 123.169179 123.168620 123.168062 123.167504 123.166946 123.166587 123.166029 123.165470 123.164912 123.164354 123.163796 123.163238 123.162679 123.162121 123.161563 123.161005 123.160447 123.159888 123.159330 123.158772 123.158214 123.157655 123.157097 123.156539 123.155981 123.155423 123.154864 123.154306 123.153748 123.153190 123.152632 123.152073 123.151515 123.150957 123.150399 123.149840 123.149282 123.148724 123.148166 123.147608 123.147049 123.146491 123.145933 123.145375 123.144817 123.144258 123.143700 123.143142 123.142584 123.142025 123.141467
123.162958 123.162400 123.161842 123.161284 123.160726 123.160167 123.159609 123.159051 123.158493 123.157935 123.157376 123.156818 123.156260 123.155702 123.155144 123.154585 123.154027 123.153469 123.152911 123.152352 123.151794 123.151236 123.150678 123.150120 123.149561 123.149003 123.148445 123.147887 123.147329 123.146770 123.146212 123.145654 123.145096 123.144537 123.143979 123.143421 123.142863 123.142305 123.141746 123.141188 123.140630 123.140072 123.139514 123.138955 123.138397 123.137839 123.137281 123.136722 123.136164 123.135606 123.135048 123.134490 123.133931 123.133373 123.132815 123.132257 123.131699
123.153469 123.152911 123.152352 123.151794 123.151236 123.150678 123.150120 123.149561 123.149003 123.148445 123.147887 123.147329 123.146770 123.146212 123.145654 123.145096 123.144537 123.143979 123.143421 123.142863 123.142305 123.141746 123.141188 123.140630 123.140072 123.139514 123.138955 123.138397 123.137839 123.137281 123.136722 123.136164 123.135606 123.135048 123.134490 123.133931 123.133373 123.132815 123.132257 123.131699 123.131140 123.130582 123.130024 123.129466 123.128907 123.128349 123.127791 123.127233 123.126675 123.126116 123.125558 123.124920 123.124362 123.123804 123.123246 123.122687 123.122129
123.143979 123.143421 123.142863 123.142305 123.141746 123.141188 123.140630 123.140072 123.139514 123.138955 123.138397 123.137839 123.137281 123.136722 123.136164 123.135606 123.135048 123.134490 123.133931 123.133373 123.132815 123.132257 123.131699 123.131140 123.130582 123.130024 123.129466 123.128907 123.128349 123.127791 123.127233 123.126675 123.126116 123.125558 123.124920 123.124362 123.123804 123.123246 123.122687 123.122129 123.121571 123.121013 123.120455 123.119896 123.119338 123.118780 123.118222 123.117663 123.117105 123.116547 123.115989 123.115431 123.114872 123.114314 123.113756 123.113198 123.112640
123.134211 123.133652 123.133094 123.132536 123.131978 123.131419 123.130861 123.130303 123.129745 123.129187 123.128628 123.128070 123.127512 123.126954 123.126396 123.125837 123.125279 123.124920 123.124362 123.123804 123.123246 123.122687 123.122129 123.121571 123.121013 123.120455 123.119896 123.119338 123.118780 123.118222 123.117663 123.117105 123.116547 123.115989 123.115431 123.114872 123.114314 123.113756 123.113198 123.112640 123.112081 123.111523 123.110965 123.110407 123.109848 123.109290 123.108732 123.108174 123.107616 123.107057 123.106499 123.105941 123.105383 123.104825 123.104266 123.103708 123.103150
123.130303 123.129745 123.129187 123.128628 123.128070 123.127512 123.126954 123.126396 123.125837 123.125279 123.124641 123.124083 123.123525 123.122966 123.122408 123.121850 123.121292 123.120734 123.120175 123.119617 123.119059 123.118501 123.117943 123.117384 123.116826 123.116268 123.115710 123.115151 123.114593 123.114035 123.113477 123.112919 123.112360 123.111802 123.111244 123.110686 123.110128 123.109569 123.109011 123.108453 123.107895 123.107336 123.106778 123.106220 123.105662 123.105104 123.104545 123.103987 123.103429 123.102871 123.102313 123.101754 123.101196 123.100638 123.100080 123.099522 123.098963
123.135327 123.134769 123.134211 123.133652 123.133094 123.132536 123.131978 123.131419 123.130861 123.130303 123.129745 123.129187 123.128628 123.128070 123.127512 123.126954 123.126396 123.125837 123.125279 123.124641 123.124083 123.123525 123.122966 123.122408 123.121850 123.121292 123.120734 123.120175 123.119617 123.119059 123.118501 123.117943 123.117384 123.116826 123.116268 123.115710 123.115151 123.114593 123.114035 123.113477 123.112919 123.112360 123.111802 123.111244 123.110686 123.110128 123.109569 123.109011 123.108453 123.107895 123.107336 123.106778 123.106220 123.105662 123.105104 123.104545 123.103987
123.144817 123.144258 123.143700 123.143142 123.142584 123.142025 123.141467 123.140909 123.140351 123.139793 123.139234 123.138676 123.138118 123.137560 123.137002 123.136443 123.135885 123.135327 123.134769 123.134211 123.133652 123.133094 123.132536 123.131978 123.131419 123.130861 123.130303 123.129745 123.129187 123.128628 123.128070 123.127512 123.126954 123.126396 123.125837 123.125279 123.124920 123.124362 123.123804 123.123246 123.122687 123.122129 123.121571 123.121013 123.120455 123.119896 123.119338 123.118780 123.118222 123.117663 123.117105 123.116547 123.115989 123.115431 123.114872 123.114314 123.113756
123.154585 123.154027 123.153469 123.152911 123.152352 123.151794 123.151236 123.150678 123.150120 123.149561 123.149003 123.148445 123.147887 123.147329 123.146770 123.146212 123.145654 123.145096 123.144537 123.143979 123.143421 123.142863 123.142305 123.141746 123.141188 123.140630 123.140072 123.139514 123.138955 123.138397 123.137839 123.137281 123.136722 123.136164 123.135606 123.135048 123.134490 123.133931 123.133373 123.132815 123.132257 123.131699 123.131140 123.130582 123.130024 123.129466 123.128907 123.128349 123.127791 123.127233 123.126675 123.126116 123.125558 123.124920 123.124362 123.123804 123.123246
123.164075 123.163517 123.162958 123.162400 123.161842 123.161284 123.160726 123.160167 123.159609 123.159051 123.158493 123.157935 123.157376 123.156818 123.156260 123.155702 123.155144 123.154585 123.154027 123.153469 123.152911 123.152352 123.151794 123.151236 123.150678 123.150120 123.149561 123.149003 123.148445 123.147887 123.147329 123.146770 123.146212 123.145654 123.145096 123.144537 123.143979 123.143421 123.142863 123.142305 123.141746 123.141188 123.140630 123.140072 123.139514 123.138955 123.138397 123.137839 123.137281 123.136722 123.136164 123.135606 123.135048 123.134490 123.133931 123.133373 123.132815
123.173644 123.173086 123.172528 123.171970 123.171411 123.170853 123.170295 123.169737 123.169179 123.168620 123.168062 123.167504 123.166946 123.166587 123.166029 123.165470 123.164912 123.164354 123.163796 123.163238 123.162679 123.162121 123.161563 123.161005 123.160447 123.159888 123.159330 123.158772 123.158214 123.157655 123.157097 123.156539 123.155981 123.155423 123.154864 123.154306 123.153748 123.153190 123.152632 123.152073 123.151515 123.150957 123.150399 123.149840 123.149282 123.148724 123.148166 123.147608 123.147049 123.146491 123.145933 123.145375 123.144817 123.144258 123.143700 123.143142 123.142584
123.183413 123.182855 123.182297 123.181738 123.181180 123.180622 123.180064 123.179506 123.178947 123.178389 123.177831 123.177273 123.176715 123.176156 123.175598 123.175040 123.174482 123.173923 123.173365 123.172807 123.172249 123.171691 123.171132 123.170574 123.170016 123.169458 123.168900 123.168341 123.167783 123.167225 123.166587 123.166029 123.165470 123.164912 123.164354 123.163796 123.163238 123.162679 123.162121 123.161563 123.161005 123.160447 123.159888 123.159330 123.158772 123.158214 123.157655 123.157097 123.156539 123.155981 123.155423 123.154864 123.154306 123.153748 123.153190 123.152632 123.152073
123.192903 123.192344 123.191786 123.191228 123.190670 123.190112 123.189553 123.188995 123.188437 123.187879 123.187321 123.186762 123.186204 123.185646 123.185088 123.184529 123.183971 123.183413 123.182855 123.182297 123.181738 123.181180 123.180622 123.180064 123.179506 123.178947 123.178389 123.177831 123.177273 123.176715 123.176156 123.175598 123.175040 123.174482 123.173923 123.173365 123.172807 123.172249 123.171691 123.171132 123.170574 123.170016 123.169458 123.168900 123.168341 123.167783 123.167225 123.166667 123.166308 123.165750 123.165191 123.164633 123.164075 123.163517 123.162958 123.162400 123.161842
123.202392 123.201834 123.201276 123.200718 123.200159 123.199601 123.199043 123.198485 123.197927 123.197368 123.196810 123.196252 123.195694 123.195136 123.194577 123.194019 123.193461 123.192903 123.192344 123.191786 123.191228 123.190670 123.190112 123.189553 123.188995 123.188437 123.187879 123.187321 123.186762 123.186204 123.185646 123.185088 123.184529 123.183971 123.183413 123.182855 123.182297 123.181738 123.181180 123.180622 123.180064 123.179506 123.178947 123.178389 123.177831 123.177273 123.176715 123.176156 123.175598 123.175040 123.174482 123.173923 123.173365 123.172807 123.172249 123.171691 123.171132
123.212241 123.211683 123.211124 123.210566 123.210008 123.209450 123.208892 123.208254 123.207695 123.207137 123.206579 123.206021 123.205462 123.204904 123.204346 123.203788 123.203230 123.202671 123.202113 123.201555 123.200997 123.200439 123.199880 123.199322 123.198764 123.198206 123.197647 123.197089 123.196531 123.195973 123.195415 123.194856 123.194298 123.193740 123.193182 123.192624 123.192065 123.191507 123.190949 123.190391 123.189833 123.189274 123.188716 123.188158 123.187600 123.187041 123.186483 123.185925 123.185367 123.184809 123.184250 123.183692 123.183134 123.182576 123.182018 123.181459 123.180901
123.221730 123.221172 123.220614 123.220056 123.219498 123.218939 123.218381 123.217823 123.217265 123.216707 123.216148 123.215590 123.215032 123.214474 123.213915 123.213357 123.212799 123.212241 123.211683 123.211124 123.210566 123.210008 123.209450 123.208892 123.208254 123.207695 123.207137 123.206579 123.206021 123.205462 123.204904 123.204346 123.203788 123.203230 123.202671 123.202113 123.201555 123.200997 123.200439 123.199880 123.199322 123.198764 123.198206 123.197647 123.197089 123.196531 123.195973 123.195415 123.194856 123.194298 123.193740 123.193182 123.192624 123.192065 123.191507 123.190949 123.190391
123.231220 123.230662 123.230104 123.229545 123.228987 123.228429 123.227871 123.227313 123.226754 123.226196 123.225638 123.225080 123.224522 123.223963 123.223405 123.222847 123.222289 123.221730 123.221172 123.220614 123.220056 123.219498 123.218939 123.218381 123.217823 123.217265 123.216707 123.216148 123.215590 123.215032 123.214474 123.213915 123.213357 123.212799 123.212241 123.211683 123.211124 123.210566 123.210008 123.209450 123.208892 123.208333 123.207974 123.207416 123.206858 123.206300 123.205742 123.205183 123.204625 123.204067 123.203509 123.202951 123.202392 123.201834 123.201276 123.200718 123.200159
123.240989 123.240431 123.239872 123.239314 123.238756 123.238198 123.237640 123.237081 123.236523 123.235965 123.235407 123.234848 123.234290 123.233732 123.233174 123.232616 123.232057 123.231499 123.230941 123.230383 123.229825 123.229266 123.228708 123.228150 123.227592 123.227033 123.226475 123.225917 123.225359 123.224801 123.224242 123.223684 123.223126 123.222568 123.222010 123.221451 123.220893 123.220335 123.219777 123.219218 123.218660 123.218102 123.217544 123.216986 123.216427 123.215869 123.215311 123.214753 123.214195 123.213636 123.213078 123.212520 123.211962 123.211404 123.210845 123.210287 123.209729
123.250558 123.249920 123.249362 123.248804 123.248246 123.247687 123.247129 123.246571 123.246013 123.245455 123.244896 123.244338 123.243780 123.243222 123.242663 123.242105 123.241547 123.240989 123.240431 123.239872 123.239314 123.238756 123.238198 123.237640 123.237081 123.236523 123.235965 123.235407 123.234848 123.234290 123.233732 123.233174 123.232616 123.232057 123.231499 123.230941 123.230383 123.229825 123.229266 123.228708 123.228150 123.227592 123.227033 123.226475 123.225917 123.225359 123.224801 123.224242 123.223684 123.223126 123.222568 123.222010 123.221451 123.220893 123.220335 123.219777 123.219218
123.260048 123.259490 123.258931 123.258373 123.257815 123.257257 123.256699 123.256140 123.255582 123.255024 123.254466 123.253907 123.253349 123.252791 123.252233 123.251675 123.251116 123.250558 123.249920 123.249362 123.248804 123.248246 123.247687 123.247129 123.246571 123.246013 123.245455 123.244896 123.244338 123.243780 123.243222 123.242663 123.242105 123.241547 123.240989 123.240431 123.239872 123.239314 123.238756 123.238198 123.237640 123.237081 123.236523 123.235965 123.235407 123.234848 123.234290 123.233732 123.233174 123.232616 123.232057 123.231499 123.230941 123.230383 123.229825 123.229266 123.228708
123.269817 123.269258 123.268700 123.268142 123.267584 123.267025 123.266467 123.265909 123.265351 123.264793 123.264234 123.263676 123.263118 123.262560 123.262002 123.261443 123.260885 123.260327 123.259769 123.259211 123.258652 123.258094 123.257536 123.256978 123.256419 123.255861 123.255303 123.254745 123.254187 123.253628 123.253070 123.252512 123.251954 123.251396 123.250837 123.250279 123.249641 123.249083 123.248525 123.247966 123.247408 123.246850 123.246292 123.245734 123.245175 123.244617 123.244059 123.243501 123.242943 123.242384 123.241826 123.241268 123.240710 123.240151 123.239593 123.239035 123.238477
123.279306 123.278748 123.278190 123.277632 123.277073 123.276515 123.275957 123.275399 123.274840 123.274282 123.273724 123.273166 123.272608 123.272049 123.271491 123.270933 123.270375 123.269817 123.269258 123.268700 123.268142 123.267584 123.267025 123.266467 123.265909 123.265351 123.264793 123.264234 123.263676 123.263118 123.262560 123.262002 123.261443 123.260885 123.260327 123.259769 123.259211 123.258652 123.258094 123.257536 123.256978 123.256419 123.255861 123.255303 123.254745 123.254187 123.253628 123.253070 123.252512 123.251954 123.251396 123.250837 123.250279 123.249920 123.249362 123.248804 123.248246
