FireSTARR/test/constant/O1a_S060_A270_WD225_WS020/arrival.asc
ncols         96
nrows         742
xllcorner     425403.990666
yllcorner     12748755.311160
cellsize      100.000000
NODATA_value  0.000000
[rows 621 to 647 of 742, columns 0 to 59 of 96]
0.000000 0.000000 0.000000 0.000000 123.404573 123.378627 123.352863 123.326262 123.301152 123.275109 123.250000 123.225352 123.204052 123.194287 123.183685 123.172247 123.161827 123.151225 123.140624 123.130022 123.119324 123.109001 123.098120 123.087797 123.077099 123.067334 123.067892 123.079052 123.092261 123.113744 123.133649 123.154573 123.175873 123.200704 123.222004 123.253627 123.282363 123.322914 123.360396 123.410711 0.000000 0.000000 0.000000 0.000000 0.000000 0.000000 0.000000 0.000000 0.000000 0.000000 0.000000 0.000000 0.000000 0.000000 0.000000 0.000000 0.000000 0.000000 0.000000 0.000000
0.000000 0.000000 0.000000 0.000000 123.403178 123.376674 123.351189 123.324030 123.299479 123.273715 123.248509 123.223120 123.202657 123.192055 123.182290 123.170573 123.160432 123.149272 123.139229 123.128348 123.117650 123.107048 123.096725 123.086402 123.075425 123.066776 123.068729 123.079331 123.093935 123.114581 123.133928 123.155968 123.178384 123.201541 123.225073 123.256696 123.285711 123.325983 123.371556 0.000000 0.000000 0.000000 0.000000 0.000000 0.000000 0.000000 0.000000 0.000000 0.000000 0.000000 0.000000 0.000000 0.000000 0.000000 0.000000 0.000000 0.000000 0.000000 0.000000 0.000000
0.000000 0.000000 0.000000 0.000000 123.400946 123.375279 123.349236 123.322356 123.297247 123.271762 123.246556 123.221446 123.201262 123.190660 123.180058 123.168341 123.158758 123.147599 123.137555 123.126674 123.116255 123.105095 123.095051 123.084170 123.074030 123.066218 123.069008 123.079889 123.096167 123.115697 123.135602 123.157921 123.178942 123.205447 123.226747 123.259765 123.296410 123.334170 123.377790 0.000000 0.000000 0.000000 0.000000 0.000000 0.000000 0.000000 0.000000 0.000000 0.000000 0.000000 0.000000 0.000000 0.000000 0.000000 0.000000 0.000000 0.000000 0.000000 0.000000 0.000000
0.000000 0.000000 0.000000 0.000000 123.399272 123.373230 123.347841 123.320961 123.295852 123.270088 123.244882 123.220051 123.199030 123.188986 123.178384 123.166946 123.156526 123.146204 123.135323 123.124903 123.114023 123.103700 123.092819 123.082679 123.071519 123.065660 123.069845 123.081005 123.098120 123.117650 123.137555 123.160711 123.181732 123.207679 123.230653 123.262555 123.300036 123.338076 123.381417 0.000000 0.000000 0.000000 0.000000 0.000000 0.000000 0.000000 0.000000 0.000000 0.000000 0.000000 0.000000 0.000000 0.000000 0.000000 0.000000 0.000000 0.000000 0.000000 0.000000 0.000000
0.000000 0.000000 0.000000 0.000000 123.397599 123.371835 123.346167 123.319287 123.294457 123.267856 123.243487 123.218098 123.197356 123.187033 123.176710 123.165175 123.154852 123.143972 123.133649 123.123230 123.112349 123.102026 123.091145 123.081005 123.070124 123.065102 123.070682 123.081563 123.098678 123.119603 123.138950 123.162943 123.186754 123.211123 123.234001 123.267856 123.302547 123.341424 123.390066 0.000000 0.000000 0.000000 0.000000 0.000000 0.000000 0.000000 0.000000 0.000000 0.000000 0.000000 0.000000 0.000000 0.000000 0.000000 0.000000 0.000000 0.000000 0.000000 0.000000 0.000000
0.000000 0.000000 0.000000 0.000000 123.396204 123.370161 123.344493 123.317892 123.291946 123.266461 123.241255 123.216145 123.195682 123.185080 123.175315 123.163501 123.153457 123.142298 123.132254 123.120998 123.110954 123.099794 123.089750 123.078773 123.068729 123.064544 123.071240 123.082121 123.100631 123.121835 123.140903 123.165175 123.187312 123.213076 123.237070 123.270367 123.306174 123.349236 123.397878 0.000000 0.000000 0.000000 0.000000 0.000000 0.000000 0.000000 0.000000 0.000000 0.000000 0.000000 0.000000 0.000000 0.000000 0.000000 0.000000 0.000000 0.000000 0.000000 0.000000 0.000000
0.000000 0.000000 0.000000 0.000000 123.394251 123.368208 123.342819 123.316218 123.290454 123.265066 123.239581 123.214750 123.194008 123.183685 123.172805 123.161827 123.151504 123.140903 123.130301 123.119324 123.109280 123.098399 123.088076 123.077099 123.066776 123.063986 123.071798 123.082679 123.102863 123.124624 123.142856 123.167504 123.190102 123.215029 123.243487 123.274551 123.315102 123.353142 123.401504 0.000000 0.000000 0.000000 0.000000 0.000000 0.000000 0.000000 0.000000 0.000000 0.000000 0.000000 0.000000 0.000000 0.000000 0.000000 0.000000 0.000000 0.000000 0.000000 0.000000 0.000000
0.000000 0.000000 0.000000 0.000000 123.392577 123.366255 123.340587 123.314544 123.289059 123.262834 123.238186 123.212518 123.191776 123.182290 123.171410 123.160432 123.149551 123.139229 123.128348 123.117929 123.107048 123.096725 123.085844 123.075704 123.064823 123.063428 123.072635 123.083333 123.104258 123.124903 123.146483 123.170573 123.192055 123.215587 123.244882 123.283200 123.320124 123.359001 123.413222 0.000000 0.000000 0.000000 0.000000 0.000000 0.000000 0.000000 0.000000 0.000000 0.000000 0.000000 0.000000 0.000000 0.000000 0.000000 0.000000 0.000000 0.000000 0.000000 0.000000 0.000000
0.000000 0.000000 0.000000 123.416570 123.391182 123.364860 123.339192 123.313149 123.286827 123.261160 123.236512 123.211123 123.190381 123.180058 123.169736 123.157921 123.147878 123.136997 123.126674 123.116255 123.105374 123.095051 123.084449 123.073751 123.063149 123.062870 123.073472 123.086681 123.107327 123.128069 123.148715 123.171689 123.195961 123.218098 123.249624 123.287664 123.326262 123.367929 0.000000 0.000000 0.000000 0.000000 0.000000 0.000000 0.000000 0.000000 0.000000 0.000000 0.000000 0.000000 0.000000 0.000000 0.000000 0.000000 0.000000 0.000000 0.000000 0.000000 0.000000 0.000000
0.000000 0.000000 0.000000 123.414896 123.389508 123.363465 123.337797 123.311475 123.285153 123.259486 123.234280 123.208891 123.188986 123.178105 123.168062 123.156526 123.146483 123.135323 123.124903 123.114023 123.103979 123.092819 123.082958 123.071798 123.062312 123.062870 123.073751 123.089192 123.108164 123.131138 123.150667 123.172526 123.198751 123.220888 123.253069 123.289617 123.329331 123.380859 0.000000 0.000000 0.000000 0.000000 0.000000 0.000000 0.000000 0.000000 0.000000 0.000000 0.000000 0.000000 0.000000 0.000000 0.000000 0.000000 0.000000 0.000000 0.000000 0.000000 0.000000 0.000000
0.000000 0.000000 0.000000 123.413222 123.387276 123.361233 123.335844 123.309522 123.283758 123.258091 123.232606 123.207121 123.187033 123.176431 123.166291 123.155131 123.144530 123.133928 123.123230 123.112628 123.102026 123.091424 123.080726 123.070403 123.061754 123.063428 123.074309 123.090029 123.109838 123.131138 123.153457 123.176431 123.200983 123.226189 123.256696 123.293062 123.332958 123.384765 0.000000 0.000000 0.000000 0.000000 0.000000 0.000000 0.000000 0.000000 0.000000 0.000000 0.000000 0.000000 0.000000 0.000000 0.000000 0.000000 0.000000 0.000000 0.000000 0.000000 0.000000 0.000000
0.000000 0.000000 0.000000 123.411827 123.385602 123.359559 123.333891 123.307569 123.281805 123.255859 123.231211 123.205726 123.185080 123.175036 123.164896 123.153178 123.142577 123.131975 123.120998 123.110954 123.100073 123.090029 123.079052 123.068729 123.061196 123.064265 123.075425 123.091703 123.111791 123.132254 123.155968 123.179221 123.203494 123.229816 123.262276 123.303105 123.339750 123.389787 0.000000 0.000000 0.000000 0.000000 0.000000 0.000000 0.000000 0.000000 0.000000 0.000000 0.000000 0.000000 0.000000 0.000000 0.000000 0.000000 0.000000 0.000000 0.000000 0.000000 0.000000 0.000000
0.000000 0.000000 0.000000 123.409316 123.384207 123.357885 123.332400 123.306174 123.279852 123.254185 123.229258 123.203773 123.183406 123.172805 123.162385 123.151225 123.141182 123.130022 123.119603 123.109001 123.098399 123.087797 123.077378 123.066776 123.060638 123.065102 123.075704 123.093656 123.113465 123.134765 123.158200 123.180337 123.204889 123.234280 123.269251 123.308685 123.347562 123.406805 0.000000 0.000000 0.000000 0.000000 0.000000 0.000000 0.000000 0.000000 0.000000 0.000000 0.000000 0.000000 0.000000 0.000000 0.000000 0.000000 0.000000 0.000000 0.000000 0.000000 0.000000 0.000000
0.000000 0.000000 0.000000 123.407921 123.382254 123.356211 123.330726 123.304500 123.278178 123.252511 123.227305 123.201820 123.182011 123.171131 123.160990 123.149551 123.139508 123.128627 123.118208 123.107048 123.097004 123.086123 123.075983 123.064823 123.060080 123.065660 123.076541 123.094772 123.117929 123.137276 123.158479 123.182848 123.206842 123.235675 123.275109 123.312870 123.361791 123.415454 0.000000 0.000000 0.000000 0.000000 0.000000 0.000000 0.000000 0.000000 0.000000 0.000000 0.000000 0.000000 0.000000 0.000000 0.000000 0.000000 0.000000 0.000000 0.000000 0.000000 0.000000 0.000000
0.000000 0.000000 0.000000 123.406247 123.380301 123.354537 123.328494 123.302547 123.276783 123.250837 123.225910 123.200425 123.179779 123.169736 123.159316 123.148157 123.137276 123.126953 123.116255 123.105653 123.095051 123.084449 123.073751 123.063428 123.059522 123.066218 123.076820 123.097283 123.118208 123.138950 123.161548 123.187312 123.208237 123.239860 123.279294 123.318171 123.367650 0.000000 0.000000 0.000000 0.000000 0.000000 0.000000 0.000000 0.000000 0.000000 0.000000 0.000000 0.000000 0.000000 0.000000 0.000000 0.000000 0.000000 0.000000 0.000000 0.000000 0.000000 0.000000 0.000000
0.000000 0.000000 0.000000 123.404573 123.378906 123.353142 123.326820 123.300594 123.274830 123.249066 123.223957 123.198751 123.178105 123.168062 123.157642 123.145925 123.135602 123.124903 123.114302 123.104258 123.093098 123.082958 123.072077 123.061754 123.058964 123.067055 123.077936 123.099515 123.120161 123.141461 123.165175 123.188986 123.211960 123.245998 123.283758 123.320124 123.369324 0.000000 0.000000 0.000000 0.000000 0.000000 0.000000 0.000000 0.000000 0.000000 0.000000 0.000000 0.000000 0.000000 0.000000 0.000000 0.000000 0.000000 0.000000 0.000000 0.000000 0.000000 0.000000 0.000000
0.000000 0.000000 0.000000 123.402341 123.377232 123.351468 123.325425 123.299200 123.272878 123.247393 123.222283 123.196798 123.176431 123.166012 123.155410 123.144251 123.134207 123.123509 123.112628 123.102026 123.091703 123.080726 123.070403 123.059522 123.058406 123.067613 123.079610 123.100910 123.121835 123.143972 123.166946 123.189823 123.216982 123.248787 123.289059 123.323193 123.383649 0.000000 0.000000 0.000000 0.000000 0.000000 0.000000 0.000000 0.000000 0.000000 0.000000 0.000000 0.000000 0.000000 0.000000 0.000000 0.000000 0.000000 0.000000 0.000000 0.000000 0.000000 0.000000 0.000000
0.000000 0.000000 0.000000 123.400946 123.374903 123.349794 123.323751 123.297247 123.271204 123.245998 123.220051 123.194845 123.175036 123.164617 123.154015 123.142577 123.132533 123.121556 123.111233 123.100352 123.090029 123.079052 123.068729 123.058127 123.057848 123.068171 123.081842 123.101468 123.124066 123.146762 123.169457 123.193729 123.220051 123.253348 123.296131 123.336402 123.393414 0.000000 0.000000 0.000000 0.000000 0.000000 0.000000 0.000000 0.000000 0.000000 0.000000 0.000000 0.000000 0.000000 0.000000 0.000000 0.000000 0.000000 0.000000 0.000000 0.000000 0.000000 0.000000 0.000000
0.000000 0.000000 0.000000 123.399551 123.373509 123.347562 123.321519 123.295852 123.269809 123.244324 123.218656 123.193450 123.172805 123.162385 123.152341 123.141182 123.130301 123.119603 123.109001 123.098678 123.087797 123.077657 123.066497 123.057290 123.057848 123.069008 123.085286 123.103700 123.125837 123.148994 123.171689 123.195403 123.223957 123.262834 123.301431 123.345609 123.402062 0.000000 0.000000 0.000000 0.000000 0.000000 0.000000 0.000000 0.000000 0.000000 0.000000 0.000000 0.000000 0.000000 0.000000 0.000000 0.000000 0.000000 0.000000 0.000000 0.000000 0.000000 0.000000 0.000000
0.000000 0.000000 0.000000 123.397320 123.372114 123.345888 123.320124 123.294457 123.267577 123.242092 123.216982 123.191776 123.171131 123.160711 123.150388 123.138950 123.128906 123.117929 123.107327 123.097004 123.086123 123.075983 123.065102 123.056732 123.058685 123.069566 123.086123 123.107606 123.128627 123.152062 123.174479 123.197356 123.225910 123.266182 123.307011 123.352584 0.000000 0.000000 0.000000 0.000000 0.000000 0.000000 0.000000 0.000000 0.000000 0.000000 0.000000 0.000000 0.000000 0.000000 0.000000 0.000000 0.000000 0.000000 0.000000 0.000000 0.000000 0.000000 0.000000 0.000000
0.000000 0.000000 0.000000 123.395367 123.369603 123.344493 123.318450 123.292225 123.265903 123.240418 123.215029 123.189544 123.169736 123.159316 123.148436 123.137276 123.127232 123.116534 123.105932 123.094772 123.084728 123.073751 123.063707 123.056174 123.059522 123.070403 123.087239 123.110396 123.129185 123.153736 123.177547 123.200704 123.234280 123.270925 123.309243 123.360675 0.000000 0.000000 0.000000 0.000000 0.000000 0.000000 0.000000 0.000000 0.000000 0.000000 0.000000 0.000000 0.000000 0.000000 0.000000 0.000000 0.000000 0.000000 0.000000 0.000000 0.000000 0.000000 0.000000 0.000000
0.000000 0.000000 0.000000 123.393972 123.368208 123.342540 123.316776 123.290454 123.264508 123.239023 123.213076 123.187870 123.167783 123.157642 123.147041 123.135881 123.124903 123.114581 123.104258 123.093377 123.082958 123.072356 123.061754 123.055616 123.060080 123.070682 123.089471 123.111512 123.132254 123.155410 123.179500 123.204331 123.235954 123.274830 123.312591 123.374345 0.000000 0.000000 0.000000 0.000000 0.000000 0.000000 0.000000 0.000000 0.000000 0.000000 0.000000 0.000000 0.000000 0.000000 0.000000 0.000000 0.000000 0.000000 0.000000 0.000000 0.000000 0.000000 0.000000 0.000000
0.000000 0.000000 0.000000 123.392298 123.366534 123.340587 123.314823 123.289059 123.262834 123.237349 123.211681 123.186475 123.166012 123.155410 123.145646 123.133928 123.123509 123.112628 123.102026 123.091703 123.080726 123.070682 123.059801 123.055058 123.060359 123.071240 123.090866 123.114581 123.136160 123.158200 123.180895 123.211123 123.244045 123.281247 123.326541 123.377790 0.000000 0.000000 0.000000 0.000000 0.000000 0.000000 0.000000 0.000000 0.000000 0.000000 0.000000 0.000000 0.000000 0.000000 0.000000 0.000000 0.000000 0.000000 0.000000 0.000000 0.000000 0.000000 0.000000 0.000000
0.000000 0.000000 123.416570 123.390345 123.364860 123.339192 123.312870 123.286827 123.261718 123.235117 123.209449 123.184801 123.164617 123.153736 123.143414 123.131975 123.122114 123.111233 123.100352 123.090029 123.079331 123.068729 123.058127 123.054500 123.061196 123.072077 123.093098 123.115139 123.138950 123.161269 123.182569 123.213913 123.248509 123.284874 123.334170 123.393972 0.000000 0.000000 0.000000 0.000000 0.000000 0.000000 0.000000 0.000000 0.000000 0.000000 0.000000 0.000000 0.000000 0.000000 0.000000 0.000000 0.000000 0.000000 0.000000 0.000000 0.000000 0.000000 0.000000 0.000000
0.000000 0.000000 123.414617 123.388392 123.362628 123.337518 123.311475 123.285432 123.259486 123.233722 123.207400 123.182569 123.162385 123.152341 123.141740 123.130301 123.119882 123.109559 123.098957 123.087797 123.077936 123.066776 123.056732 123.053942 123.062033 123.075146 123.094493 123.117092 123.140903 123.162943 123.185917 123.215308 123.255022 123.295015 123.336681 123.404294 0.000000 0.000000 0.000000 0.000000 0.000000 0.000000 0.000000 0.000000 0.000000 0.000000 0.000000 0.000000 0.000000 0.000000 0.000000 0.000000 0.000000 0.000000 0.000000 0.000000 0.000000 0.000000 0.000000 0.000000
0.000000 0.000000 123.413222 123.386997 123.361233 123.335286 123.310080 123.284037 123.257812 123.232048 123.206005 123.181174 123.160711 123.150388 123.140066 123.128906 123.118208 123.107327 123.097004 123.086402 123.075704 123.065381 123.054500 123.053384 123.062591 123.076541 123.098120 123.119045 123.143135 123.164617 123.190102 123.221725 123.256417 123.298363 123.354537 123.410432 0.000000 0.000000 0.000000 0.000000 0.000000 0.000000 0.000000 0.000000 0.000000 0.000000 0.000000 0.000000 0.000000 0.000000 0.000000 0.000000 0.000000 0.000000 0.000000 0.000000 0.000000 0.000000 0.000000 0.000000
0.000000 0.000000 123.411548 123.385602 123.359559 123.333237 123.307848 123.281805 123.256417 123.230095 123.204331 123.179500 123.159316 123.148436 123.138671 123.126953 123.116534 123.105653 123.095051 123.085007 123.074030 123.063707 123.052826 123.052826 123.063149 123.079331 123.101468 123.120719 123.144251 123.167504 123.192892 123.228142 123.267298 123.301431 123.358443 0.000000 0.000000 0.000000 0.000000 0.000000 0.000000 0.000000 0.000000 0.000000 0.000000 0.000000 0.000000 0.000000 0.000000 0.000000 0.000000 0.000000 0.000000 0.000000 0.000000 0.000000 0.000000 0.000000 0.000000 0.000000
