FireSTARR/test/constant/O1a_S060_A270_WD225_WS020/arrival.asc
ncols         96
nrows         742
xllcorner     425403.990666
yllcorner     12748755.311160
cellsize      100.000000
NODATA_value  0.000000
[rows 540 to 566 of 742, columns 0 to 59 of 96]
0.000000 0.000000 0.000000 0.000000 0.000000 0.000000 0.000000 0.000000 0.000000 0.000000 123.391740 123.367092 123.345888 123.335286 123.324867 123.313986 123.303942 123.293620 123.282084 123.271483 123.261160 123.250279 123.239860 123.228979 123.218656 123.207958 123.197635 123.187870 123.176431 123.166012 123.155131 123.144251 123.133928 123.123509 123.112907 123.113186 123.124066 123.134765 123.147320 123.167504 123.187591 123.206284 123.226189 123.245440 123.268972 123.290733 123.314544 123.337797 123.363186 123.390345 123.416291 0.000000 0.000000 0.000000 0.000000 0.000000 0.000000 0.000000 0.000000 0.000000
0.000000 0.000000 0.000000 0.000000 0.000000 0.000000 0.000000 0.000000 0.000000 123.416291 123.390345 123.365418 123.344214 123.333891 123.322914 123.312312 123.302268 123.291570 123.280689 123.269809 123.259486 123.248509 123.238186 123.227584 123.217261 123.206563 123.196240 123.185638 123.174757 123.163780 123.153736 123.142856 123.131975 123.121277 123.112349 123.113744 123.124624 123.135323 123.149830 123.170015 123.188428 123.207958 123.227305 123.249345 123.270646 123.293062 123.317055 123.341703 123.364023 123.392298 0.000000 0.000000 0.000000 0.000000 0.000000 0.000000 0.000000 0.000000 0.000000 0.000000
0.000000 0.000000 0.000000 0.000000 0.000000 0.000000 0.000000 0.000000 0.000000 123.414059 123.388950 123.363186 123.342261 123.331842 123.321519 123.310080 123.300873 123.289896 123.278457 123.268135 123.257254 123.246835 123.236233 123.225910 123.215029 123.204610 123.194566 123.183964 123.173084 123.162106 123.151783 123.140903 123.130580 123.119603 123.111791 123.114581 123.125279 123.136160 123.151783 123.171410 123.189544 123.209449 123.230095 123.250558 123.272041 123.294736 123.318729 123.342819 123.365697 123.394530 0.000000 0.000000 0.000000 0.000000 0.000000 0.000000 0.000000 0.000000 0.000000 0.000000
0.000000 0.000000 0.000000 0.000000 0.000000 0.000000 0.000000 0.000000 0.000000 123.412385 123.386997 123.361791 123.340308 123.330447 123.320124 123.308685 123.298921 123.288501 123.276504 123.266740 123.255859 123.245440 123.234280 123.224236 123.213076 123.202657 123.192613 123.182290 123.170852 123.160711 123.149830 123.138950 123.128906 123.118208 123.111233 123.115139 123.126116 123.136718 123.153178 123.172526 123.190939 123.210565 123.230932 123.252232 123.273994 123.297247 123.320682 123.343377 123.367650 123.399830 0.000000 0.000000 0.000000 0.000000 0.000000 0.000000 0.000000 0.000000 0.000000 0.000000
0.000000 0.000000 0.000000 0.000000 0.000000 0.000000 0.000000 0.000000 0.000000 123.410990 123.385044 123.360117 123.338913 123.328773 123.317892 123.307011 123.296968 123.286269 123.275109 123.264229 123.254464 123.243208 123.232885 123.222004 123.211681 123.200983 123.190660 123.180895 123.169457 123.159037 123.148436 123.137555 123.126953 123.116534 123.110675 123.115418 123.126674 123.137555 123.155410 123.175315 123.192613 123.212239 123.232048 123.255022 123.276225 123.299479 123.325146 123.344493 123.373787 123.400667 0.000000 0.000000 0.000000 0.000000 0.000000 0.000000 0.000000 0.000000 0.000000 0.000000
0.000000 0.000000 0.000000 0.000000 0.000000 0.000000 0.000000 0.000000 0.000000 123.409037 123.383370 123.358164 123.337518 123.327099 123.316218 123.305058 123.295573 123.284595 123.273715 123.262834 123.252511 123.241534 123.231211 123.220609 123.210007 123.199588 123.189265 123.178663 123.167783 123.156805 123.146762 123.135881 123.125000 123.114302 123.110117 123.116255 123.127511 123.138113 123.156805 123.176710 123.194845 123.213634 123.234559 123.256417 123.279852 123.301152 123.326541 123.350073 123.379743 123.405410 0.000000 0.000000 0.000000 0.000000 0.000000 0.000000 0.000000 0.000000 0.000000 0.000000
0.000000 0.000000 0.000000 0.000000 0.000000 0.000000 0.000000 0.000000 0.000000 123.407084 123.381975 123.356211 123.335007 123.324867 123.314544 123.303105 123.293899 123.282921 123.271483 123.261160 123.250558 123.239860 123.228979 123.219214 123.207679 123.197356 123.187033 123.176989 123.165733 123.155410 123.144809 123.133928 123.123509 123.112628 123.109559 123.117092 123.127790 123.138671 123.158758 123.177268 123.196798 123.216424 123.236233 123.260602 123.281805 123.304500 123.330168 123.351747 123.380859 123.406526 0.000000 0.000000 0.000000 0.000000 0.000000 0.000000 0.000000 0.000000 0.000000 0.000000
0.000000 0.000000 0.000000 0.000000 0.000000 0.000000 0.000000 0.000000 0.000000 123.405410 123.379743 123.354816 123.333612 123.323472 123.312870 123.301710 123.291667 123.281526 123.269809 123.259486 123.249066 123.238186 123.227584 123.216982 123.206284 123.195682 123.185638 123.175594 123.164338 123.153736 123.142856 123.131975 123.121277 123.111233 123.109001 123.117650 123.128348 123.140066 123.160990 123.179500 123.198472 123.218656 123.238744 123.261160 123.283479 123.307848 123.331842 123.354537 123.383649 123.410432 0.000000 0.000000 0.000000 0.000000 0.000000 0.000000 0.000000 0.000000 0.000000 0.000000
0.000000 0.000000 0.000000 0.000000 0.000000 0.000000 0.000000 0.000000 0.000000 123.403457 123.378069 123.353421 123.331842 123.321798 123.310638 123.300315 123.289617 123.279015 123.268135 123.257254 123.247393 123.235954 123.225910 123.215308 123.204610 123.194287 123.183406 123.173642 123.162664 123.151783 123.141461 123.130580 123.119882 123.109280 123.108443 123.118208 123.129185 123.141740 123.161548 123.181174 123.201262 123.220330 123.240976 123.263113 123.285711 123.309243 123.333237 123.356490 123.385602 123.414617 0.000000 0.000000 0.000000 0.000000 0.000000 0.000000 0.000000 0.000000 0.000000 0.000000
0.000000 0.000000 0.000000 0.000000 0.000000 0.000000 0.000000 0.000000 0.000000 123.401783 123.376674 123.351189 123.329889 123.319845 123.309243 123.298084 123.288222 123.277620 123.266461 123.255859 123.245440 123.234559 123.224236 123.213634 123.202378 123.192613 123.181732 123.171689 123.160432 123.149830 123.139787 123.128906 123.118487 123.107885 123.108164 123.119045 123.129743 123.142019 123.164059 123.182569 123.202378 123.222004 123.242929 123.265345 123.286827 123.311475 123.336123 123.360396 123.388950 0.000000 0.000000 0.000000 0.000000 0.000000 0.000000 0.000000 0.000000 0.000000 0.000000 0.000000
0.000000 0.000000 0.000000 0.000000 0.000000 0.000000 0.000000 0.000000 0.000000 123.399830 123.374624 123.349515 123.328494 123.317892 123.307848 123.296410 123.286548 123.276225 123.264229 123.254464 123.243487 123.233164 123.222004 123.211681 123.200983 123.190381 123.180337 123.170015 123.159037 123.148436 123.137555 123.126674 123.116534 123.107327 123.108722 123.119603 123.130580 123.145646 123.165175 123.183964 123.202657 123.224794 123.244324 123.267019 123.289617 123.315660 123.336960 123.362070 123.393414 0.000000 0.000000 0.000000 0.000000 0.000000 0.000000 0.000000 0.000000 0.000000 0.000000 0.000000
0.000000 0.000000 0.000000 0.000000 0.000000 0.000000 0.000000 0.000000 0.000000 123.397878 123.372672 123.347841 123.326820 123.316497 123.305895 123.294736 123.284595 123.274272 123.262834 123.252232 123.242092 123.231211 123.220609 123.210007 123.199309 123.188707 123.178384 123.168620 123.157363 123.147041 123.135881 123.125000 123.114581 123.106769 123.109559 123.120161 123.131138 123.147041 123.165454 123.185359 123.204610 123.225073 123.248230 123.268972 123.291570 123.317334 123.343098 123.368766 123.395367 0.000000 0.000000 0.000000 0.000000 0.000000 0.000000 0.000000 0.000000 0.000000 0.000000 0.000000
0.000000 0.000000 0.000000 0.000000 0.000000 0.000000 0.000000 0.000000 0.000000 123.396204 123.370719 123.346167 123.324588 123.314544 123.303942 123.293341 123.282642 123.272320 123.261439 123.250558 123.240418 123.229258 123.219214 123.208237 123.197356 123.187312 123.176431 123.166570 123.155689 123.144809 123.134486 123.123509 123.112907 123.106211 123.109838 123.120719 123.131975 123.148157 123.168899 123.187033 123.207121 123.226747 123.251116 123.271762 123.296968 123.319008 123.343935 123.370998 123.398157 0.000000 0.000000 0.000000 0.000000 0.000000 0.000000 0.000000 0.000000 0.000000 0.000000 0.000000
0.000000 0.000000 0.000000 0.000000 0.000000 0.000000 0.000000 0.000000 0.000000 123.394809 123.369045 123.343935 123.322914 123.312870 123.302268 123.291291 123.281247 123.270646 123.259486 123.249066 123.238186 123.227584 123.216982 123.206842 123.195403 123.185359 123.174757 123.164896 123.153457 123.143135 123.132812 123.121556 123.111512 123.105653 123.110675 123.121556 123.132533 123.149551 123.169457 123.188707 123.207958 123.228142 123.253069 123.273994 123.298363 123.321798 123.346167 123.374903 123.401504 0.000000 0.000000 0.000000 0.000000 0.000000 0.000000 0.000000 0.000000 0.000000 0.000000 0.000000
0.000000 0.000000 0.000000 0.000000 0.000000 0.000000 0.000000 0.000000 0.000000 123.392577 123.367650 123.342540 123.321519 123.310638 123.300873 123.289617 123.279852 123.269251 123.257533 123.247393 123.236791 123.226189 123.215308 123.204331 123.194008 123.183406 123.173363 123.163222 123.152062 123.141461 123.130580 123.120161 123.109280 123.105095 123.111512 123.122114 123.132812 123.152620 123.171968 123.190939 123.210565 123.230095 123.253348 123.276504 123.300594 123.323472 123.347562 123.376953 123.405968 0.000000 0.000000 0.000000 0.000000 0.000000 0.000000 0.000000 0.000000 0.000000 0.000000 0.000000
0.000000 0.000000 0.000000 0.000000 0.000000 0.000000 0.000000 0.000000 123.416667 123.390903 123.365418 123.341145 123.319845 123.309243 123.298642 123.287664 123.277341 123.267019 123.255859 123.245161 123.235117 123.223957 123.213634 123.202936 123.192613 123.182011 123.171410 123.160990 123.150388 123.139787 123.129185 123.118487 123.107606 123.104537 123.112070 123.122951 123.134765 123.154294 123.173921 123.192613 123.213634 123.232048 123.255301 123.279015 123.302547 123.325425 123.352584 123.378627 123.408479 0.000000 0.000000 0.000000 0.000000 0.000000 0.000000 0.000000 0.000000 0.000000 0.000000 0.000000
0.000000 0.000000 0.000000 0.000000 0.000000 0.000000 0.000000 0.000000 123.414617 123.389508 123.363744 123.339192 123.317613 123.307848 123.296968 123.285711 123.275946 123.265345 123.254464 123.243487 123.233443 123.222283 123.212239 123.201262 123.190381 123.180337 123.169457 123.159595 123.148436 123.137555 123.127511 123.116255 123.105932 123.103979 123.112349 123.123787 123.138392 123.155689 123.175594 123.194566 123.214750 123.234001 123.258091 123.280131 123.305058 123.329889 123.357048 123.384207 123.413780 0.000000 0.000000 0.000000 0.000000 0.000000 0.000000 0.000000 0.000000 0.000000 0.000000 0.000000
0.000000 0.000000 0.000000 0.000000 0.000000 0.000000 0.000000 0.000000 123.413222 123.387834 123.362349 123.337239 123.316218 123.305616 123.295573 123.284316 123.274272 123.263950 123.252232 123.242092 123.231211 123.220888 123.210007 123.199588 123.188707 123.178384 123.167783 123.158200 123.146483 123.136160 123.125279 123.114581 123.104537 123.103421 123.113186 123.124066 123.138671 123.157642 123.176989 123.196519 123.216424 123.237070 123.260602 123.281805 123.307011 123.331842 123.358722 123.386439 123.415175 0.000000 0.000000 0.000000 0.000000 0.000000 0.000000 0.000000 0.000000 0.000000 0.000000 0.000000
0.000000 0.000000 0.000000 0.000000 0.000000 0.000000 0.000000 0.000000 123.410990 123.385602 123.360675 123.335565 123.314544 123.303942 123.293899 123.282921 123.272599 123.262276 123.250558 123.240418 123.229816 123.219214 123.208237 123.197356 123.187033 123.176431 123.166291 123.156247 123.145088 123.134765 123.123509 123.113186 123.102863 123.103142 123.114023 123.124903 123.139508 123.159316 123.178105 123.197356 123.218935 123.239860 123.261997 123.287664 123.308964 123.332679 123.361233 123.390345 0.000000 0.000000 0.000000 0.000000 0.000000 0.000000 0.000000 0.000000 0.000000 0.000000 0.000000 0.000000
0.000000 0.000000 0.000000 0.000000 0.000000 0.000000 0.000000 0.000000 123.409316 123.383928 123.358443 123.333333 123.312870 123.302268 123.291667 123.280410 123.270367 123.260044 123.249066 123.238186 123.228421 123.216982 123.206563 123.195961 123.185359 123.175036 123.164338 123.154294 123.143693 123.132812 123.121835 123.111512 123.102305 123.103700 123.114581 123.125558 123.141740 123.160990 123.178942 123.198751 123.219214 123.243208 123.265903 123.288222 123.311196 123.335844 123.365976 123.392577 0.000000 0.000000 0.000000 0.000000 0.000000 0.000000 0.000000 0.000000 0.000000 0.000000 0.000000 0.000000
0.000000 0.000000 0.000000 0.000000 0.000000 0.000000 0.000000 0.000000 123.407642 123.382533 123.356769 123.331842 123.310638 123.300873 123.290454 123.279015 123.268972 123.258370 123.246835 123.236791 123.226189 123.215308 123.204331 123.194287 123.183127 123.173642 123.162385 123.152620 123.141182 123.130859 123.120161 123.109280 123.101747 123.104258 123.115139 123.126116 123.143135 123.161548 123.180895 123.202936 123.221446 123.245440 123.267856 123.290454 123.313428 123.337518 123.368208 123.396204 0.000000 0.000000 0.000000 0.000000 0.000000 0.000000 0.000000 0.000000 0.000000 0.000000 0.000000 0.000000
0.000000 0.000000 0.000000 0.000000 0.000000 0.000000 0.000000 0.000000 123.405968 123.380580 123.355374 123.329889 123.309243 123.298642 123.288222 123.277341 123.267577 123.256975 123.245440 123.235117 123.224515 123.213913 123.202936 123.192334 123.181732 123.171131 123.160711 123.151225 123.139787 123.129185 123.118487 123.107606 123.101189 123.104816 123.115697 123.126953 123.144809 123.163501 123.182848 123.204331 123.223120 123.246277 123.269809 123.291946 123.315660 123.342540 123.370719 123.398157 0.000000 0.000000 0.000000 0.000000 0.000000 0.000000 0.000000 0.000000 0.000000 0.000000 0.000000 0.000000
0.000000 0.000000 0.000000 0.000000 0.000000 0.000000 0.000000 0.000000 123.404852 123.378627 123.353421 123.328215 123.307848 123.296968 123.286548 123.275667 123.265345 123.255022 123.244045 123.233164 123.222841 123.211960 123.201262 123.190381 123.180337 123.169736 123.159316 123.148994 123.138113 123.127790 123.116255 123.106211 123.100631 123.105932 123.116813 123.128069 123.146762 123.165454 123.184243 123.206284 123.225352 123.247951 123.271483 123.296131 123.320124 123.347283 123.376116 123.404294 0.000000 0.000000 0.000000 0.000000 0.000000 0.000000 0.000000 0.000000 0.000000 0.000000 0.000000 0.000000
0.000000 0.000000 0.000000 0.000000 0.000000 0.000000 0.000000 0.000000 123.402620 123.377232 123.351468 123.326541 123.305616 123.295573 123.284874 123.273436 123.263671 123.253069 123.241813 123.231211 123.221446 123.210007 123.199588 123.188986 123.178384 123.168062 123.157084 123.147320 123.136439 123.125558 123.114860 123.104258 123.100073 123.106490 123.117371 123.130022 123.148436 123.168341 123.188428 123.206842 123.228421 123.249624 123.274551 123.297526 123.322635 123.349794 123.377511 123.407363 0.000000 0.000000 0.000000 0.000000 0.000000 0.000000 0.000000 0.000000 0.000000 0.000000 0.000000 0.000000
0.000000 0.000000 0.000000 0.000000 0.000000 0.000000 0.000000 0.000000 123.401225 123.375000 123.350073 123.324867 123.303942 123.293620 123.283479 123.272041 123.261997 123.251674 123.240139 123.229816 123.219214 123.208612 123.197356 123.187591 123.176431 123.166012 123.155410 123.145925 123.134207 123.123787 123.113465 123.102305 123.099515 123.106769 123.117929 123.131696 123.150667 123.168899 123.188986 123.209449 123.230095 123.251953 123.279294 123.299757 123.324030 123.351747 123.380301 123.409037 0.000000 0.000000 0.000000 0.000000 0.000000 0.000000 0.000000 0.000000 0.000000 0.000000 0.000000 0.000000
0.000000 0.000000 0.000000 0.000000 0.000000 0.000000 0.000000 0.000000 123.398994 123.373509 123.348399 123.322635 123.302268 123.291667 123.281247 123.270646 123.260044 123.249624 123.238465 123.228421 123.217540 123.206563 123.195961 123.185359 123.174757 123.164617 123.154015 123.144251 123.132812 123.122393 123.111512 123.100910 123.098957 123.107606 123.118487 123.132254 123.150946 123.170573 123.190939 123.209728 123.234001 123.254743 123.279573 123.302547 123.326262 123.357327 123.383370 0.000000 0.000000 0.000000 0.000000 0.000000 0.000000 0.000000 0.000000 0.000000 0.000000 0.000000 0.000000 0.000000
0.000000 0.000000 0.000000 0.000000 0.000000 0.000000 0.000000 0.000000 123.397320 123.371556 123.346446 123.321240 123.300873 123.290454 123.279573 123.268414 123.258370 123.247951 123.237070 123.226189 123.215866 123.204889 123.194287 123.183685 123.173363 123.162943 123.152341 123.142019 123.131417 123.120719 123.109559 123.099236 123.098399 123.108443 123.119045 123.133928 123.153457 123.172247 123.191776 123.211681 123.235954 123.258370 123.280410 123.304500 123.330168 123.360396 123.386439 0.000000 0.000000 0.000000 0.000000 0.000000 0.000000 0.000000 0.000000 0.000000 0.000000 0.000000 0.000000 0.000000
