FireSTARR/test/constant/O1a_S060_A270_WD225_WS020/arrival.asc
ncols         96
nrows         742
xllcorner     425403.990666
yllcorner     12748755.311160
cellsize      100.000000
NODATA_value  0.000000
[rows 405 to 431 of 742, columns 0 to 59 of 96]
0.000000 0.000000 0.000000 0.000000 0.000000 0.000000 0.000000 0.000000 0.000000 0.000000 0.000000 0.000000 0.000000 0.000000 0.000000 0.000000 0.000000 0.000000 0.000000 0.000000 0.000000 0.000000 0.000000 0.000000 0.000000 0.000000 0.000000 0.000000 123.412664 123.401783 123.390624 123.380859 123.370440 123.359838 123.348678 123.338076 123.327099 123.316776 123.306732 123.295852 123.284595 123.273994 123.263392 123.253069 123.242371 123.232048 123.221167 123.210844 123.200146 123.189544 123.188986 123.199309 123.209728 123.220888 123.231490 123.245998 123.263113 123.284874 123.304500 123.323193
0.000000 0.000000 0.000000 0.000000 0.000000 0.000000 0.000000 0.000000 0.000000 0.000000 0.000000 0.000000 0.000000 0.000000 0.000000 0.000000 0.000000 0.000000 0.000000 0.000000 0.000000 0.000000 0.000000 0.000000 0.000000 0.000000 0.000000 0.000000 123.410432 123.400109 123.389229 123.379185 123.368766 123.358443 123.346725 123.335844 123.325704 123.314823 123.305058 123.293341 123.282642 123.272599 123.261439 123.251395 123.240697 123.229816 123.219772 123.209170 123.198472 123.188428 123.188707 123.199867 123.210565 123.221446 123.232327 123.247672 123.265066 123.287106 123.305895 123.324588
0.000000 0.000000 0.000000 0.000000 0.000000 0.000000 0.000000 0.000000 0.000000 0.000000 0.000000 0.000000 0.000000 0.000000 0.000000 0.000000 0.000000 0.000000 0.000000 0.000000 0.000000 0.000000 0.000000 0.000000 0.000000 0.000000 0.000000 0.000000 123.409037 123.398436 123.386997 123.377790 123.366534 123.356769 123.344772 123.334170 123.324030 123.313428 123.302826 123.291946 123.281247 123.270646 123.260044 123.249345 123.239023 123.228421 123.217819 123.207121 123.196519 123.187870 123.189265 123.200425 123.211123 123.222283 123.232885 123.248509 123.267856 123.288501 123.307848 123.325146
0.000000 0.000000 0.000000 0.000000 0.000000 0.000000 0.000000 0.000000 0.000000 0.000000 0.000000 0.000000 0.000000 0.000000 0.000000 0.000000 0.000000 0.000000 0.000000 0.000000 0.000000 0.000000 0.000000 0.000000 0.000000 0.000000 0.000000 0.000000 123.407363 123.396204 123.385323 123.375558 123.364860 123.354537 123.343098 123.332679 123.322356 123.311754 123.301152 123.290175 123.279573 123.268693 123.258649 123.247951 123.236791 123.227026 123.215866 123.205726 123.194566 123.187312 123.190102 123.200983 123.211960 123.222562 123.233443 123.251116 123.270088 123.290454 123.310359 123.327099
0.000000 0.000000 0.000000 0.000000 0.000000 0.000000 0.000000 0.000000 0.000000 0.000000 0.000000 0.000000 0.000000 0.000000 0.000000 0.000000 0.000000 0.000000 0.000000 0.000000 0.000000 0.000000 0.000000 0.000000 0.000000 0.000000 0.000000 123.416570 123.405410 123.394809 123.383928 123.374066 123.363465 123.353142 123.341703 123.330726 123.320124 123.309801 123.299757 123.288222 123.277620 123.267019 123.256417 123.245998 123.235396 123.224794 123.214192 123.203773 123.193171 123.186754 123.190939 123.201541 123.212518 123.223399 123.234559 123.251395 123.272320 123.292504 123.312033 123.327657
0.000000 0.000000 0.000000 0.000000 0.000000 0.000000 0.000000 0.000000 0.000000 0.000000 0.000000 0.000000 0.000000 0.000000 0.000000 0.000000 0.000000 0.000000 0.000000 0.000000 0.000000 0.000000 0.000000 0.000000 0.000000 0.000000 0.000000 123.414896 123.403457 123.393414 123.381975 123.372393 123.361512 123.351468 123.339750 123.329331 123.318729 123.307848 123.297805 123.286827 123.275667 123.265624 123.254743 123.244045 123.233722 123.223120 123.212797 123.201820 123.191776 123.186196 123.191497 123.202378 123.213076 123.223957 123.234838 123.254743 123.273994 123.292783 123.313707 123.329889
0.000000 0.000000 0.000000 0.000000 0.000000 0.000000 0.000000 0.000000 0.000000 0.000000 0.000000 0.000000 0.000000 0.000000 0.000000 0.000000 0.000000 0.000000 0.000000 0.000000 0.000000 0.000000 0.000000 0.000000 0.000000 0.000000 0.000000 123.412664 123.402062 123.391461 123.380022 123.370161 123.359559 123.349515 123.337797 123.327657 123.317334 123.306453 123.295852 123.285432 123.274272 123.263392 123.253069 123.242371 123.231769 123.221446 123.210565 123.200146 123.189544 123.185638 123.191776 123.202657 123.213913 123.224794 123.235675 123.255301 123.275667 123.295294 123.315102 123.332400
0.000000 0.000000 0.000000 0.000000 0.000000 0.000000 0.000000 0.000000 0.000000 0.000000 0.000000 0.000000 0.000000 0.000000 0.000000 0.000000 0.000000 0.000000 0.000000 0.000000 0.000000 0.000000 0.000000 0.000000 0.000000 0.000000 0.000000 123.411269 123.400388 123.389508 123.378348 123.368487 123.358164 123.347562 123.336402 123.325425 123.315102 123.305058 123.294457 123.282921 123.272599 123.261718 123.251395 123.240976 123.229816 123.220051 123.208891 123.198751 123.187870 123.185080 123.192613 123.203773 123.214750 123.225352 123.237907 123.255859 123.277620 123.296968 123.317055 123.334728
0.000000 0.000000 0.000000 0.000000 0.000000 0.000000 0.000000 0.000000 0.000000 0.000000 0.000000 0.000000 0.000000 0.000000 0.000000 0.000000 0.000000 0.000000 0.000000 0.000000 0.000000 0.000000 0.000000 0.000000 0.000000 0.000000 0.000000 123.409874 123.398436 123.387834 123.376953 123.367092 123.356490 123.346167 123.334728 123.323751 123.313428 123.302547 123.292783 123.281526 123.270367 123.260323 123.249624 123.239023 123.228421 123.217819 123.207400 123.196519 123.186196 123.184522 123.193450 123.204331 123.215029 123.225910 123.239302 123.257254 123.278457 123.298921 123.317613 123.335565
0.000000 0.000000 0.000000 0.000000 0.000000 0.000000 0.000000 0.000000 0.000000 0.000000 0.000000 0.000000 0.000000 0.000000 0.000000 0.000000 0.000000 0.000000 0.000000 0.000000 0.000000 0.000000 0.000000 0.000000 0.000000 0.000000 0.000000 123.407642 123.396483 123.386439 123.374903 123.365418 123.354258 123.344772 123.332679 123.322356 123.311754 123.301152 123.290733 123.279852 123.268693 123.258649 123.247951 123.237070 123.227026 123.216145 123.205726 123.194845 123.184522 123.183964 123.194287 123.204889 123.215866 123.226747 123.241255 123.258928 123.281247 123.301152 123.318729 123.339192
0.000000 0.000000 0.000000 0.000000 0.000000 0.000000 0.000000 0.000000 0.000000 0.000000 0.000000 0.000000 0.000000 0.000000 0.000000 0.000000 0.000000 0.000000 0.000000 0.000000 0.000000 0.000000 0.000000 0.000000 0.000000 0.000000 123.416570 123.405968 123.395088 123.384207 123.373230 123.363186 123.352584 123.342540 123.331284 123.320682 123.310359 123.299479 123.289338 123.278178 123.267298 123.256417 123.245998 123.235675 123.224794 123.214750 123.203494 123.193450 123.183406 123.183685 123.194845 123.205447 123.216424 123.227305 123.242650 123.264229 123.283479 123.301710 123.319566 123.339750
0.000000 0.000000 0.000000 0.000000 0.000000 0.000000 0.000000 0.000000 0.000000 0.000000 0.000000 0.000000 0.000000 0.000000 0.000000 0.000000 0.000000 0.000000 0.000000 0.000000 0.000000 0.000000 0.000000 0.000000 0.000000 0.000000 123.414617 123.404294 123.393693 123.382533 123.371556 123.361512 123.351189 123.340866 123.329331 123.318450 123.308127 123.297805 123.287385 123.275946 123.265624 123.254743 123.244045 123.234001 123.223120 123.212797 123.201820 123.191776 123.182569 123.184243 123.195124 123.206284 123.216982 123.227863 123.244882 123.264787 123.285432 123.306174 123.321519 123.340308
0.000000 0.000000 0.000000 0.000000 0.000000 0.000000 0.000000 0.000000 0.000000 0.000000 0.000000 0.000000 0.000000 0.000000 0.000000 0.000000 0.000000 0.000000 0.000000 0.000000 0.000000 0.000000 0.000000 0.000000 0.000000 0.000000 123.412664 123.402899 123.391182 123.381138 123.369324 123.360117 123.349515 123.339192 123.327378 123.316776 123.306453 123.295573 123.285432 123.274551 123.263392 123.253348 123.242650 123.231769 123.221446 123.210844 123.200425 123.189544 123.182011 123.185080 123.195682 123.206842 123.217819 123.228700 123.246835 123.266182 123.286827 123.307569 123.322077 123.343377
0.000000 0.000000 0.000000 0.000000 0.000000 0.000000 0.000000 0.000000 0.000000 0.000000 0.000000 0.000000 0.000000 0.000000 0.000000 0.000000 0.000000 0.000000 0.000000 0.000000 0.000000 0.000000 0.000000 0.000000 0.000000 0.000000 123.411269 123.400946 123.389787 123.379464 123.367929 123.358164 123.347283 123.337518 123.325704 123.315381 123.304779 123.294178 123.283758 123.272878 123.261997 123.251395 123.241255 123.230095 123.220051 123.209170 123.198751 123.187870 123.181453 123.185917 123.196798 123.207400 123.218377 123.229258 123.248230 123.268135 123.287385 123.307848 123.323472 123.345888
0.000000 0.000000 0.000000 0.000000 0.000000 0.000000 0.000000 0.000000 0.000000 0.000000 0.000000 0.000000 0.000000 0.000000 0.000000 0.000000 0.000000 0.000000 0.000000 0.000000 0.000000 0.000000 0.000000 0.000000 0.000000 0.000000 123.409874 123.398994 123.388113 123.377232 123.366534 123.356211 123.345888 123.335286 123.324309 123.313428 123.303105 123.292225 123.282084 123.270925 123.260323 123.249624 123.238744 123.228700 123.217540 123.207679 123.196519 123.186475 123.180895 123.186196 123.197077 123.207958 123.218935 123.230095 123.250279 123.269530 123.289059 123.308685 123.325704 123.347283
0.000000 0.000000 0.000000 0.000000 0.000000 0.000000 0.000000 0.000000 0.000000 0.000000 0.000000 0.000000 0.000000 0.000000 0.000000 0.000000 0.000000 0.000000 0.000000 0.000000 0.000000 0.000000 0.000000 0.000000 0.000000 0.000000 123.407642 123.397599 123.386439 123.375558 123.364581 123.354816 123.344214 123.333891 123.322077 123.311475 123.300873 123.289896 123.280410 123.268972 123.258370 123.248230 123.237349 123.227026 123.216145 123.205726 123.195124 123.184522 123.180337 123.187033 123.197914 123.209170 123.219772 123.232327 123.250837 123.271762 123.292225 123.310638 123.327936 123.348957
0.000000 0.000000 0.000000 0.000000 0.000000 0.000000 0.000000 0.000000 0.000000 0.000000 0.000000 0.000000 0.000000 0.000000 0.000000 0.000000 0.000000 0.000000 0.000000 0.000000 0.000000 0.000000 0.000000 0.000000 0.000000 123.416012 123.405968 123.396204 123.384207 123.373787 123.362628 123.353142 123.342540 123.332121 123.320403 123.310080 123.299479 123.288501 123.278178 123.267577 123.256417 123.245998 123.235675 123.224794 123.214750 123.203773 123.193450 123.182569 123.179779 123.187870 123.198472 123.209170 123.220330 123.232885 123.254464 123.273994 123.294178 123.312591 123.331284 123.350352
0.000000 0.000000 0.000000 0.000000 0.000000 0.000000 0.000000 0.000000 0.000000 0.000000 0.000000 0.000000 0.000000 0.000000 0.000000 0.000000 0.000000 0.000000 0.000000 0.000000 0.000000 0.000000 0.000000 0.000000 0.000000 123.414338 123.404294 123.394251 123.382812 123.372114 123.360954 123.350910 123.340308 123.330168 123.319008 123.308406 123.298084 123.287106 123.276783 123.265624 123.255022 123.244324 123.234001 123.223120 123.212797 123.202378 123.191497 123.181174 123.179221 123.188428 123.199309 123.210007 123.221167 123.234001 123.255859 123.276225 123.295852 123.313149 123.332400 123.352026
0.000000 0.000000 0.000000 0.000000 0.000000 0.000000 0.000000 0.000000 0.000000 0.000000 0.000000 0.000000 0.000000 0.000000 0.000000 0.000000 0.000000 0.000000 0.000000 0.000000 0.000000 0.000000 0.000000 0.000000 0.000000 123.412943 123.402899 123.392298 123.381417 123.370440 123.359559 123.349236 123.338913 123.328773 123.317334 123.306453 123.296131 123.285153 123.275388 123.263950 123.253627 123.242929 123.231769 123.221725 123.210844 123.200983 123.189544 123.179500 123.178663 123.189265 123.200146 123.210844 123.221725 123.235954 123.258649 123.278736 123.297247 123.313707 123.333891 123.354537
0.000000 0.000000 0.000000 0.000000 0.000000 0.000000 0.000000 0.000000 0.000000 0.000000 0.000000 0.000000 0.000000 0.000000 0.000000 0.000000 0.000000 0.000000 0.000000 0.000000 0.000000 0.000000 0.000000 0.000000 0.000000 123.410990 123.400388 123.390624 123.379185 123.369045 123.357327 123.347841 123.337239 123.327378 123.315102 123.304500 123.294178 123.283200 123.273157 123.261718 123.251395 123.240976 123.230374 123.219772 123.209170 123.198751 123.188149 123.178105 123.178663 123.189544 123.200704 123.211402 123.222283 123.237907 123.259207 123.279573 123.298921 123.315660 123.337239 123.358443
0.000000 0.000000 0.000000 0.000000 0.000000 0.000000 0.000000 0.000000 0.000000 0.000000 0.000000 0.000000 0.000000 0.000000 0.000000 0.000000 0.000000 0.000000 0.000000 0.000000 0.000000 0.000000 0.000000 0.000000 0.000000 123.409316 123.398994 123.389229 123.377511 123.366813 123.355653 123.346167 123.335286 123.324867 123.313428 123.303105 123.292504 123.281526 123.271483 123.260323 123.249903 123.239023 123.228979 123.217819 123.207121 123.196798 123.186754 123.177547 123.179500 123.190102 123.201262 123.211960 123.222841 123.240139 123.260323 123.281247 123.300594 123.316497 123.338355 123.360396
0.000000 0.000000 0.000000 0.000000 0.000000 0.000000 0.000000 0.000000 0.000000 0.000000 0.000000 0.000000 0.000000 0.000000 0.000000 0.000000 0.000000 0.000000 0.000000 0.000000 0.000000 0.000000 0.000000 0.000000 0.000000 123.407921 123.397320 123.386997 123.375837 123.365139 123.354258 123.343935 123.333333 123.323472 123.312033 123.301431 123.291012 123.280131 123.269809 123.258928 123.247951 123.237349 123.226747 123.216424 123.205726 123.195124 123.184522 123.176989 123.180058 123.190939 123.201820 123.212797 123.223399 123.243487 123.262834 123.281805 123.301989 123.318729 123.340029 123.362070
0.000000 0.000000 0.000000 0.000000 0.000000 0.000000 0.000000 0.000000 0.000000 0.000000 0.000000 0.000000 0.000000 0.000000 0.000000 0.000000 0.000000 0.000000 0.000000 0.000000 0.000000 0.000000 0.000000 0.000000 123.416291 123.405968 123.395646 123.385323 123.373787 123.363744 123.352584 123.342540 123.332121 123.321798 123.310080 123.299200 123.288780 123.277899 123.268414 123.256696 123.245998 123.235954 123.225073 123.214750 123.204052 123.193729 123.182848 123.176431 123.180616 123.191776 123.202657 123.213355 123.224794 123.245440 123.264787 123.284595 123.302826 123.322077 123.341424 123.364860
0.000000 0.000000 0.000000 0.000000 0.000000 0.000000 0.000000 0.000000 0.000000 0.000000 0.000000 0.000000 0.000000 0.000000 0.000000 0.000000 0.000000 0.000000 0.000000 0.000000 0.000000 0.000000 0.000000 0.000000 123.414059 123.404015 123.393414 123.383928 123.372393 123.361791 123.350352 123.340866 123.329889 123.320124 123.308127 123.297805 123.287106 123.276225 123.266182 123.255022 123.244603 123.234001 123.223399 123.212797 123.202378 123.191497 123.181174 123.175873 123.181453 123.192055 123.203215 123.214192 123.226468 123.246556 123.266461 123.285711 123.304779 123.323751 123.343377 123.365418
0.000000 0.000000 0.000000 0.000000 0.000000 0.000000 0.000000 0.000000 0.000000 0.000000 0.000000 0.000000 0.000000 0.000000 0.000000 0.000000 0.000000 0.000000 0.000000 0.000000 0.000000 0.000000 0.000000 0.000000 123.412385 123.402620 123.392019 123.382254 123.370719 123.359838 123.348678 123.338913 123.328494 123.317892 123.306732 123.296131 123.285711 123.274830 123.264508 123.253348 123.242929 123.232048 123.222004 123.210844 123.200146 123.189823 123.179500 123.175315 123.182011 123.193171 123.203773 123.214471 123.227863 123.248509 123.268693 123.288222 123.306174 123.324867 123.347004 123.367092
0.000000 0.000000 0.000000 0.000000 0.000000 0.000000 0.000000 0.000000 0.000000 0.000000 0.000000 0.000000 0.000000 0.000000 0.000000 0.000000 0.000000 0.000000 0.000000 0.000000 0.000000 0.000000 0.000000 0.000000 123.410990 123.400946 123.390624 123.380022 123.368766 123.358164 123.347283 123.336960 123.326820 123.316497 123.305058 123.294457 123.284037 123.273157 123.263113 123.251953 123.240976 123.230653 123.219772 123.209449 123.198751 123.188428 123.177268 123.174757 123.182848 123.193450 123.204331 123.215587 123.228142 123.250000 123.270088 123.289896 123.307569 123.327378 123.349794 123.369045
0.000000 0.000000 0.000000 0.000000 0.000000 0.000000 0.000000 0.000000 0.000000 0.000000 0.000000 0.000000 0.000000 0.000000 0.000000 0.000000 0.000000 0.000000 0.000000 0.000000 0.000000 0.000000 0.000000 0.000000 123.409037 123.398715 123.388392 123.378348 123.366813 123.356769 123.345330 123.335565 123.324867 123.315102 123.303105 123.292225 123.281805 123.270925 123.261160 123.249903 123.239023 123.228979 123.218098 123.207400 123.197356 123.186754 123.175873 123.174200 123.183406 123.194566 123.205168 123.216145 123.231490 123.252511 123.272599 123.292783 123.308127 123.328773 123.351468 123.371277
