FireSTARR/test/constant/O1a_S060_A270_WD225_WS020/arrival.asc
ncols         96
nrows         742
xllcorner     425403.990666
yllcorner     12748755.311160
cellsize      100.000000
NODATA_value  0.000000
[rows 486 to 512 of 742, columns 0 to 59 of 96]
0.000000 0.000000 0.000000 0.000000 0.000000 0.000000 0.000000 0.000000 0.000000 0.000000 0.000000 0.000000 0.000000 0.000000 0.000000 123.408200 123.398436 123.387834 123.376395 123.366255 123.355095 123.345051 123.334728 123.323751 123.313149 123.302547 123.291946 123.281526 123.270646 123.260323 123.249345 123.239023 123.228979 123.218377 123.207121 123.196240 123.185638 123.175315 123.164617 123.154015 123.143414 123.143414 123.154015 123.164896 123.175873 123.192334 123.209449 123.228421 123.250279 123.267856 123.290733 123.309522 123.329889 123.352863 123.375837 123.400109 0.000000 0.000000 0.000000 0.000000
0.000000 0.000000 0.000000 0.000000 0.000000 0.000000 0.000000 0.000000 0.000000 0.000000 0.000000 0.000000 0.000000 0.000000 0.000000 123.406247 123.396204 123.386439 123.374903 123.364302 123.353700 123.343377 123.332958 123.322356 123.311754 123.300315 123.290454 123.280131 123.269251 123.258649 123.247951 123.237349 123.227584 123.216703 123.205726 123.194845 123.183964 123.173642 123.162943 123.152062 123.142856 123.143693 123.154852 123.165733 123.176431 123.194008 123.211123 123.230932 123.251953 123.269530 123.291291 123.310080 123.332958 123.354537 123.377790 123.401783 0.000000 0.000000 0.000000 0.000000
0.000000 0.000000 0.000000 0.000000 0.000000 0.000000 0.000000 0.000000 0.000000 0.000000 0.000000 0.000000 0.000000 0.000000 123.416570 123.404294 123.394809 123.384207 123.373230 123.362907 123.352026 123.341982 123.331005 123.320403 123.309522 123.298642 123.289059 123.278178 123.267019 123.257254 123.245998 123.235954 123.225352 123.214471 123.203494 123.192613 123.182569 123.171410 123.160990 123.150667 123.142298 123.144530 123.155410 123.166291 123.176989 123.195403 123.213913 123.234559 123.253348 123.271762 123.291946 123.311475 123.335565 123.357885 123.380859 123.403736 0.000000 0.000000 0.000000 0.000000
0.000000 0.000000 0.000000 0.000000 0.000000 0.000000 0.000000 0.000000 0.000000 0.000000 0.000000 0.000000 0.000000 0.000000 123.414617 123.402899 123.393135 123.382533 123.370998 123.361233 123.349794 123.340029 123.329331 123.318450 123.307848 123.296968 123.286827 123.276225 123.265345 123.255301 123.244045 123.234001 123.223678 123.213076 123.201820 123.190939 123.180616 123.169736 123.159037 123.148994 123.141740 123.145088 123.155968 123.166570 123.177826 123.195961 123.216982 123.235954 123.255580 123.275109 123.294178 123.313149 123.336402 123.359838 123.381975 123.405689 0.000000 0.000000 0.000000 0.000000
0.000000 0.000000 0.000000 0.000000 0.000000 0.000000 0.000000 0.000000 0.000000 0.000000 0.000000 0.000000 0.000000 0.000000 123.412664 123.401225 123.391182 123.380859 123.369324 123.359001 123.348120 123.338076 123.327657 123.317055 123.306174 123.295294 123.285153 123.274830 123.263950 123.253348 123.242371 123.232048 123.222283 123.211123 123.200146 123.189544 123.178663 123.168341 123.157642 123.146762 123.141182 123.145646 123.156526 123.167504 123.178384 123.196519 123.218656 123.237349 123.256138 123.276783 123.295015 123.314823 123.336960 123.362070 123.384486 123.407084 0.000000 0.000000 0.000000 0.000000
0.000000 0.000000 0.000000 0.000000 0.000000 0.000000 0.000000 0.000000 0.000000 0.000000 0.000000 0.000000 0.000000 0.000000 123.411269 123.399272 123.389229 123.379464 123.367929 123.357327 123.346725 123.336681 123.325983 123.315381 123.304779 123.293062 123.283479 123.273157 123.262276 123.251953 123.240976 123.230653 123.220609 123.208891 123.198751 123.187591 123.177268 123.166291 123.156247 123.145088 123.140624 123.146204 123.157363 123.168062 123.181174 123.197356 123.220051 123.239023 123.256696 123.279294 123.298084 123.317613 123.341145 123.364860 123.387276 123.410153 0.000000 0.000000 0.000000 0.000000
0.000000 0.000000 0.000000 0.000000 0.000000 0.000000 0.000000 0.000000 0.000000 0.000000 0.000000 0.000000 0.000000 0.000000 123.409316 123.397320 123.387834 123.376953 123.365976 123.355932 123.344772 123.335007 123.323751 123.313428 123.302547 123.291667 123.281805 123.270925 123.260044 123.249903 123.238744 123.228979 123.218377 123.207121 123.196240 123.185638 123.175594 123.164617 123.154015 123.143693 123.140066 123.147041 123.157921 123.168899 123.182569 123.200146 123.220609 123.240697 123.258370 123.280968 123.300594 123.321240 123.342540 123.366813 123.389508 123.411827 0.000000 0.000000 0.000000 0.000000
0.000000 0.000000 0.000000 0.000000 0.000000 0.000000 0.000000 0.000000 0.000000 0.000000 0.000000 0.000000 0.000000 0.000000 123.407642 123.395925 123.386439 123.375558 123.364023 123.354258 123.342819 123.332958 123.322356 123.311475 123.300873 123.289896 123.279573 123.269251 123.258370 123.247951 123.237070 123.226747 123.216703 123.205447 123.194845 123.183964 123.173642 123.163222 123.152341 123.142019 123.139508 123.147599 123.158758 123.169178 123.184522 123.201541 123.222283 123.242929 123.260044 123.282084 123.302547 123.322356 123.344214 123.369045 123.391740 123.413222 0.000000 0.000000 0.000000 0.000000
0.000000 0.000000 0.000000 0.000000 0.000000 0.000000 0.000000 0.000000 0.000000 0.000000 0.000000 0.000000 0.000000 123.416291 123.405410 123.394251 123.384207 123.373787 123.362628 123.352026 123.341424 123.331563 123.320961 123.310080 123.299479 123.287943 123.278178 123.267856 123.256975 123.245998 123.235675 123.225073 123.215308 123.204052 123.193450 123.182569 123.171689 123.160990 123.150667 123.139787 123.138950 123.148436 123.159037 123.170015 123.186196 123.204331 123.222841 123.244324 123.261997 123.283758 123.303942 123.324030 123.349236 123.370719 123.393414 123.415454 0.000000 0.000000 0.000000 0.000000
0.000000 0.000000 0.000000 0.000000 0.000000 0.000000 0.000000 0.000000 0.000000 0.000000 0.000000 0.000000 0.000000 123.414059 123.404015 123.392019 123.382533 123.371835 123.360954 123.350631 123.339750 123.329610 123.318729 123.308406 123.297526 123.286548 123.276783 123.266182 123.255022 123.244603 123.234001 123.223678 123.213355 123.201820 123.191497 123.180616 123.170294 123.159316 123.148994 123.138113 123.138392 123.148994 123.159874 123.170852 123.187591 123.208891 123.226189 123.246835 123.263950 123.285711 123.304221 123.327378 123.350910 123.372114 123.396483 0.000000 0.000000 0.000000 0.000000 0.000000
0.000000 0.000000 0.000000 0.000000 0.000000 0.000000 0.000000 0.000000 0.000000 0.000000 0.000000 0.000000 0.000000 123.412385 123.402341 123.390624 123.380859 123.370440 123.359001 123.348957 123.337797 123.327657 123.317055 123.306174 123.295573 123.285153 123.274830 123.263950 123.253069 123.242929 123.231769 123.222004 123.211402 123.200146 123.189544 123.178663 123.168620 123.157921 123.146762 123.137555 123.138671 123.149551 123.160711 123.171689 123.189823 123.209170 123.227584 123.248509 123.268972 123.286269 123.305616 123.329052 123.352305 123.375558 123.397320 0.000000 0.000000 0.000000 0.000000 0.000000
0.000000 0.000000 0.000000 0.000000 0.000000 0.000000 0.000000 0.000000 0.000000 0.000000 0.000000 0.000000 0.000000 123.410990 123.400388 123.388950 123.379185 123.369045 123.357048 123.347004 123.335844 123.325983 123.315381 123.304500 123.293899 123.282642 123.272878 123.262555 123.251674 123.240976 123.230095 123.219772 123.210007 123.198751 123.187870 123.177268 123.166570 123.155968 123.145367 123.136997 123.139508 123.150388 123.160990 123.172247 123.190660 123.212518 123.229537 123.249624 123.270088 123.289896 123.308406 123.331284 123.354537 123.377790 123.400667 0.000000 0.000000 0.000000 0.000000 0.000000
0.000000 0.000000 0.000000 0.000000 0.000000 0.000000 0.000000 0.000000 0.000000 0.000000 0.000000 0.000000 0.000000 123.409037 123.398436 123.387276 123.376953 123.366813 123.355653 123.345051 123.334449 123.324309 123.313986 123.303105 123.291946 123.281247 123.271204 123.260881 123.249903 123.239023 123.228700 123.218377 123.208237 123.196798 123.186475 123.175594 123.164896 123.154015 123.143972 123.136439 123.139787 123.150667 123.161827 123.172526 123.190939 123.213076 123.230932 123.250837 123.272041 123.291570 123.310638 123.335007 123.357048 123.381696 123.402620 0.000000 0.000000 0.000000 0.000000 0.000000
0.000000 0.000000 0.000000 0.000000 0.000000 0.000000 0.000000 0.000000 0.000000 0.000000 0.000000 0.000000 0.000000 123.407084 123.397041 123.385044 123.375558 123.365139 123.353979 123.343656 123.332400 123.322635 123.311754 123.301431 123.289896 123.279573 123.269809 123.258928 123.247951 123.237628 123.226747 123.216703 123.206284 123.194845 123.184243 123.173363 123.163222 123.152341 123.142019 123.135881 123.140624 123.151504 123.162385 123.174200 123.191776 123.213634 123.232606 123.250837 123.273715 123.293341 123.312870 123.337797 123.359001 123.382254 123.404294 0.000000 0.000000 0.000000 0.000000 0.000000
0.000000 0.000000 0.000000 0.000000 0.000000 0.000000 0.000000 0.000000 0.000000 0.000000 0.000000 0.000000 123.416012 123.405410 123.395367 123.383649 123.373787 123.363465 123.351747 123.342261 123.330726 123.320403 123.310080 123.299200 123.288222 123.277899 123.267577 123.256975 123.245998 123.236233 123.224794 123.214750 123.204331 123.193171 123.182569 123.171689 123.160990 123.150946 123.140066 123.135323 123.141182 123.152062 123.163222 123.175873 123.195124 123.215029 123.234280 123.253627 123.274830 123.295294 123.314823 123.339750 123.360675 123.385602 123.406247 0.000000 0.000000 0.000000 0.000000 0.000000
0.000000 0.000000 0.000000 0.000000 0.000000 0.000000 0.000000 0.000000 0.000000 0.000000 0.000000 0.000000 123.414617 123.404015 123.393414 123.382254 123.371835 123.361791 123.350352 123.340029 123.329331 123.319008 123.308685 123.297805 123.286827 123.275667 123.265903 123.255580 123.244603 123.233722 123.223399 123.212797 123.202936 123.191776 123.181174 123.170294 123.159595 123.148994 123.138392 123.134765 123.141740 123.153178 123.163501 123.177547 123.197077 123.216424 123.237349 123.254185 123.277341 123.297247 123.318171 123.341145 123.362070 123.387276 123.408479 0.000000 0.000000 0.000000 0.000000 0.000000
0.000000 0.000000 0.000000 0.000000 0.000000 0.000000 0.000000 0.000000 0.000000 0.000000 0.000000 0.000000 123.412943 123.402062 123.391461 123.380022 123.370440 123.359559 123.348678 123.338355 123.327378 123.317334 123.306732 123.296131 123.284874 123.274272 123.264508 123.254185 123.243208 123.232327 123.221725 123.211402 123.201262 123.189823 123.179500 123.168620 123.157921 123.147041 123.136997 123.134207 123.142577 123.153457 123.164059 123.180058 123.200425 123.218098 123.239023 123.257812 123.278736 123.298363 123.319845 123.342540 123.364302 123.388950 123.412943 0.000000 0.000000 0.000000 0.000000 0.000000
0.000000 0.000000 0.000000 0.000000 0.000000 0.000000 0.000000 0.000000 0.000000 0.000000 0.000000 0.000000 123.411269 123.400109 123.390066 123.378069 123.368766 123.358164 123.347004 123.336681 123.325425 123.315381 123.304779 123.293899 123.282921 123.272878 123.262834 123.251953 123.240976 123.230653 123.219493 123.210007 123.199030 123.187870 123.177268 123.166570 123.155968 123.145646 123.134765 123.133649 123.143135 123.154294 123.165175 123.182290 123.202657 123.220051 123.241255 123.260323 123.279852 123.299479 123.321798 123.343377 123.367650 123.391461 123.416012 0.000000 0.000000 0.000000 0.000000 0.000000
0.000000 0.000000 0.000000 0.000000 0.000000 0.000000 0.000000 0.000000 0.000000 0.000000 0.000000 0.000000 123.409037 123.398715 123.388392 123.376674 123.366534 123.356490 123.344772 123.335007 123.324030 123.313428 123.303105 123.291946 123.281247 123.270646 123.260602 123.250279 123.239023 123.228979 123.217819 123.207679 123.197356 123.186196 123.175594 123.165175 123.154015 123.143972 123.133091 123.133370 123.143693 123.154852 123.165733 123.183964 123.204052 123.221725 123.242092 123.262276 123.281805 123.301431 123.324309 123.345609 123.370161 123.393414 0.000000 0.000000 0.000000 0.000000 0.000000 0.000000
0.000000 0.000000 0.000000 0.000000 0.000000 0.000000 0.000000 0.000000 0.000000 0.000000 0.000000 0.000000 123.407642 123.397041 123.386160 123.375000 123.365139 123.354816 123.343377 123.333237 123.322356 123.312033 123.301152 123.290175 123.279852 123.268972 123.258928 123.248509 123.237349 123.226747 123.216424 123.206005 123.195961 123.184801 123.174200 123.162943 123.152620 123.141740 123.132533 123.133649 123.145088 123.155410 123.166291 123.184801 123.206563 123.223678 123.243766 123.263671 123.283758 123.303942 123.325425 123.348957 123.372951 123.394809 0.000000 0.000000 0.000000 0.000000 0.000000 0.000000
0.000000 0.000000 0.000000 0.000000 0.000000 0.000000 0.000000 0.000000 0.000000 0.000000 0.000000 0.000000 123.406247 123.394809 123.384765 123.372951 123.363465 123.352584 123.341703 123.331563 123.320124 123.310638 123.299757 123.288780 123.277899 123.267298 123.257533 123.246556 123.235954 123.225352 123.214750 123.204610 123.194287 123.182569 123.172247 123.161269 123.151225 123.140066 123.131975 123.134486 123.145088 123.155968 123.166667 123.185359 123.207679 123.225352 123.244603 123.265903 123.285153 123.307011 123.328215 123.351468 123.374624 123.396483 0.000000 0.000000 0.000000 0.000000 0.000000 0.000000
0.000000 0.000000 0.000000 0.000000 0.000000 0.000000 0.000000 0.000000 0.000000 0.000000 0.000000 0.000000 123.404015 123.393135 123.383091 123.371277 123.361791 123.351189 123.339750 123.329610 123.318450 123.308406 123.297526 123.287106 123.275946 123.265903 123.255580 123.245161 123.233722 123.223957 123.212518 123.202936 123.192055 123.180895 123.170294 123.159874 123.148994 123.138671 123.131417 123.135044 123.145646 123.156805 123.167504 123.185917 123.208891 123.229537 123.245440 123.267577 123.287106 123.308685 123.331005 123.353142 123.378627 123.398994 0.000000 0.000000 0.000000 0.000000 0.000000 0.000000
0.000000 0.000000 0.000000 0.000000 0.000000 0.000000 0.000000 0.000000 0.000000 0.000000 0.000000 0.000000 123.402062 123.391740 123.381417 123.369882 123.359559 123.349794 123.337797 123.327657 123.317055 123.306732 123.295852 123.284874 123.274551 123.263671 123.253627 123.243487 123.232048 123.221725 123.211123 123.200704 123.190381 123.179500 123.168620 123.158200 123.147320 123.136997 123.130859 123.135602 123.146483 123.157363 123.170294 123.188707 123.209170 123.230932 123.247672 123.269809 123.289338 123.310638 123.333237 123.356769 123.381138 123.405131 0.000000 0.000000 0.000000 0.000000 0.000000 0.000000
0.000000 0.000000 0.000000 0.000000 0.000000 0.000000 0.000000 0.000000 0.000000 0.000000 0.000000 0.000000 123.400667 123.390066 123.379185 123.368208 123.358164 123.347562 123.336402 123.326262 123.315381 123.305058 123.294457 123.283200 123.272878 123.261997 123.251953 123.241534 123.230653 123.219772 123.209449 123.199030 123.188986 123.177826 123.166667 123.155968 123.145646 123.134765 123.130301 123.136439 123.147599 123.157921 123.171968 123.191218 123.213076 123.231490 123.251395 123.270367 123.290733 123.312870 123.337797 123.358164 123.381696 123.406805 0.000000 0.000000 0.000000 0.000000 0.000000 0.000000
0.000000 0.000000 0.000000 0.000000 0.000000 0.000000 0.000000 0.000000 0.000000 0.000000 0.000000 0.000000 123.398994 123.387834 123.377790 123.365976 123.356490 123.345888 123.335007 123.324588 123.313149 123.303384 123.292504 123.281805 123.270646 123.260602 123.250000 123.239581 123.228979 123.218377 123.207400 123.197635 123.187033 123.175594 123.165175 123.154294 123.143972 123.133370 123.129743 123.136718 123.147599 123.158758 123.173921 123.194008 123.213355 123.232885 123.251953 123.272599 123.293062 123.316218 123.338355 123.361791 123.383091 123.408758 0.000000 0.000000 0.000000 0.000000 0.000000 0.000000
0.000000 0.000000 0.000000 0.000000 0.000000 0.000000 0.000000 0.000000 0.000000 0.000000 0.000000 0.000000 123.397041 123.386439 123.375837 123.364302 123.354537 123.344214 123.332958 123.322356 123.311754 123.301152 123.290733 123.279852 123.268972 123.258649 123.248509 123.238186 123.226747 123.216982 123.206005 123.195682 123.185080 123.173921 123.163222 123.152899 123.141740 123.131696 123.129185 123.137555 123.148715 123.159595 123.176710 123.196519 123.214750 123.235396 123.253627 123.273994 123.294736 123.318171 123.339750 123.364860 123.384765 123.410711 0.000000 0.000000 0.000000 0.000000 0.000000 0.000000
0.000000 0.000000 0.000000 0.000000 0.000000 0.000000 0.000000 0.000000 0.000000 0.000000 0.000000 123.415454 123.395088 123.384765 123.373509 123.362907 123.352584 123.342819 123.331284 123.320961 123.310080 123.299757 123.289338 123.277899 123.267577 123.256696 123.246556 123.236512 123.225073 123.214750 123.204331 123.193729 123.183685 123.172526 123.161548 123.150946 123.140345 123.129743 123.128627 123.138113 123.149272 123.160153 123.178384 123.198472 123.216703 123.236512 123.255301 123.274830 123.297247 123.319845 123.342261 123.366534 123.387555 123.416570 0.000000 0.000000 0.000000 0.000000 0.000000 0.000000
