FireSTARR/test/constant/M1M225PC_S060_A090_WD135_WS020/arrival.asc
ncols         20
nrows         20
xllcorner     424903.990666
yllcorner     12747055.311160
cellsize      100.000000
NODATA_value  0.000000
0.000000 0.000000 0.000000 0.000000 0.000000 0.000000 0.000000 0.000000 0.000000 0.000000 0.000000 0.000000 0.000000 0.000000 0.000000 123.398992 123.323656 123.307662 123.398992 0.000000 
0.000000 0.000000 0.000000 0.000000 0.000000 0.000000 0.000000 0.000000 0.000000 0.000000 0.000000 0.000000 123.414987 123.349328 123.281990 123.206654 123.132997 123.099328 123.174664 0.000000 
0.000000 0.000000 0.000000 0.000000 0.000000 0.000000 0.000000 0.000000 0.000000 0.000000 0.000000 123.349328 123.281990 123.206654 123.132997 123.065659 123.015995 123.000000 123.115323 123.373321 
0.000000 0.000000 0.000000 0.000000 0.000000 0.000000 0.000000 0.000000 0.000000 123.398992 123.323656 123.257997 123.182662 123.115323 123.081654 123.039987 123.015995 123.015995 123.115323 123.357326 
0.000000 0.000000 0.000000 0.000000 0.000000 0.000000 0.000000 0.000000 123.373321 123.299664 123.232326 123.182662 123.140995 123.099328 123.065659 123.039987 123.039987 123.065659 123.190659 123.357326 
0.000000 0.000000 0.000000 0.000000 0.000000 0.000000 123.416667 123.349328 123.273992 123.240323 123.198656 123.174664 123.132997 123.091331 123.065659 123.065659 123.091331 123.132997 123.257997 0.000000 
0.000000 0.000000 0.000000 0.000000 0.000000 123.398992 123.341331 123.307662 123.265995 123.232326 123.182662 123.148992 123.115323 123.099328 123.091331 123.107326 123.132997 123.206654 123.331654 0.000000 
0.000000 0.000000 0.000000 0.000000 123.398992 123.365323 123.323656 123.281990 123.240323 123.206654 123.174664 123.140995 123.123321 123.115323 123.115323 123.164987 123.182662 123.273992 123.406990 0.000000 
0.000000 0.000000 0.000000 0.000000 123.382997 123.349328 123.307662 123.273992 123.224328 123.198656 123.164987 123.148992 123.140995 123.140995 123.174664 123.198656 123.248321 123.349328 0.000000 0.000000 
0.000000 0.000000 0.000000 123.406990 123.365323 123.323656 123.289987 123.248321 123.216331 123.182662 123.174664 123.174664 123.164987 123.190659 123.232326 123.257997 123.323656 123.416667 0.000000 0.000000 
0.000000 0.000000 123.416667 123.390995 123.349328 123.315659 123.273992 123.240323 123.206654 123.206654 123.198656 123.190659 123.206654 123.240323 123.265995 123.299664 123.390995 0.000000 0.000000 0.000000 
0.000000 0.000000 123.398992 123.373321 123.331654 123.289987 123.257997 123.232326 123.232326 123.224328 123.216331 123.216331 123.248321 123.289987 123.341331 123.365323 0.000000 0.000000 0.000000 0.000000 
0.000000 0.000000 123.390995 123.349328 123.315659 123.281990 123.257997 123.257997 123.248321 123.240323 123.240323 123.273992 123.315659 123.331654 123.365323 0.000000 0.000000 0.000000 0.000000 0.000000 
0.000000 123.406990 123.375000 123.341331 123.307662 123.281990 123.281990 123.273992 123.265995 123.265995 123.289987 123.323656 123.357326 123.382997 123.414987 0.000000 0.000000 0.000000 0.000000 0.000000 
0.000000 123.398992 123.365323 123.323656 123.307662 123.307662 123.299664 123.291667 123.289987 123.315659 123.333333 123.375000 123.406990 0.000000 0.000000 0.000000 0.000000 0.000000 0.000000 0.000000 
0.000000 123.382997 123.349328 123.331654 123.331654 123.323656 123.315659 123.315659 123.323656 123.357326 123.390995 123.416667 0.000000 0.000000 0.000000 0.000000 0.000000 0.000000 0.000000 0.000000 
123.414987 123.373321 123.357326 123.357326 123.349328 123.341331 123.341331 123.341331 123.373321 123.406990 0.000000 0.000000 0.000000 0.000000 0.000000 0.000000 0.000000 0.000000 0.000000 0.000000 
123.398992 123.382997 123.382997 123.373321 123.373321 123.365323 123.365323 123.398992 0.000000 0.000000 0.000000 0.000000 0.000000 0.000000 0.000000 0.000000 0.000000 0.000000 0.000000 0.000000 
123.414987 123.406990 123.398992 123.398992 123.398992 123.390995 123.414987 0.000000 0.000000 0.000000 0.000000 0.000000 0.000000 0.000000 0.000000 0.000000 0.000000 0.000000 0.000000 0.000000 
0.000000 0.000000 0.000000 123.416667 123.414987 123.416667 0.000000 0.000000 0.000000 0.000000 0.000000 0.000000 0.000000 0.000000 0.000000 0.000000 0.000000 0.000000 0.000000 0.000000 
