FireSTARR/test/constant/C2_S060_A180_WD045_WS020/arrival.asc
ncols         74
nrows         70
xllcorner     426003.990666
yllcorner     12742455.311160
cellsize      100.000000
NODATA_value  0.000000
[rows 0 to 25 of 70, columns 0 to 58 of 74]
0.000000 0.000000 0.000000 0.000000 0.000000 0.000000 0.000000 0.000000 123.410539 123.400086 123.389634 123.381272 123.387543 123.406358 0.000000 0.000000 0.000000 0.000000 0.000000 0.000000 0.000000 0.000000 0.000000 0.000000 0.000000 0.000000 0.000000 0.000000 0.000000 0.000000 0.000000 0.000000 0.000000 0.000000 0.000000 0.000000 0.000000 0.000000 0.000000 0.000000 0.000000 0.000000 0.000000 0.000000 0.000000 0.000000 0.000000 0.000000 0.000000 0.000000 0.000000 0.000000 0.000000 0.000000 0.000000 0.000000 0.000000 0.000000 0.000000
0.000000 0.000000 0.000000 0.000000 123.410539 123.375000 123.350057 123.339605 123.329296 123.318843 123.312572 123.316753 123.335424 123.356329 123.375000 123.393815 123.412629 0.000000 0.000000 0.000000 0.000000 0.000000 0.000000 0.000000 0.000000 0.000000 0.000000 0.000000 0.000000 0.000000 0.000000 0.000000 0.000000 0.000000 0.000000 0.000000 0.000000 0.000000 0.000000 0.000000 0.000000 0.000000 0.000000 0.000000 0.000000 0.000000 0.000000 0.000000 0.000000 0.000000 0.000000 0.000000 0.000000 0.000000 0.000000 0.000000 0.000000 0.000000 0.000000
0.000000 0.000000 123.404267 123.366781 123.331386 123.295848 123.270905 123.260453 123.250000 123.241781 123.245962 123.264634 123.283448 123.304210 123.323024 123.341695 123.360510 123.379181 123.400086 0.000000 0.000000 0.000000 0.000000 0.000000 0.000000 0.000000 0.000000 0.000000 0.000000 0.000000 0.000000 0.000000 0.000000 0.000000 0.000000 0.000000 0.000000 0.000000 0.000000 0.000000 0.000000 0.000000 0.000000 0.000000 0.000000 0.000000 0.000000 0.000000 0.000000 0.000000 0.000000 0.000000 0.000000 0.000000 0.000000 0.000000 0.000000 0.000000 0.000000
0.000000 0.000000 123.358419 123.287629 123.252091 123.216695 123.191753 123.181300 123.170848 123.175029 123.193843 123.214605 123.233419 123.252091 123.270905 123.291667 123.310481 123.329296 123.347967 123.366781 123.385453 123.404267 0.000000 0.000000 0.000000 0.000000 0.000000 0.000000 0.000000 0.000000 0.000000 0.000000 0.000000 0.000000 0.000000 0.000000 0.000000 0.000000 0.000000 0.000000 0.000000 0.000000 0.000000 0.000000 0.000000 0.000000 0.000000 0.000000 0.000000 0.000000 0.000000 0.000000 0.000000 0.000000 0.000000 0.000000 0.000000 0.000000 0.000000
0.000000 123.385453 123.314662 123.243872 123.172938 123.135453 123.110510 123.102148 123.102148 123.123053 123.141724 123.160539 123.179210 123.198024 123.216695 123.237600 123.256272 123.275086 123.293757 123.312572 123.331386 123.350057 123.368872 123.389634 123.408448 0.000000 0.000000 0.000000 0.000000 0.000000 0.000000 0.000000 0.000000 0.000000 0.000000 0.000000 0.000000 0.000000 0.000000 0.000000 0.000000 0.000000 0.000000 0.000000 0.000000 0.000000 0.000000 0.000000 0.000000 0.000000 0.000000 0.000000 0.000000 0.000000 0.000000 0.000000 0.000000 0.000000 0.000000
123.414720 123.343786 123.272996 123.202205 123.131272 123.058391 123.031358 123.033448 123.052119 123.070934 123.089605 123.108419 123.127091 123.147996 123.166667 123.185481 123.204296 123.222967 123.241781 123.260453 123.281358 123.300029 123.318843 123.337514 123.356329 123.377091 123.395905 123.414720 0.000000 0.000000 0.000000 0.000000 0.000000 0.000000 0.000000 0.000000 0.000000 0.000000 0.000000 0.000000 0.000000 0.000000 0.000000 0.000000 0.000000 0.000000 0.000000 0.000000 0.000000 0.000000 0.000000 0.000000 0.000000 0.000000 0.000000 0.000000 0.000000 0.000000 0.000000
123.385453 123.314662 123.243872 123.172938 123.104238 123.037629 123.000000 123.004181 123.014634 123.035539 123.054210 123.073024 123.091695 123.110510 123.129181 123.147996 123.168757 123.187572 123.206386 123.225057 123.243872 123.262543 123.283448 123.302119 123.320934 123.339605 123.358419 123.377091 123.397996 123.416667 0.000000 0.000000 0.000000 0.000000 0.000000 0.000000 0.000000 0.000000 0.000000 0.000000 0.000000 0.000000 0.000000 0.000000 0.000000 0.000000 0.000000 0.000000 0.000000 0.000000 0.000000 0.000000 0.000000 0.000000 0.000000 0.000000 0.000000 0.000000 0.000000
123.370962 123.302119 123.235510 123.170848 123.106329 123.047938 123.006272 123.004181 123.010453 123.018815 123.029267 123.045848 123.064662 123.083333 123.102148 123.123053 123.141724 123.162629 123.181300 123.200115 123.218786 123.237600 123.258362 123.277177 123.295848 123.314662 123.333333 123.352148 123.370962 123.389634 123.408448 0.000000 0.000000 0.000000 0.000000 0.000000 0.000000 0.000000 0.000000 0.000000 0.000000 0.000000 0.000000 0.000000 0.000000 0.000000 0.000000 0.000000 0.000000 0.000000 0.000000 0.000000 0.000000 0.000000 0.000000 0.000000 0.000000 0.000000 0.000000
123.368872 123.308391 123.248053 123.189662 123.129181 123.070934 123.025086 123.012543 123.010453 123.016724 123.025086 123.035539 123.043757 123.058391 123.077205 123.095876 123.116781 123.135453 123.154267 123.175029 123.193843 123.212514 123.231329 123.250000 123.268815 123.287629 123.308391 123.327205 123.345876 123.364691 123.383362 123.402177 0.000000 0.000000 0.000000 0.000000 0.000000 0.000000 0.000000 0.000000 0.000000 0.000000 0.000000 0.000000 0.000000 0.000000 0.000000 0.000000 0.000000 0.000000 0.000000 0.000000 0.000000 0.000000 0.000000 0.000000 0.000000 0.000000 0.000000
123.391724 123.331386 123.270905 123.212514 123.154267 123.095876 123.050029 123.025086 123.020905 123.018815 123.022996 123.031358 123.039720 123.052119 123.060481 123.070934 123.089605 123.110510 123.129181 123.147996 123.168757 123.187572 123.206386 123.225057 123.245962 123.264634 123.283448 123.302119 123.320934 123.339605 123.358419 123.377091 123.395905 123.416667 0.000000 0.000000 0.000000 0.000000 0.000000 0.000000 0.000000 0.000000 0.000000 0.000000 0.000000 0.000000 0.000000 0.000000 0.000000 0.000000 0.000000 0.000000 0.000000 0.000000 0.000000 0.000000 0.000000 0.000000 0.000000
123.414720 123.356329 123.295848 123.237600 123.177119 123.118872 123.073024 123.041667 123.031358 123.027177 123.025086 123.029267 123.037629 123.047938 123.054210 123.068843 123.077205 123.085424 123.104238 123.123053 123.141724 123.162629 123.181300 123.200115 123.218786 123.237600 123.258362 123.277177 123.295848 123.314662 123.333333 123.352148 123.370962 123.389634 123.410539 0.000000 0.000000 0.000000 0.000000 0.000000 0.000000 0.000000 0.000000 0.000000 0.000000 0.000000 0.000000 0.000000 0.000000 0.000000 0.000000 0.000000 0.000000 0.000000 0.000000 0.000000 0.000000 0.000000 0.000000
0.000000 123.381272 123.320934 123.262543 123.202205 123.143815 123.095876 123.066753 123.041667 123.037629 123.033448 123.031358 123.035539 123.043757 123.052119 123.062572 123.070934 123.083333 123.091695 123.100057 123.116781 123.135453 123.154267 123.172938 123.191753 123.210424 123.229238 123.248053 123.266724 123.287629 123.306300 123.325115 123.343786 123.362600 123.381272 123.402177 0.000000 0.000000 0.000000 0.000000 0.000000 0.000000 0.000000 0.000000 0.000000 0.000000 0.000000 0.000000 0.000000 0.000000 0.000000 0.000000 0.000000 0.000000 0.000000 0.000000 0.000000 0.000000 0.000000
0.000000 123.404267 123.343786 123.285539 123.225057 123.168757 123.120962 123.091695 123.062572 123.052119 123.043757 123.041667 123.037629 123.041667 123.050029 123.058391 123.066753 123.077205 123.085424 123.097967 123.108419 123.116781 123.129181 123.147996 123.166667 123.185481 123.204296 123.222967 123.241781 123.262543 123.281358 123.300029 123.318843 123.337514 123.356329 123.375000 123.395905 123.414720 0.000000 0.000000 0.000000 0.000000 0.000000 0.000000 0.000000 0.000000 0.000000 0.000000 0.000000 0.000000 0.000000 0.000000 0.000000 0.000000 0.000000 0.000000 0.000000 0.000000 0.000000
0.000000 0.000000 123.366781 123.308391 123.250000 123.191753 123.143815 123.114691 123.085424 123.060481 123.056300 123.050029 123.045848 123.043757 123.047938 123.056300 123.064662 123.075115 123.081386 123.091695 123.100057 123.112600 123.123053 123.133362 123.141724 123.160539 123.179210 123.198024 123.216695 123.235510 123.254181 123.275086 123.293757 123.312572 123.331386 123.350057 123.368872 123.389634 123.408448 0.000000 0.000000 0.000000 0.000000 0.000000 0.000000 0.000000 0.000000 0.000000 0.000000 0.000000 0.000000 0.000000 0.000000 0.000000 0.000000 0.000000 0.000000 0.000000 0.000000
0.000000 0.000000 123.391724 123.331386 123.272996 123.214605 123.166667 123.137543 123.108419 123.079296 123.068843 123.064662 123.058391 123.054210 123.050029 123.054210 123.060481 123.070934 123.079296 123.087514 123.097967 123.106329 123.114691 123.127091 123.139634 123.150086 123.156358 123.172938 123.191753 123.210424 123.229238 123.250000 123.268815 123.287629 123.306300 123.325115 123.343786 123.362600 123.383362 123.402177 0.000000 0.000000 0.000000 0.000000 0.000000 0.000000 0.000000 0.000000 0.000000 0.000000 0.000000 0.000000 0.000000 0.000000 0.000000 0.000000 0.000000 0.000000 0.000000
0.000000 0.000000 123.414720 123.356329 123.297938 123.239691 123.191753 123.160539 123.133362 123.104238 123.079296 123.075115 123.066753 123.064662 123.060481 123.058391 123.060481 123.068843 123.075115 123.087514 123.095876 123.104238 123.112600 123.123053 123.131272 123.143815 123.154267 123.164720 123.172938 123.185481 123.204296 123.222967 123.241781 123.262543 123.281358 123.300029 123.318843 123.337514 123.356329 123.375000 123.395905 123.414720 0.000000 0.000000 0.000000 0.000000 0.000000 0.000000 0.000000 0.000000 0.000000 0.000000 0.000000 0.000000 0.000000 0.000000 0.000000 0.000000 0.000000
0.000000 0.000000 0.000000 123.381272 123.320934 123.262543 123.214605 123.185481 123.156358 123.127091 123.097967 123.089605 123.081386 123.075115 123.073024 123.066753 123.064662 123.066753 123.075115 123.083333 123.091695 123.102148 123.110510 123.118872 123.129181 123.137543 123.147996 123.158448 123.170848 123.179210 123.189662 123.198024 123.216695 123.237600 123.256272 123.275086 123.293757 123.312572 123.331386 123.350057 123.370962 123.389634 123.408448 0.000000 0.000000 0.000000 0.000000 0.000000 0.000000 0.000000 0.000000 0.000000 0.000000 0.000000 0.000000 0.000000 0.000000 0.000000 0.000000
0.000000 0.000000 0.000000 123.404267 123.345876 123.287629 123.239691 123.210424 123.181300 123.152177 123.123053 123.097967 123.091695 123.089605 123.083333 123.077205 123.075115 123.070934 123.073024 123.081386 123.087514 123.097967 123.108419 123.116781 123.125000 123.133362 123.143815 123.152177 123.164720 123.175029 123.185481 123.195934 123.204296 123.214605 123.229238 123.248053 123.268815 123.287629 123.306300 123.325115 123.343786 123.364691 123.383362 123.402177 0.000000 0.000000 0.000000 0.000000 0.000000 0.000000 0.000000 0.000000 0.000000 0.000000 0.000000 0.000000 0.000000 0.000000 0.000000
0.000000 0.000000 0.000000 0.000000 123.370962 123.310481 123.264634 123.233419 123.204296 123.175029 123.145905 123.116781 123.106329 123.102148 123.091695 123.087514 123.087514 123.081386 123.077205 123.079296 123.085424 123.093786 123.104238 123.112600 123.123053 123.131272 123.139634 123.150086 123.160539 123.168757 123.181300 123.189662 123.202205 123.210424 123.220876 123.229238 123.243872 123.262543 123.281358 123.300029 123.318843 123.337514 123.358419 123.377091 123.395905 123.414720 0.000000 0.000000 0.000000 0.000000 0.000000 0.000000 0.000000 0.000000 0.000000 0.000000 0.000000 0.000000 0.000000
0.000000 0.000000 0.000000 0.000000 123.393815 123.333333 123.287629 123.256272 123.227148 123.200115 123.170848 123.139634 123.116781 123.110510 123.104238 123.100057 123.093786 123.091695 123.087514 123.083333 123.085424 123.091695 123.100057 123.110510 123.118872 123.127091 123.137543 123.145905 123.154267 123.164720 123.172938 123.183391 123.195934 123.204296 123.216695 123.227148 123.235510 123.245962 123.256272 123.275086 123.293757 123.312572 123.331386 123.352148 123.370962 123.389634 123.408448 0.000000 0.000000 0.000000 0.000000 0.000000 0.000000 0.000000 0.000000 0.000000 0.000000 0.000000 0.000000
0.000000 0.000000 0.000000 0.000000 123.416667 123.358419 123.310481 123.281358 123.252091 123.225057 123.193843 123.164720 123.135453 123.125000 123.118872 123.112600 123.104238 123.102148 123.100057 123.093786 123.089605 123.091695 123.097967 123.106329 123.114691 123.123053 123.133362 123.143815 123.152177 123.160539 123.168757 123.179210 123.191753 123.198024 123.210424 123.218786 123.233419 123.241781 123.252091 123.262543 123.270905 123.287629 123.306300 123.325115 123.343786 123.362600 123.383362 123.402177 0.000000 0.000000 0.000000 0.000000 0.000000 0.000000 0.000000 0.000000 0.000000 0.000000 0.000000
0.000000 0.000000 0.000000 0.000000 0.000000 123.383362 123.335424 123.304210 123.277177 123.248053 123.218786 123.187572 123.158448 123.135453 123.129181 123.120962 123.118872 123.112600 123.110510 123.106329 123.102148 123.095876 123.097967 123.104238 123.112600 123.120962 123.131272 123.139634 123.150086 123.158448 123.166667 123.175029 123.185481 123.193843 123.206386 123.214605 123.227148 123.233419 123.245962 123.256272 123.266724 123.277177 123.285539 123.300029 123.318843 123.337514 123.358419 123.377091 123.395905 123.414720 0.000000 0.000000 0.000000 0.000000 0.000000 0.000000 0.000000 0.000000 0.000000
0.000000 0.000000 0.000000 0.000000 0.000000 123.406358 123.358419 123.327205 123.300029 123.270905 123.241781 123.212514 123.181300 123.152177 123.143815 123.135453 123.131272 123.125000 123.118872 123.114691 123.112600 123.108419 123.104238 123.104238 123.110510 123.118872 123.127091 123.137543 123.145905 123.154267 123.164720 123.172938 123.181300 123.189662 123.202205 123.210424 123.220876 123.229238 123.241781 123.250000 123.258362 123.272996 123.281358 123.293757 123.302119 123.312572 123.331386 123.352148 123.370962 123.389634 123.408448 0.000000 0.000000 0.000000 0.000000 0.000000 0.000000 0.000000 0.000000
0.000000 0.000000 0.000000 0.000000 0.000000 0.000000 123.383362 123.352148 123.323024 123.295848 123.266724 123.235510 123.206386 123.175029 123.154267 123.145905 123.141724 123.135453 123.129181 123.127091 123.123053 123.118872 123.116781 123.112600 123.110510 123.116781 123.123053 123.133362 123.141724 123.152177 123.160539 123.170848 123.179210 123.189662 123.198024 123.206386 123.214605 123.225057 123.235510 123.245962 123.256272 123.266724 123.275086 123.287629 123.295848 123.308391 123.318843 123.327205 123.345876 123.364691 123.383362 123.402177 0.000000 0.000000 0.000000 0.000000 0.000000 0.000000 0.000000
0.000000 0.000000 0.000000 0.000000 0.000000 0.000000 123.406358 123.377091 123.345876 123.318843 123.289720 123.258362 123.231329 123.200115 123.170848 123.162629 123.154267 123.150086 123.143815 123.137543 123.133362 123.131272 123.127091 123.120962 123.118872 123.116781 123.123053 123.131272 123.139634 123.145905 123.156358 123.166667 123.175029 123.185481 123.193843 123.204296 123.212514 123.222967 123.233419 123.241781 123.252091 123.260453 123.272996 123.281358 123.293757 123.304210 123.312572 123.323024 123.333333 123.341695 123.358419 123.377091 123.395905 123.414720 0.000000 0.000000 0.000000 0.000000 0.000000
0.000000 0.000000 0.000000 0.000000 0.000000 0.000000 0.000000 123.400086 123.370962 123.341695 123.314662 123.283448 123.254181 123.225057 123.195934 123.170848 123.164720 123.162629 123.152177 123.147996 123.143815 123.139634 123.137543 123.131272 123.127091 123.125000 123.123053 123.129181 123.137543 123.143815 123.152177 123.162629 123.172938 123.181300 123.189662 123.200115 123.208333 123.218786 123.229238 123.235510 123.245962 123.256272 123.266724 123.275086 123.287629 123.295848 123.308391 123.318843 123.327205 123.339605 123.350057 123.358419 123.370962 123.389634 123.408448 0.000000 0.000000 0.000000 0.000000
