FireSTARR/test/constant/M1M225PC_S060_A000_WD090_WS020/arrival.asc
ncols         106
nrows         19
xllcorner     416103.990666
yllcorner     12747855.311160
cellsize      100.000000
NODATA_value  0.000000
0.000000 0.000000 0.000000 0.000000 0.000000 0.000000 0.000000 0.000000 0.000000 0.000000 0.000000 0.000000 0.000000 0.000000 0.000000 0.000000 0.000000 0.000000 0.000000 0.000000 0.000000 0.000000 0.000000 0.000000 0.000000 0.000000 0.000000 0.000000 0.000000 0.000000 0.000000 0.000000 0.000000 0.000000 0.000000 0.000000 0.000000 0.000000 0.000000 0.000000 0.000000 0.000000 0.000000 0.000000 0.000000 0.000000 0.000000 0.000000 0.000000 123.416667 123.414394 123.410454 123.406515 123.402576 123.398636 123.394697 123.390757 123.386818 123.412424 0.000000 0.000000 0.000000 0.000000 0.000000 0.000000 0.000000 0.000000 0.000000 0.000000 0.000000 0.000000 0.000000 0.000000 0.000000 0.000000 0.000000 0.000000 0.000000 0.000000 0.000000 0.000000 0.000000 0.000000 0.000000 0.000000 0.000000 0.000000 0.000000 0.000000 0.000000 0.000000 0.000000 0.000000 0.000000 0.000000 0.000000 0.000000 0.000000 0.000000 0.000000 0.000000 0.000000 0.000000 0.000000 0.000000 0.000000 
0.000000 0.000000 0.000000 0.000000 0.000000 0.000000 0.000000 0.000000 0.000000 0.000000 0.000000 0.000000 0.000000 0.000000 0.000000 0.000000 0.000000 0.000000 0.000000 0.000000 0.000000 0.000000 0.000000 0.000000 0.000000 0.000000 0.000000 0.000000 0.000000 0.000000 0.000000 0.000000 0.000000 0.000000 0.000000 0.000000 0.000000 0.000000 0.000000 0.000000 0.000000 0.000000 0.000000 123.416667 123.414394 123.410454 123.406515 123.402576 123.398636 123.394697 123.390757 123.386818 123.382879 123.378939 123.374697 123.370757 123.366818 123.362879 123.358939 123.355000 123.351060 123.347121 123.343182 123.341212 123.370757 123.376970 123.388788 123.416363 0.000000 0.000000 0.000000 0.000000 0.000000 0.000000 0.000000 0.000000 0.000000 0.000000 0.000000 0.000000 0.000000 0.000000 0.000000 0.000000 0.000000 0.000000 0.000000 0.000000 0.000000 0.000000 0.000000 0.000000 0.000000 0.000000 0.000000 0.000000 0.000000 0.000000 0.000000 0.000000 0.000000 0.000000 0.000000 0.000000 0.000000 0.000000 
0.000000 0.000000 0.000000 0.000000 0.000000 0.000000 0.000000 0.000000 0.000000 0.000000 0.000000 0.000000 0.000000 0.000000 0.000000 0.000000 0.000000 0.000000 0.000000 0.000000 0.000000 0.000000 0.000000 0.000000 0.000000 0.000000 0.000000 0.000000 0.000000 0.000000 0.000000 0.000000 0.000000 0.000000 0.000000 0.000000 0.000000 123.416667 123.414394 123.410454 123.406515 123.402576 123.398636 123.394697 123.390757 123.386818 123.382879 123.378939 123.374697 123.370757 123.366818 123.362879 123.358939 123.355000 123.351060 123.347121 123.343182 123.339242 123.335303 123.331060 123.327121 123.323182 123.319242 123.315303 123.311363 123.307424 123.303485 123.299545 123.295606 123.295606 123.325151 123.343182 123.351060 123.368788 123.378939 123.412424 0.000000 0.000000 0.000000 0.000000 0.000000 0.000000 0.000000 0.000000 0.000000 0.000000 0.000000 0.000000 0.000000 0.000000 0.000000 0.000000 0.000000 0.000000 0.000000 0.000000 0.000000 0.000000 0.000000 0.000000 0.000000 0.000000 0.000000 0.000000 0.000000 0.000000 
0.000000 0.000000 0.000000 0.000000 0.000000 0.000000 0.000000 0.000000 0.000000 0.000000 0.000000 0.000000 0.000000 0.000000 0.000000 0.000000 0.000000 0.000000 0.000000 0.000000 0.000000 0.000000 0.000000 0.000000 0.000000 0.000000 0.000000 0.000000 0.000000 0.000000 0.000000 0.000000 123.414394 123.410454 123.406515 123.402576 123.398636 123.394697 123.390757 123.386818 123.382879 123.378939 123.374697 123.370757 123.366818 123.362879 123.358939 123.355000 123.351060 123.347121 123.343182 123.339242 123.335303 123.331060 123.327121 123.323182 123.319242 123.315303 123.311363 123.307424 123.303485 123.299545 123.295606 123.291363 123.287424 123.283485 123.279545 123.275606 123.271666 123.267727 123.263788 123.259848 123.255909 123.251970 123.249697 123.271666 123.281515 123.313333 123.319242 123.329091 123.366818 123.392727 123.414394 0.000000 0.000000 0.000000 0.000000 0.000000 0.000000 0.000000 0.000000 0.000000 0.000000 0.000000 0.000000 0.000000 0.000000 0.000000 0.000000 0.000000 0.000000 0.000000 0.000000 0.000000 0.000000 0.000000 
0.000000 0.000000 0.000000 0.000000 0.000000 0.000000 0.000000 0.000000 0.000000 0.000000 0.000000 0.000000 0.000000 0.000000 0.000000 0.000000 0.000000 0.000000 0.000000 0.000000 0.000000 0.000000 0.000000 0.000000 0.000000 0.000000 123.414394 123.410454 123.406515 123.402576 123.398636 123.394697 123.390757 123.386818 123.382879 123.378939 123.374697 123.370757 123.366818 123.362879 123.358939 123.355000 123.351060 123.347121 123.343182 123.339242 123.335303 123.331060 123.327121 123.323182 123.319242 123.315303 123.311363 123.307424 123.303485 123.299545 123.295606 123.291667 123.289394 123.285454 123.281515 123.277576 123.273636 123.269697 123.265757 123.261818 123.257879 123.253939 123.249697 123.245757 123.241818 123.237879 123.233939 123.230000 123.226060 123.222121 123.218182 123.214242 123.210303 123.206060 123.204091 123.233939 123.233939 123.267727 123.281515 123.311363 123.325151 123.360909 123.394697 0.000000 0.000000 0.000000 0.000000 0.000000 0.000000 0.000000 0.000000 0.000000 0.000000 0.000000 0.000000 0.000000 0.000000 0.000000 0.000000 0.000000 
0.000000 0.000000 0.000000 0.000000 0.000000 0.000000 0.000000 0.000000 0.000000 0.000000 0.000000 0.000000 0.000000 0.000000 0.000000 0.000000 0.000000 0.000000 0.000000 0.000000 123.414394 123.410454 123.406515 123.402576 123.398636 123.394697 123.390757 123.386818 123.382879 123.378939 123.374697 123.370757 123.366818 123.362879 123.358939 123.355000 123.351060 123.347121 123.343182 123.339242 123.335303 123.331060 123.327121 123.323182 123.319242 123.315303 123.311363 123.307424 123.303485 123.299545 123.295606 123.291667 123.289394 123.285454 123.281515 123.277576 123.273636 123.269697 123.265757 123.261818 123.257879 123.253939 123.249697 123.245757 123.241818 123.237879 123.233939 123.230000 123.226060 123.222121 123.218182 123.214242 123.210303 123.206060 123.202121 123.198182 123.194242 123.190303 123.186363 123.182424 123.178485 123.174545 123.170606 123.166363 123.162424 123.158485 123.158485 123.186363 123.212273 123.230000 123.237879 123.273636 123.325151 123.356970 123.360909 0.000000 0.000000 0.000000 0.000000 0.000000 0.000000 0.000000 0.000000 0.000000 0.000000 0.000000 
0.000000 0.000000 0.000000 0.000000 0.000000 0.000000 0.000000 0.000000 0.000000 0.000000 0.000000 0.000000 0.000000 0.000000 123.414394 123.410454 123.406515 123.402576 123.398636 123.394697 123.390757 123.386818 123.382879 123.378939 123.374697 123.370757 123.366818 123.362879 123.358939 123.355000 123.351060 123.347121 123.343182 123.339242 123.335303 123.333030 123.329091 123.325151 123.321212 123.317273 123.313333 123.309394 123.305454 123.301515 123.297576 123.293636 123.289394 123.285454 123.281515 123.277576 123.273636 123.269697 123.265757 123.261818 123.257879 123.253939 123.249697 123.245757 123.241818 123.237879 123.233939 123.230000 123.226060 123.222121 123.218182 123.214242 123.210303 123.206060 123.202121 123.198182 123.194242 123.190303 123.186363 123.182424 123.178485 123.174545 123.170606 123.166363 123.162424 123.158485 123.154545 123.150606 123.146666 123.142727 123.138788 123.134848 123.130909 123.126970 123.124697 123.120757 123.116818 123.112879 123.130909 123.150606 123.176515 123.194242 123.226060 123.259848 123.293636 123.331060 123.368788 0.000000 0.000000 0.000000 0.000000 0.000000 
0.000000 0.000000 0.000000 0.000000 0.000000 0.000000 0.000000 0.000000 123.414394 123.410454 123.406515 123.402576 123.398636 123.394697 123.390757 123.386818 123.382879 123.378939 123.375000 123.372727 123.368788 123.364848 123.360909 123.356970 123.353030 123.349091 123.345151 123.341212 123.337273 123.333030 123.329091 123.325151 123.321212 123.317273 123.313333 123.309394 123.305454 123.301515 123.297576 123.293636 123.289394 123.285454 123.281515 123.277576 123.273636 123.269697 123.265757 123.261818 123.257879 123.253939 123.249697 123.245757 123.241818 123.237879 123.233939 123.230000 123.226060 123.222121 123.218182 123.214242 123.210303 123.206060 123.202121 123.198182 123.194242 123.190303 123.186363 123.182424 123.178485 123.174545 123.170606 123.166667 123.164394 123.160454 123.156515 123.152576 123.148636 123.144697 123.140757 123.136818 123.132879 123.128939 123.124697 123.120757 123.116818 123.112879 123.108939 123.105000 123.101060 123.097121 123.093182 123.089242 123.085303 123.081060 123.077121 123.073182 123.069242 123.067273 123.101060 123.116818 123.128939 123.176515 123.210303 123.281515 123.313333 0.000000 
0.000000 0.000000 123.414394 123.410454 123.406515 123.402576 123.398636 123.394697 123.390757 123.386818 123.382879 123.378939 123.375000 123.372727 123.368788 123.364848 123.360909 123.356970 123.353030 123.349091 123.345151 123.341212 123.337273 123.333030 123.329091 123.325151 123.321212 123.317273 123.313333 123.309394 123.305454 123.301515 123.297576 123.293636 123.289394 123.285454 123.281515 123.277576 123.273636 123.269697 123.265757 123.261818 123.257879 123.253939 123.249697 123.245757 123.241818 123.237879 123.233939 123.230000 123.226060 123.222121 123.218182 123.214242 123.210303 123.206060 123.202121 123.198182 123.194242 123.190303 123.186363 123.182424 123.178485 123.174545 123.170606 123.166363 123.162424 123.158485 123.154545 123.150606 123.146666 123.142727 123.138788 123.134848 123.130909 123.126970 123.124697 123.120757 123.116818 123.112879 123.108939 123.105000 123.101060 123.097121 123.093182 123.089242 123.085303 123.081060 123.077121 123.073182 123.069242 123.065303 123.061363 123.057424 123.053485 123.049545 123.045606 123.041363 123.037424 123.033485 123.029545 123.025606 123.021666 123.021666 123.059394 123.089242 
123.414394 123.410454 123.406515 123.402576 123.398636 123.394697 123.390757 123.386818 123.382879 123.378939 123.374697 123.370757 123.366818 123.362879 123.358939 123.355000 123.351060 123.347121 123.343182 123.339242 123.335303 123.331060 123.327121 123.323182 123.319242 123.315303 123.311363 123.307424 123.303485 123.299545 123.295606 123.291363 123.287424 123.283485 123.279545 123.275606 123.271666 123.267727 123.263788 123.259848 123.255909 123.251970 123.247727 123.243788 123.239848 123.235909 123.231970 123.228030 123.224091 123.220151 123.216212 123.212273 123.208333 123.206060 123.202121 123.198182 123.194242 123.190303 123.186363 123.182424 123.178485 123.174545 123.170606 123.166363 123.162424 123.158485 123.154545 123.150606 123.146666 123.142727 123.138788 123.134848 123.130909 123.126970 123.122727 123.118788 123.114848 123.110909 123.106970 123.103030 123.099091 123.095151 123.091212 123.087273 123.083030 123.079091 123.075151 123.071212 123.067273 123.063333 123.059394 123.055454 123.051515 123.047576 123.043636 123.039394 123.035454 123.031515 123.027576 123.023636 123.019697 123.015757 123.011818 123.007879 123.003939 123.000000 
0.000000 0.000000 0.000000 123.414394 123.410454 123.406515 123.402576 123.398636 123.394697 123.390757 123.386818 123.382879 123.378939 123.374697 123.370757 123.366818 123.362879 123.358939 123.355000 123.351060 123.347121 123.343182 123.339242 123.335303 123.331060 123.327121 123.323182 123.319242 123.315303 123.311363 123.307424 123.303485 123.299545 123.295606 123.291363 123.287424 123.283485 123.279545 123.275606 123.271666 123.267727 123.263788 123.259848 123.255909 123.251970 123.247727 123.243788 123.239848 123.235909 123.231970 123.228030 123.224091 123.220151 123.216212 123.212273 123.208333 123.206060 123.202121 123.198182 123.194242 123.190303 123.186363 123.182424 123.178485 123.174545 123.170606 123.166363 123.162424 123.158485 123.154545 123.150606 123.146666 123.142727 123.138788 123.134848 123.130909 123.126970 123.122727 123.118788 123.114848 123.110909 123.106970 123.103030 123.099091 123.095151 123.091212 123.087273 123.083030 123.079091 123.075151 123.071212 123.067273 123.063333 123.059394 123.055454 123.051515 123.047576 123.043636 123.039394 123.035454 123.031515 123.027576 123.025606 123.065303 123.065303 123.116818 
0.000000 0.000000 0.000000 0.000000 0.000000 0.000000 0.000000 0.000000 0.000000 123.414394 123.410454 123.406515 123.402576 123.398636 123.394697 123.390757 123.386818 123.382879 123.378939 123.374697 123.370757 123.366818 123.362879 123.358939 123.355000 123.351060 123.347121 123.343182 123.339242 123.335303 123.331060 123.327121 123.323182 123.319242 123.315303 123.311363 123.307424 123.303485 123.299545 123.295606 123.291363 123.287424 123.283485 123.279545 123.275606 123.271666 123.267727 123.263788 123.259848 123.255909 123.251970 123.247727 123.243788 123.239848 123.235909 123.231970 123.228030 123.224091 123.220151 123.216212 123.212273 123.208030 123.204091 123.200151 123.196212 123.192273 123.188333 123.184394 123.180454 123.176515 123.172576 123.168636 123.166363 123.162424 123.158485 123.154545 123.150606 123.146666 123.142727 123.138788 123.134848 123.130909 123.126970 123.122727 123.118788 123.114848 123.110909 123.106970 123.103030 123.099091 123.095151 123.091212 123.087273 123.083030 123.079091 123.077121 123.073182 123.075151 123.110909 123.146666 123.174545 123.190303 123.251970 123.297576 123.325151 0.000000 
0.000000 0.000000 0.000000 0.000000 0.000000 0.000000 0.000000 0.000000 0.000000 0.000000 0.000000 0.000000 0.000000 0.000000 123.416667 123.414394 123.410454 123.406515 123.402576 123.398636 123.394697 123.390757 123.386818 123.382879 123.378939 123.374697 123.370757 123.366818 123.362879 123.358939 123.355000 123.351060 123.347121 123.343182 123.339242 123.335303 123.331060 123.327121 123.323182 123.319242 123.315303 123.311363 123.307424 123.303485 123.299545 123.295606 123.291363 123.287424 123.283485 123.279545 123.275606 123.271666 123.267727 123.263788 123.259848 123.255909 123.251970 123.247727 123.243788 123.239848 123.235909 123.231970 123.228030 123.224091 123.220151 123.216212 123.212273 123.208030 123.204091 123.200151 123.196212 123.192273 123.188333 123.184394 123.180454 123.176515 123.172576 123.168636 123.164394 123.160454 123.156515 123.152576 123.148636 123.144697 123.140757 123.138788 123.134848 123.130909 123.126970 123.122727 123.118788 123.118788 123.156515 123.184394 123.188333 123.231970 123.265757 123.305454 123.313333 123.355000 123.408485 0.000000 0.000000 0.000000 0.000000 0.000000 
0.000000 0.000000 0.000000 0.000000 0.000000 0.000000 0.000000 0.000000 0.000000 0.000000 0.000000 0.000000 0.000000 0.000000 0.000000 0.000000 0.000000 0.000000 0.000000 0.000000 123.416363 123.412424 123.408485 123.404545 123.400606 123.396666 123.392727 123.388788 123.384848 123.380909 123.376970 123.372727 123.368788 123.364848 123.360909 123.356970 123.353030 123.349091 123.345151 123.341212 123.337273 123.333333 123.331060 123.327121 123.323182 123.319242 123.315303 123.311363 123.307424 123.303485 123.299545 123.295606 123.291363 123.287424 123.283485 123.279545 123.275606 123.271666 123.267727 123.263788 123.259848 123.255909 123.251970 123.247727 123.243788 123.239848 123.235909 123.231970 123.228030 123.224091 123.220151 123.216212 123.212273 123.208030 123.204091 123.200151 123.196212 123.192273 123.188333 123.184394 123.180454 123.178485 123.174545 123.170606 123.166363 123.164394 123.190303 123.218182 123.239848 123.243788 123.281515 123.305454 123.319242 123.384848 123.414394 0.000000 0.000000 0.000000 0.000000 0.000000 0.000000 0.000000 0.000000 0.000000 0.000000 0.000000 
0.000000 0.000000 0.000000 0.000000 0.000000 0.000000 0.000000 0.000000 0.000000 0.000000 0.000000 0.000000 0.000000 0.000000 0.000000 0.000000 0.000000 0.000000 0.000000 0.000000 0.000000 0.000000 0.000000 0.000000 0.000000 0.000000 123.416363 123.412424 123.408485 123.404545 123.400606 123.396666 123.392727 123.388788 123.384848 123.380909 123.376970 123.372727 123.368788 123.364848 123.360909 123.356970 123.353030 123.349091 123.345151 123.341212 123.337273 123.333030 123.329091 123.325151 123.321212 123.317273 123.313333 123.309394 123.305454 123.301515 123.297576 123.293636 123.291363 123.287424 123.283485 123.279545 123.275606 123.271666 123.267727 123.263788 123.259848 123.255909 123.251970 123.247727 123.243788 123.239848 123.235909 123.231970 123.228030 123.226060 123.222121 123.218182 123.214242 123.210303 123.214242 123.235909 123.267727 123.291667 123.307424 123.333333 123.366818 123.380909 123.384848 0.000000 0.000000 0.000000 0.000000 0.000000 0.000000 0.000000 0.000000 0.000000 0.000000 0.000000 0.000000 0.000000 0.000000 0.000000 0.000000 0.000000 
0.000000 0.000000 0.000000 0.000000 0.000000 0.000000 0.000000 0.000000 0.000000 0.000000 0.000000 0.000000 0.000000 0.000000 0.000000 0.000000 0.000000 0.000000 0.000000 0.000000 0.000000 0.000000 0.000000 0.000000 0.000000 0.000000 0.000000 0.000000 0.000000 0.000000 0.000000 0.000000 123.416363 123.412424 123.408485 123.404545 123.400606 123.396666 123.392727 123.388788 123.384848 123.380909 123.376970 123.372727 123.368788 123.364848 123.360909 123.356970 123.353030 123.349091 123.345151 123.341212 123.337273 123.333030 123.329091 123.325151 123.321212 123.317273 123.313333 123.309394 123.305454 123.301515 123.297576 123.293636 123.291363 123.287424 123.283485 123.279545 123.275606 123.271666 123.267727 123.263788 123.259848 123.255909 123.255909 123.291667 123.303485 123.325151 123.331060 123.358939 123.388788 123.414394 0.000000 0.000000 0.000000 0.000000 0.000000 0.000000 0.000000 0.000000 0.000000 0.000000 0.000000 0.000000 0.000000 0.000000 0.000000 0.000000 0.000000 0.000000 0.000000 0.000000 0.000000 0.000000 0.000000 0.000000 
0.000000 0.000000 0.000000 0.000000 0.000000 0.000000 0.000000 0.000000 0.000000 0.000000 0.000000 0.000000 0.000000 0.000000 0.000000 0.000000 0.000000 0.000000 0.000000 0.000000 0.000000 0.000000 0.000000 0.000000 0.000000 0.000000 0.000000 0.000000 0.000000 0.000000 0.000000 0.000000 0.000000 0.000000 0.000000 0.000000 0.000000 0.000000 123.416363 123.412424 123.408485 123.404545 123.400606 123.396666 123.392727 123.388788 123.384848 123.380909 123.376970 123.372727 123.368788 123.364848 123.360909 123.356970 123.353030 123.349091 123.345151 123.341212 123.337273 123.333030 123.331060 123.327121 123.323182 123.319242 123.315303 123.311363 123.307424 123.303485 123.301515 123.321212 123.353030 123.355000 123.370757 123.400606 123.416363 0.000000 0.000000 0.000000 0.000000 0.000000 0.000000 0.000000 0.000000 0.000000 0.000000 0.000000 0.000000 0.000000 0.000000 0.000000 0.000000 0.000000 0.000000 0.000000 0.000000 0.000000 0.000000 0.000000 0.000000 0.000000 0.000000 0.000000 0.000000 0.000000 0.000000 0.000000 
0.000000 0.000000 0.000000 0.000000 0.000000 0.000000 0.000000 0.000000 0.000000 0.000000 0.000000 0.000000 0.000000 0.000000 0.000000 0.000000 0.000000 0.000000 0.000000 0.000000 0.000000 0.000000 0.000000 0.000000 0.000000 0.000000 0.000000 0.000000 0.000000 0.000000 0.000000 0.000000 0.000000 0.000000 0.000000 0.000000 0.000000 0.000000 0.000000 0.000000 0.000000 0.000000 0.000000 0.000000 123.416363 123.412424 123.408485 123.404545 123.400606 123.396666 123.392727 123.388788 123.384848 123.380909 123.376970 123.374697 123.370757 123.366818 123.362879 123.358939 123.355000 123.351060 123.347121 123.349091 123.376970 123.400606 0.000000 0.000000 0.000000 0.000000 0.000000 0.000000 0.000000 0.000000 0.000000 0.000000 0.000000 0.000000 0.000000 0.000000 0.000000 0.000000 0.000000 0.000000 0.000000 0.000000 0.000000 0.000000 0.000000 0.000000 0.000000 0.000000 0.000000 0.000000 0.000000 0.000000 0.000000 0.000000 0.000000 0.000000 0.000000 0.000000 0.000000 0.000000 0.000000 0.000000 
0.000000 0.000000 0.000000 0.000000 0.000000 0.000000 0.000000 0.000000 0.000000 0.000000 0.000000 0.000000 0.000000 0.000000 0.000000 0.000000 0.000000 0.000000 0.000000 0.000000 0.000000 0.000000 0.000000 0.000000 0.000000 0.000000 0.000000 0.000000 0.000000 0.000000 0.000000 0.000000 0.000000 0.000000 0.000000 0.000000 0.000000 0.000000 0.000000 0.000000 0.000000 0.000000 0.000000 0.000000 0.000000 0.000000 0.000000 0.000000 0.000000 0.000000 123.416363 123.412424 123.408485 123.404545 123.400606 123.396666 123.392727 123.392727 0.000000 0.000000 0.000000 0.000000 0.000000 0.000000 0.000000 0.000000 0.000000 0.000000 0.000000 0.000000 0.000000 0.000000 0.000000 0.000000 0.000000 0.000000 0.000000 0.000000 0.000000 0.000000 0.000000 0.000000 0.000000 0.000000 0.000000 0.000000 0.000000 0.000000 0.000000 0.000000 0.000000 0.000000 0.000000 0.000000 0.000000 0.000000 0.000000 0.000000 0.000000 0.000000 0.000000 0.000000 0.000000 0.000000 0.000000 0.000000 
