FireSTARR/test/constant/C2_S060_A270_WD315_WS020/arrival.asc
ncols         70
nrows         74
xllcorner     426003.990666
yllcorner     12748155.311160
cellsize      100.000000
NODATA_value  0.000000
[rows 26 to 51 of 74, columns 0 to 58 of 70]
0.000000 0.000000 0.000000 0.000000 0.000000 0.000000 0.000000 0.000000 0.000000 0.000000 0.000000 0.000000 0.000000 0.000000 0.000000 0.000000 0.000000 0.000000 0.000000 0.000000 123.404267 123.379181 123.354238 123.329296 123.325115 123.318843 123.312572 123.308391 123.302119 123.297938 123.293757 123.293757 123.289720 123.287629 123.281358 123.279267 123.272996 123.272996 123.266724 123.266724 123.262543 123.260453 123.258362 123.256272 123.252091 123.254181 123.264634 123.272996 123.283448 123.293757 123.304210 123.314662 123.325115 123.335424 123.345876 123.356329 123.366781 123.377091 123.387543
0.000000 0.000000 0.000000 0.000000 0.000000 0.000000 0.000000 0.000000 0.000000 0.000000 0.000000 0.000000 0.000000 0.000000 0.000000 0.000000 0.000000 0.000000 0.000000 123.410539 123.385453 123.360510 123.335424 123.318843 123.314662 123.308391 123.304210 123.297938 123.293757 123.287629 123.285539 123.283448 123.279267 123.277177 123.270905 123.270905 123.266724 123.262543 123.258362 123.256272 123.254181 123.252091 123.250000 123.245962 123.248053 123.256272 123.266724 123.275086 123.285539 123.297938 123.306300 123.318843 123.329296 123.337514 123.347967 123.360510 123.370962 123.383362 123.391724
0.000000 0.000000 0.000000 0.000000 0.000000 0.000000 0.000000 0.000000 0.000000 0.000000 0.000000 0.000000 0.000000 0.000000 0.000000 0.000000 0.000000 0.000000 123.416667 123.391724 123.366781 123.341695 123.316753 123.310481 123.304210 123.295848 123.293757 123.287629 123.281358 123.281358 123.277177 123.275086 123.270905 123.266724 123.262543 123.260453 123.258362 123.254181 123.250000 123.248053 123.245962 123.243872 123.239691 123.241781 123.250000 123.260453 123.270905 123.281358 123.289720 123.300029 123.312572 123.320934 123.333333 123.343786 123.352148 123.364691 123.373053 123.387543 123.397996
0.000000 0.000000 0.000000 0.000000 0.000000 0.000000 0.000000 0.000000 0.000000 0.000000 0.000000 0.000000 0.000000 0.000000 0.000000 0.000000 0.000000 0.000000 123.397996 123.373053 123.347967 123.323024 123.302119 123.300029 123.293757 123.285539 123.283448 123.275086 123.272996 123.270905 123.268815 123.266724 123.258362 123.258362 123.254181 123.252091 123.248053 123.245962 123.241781 123.239691 123.237600 123.233419 123.233419 123.241781 123.252091 123.262543 123.275086 123.283448 123.293757 123.302119 123.314662 123.325115 123.335424 123.345876 123.356329 123.368872 123.379181 123.391724 123.404267
0.000000 0.000000 0.000000 0.000000 0.000000 0.000000 0.000000 0.000000 0.000000 0.000000 0.000000 0.000000 0.000000 0.000000 0.000000 0.000000 0.000000 123.404267 123.379181 123.354238 123.329296 123.304210 123.291667 123.289720 123.281358 123.277177 123.272996 123.266724 123.264634 123.262543 123.258362 123.254181 123.250000 123.250000 123.243872 123.241781 123.239691 123.235510 123.235510 123.231329 123.227148 123.227148 123.235510 123.245962 123.256272 123.268815 123.277177 123.287629 123.297938 123.308391 123.316753 123.327205 123.339605 123.352148 123.360510 123.375000 123.385453 123.395905 123.406358
0.000000 0.000000 0.000000 0.000000 0.000000 0.000000 0.000000 0.000000 0.000000 0.000000 0.000000 0.000000 0.000000 0.000000 0.000000 0.000000 123.410539 123.385453 123.360510 123.335424 123.310481 123.287629 123.283448 123.277177 123.272996 123.264634 123.260453 123.258362 123.256272 123.254181 123.250000 123.243872 123.241781 123.239691 123.235510 123.231329 123.229238 123.227148 123.225057 123.222967 123.220876 123.227148 123.239691 123.248053 123.260453 123.268815 123.281358 123.289720 123.300029 123.310481 123.320934 123.333333 123.343786 123.356329 123.366781 123.377091 123.389634 123.400086 123.410539
0.000000 0.000000 0.000000 0.000000 0.000000 0.000000 0.000000 0.000000 0.000000 0.000000 0.000000 0.000000 0.000000 0.000000 0.000000 0.000000 123.391724 123.366781 123.341695 123.316753 123.291667 123.279267 123.270905 123.264634 123.262543 123.256272 123.254181 123.252091 123.245962 123.243872 123.239691 123.237600 123.233419 123.231329 123.227148 123.222967 123.222967 123.218786 123.216695 123.214605 123.220876 123.233419 123.241781 123.254181 123.264634 123.272996 123.283448 123.293757 123.304210 123.314662 123.325115 123.337514 123.347967 123.360510 123.370962 123.381272 123.393815 123.408448 0.000000
0.000000 0.000000 0.000000 0.000000 0.000000 0.000000 0.000000 0.000000 0.000000 0.000000 0.000000 0.000000 0.000000 0.000000 0.000000 123.397996 123.373053 123.347967 123.323024 123.295848 123.270905 123.266724 123.260453 123.256272 123.250000 123.248053 123.243872 123.239691 123.237600 123.233419 123.231329 123.227148 123.225057 123.220876 123.216695 123.214605 123.214605 123.210424 123.208333 123.214605 123.227148 123.237600 123.248053 123.258362 123.268815 123.277177 123.287629 123.297938 123.308391 123.320934 123.331386 123.343786 123.354238 123.362600 123.377091 123.385453 123.397996 123.412629 0.000000
0.000000 0.000000 0.000000 0.000000 0.000000 0.000000 0.000000 0.000000 0.000000 0.000000 0.000000 0.000000 0.000000 0.000000 123.404267 123.379181 123.354238 123.329296 123.304210 123.277177 123.262543 123.256272 123.250000 123.245962 123.239691 123.239691 123.235510 123.233419 123.229238 123.222967 123.222967 123.218786 123.216695 123.210424 123.210424 123.206386 123.204296 123.202205 123.208333 123.218786 123.229238 123.239691 123.250000 123.258362 123.270905 123.281358 123.291667 123.300029 123.312572 123.323024 123.335424 123.345876 123.358419 123.368872 123.383362 123.395905 123.406358 0.000000 0.000000
0.000000 0.000000 0.000000 0.000000 0.000000 0.000000 0.000000 0.000000 0.000000 0.000000 0.000000 0.000000 0.000000 123.410539 123.385453 123.360510 123.335424 123.308391 123.283448 123.258362 123.254181 123.245962 123.239691 123.237600 123.231329 123.229238 123.225057 123.222967 123.218786 123.214605 123.212514 123.210424 123.204296 123.204296 123.202205 123.198024 123.195934 123.202205 123.212514 123.225057 123.233419 123.243872 123.254181 123.262543 123.272996 123.283448 123.295848 123.306300 123.318843 123.331386 123.339605 123.350057 123.364691 123.375000 123.387543 123.400086 123.410539 0.000000 0.000000
0.000000 0.000000 0.000000 0.000000 0.000000 0.000000 0.000000 0.000000 0.000000 0.000000 0.000000 0.000000 123.416667 123.391724 123.366781 123.341695 123.316753 123.289720 123.264634 123.245962 123.241781 123.235510 123.229238 123.225057 123.222967 123.220876 123.216695 123.212514 123.210424 123.204296 123.204296 123.198024 123.198024 123.193843 123.193843 123.189662 123.195934 123.204296 123.216695 123.227148 123.235510 123.245962 123.256272 123.264634 123.277177 123.289720 123.300029 123.310481 123.320934 123.333333 123.345876 123.356329 123.370962 123.383362 123.391724 123.404267 123.414720 0.000000 0.000000
0.000000 0.000000 0.000000 0.000000 0.000000 0.000000 0.000000 0.000000 0.000000 0.000000 0.000000 0.000000 123.397996 123.373053 123.347967 123.323024 123.297938 123.270905 123.245962 123.237600 123.229238 123.227148 123.220876 123.216695 123.214605 123.210424 123.206386 123.202205 123.200115 123.198024 123.193843 123.191753 123.187572 123.187572 123.183391 123.187572 123.198024 123.210424 123.220876 123.229238 123.241781 123.250000 123.260453 123.268815 123.279267 123.291667 123.306300 123.316753 123.327205 123.337514 123.352148 123.360510 123.373053 123.385453 123.397996 123.410539 0.000000 0.000000 0.000000
0.000000 0.000000 0.000000 0.000000 0.000000 0.000000 0.000000 0.000000 0.000000 0.000000 0.000000 123.404267 123.379181 123.354238 123.327205 123.304210 123.277177 123.252091 123.231329 123.227148 123.218786 123.214605 123.210424 123.208333 123.204296 123.202205 123.198024 123.193843 123.191753 123.189662 123.185481 123.183391 123.181300 123.177119 123.181300 123.191753 123.202205 123.212514 123.222967 123.233419 123.243872 123.252091 123.264634 123.275086 123.287629 123.297938 123.310481 123.320934 123.333333 123.343786 123.358419 123.368872 123.379181 123.393815 123.402177 123.414720 0.000000 0.000000 0.000000
0.000000 0.000000 0.000000 0.000000 0.000000 0.000000 0.000000 0.000000 0.000000 0.000000 123.410539 123.385453 123.360510 123.335424 123.308391 123.283448 123.258362 123.233419 123.222967 123.216695 123.210424 123.204296 123.202205 123.198024 123.193843 123.191753 123.189662 123.185481 123.181300 123.179210 123.177119 123.175029 123.170848 123.175029 123.183391 123.195934 123.206386 123.216695 123.227148 123.235510 123.248053 123.256272 123.266724 123.281358 123.291667 123.302119 123.312572 123.325115 123.341695 123.352148 123.360510 123.375000 123.383362 123.400086 123.410539 0.000000 0.000000 0.000000 0.000000
0.000000 0.000000 0.000000 0.000000 0.000000 0.000000 0.000000 0.000000 0.000000 123.416667 123.391724 123.366781 123.341695 123.314662 123.289720 123.264634 123.239691 123.214605 123.212514 123.204296 123.200115 123.195934 123.191753 123.189662 123.185481 123.183391 123.177119 123.177119 123.172938 123.170848 123.168757 123.164720 123.168757 123.179210 123.187572 123.200115 123.210424 123.218786 123.229238 123.239691 123.250000 123.262543 123.272996 123.285539 123.295848 123.308391 123.320934 123.333333 123.343786 123.356329 123.366781 123.381272 123.391724 123.402177 123.412629 0.000000 0.000000 0.000000 0.000000
0.000000 0.000000 0.000000 0.000000 0.000000 0.000000 0.000000 0.000000 0.000000 123.397996 123.373053 123.347967 123.320934 123.295848 123.270905 123.245962 123.220876 123.206386 123.202205 123.193843 123.189662 123.187572 123.183391 123.181300 123.175029 123.172938 123.170848 123.166667 123.164720 123.162629 123.158448 123.162629 123.170848 123.183391 123.193843 123.202205 123.212514 123.222967 123.233419 123.241781 123.254181 123.268815 123.277177 123.289720 123.302119 123.312572 123.327205 123.339605 123.350057 123.360510 123.373053 123.385453 123.395905 123.408448 0.000000 0.000000 0.000000 0.000000 0.000000
0.000000 0.000000 0.000000 0.000000 0.000000 0.000000 0.000000 0.000000 123.404267 123.379181 123.354238 123.327205 123.302119 123.277177 123.252091 123.227148 123.202205 123.195934 123.187572 123.185481 123.181300 123.177119 123.175029 123.170848 123.166667 123.164720 123.160539 123.158448 123.156358 123.152177 123.156358 123.164720 123.177119 123.185481 123.195934 123.206386 123.214605 123.225057 123.239691 123.250000 123.260453 123.270905 123.281358 123.295848 123.308391 123.318843 123.331386 123.341695 123.356329 123.368872 123.379181 123.389634 123.402177 123.414720 0.000000 0.000000 0.000000 0.000000 0.000000
0.000000 0.000000 0.000000 0.000000 0.000000 0.000000 0.000000 123.410539 123.385453 123.360510 123.333333 123.308391 123.283448 123.258362 123.233419 123.208333 123.189662 123.187572 123.179210 123.172938 123.170848 123.168757 123.164720 123.160539 123.156358 123.154267 123.150086 123.150086 123.145905 123.147996 123.158448 123.168757 123.179210 123.189662 123.198024 123.208333 123.218786 123.229238 123.243872 123.254181 123.264634 123.279267 123.287629 123.300029 123.314662 123.327205 123.335424 123.347967 123.358419 123.373053 123.385453 123.395905 123.408448 0.000000 0.000000 0.000000 0.000000 0.000000 0.000000
0.000000 0.000000 0.000000 0.000000 0.000000 0.000000 123.416667 123.391724 123.366781 123.341695 123.314662 123.289720 123.264634 123.239691 123.214605 123.189662 123.181300 123.172938 123.170848 123.166667 123.162629 123.160539 123.154267 123.152177 123.147996 123.143815 123.143815 123.141724 123.141724 123.150086 123.162629 123.172938 123.181300 123.193843 123.202205 123.214605 123.225057 123.235510 123.248053 123.258362 123.270905 123.285539 123.297938 123.306300 123.316753 123.331386 123.343786 123.354238 123.366781 123.377091 123.387543 123.400086 123.414720 0.000000 0.000000 0.000000 0.000000 0.000000 0.000000
0.000000 0.000000 0.000000 0.000000 0.000000 0.000000 123.397996 123.373053 123.347967 123.320934 123.295848 123.270905 123.245962 123.220876 123.195934 123.172938 123.172938 123.162629 123.158448 123.154267 123.152177 123.147996 123.145905 123.143815 123.139634 123.135453 123.135453 123.135453 123.143815 123.156358 123.166667 123.177119 123.185481 123.195934 123.206386 123.216695 123.229238 123.241781 123.254181 123.266724 123.277177 123.287629 123.300029 123.314662 123.325115 123.335424 123.347967 123.356329 123.370962 123.383362 123.397996 123.406358 0.000000 0.000000 0.000000 0.000000 0.000000 0.000000 0.000000
0.000000 0.000000 0.000000 0.000000 0.000000 0.000000 123.379181 123.354238 123.327205 123.302119 123.277177 123.252091 123.227148 123.202205 123.175029 123.164720 123.158448 123.156358 123.150086 123.147996 123.143815 123.139634 123.135453 123.135453 123.131272 123.129181 123.129181 123.139634 123.150086 123.158448 123.168757 123.179210 123.189662 123.200115 123.212514 123.220876 123.233419 123.245962 123.258362 123.272996 123.283448 123.293757 123.306300 123.316753 123.331386 123.341695 123.354238 123.366781 123.377091 123.387543 123.408448 0.000000 0.000000 0.000000 0.000000 0.000000 0.000000 0.000000 0.000000
0.000000 0.000000 0.000000 0.000000 0.000000 123.400086 123.360510 123.333333 123.308391 123.283448 123.258362 123.231329 123.208333 123.183391 123.158448 123.154267 123.147996 123.143815 123.139634 123.137543 123.133362 123.129181 123.127091 123.125000 123.123053 123.123053 123.131272 123.139634 123.152177 123.162629 123.172938 123.181300 123.193843 123.204296 123.216695 123.229238 123.241781 123.254181 123.264634 123.275086 123.289720 123.297938 123.310481 123.325115 123.335424 123.345876 123.358419 123.370962 123.389634 123.414720 0.000000 0.000000 0.000000 0.000000 0.000000 0.000000 0.000000 0.000000 0.000000
0.000000 0.000000 0.000000 0.000000 0.000000 123.381272 123.339605 123.314662 123.289720 123.264634 123.239691 123.212514 123.189662 123.162629 123.150086 123.145905 123.139634 123.133362 123.131272 123.129181 123.125000 123.120962 123.116781 123.116781 123.116781 123.125000 123.135453 123.145905 123.154267 123.166667 123.175029 123.185481 123.198024 123.210424 123.220876 123.233419 123.245962 123.258362 123.270905 123.281358 123.291667 123.304210 123.316753 123.327205 123.341695 123.352148 123.370962 123.395905 0.000000 0.000000 0.000000 0.000000 0.000000 0.000000 0.000000 0.000000 0.000000 0.000000 0.000000
0.000000 0.000000 0.000000 0.000000 123.414720 123.362600 123.320934 123.295848 123.270905 123.245962 123.220876 123.193843 123.168757 123.143815 123.139634 123.133362 123.129181 123.127091 123.123053 123.118872 123.116781 123.110510 123.110510 123.110510 123.116781 123.127091 123.137543 123.150086 123.160539 123.170848 123.181300 123.191753 123.202205 123.216695 123.227148 123.237600 123.252091 123.262543 123.272996 123.285539 123.300029 123.310481 123.325115 123.333333 123.352148 123.377091 123.402177 0.000000 0.000000 0.000000 0.000000 0.000000 0.000000 0.000000 0.000000 0.000000 0.000000 0.000000 0.000000
0.000000 0.000000 0.000000 0.000000 123.395905 123.343786 123.302119 123.277177 123.252091 123.227148 123.202205 123.175029 123.150086 123.133362 123.129181 123.125000 123.118872 123.116781 123.110510 123.110510 123.106329 123.104238 123.104238 123.108419 123.120962 123.131272 123.141724 123.152177 123.162629 123.172938 123.183391 123.198024 123.208333 123.222967 123.233419 123.243872 123.256272 123.266724 123.281358 123.291667 123.304210 123.314662 123.333333 123.358419 123.383362 123.406358 0.000000 0.000000 0.000000 0.000000 0.000000 0.000000 0.000000 0.000000 0.000000 0.000000 0.000000 0.000000 0.000000
0.000000 0.000000 0.000000 0.000000 123.377091 123.325115 123.283448 123.258362 123.233419 123.208333 123.181300 123.156358 123.131272 123.123053 123.116781 123.112600 123.110510 123.106329 123.102148 123.102148 123.097967 123.097967 123.102148 123.112600 123.125000 123.135453 123.145905 123.156358 123.166667 123.179210 123.189662 123.204296 123.212514 123.227148 123.239691 123.250000 123.262543 123.272996 123.287629 123.295848 123.316753 123.339605 123.362600 123.387543 123.410539 0.000000 0.000000 0.000000 0.000000 0.000000 0.000000 0.000000 0.000000 0.000000 0.000000 0.000000 0.000000 0.000000 0.000000
