FireSTARR/test/constant/O1a_S000_A270_WD000_WS020/arrival.asc
ncols         47
nrows         210
xllcorner     424303.990666
yllcorner     12729255.311160
cellsize      100.000000
NODATA_value  0.000000
[rows 32 to 63 of 210, columns 0 to 46 of 47]
0.000000 0.000000 0.000000 0.000000 0.000000 0.000000 0.000000 0.000000 123.395323 123.360074 123.325895 123.290646 123.256418 123.221169 123.185920 123.151741 123.119701 123.105796 123.091890 123.079104 123.067338 123.056641 123.044876 123.038507 123.042736 123.054502 123.066268 123.078034 123.090821 123.103656 123.117562 123.147462 123.182711 123.216890 123.252139 123.287437 123.321616 123.356865 123.391044 0.000000 0.000000 0.000000 0.000000 0.000000 0.000000 0.000000 0.000000
0.000000 0.000000 0.000000 0.000000 0.000000 0.000000 0.000000 0.000000 123.388905 123.354726 123.319477 123.285298 123.250000 123.214751 123.180572 123.145323 123.120770 123.107935 123.094030 123.081243 123.069477 123.058781 123.047015 123.040646 123.044876 123.056641 123.068407 123.080173 123.091890 123.105796 123.119701 123.142114 123.176293 123.211542 123.245770 123.281019 123.316268 123.350447 123.385696 0.000000 0.000000 0.000000 0.000000 0.000000 0.000000 0.000000 0.000000
0.000000 0.000000 0.000000 0.000000 0.000000 0.000000 0.000000 0.000000 123.382487 123.348308 123.313059 123.278880 123.243631 123.209403 123.174154 123.138905 123.122910 123.109004 123.096169 123.083333 123.071616 123.060920 123.049154 123.042736 123.047015 123.058781 123.070547 123.082313 123.094030 123.107935 123.120770 123.136766 123.169876 123.205173 123.239353 123.274602 123.309850 123.344030 123.379279 123.413507 0.000000 0.000000 0.000000 0.000000 0.000000 0.000000 0.000000
0.000000 0.000000 0.000000 0.000000 0.000000 0.000000 0.000000 123.411367 123.377139 123.341890 123.307711 123.272462 123.237213 123.203034 123.167736 123.137836 123.123979 123.111144 123.098308 123.085473 123.073756 123.063059 123.051293 123.044876 123.049154 123.060920 123.072686 123.084403 123.096169 123.109004 123.121840 123.136766 123.164576 123.198756 123.234004 123.268184 123.303433 123.338681 123.372910 123.408159 0.000000 0.000000 0.000000 0.000000 0.000000 0.000000 0.000000
0.000000 0.000000 0.000000 0.000000 0.000000 0.000000 0.000000 123.406019 123.370770 123.336542 123.301293 123.267114 123.231865 123.197686 123.162437 123.139975 123.126070 123.113283 123.100447 123.087612 123.075895 123.065199 123.053433 123.047015 123.051293 123.063059 123.074825 123.086542 123.098308 123.110074 123.123979 123.138905 123.158159 123.193407 123.228656 123.262836 123.298084 123.332313 123.367562 123.401741 0.000000 0.000000 0.000000 0.000000 0.000000 0.000000 0.000000
0.000000 0.000000 0.000000 0.000000 0.000000 0.000000 0.000000 123.399602 123.365422 123.330173 123.294876 123.260696 123.225447 123.191268 123.157089 123.141044 123.127139 123.115422 123.102587 123.089751 123.078034 123.067338 123.055572 123.049154 123.053433 123.065199 123.075895 123.088681 123.100447 123.111144 123.126070 123.138905 123.154950 123.186990 123.222239 123.256418 123.291667 123.325895 123.361144 123.396393 0.000000 0.000000 0.000000 0.000000 0.000000 0.000000 0.000000
0.000000 0.000000 0.000000 0.000000 0.000000 0.000000 0.000000 123.394253 123.359004 123.324825 123.289576 123.254279 123.220099 123.184850 123.157089 123.143184 123.129279 123.116492 123.103656 123.091890 123.080173 123.069477 123.057711 123.051293 123.055572 123.067338 123.078034 123.090821 123.102587 123.113283 123.127139 123.139975 123.156019 123.181641 123.215821 123.251070 123.285298 123.320547 123.354726 123.389975 0.000000 0.000000 0.000000 0.000000 0.000000 0.000000 0.000000
0.000000 0.000000 0.000000 0.000000 0.000000 0.000000 0.000000 123.387836 123.352587 123.318407 123.283159 123.247910 123.213681 123.178433 123.159228 123.144253 123.131418 123.118631 123.105796 123.094030 123.082313 123.071616 123.059850 123.053433 123.057711 123.069477 123.080173 123.092960 123.104726 123.115422 123.128209 123.142114 123.157089 123.175224 123.209403 123.244701 123.278880 123.314129 123.349378 123.383557 0.000000 0.000000 0.000000 0.000000 0.000000 0.000000 0.000000
0.000000 0.000000 0.000000 0.000000 0.000000 0.000000 123.416667 123.381418 123.346169 123.311990 123.276741 123.242562 123.207313 123.175224 123.159228 123.145323 123.133557 123.120770 123.107935 123.096169 123.085473 123.073756 123.061990 123.055572 123.059850 123.071616 123.082313 123.095099 123.106865 123.117562 123.130348 123.144253 123.157089 123.173084 123.203034 123.238283 123.273532 123.307711 123.342960 123.377139 123.412437 0.000000 0.000000 0.000000 0.000000 0.000000 0.000000
0.000000 0.000000 0.000000 0.000000 0.000000 0.000000 123.410298 123.376070 123.340821 123.306641 123.271393 123.236144 123.201964 123.175224 123.161367 123.147462 123.134627 123.121840 123.110074 123.098308 123.087612 123.075895 123.064129 123.057711 123.061990 123.073756 123.085473 123.096169 123.109004 123.119701 123.131418 123.145323 123.158159 123.174154 123.197686 123.232935 123.267114 123.302363 123.337612 123.371840 123.407089 0.000000 0.000000 0.000000 0.000000 0.000000 0.000000
0.000000 0.000000 0.000000 0.000000 0.000000 0.000000 123.403880 123.369701 123.334403 123.300224 123.264975 123.229726 123.195547 123.177363 123.163507 123.148532 123.136766 123.123979 123.112213 123.100447 123.089751 123.078034 123.066268 123.059850 123.064129 123.075895 123.087612 123.098308 123.111144 123.121840 123.133557 123.146393 123.160298 123.175224 123.191268 123.226517 123.260696 123.295945 123.331243 123.365422 123.400671 0.000000 0.000000 0.000000 0.000000 0.000000 0.000000
0.000000 0.000000 0.000000 0.000000 0.000000 0.000000 123.398532 123.363283 123.329104 123.293806 123.259627 123.224378 123.193407 123.178433 123.164576 123.150671 123.137836 123.126070 123.114353 123.102587 123.091890 123.080173 123.068407 123.061990 123.066268 123.078034 123.089751 123.100447 123.113283 123.123979 123.135696 123.148532 123.161367 123.175224 123.191268 123.220099 123.255348 123.290646 123.324825 123.360074 123.394253 0.000000 0.000000 0.000000 0.000000 0.000000 0.000000
0.000000 0.000000 0.000000 0.000000 0.000000 0.000000 123.392114 123.357935 123.322686 123.287437 123.253209 123.217960 123.194477 123.180572 123.165646 123.152810 123.139975 123.128209 123.116492 123.104726 123.094030 123.082313 123.070547 123.064129 123.068407 123.080173 123.091890 123.102587 123.115422 123.126070 123.137836 123.150671 123.163507 123.176293 123.193407 123.214751 123.248979 123.284228 123.318407 123.353656 123.388905 0.000000 0.000000 0.000000 0.000000 0.000000 0.000000
0.000000 0.000000 0.000000 0.000000 0.000000 0.000000 123.386766 123.351517 123.317338 123.282089 123.246840 123.212612 123.195547 123.181641 123.167736 123.154950 123.142114 123.130348 123.118631 123.106865 123.096169 123.084403 123.072686 123.066268 123.070547 123.082313 123.094030 123.104726 123.116492 123.128209 123.138905 123.150671 123.163507 123.178433 123.193407 123.209403 123.243631 123.277810 123.313059 123.347239 123.382487 0.000000 0.000000 0.000000 0.000000 0.000000 0.000000
0.000000 0.000000 0.000000 0.000000 0.000000 123.414576 123.380348 123.345099 123.310920 123.275671 123.241492 123.211542 123.196616 123.182711 123.168806 123.157089 123.143184 123.132487 123.120770 123.109004 123.098308 123.086542 123.074825 123.068407 123.072686 123.084403 123.096169 123.106865 123.118631 123.130348 123.141044 123.152810 123.165646 123.179502 123.193407 123.209403 123.237213 123.272462 123.306641 123.341890 123.376070 123.411367 0.000000 0.000000 0.000000 0.000000 0.000000
0.000000 0.000000 0.000000 0.000000 0.000000 123.409228 123.373979 123.339751 123.304502 123.270323 123.235074 123.213681 123.198756 123.183781 123.170945 123.159228 123.145323 123.134627 123.122910 123.111144 123.100447 123.088681 123.076964 123.070547 123.074825 123.086542 123.098308 123.109004 123.120770 123.132487 123.143184 123.154950 123.167736 123.181641 123.194477 123.211542 123.230796 123.266044 123.301293 123.335473 123.370770 123.404950 0.000000 0.000000 0.000000 0.000000 0.000000
0.000000 0.000000 0.000000 0.000000 0.000000 123.402810 123.368631 123.333333 123.298084 123.263905 123.229726 123.213681 123.199825 123.185920 123.173084 123.160298 123.147462 123.136766 123.125000 123.113283 123.101517 123.090821 123.079104 123.072686 123.076964 123.088681 123.100447 123.111144 123.122910 123.134627 123.145323 123.157089 123.169876 123.182711 123.196616 123.211542 123.227587 123.259627 123.294876 123.329104 123.364353 123.399602 0.000000 0.000000 0.000000 0.000000 0.000000
0.000000 0.000000 0.000000 0.000000 0.000000 123.396393 123.362213 123.326964 123.292736 123.257487 123.229726 123.214751 123.200895 123.186990 123.174154 123.162437 123.149602 123.138905 123.127139 123.115422 123.103656 123.092960 123.081243 123.074825 123.079104 123.090821 123.102587 123.113283 123.125000 123.136766 123.147462 123.159228 123.170945 123.184850 123.197686 123.211542 123.228656 123.253209 123.288507 123.323756 123.357935 123.393184 0.000000 0.000000 0.000000 0.000000 0.000000
0.000000 0.000000 0.000000 0.000000 0.000000 123.391044 123.356865 123.321616 123.286367 123.252139 123.231865 123.216890 123.201964 123.189129 123.176293 123.163507 123.151741 123.141044 123.129279 123.117562 123.105796 123.095099 123.083333 123.076964 123.081243 123.092960 123.103656 123.115422 123.127139 123.138905 123.149602 123.161367 123.173084 123.185920 123.199825 123.212612 123.229726 123.247910 123.283159 123.317338 123.352587 123.387836 0.000000 0.000000 0.000000 0.000000 0.000000
0.000000 0.000000 0.000000 0.000000 0.000000 123.384627 123.350447 123.315199 123.281019 123.247910 123.231865 123.217960 123.204104 123.191268 123.178433 123.165646 123.153880 123.143184 123.131418 123.119701 123.107935 123.097239 123.085473 123.079104 123.083333 123.095099 123.105796 123.117562 123.129279 123.141044 123.151741 123.163507 123.175224 123.188059 123.200895 123.214751 123.229726 123.245770 123.276741 123.310920 123.346169 123.381418 123.415646 0.000000 0.000000 0.000000 0.000000
0.000000 0.000000 0.000000 0.000000 123.413507 123.379279 123.344030 123.309850 123.274602 123.248979 123.232935 123.219030 123.205173 123.193407 123.180572 123.167736 123.156019 123.145323 123.133557 123.120770 123.110074 123.099378 123.087612 123.081243 123.085473 123.097239 123.107935 123.119701 123.131418 123.143184 123.153880 123.165646 123.176293 123.189129 123.203034 123.215821 123.229726 123.246840 123.270323 123.305572 123.339751 123.375000 123.410298 0.000000 0.000000 0.000000 0.000000
0.000000 0.000000 0.000000 0.000000 123.408159 123.372910 123.337612 123.303433 123.268184 123.250000 123.234004 123.220099 123.207313 123.194477 123.181641 123.169876 123.158159 123.147462 123.135696 123.122910 123.112213 123.101517 123.089751 123.083333 123.087612 123.099378 123.110074 123.121840 123.133557 123.144253 123.156019 123.167736 123.178433 123.191268 123.204104 123.217960 123.231865 123.247910 123.264975 123.299154 123.334403 123.368631 123.403880 0.000000 0.000000 0.000000 0.000000
0.000000 0.000000 0.000000 0.000000 123.401741 123.366492 123.331243 123.297015 123.266044 123.250000 123.236144 123.222239 123.209403 123.196616 123.183781 123.172015 123.160298 123.149602 123.137836 123.125000 123.114353 123.103656 123.091890 123.085473 123.089751 123.101517 123.112213 123.123979 123.135696 123.146393 123.158159 123.169876 123.180572 123.193407 123.206243 123.219030 123.231865 123.248979 123.263905 123.292736 123.328034 123.362213 123.397462 0.000000 0.000000 0.000000 0.000000
0.000000 0.000000 0.000000 0.000000 123.395323 123.361144 123.325895 123.291667 123.267114 123.252139 123.237213 123.223308 123.211542 123.197686 123.185920 123.174154 123.162437 123.151741 123.138905 123.127139 123.116492 123.105796 123.094030 123.087612 123.091890 123.103656 123.114353 123.126070 123.137836 123.148532 123.160298 123.172015 123.182711 123.194477 123.208333 123.221169 123.234004 123.247910 123.266044 123.287437 123.322686 123.356865 123.392114 0.000000 0.000000 0.000000 0.000000
0.000000 0.000000 0.000000 0.000000 123.389975 123.354726 123.320547 123.285298 123.268184 123.252139 123.238283 123.225447 123.213681 123.199825 123.188059 123.176293 123.164576 123.153880 123.141044 123.129279 123.118631 123.107935 123.096169 123.089751 123.094030 123.105796 123.116492 123.128209 123.139975 123.150671 123.162437 123.174154 123.184850 123.196616 123.210473 123.223308 123.236144 123.250000 123.266044 123.282089 123.315199 123.350447 123.385696 0.000000 0.000000 0.000000 0.000000
0.000000 0.000000 0.000000 0.000000 123.383557 123.348308 123.314129 123.284228 123.269253 123.254279 123.240422 123.227587 123.214751 123.201964 123.190199 123.178433 123.166667 123.156019 123.143184 123.131418 123.120770 123.110074 123.098308 123.091890 123.096169 123.107935 123.118631 123.130348 123.142114 123.152810 123.164576 123.176293 123.186990 123.198756 123.212612 123.225447 123.238283 123.251070 123.267114 123.282089 123.309850 123.345099 123.379279 123.414576 0.000000 0.000000 0.000000
0.000000 0.000000 0.000000 123.412437 123.377139 123.342960 123.307711 123.286367 123.270323 123.256418 123.241492 123.229726 123.216890 123.203034 123.192338 123.180572 123.168806 123.158159 123.145323 123.133557 123.122910 123.112213 123.100447 123.094030 123.098308 123.110074 123.120770 123.132487 123.144253 123.154950 123.165646 123.178433 123.189129 123.200895 123.214751 123.226517 123.239353 123.252139 123.267114 123.284228 123.303433 123.338681 123.373979 123.408159 0.000000 0.000000 0.000000
0.000000 0.000000 0.000000 123.406019 123.371840 123.336542 123.302363 123.286367 123.271393 123.257487 123.243631 123.231865 123.217960 123.205173 123.194477 123.182711 123.170945 123.160298 123.147462 123.135696 123.125000 123.114353 123.102587 123.096169 123.100447 123.112213 123.122910 123.134627 123.146393 123.157089 123.167736 123.180572 123.191268 123.203034 123.215821 123.228656 123.241492 123.254279 123.269253 123.284228 123.300224 123.333333 123.367562 123.402810 0.000000 0.000000 0.000000
0.000000 0.000000 0.000000 123.400671 123.365422 123.331243 123.302363 123.287437 123.273532 123.258557 123.245770 123.232935 123.220099 123.207313 123.196616 123.184850 123.173084 123.161367 123.149602 123.137836 123.127139 123.116492 123.104726 123.098308 123.102587 123.114353 123.125000 123.136766 123.148532 123.159228 123.169876 123.182711 123.193407 123.205173 123.217960 123.230796 123.243631 123.256418 123.270323 123.284228 123.301293 123.326964 123.362213 123.396393 0.000000 0.000000 0.000000
0.000000 0.000000 0.000000 123.394253 123.360074 123.324825 123.304502 123.288507 123.274602 123.260696 123.247910 123.234004 123.221169 123.209403 123.197686 123.186990 123.175224 123.163507 123.151741 123.139975 123.129279 123.118631 123.106865 123.100447 123.104726 123.116492 123.127139 123.138905 123.149602 123.161367 123.172015 123.183781 123.195547 123.207313 123.219030 123.231865 123.245770 123.257487 123.270323 123.285298 123.302363 123.320547 123.355796 123.391044 0.000000 0.000000 0.000000
0.000000 0.000000 0.000000 123.387836 123.353656 123.320547 123.304502 123.289576 123.276741 123.261766 123.250000 123.236144 123.223308 123.211542 123.199825 123.189129 123.177363 123.165646 123.153880 123.142114 123.131418 123.120770 123.109004 123.102587 123.106865 123.118631 123.129279 123.141044 123.151741 123.163507 123.174154 123.185920 123.197686 123.209403 123.221169 123.234004 123.246840 123.258557 123.272462 123.287437 123.303433 123.318407 123.349378 123.384627 0.000000 0.000000 0.000000
0.000000 0.000000 123.416667 123.382487 123.347239 123.321616 123.306641 123.291667 123.277810 123.263905 123.252139 123.238283 123.225447 123.213681 123.201964 123.191268 123.179502 123.167736 123.156019 123.144253 123.133557 123.122910 123.111144 123.104726 123.109004 123.120770 123.131418 123.143184 123.153880 123.165646 123.176293 123.188059 123.199825 123.211542 123.223308 123.236144 123.248979 123.260696 123.273532 123.288507 123.303433 123.319477 123.342960 123.378209 123.412437 0.000000 0.000000
