FireSTARR/test/constant/O1a_S060_A270_WD090_WS020/arrival.asc
ncols         141
nrows         732
xllcorner     413603.990666
yllcorner     12748755.311160
cellsize      100.000000
NODATA_value  0.000000
[rows 513 to 539 of 732, columns 61 to 121 of 141]
0.000000 0.000000 0.000000 0.000000 0.000000 0.000000 0.000000 0.000000 0.000000 0.000000 0.000000 0.000000 0.000000 0.000000 0.000000 0.000000 0.000000 0.000000 123.416584 123.389791 123.359846 123.320971 123.287956 123.246010 123.216985 123.193738 123.177272 123.160444 123.145931 123.133652 123.124080 123.125279 123.134768 123.143978 123.153467 123.163235 123.172527 123.182295 123.192622 123.201552 123.210008 123.219776 123.229544 123.239033 123.248801 123.258093 123.267861 123.277629 123.287118 123.296132 123.306179 123.315947 123.325157 123.333892 123.343659 123.353986 123.363195 123.372684 123.381419 123.391745 123.401513
0.000000 0.000000 0.000000 0.000000 0.000000 0.000000 0.000000 0.000000 0.000000 0.000000 0.000000 0.000000 0.000000 0.000000 0.000000 0.000000 0.000000 0.000000 0.000000 123.390629 123.364591 123.327669 123.290467 123.253349 123.223683 123.199320 123.178388 123.161560 123.145931 123.133931 123.123801 123.123522 123.132535 123.141745 123.151234 123.161002 123.170295 123.180063 123.190389 123.199320 123.207692 123.217543 123.227311 123.236800 123.246568 123.255861 123.265629 123.275397 123.284886 123.293899 123.303667 123.313714 123.322645 123.331576 123.341427 123.351753 123.360963 123.370452 123.378907 123.389512 123.399280
0.000000 0.000000 0.000000 0.000000 0.000000 0.000000 0.000000 0.000000 0.000000 0.000000 0.000000 0.000000 0.000000 0.000000 0.000000 0.000000 0.000000 0.000000 0.000000 123.393141 123.370173 123.329901 123.295574 123.255303 123.224241 123.204901 123.180900 123.161839 123.149280 123.137001 123.124917 123.122963 123.130303 123.139512 123.149001 123.158769 123.168062 123.177830 123.188156 123.196808 123.205459 123.215310 123.225078 123.234288 123.244335 123.253628 123.263396 123.273164 123.282374 123.291584 123.301435 123.311482 123.320412 123.329343 123.339194 123.349520 123.358730 123.368219 123.376675 123.387280 123.397048
0.000000 0.000000 0.000000 0.000000 0.000000 0.000000 0.000000 0.000000 0.000000 0.000000 0.000000 0.000000 0.000000 0.000000 0.000000 0.000000 0.000000 0.000000 0.000000 123.401792 123.371568 123.337799 123.307295 123.261722 123.232893 123.207413 123.182854 123.167225 123.149559 123.137838 123.125558 123.122405 123.128070 123.137280 123.146769 123.156537 123.165467 123.175597 123.185924 123.194575 123.203227 123.213078 123.222846 123.232056 123.242103 123.251395 123.261163 123.270931 123.280141 123.289351 123.299202 123.309249 123.318180 123.327110 123.336961 123.347288 123.356497 123.365707 123.374638 123.385047 123.394815
0.000000 0.000000 0.000000 0.000000 0.000000 0.000000 0.000000 0.000000 0.000000 0.000000 0.000000 0.000000 0.000000 0.000000 0.000000 0.000000 0.000000 0.000000 0.000000 123.405420 123.373522 123.347567 123.313714 123.270094 123.235125 123.210566 123.186761 123.169178 123.150676 123.139791 123.127233 123.121847 123.125837 123.135047 123.144536 123.154304 123.163235 123.173365 123.183691 123.192342 123.200994 123.210845 123.220613 123.229823 123.239870 123.249638 123.258931 123.268699 123.277908 123.287118 123.296969 123.307016 123.315947 123.324878 123.334450 123.345055 123.354265 123.363474 123.372405 123.382814 123.392582
0.000000 0.000000 0.000000 0.000000 0.000000 0.000000 0.000000 0.000000 0.000000 0.000000 0.000000 0.000000 0.000000 0.000000 0.000000 0.000000 0.000000 0.000000 0.000000 123.413793 123.382256 123.355102 123.316505 123.282095 123.242382 123.213078 123.189552 123.172527 123.154862 123.142024 123.129465 123.121289 123.124080 123.132814 123.142303 123.151792 123.161002 123.171132 123.181458 123.190110 123.198761 123.208612 123.218380 123.227590 123.237358 123.247405 123.256698 123.266466 123.275676 123.284886 123.294458 123.304784 123.313993 123.322366 123.332413 123.342822 123.352032 123.361242 123.369893 123.380582 123.390071
0.000000 0.000000 0.000000 0.000000 0.000000 0.000000 0.000000 0.000000 0.000000 0.000000 0.000000 0.000000 0.000000 0.000000 0.000000 0.000000 0.000000 0.000000 0.000000 0.000000 123.386163 123.364312 123.322366 123.286002 123.249359 123.217822 123.198761 123.173923 123.157374 123.142582 123.130303 123.120731 123.121847 123.130582 123.140071 123.149559 123.158769 123.168620 123.179225 123.187598 123.196529 123.206576 123.216148 123.225078 123.235125 123.245173 123.254186 123.264233 123.273164 123.282653 123.292225 123.302272 123.311482 123.320133 123.330180 123.340590 123.349799 123.359009 123.367661 123.378349 123.387838
0.000000 0.000000 0.000000 0.000000 0.000000 0.000000 0.000000 0.000000 0.000000 0.000000 0.000000 0.000000 0.000000 0.000000 0.000000 0.000000 0.000000 0.000000 0.000000 0.000000 123.390908 123.365149 123.331297 123.291946 123.251116 123.224241 123.201273 123.176714 123.157932 123.143141 123.132814 123.120452 123.120173 123.128349 123.137838 123.147327 123.156537 123.166305 123.176714 123.185365 123.194296 123.204622 123.213915 123.222846 123.232893 123.242940 123.251954 123.262001 123.270931 123.280141 123.290188 123.300039 123.309249 123.317901 123.327948 123.338357 123.347567 123.356776 123.365428 123.375837 123.385605
0.000000 0.000000 0.000000 0.000000 0.000000 0.000000 0.000000 0.000000 0.000000 0.000000 0.000000 0.000000 0.000000 0.000000 0.000000 0.000000 0.000000 0.000000 0.000000 0.000000 123.396769 123.368219 123.338357 123.301993 123.258373 123.228707 123.204343 123.180063 123.162397 123.146210 123.134210 123.122405 123.119614 123.126116 123.135605 123.145094 123.154304 123.164072 123.174481 123.183133 123.192063 123.202390 123.211682 123.220613 123.230660 123.240428 123.249638 123.259768 123.268699 123.277908 123.287956 123.297807 123.307016 123.315668 123.325436 123.335845 123.345055 123.354544 123.363195 123.373522 123.383373
0.000000 0.000000 0.000000 0.000000 0.000000 0.000000 0.000000 0.000000 0.000000 0.000000 0.000000 0.000000 0.000000 0.000000 0.000000 0.000000 0.000000 0.000000 0.000000 0.000000 123.404583 123.372126 123.345892 123.310365 123.267303 123.231218 123.206297 123.180063 123.164351 123.147327 123.134768 123.122684 123.119056 123.124080 123.133373 123.142861 123.152071 123.161839 123.172248 123.180900 123.189831 123.200157 123.209171 123.218380 123.228148 123.238195 123.247405 123.257256 123.266466 123.275676 123.285723 123.295574 123.304784 123.313435 123.323203 123.333612 123.342822 123.352311 123.360963 123.371289 123.380861
0.000000 0.000000 0.000000 0.000000 0.000000 0.000000 0.000000 0.000000 0.000000 0.000000 0.000000 0.000000 0.000000 0.000000 0.000000 0.000000 0.000000 0.000000 0.000000 0.000000 123.410444 123.380303 123.351753 123.312877 123.275397 123.240428 123.210008 123.183691 123.168620 123.150955 123.137001 123.124080 123.118498 123.121847 123.131140 123.140350 123.149839 123.159607 123.170016 123.178667 123.187598 123.197645 123.206855 123.216148 123.225916 123.235963 123.245173 123.255024 123.264233 123.273443 123.283211 123.293062 123.302272 123.311203 123.320971 123.331297 123.340590 123.350078 123.358730 123.369056 123.378628
0.000000 0.000000 0.000000 0.000000 0.000000 0.000000 0.000000 0.000000 0.000000 0.000000 0.000000 0.000000 0.000000 0.000000 0.000000 0.000000 0.000000 0.000000 0.000000 0.000000 123.415467 123.385047 123.352311 123.317622 123.283211 123.245731 123.213078 123.190110 123.170574 123.153467 123.138396 123.126395 123.117940 123.119614 123.128907 123.138117 123.147606 123.157374 123.167783 123.176435 123.185365 123.195412 123.204622 123.213915 123.223683 123.233730 123.242940 123.252791 123.262001 123.270931 123.280978 123.291025 123.300039 123.308970 123.318738 123.329064 123.338357 123.347846 123.356497 123.366823 123.376395
0.000000 0.000000 0.000000 0.000000 0.000000 0.000000 0.000000 0.000000 0.000000 0.000000 0.000000 0.000000 0.000000 0.000000 0.000000 0.000000 0.000000 0.000000 0.000000 0.000000 0.000000 123.385884 123.361242 123.325157 123.288793 123.247405 123.215031 123.194575 123.171690 123.153746 123.138954 123.127233 123.117382 123.117382 123.126675 123.135884 123.145373 123.155141 123.165467 123.174202 123.183133 123.193180 123.202390 123.211682 123.221450 123.231497 123.240707 123.250558 123.259768 123.268699 123.278746 123.288514 123.297807 123.306737 123.316505 123.326831 123.336124 123.345334 123.354265 123.364312 123.374359
0.000000 0.000000 0.000000 0.000000 0.000000 0.000000 0.000000 0.000000 0.000000 0.000000 0.000000 0.000000 0.000000 0.000000 0.000000 0.000000 0.000000 0.000000 0.000000 0.000000 0.000000 123.394536 123.363754 123.332692 123.296411 123.256977 123.224799 123.198761 123.174202 123.158211 123.140350 123.130303 123.118219 123.116544 123.124917 123.133652 123.143141 123.152908 123.163235 123.171969 123.180900 123.190947 123.200157 123.209450 123.219218 123.228986 123.238474 123.248242 123.257535 123.266745 123.276513 123.286281 123.295574 123.304505 123.313993 123.324599 123.333612 123.343101 123.352032 123.362079 123.372126
0.000000 0.000000 0.000000 0.000000 0.000000 0.000000 0.000000 0.000000 0.000000 0.000000 0.000000 0.000000 0.000000 0.000000 0.000000 0.000000 0.000000 0.000000 0.000000 0.000000 0.000000 123.403746 123.368219 123.335287 123.305342 123.265350 123.227311 123.201552 123.176156 123.161002 123.142861 123.131419 123.119056 123.115986 123.122684 123.131419 123.140908 123.150676 123.161002 123.169737 123.178667 123.188435 123.197924 123.207692 123.216985 123.226753 123.235963 123.246010 123.255303 123.264512 123.274280 123.284048 123.293341 123.302272 123.311761 123.322366 123.331576 123.341148 123.349799 123.359846 123.369614
0.000000 0.000000 0.000000 0.000000 0.000000 0.000000 0.000000 0.000000 0.000000 0.000000 0.000000 0.000000 0.000000 0.000000 0.000000 0.000000 0.000000 0.000000 0.000000 0.000000 0.000000 123.409327 123.374359 123.344776 123.307016 123.270373 123.234567 123.205459 123.179505 123.161560 123.147048 123.133373 123.120173 123.115428 123.120452 123.129186 123.138675 123.148164 123.158769 123.167225 123.176435 123.186203 123.195691 123.205459 123.214752 123.224520 123.233730 123.243777 123.252791 123.262001 123.272048 123.281816 123.291025 123.300039 123.309528 123.320133 123.329343 123.339194 123.347567 123.357614 123.367382
0.000000 0.000000 0.000000 0.000000 0.000000 0.000000 0.000000 0.000000 0.000000 0.000000 0.000000 0.000000 0.000000 0.000000 0.000000 0.000000 0.000000 0.000000 0.000000 0.000000 0.000000 123.411560 123.376116 123.353986 123.316505 123.276513 123.237079 123.207971 123.185924 123.165467 123.149559 123.134768 123.121010 123.114870 123.118219 123.126954 123.136442 123.145931 123.156257 123.164909 123.174202 123.184249 123.193459 123.203227 123.212520 123.222288 123.231497 123.241544 123.250558 123.259768 123.269815 123.279583 123.288793 123.297807 123.307295 123.317901 123.327110 123.336961 123.345334 123.355381 123.365149
0.000000 0.000000 0.000000 0.000000 0.000000 0.000000 0.000000 0.000000 0.000000 0.000000 0.000000 0.000000 0.000000 0.000000 0.000000 0.000000 0.000000 0.000000 0.000000 0.000000 0.000000 0.000000 123.382814 123.356497 123.318180 123.278746 123.245452 123.211124 123.191226 123.167504 123.149839 123.135605 123.124080 123.114312 123.115986 123.124917 123.134210 123.143699 123.154025 123.162676 123.171969 123.182016 123.191226 123.200994 123.210287 123.220055 123.229265 123.239312 123.248242 123.257535 123.267582 123.277350 123.286560 123.295574 123.305063 123.315668 123.324599 123.334729 123.343101 123.353148 123.362916
0.000000 0.000000 0.000000 0.000000 0.000000 0.000000 0.000000 0.000000 0.000000 0.000000 0.000000 0.000000 0.000000 0.000000 0.000000 0.000000 0.000000 0.000000 0.000000 0.000000 0.000000 0.000000 123.391745 123.358730 123.325157 123.291584 123.255303 123.220613 123.195412 123.170574 123.152071 123.136722 123.126116 123.114033 123.113754 123.122684 123.131977 123.141466 123.151792 123.160444 123.169737 123.179784 123.188714 123.198761 123.207692 123.217822 123.227032 123.236800 123.246010 123.255303 123.265350 123.275118 123.284327 123.293341 123.302830 123.313435 123.322366 123.332134 123.340869 123.350916 123.360405
0.000000 0.000000 0.000000 0.000000 0.000000 0.000000 0.000000 0.000000 0.000000 0.000000 0.000000 0.000000 0.000000 0.000000 0.000000 0.000000 0.000000 0.000000 0.000000 0.000000 0.000000 0.000000 123.395652 123.364033 123.331297 123.298365 123.258652 123.223404 123.197645 123.171411 123.152908 123.139791 123.127233 123.115428 123.113195 123.120452 123.129744 123.138954 123.149559 123.158211 123.167504 123.177272 123.186482 123.196529 123.205459 123.215590 123.224520 123.234567 123.243777 123.253070 123.262838 123.272885 123.281816 123.291305 123.300597 123.310924 123.320133 123.329901 123.338636 123.348683 123.358172
0.000000 0.000000 0.000000 0.000000 0.000000 0.000000 0.000000 0.000000 0.000000 0.000000 0.000000 0.000000 0.000000 0.000000 0.000000 0.000000 0.000000 0.000000 0.000000 0.000000 0.000000 0.000000 123.404862 123.370452 123.337520 123.305063 123.268141 123.230102 123.201273 123.175597 123.157653 123.140071 123.128349 123.115986 123.112637 123.118219 123.127512 123.136722 123.147327 123.155978 123.165188 123.175039 123.184249 123.194296 123.203227 123.213357 123.222288 123.232335 123.241544 123.250558 123.260605 123.270373 123.279583 123.289072 123.298365 123.308691 123.317901 123.327669 123.336403 123.346450 123.355939
0.000000 0.000000 0.000000 0.000000 0.000000 0.000000 0.000000 0.000000 0.000000 0.000000 0.000000 0.000000 0.000000 0.000000 0.000000 0.000000 0.000000 0.000000 0.000000 0.000000 0.000000 0.000000 123.414630 123.376395 123.350637 123.309528 123.272048 123.233730 123.206018 123.180063 123.161839 123.143978 123.131419 123.117661 123.112079 123.115986 123.125279 123.134489 123.144815 123.153746 123.162956 123.172807 123.182016 123.191784 123.200994 123.210845 123.220055 123.230102 123.239312 123.248522 123.258373 123.268141 123.277350 123.286839 123.295853 123.306458 123.315668 123.325436 123.334171 123.343939 123.353707
0.000000 0.000000 0.000000 0.000000 0.000000 0.000000 0.000000 0.000000 0.000000 0.000000 0.000000 0.000000 0.000000 0.000000 0.000000 0.000000 0.000000 0.000000 0.000000 0.000000 0.000000 0.000000 0.000000 123.379744 123.350916 123.314273 123.274839 123.243219 123.209729 123.182016 123.162956 123.146769 123.131698 123.118219 123.111521 123.113754 123.123522 123.132256 123.142582 123.151513 123.160723 123.170574 123.179505 123.189552 123.198761 123.208612 123.217822 123.227590 123.237079 123.246289 123.256140 123.265908 123.275118 123.284607 123.293620 123.304225 123.313156 123.323203 123.332134 123.341706 123.351474
0.000000 0.000000 0.000000 0.000000 0.000000 0.000000 0.000000 0.000000 0.000000 0.000000 0.000000 0.000000 0.000000 0.000000 0.000000 0.000000 0.000000 0.000000 0.000000 0.000000 0.000000 0.000000 0.000000 123.389233 123.353427 123.325157 123.284327 123.247405 123.215310 123.187877 123.164351 123.147048 123.132256 123.120731 123.110963 123.111521 123.121289 123.130024 123.140350 123.149280 123.158490 123.168062 123.177272 123.187319 123.196529 123.206297 123.215590 123.225357 123.234846 123.244056 123.253628 123.263675 123.272885 123.282374 123.291305 123.301714 123.310924 123.320971 123.329901 123.339473 123.349241
0.000000 0.000000 0.000000 0.000000 0.000000 0.000000 0.000000 0.000000 0.000000 0.000000 0.000000 0.000000 0.000000 0.000000 0.000000 0.000000 0.000000 0.000000 0.000000 0.000000 0.000000 0.000000 0.000000 123.390908 123.360684 123.330459 123.288235 123.257814 123.218101 123.192063 123.168062 123.149001 123.133652 123.123242 123.110963 123.110405 123.119056 123.127791 123.138117 123.146769 123.156257 123.166025 123.175039 123.185086 123.194296 123.204064 123.213357 123.223125 123.232335 123.241544 123.251395 123.261442 123.270652 123.280141 123.289072 123.299481 123.308691 123.318738 123.327669 123.337241 123.347008
0.000000 0.000000 0.000000 0.000000 0.000000 0.000000 0.000000 0.000000 0.000000 0.000000 0.000000 0.000000 0.000000 0.000000 0.000000 0.000000 0.000000 0.000000 0.000000 0.000000 0.000000 0.000000 0.000000 123.403746 123.364870 123.333250 123.300876 123.266187 123.222288 123.194296 123.168899 123.154304 123.136442 123.124917 123.112637 123.109846 123.116823 123.125558 123.135884 123.144536 123.154025 123.163514 123.172807 123.182574 123.192063 123.201831 123.211124 123.220892 123.230102 123.239312 123.249359 123.258931 123.268420 123.277908 123.286839 123.297248 123.306458 123.316505 123.325436 123.335008 123.344776
0.000000 0.000000 0.000000 0.000000 0.000000 0.000000 0.000000 0.000000 0.000000 0.000000 0.000000 0.000000 0.000000 0.000000 0.000000 0.000000 0.000000 0.000000 0.000000 0.000000 0.000000 0.000000 0.000000 123.409327 123.373522 123.342264 123.303946 123.266745 123.233730 123.200436 123.172248 123.154862 123.140629 123.125279 123.113474 123.109288 123.114591 123.123522 123.133652 123.142303 123.151792 123.161281 123.170574 123.180342 123.189831 123.199599 123.208892 123.218659 123.227869 123.237079 123.247126 123.256698 123.266187 123.275676 123.284607 123.295016 123.304225 123.314273 123.323203 123.332692 123.342543
