FireSTARR/test/constant/O1a_S060_A270_WD090_WS020/arrival.asc
ncols         141
nrows         732
xllcorner     413603.990666
yllcorner     12748755.311160
cellsize      100.000000
NODATA_value  0.000000
[rows 378 to 404 of 732, columns 61 to 121 of 141]
123.278746 123.261163 123.248242 123.232614 123.222846 123.209729 123.200994 123.202390 123.211961 123.221171 123.230660 123.240149 123.250558 123.259210 123.268420 123.278467 123.287676 123.297527 123.307574 123.316505 123.326552 123.335845 123.344776 123.354823 123.364033 123.373801 123.383093 123.392861 123.402350 123.411839 0.000000 0.000000 0.000000 0.000000 0.000000 0.000000 0.000000 0.000000 0.000000 0.000000 0.000000 0.000000 0.000000 0.000000 0.000000 0.000000 0.000000 0.000000 0.000000 0.000000 0.000000 0.000000 0.000000 0.000000 0.000000 0.000000 0.000000 0.000000 0.000000 0.000000 0.000000
123.280699 123.264512 123.247963 123.235125 123.223404 123.211124 123.200715 123.200436 123.209729 123.218939 123.228427 123.237916 123.248522 123.256977 123.266187 123.275955 123.285444 123.295016 123.305342 123.314552 123.324040 123.333250 123.342543 123.352590 123.361800 123.371568 123.380861 123.390629 123.400118 123.409886 0.000000 0.000000 0.000000 0.000000 0.000000 0.000000 0.000000 0.000000 0.000000 0.000000 0.000000 0.000000 0.000000 0.000000 0.000000 0.000000 0.000000 0.000000 0.000000 0.000000 0.000000 0.000000 0.000000 0.000000 0.000000 0.000000 0.000000 0.000000 0.000000 0.000000 0.000000
123.282932 123.265629 123.249359 123.237637 123.224520 123.211403 123.201273 123.199878 123.207692 123.216706 123.226195 123.235684 123.246289 123.254744 123.263954 123.273722 123.283211 123.292783 123.302830 123.312040 123.321808 123.331018 123.340310 123.350357 123.359567 123.369335 123.378628 123.388396 123.397606 123.407653 0.000000 0.000000 0.000000 0.000000 0.000000 0.000000 0.000000 0.000000 0.000000 0.000000 0.000000 0.000000 0.000000 0.000000 0.000000 0.000000 0.000000 0.000000 0.000000 0.000000 0.000000 0.000000 0.000000 0.000000 0.000000 0.000000 0.000000 0.000000 0.000000 0.000000 0.000000
123.286839 123.270094 123.253349 123.238754 123.226753 123.214194 123.202390 123.199320 123.205459 123.214473 123.223962 123.233451 123.243777 123.252512 123.261722 123.271490 123.280699 123.290746 123.300597 123.309807 123.319854 123.328785 123.338078 123.347846 123.357335 123.367103 123.376116 123.386163 123.395373 123.405420 123.415188 0.000000 0.000000 0.000000 0.000000 0.000000 0.000000 0.000000 0.000000 0.000000 0.000000 0.000000 0.000000 0.000000 0.000000 0.000000 0.000000 0.000000 0.000000 0.000000 0.000000 0.000000 0.000000 0.000000 0.000000 0.000000 0.000000 0.000000 0.000000 0.000000 0.000000
123.286839 123.271210 123.256419 123.240149 123.227869 123.215869 123.204343 123.198761 123.203227 123.212241 123.221729 123.230939 123.241544 123.250279 123.259489 123.269257 123.278467 123.288514 123.298365 123.307574 123.317622 123.326552 123.335845 123.345613 123.355102 123.364870 123.373801 123.383931 123.393141 123.403188 123.412956 0.000000 0.000000 0.000000 0.000000 0.000000 0.000000 0.000000 0.000000 0.000000 0.000000 0.000000 0.000000 0.000000 0.000000 0.000000 0.000000 0.000000 0.000000 0.000000 0.000000 0.000000 0.000000 0.000000 0.000000 0.000000 0.000000 0.000000 0.000000 0.000000 0.000000
123.293620 123.274280 123.256977 123.242661 123.228427 123.218659 123.204622 123.198203 123.200994 123.210008 123.219497 123.228707 123.239312 123.247963 123.257256 123.267024 123.276234 123.286281 123.296132 123.305342 123.315110 123.324320 123.333612 123.343380 123.352869 123.362637 123.371568 123.381698 123.390908 123.400676 123.410723 0.000000 0.000000 0.000000 0.000000 0.000000 0.000000 0.000000 0.000000 0.000000 0.000000 0.000000 0.000000 0.000000 0.000000 0.000000 0.000000 0.000000 0.000000 0.000000 0.000000 0.000000 0.000000 0.000000 0.000000 0.000000 0.000000 0.000000 0.000000 0.000000 0.000000
123.296411 123.275676 123.259768 123.244335 123.230660 123.219776 123.206576 123.197645 123.198761 123.207692 123.217264 123.226474 123.237079 123.245731 123.254744 123.264791 123.274001 123.283769 123.293620 123.302830 123.312877 123.322087 123.331297 123.341148 123.350637 123.360405 123.369335 123.379465 123.388396 123.398443 123.408490 0.000000 0.000000 0.000000 0.000000 0.000000 0.000000 0.000000 0.000000 0.000000 0.000000 0.000000 0.000000 0.000000 0.000000 0.000000 0.000000 0.000000 0.000000 0.000000 0.000000 0.000000 0.000000 0.000000 0.000000 0.000000 0.000000 0.000000 0.000000 0.000000 0.000000
123.297527 123.277350 123.261442 123.245173 123.234009 123.221171 123.207971 123.197366 123.197087 123.205459 123.215031 123.224241 123.234567 123.243498 123.252512 123.262559 123.271490 123.281537 123.291584 123.300597 123.310644 123.319854 123.329064 123.338915 123.348404 123.358172 123.367103 123.376954 123.386163 123.396210 123.405978 123.415188 0.000000 0.000000 0.000000 0.000000 0.000000 0.000000 0.000000 0.000000 0.000000 0.000000 0.000000 0.000000 0.000000 0.000000 0.000000 0.000000 0.000000 0.000000 0.000000 0.000000 0.000000 0.000000 0.000000 0.000000 0.000000 0.000000 0.000000 0.000000 0.000000
123.301156 123.279583 123.262280 123.247963 123.235405 123.221171 123.210845 123.199320 123.196529 123.203227 123.212799 123.222288 123.232335 123.241265 123.250279 123.260326 123.269257 123.279304 123.289072 123.298365 123.308412 123.317622 123.326831 123.336682 123.346171 123.355660 123.364870 123.374917 123.383931 123.393978 123.403746 123.412956 0.000000 0.000000 0.000000 0.000000 0.000000 0.000000 0.000000 0.000000 0.000000 0.000000 0.000000 0.000000 0.000000 0.000000 0.000000 0.000000 0.000000 0.000000 0.000000 0.000000 0.000000 0.000000 0.000000 0.000000 0.000000 0.000000 0.000000 0.000000 0.000000
123.303109 123.283490 123.266745 123.249917 123.237079 123.223683 123.211961 123.199320 123.195971 123.200994 123.210566 123.219776 123.230102 123.238754 123.247963 123.258093 123.267303 123.277071 123.286839 123.296132 123.306179 123.315389 123.324320 123.334450 123.343939 123.353427 123.362637 123.372405 123.381698 123.391466 123.401513 123.410723 0.000000 0.000000 0.000000 0.000000 0.000000 0.000000 0.000000 0.000000 0.000000 0.000000 0.000000 0.000000 0.000000 0.000000 0.000000 0.000000 0.000000 0.000000 0.000000 0.000000 0.000000 0.000000 0.000000 0.000000 0.000000 0.000000 0.000000 0.000000 0.000000
123.307574 123.284048 123.267861 123.253628 123.237358 123.225078 123.213078 123.200994 123.195412 123.198761 123.208333 123.217543 123.227869 123.236521 123.246010 123.255582 123.265071 123.274839 123.284607 123.293899 123.303667 123.312877 123.322087 123.332134 123.341706 123.351195 123.360405 123.370173 123.379465 123.389233 123.399280 123.408490 0.000000 0.000000 0.000000 0.000000 0.000000 0.000000 0.000000 0.000000 0.000000 0.000000 0.000000 0.000000 0.000000 0.000000 0.000000 0.000000 0.000000 0.000000 0.000000 0.000000 0.000000 0.000000 0.000000 0.000000 0.000000 0.000000 0.000000 0.000000 0.000000
123.308412 123.293341 123.272048 123.255024 123.239312 123.225916 123.216148 123.203227 123.194854 123.196529 123.206297 123.215310 123.225637 123.234288 123.243498 123.253349 123.262559 123.272606 123.282374 123.291584 123.301435 123.310644 123.319854 123.329901 123.339473 123.348962 123.358172 123.367940 123.377233 123.387001 123.396769 123.406257 123.415746 0.000000 0.000000 0.000000 0.000000 0.000000 0.000000 0.000000 0.000000 0.000000 0.000000 0.000000 0.000000 0.000000 0.000000 0.000000 0.000000 0.000000 0.000000 0.000000 0.000000 0.000000 0.000000 0.000000 0.000000 0.000000 0.000000 0.000000 0.000000
123.310086 123.293062 123.274001 123.257814 123.240986 123.228707 123.217543 123.204622 123.194296 123.194296 123.204064 123.213078 123.223404 123.232056 123.241265 123.251116 123.260326 123.270373 123.280141 123.289351 123.299202 123.308412 123.317622 123.327390 123.337241 123.346450 123.355939 123.365707 123.375000 123.384768 123.394536 123.403746 123.413793 0.000000 0.000000 0.000000 0.000000 0.000000 0.000000 0.000000 0.000000 0.000000 0.000000 0.000000 0.000000 0.000000 0.000000 0.000000 0.000000 0.000000 0.000000 0.000000 0.000000 0.000000 0.000000 0.000000 0.000000 0.000000 0.000000 0.000000 0.000000
123.312319 123.297248 123.276792 123.258093 123.244335 123.231218 123.217822 123.204901 123.194575 123.193738 123.201831 123.210845 123.221171 123.229544 123.239033 123.249080 123.258093 123.268141 123.277908 123.287118 123.296969 123.306179 123.315389 123.325157 123.335287 123.344218 123.353427 123.363474 123.372963 123.382535 123.392303 123.401513 123.411560 0.000000 0.000000 0.000000 0.000000 0.000000 0.000000 0.000000 0.000000 0.000000 0.000000 0.000000 0.000000 0.000000 0.000000 0.000000 0.000000 0.000000 0.000000 0.000000 0.000000 0.000000 0.000000 0.000000 0.000000 0.000000 0.000000 0.000000 0.000000
123.321808 123.298923 123.278746 123.262559 123.245731 123.232056 123.219218 123.207413 123.195971 123.193180 123.199599 123.208612 123.218939 123.227590 123.236800 123.246568 123.255861 123.265908 123.275676 123.284886 123.294737 123.303667 123.313156 123.322924 123.332692 123.341985 123.351195 123.361242 123.370731 123.380303 123.390071 123.399280 123.409327 0.000000 0.000000 0.000000 0.000000 0.000000 0.000000 0.000000 0.000000 0.000000 0.000000 0.000000 0.000000 0.000000 0.000000 0.000000 0.000000 0.000000 0.000000 0.000000 0.000000 0.000000 0.000000 0.000000 0.000000 0.000000 0.000000 0.000000 0.000000
123.322645 123.302551 123.280141 123.264512 123.249638 123.233730 123.222008 123.209450 123.197087 123.192622 123.197366 123.206297 123.216706 123.225357 123.234567 123.244335 123.253628 123.263396 123.273443 123.282374 123.292504 123.301435 123.310924 123.320691 123.330459 123.339752 123.348962 123.359009 123.368498 123.378070 123.387838 123.397048 123.407095 123.416025 0.000000 0.000000 0.000000 0.000000 0.000000 0.000000 0.000000 0.000000 0.000000 0.000000 0.000000 0.000000 0.000000 0.000000 0.000000 0.000000 0.000000 0.000000 0.000000 0.000000 0.000000 0.000000 0.000000 0.000000 0.000000 0.000000 0.000000
123.325994 123.304784 123.286281 123.267582 123.250558 123.235963 123.221729 123.210008 123.197924 123.192063 123.195133 123.204064 123.214194 123.223125 123.232335 123.242103 123.251116 123.261163 123.271210 123.280141 123.290188 123.299202 123.308691 123.318459 123.328227 123.337520 123.346729 123.356776 123.366544 123.375837 123.385605 123.394815 123.404862 123.413793 0.000000 0.000000 0.000000 0.000000 0.000000 0.000000 0.000000 0.000000 0.000000 0.000000 0.000000 0.000000 0.000000 0.000000 0.000000 0.000000 0.000000 0.000000 0.000000 0.000000 0.000000 0.000000 0.000000 0.000000 0.000000 0.000000 0.000000
123.336682 123.305621 123.289909 123.268978 123.251675 123.237637 123.223962 123.212520 123.199878 123.191226 123.192901 123.201831 123.211961 123.220892 123.230102 123.239870 123.249080 123.258931 123.268699 123.277908 123.287956 123.296969 123.306458 123.316226 123.325994 123.335287 123.344218 123.354544 123.364312 123.373522 123.383373 123.392582 123.402350 123.411560 0.000000 0.000000 0.000000 0.000000 0.000000 0.000000 0.000000 0.000000 0.000000 0.000000 0.000000 0.000000 0.000000 0.000000 0.000000 0.000000 0.000000 0.000000 0.000000 0.000000 0.000000 0.000000 0.000000 0.000000 0.000000 0.000000 0.000000
123.339194 123.311761 123.292783 123.270652 123.254465 123.238474 123.225637 123.214194 123.201552 123.190947 123.190668 123.199599 123.209729 123.218380 123.227869 123.237358 123.246847 123.256698 123.266466 123.275676 123.285444 123.294737 123.303946 123.313993 123.323761 123.332971 123.341985 123.352032 123.362079 123.371010 123.381140 123.390350 123.400118 123.409327 0.000000 0.000000 0.000000 0.000000 0.000000 0.000000 0.000000 0.000000 0.000000 0.000000 0.000000 0.000000 0.000000 0.000000 0.000000 0.000000 0.000000 0.000000 0.000000 0.000000 0.000000 0.000000 0.000000 0.000000 0.000000 0.000000 0.000000
123.342543 123.314273 123.294737 123.273443 123.257535 123.240986 123.227590 123.214473 123.204343 123.191784 123.190110 123.197366 123.207413 123.216148 123.225637 123.235125 123.244614 123.254186 123.264233 123.273443 123.283211 123.292504 123.301714 123.311761 123.321529 123.330739 123.339752 123.349799 123.359846 123.368777 123.378907 123.388117 123.397885 123.407095 0.000000 0.000000 0.000000 0.000000 0.000000 0.000000 0.000000 0.000000 0.000000 0.000000 0.000000 0.000000 0.000000 0.000000 0.000000 0.000000 0.000000 0.000000 0.000000 0.000000 0.000000 0.000000 0.000000 0.000000 0.000000 0.000000 0.000000
123.343659 123.317622 123.299481 123.276234 123.260047 123.246289 123.230660 123.216148 123.204622 123.192901 123.189552 123.195133 123.205180 123.213915 123.223404 123.232893 123.242103 123.251954 123.262001 123.271210 123.280978 123.290188 123.299481 123.309528 123.319296 123.328506 123.337520 123.347567 123.357614 123.366544 123.376395 123.385605 123.395652 123.404862 123.414630 0.000000 0.000000 0.000000 0.000000 0.000000 0.000000 0.000000 0.000000 0.000000 0.000000 0.000000 0.000000 0.000000 0.000000 0.000000 0.000000 0.000000 0.000000 0.000000 0.000000 0.000000 0.000000 0.000000 0.000000 0.000000 0.000000
123.349241 123.320971 123.301435 123.282374 123.261163 123.247126 123.230660 123.218659 123.206297 123.194296 123.188993 123.192901 123.202948 123.211682 123.221171 123.230660 123.239870 123.249917 123.259489 123.268978 123.278746 123.287956 123.297248 123.307016 123.317063 123.325994 123.335566 123.345334 123.355102 123.364312 123.374080 123.383373 123.393420 123.402629 123.412397 0.000000 0.000000 0.000000 0.000000 0.000000 0.000000 0.000000 0.000000 0.000000 0.000000 0.000000 0.000000 0.000000 0.000000 0.000000 0.000000 0.000000 0.000000 0.000000 0.000000 0.000000 0.000000 0.000000 0.000000 0.000000 0.000000
123.352590 123.333892 123.301435 123.283490 123.265350 123.247963 123.232614 123.218939 123.208612 123.196529 123.188435 123.190668 123.200715 123.209450 123.218939 123.228427 123.237637 123.247684 123.257256 123.266745 123.276513 123.285723 123.294737 123.304784 123.314831 123.323761 123.333250 123.342822 123.352869 123.362079 123.371847 123.381140 123.390908 123.400397 123.410165 0.000000 0.000000 0.000000 0.000000 0.000000 0.000000 0.000000 0.000000 0.000000 0.000000 0.000000 0.000000 0.000000 0.000000 0.000000 0.000000 0.000000 0.000000 0.000000 0.000000 0.000000 0.000000 0.000000 0.000000 0.000000 0.000000
123.358451 123.334450 123.302830 123.286560 123.267303 123.250558 123.234288 123.222288 123.210008 123.198482 123.187877 123.188435 123.198482 123.207134 123.216706 123.226195 123.235405 123.245173 123.255024 123.264512 123.274280 123.283490 123.292504 123.302551 123.312319 123.321529 123.330739 123.340590 123.350637 123.359846 123.369614 123.378907 123.388675 123.398164 123.407932 0.000000 0.000000 0.000000 0.000000 0.000000 0.000000 0.000000 0.000000 0.000000 0.000000 0.000000 0.000000 0.000000 0.000000 0.000000 0.000000 0.000000 0.000000 0.000000 0.000000 0.000000 0.000000 0.000000 0.000000 0.000000 0.000000
123.365707 123.336961 123.308691 123.289909 123.271210 123.254186 123.237916 123.224799 123.211124 123.198203 123.187877 123.187319 123.196250 123.204901 123.214473 123.223962 123.233172 123.242940 123.252791 123.262001 123.272048 123.281257 123.290467 123.300318 123.310086 123.319296 123.328506 123.338357 123.348404 123.357614 123.367382 123.376675 123.386442 123.395652 123.405420 123.414909 0.000000 0.000000 0.000000 0.000000 0.000000 0.000000 0.000000 0.000000 0.000000 0.000000 0.000000 0.000000 0.000000 0.000000 0.000000 0.000000 0.000000 0.000000 0.000000 0.000000 0.000000 0.000000 0.000000 0.000000 0.000000
123.370731 123.339473 123.313714 123.295574 123.272327 123.255861 123.237916 123.226195 123.212799 123.200994 123.189552 123.186761 123.193738 123.202669 123.212241 123.221729 123.230939 123.240707 123.250558 123.259768 123.269815 123.278746 123.288235 123.297807 123.307854 123.317063 123.326273 123.336124 123.345892 123.355381 123.365149 123.374359 123.384210 123.393420 123.403188 123.412676 0.000000 0.000000 0.000000 0.000000 0.000000 0.000000 0.000000 0.000000 0.000000 0.000000 0.000000 0.000000 0.000000 0.000000 0.000000 0.000000 0.000000 0.000000 0.000000 0.000000 0.000000 0.000000 0.000000 0.000000 0.000000
123.374638 123.345892 123.317342 123.296690 123.279025 123.257535 123.242940 123.227311 123.213078 123.201552 123.190110 123.186203 123.191505 123.200436 123.210008 123.219497 123.228707 123.238474 123.248242 123.257535 123.267582 123.276513 123.286002 123.295574 123.305621 123.314831 123.324040 123.333892 123.343659 123.353148 123.362916 123.372126 123.381977 123.391187 123.400955 123.410444 0.000000 0.000000 0.000000 0.000000 0.000000 0.000000 0.000000 0.000000 0.000000 0.000000 0.000000 0.000000 0.000000 0.000000 0.000000 0.000000 0.000000 0.000000 0.000000 0.000000 0.000000 0.000000 0.000000 0.000000 0.000000
