FireSTARR/test/constant/C2_S000_A090_WD180_WS020/arrival.asc
ncols         41
nrows         104
xllcorner     424603.990666
yllcorner     12748155.311160
cellsize      100.000000
NODATA_value  0.000000
[rows 37 to 73 of 104, columns 0 to 40 of 41]
0.000000 0.000000 123.411687 123.400897 123.390107 123.381474 123.372179 123.361388 123.350598 123.341966 123.332670 123.324038 123.317564 123.308931 123.300299 123.291003 123.284529 123.275897 123.267265 123.260790 123.258632 123.260790 123.269423 123.275897 123.282371 123.288845 123.298141 123.304615 123.315405 123.324038 123.332670 123.341966 123.350598 123.361388 123.370021 123.381474 123.392265 123.400897 123.411687 0.000000 0.000000
0.000000 0.000000 123.409529 123.398739 123.387948 123.379316 123.367862 123.357072 123.348440 123.337649 123.328354 123.319722 123.313247 123.304615 123.295983 123.286687 123.280213 123.271581 123.262948 123.256474 123.254316 123.256474 123.265107 123.271581 123.278055 123.284529 123.293825 123.300299 123.311089 123.319722 123.328354 123.337649 123.348440 123.357072 123.365704 123.377158 123.387948 123.396581 123.407371 0.000000 0.000000
0.000000 0.000000 123.407371 123.394423 123.383632 123.374337 123.363546 123.354914 123.344124 123.333333 123.326196 123.315405 123.308931 123.300299 123.291003 123.282371 123.275897 123.267265 123.258632 123.252158 123.249337 123.252158 123.260790 123.267265 123.273739 123.280213 123.288845 123.295983 123.306773 123.315405 123.324038 123.332670 123.344124 123.352756 123.361388 123.374337 123.383632 123.394423 123.405213 0.000000 0.000000
0.000000 123.416003 123.405213 123.390107 123.379316 123.370021 123.359230 123.350598 123.339808 123.330512 123.321880 123.311089 123.304615 123.295983 123.288845 123.278055 123.271581 123.262948 123.254316 123.249337 123.245021 123.247179 123.256474 123.262948 123.269423 123.275897 123.284529 123.293825 123.302457 123.311089 123.321880 123.330512 123.339808 123.348440 123.359230 123.372179 123.379316 123.390107 123.403055 123.413845 0.000000
0.000000 123.411687 123.400897 123.387948 123.377158 123.365704 123.357072 123.346282 123.337649 123.326196 123.317564 123.306773 123.300299 123.291667 123.284529 123.273739 123.267265 123.258632 123.250000 123.245021 123.240704 123.242862 123.252158 123.258632 123.265107 123.271581 123.280213 123.291003 123.300299 123.306773 123.317564 123.326196 123.335491 123.344124 123.354914 123.367862 123.375000 123.387948 123.398739 123.409529 0.000000
0.000000 123.409529 123.398739 123.383632 123.372179 123.361388 123.352756 123.341966 123.332670 123.321880 123.313247 123.302457 123.295983 123.288845 123.280213 123.269423 123.262948 123.254316 123.247179 123.240704 123.236388 123.238546 123.247179 123.254316 123.260790 123.267265 123.275897 123.286687 123.295983 123.302457 123.313247 123.321880 123.330512 123.339808 123.352756 123.363546 123.372179 123.383632 123.396581 123.407371 123.416667
123.416003 123.405213 123.394423 123.381474 123.367862 123.357072 123.348440 123.337649 123.328354 123.317564 123.308931 123.300299 123.291003 123.284529 123.275897 123.265107 123.258632 123.249337 123.242862 123.236388 123.232072 123.234230 123.242862 123.249337 123.256474 123.265107 123.271581 123.282371 123.291003 123.300299 123.308931 123.317564 123.326196 123.335491 123.348440 123.359230 123.367862 123.379316 123.392265 123.405213 123.413845
0.000000 123.400897 123.390107 123.379316 123.367862 123.352756 123.344124 123.333333 123.324038 123.315405 123.304615 123.295983 123.286687 123.280213 123.271581 123.260790 123.254316 123.245021 123.238546 123.232072 123.227756 123.229914 123.238546 123.245021 123.252158 123.260790 123.267265 123.278055 123.286687 123.295983 123.304615 123.313247 123.321880 123.332670 123.344124 123.354914 123.363546 123.375000 123.387948 123.400897 123.413845
0.000000 123.396581 123.385790 123.377158 123.363546 123.350598 123.339808 123.330512 123.319722 123.311089 123.300299 123.291003 123.282371 123.275897 123.267265 123.256474 123.249337 123.240704 123.234230 123.227756 123.223440 123.225598 123.234230 123.240704 123.247179 123.256474 123.265107 123.273739 123.282371 123.291667 123.300299 123.308931 123.319722 123.330512 123.339808 123.350598 123.359230 123.372179 123.383632 123.396581 0.000000
0.000000 123.394423 123.383632 123.374337 123.361388 123.346282 123.335491 123.328354 123.315405 123.306773 123.295983 123.286687 123.278055 123.271581 123.262948 123.254316 123.245021 123.236388 123.229914 123.223440 123.219124 123.221282 123.229914 123.236388 123.242862 123.252158 123.260790 123.269423 123.278055 123.288845 123.295983 123.304615 123.315405 123.326196 123.335491 123.346282 123.357072 123.370021 123.381474 123.392265 0.000000
0.000000 123.398739 123.379316 123.370021 123.357072 123.344124 123.332670 123.324038 123.311089 123.302457 123.291667 123.282371 123.273739 123.267265 123.258632 123.250000 123.240704 123.232072 123.225598 123.219124 123.214808 123.216966 123.225598 123.232072 123.238546 123.249337 123.256474 123.265107 123.273739 123.284529 123.291003 123.300299 123.311089 123.321880 123.332670 123.341966 123.354914 123.365704 123.377158 123.394423 0.000000
0.000000 123.407371 123.374337 123.365704 123.354914 123.339808 123.328354 123.319722 123.306773 123.298141 123.288845 123.280213 123.269423 123.262948 123.254316 123.247179 123.236388 123.227756 123.221282 123.214808 123.210491 123.212649 123.221282 123.227756 123.234230 123.245021 123.252158 123.260790 123.269423 123.280213 123.286687 123.298141 123.308931 123.317564 123.328354 123.337649 123.350598 123.361388 123.374337 123.403055 0.000000
0.000000 123.416003 123.374337 123.361388 123.350598 123.337649 123.324038 123.315405 123.302457 123.293825 123.284529 123.275897 123.265107 123.258632 123.249337 123.242862 123.232072 123.223440 123.216966 123.210491 123.205512 123.208333 123.216966 123.223440 123.229914 123.240704 123.247179 123.258632 123.265107 123.275897 123.284529 123.293825 123.304615 123.315405 123.324038 123.335491 123.348440 123.359230 123.372179 123.411687 0.000000
0.000000 0.000000 123.379316 123.357072 123.346282 123.335491 123.321880 123.311089 123.300299 123.288845 123.280213 123.271581 123.260790 123.254316 123.245021 123.238546 123.227756 123.219124 123.212649 123.205512 123.201196 123.205512 123.212649 123.219124 123.225598 123.236388 123.242862 123.254316 123.260790 123.271581 123.280213 123.288845 123.300299 123.311089 123.319722 123.332670 123.344124 123.354914 123.374337 0.000000 0.000000
0.000000 0.000000 123.387948 123.352756 123.341966 123.333333 123.317564 123.306773 123.295983 123.286687 123.275897 123.267265 123.258632 123.249337 123.242862 123.234230 123.223440 123.216966 123.207670 123.201196 123.196880 123.201196 123.207670 123.214808 123.221282 123.232072 123.240704 123.249337 123.256474 123.267265 123.275897 123.286687 123.295983 123.306773 123.315405 123.330512 123.339808 123.350598 123.383632 0.000000 0.000000
0.000000 0.000000 123.396581 123.352756 123.337649 123.330512 123.313247 123.302457 123.291667 123.282371 123.271581 123.262948 123.254316 123.245021 123.238546 123.229914 123.219124 123.212649 123.203354 123.196880 123.192564 123.196880 123.203354 123.210491 123.216966 123.227756 123.236388 123.245021 123.252158 123.262948 123.271581 123.282371 123.293825 123.302457 123.313247 123.326196 123.337649 123.350598 123.392265 0.000000 0.000000
0.000000 0.000000 123.405213 123.361388 123.333333 123.326196 123.313247 123.298141 123.288845 123.278055 123.269423 123.258632 123.250000 123.240704 123.234230 123.225598 123.216966 123.207670 123.199038 123.192564 123.188247 123.192564 123.199038 123.207670 123.212649 123.223440 123.232072 123.240704 123.249337 123.258632 123.267265 123.278055 123.288845 123.298141 123.308931 123.321880 123.332670 123.354914 123.400897 0.000000 0.000000
0.000000 0.000000 123.416003 123.370021 123.330512 123.321880 123.308931 123.295983 123.284529 123.273739 123.265107 123.254316 123.247179 123.236388 123.229914 123.221282 123.212649 123.203354 123.194722 123.188247 123.183931 123.188247 123.194722 123.203354 123.208333 123.219124 123.227756 123.236388 123.245021 123.254316 123.262948 123.273739 123.284529 123.293825 123.306773 123.317564 123.328354 123.365704 123.409529 0.000000 0.000000
0.000000 0.000000 0.000000 123.377158 123.332670 123.317564 123.304615 123.291667 123.280213 123.269423 123.260790 123.250000 123.242862 123.232072 123.225598 123.216966 123.207670 123.199038 123.190405 123.183931 123.179615 123.183931 123.190405 123.199038 123.205512 123.214808 123.223440 123.232072 123.240704 123.249337 123.258632 123.271581 123.282371 123.291003 123.304615 123.315405 123.328354 123.372179 0.000000 0.000000 0.000000
0.000000 0.000000 0.000000 123.387948 123.341966 123.313247 123.302457 123.291003 123.275897 123.265107 123.256474 123.247179 123.238546 123.227756 123.221282 123.212649 123.203354 123.194722 123.186089 123.179615 123.175299 123.179615 123.186089 123.194722 123.201196 123.210491 123.219124 123.227756 123.236388 123.245021 123.256474 123.267265 123.278055 123.286687 123.300299 123.311089 123.337649 123.381474 0.000000 0.000000 0.000000
0.000000 0.000000 0.000000 123.396581 123.350598 123.311089 123.298141 123.286687 123.273739 123.262948 123.254316 123.242862 123.234230 123.223440 123.216966 123.207670 123.199038 123.190405 123.181773 123.175299 123.170983 123.175299 123.181773 123.190405 123.196880 123.205512 123.214808 123.223440 123.232072 123.240704 123.252158 123.262948 123.273739 123.282371 123.295983 123.306773 123.346282 123.390107 0.000000 0.000000 0.000000
0.000000 0.000000 0.000000 123.405213 123.359230 123.315405 123.293825 123.282371 123.271581 123.258632 123.249337 123.238546 123.229914 123.219124 123.212649 123.203354 123.194722 123.186089 123.177457 123.170983 123.166003 123.170983 123.177457 123.186089 123.192564 123.201196 123.210491 123.219124 123.227756 123.238546 123.247179 123.258632 123.269423 123.282371 123.293825 123.308931 123.354914 123.400897 0.000000 0.000000 0.000000
0.000000 0.000000 0.000000 123.411687 123.367862 123.321880 123.288845 123.280213 123.269423 123.254316 123.245021 123.234230 123.225598 123.214808 123.207670 123.199038 123.190405 123.181773 123.173141 123.166003 123.161687 123.166003 123.173141 123.181773 123.188247 123.196880 123.205512 123.214808 123.225598 123.234230 123.245021 123.254316 123.265107 123.278055 123.288845 123.317564 123.361388 123.407371 0.000000 0.000000 0.000000
0.000000 0.000000 0.000000 0.000000 123.377158 123.330512 123.288845 123.275897 123.265107 123.250000 123.240704 123.229914 123.221282 123.212649 123.203354 123.194722 123.186089 123.177457 123.168825 123.161687 123.157371 123.161687 123.168825 123.177457 123.183931 123.194722 123.201196 123.210491 123.221282 123.229914 123.240704 123.250000 123.260790 123.273739 123.286687 123.326196 123.372179 123.416667 0.000000 0.000000 0.000000
0.000000 0.000000 0.000000 0.000000 123.385790 123.339808 123.293825 123.271581 123.260790 123.247179 123.236388 123.227756 123.216966 123.207670 123.199038 123.190405 123.181773 123.175299 123.166003 123.157371 123.153055 123.157371 123.163845 123.173141 123.179615 123.190405 123.196880 123.205512 123.216966 123.225598 123.236388 123.247179 123.260790 123.271581 123.291003 123.335491 123.381474 0.000000 0.000000 0.000000 0.000000
0.000000 0.000000 0.000000 0.000000 123.394423 123.350598 123.304615 123.267265 123.256474 123.245021 123.234230 123.223440 123.212649 123.203354 123.194722 123.186089 123.177457 123.170983 123.161687 123.153055 123.148739 123.153055 123.159529 123.168825 123.175299 123.186089 123.192564 123.203354 123.212649 123.223440 123.232072 123.242862 123.256474 123.267265 123.300299 123.344124 123.390107 0.000000 0.000000 0.000000 0.000000
0.000000 0.000000 0.000000 0.000000 123.400897 123.357072 123.311089 123.269423 123.252158 123.242862 123.229914 123.219124 123.207670 123.199038 123.190405 123.181773 123.173141 123.166003 123.157371 123.148739 123.144423 123.148739 123.155213 123.163845 123.170983 123.181773 123.188247 123.199038 123.207670 123.219124 123.227756 123.240704 123.252158 123.265107 123.306773 123.350598 123.396581 0.000000 0.000000 0.000000 0.000000
0.000000 0.000000 0.000000 0.000000 123.411687 123.365704 123.319722 123.273739 123.249337 123.238546 123.225598 123.214808 123.205512 123.194722 123.186089 123.177457 123.168825 123.161687 123.153055 123.144423 123.140107 123.144423 123.150897 123.159529 123.168825 123.177457 123.183931 123.194722 123.203354 123.214808 123.223440 123.238546 123.247179 123.269423 123.315405 123.361388 123.405213 0.000000 0.000000 0.000000 0.000000
0.000000 0.000000 0.000000 0.000000 0.000000 123.374337 123.330512 123.284529 123.247179 123.234230 123.223440 123.212649 123.203354 123.190405 123.181773 123.173141 123.166003 123.157371 123.148739 123.140107 123.135790 123.140107 123.146581 123.155213 123.163845 123.173141 123.181773 123.190405 123.201196 123.210491 123.221282 123.234230 123.245021 123.280213 123.324038 123.370021 123.416003 0.000000 0.000000 0.000000 0.000000
0.000000 0.000000 0.000000 0.000000 0.000000 123.385790 123.339808 123.293825 123.249337 123.229914 123.219124 123.207670 123.199038 123.186089 123.177457 123.168825 123.161687 123.153055 123.144423 123.135790 123.131474 123.135790 123.142265 123.150897 123.159529 123.168825 123.177457 123.186089 123.196880 123.205512 123.219124 123.229914 123.245021 123.288845 123.335491 123.379316 0.000000 0.000000 0.000000 0.000000 0.000000
0.000000 0.000000 0.000000 0.000000 0.000000 123.392265 123.346282 123.300299 123.256474 123.227756 123.216966 123.205512 123.194722 123.183931 123.173141 123.166003 123.157371 123.148739 123.140107 123.131474 123.127158 123.131474 123.137948 123.146581 123.155213 123.163845 123.173141 123.181773 123.192564 123.201196 123.216966 123.225598 123.250000 123.295983 123.341966 123.385790 0.000000 0.000000 0.000000 0.000000 0.000000
0.000000 0.000000 0.000000 0.000000 0.000000 123.400897 123.354914 123.308931 123.265107 123.225598 123.212649 123.203354 123.190405 123.179615 123.168825 123.161687 123.153055 123.144423 123.135790 123.127158 123.124337 123.127158 123.133632 123.142265 123.150897 123.159529 123.168825 123.177457 123.188247 123.199038 123.212649 123.223440 123.258632 123.304615 123.350598 123.394423 0.000000 0.000000 0.000000 0.000000 0.000000
0.000000 0.000000 0.000000 0.000000 0.000000 123.409529 123.365704 123.319722 123.273739 123.229914 123.208333 123.199038 123.186089 123.177457 123.166003 123.157371 123.148739 123.140107 123.131474 123.124337 123.120021 123.122179 123.129316 123.137948 123.146581 123.155213 123.166003 123.175299 123.186089 123.196880 123.207670 123.223440 123.269423 123.315405 123.359230 123.405213 0.000000 0.000000 0.000000 0.000000 0.000000
0.000000 0.000000 0.000000 0.000000 0.000000 0.000000 123.374337 123.328354 123.282371 123.238546 123.205512 123.194722 123.181773 123.173141 123.161687 123.153055 123.144423 123.135790 123.127158 123.120021 123.115704 123.117862 123.125000 123.133632 123.142265 123.150897 123.161687 123.170983 123.181773 123.192564 123.203354 123.232072 123.278055 123.324038 123.367862 123.413845 0.000000 0.000000 0.000000 0.000000 0.000000
0.000000 0.000000 0.000000 0.000000 0.000000 0.000000 123.381474 123.335491 123.291003 123.245021 123.203354 123.190405 123.179615 123.168825 123.157371 123.148739 123.140107 123.131474 123.122179 123.115704 123.111388 123.113546 123.122179 123.129316 123.140107 123.146581 123.157371 123.166003 123.177457 123.190405 123.201196 123.240704 123.286687 123.330512 123.377158 0.000000 0.000000 0.000000 0.000000 0.000000 0.000000
0.000000 0.000000 0.000000 0.000000 0.000000 0.000000 123.390107 123.344124 123.300299 123.254316 123.208333 123.186089 123.175299 123.163845 123.155213 123.144423 123.135790 123.127158 123.117862 123.111388 123.107072 123.109230 123.117862 123.127158 123.135790 123.142265 123.153055 123.163845 123.175299 123.186089 123.205512 123.249337 123.293825 123.339808 123.385790 0.000000 0.000000 0.000000 0.000000 0.000000 0.000000
0.000000 0.000000 0.000000 0.000000 0.000000 0.000000 123.400897 123.354914 123.308931 123.262948 123.219124 123.181773 123.170983 123.159529 123.150897 123.140107 123.131474 123.122179 123.113546 123.107072 123.102756 123.104914 123.113546 123.122179 123.131474 123.140107 123.148739 123.159529 123.170983 123.181773 123.212649 123.258632 123.304615 123.350598 123.394423 0.000000 0.000000 0.000000 0.000000 0.000000 0.000000
