FireSTARR/test/constant/O1a_S060_A270_WD315_WS020/arrival.asc
ncols         120
nrows         736
xllcorner     425303.990666
yllcorner     12748755.311160
cellsize      100.000000
NODATA_value  0.000000
[rows 621 to 647 of 736, columns 0 to 59 of 120]
0.000000 0.000000 0.000000 0.000000 123.397633 123.374966 123.353172 123.331623 123.309549 123.288000 123.265368 123.242981 123.220907 123.202432 123.193770 123.185667 123.176167 123.167784 123.159647 123.150427 123.141765 123.131985 123.124128 123.115745 123.107922 123.098142 123.090039 123.081064 123.073240 123.064299 123.065137 123.074358 123.082461 123.091157 123.100098 123.109039 123.117701 123.142603 123.189579 123.239907 123.281294 123.336966 123.391206 0.000000 0.000000 0.000000 0.000000 0.000000 0.000000 0.000000 0.000000 0.000000 0.000000 0.000000 0.000000 0.000000 0.000000 0.000000 0.000000 0.000000
0.000000 0.000000 0.000000 0.000000 123.395677 123.373289 123.351216 123.329667 123.308152 123.286324 123.263412 123.241304 123.218951 123.200196 123.191814 123.183431 123.174211 123.166074 123.158250 123.148191 123.140088 123.130588 123.122172 123.113789 123.105966 123.096745 123.088083 123.079108 123.071285 123.063740 123.066255 123.074637 123.083020 123.091995 123.100936 123.109598 123.118819 123.150147 123.193770 123.248289 123.287721 123.346745 0.000000 0.000000 0.000000 0.000000 0.000000 0.000000 0.000000 0.000000 0.000000 0.000000 0.000000 0.000000 0.000000 0.000000 0.000000 0.000000 0.000000 0.000000
0.000000 0.000000 0.000000 123.415794 123.393721 123.371334 123.349260 123.327432 123.305917 123.284368 123.261456 123.239348 123.217275 123.198240 123.189858 123.181755 123.172814 123.164677 123.156015 123.146515 123.138412 123.128632 123.120216 123.112672 123.104569 123.094789 123.086127 123.077432 123.069329 123.063182 123.066814 123.075196 123.084172 123.092833 123.101775 123.110157 123.119098 123.154897 123.209172 123.259779 123.295858 123.360995 0.000000 0.000000 0.000000 0.000000 0.000000 0.000000 0.000000 0.000000 0.000000 0.000000 0.000000 0.000000 0.000000 0.000000 0.000000 0.000000 0.000000 0.000000
0.000000 0.000000 0.000000 123.414118 123.391765 123.369378 123.347304 123.325755 123.304240 123.282691 123.259779 123.238231 123.215319 123.196843 123.188182 123.179799 123.170578 123.162441 123.154338 123.144838 123.136456 123.126956 123.119098 123.110436 123.102613 123.092833 123.084172 123.075755 123.067373 123.062623 123.067652 123.076314 123.084730 123.094230 123.102333 123.110995 123.119657 123.169740 123.217275 123.260338 123.309549 123.376676 0.000000 0.000000 0.000000 0.000000 0.000000 0.000000 0.000000 0.000000 0.000000 0.000000 0.000000 0.000000 0.000000 0.000000 0.000000 0.000000 0.000000 0.000000
0.000000 0.000000 0.000000 123.411883 123.390088 123.367981 123.345348 123.323520 123.302284 123.280736 123.258382 123.236554 123.213363 123.194608 123.186226 123.177843 123.168623 123.160765 123.152383 123.142882 123.134779 123.125279 123.116863 123.108760 123.100936 123.090878 123.082461 123.073799 123.065417 123.062064 123.068211 123.076593 123.085289 123.094230 123.102892 123.112113 123.128632 123.175328 123.223701 123.271235 123.325476 123.381427 0.000000 0.000000 0.000000 0.000000 0.000000 0.000000 0.000000 0.000000 0.000000 0.000000 0.000000 0.000000 0.000000 0.000000 0.000000 0.000000 0.000000 0.000000
0.000000 0.000000 0.000000 123.410206 123.387853 123.366025 123.343672 123.321843 123.300608 123.278780 123.256427 123.234598 123.211966 123.192932 123.184270 123.176446 123.167225 123.158809 123.150427 123.141485 123.132824 123.123289 123.115186 123.107084 123.098701 123.089201 123.080505 123.072123 123.063461 123.061505 123.068490 123.077152 123.086127 123.095628 123.103731 123.112392 123.138132 123.183431 123.229848 123.271794 123.329108 123.394000 0.000000 0.000000 0.000000 0.000000 0.000000 0.000000 0.000000 0.000000 0.000000 0.000000 0.000000 0.000000 0.000000 0.000000 0.000000 0.000000 0.000000 0.000000
0.000000 0.000000 0.000000 123.408250 123.386177 123.364348 123.341716 123.319887 123.298931 123.277383 123.254750 123.232642 123.209730 123.190976 123.182593 123.174490 123.165236 123.156853 123.149030 123.139250 123.130868 123.121613 123.113510 123.105128 123.097025 123.087245 123.078549 123.070167 123.061505 123.060946 123.069608 123.077711 123.086686 123.096186 123.104289 123.113510 123.143441 123.190976 123.248289 123.287441 123.348422 123.410206 0.000000 0.000000 0.000000 0.000000 0.000000 0.000000 0.000000 0.000000 0.000000 0.000000 0.000000 0.000000 0.000000 0.000000 0.000000 0.000000 0.000000 0.000000
0.000000 0.000000 0.000000 123.406574 123.384500 123.362113 123.339760 123.318211 123.296976 123.275147 123.252794 123.230407 123.208020 123.189299 123.180637 123.172534 123.163280 123.155456 123.147074 123.137294 123.129471 123.119937 123.111554 123.103172 123.095348 123.085289 123.077152 123.068211 123.060387 123.060946 123.070167 123.078829 123.087525 123.096186 123.104848 123.113789 123.162441 123.202711 123.251118 123.293064 123.359319 123.416667 0.000000 0.000000 0.000000 0.000000 0.000000 0.000000 0.000000 0.000000 0.000000 0.000000 0.000000 0.000000 0.000000 0.000000 0.000000 0.000000 0.000000 0.000000
0.000000 0.000000 0.000000 123.404897 123.382544 123.360436 123.338363 123.316534 123.295578 123.273471 123.250838 123.228731 123.206064 123.187623 123.178961 123.170578 123.161603 123.153500 123.145397 123.135897 123.127515 123.117981 123.109878 123.101216 123.093392 123.083613 123.075196 123.066814 123.059829 123.062343 123.070726 123.079388 123.088083 123.097304 123.105686 123.114628 123.164677 123.210848 123.263412 123.310108 123.365745 0.000000 0.000000 0.000000 0.000000 0.000000 0.000000 0.000000 0.000000 0.000000 0.000000 0.000000 0.000000 0.000000 0.000000 0.000000 0.000000 0.000000 0.000000 0.000000
0.000000 0.000000 0.000000 123.402941 123.380588 123.358760 123.336407 123.314579 123.293623 123.271235 123.249128 123.226495 123.204388 123.185667 123.177005 123.168902 123.159647 123.151824 123.143441 123.133941 123.125838 123.116584 123.107922 123.099539 123.091716 123.081623 123.073240 123.064858 123.059270 123.062902 123.071564 123.080505 123.089480 123.097583 123.106804 123.123289 123.165515 123.221186 123.265927 123.319049 123.372451 0.000000 0.000000 0.000000 0.000000 0.000000 0.000000 0.000000 0.000000 0.000000 0.000000 0.000000 0.000000 0.000000 0.000000 0.000000 0.000000 0.000000 0.000000 0.000000
0.000000 0.000000 0.000000 123.401824 123.378632 123.356804 123.334730 123.312902 123.291633 123.269559 123.247172 123.224819 123.202711 123.183990 123.175049 123.166946 123.158250 123.149868 123.141485 123.131985 123.124128 123.114348 123.105966 123.097583 123.089760 123.079946 123.071285 123.062902 123.058711 123.063461 123.071843 123.081064 123.090319 123.098701 123.107084 123.130309 123.182034 123.237951 123.266485 123.334451 123.391206 0.000000 0.000000 0.000000 0.000000 0.000000 0.000000 0.000000 0.000000 0.000000 0.000000 0.000000 0.000000 0.000000 0.000000 0.000000 0.000000 0.000000 0.000000 0.000000
0.000000 0.000000 0.000000 123.400147 123.376956 123.355128 123.333020 123.310946 123.289677 123.267603 123.245775 123.222863 123.200755 123.182034 123.173373 123.164956 123.156015 123.147912 123.140088 123.130029 123.122172 123.112392 123.104569 123.095628 123.087804 123.078270 123.069608 123.060946 123.058152 123.064299 123.072682 123.081343 123.090319 123.098981 123.108201 123.150985 123.183152 123.242981 123.282412 123.338363 123.406015 0.000000 0.000000 0.000000 0.000000 0.000000 0.000000 0.000000 0.000000 0.000000 0.000000 0.000000 0.000000 0.000000 0.000000 0.000000 0.000000 0.000000 0.000000 0.000000
0.000000 0.000000 0.000000 123.399309 123.375279 123.353172 123.331064 123.308990 123.287721 123.265647 123.243819 123.221186 123.199079 123.180079 123.171417 123.163280 123.154338 123.146515 123.137853 123.128353 123.120216 123.110995 123.102613 123.094230 123.086407 123.076035 123.067932 123.059270 123.057593 123.065417 123.073240 123.081902 123.091436 123.099539 123.108481 123.154338 123.197682 123.243539 123.291667 123.348422 123.416353 0.000000 0.000000 0.000000 0.000000 0.000000 0.000000 0.000000 0.000000 0.000000 0.000000 0.000000 0.000000 0.000000 0.000000 0.000000 0.000000 0.000000 0.000000 0.000000
0.000000 0.000000 0.000000 123.397353 123.373289 123.351216 123.329108 123.307593 123.285765 123.264250 123.242422 123.219510 123.197123 123.178681 123.169740 123.161324 123.152941 123.144280 123.136177 123.126676 123.118260 123.109039 123.100657 123.092275 123.084451 123.074637 123.065976 123.057593 123.057034 123.065696 123.074079 123.083020 123.092275 123.100657 123.111275 123.155736 123.205785 123.247172 123.305637 123.362672 0.000000 0.000000 0.000000 0.000000 0.000000 0.000000 0.000000 0.000000 0.000000 0.000000 0.000000 0.000000 0.000000 0.000000 0.000000 0.000000 0.000000 0.000000 0.000000 0.000000
0.000000 0.000000 0.000000 123.395956 123.371613 123.349819 123.327152 123.305358 123.283809 123.262294 123.240186 123.217554 123.195167 123.176446 123.167784 123.159647 123.150706 123.142603 123.134221 123.124687 123.116584 123.107084 123.098701 123.090319 123.082461 123.072682 123.064299 123.056476 123.057034 123.066255 123.075196 123.083613 123.092275 123.101216 123.121892 123.164677 123.214760 123.257265 123.315696 123.375559 0.000000 0.000000 0.000000 0.000000 0.000000 0.000000 0.000000 0.000000 0.000000 0.000000 0.000000 0.000000 0.000000 0.000000 0.000000 0.000000 0.000000 0.000000 0.000000 0.000000
0.000000 0.000000 123.416074 123.393721 123.369657 123.347863 123.325476 123.304240 123.282133 123.260338 123.238510 123.215598 123.193770 123.174770 123.166074 123.157971 123.149030 123.140647 123.132265 123.123010 123.114348 123.105128 123.097025 123.088363 123.080505 123.070726 123.062343 123.055917 123.058152 123.066814 123.075476 123.085010 123.093113 123.101775 123.131706 123.169461 123.221466 123.266206 123.327990 123.386177 0.000000 0.000000 0.000000 0.000000 0.000000 0.000000 0.000000 0.000000 0.000000 0.000000 0.000000 0.000000 0.000000 0.000000 0.000000 0.000000 0.000000 0.000000 0.000000 0.000000
0.000000 0.000000 123.414118 123.392044 123.367701 123.346186 123.323240 123.302284 123.280177 123.258382 123.236554 123.213642 123.191534 123.172814 123.164397 123.156015 123.147074 123.138691 123.130868 123.121613 123.112672 123.103451 123.095348 123.086686 123.078549 123.069329 123.060387 123.055358 123.058990 123.067093 123.076035 123.085569 123.093672 123.102892 123.142044 123.183431 123.233481 123.277383 123.338922 123.405736 0.000000 0.000000 0.000000 0.000000 0.000000 0.000000 0.000000 0.000000 0.000000 0.000000 0.000000 0.000000 0.000000 0.000000 0.000000 0.000000 0.000000 0.000000 0.000000 0.000000
0.000000 0.000000 123.412721 123.390088 123.366863 123.343951 123.321564 123.300328 123.278221 123.256427 123.234878 123.211966 123.189858 123.171137 123.162441 123.154338 123.145118 123.137294 123.128912 123.119378 123.111275 123.101775 123.093392 123.085010 123.076593 123.067373 123.058990 123.054799 123.059549 123.067932 123.076873 123.086127 123.094230 123.103451 123.149030 123.196285 123.238231 123.287441 123.354289 0.000000 0.000000 0.000000 0.000000 0.000000 0.000000 0.000000 0.000000 0.000000 0.000000 0.000000 0.000000 0.000000 0.000000 0.000000 0.000000 0.000000 0.000000 0.000000 0.000000 0.000000
0.000000 0.000000 123.410486 123.388132 123.365466 123.342275 123.319887 123.298652 123.276824 123.254471 123.232922 123.210010 123.187902 123.169461 123.160765 123.152383 123.143721 123.135338 123.127235 123.117701 123.109039 123.099819 123.091716 123.083020 123.074917 123.065696 123.056755 123.054240 123.060108 123.068770 123.077711 123.086407 123.095628 123.106245 123.150706 123.205785 123.241025 123.297255 123.366584 0.000000 0.000000 0.000000 0.000000 0.000000 0.000000 0.000000 0.000000 0.000000 0.000000 0.000000 0.000000 0.000000 0.000000 0.000000 0.000000 0.000000 0.000000 0.000000 0.000000 0.000000
0.000000 0.000000 123.408809 123.386735 123.363789 123.340598 123.317932 123.296417 123.274588 123.252794 123.230966 123.208020 123.186226 123.167505 123.158809 123.150427 123.141765 123.133662 123.125279 123.115745 123.107363 123.098422 123.089760 123.081343 123.072682 123.064020 123.055358 123.053681 123.060946 123.069608 123.077990 123.087245 123.096186 123.120775 123.155177 123.206064 123.257265 123.312902 123.384221 0.000000 0.000000 0.000000 0.000000 0.000000 0.000000 0.000000 0.000000 0.000000 0.000000 0.000000 0.000000 0.000000 0.000000 0.000000 0.000000 0.000000 0.000000 0.000000 0.000000 0.000000
0.000000 0.000000 123.406574 123.384779 123.361834 123.338642 123.316255 123.294740 123.272912 123.251118 123.229289 123.206343 123.184549 123.165794 123.156853 123.149030 123.140088 123.131706 123.123289 123.113789 123.105407 123.096186 123.087804 123.079946 123.071005 123.061784 123.053402 123.053123 123.061226 123.070167 123.079946 123.087804 123.096466 123.128353 123.170858 123.217554 123.266206 123.326035 123.385897 0.000000 0.000000 0.000000 0.000000 0.000000 0.000000 0.000000 0.000000 0.000000 0.000000 0.000000 0.000000 0.000000 0.000000 0.000000 0.000000 0.000000 0.000000 0.000000 0.000000 0.000000
0.000000 0.000000 123.405456 123.382824 123.359878 123.336966 123.314299 123.293064 123.270677 123.249128 123.227333 123.204388 123.182593 123.164118 123.155456 123.147074 123.137853 123.131147 123.121613 123.112392 123.103451 123.094230 123.086407 123.077711 123.069329 123.060387 123.052564 123.053123 123.062064 123.071005 123.080505 123.088642 123.097583 123.134779 123.180637 123.218113 123.275985 123.331902 123.396235 0.000000 0.000000 0.000000 0.000000 0.000000 0.000000 0.000000 0.000000 0.000000 0.000000 0.000000 0.000000 0.000000 0.000000 0.000000 0.000000 0.000000 0.000000 0.000000 0.000000 0.000000
0.000000 0.000000 123.404897 123.380868 123.358481 123.335289 123.312343 123.291353 123.269000 123.247172 123.225378 123.202711 123.180637 123.161883 123.153221 123.145397 123.136177 123.129750 123.119378 123.110436 123.102054 123.092833 123.084451 123.076035 123.067373 123.058431 123.052005 123.054240 123.062902 123.071564 123.080785 123.089201 123.098142 123.145118 123.199079 123.230966 123.286324 123.355966 123.415515 0.000000 0.000000 0.000000 0.000000 0.000000 0.000000 0.000000 0.000000 0.000000 0.000000 0.000000 0.000000 0.000000 0.000000 0.000000 0.000000 0.000000 0.000000 0.000000 0.000000 0.000000
0.000000 0.000000 123.402941 123.379191 123.356525 123.333299 123.310946 123.289118 123.267044 123.245216 123.223422 123.201035 123.178681 123.160486 123.151544 123.143721 123.134779 123.127794 123.117701 123.108760 123.100098 123.090598 123.082461 123.074079 123.065696 123.056476 123.051446 123.055079 123.063461 123.072402 123.081343 123.090039 123.103172 123.145677 123.200476 123.244378 123.296976 123.374687 0.000000 0.000000 0.000000 0.000000 0.000000 0.000000 0.000000 0.000000 0.000000 0.000000 0.000000 0.000000 0.000000 0.000000 0.000000 0.000000 0.000000 0.000000 0.000000 0.000000 0.000000 0.000000
0.000000 0.000000 123.401265 123.376956 123.354848 123.331902 123.308990 123.288000 123.265088 123.243539 123.221745 123.199079 123.177005 123.158530 123.149588 123.141765 123.132544 123.125838 123.115745 123.106525 123.098422 123.088922 123.081064 123.072123 123.063740 123.055079 123.050887 123.055637 123.064579 123.072682 123.081902 123.090878 123.115745 123.156574 123.201035 123.251118 123.309549 123.377235 0.000000 0.000000 0.000000 0.000000 0.000000 0.000000 0.000000 0.000000 0.000000 0.000000 0.000000 0.000000 0.000000 0.000000 0.000000 0.000000 0.000000 0.000000 0.000000 0.000000 0.000000 0.000000
0.000000 0.000000 123.399030 123.375279 123.353172 123.330226 123.307314 123.285765 123.263691 123.241584 123.219510 123.197682 123.175049 123.156574 123.147912 123.140088 123.130868 123.123848 123.114069 123.104848 123.096186 123.086966 123.079108 123.070726 123.061784 123.052843 123.050328 123.056196 123.065137 123.074079 123.082461 123.091716 123.122451 123.169181 123.211686 123.254750 123.326593 123.392882 0.000000 0.000000 0.000000 0.000000 0.000000 0.000000 0.000000 0.000000 0.000000 0.000000 0.000000 0.000000 0.000000 0.000000 0.000000 0.000000 0.000000 0.000000 0.000000 0.000000 0.000000 0.000000
0.000000 0.000000 123.397353 123.373569 123.351216 123.327990 123.305637 123.284088 123.261735 123.239628 123.217833 123.196005 123.173093 123.155177 123.146235 123.138132 123.129191 123.121892 123.112392 123.103172 123.094510 123.085289 123.077432 123.068770 123.060387 123.051167 123.049770 123.056755 123.065696 123.075196 123.083299 123.092275 123.127515 123.181755 123.212804 123.267603 123.343672 123.399588 0.000000 0.000000 0.000000 0.000000 0.000000 0.000000 0.000000 0.000000 0.000000 0.000000 0.000000 0.000000 0.000000 0.000000 0.000000 0.000000 0.000000 0.000000 0.000000 0.000000 0.000000 0.000000
