FireSTARR/test/constant/O1a_S060_A270_WD315_WS020/arrival.asc
ncols         120
nrows         736
xllcorner     425303.990666
yllcorner     12748755.311160
cellsize      100.000000
NODATA_value  0.000000
[rows 297 to 323 of 736, columns 60 to 119 of 120]
123.382824 123.374128 123.366304 123.357363 123.348981 123.339760 123.330785 123.321843 123.314020 123.304240 123.296417 123.287721 123.278500 123.269838 123.261456 123.252515 123.248010 123.252515 123.261177 123.269280 123.277941 123.287162 123.296137 123.304520 123.313182 123.322123 123.330785 123.339760 123.348142 123.357084 123.365466 123.374128 123.383662 123.391485 123.400706 123.409088 0.000000 0.000000 0.000000 0.000000 0.000000 0.000000 0.000000 0.000000 0.000000 0.000000 0.000000 0.000000 0.000000 0.000000 0.000000 0.000000 0.000000 0.000000 0.000000 0.000000 0.000000 0.000000 0.000000 0.000000
123.380868 123.372451 123.364628 123.355686 123.347025 123.337804 123.328549 123.320446 123.312064 123.302284 123.294461 123.286044 123.277103 123.267882 123.259221 123.250838 123.247451 123.253074 123.261735 123.270118 123.279059 123.287721 123.296417 123.305079 123.314020 123.322961 123.331343 123.340039 123.348701 123.357922 123.366025 123.374966 123.384500 123.392603 123.401265 123.410206 0.000000 0.000000 0.000000 0.000000 0.000000 0.000000 0.000000 0.000000 0.000000 0.000000 0.000000 0.000000 0.000000 0.000000 0.000000 0.000000 0.000000 0.000000 0.000000 0.000000 0.000000 0.000000 0.000000 0.000000
123.379191 123.370216 123.362672 123.353451 123.345348 123.336127 123.326873 123.318211 123.310108 123.300608 123.293064 123.284088 123.274868 123.266485 123.257544 123.248848 123.246892 123.253912 123.262294 123.270677 123.279897 123.288839 123.297255 123.306196 123.314579 123.323520 123.331902 123.340878 123.349260 123.358760 123.367142 123.375279 123.385059 123.393162 123.401824 123.410486 0.000000 0.000000 0.000000 0.000000 0.000000 0.000000 0.000000 0.000000 0.000000 0.000000 0.000000 0.000000 0.000000 0.000000 0.000000 0.000000 0.000000 0.000000 0.000000 0.000000 0.000000 0.000000 0.000000 0.000000
123.377515 123.368539 123.360995 123.351775 123.343113 123.334451 123.325196 123.316255 123.308152 123.298931 123.291074 123.282412 123.273191 123.264250 123.255588 123.247172 123.246334 123.254191 123.262853 123.271515 123.280456 123.289397 123.297814 123.306476 123.315137 123.324079 123.332740 123.341157 123.350098 123.359319 123.367701 123.377235 123.385338 123.394000 123.402383 123.411603 0.000000 0.000000 0.000000 0.000000 0.000000 0.000000 0.000000 0.000000 0.000000 0.000000 0.000000 0.000000 0.000000 0.000000 0.000000 0.000000 0.000000 0.000000 0.000000 0.000000 0.000000 0.000000 0.000000 0.000000
123.375559 123.367142 123.359319 123.350378 123.341436 123.332461 123.323240 123.314858 123.306196 123.296976 123.289118 123.280456 123.271235 123.262574 123.253632 123.245775 123.246054 123.254750 123.263412 123.272074 123.281294 123.289677 123.298931 123.307314 123.316255 123.324917 123.333613 123.342275 123.351216 123.359878 123.368260 123.377794 123.386177 123.394838 123.403221 123.411883 0.000000 0.000000 0.000000 0.000000 0.000000 0.000000 0.000000 0.000000 0.000000 0.000000 0.000000 0.000000 0.000000 0.000000 0.000000 0.000000 0.000000 0.000000 0.000000 0.000000 0.000000 0.000000 0.000000 0.000000
123.373848 123.364907 123.357363 123.348142 123.340039 123.330505 123.321564 123.312902 123.304520 123.295299 123.287162 123.278500 123.269559 123.260618 123.252235 123.245216 123.247172 123.255309 123.263971 123.272633 123.281853 123.290794 123.299211 123.307873 123.316814 123.325476 123.334172 123.342833 123.351775 123.360157 123.369098 123.377794 123.386735 123.395397 123.404059 123.413280 0.000000 0.000000 0.000000 0.000000 0.000000 0.000000 0.000000 0.000000 0.000000 0.000000 0.000000 0.000000 0.000000 0.000000 0.000000 0.000000 0.000000 0.000000 0.000000 0.000000 0.000000 0.000000 0.000000 0.000000
123.372172 123.363231 123.355686 123.346466 123.337804 123.328549 123.319608 123.310946 123.302564 123.293623 123.285206 123.277103 123.267882 123.258662 123.250279 123.244657 123.247731 123.256427 123.265088 123.273750 123.282412 123.291633 123.299490 123.308431 123.317652 123.326035 123.335010 123.343392 123.352613 123.360995 123.369098 123.379191 123.387015 123.395956 123.404897 123.414118 0.000000 0.000000 0.000000 0.000000 0.000000 0.000000 0.000000 0.000000 0.000000 0.000000 0.000000 0.000000 0.000000 0.000000 0.000000 0.000000 0.000000 0.000000 0.000000 0.000000 0.000000 0.000000 0.000000 0.000000
123.370216 123.361275 123.353731 123.344789 123.336127 123.326873 123.317652 123.308990 123.300608 123.291633 123.283530 123.275147 123.265927 123.257265 123.248569 123.244098 123.248289 123.256985 123.265647 123.274588 123.282971 123.292225 123.300887 123.309270 123.318211 123.326593 123.335289 123.343951 123.353451 123.361554 123.371054 123.379750 123.388132 123.396515 123.405177 123.414397 0.000000 0.000000 0.000000 0.000000 0.000000 0.000000 0.000000 0.000000 0.000000 0.000000 0.000000 0.000000 0.000000 0.000000 0.000000 0.000000 0.000000 0.000000 0.000000 0.000000 0.000000 0.000000 0.000000 0.000000
123.368539 123.359319 123.351775 123.342554 123.334451 123.324637 123.316255 123.307314 123.299211 123.289956 123.281574 123.273191 123.263971 123.255309 123.246892 123.243539 123.249128 123.257824 123.266206 123.275147 123.284088 123.292505 123.301446 123.309829 123.318770 123.327432 123.336407 123.344789 123.354010 123.362672 123.371054 123.380029 123.388691 123.397353 123.406294 123.415236 0.000000 0.000000 0.000000 0.000000 0.000000 0.000000 0.000000 0.000000 0.000000 0.000000 0.000000 0.000000 0.000000 0.000000 0.000000 0.000000 0.000000 0.000000 0.000000 0.000000 0.000000 0.000000 0.000000 0.000000
123.366584 123.357922 123.350378 123.341436 123.332461 123.322961 123.314299 123.305637 123.297255 123.288280 123.279618 123.271235 123.262015 123.253632 123.244937 123.242981 123.249687 123.258382 123.266765 123.275985 123.284927 123.293623 123.302005 123.310946 123.319608 123.328270 123.337525 123.345907 123.354569 123.363231 123.372172 123.380868 123.389809 123.398191 123.406574 123.415794 0.000000 0.000000 0.000000 0.000000 0.000000 0.000000 0.000000 0.000000 0.000000 0.000000 0.000000 0.000000 0.000000 0.000000 0.000000 0.000000 0.000000 0.000000 0.000000 0.000000 0.000000 0.000000 0.000000 0.000000
123.364628 123.355966 123.348142 123.339201 123.330785 123.321285 123.312623 123.303681 123.295578 123.286044 123.278221 123.269559 123.260059 123.251676 123.243260 123.242422 123.250838 123.259221 123.267324 123.276544 123.285486 123.294461 123.302564 123.311505 123.320167 123.328829 123.337525 123.346466 123.354848 123.363789 123.373010 123.381706 123.390088 123.399030 123.407971 123.416353 0.000000 0.000000 0.000000 0.000000 0.000000 0.000000 0.000000 0.000000 0.000000 0.000000 0.000000 0.000000 0.000000 0.000000 0.000000 0.000000 0.000000 0.000000 0.000000 0.000000 0.000000 0.000000 0.000000 0.000000
123.363231 123.354289 123.346466 123.337525 123.328829 123.319329 123.310387 123.302005 123.293343 123.284927 123.276265 123.267882 123.258103 123.249687 123.241863 123.242142 123.251397 123.259779 123.268441 123.277103 123.286044 123.294740 123.303123 123.312343 123.320726 123.329946 123.338083 123.347304 123.355407 123.364348 123.373848 123.381985 123.390647 123.399588 123.408809 0.000000 0.000000 0.000000 0.000000 0.000000 0.000000 0.000000 0.000000 0.000000 0.000000 0.000000 0.000000 0.000000 0.000000 0.000000 0.000000 0.000000 0.000000 0.000000 0.000000 0.000000 0.000000 0.000000 0.000000 0.000000
123.361275 123.352054 123.344510 123.336127 123.326873 123.317652 123.308711 123.300328 123.291633 123.282691 123.274588 123.265927 123.256427 123.248289 123.241304 123.242981 123.251397 123.260338 123.269280 123.278780 123.286883 123.295020 123.303681 123.312902 123.321285 123.330505 123.338642 123.348142 123.356804 123.365745 123.374687 123.382824 123.391206 123.399868 123.409368 0.000000 0.000000 0.000000 0.000000 0.000000 0.000000 0.000000 0.000000 0.000000 0.000000 0.000000 0.000000 0.000000 0.000000 0.000000 0.000000 0.000000 0.000000 0.000000 0.000000 0.000000 0.000000 0.000000 0.000000 0.000000
123.359319 123.350378 123.342833 123.333892 123.325476 123.315696 123.307034 123.298373 123.289956 123.281015 123.272633 123.264250 123.254750 123.246054 123.240745 123.243819 123.252515 123.260897 123.269838 123.278780 123.287441 123.295858 123.304520 123.313461 123.322123 123.331064 123.340039 123.348701 123.357363 123.366304 123.375279 123.383103 123.392044 123.400985 123.409927 0.000000 0.000000 0.000000 0.000000 0.000000 0.000000 0.000000 0.000000 0.000000 0.000000 0.000000 0.000000 0.000000 0.000000 0.000000 0.000000 0.000000 0.000000 0.000000 0.000000 0.000000 0.000000 0.000000 0.000000 0.000000
123.357363 123.348981 123.340878 123.332182 123.323240 123.313740 123.304799 123.296696 123.288000 123.279338 123.270956 123.262294 123.252794 123.244378 123.240186 123.244098 123.252794 123.261456 123.270677 123.279059 123.288000 123.296417 123.305637 123.314299 123.322961 123.331343 123.340598 123.348981 123.357642 123.366863 123.375559 123.384221 123.392882 123.401544 123.410765 0.000000 0.000000 0.000000 0.000000 0.000000 0.000000 0.000000 0.000000 0.000000 0.000000 0.000000 0.000000 0.000000 0.000000 0.000000 0.000000 0.000000 0.000000 0.000000 0.000000 0.000000 0.000000 0.000000 0.000000 0.000000
123.355686 123.346745 123.338922 123.330785 123.321564 123.312343 123.303402 123.294740 123.286324 123.277383 123.269559 123.260338 123.251397 123.242422 123.239628 123.245216 123.253632 123.262015 123.271235 123.280177 123.288839 123.297255 123.306196 123.314858 123.323520 123.332461 123.341157 123.349819 123.358481 123.367142 123.376118 123.384500 123.393721 123.402941 123.411044 0.000000 0.000000 0.000000 0.000000 0.000000 0.000000 0.000000 0.000000 0.000000 0.000000 0.000000 0.000000 0.000000 0.000000 0.000000 0.000000 0.000000 0.000000 0.000000 0.000000 0.000000 0.000000 0.000000 0.000000 0.000000
123.354010 123.345348 123.337245 123.328829 123.319608 123.310387 123.301446 123.293064 123.284368 123.275706 123.268162 123.258941 123.249407 123.240745 123.239069 123.245775 123.254471 123.263412 123.271794 123.281294 123.289397 123.297814 123.307034 123.315417 123.324637 123.333020 123.341716 123.350378 123.359039 123.368539 123.376676 123.385338 123.394280 123.403500 123.411603 0.000000 0.000000 0.000000 0.000000 0.000000 0.000000 0.000000 0.000000 0.000000 0.000000 0.000000 0.000000 0.000000 0.000000 0.000000 0.000000 0.000000 0.000000 0.000000 0.000000 0.000000 0.000000 0.000000 0.000000 0.000000
123.352054 123.343392 123.335289 123.326873 123.317932 123.308711 123.299490 123.291353 123.282412 123.273750 123.266206 123.256706 123.247451 123.239069 123.238510 123.246613 123.255029 123.263971 123.272912 123.281574 123.289677 123.298652 123.307593 123.315976 123.325196 123.333613 123.342554 123.351775 123.360716 123.369098 123.377515 123.385897 123.394559 123.404338 123.412441 0.000000 0.000000 0.000000 0.000000 0.000000 0.000000 0.000000 0.000000 0.000000 0.000000 0.000000 0.000000 0.000000 0.000000 0.000000 0.000000 0.000000 0.000000 0.000000 0.000000 0.000000 0.000000 0.000000 0.000000 0.000000
123.350378 123.341436 123.333613 123.324917 123.316255 123.306476 123.298093 123.289397 123.281015 123.271794 123.264530 123.255029 123.245775 123.237951 123.238231 123.247172 123.255588 123.265088 123.274030 123.282412 123.290794 123.299211 123.308152 123.316814 123.325755 123.333892 123.343392 123.352054 123.360995 123.369657 123.378074 123.387015 123.395677 123.404897 123.413000 0.000000 0.000000 0.000000 0.000000 0.000000 0.000000 0.000000 0.000000 0.000000 0.000000 0.000000 0.000000 0.000000 0.000000 0.000000 0.000000 0.000000 0.000000 0.000000 0.000000 0.000000 0.000000 0.000000 0.000000 0.000000
123.348422 123.340878 123.331623 123.323240 123.314299 123.304799 123.296137 123.287721 123.279059 123.270677 123.262294 123.253074 123.244098 123.237113 123.238789 123.247451 123.256427 123.265368 123.274588 123.282691 123.291074 123.300049 123.308711 123.317652 123.326593 123.335569 123.343672 123.352613 123.361554 123.370495 123.379191 123.387574 123.396235 123.405177 123.413559 0.000000 0.000000 0.000000 0.000000 0.000000 0.000000 0.000000 0.000000 0.000000 0.000000 0.000000 0.000000 0.000000 0.000000 0.000000 0.000000 0.000000 0.000000 0.000000 0.000000 0.000000 0.000000 0.000000 0.000000 0.000000
123.346466 123.339201 123.329667 123.321564 123.312623 123.303123 123.294461 123.285486 123.277383 123.268441 123.260618 123.251397 123.242142 123.236554 123.239907 123.249128 123.256706 123.265927 123.274868 123.283809 123.291946 123.300887 123.309549 123.318211 123.327152 123.335848 123.344510 123.353172 123.362672 123.370775 123.379191 123.388412 123.396794 123.406015 123.414397 0.000000 0.000000 0.000000 0.000000 0.000000 0.000000 0.000000 0.000000 0.000000 0.000000 0.000000 0.000000 0.000000 0.000000 0.000000 0.000000 0.000000 0.000000 0.000000 0.000000 0.000000 0.000000 0.000000 0.000000 0.000000
123.345069 123.337525 123.328270 123.319608 123.310667 123.301167 123.292505 123.283809 123.275706 123.266765 123.258941 123.249966 123.240466 123.235995 123.240745 123.249407 123.257824 123.266485 123.275985 123.284088 123.292784 123.301726 123.310108 123.319049 123.327711 123.336407 123.345069 123.353731 123.362951 123.371334 123.380029 123.388971 123.398191 123.406294 123.414956 0.000000 0.000000 0.000000 0.000000 0.000000 0.000000 0.000000 0.000000 0.000000 0.000000 0.000000 0.000000 0.000000 0.000000 0.000000 0.000000 0.000000 0.000000 0.000000 0.000000 0.000000 0.000000 0.000000 0.000000 0.000000
123.343113 123.335848 123.326314 123.317932 123.308711 123.299490 123.290515 123.282133 123.273471 123.265088 123.256706 123.247731 123.238510 123.235436 123.241304 123.249966 123.258662 123.268441 123.276265 123.284647 123.293343 123.302284 123.310667 123.319887 123.327990 123.337245 123.346466 123.354010 123.364069 123.372172 123.380588 123.389530 123.399030 123.407412 123.415515 0.000000 0.000000 0.000000 0.000000 0.000000 0.000000 0.000000 0.000000 0.000000 0.000000 0.000000 0.000000 0.000000 0.000000 0.000000 0.000000 0.000000 0.000000 0.000000 0.000000 0.000000 0.000000 0.000000 0.000000 0.000000
123.341157 123.333613 123.324358 123.315976 123.307034 123.297534 123.288559 123.280177 123.271794 123.263132 123.255029 123.246054 123.236834 123.234878 123.241863 123.250559 123.259500 123.268721 123.277103 123.285486 123.293902 123.302843 123.311784 123.320446 123.328829 123.338083 123.347025 123.355686 123.364348 123.372731 123.381706 123.390088 123.399309 123.407691 0.000000 0.000000 0.000000 0.000000 0.000000 0.000000 0.000000 0.000000 0.000000 0.000000 0.000000 0.000000 0.000000 0.000000 0.000000 0.000000 0.000000 0.000000 0.000000 0.000000 0.000000 0.000000 0.000000 0.000000 0.000000 0.000000
123.339201 123.332182 123.322961 123.314020 123.305079 123.295578 123.286603 123.278500 123.269838 123.261177 123.253074 123.244378 123.234878 123.234319 123.242981 123.251118 123.260059 123.269559 123.277662 123.286044 123.295020 123.303402 123.312343 123.321005 123.329388 123.338642 123.347304 123.356245 123.365186 123.373569 123.381985 123.390927 123.400147 123.408250 0.000000 0.000000 0.000000 0.000000 0.000000 0.000000 0.000000 0.000000 0.000000 0.000000 0.000000 0.000000 0.000000 0.000000 0.000000 0.000000 0.000000 0.000000 0.000000 0.000000 0.000000 0.000000 0.000000 0.000000 0.000000 0.000000
123.337525 123.329946 123.320726 123.312623 123.303402 123.294181 123.284927 123.276824 123.267882 123.259221 123.251397 123.242142 123.233760 123.234319 123.243260 123.251956 123.260618 123.270118 123.278221 123.286603 123.295299 123.304240 123.312902 123.321843 123.330785 123.339201 123.347863 123.357363 123.365745 123.374128 123.382824 123.391485 123.400706 123.409368 0.000000 0.000000 0.000000 0.000000 0.000000 0.000000 0.000000 0.000000 0.000000 0.000000 0.000000 0.000000 0.000000 0.000000 0.000000 0.000000 0.000000 0.000000 0.000000 0.000000 0.000000 0.000000 0.000000 0.000000 0.000000 0.000000
123.335848 123.328270 123.319049 123.310387 123.301446 123.292225 123.283250 123.274588 123.265927 123.257265 123.249687 123.240466 123.233201 123.235436 123.244378 123.253074 123.261456 123.270677 123.278780 123.287162 123.296137 123.304799 123.314020 123.322402 123.331343 123.340039 123.348422 123.357642 123.366025 123.374407 123.383382 123.392603 123.400985 123.409647 0.000000 0.000000 0.000000 0.000000 0.000000 0.000000 0.000000 0.000000 0.000000 0.000000 0.000000 0.000000 0.000000 0.000000 0.000000 0.000000 0.000000 0.000000 0.000000 0.000000 0.000000 0.000000 0.000000 0.000000 0.000000 0.000000
