FireSTARR/test/constant/O1a_S060_A270_WD315_WS020/arrival.asc
ncols         120
nrows         736
xllcorner     425303.990666
yllcorner     12748755.311160
cellsize      100.000000
NODATA_value  0.000000
[rows 513 to 539 of 736, columns 0 to 59 of 120]
0.000000 0.000000 0.000000 0.000000 0.000000 0.000000 0.000000 0.000000 0.000000 0.000000 0.000000 0.000000 0.000000 123.398750 123.390088 123.380868 123.373010 123.365745 123.357084 123.347863 123.338642 123.328549 123.319608 123.311784 123.303123 123.294740 123.285486 123.277103 123.267882 123.259779 123.250559 123.241025 123.233201 123.225657 123.216716 123.207461 123.200196 123.189579 123.181196 123.172814 123.164397 123.155736 123.147353 123.138132 123.129191 123.125559 123.130588 123.139250 123.148191 123.156574 123.165236 123.174490 123.182593 123.191255 123.200755 123.208892 123.218392 123.226775 123.235995 123.258103
0.000000 0.000000 0.000000 0.000000 0.000000 0.000000 0.000000 0.000000 0.000000 0.000000 0.000000 0.000000 0.000000 123.396794 123.388691 123.378632 123.370775 123.363510 123.355407 123.346186 123.336966 123.326593 123.318211 123.309549 123.301446 123.292784 123.283809 123.275147 123.265927 123.258382 123.248848 123.239628 123.230966 123.224260 123.214480 123.205505 123.198520 123.187902 123.179520 123.171137 123.162162 123.154059 123.145118 123.136735 123.127794 123.124966 123.130868 123.140088 123.149030 123.157412 123.166074 123.174770 123.183711 123.192373 123.201593 123.210010 123.218392 123.227333 123.241025 123.262853
0.000000 0.000000 0.000000 0.000000 0.000000 0.000000 0.000000 0.000000 0.000000 0.000000 0.000000 0.000000 123.416353 123.395118 123.386456 123.377235 123.369098 123.361834 123.353731 123.344230 123.335289 123.324917 123.316255 123.307873 123.299770 123.291074 123.281574 123.273191 123.263971 123.256147 123.247172 123.237392 123.229289 123.222304 123.212804 123.203549 123.196564 123.186226 123.177564 123.169181 123.160486 123.152383 123.143441 123.134779 123.125559 123.124407 123.131985 123.140647 123.149588 123.157971 123.166633 123.175608 123.183990 123.193490 123.201873 123.210848 123.219230 123.229010 123.244657 123.275985
0.000000 0.000000 0.000000 0.000000 0.000000 0.000000 0.000000 0.000000 0.000000 0.000000 0.000000 0.000000 123.414397 123.393162 123.385059 123.375279 123.367422 123.360157 123.351775 123.342275 123.333299 123.322682 123.314579 123.306196 123.297814 123.288839 123.280456 123.271515 123.262294 123.254471 123.245216 123.235716 123.227333 123.220628 123.211407 123.202152 123.194608 123.184270 123.176167 123.167225 123.158809 123.150427 123.141765 123.133103 123.123848 123.124128 123.132544 123.141485 123.150427 123.158809 123.166946 123.175887 123.184549 123.194049 123.202711 123.211686 123.220069 123.229569 123.249407 123.283530
0.000000 0.000000 0.000000 0.000000 0.000000 0.000000 0.000000 0.000000 0.000000 0.000000 0.000000 0.000000 123.412721 123.391206 123.383103 123.373289 123.365466 123.358201 123.349819 123.340878 123.331343 123.321005 123.312343 123.304240 123.295858 123.287162 123.278221 123.269838 123.260338 123.252515 123.243260 123.234039 123.225378 123.218672 123.209172 123.199917 123.193211 123.182593 123.174211 123.165515 123.156853 123.149030 123.139809 123.130868 123.123289 123.124128 123.133382 123.142324 123.150706 123.159368 123.167784 123.176726 123.185667 123.194887 123.203270 123.211686 123.220628 123.230128 123.249966 123.300608
0.000000 0.000000 0.000000 0.000000 0.000000 0.000000 0.000000 0.000000 0.000000 0.000000 0.000000 0.000000 123.411044 123.389809 123.381147 123.371892 123.364069 123.356245 123.347863 123.338922 123.329388 123.319329 123.310667 123.302284 123.293902 123.285765 123.276544 123.267882 123.258382 123.250838 123.241304 123.231804 123.223701 123.216716 123.207461 123.198240 123.191255 123.180637 123.171976 123.163559 123.155456 123.147074 123.137853 123.129191 123.122731 123.124966 123.133941 123.142882 123.151265 123.159927 123.168902 123.177564 123.186226 123.195446 123.203549 123.212804 123.221466 123.230686 123.250838 123.312623
0.000000 0.000000 0.000000 0.000000 0.000000 0.000000 0.000000 0.000000 0.000000 0.000000 0.000000 0.000000 123.409088 123.387853 123.379750 123.369657 123.361834 123.354289 123.346186 123.337245 123.327711 123.317373 123.308990 123.300328 123.291946 123.283530 123.274868 123.266206 123.256985 123.249128 123.239348 123.230686 123.222025 123.215319 123.206064 123.196564 123.189299 123.178681 123.170858 123.161603 123.153500 123.144838 123.135897 123.127515 123.122172 123.126397 123.134779 123.143721 123.152103 123.160486 123.169740 123.178402 123.187064 123.196285 123.204667 123.213642 123.222304 123.238789 123.251676 123.313740
0.000000 0.000000 0.000000 0.000000 0.000000 0.000000 0.000000 0.000000 0.000000 0.000000 0.000000 0.000000 123.407412 123.386177 123.377794 123.367701 123.359878 123.352333 123.344230 123.335289 123.325755 123.315696 123.307034 123.298373 123.290236 123.281853 123.272912 123.264250 123.254750 123.247172 123.237392 123.228731 123.221466 123.213363 123.203829 123.194608 123.187343 123.177284 123.168623 123.160206 123.151265 123.143721 123.134221 123.125279 123.121613 123.126676 123.135618 123.144000 123.152662 123.161324 123.170299 123.178961 123.187902 123.196564 123.205226 123.214201 123.223422 123.239348 123.280736 123.316534
0.000000 0.000000 0.000000 0.000000 0.000000 0.000000 0.000000 0.000000 0.000000 0.000000 0.000000 0.000000 123.405456 123.383941 123.376118 123.366304 123.358481 123.350378 123.342275 123.333299 123.323799 123.313740 123.305079 123.296417 123.288280 123.279897 123.270956 123.262294 123.253353 123.245495 123.235716 123.226775 123.219789 123.211686 123.202152 123.192932 123.185667 123.175328 123.166946 123.158250 123.150147 123.141485 123.132544 123.123569 123.121054 123.126956 123.136177 123.144838 123.153500 123.161883 123.171137 123.179240 123.188182 123.197402 123.206064 123.214760 123.224260 123.239907 123.289956 123.321005
0.000000 0.000000 0.000000 0.000000 0.000000 0.000000 0.000000 0.000000 0.000000 0.000000 0.000000 0.000000 123.403500 123.382265 123.374128 123.364069 123.356525 123.348701 123.340878 123.331902 123.322402 123.311784 123.303123 123.294740 123.286883 123.277941 123.269000 123.260897 123.251397 123.243819 123.233760 123.225378 123.217833 123.209730 123.200196 123.190976 123.183990 123.173652 123.165236 123.156574 123.147912 123.139809 123.130309 123.121613 123.120495 123.128074 123.137294 123.145677 123.154338 123.162721 123.171417 123.180358 123.189299 123.197961 123.206623 123.215319 123.224819 123.244657 123.290515 123.326314
0.000000 0.000000 0.000000 0.000000 0.000000 0.000000 0.000000 0.000000 0.000000 0.000000 0.000000 0.000000 123.402103 123.380588 123.372172 123.362392 123.354848 123.346745 123.338922 123.329667 123.320446 123.310387 123.301446 123.293064 123.284647 123.276544 123.267324 123.258662 123.249407 123.241863 123.231804 123.223142 123.215878 123.207740 123.198520 123.189299 123.182034 123.171417 123.163280 123.154338 123.146235 123.138132 123.129191 123.120216 123.119937 123.128632 123.137853 123.146235 123.154897 123.163559 123.172255 123.180917 123.190137 123.198240 123.207182 123.216157 123.226775 123.245495 123.303402 123.337525
0.000000 0.000000 0.000000 0.000000 0.000000 0.000000 0.000000 0.000000 0.000000 0.000000 0.000000 0.000000 123.400147 123.378632 123.370495 123.360436 123.352613 123.344789 123.337245 123.327711 123.318490 123.308431 123.299490 123.291074 123.282971 123.274588 123.265368 123.256985 123.248010 123.240186 123.230407 123.221745 123.213922 123.205785 123.196843 123.187623 123.180079 123.169740 123.161603 123.152662 123.144559 123.136177 123.126956 123.119378 123.120216 123.129191 123.138132 123.147074 123.155456 123.164397 123.173093 123.181755 123.190976 123.199917 123.208299 123.217275 123.233481 123.251397 123.306755 123.349539
0.000000 0.000000 0.000000 0.000000 0.000000 0.000000 0.000000 0.000000 0.000000 0.000000 0.000000 0.000000 123.398471 123.376956 123.368819 123.358760 123.350936 123.343392 123.335569 123.326314 123.316534 123.306755 123.297534 123.289397 123.281015 123.272912 123.263412 123.255029 123.246054 123.238231 123.228451 123.219789 123.211966 123.203829 123.194887 123.185667 123.178123 123.168064 123.159647 123.150985 123.142603 123.134221 123.125279 123.118819 123.121613 123.130588 123.138691 123.147353 123.156015 123.164677 123.173652 123.182593 123.191534 123.200196 123.208892 123.218672 123.234039 123.260338 123.311226 123.356245
0.000000 0.000000 0.000000 0.000000 0.000000 0.000000 0.000000 0.000000 0.000000 0.000000 0.000000 0.000000 123.396794 123.375279 123.366584 123.357084 123.349260 123.341436 123.333333 123.324358 123.314858 123.305079 123.296137 123.287441 123.279059 123.270677 123.262294 123.253353 123.244098 123.236275 123.226775 123.217554 123.210289 123.202152 123.192932 123.183990 123.176167 123.166074 123.157971 123.149030 123.140647 123.132265 123.123569 123.118260 123.121892 123.131427 123.139250 123.148191 123.156574 123.165515 123.173931 123.182873 123.192093 123.201035 123.209451 123.218951 123.239069 123.267603 123.311784 123.367142
0.000000 0.000000 0.000000 0.000000 0.000000 0.000000 0.000000 0.000000 0.000000 0.000000 0.000000 0.000000 123.394838 123.373289 123.365186 123.355128 123.347304 123.339480 123.331902 123.322402 123.313182 123.303123 123.294181 123.285486 123.277662 123.269000 123.260059 123.251676 123.242422 123.234878 123.225098 123.216436 123.208613 123.200196 123.190976 123.182034 123.174211 123.164397 123.156294 123.147633 123.138691 123.130309 123.121613 123.117701 123.122731 123.131985 123.140368 123.149030 123.157412 123.166074 123.175049 123.184270 123.192652 123.201314 123.210010 123.219510 123.239348 123.286324 123.328270 123.373569
0.000000 0.000000 0.000000 0.000000 0.000000 0.000000 0.000000 0.000000 0.000000 0.000000 0.000000 123.415236 123.393162 123.371613 123.363231 123.353731 123.345628 123.337525 123.329667 123.320446 123.311226 123.301167 123.292505 123.284088 123.275706 123.267324 123.258382 123.249687 123.240466 123.232922 123.222863 123.214480 123.206623 123.198240 123.189020 123.180079 123.172534 123.162721 123.154897 123.145677 123.137015 123.128353 123.119657 123.117142 123.123289 123.132544 123.140927 123.149309 123.158530 123.166633 123.175328 123.184829 123.193211 123.201873 123.210569 123.224260 123.240186 123.295858 123.339480 123.381985
0.000000 0.000000 0.000000 0.000000 0.000000 0.000000 0.000000 0.000000 0.000000 0.000000 0.000000 123.413559 123.391206 123.369657 123.361554 123.351495 123.343672 123.335848 123.327990 123.318770 123.309270 123.299211 123.290515 123.282133 123.274030 123.265368 123.256706 123.248010 123.238510 123.231245 123.221466 123.212525 123.204946 123.196843 123.187064 123.178402 123.170578 123.160765 123.152941 123.143441 123.135059 123.126956 123.117701 123.116584 123.123848 123.132824 123.142044 123.150147 123.158809 123.167784 123.176446 123.185667 123.194608 123.202711 123.211966 123.228172 123.246613 123.296137 123.347304 123.388132
0.000000 0.000000 0.000000 0.000000 0.000000 0.000000 0.000000 0.000000 0.000000 0.000000 0.000000 123.411603 123.389250 123.367701 123.359319 123.349539 123.341716 123.334172 123.326593 123.317093 123.307314 123.297255 123.288559 123.280177 123.272074 123.263412 123.254750 123.246334 123.236554 123.229569 123.219510 123.211127 123.202990 123.194887 123.185387 123.176446 123.168623 123.159088 123.151265 123.142044 123.133103 123.124966 123.116304 123.116025 123.124407 123.133382 123.142324 123.150706 123.159368 123.168343 123.177005 123.186505 123.194887 123.203829 123.212525 123.228731 123.259779 123.302005 123.352054 123.397353
0.000000 0.000000 0.000000 0.000000 0.000000 0.000000 0.000000 0.000000 0.000000 0.000000 0.000000 123.409927 123.387853 123.366304 123.357642 123.348142 123.340319 123.332182 123.324358 123.315137 123.305358 123.295299 123.286883 123.278221 123.270118 123.261456 123.252794 123.244378 123.234878 123.227333 123.217554 123.208892 123.201035 123.193211 123.183431 123.174770 123.166946 123.157133 123.149309 123.140088 123.131706 123.123010 123.115466 123.116304 123.125838 123.133941 123.142882 123.151265 123.160206 123.168902 123.177843 123.187064 123.195726 123.204388 123.213363 123.233481 123.270677 123.318490 123.364907 123.407133
0.000000 0.000000 0.000000 0.000000 0.000000 0.000000 0.000000 0.000000 0.000000 0.000000 0.000000 123.407971 123.385618 123.364348 123.355966 123.345907 123.338363 123.330505 123.322682 123.313740 123.303402 123.293343 123.285206 123.276544 123.268441 123.259500 123.250838 123.242701 123.233201 123.225657 123.216157 123.207182 123.199637 123.190976 123.181476 123.172814 123.164956 123.155177 123.147353 123.138412 123.129750 123.121334 123.114907 123.117422 123.126676 123.135059 123.144000 123.152103 123.161044 123.169740 123.178402 123.187343 123.196285 123.204946 123.214201 123.234319 123.277103 123.321005 123.372172 123.413559
0.000000 0.000000 0.000000 0.000000 0.000000 0.000000 0.000000 0.000000 0.000000 0.000000 0.000000 123.406015 123.383941 123.362392 123.354010 123.344230 123.336407 123.328270 123.320726 123.311505 123.301726 123.291633 123.282971 123.274868 123.266485 123.257544 123.249128 123.241025 123.231245 123.223701 123.214201 123.205785 123.197682 123.189299 123.180079 123.171137 123.163280 123.153780 123.145956 123.136177 123.128074 123.119378 123.114348 123.118260 123.126956 123.135338 123.144559 123.153221 123.161603 123.170299 123.179240 123.187902 123.196564 123.205226 123.220628 123.234878 123.285206 123.321564 123.376956 0.000000
0.000000 0.000000 0.000000 0.000000 0.000000 0.000000 0.000000 0.000000 0.000000 0.000000 0.000000 123.404338 123.381985 123.360436 123.352054 123.342275 123.334451 123.326593 123.318770 123.309549 123.299770 123.289397 123.281574 123.272912 123.264809 123.255588 123.247451 123.238789 123.229848 123.221745 123.212245 123.203829 123.196005 123.187623 123.177843 123.169181 123.161603 123.151824 123.143721 123.134500 123.126397 123.117422 123.113789 123.118819 123.127515 123.136735 123.144838 123.153500 123.162441 123.170578 123.180358 123.188461 123.197682 123.206623 123.222583 123.241584 123.290515 123.338922 123.385618 0.000000
0.000000 0.000000 0.000000 0.000000 0.000000 0.000000 0.000000 0.000000 0.000000 0.000000 0.000000 123.402383 123.380309 123.358481 123.350098 123.340598 123.332740 123.324917 123.317373 123.308152 123.297814 123.288000 123.279618 123.271235 123.262853 123.253632 123.245216 123.237672 123.227613 123.219789 123.210289 123.202152 123.194049 123.185387 123.176167 123.167225 123.159647 123.149868 123.142044 123.132824 123.124407 123.116025 123.113231 123.119098 123.128353 123.137574 123.145397 123.154059 123.163000 123.171696 123.181196 123.189579 123.198240 123.207182 123.223422 123.258941 123.297255 123.345069 123.392603 0.000000
0.000000 0.000000 0.000000 0.000000 0.000000 0.000000 0.000000 0.000000 0.000000 0.000000 0.000000 123.400706 123.378632 123.356525 123.348422 123.338922 123.331064 123.322961 123.315417 123.306196 123.296137 123.286044 123.277941 123.269280 123.260897 123.251956 123.244098 123.235436 123.225657 123.218113 123.208613 123.200196 123.192093 123.183990 123.174211 123.165515 123.157971 123.147912 123.140088 123.130868 123.122731 123.114069 123.112672 123.120495 123.128912 123.138132 123.145956 123.154897 123.163559 123.172814 123.181476 123.190417 123.199079 123.208299 123.228451 123.264809 123.307593 123.353172 123.399030 0.000000
0.000000 0.000000 0.000000 0.000000 0.000000 0.000000 0.000000 0.000000 0.000000 0.000000 0.000000 123.398750 123.376676 123.354569 123.346466 123.336966 123.329108 123.321285 123.313461 123.304240 123.294181 123.284368 123.275706 123.267324 123.259221 123.250279 123.241863 123.233760 123.224260 123.216157 123.206902 123.198240 123.190417 123.182034 123.172255 123.163559 123.156015 123.146235 123.138412 123.129191 123.120775 123.112113 123.112113 123.121334 123.129750 123.138412 123.146794 123.155736 123.164397 123.173373 123.182034 123.190976 123.199637 123.208613 123.229010 123.272912 123.313461 123.363510 123.410486 0.000000
0.000000 0.000000 0.000000 0.000000 0.000000 0.000000 0.000000 0.000000 0.000000 0.000000 0.000000 123.397074 123.374966 123.352613 123.344510 123.335289 123.327152 123.319329 123.311505 123.302284 123.292505 123.282133 123.274030 123.265927 123.257265 123.248289 123.240186 123.232084 123.222025 123.214201 123.204946 123.196843 123.188461 123.180079 123.170858 123.161883 123.154059 123.144559 123.136735 123.127515 123.118819 123.111554 123.112951 123.121892 123.130029 123.138971 123.147912 123.156294 123.164956 123.173931 123.182593 123.191534 123.200196 123.214760 123.229569 123.280177 123.322961 123.371054 123.416074 0.000000
0.000000 0.000000 0.000000 0.000000 0.000000 0.000000 0.000000 0.000000 0.000000 0.000000 0.000000 123.395397 123.373010 123.350936 123.343113 123.333613 123.325196 123.317373 123.309549 123.300608 123.290515 123.280456 123.272353 123.263971 123.255588 123.246613 123.238510 123.230128 123.220348 123.212804 123.203270 123.194887 123.186505 123.178681 123.168902 123.160206 123.152662 123.142603 123.134779 123.125559 123.117422 123.110995 123.113510 123.122172 123.130588 123.139530 123.148191 123.157133 123.165236 123.174490 123.183990 123.192373 123.201314 123.216716 123.239069 123.289956 123.343113 123.379191 0.000000 0.000000
