FireSTARR/test/constant/O1a_S060_A270_WD315_WS020/arrival.asc
ncols         120
nrows         736
xllcorner     425303.990666
yllcorner     12748755.311160
cellsize      100.000000
NODATA_value  0.000000
[rows 459 to 485 of 736, columns 0 to 59 of 120]
0.000000 0.000000 0.000000 0.000000 0.000000 0.000000 0.000000 0.000000 0.000000 0.000000 0.000000 0.000000 0.000000 0.000000 0.000000 0.000000 0.000000 0.000000 0.000000 0.000000 0.000000 0.000000 0.000000 123.410486 123.400427 123.393721 123.383941 123.375279 123.364907 123.357363 123.349819 123.338922 123.329946 123.321843 123.314299 123.305358 123.297255 123.288839 123.278500 123.271235 123.263412 123.253353 123.244657 123.235716 123.227333 123.218672 123.210569 123.200476 123.192932 123.184270 123.175887 123.166633 123.157971 123.156294 123.163559 123.171417 123.180917 123.189299 123.197961 123.206902
0.000000 0.000000 0.000000 0.000000 0.000000 0.000000 0.000000 0.000000 0.000000 0.000000 0.000000 0.000000 0.000000 0.000000 0.000000 0.000000 0.000000 0.000000 0.000000 0.000000 0.000000 0.000000 123.416353 123.408530 123.398750 123.391485 123.382265 123.373569 123.363789 123.355128 123.348142 123.337245 123.328270 123.320167 123.312064 123.303961 123.295299 123.286883 123.277103 123.269280 123.261177 123.251956 123.243260 123.234319 123.225378 123.216716 123.208613 123.199358 123.190696 123.182593 123.173931 123.164956 123.156294 123.155736 123.164397 123.172814 123.181196 123.189579 123.198520 123.207182
0.000000 0.000000 0.000000 0.000000 0.000000 0.000000 0.000000 0.000000 0.000000 0.000000 0.000000 0.000000 0.000000 0.000000 0.000000 0.000000 0.000000 0.000000 0.000000 0.000000 0.000000 0.000000 123.414677 123.406574 123.396794 123.389809 123.380588 123.371613 123.361554 123.353451 123.346186 123.335569 123.326593 123.318211 123.310108 123.302005 123.293623 123.285486 123.275147 123.267324 123.259500 123.249966 123.241304 123.232084 123.223981 123.215319 123.207182 123.197123 123.189020 123.180917 123.172255 123.162721 123.155177 123.155456 123.164677 123.173652 123.182314 123.190976 123.199637 123.208299
0.000000 0.000000 0.000000 0.000000 0.000000 0.000000 0.000000 0.000000 0.000000 0.000000 0.000000 0.000000 0.000000 0.000000 0.000000 0.000000 0.000000 0.000000 0.000000 0.000000 0.000000 0.000000 123.413000 123.404618 123.395118 123.387853 123.378632 123.369657 123.359878 123.351775 123.344230 123.333333 123.324637 123.316534 123.308711 123.300049 123.291946 123.283530 123.273191 123.265927 123.257544 123.248010 123.239628 123.230407 123.222025 123.213363 123.204946 123.195446 123.187343 123.178961 123.170020 123.161603 123.154618 123.156294 123.165236 123.173931 123.182593 123.191534 123.200476 123.209172
0.000000 0.000000 0.000000 0.000000 0.000000 0.000000 0.000000 0.000000 0.000000 0.000000 0.000000 0.000000 0.000000 0.000000 0.000000 0.000000 0.000000 0.000000 0.000000 0.000000 0.000000 0.000000 123.411044 123.402941 123.393441 123.385897 123.376956 123.367981 123.358201 123.349819 123.342833 123.331902 123.323240 123.314579 123.306755 123.298652 123.289956 123.281853 123.271235 123.263691 123.255868 123.246613 123.237392 123.228451 123.221466 123.211127 123.203270 123.193770 123.185387 123.177005 123.168343 123.159368 123.154059 123.156853 123.165794 123.174490 123.183431 123.192093 123.201035 123.209730
0.000000 0.000000 0.000000 0.000000 0.000000 0.000000 0.000000 0.000000 0.000000 0.000000 0.000000 0.000000 0.000000 0.000000 0.000000 0.000000 0.000000 0.000000 0.000000 0.000000 0.000000 0.000000 123.409088 123.401265 123.391485 123.383941 123.375279 123.366304 123.356245 123.347863 123.340878 123.329946 123.321005 123.312623 123.305079 123.296696 123.288280 123.279618 123.269559 123.262015 123.254191 123.244657 123.235716 123.226775 123.219510 123.209730 123.201314 123.191814 123.183431 123.175049 123.166633 123.157691 123.153500 123.157971 123.166353 123.175608 123.183990 123.192652 123.201593 123.210289
0.000000 0.000000 0.000000 0.000000 0.000000 0.000000 0.000000 0.000000 0.000000 0.000000 0.000000 0.000000 0.000000 0.000000 0.000000 0.000000 0.000000 0.000000 0.000000 0.000000 0.000000 123.415236 123.407133 123.399030 123.390088 123.381985 123.373289 123.364348 123.354289 123.345907 123.338922 123.327990 123.319049 123.311226 123.302843 123.295020 123.286603 123.277941 123.267882 123.260059 123.252235 123.242701 123.234039 123.225098 123.217833 123.207740 123.199637 123.189858 123.181476 123.173093 123.164677 123.156015 123.152941 123.159088 123.167225 123.175887 123.184829 123.193211 123.202152 123.211127
0.000000 0.000000 0.000000 0.000000 0.000000 0.000000 0.000000 0.000000 0.000000 0.000000 0.000000 0.000000 0.000000 0.000000 0.000000 0.000000 0.000000 0.000000 0.000000 0.000000 0.000000 123.413280 123.405177 123.397912 123.387853 123.380029 123.371613 123.362392 123.352333 123.344230 123.336966 123.326593 123.317652 123.309270 123.301167 123.293064 123.284647 123.276265 123.265927 123.258382 123.250838 123.241025 123.232084 123.223142 123.215878 123.206064 123.197961 123.187902 123.179799 123.171137 123.163000 123.154059 123.152383 123.159368 123.168343 123.177005 123.185667 123.194329 123.202990 123.211686
0.000000 0.000000 0.000000 0.000000 0.000000 0.000000 0.000000 0.000000 0.000000 0.000000 0.000000 0.000000 0.000000 0.000000 0.000000 0.000000 0.000000 0.000000 0.000000 0.000000 0.000000 123.411883 123.403221 123.395677 123.385897 123.378074 123.369937 123.360436 123.350657 123.342275 123.335289 123.324358 123.315696 123.307314 123.299490 123.291074 123.282971 123.274309 123.264250 123.256706 123.248848 123.239069 123.230686 123.221466 123.214201 123.204388 123.196005 123.186505 123.177843 123.169461 123.161044 123.152383 123.151544 123.159927 123.168902 123.177843 123.185946 123.195167 123.203829 123.212525
0.000000 0.000000 0.000000 0.000000 0.000000 0.000000 0.000000 0.000000 0.000000 0.000000 0.000000 0.000000 0.000000 0.000000 0.000000 0.000000 0.000000 0.000000 0.000000 0.000000 0.000000 123.409647 123.401544 123.394000 123.384500 123.376118 123.367701 123.358481 123.348981 123.340319 123.333299 123.322682 123.313740 123.305358 123.297534 123.289118 123.281015 123.272353 123.262294 123.254750 123.246892 123.237113 123.228451 123.219510 123.212525 123.202432 123.194049 123.184270 123.175887 123.167505 123.159088 123.150985 123.151544 123.160486 123.169181 123.178402 123.187064 123.195726 123.204388 123.213083
0.000000 0.000000 0.000000 0.000000 0.000000 0.000000 0.000000 0.000000 0.000000 0.000000 0.000000 0.000000 0.000000 0.000000 0.000000 0.000000 0.000000 0.000000 0.000000 0.000000 0.000000 123.407971 123.399588 123.392324 123.382265 123.374128 123.366584 123.356525 123.346745 123.338922 123.331343 123.320726 123.311784 123.303681 123.296137 123.287162 123.279059 123.270397 123.260338 123.253074 123.245495 123.235157 123.226495 123.217554 123.210569 123.200755 123.192093 123.182314 123.174770 123.165794 123.157412 123.150427 123.152941 123.161044 123.170020 123.178681 123.187343 123.196285 123.204946 123.213363
0.000000 0.000000 0.000000 0.000000 0.000000 0.000000 0.000000 0.000000 0.000000 0.000000 0.000000 0.000000 0.000000 0.000000 0.000000 0.000000 0.000000 0.000000 0.000000 0.000000 123.416353 123.406015 123.397633 123.390368 123.380588 123.373010 123.364348 123.354848 123.345628 123.336966 123.329388 123.318770 123.310108 123.302005 123.294181 123.285486 123.277662 123.268441 123.258941 123.251397 123.243539 123.233481 123.225098 123.216157 123.208892 123.198799 123.190417 123.181196 123.172534 123.164118 123.155456 123.149868 123.153500 123.161603 123.170578 123.179240 123.187902 123.196564 123.205505 123.214760
0.000000 0.000000 0.000000 0.000000 0.000000 0.000000 0.000000 0.000000 0.000000 0.000000 0.000000 0.000000 0.000000 0.000000 0.000000 0.000000 0.000000 0.000000 0.000000 0.000000 123.414677 123.404338 123.396235 123.388412 123.378632 123.370775 123.362672 123.352892 123.343392 123.335289 123.327432 123.317373 123.308431 123.300049 123.292225 123.283809 123.275706 123.266485 123.256985 123.249407 123.241304 123.231804 123.223142 123.214201 123.207182 123.196843 123.188461 123.178961 123.170858 123.162162 123.153780 123.149309 123.154338 123.163000 123.171976 123.180637 123.189299 123.197961 123.206064 123.215319
0.000000 0.000000 0.000000 0.000000 0.000000 0.000000 0.000000 0.000000 0.000000 0.000000 0.000000 0.000000 0.000000 0.000000 0.000000 0.000000 0.000000 0.000000 0.000000 0.000000 123.413000 123.402662 123.394280 123.386456 123.376956 123.369098 123.360995 123.350936 123.341716 123.333613 123.325476 123.315417 123.306476 123.298373 123.290515 123.281574 123.274030 123.264530 123.255029 123.247731 123.240186 123.229848 123.221186 123.212525 123.204946 123.195446 123.186505 123.177284 123.169181 123.160206 123.151544 123.148750 123.154618 123.163559 123.172534 123.180917 123.189858 123.198520 123.207182 123.215319
0.000000 0.000000 0.000000 0.000000 0.000000 0.000000 0.000000 0.000000 0.000000 0.000000 0.000000 0.000000 0.000000 0.000000 0.000000 0.000000 0.000000 0.000000 0.000000 0.000000 123.412441 123.400706 123.392324 123.384779 123.375000 123.367422 123.359039 123.349539 123.340039 123.331623 123.323520 123.313740 123.304799 123.296417 123.288559 123.280456 123.271794 123.262574 123.253074 123.246054 123.237951 123.228172 123.219230 123.210848 123.203270 123.193211 123.185108 123.175608 123.167225 123.158809 123.149868 123.148191 123.155177 123.163839 123.172814 123.181476 123.190417 123.199358 123.207740 123.216436
0.000000 0.000000 0.000000 0.000000 0.000000 0.000000 0.000000 0.000000 0.000000 0.000000 0.000000 0.000000 0.000000 0.000000 0.000000 0.000000 0.000000 0.000000 0.000000 0.000000 123.411044 123.399309 123.390368 123.382824 123.373289 123.365466 123.357084 123.347304 123.338083 123.329946 123.321843 123.311505 123.302843 123.294461 123.286603 123.278221 123.270118 123.260897 123.251397 123.243819 123.236275 123.226216 123.217554 123.208892 123.201314 123.191534 123.182873 123.173652 123.165515 123.156853 123.148191 123.147633 123.155736 123.164397 123.173652 123.182034 123.190976 123.199637 123.208613 123.216716
0.000000 0.000000 0.000000 0.000000 0.000000 0.000000 0.000000 0.000000 0.000000 0.000000 0.000000 0.000000 0.000000 0.000000 0.000000 0.000000 0.000000 0.000000 0.000000 123.415794 123.409088 123.397074 123.388691 123.380868 123.371613 123.364069 123.355128 123.345628 123.336686 123.327990 123.319887 123.309829 123.300887 123.293064 123.285206 123.276544 123.268441 123.258941 123.249966 123.242701 123.234598 123.224260 123.215878 123.207182 123.199358 123.189579 123.181196 123.172255 123.164118 123.154897 123.147074 123.147633 123.156574 123.165515 123.173931 123.182593 123.191814 123.200196 123.209172 123.217554
0.000000 0.000000 0.000000 0.000000 0.000000 0.000000 0.000000 0.000000 0.000000 0.000000 0.000000 0.000000 0.000000 0.000000 0.000000 0.000000 0.000000 0.000000 0.000000 123.413839 123.407133 123.395118 123.387015 123.379471 123.369657 123.361834 123.353172 123.343672 123.334730 123.326035 123.317932 123.308431 123.299490 123.291074 123.283250 123.274868 123.266485 123.256985 123.247731 123.240466 123.232642 123.222863 123.213922 123.205505 123.197402 123.187623 123.179240 123.170020 123.161883 123.152941 123.146515 123.149030 123.157412 123.166353 123.175328 123.184270 123.192652 123.200755 123.210010 123.218392
0.000000 0.000000 0.000000 0.000000 0.000000 0.000000 0.000000 0.000000 0.000000 0.000000 0.000000 0.000000 0.000000 0.000000 0.000000 0.000000 0.000000 0.000000 0.000000 123.412162 123.405177 123.393721 123.385059 123.377515 123.367701 123.359878 123.351216 123.341995 123.332740 123.324637 123.316534 123.306196 123.297255 123.289118 123.281574 123.272912 123.264530 123.255588 123.246054 123.238789 123.230686 123.220628 123.212525 123.203549 123.195446 123.186226 123.177284 123.168064 123.160206 123.151265 123.145956 123.149588 123.157971 123.166946 123.175608 123.184270 123.193211 123.201873 123.210289 123.219230
0.000000 0.000000 0.000000 0.000000 0.000000 0.000000 0.000000 0.000000 0.000000 0.000000 0.000000 0.000000 0.000000 0.000000 0.000000 0.000000 0.000000 0.000000 0.000000 123.410486 123.403221 123.391485 123.383382 123.375838 123.366304 123.358481 123.349539 123.340319 123.331064 123.322402 123.314579 123.304520 123.295858 123.287721 123.279338 123.270956 123.262574 123.253632 123.244378 123.237113 123.228731 123.218951 123.210569 123.201873 123.193490 123.184270 123.175887 123.166633 123.158250 123.149588 123.145397 123.149588 123.158530 123.167505 123.176446 123.185108 123.194049 123.202432 123.211407 123.219789
0.000000 0.000000 0.000000 0.000000 0.000000 0.000000 0.000000 0.000000 0.000000 0.000000 0.000000 0.000000 0.000000 0.000000 0.000000 0.000000 0.000000 0.000000 0.000000 123.408530 123.401265 123.389809 123.381427 123.374128 123.364348 123.356525 123.347583 123.338363 123.329108 123.320726 123.312902 123.302564 123.294181 123.285765 123.277662 123.269000 123.260618 123.251956 123.242422 123.235157 123.226775 123.216995 123.208613 123.199917 123.191534 123.182593 123.173931 123.164956 123.156294 123.147633 123.144838 123.150706 123.159088 123.168343 123.176726 123.185667 123.194329 123.202990 123.211407 123.220628
0.000000 0.000000 0.000000 0.000000 0.000000 0.000000 0.000000 0.000000 0.000000 0.000000 0.000000 0.000000 0.000000 0.000000 0.000000 0.000000 0.000000 0.000000 123.414956 123.406853 123.399309 123.387853 123.379471 123.372172 123.362392 123.354848 123.345628 123.336686 123.327152 123.318770 123.311226 123.300608 123.291946 123.284088 123.276265 123.267044 123.258662 123.249966 123.240745 123.233201 123.224819 123.215319 123.206902 123.197961 123.189579 123.180637 123.172255 123.162721 123.154897 123.146235 123.144280 123.150985 123.160206 123.168623 123.177284 123.186505 123.194887 123.203829 123.212245 123.220907
0.000000 0.000000 0.000000 0.000000 0.000000 0.000000 0.000000 0.000000 0.000000 0.000000 0.000000 0.000000 0.000000 0.000000 0.000000 0.000000 0.000000 0.000000 123.413280 123.404897 123.397353 123.386177 123.378074 123.370216 123.360995 123.352613 123.344230 123.334730 123.325755 123.316814 123.308990 123.299211 123.290515 123.281853 123.274030 123.265088 123.256706 123.248010 123.239069 123.231245 123.222863 123.213642 123.204946 123.196564 123.187902 123.178681 123.170020 123.161603 123.152941 123.144280 123.143721 123.152103 123.160486 123.170020 123.178961 123.187343 123.195726 123.204388 123.213083 123.221745
0.000000 0.000000 0.000000 0.000000 0.000000 0.000000 0.000000 0.000000 0.000000 0.000000 0.000000 0.000000 0.000000 0.000000 0.000000 0.000000 0.000000 0.000000 123.411324 123.403500 123.395397 123.384500 123.376118 123.368260 123.359039 123.350936 123.342275 123.332740 123.323799 123.315417 123.307593 123.297255 123.288280 123.280177 123.272353 123.263412 123.254750 123.246054 123.236834 123.229569 123.220907 123.211686 123.202990 123.194608 123.186226 123.177284 123.168343 123.159647 123.151265 123.143162 123.143721 123.152941 123.161603 123.170020 123.179520 123.187902 123.196564 123.204946 123.213922 123.222304
0.000000 0.000000 0.000000 0.000000 0.000000 0.000000 0.000000 0.000000 0.000000 0.000000 0.000000 0.000000 0.000000 0.000000 0.000000 0.000000 0.000000 0.000000 123.409368 123.402941 123.393441 123.382544 123.374128 123.366304 123.357084 123.349260 123.340319 123.331064 123.322123 123.313461 123.305637 123.295578 123.286603 123.278500 123.270397 123.261456 123.253074 123.244098 123.235716 123.227613 123.218951 123.210010 123.201593 123.192932 123.184270 123.175049 123.166633 123.157691 123.149030 123.142603 123.145118 123.153221 123.162441 123.170858 123.179799 123.188740 123.197123 123.205785 123.214480 123.223422
0.000000 0.000000 0.000000 0.000000 0.000000 0.000000 0.000000 0.000000 0.000000 0.000000 0.000000 0.000000 0.000000 0.000000 0.000000 0.000000 0.000000 0.000000 123.407971 123.401265 123.391485 123.380868 123.372731 123.364348 123.355128 123.347304 123.338363 123.329108 123.320167 123.311784 123.303681 123.293343 123.284927 123.276544 123.268441 123.259500 123.251118 123.242701 123.233481 123.225657 123.216995 123.208299 123.199637 123.191255 123.182593 123.173373 123.164677 123.156294 123.147353 123.142044 123.145397 123.153780 123.163000 123.171696 123.180358 123.189020 123.197682 123.206343 123.215319 123.223981
0.000000 0.000000 0.000000 0.000000 0.000000 0.000000 0.000000 0.000000 0.000000 0.000000 0.000000 0.000000 0.000000 0.000000 0.000000 0.000000 0.000000 123.414956 123.405736 123.399868 123.389530 123.378912 123.370775 123.362672 123.353451 123.345628 123.336686 123.327432 123.318211 123.309829 123.302284 123.291633 123.282971 123.274868 123.267044 123.258382 123.249407 123.240466 123.231804 123.224539 123.215039 123.206343 123.197961 123.189299 123.180637 123.171417 123.163000 123.154059 123.145956 123.141485 123.145677 123.154897 123.163559 123.172255 123.181196 123.189579 123.198520 123.206902 123.216157 123.225098
