FireSTARR/test/constant/O1a_S060_A270_WD180_WS000/arrival.asc
ncols         67
nrows         747
xllcorner     423303.990666
yllcorner     12748755.311160
cellsize      100.000000
NODATA_value  0.000000
[rows 546 to 571 of 747, columns 0 to 57 of 67]
0.000000 123.414354 123.404864 123.395096 123.385606 123.375837 123.366268 123.356778 123.347289 123.337520 123.327951 123.318461 123.308692 123.299203 123.289633 123.279864 123.270375 123.260885 123.251116 123.241547 123.232057 123.222289 123.212799 123.203230 123.193740 123.183971 123.174482 123.164912 123.155144 123.145654 123.135885 123.126396 123.116826 123.111523 123.115710 123.125279 123.135048 123.144537 123.154027 123.163796 123.173365 123.182855 123.192624 123.202113 123.211683 123.221451 123.230941 123.240431 123.250279 123.259769 123.269258 123.278748 123.288517 123.298086 123.307576 123.317344 123.326834 123.336404
0.000000 123.413796 123.404306 123.394537 123.385048 123.375279 123.365710 123.356220 123.346730 123.336962 123.327392 123.317903 123.308134 123.298644 123.289075 123.279306 123.269817 123.260327 123.250558 123.240989 123.231499 123.221730 123.212241 123.202671 123.193182 123.183413 123.173923 123.164354 123.154585 123.145096 123.135327 123.125837 123.116268 123.110965 123.115151 123.124920 123.134490 123.143979 123.153469 123.163238 123.172807 123.182297 123.192065 123.201555 123.211124 123.220893 123.230383 123.239872 123.249641 123.259211 123.268700 123.278190 123.287958 123.297528 123.307018 123.316786 123.326276 123.335845
0.000000 123.413238 123.403748 123.393979 123.384490 123.374920 123.365151 123.355662 123.346172 123.336404 123.326834 123.317344 123.307576 123.298086 123.288517 123.278748 123.269258 123.259769 123.250000 123.240431 123.230941 123.221172 123.211683 123.202113 123.192624 123.182855 123.173365 123.163796 123.154027 123.144537 123.134769 123.125279 123.115710 123.110407 123.114593 123.124362 123.133931 123.143421 123.152911 123.162679 123.172249 123.181738 123.191507 123.200997 123.210566 123.220335 123.229825 123.239314 123.249083 123.258652 123.268142 123.277632 123.287400 123.296970 123.306459 123.316228 123.325718 123.335287
0.000000 123.412679 123.403190 123.393421 123.383931 123.374362 123.364593 123.355104 123.345614 123.335845 123.326276 123.316786 123.307018 123.297528 123.287958 123.278190 123.268700 123.259211 123.249641 123.239872 123.230383 123.220614 123.211124 123.201555 123.192065 123.182297 123.172807 123.163238 123.153469 123.143979 123.134211 123.124641 123.115151 123.109848 123.114035 123.123804 123.133373 123.142863 123.152352 123.162121 123.171691 123.181180 123.190949 123.200439 123.210008 123.219777 123.229266 123.238756 123.248525 123.258094 123.267584 123.277073 123.286842 123.296411 123.305901 123.315670 123.325159 123.334729
0.000000 123.412121 123.402632 123.392863 123.383373 123.373804 123.364035 123.354545 123.345056 123.335287 123.325718 123.316228 123.306459 123.296970 123.287400 123.277632 123.268142 123.258652 123.249083 123.239314 123.229825 123.220056 123.210566 123.200997 123.191507 123.181738 123.172249 123.162679 123.152911 123.143421 123.133652 123.124083 123.114593 123.109290 123.113477 123.123246 123.132815 123.142305 123.151794 123.161563 123.171132 123.180622 123.190391 123.199880 123.209450 123.219218 123.228708 123.238198 123.247966 123.257536 123.267025 123.276515 123.286284 123.295853 123.305343 123.315112 123.324601 123.334171
0.000000 123.411563 123.402073 123.392305 123.382815 123.373246 123.363477 123.353987 123.344498 123.334729 123.325159 123.315670 123.305901 123.296411 123.286842 123.277073 123.267584 123.258094 123.248525 123.238756 123.229266 123.219498 123.210008 123.200439 123.190949 123.181180 123.171691 123.162121 123.152352 123.142863 123.133094 123.123525 123.114035 123.108732 123.112919 123.122687 123.132257 123.141746 123.151236 123.161005 123.170574 123.180064 123.189833 123.199322 123.208892 123.218660 123.228150 123.237640 123.247408 123.256978 123.266467 123.275957 123.285726 123.295295 123.304785 123.314553 123.324043 123.333612
0.000000 123.411005 123.401515 123.391746 123.382257 123.372687 123.362919 123.353429 123.343939 123.334171 123.324601 123.315112 123.305343 123.295853 123.286284 123.276515 123.267025 123.257536 123.247966 123.238198 123.228708 123.218939 123.209450 123.199880 123.190391 123.180622 123.171132 123.161563 123.151794 123.142305 123.132536 123.122966 123.113477 123.108174 123.112360 123.122129 123.131699 123.141188 123.150678 123.160447 123.170016 123.179506 123.189274 123.198764 123.208254 123.218102 123.227592 123.237081 123.246850 123.256419 123.265909 123.275399 123.285167 123.294737 123.304226 123.313995 123.323485 123.332974
0.000000 123.410447 123.400957 123.391188 123.381699 123.372129 123.362360 123.352871 123.343381 123.333612 123.324043 123.314553 123.304785 123.295295 123.285726 123.275957 123.266467 123.256978 123.247408 123.237640 123.228150 123.218381 123.208892 123.199322 123.189833 123.180064 123.170574 123.161005 123.151236 123.141746 123.131978 123.122408 123.112919 123.107616 123.111802 123.121571 123.131140 123.140630 123.150120 123.159888 123.169458 123.178947 123.188716 123.198206 123.207695 123.217544 123.227033 123.236523 123.246292 123.255861 123.265351 123.274840 123.284609 123.294179 123.303668 123.313437 123.322927 123.332416
0.000000 123.409888 123.400399 123.390630 123.381140 123.371571 123.361802 123.352313 123.342823 123.333254 123.323485 123.313995 123.304226 123.294737 123.285167 123.275399 123.265909 123.256419 123.246850 123.237081 123.227592 123.217823 123.208254 123.198764 123.189274 123.179506 123.170016 123.160447 123.150678 123.141188 123.131419 123.121850 123.112360 123.107057 123.111244 123.121013 123.130582 123.140072 123.149561 123.159330 123.168900 123.178389 123.188158 123.197647 123.207137 123.216986 123.226475 123.235965 123.245734 123.255303 123.264793 123.274282 123.284051 123.293620 123.303110 123.312879 123.322368 123.331858
0.000000 123.409330 123.399840 123.390072 123.380582 123.371013 123.361244 123.351754 123.342265 123.332695 123.322927 123.313437 123.303668 123.294179 123.284609 123.274840 123.265351 123.255861 123.246292 123.236523 123.227033 123.217265 123.207695 123.198206 123.188716 123.178947 123.169458 123.159888 123.150120 123.140630 123.130861 123.121292 123.111802 123.106499 123.110686 123.120455 123.130024 123.139514 123.149003 123.158772 123.168341 123.177831 123.187600 123.197089 123.206579 123.216427 123.225917 123.235407 123.245175 123.254745 123.264234 123.273724 123.283493 123.293062 123.302552 123.312321 123.321810 123.331300
0.000000 123.408772 123.399282 123.389514 123.380024 123.370455 123.360686 123.351196 123.341707 123.332137 123.322368 123.312879 123.303110 123.293620 123.284051 123.274282 123.264793 123.255303 123.245734 123.235965 123.226475 123.216707 123.207137 123.197647 123.188158 123.178389 123.168900 123.159330 123.149561 123.140072 123.130303 123.120734 123.111244 123.105941 123.110128 123.119896 123.129466 123.138955 123.148445 123.158214 123.167783 123.177273 123.187041 123.196531 123.206021 123.215869 123.225359 123.234848 123.244617 123.254187 123.263676 123.273166 123.282935 123.292504 123.301994 123.311762 123.321252 123.330742
0.000000 123.408214 123.398724 123.388955 123.379466 123.369896 123.360128 123.350638 123.341148 123.331579 123.321810 123.312321 123.302552 123.293062 123.283493 123.273724 123.264234 123.254745 123.245175 123.235407 123.225917 123.216148 123.206579 123.197089 123.187600 123.177831 123.168341 123.158772 123.149003 123.139514 123.129745 123.120175 123.110686 123.105383 123.109569 123.119338 123.128907 123.138397 123.147887 123.157655 123.167225 123.176715 123.186483 123.195973 123.205462 123.215311 123.224801 123.234290 123.244059 123.253628 123.263118 123.272608 123.282376 123.291946 123.301435 123.311204 123.320694 123.330183
0.000000 123.407655 123.398166 123.388397 123.378907 123.369338 123.359569 123.350080 123.340590 123.331021 123.321252 123.311762 123.301994 123.292504 123.282935 123.273166 123.263676 123.254187 123.244617 123.234848 123.225359 123.215590 123.206021 123.196531 123.187041 123.177273 123.167783 123.158214 123.148445 123.138955 123.129187 123.119617 123.110128 123.104825 123.109011 123.118780 123.128349 123.137839 123.147329 123.157097 123.166587 123.176156 123.185925 123.195415 123.204904 123.214753 123.224242 123.233732 123.243501 123.253070 123.262560 123.272049 123.281818 123.291308 123.300877 123.310646 123.320136 123.329625
123.416587 123.407097 123.397608 123.387839 123.378349 123.368780 123.359011 123.349522 123.340032 123.330462 123.320694 123.311204 123.301435 123.291946 123.282376 123.272608 123.263118 123.253628 123.244059 123.234290 123.224801 123.215032 123.205462 123.195973 123.186483 123.176715 123.167225 123.157655 123.147887 123.138397 123.128628 123.119059 123.109569 123.104266 123.108453 123.118222 123.127791 123.137281 123.146770 123.156539 123.166029 123.175598 123.185367 123.194856 123.204346 123.214195 123.223684 123.233174 123.242943 123.252512 123.262002 123.271491 123.281260 123.290750 123.300319 123.310088 123.319577 123.329067
123.416029 123.406539 123.397049 123.387281 123.377791 123.368222 123.358453 123.348963 123.339474 123.329904 123.320136 123.310646 123.300877 123.291308 123.281818 123.272049 123.262560 123.253070 123.243501 123.233732 123.224242 123.214474 123.204904 123.195415 123.185925 123.176156 123.166587 123.157097 123.147329 123.137839 123.128070 123.118501 123.109011 123.103708 123.107895 123.117663 123.127233 123.136722 123.146212 123.155981 123.165470 123.175040 123.184809 123.194298 123.203788 123.213636 123.223126 123.232616 123.242384 123.251954 123.261443 123.270933 123.280702 123.290191 123.299761 123.309529 123.319019 123.328509
123.415470 123.405981 123.396491 123.386722 123.377233 123.367663 123.357895 123.348405 123.338915 123.329346 123.319577 123.310088 123.300319 123.290750 123.281260 123.271491 123.262002 123.252512 123.242943 123.233174 123.223684 123.213915 123.204346 123.194856 123.185367 123.175598 123.166029 123.156539 123.146770 123.137281 123.127512 123.117943 123.108453 123.103150 123.107336 123.117105 123.126675 123.136164 123.145654 123.155423 123.164912 123.174482 123.184250 123.193740 123.203230 123.213078 123.222568 123.232057 123.241826 123.251396 123.260885 123.270375 123.280144 123.289633 123.299203 123.308971 123.318461 123.327951
0.000000 123.405423 123.395933 123.386164 123.376675 123.367105 123.357336 123.347847 123.338357 123.328788 123.319019 123.309529 123.299761 123.290191 123.280702 123.270933 123.261443 123.251954 123.242384 123.232616 123.223126 123.213357 123.203788 123.194298 123.184809 123.175040 123.165470 123.155981 123.146212 123.136722 123.126954 123.117384 123.107895 123.102592 123.106778 123.116547 123.126116 123.135606 123.145096 123.154864 123.164354 123.173923 123.183692 123.193182 123.202671 123.212520 123.222010 123.231499 123.241268 123.250837 123.260327 123.269817 123.279585 123.289075 123.298644 123.308413 123.317903 123.327392
0.000000 123.404864 123.395375 123.385606 123.376116 123.366547 123.356778 123.347289 123.337799 123.328230 123.318461 123.308971 123.299203 123.289633 123.280144 123.270375 123.260885 123.251396 123.241826 123.232057 123.222568 123.212799 123.203230 123.193740 123.184250 123.174482 123.164912 123.155423 123.145654 123.136164 123.126396 123.116826 123.107336 123.102033 123.106220 123.115989 123.125558 123.135048 123.144537 123.154306 123.163796 123.173365 123.183134 123.192624 123.202113 123.211962 123.221451 123.230941 123.240710 123.250279 123.259769 123.269258 123.279027 123.288517 123.298086 123.307855 123.317344 123.326834
0.000000 123.404306 123.394817 123.385048 123.375558 123.365989 123.356220 123.346730 123.337241 123.327671 123.317903 123.308413 123.298644 123.289075 123.279585 123.269817 123.260327 123.250837 123.241268 123.231499 123.222010 123.212241 123.202671 123.193182 123.183692 123.173923 123.164354 123.154864 123.145096 123.135606 123.125837 123.116268 123.106778 123.101475 123.105662 123.115431 123.124920 123.134490 123.143979 123.153748 123.163238 123.172807 123.182576 123.192065 123.201555 123.211404 123.220893 123.230383 123.240151 123.249641 123.259211 123.268700 123.278469 123.287958 123.297528 123.307297 123.316786 123.326276
0.000000 123.403748 123.394258 123.384490 123.374920 123.365431 123.355662 123.346172 123.336683 123.327113 123.317344 123.307855 123.298086 123.288517 123.279027 123.269258 123.259769 123.250279 123.240710 123.230941 123.221451 123.211683 123.202113 123.192624 123.183134 123.173365 123.163796 123.154306 123.144537 123.135048 123.125279 123.115710 123.106220 123.100917 123.105104 123.114872 123.124362 123.133931 123.143421 123.153190 123.162679 123.172249 123.182018 123.191507 123.200997 123.210845 123.220335 123.229825 123.239593 123.249083 123.258652 123.268142 123.277911 123.287400 123.296970 123.306738 123.316228 123.325718
0.000000 123.403190 123.393700 123.383931 123.374362 123.364872 123.355104 123.345614 123.336124 123.326555 123.316786 123.307297 123.297528 123.287958 123.278469 123.268700 123.259211 123.249641 123.240151 123.230383 123.220893 123.211124 123.201555 123.192065 123.182576 123.172807 123.163238 123.153748 123.143979 123.134490 123.124920 123.115151 123.105662 123.100359 123.104545 123.114314 123.123804 123.133373 123.142863 123.152632 123.162121 123.171691 123.181459 123.190949 123.200439 123.210287 123.219777 123.229266 123.239035 123.248525 123.258094 123.267584 123.277352 123.286842 123.296411 123.306180 123.315670 123.325159
0.000000 123.402911 123.393142 123.383373 123.373804 123.364314 123.354545 123.345056 123.335566 123.325997 123.316228 123.306738 123.296970 123.287400 123.277911 123.268142 123.258652 123.249083 123.239593 123.229825 123.220335 123.210566 123.200997 123.191507 123.182018 123.172249 123.162679 123.153190 123.143421 123.133931 123.124362 123.114593 123.105104 123.099801 123.103987 123.113756 123.123246 123.132815 123.142305 123.152073 123.161563 123.171132 123.180901 123.190391 123.199880 123.209729 123.219218 123.228708 123.238477 123.247966 123.257536 123.267025 123.276794 123.286284 123.295853 123.305622 123.315112 123.324601
0.000000 123.408493 123.392584 123.382815 123.373246 123.363756 123.353987 123.344498 123.335008 123.325439 123.315670 123.306180 123.296411 123.286842 123.277352 123.267584 123.258094 123.248525 123.239035 123.229266 123.219777 123.210008 123.200439 123.190949 123.181459 123.171691 123.162121 123.152632 123.142863 123.133373 123.123804 123.114035 123.104545 123.099242 123.103429 123.113198 123.122687 123.132257 123.141746 123.151515 123.161005 123.170574 123.180343 123.189833 123.199322 123.209171 123.218660 123.228150 123.237919 123.247408 123.256978 123.266467 123.276236 123.285726 123.295295 123.305064 123.314553 123.324043
0.000000 0.000000 123.392025 123.382257 123.372687 123.363198 123.353429 123.343939 123.334450 123.324880 123.315112 123.305622 123.295853 123.286284 123.276794 123.267025 123.257536 123.247966 123.238477 123.228708 123.219218 123.209450 123.199880 123.190391 123.180901 123.171132 123.161563 123.152073 123.142305 123.132815 123.123246 123.113477 123.103987 123.098684 123.102871 123.112640 123.122129 123.131699 123.141188 123.150957 123.160447 123.170016 123.179785 123.189274 123.198764 123.208612 123.218102 123.227592 123.237360 123.246850 123.256419 123.265909 123.275678 123.285167 123.294737 123.304506 123.313995 123.323485
0.000000 0.000000 123.391467 123.381699 123.372129 123.362640 123.352871 123.343381 123.333892 123.324322 123.314553 123.305064 123.295295 123.285726 123.276236 123.266467 123.256978 123.247408 123.237919 123.228150 123.218660 123.208892 123.199322 123.189833 123.180343 123.170574 123.161005 123.151515 123.141746 123.132257 123.122687 123.112919 123.103429 123.098126 123.102313 123.112081 123.121571 123.131140 123.140630 123.150399 123.159888 123.169458 123.179226 123.188716 123.198206 123.207974 123.217544 123.227033 123.236802 123.246292 123.255861 123.265351 123.275120 123.284609 123.294179 123.303947 123.313437 123.322927
0.000000 0.000000 123.390909 123.381140 123.371571 123.362081 123.352313 123.342823 123.333254 123.323764 123.313995 123.304506 123.294737 123.285167 123.275678 123.265909 123.256419 123.246850 123.237360 123.227592 123.218102 123.208612 123.198764 123.189274 123.179785 123.170016 123.160447 123.150957 123.141188 123.131699 123.122129 123.112360 123.102871 123.097568 123.101754 123.111523 123.121013 123.130582 123.140072 123.149840 123.159330 123.168900 123.178668 123.188158 123.197647 123.207416 123.216986 123.226475 123.236244 123.245734 123.255303 123.264793 123.274561 123.284051 123.293620 123.303389 123.312879 123.322368
