FireSTARR/test/constant/O1a_S060_A270_WD180_WS000/arrival.asc
ncols         67
nrows         747
xllcorner     423303.990666
yllcorner     12748755.311160
cellsize      100.000000
NODATA_value  0.000000
[rows 442 to 467 of 747, columns 0 to 57 of 67]
0.000000 0.000000 0.000000 0.000000 0.000000 0.000000 0.000000 123.414912 123.405144 123.395654 123.386164 123.376396 123.366826 123.357336 123.347568 123.338078 123.328509 123.318740 123.309250 123.299761 123.289912 123.280423 123.270933 123.261164 123.251675 123.242105 123.232336 123.222847 123.213357 123.203509 123.194019 123.184529 123.174761 123.169458 123.173923 123.183413 123.192903 123.202671 123.212241 123.221730 123.231499 123.240989 123.250558 123.260048 123.269817 123.279306 123.289075 123.298644 123.308134 123.317903 123.327392 123.336962 123.346451 123.356220 123.365710 123.375279 123.385048 123.394537
0.000000 0.000000 0.000000 0.000000 0.000000 0.000000 0.000000 123.414354 123.404585 123.395096 123.385606 123.375837 123.366268 123.356778 123.347010 123.337520 123.327951 123.318182 123.308692 123.299203 123.289354 123.279864 123.270375 123.260606 123.251116 123.241547 123.231778 123.222289 123.212799 123.202951 123.193461 123.183971 123.174203 123.168900 123.173365 123.182855 123.192344 123.202113 123.211683 123.221172 123.230941 123.240431 123.249920 123.259490 123.269258 123.278748 123.288517 123.298086 123.307576 123.317344 123.326834 123.336404 123.345893 123.355662 123.365151 123.374920 123.384490 123.393979
0.000000 0.000000 0.000000 0.000000 0.000000 0.000000 0.000000 123.413796 123.404027 123.394537 123.385048 123.375279 123.365710 123.356220 123.346451 123.336962 123.327392 123.317624 123.308134 123.298644 123.288796 123.279306 123.269817 123.260048 123.250558 123.240989 123.231220 123.221730 123.212241 123.202392 123.192903 123.183413 123.173644 123.168341 123.172807 123.182297 123.191786 123.201555 123.211124 123.220614 123.230383 123.239872 123.249362 123.258931 123.268700 123.278190 123.287958 123.297528 123.307018 123.316786 123.326276 123.335845 123.345335 123.355104 123.364593 123.374362 123.383931 123.393421
0.000000 0.000000 0.000000 0.000000 0.000000 0.000000 0.000000 123.413238 123.403469 123.393979 123.384490 123.374641 123.365151 123.355662 123.345893 123.336404 123.326834 123.317065 123.307576 123.298086 123.288238 123.278748 123.269258 123.259490 123.249920 123.240431 123.230662 123.221172 123.211683 123.201834 123.192344 123.182855 123.173086 123.167783 123.172249 123.181738 123.191228 123.200997 123.210566 123.220056 123.229825 123.239314 123.248804 123.258373 123.268142 123.277632 123.287400 123.296970 123.306459 123.316228 123.325718 123.335287 123.344777 123.354545 123.364035 123.373804 123.383373 123.392863
0.000000 0.000000 0.000000 0.000000 0.000000 0.000000 0.000000 123.412679 123.402911 123.393421 123.383931 123.374083 123.364593 123.355104 123.345335 123.335845 123.326276 123.316507 123.307018 123.297528 123.287679 123.278190 123.268700 123.258931 123.249362 123.239872 123.230104 123.220614 123.211124 123.201276 123.191786 123.182297 123.172528 123.167225 123.171691 123.181180 123.190670 123.200439 123.210008 123.219498 123.229266 123.238756 123.248246 123.257815 123.267584 123.277073 123.286842 123.296411 123.305901 123.315670 123.325159 123.334729 123.344218 123.353987 123.363477 123.373246 123.382815 123.392305
0.000000 0.000000 0.000000 0.000000 0.000000 0.000000 0.000000 123.412121 123.402352 123.392863 123.383373 123.373525 123.364035 123.354545 123.344777 123.335287 123.325718 123.315949 123.306459 123.296970 123.287121 123.277632 123.268142 123.258373 123.248804 123.239314 123.229545 123.220056 123.210566 123.200718 123.191228 123.181738 123.171970 123.166667 123.171132 123.180622 123.190112 123.199880 123.209450 123.218939 123.228708 123.238198 123.247687 123.257257 123.267025 123.276515 123.286284 123.295853 123.305343 123.315112 123.324601 123.334171 123.343660 123.353429 123.362919 123.372687 123.382257 123.391746
0.000000 0.000000 0.000000 0.000000 0.000000 0.000000 0.000000 123.411563 123.401794 123.392305 123.382815 123.372966 123.363477 123.353987 123.344218 123.334729 123.325159 123.315391 123.305901 123.296411 123.286563 123.277073 123.267584 123.257815 123.248246 123.238756 123.228987 123.219498 123.210008 123.200159 123.190670 123.181180 123.171411 123.166308 123.170574 123.180064 123.189553 123.199322 123.208892 123.218381 123.228150 123.237640 123.247129 123.256699 123.266467 123.275957 123.285726 123.295295 123.304785 123.314553 123.324043 123.333612 123.343102 123.352871 123.362360 123.372129 123.381699 123.391188
0.000000 0.000000 0.000000 0.000000 0.000000 0.000000 0.000000 123.411005 123.401236 123.391746 123.382257 123.372408 123.362919 123.353429 123.343660 123.334171 123.324601 123.314833 123.305343 123.295853 123.286005 123.276515 123.267025 123.257257 123.247687 123.238198 123.228429 123.218939 123.209450 123.199601 123.190112 123.180622 123.170853 123.165750 123.170016 123.179506 123.188995 123.198764 123.208254 123.217823 123.227592 123.237081 123.246571 123.256140 123.265909 123.275399 123.285167 123.294737 123.304226 123.313995 123.323485 123.332974 123.342544 123.352313 123.361802 123.371571 123.381140 123.390630
0.000000 0.000000 0.000000 0.000000 0.000000 0.000000 0.000000 123.410447 123.400678 123.391188 123.381699 123.371850 123.362360 123.352871 123.343102 123.333612 123.324043 123.314274 123.304785 123.295295 123.285447 123.275957 123.266467 123.256699 123.247129 123.237640 123.227871 123.218381 123.208892 123.199043 123.189553 123.180064 123.170295 123.165191 123.169458 123.178947 123.188437 123.198206 123.207695 123.217265 123.227033 123.236523 123.246013 123.255582 123.265351 123.274840 123.284609 123.294179 123.303668 123.313437 123.322927 123.332416 123.341986 123.351754 123.361244 123.371013 123.380582 123.390072
0.000000 0.000000 0.000000 0.000000 0.000000 0.000000 0.000000 123.409888 123.400120 123.390630 123.381140 123.371292 123.361802 123.352313 123.342544 123.332974 123.323485 123.313716 123.304226 123.294737 123.284888 123.275399 123.265909 123.256140 123.246571 123.237081 123.227313 123.217823 123.208254 123.198485 123.188995 123.179506 123.169737 123.164633 123.168900 123.178389 123.187879 123.197647 123.207137 123.216707 123.226475 123.235965 123.245455 123.255024 123.264793 123.274282 123.284051 123.293620 123.303110 123.312879 123.322368 123.331858 123.341427 123.351196 123.360686 123.370455 123.380024 123.389514
0.000000 0.000000 0.000000 0.000000 0.000000 0.000000 0.000000 123.409330 123.399561 123.390072 123.380582 123.370734 123.361244 123.351754 123.341986 123.332416 123.322927 123.313158 123.303668 123.294179 123.284330 123.274840 123.265351 123.255582 123.246013 123.236523 123.226754 123.217265 123.207695 123.197927 123.188437 123.178947 123.169179 123.164075 123.168341 123.177831 123.187321 123.197089 123.206579 123.216148 123.225917 123.235407 123.244896 123.254466 123.264234 123.273724 123.283493 123.293062 123.302552 123.312321 123.321810 123.331300 123.340869 123.350638 123.360128 123.369896 123.379466 123.388955
0.000000 0.000000 0.000000 0.000000 0.000000 0.000000 0.000000 123.408772 123.399003 123.389514 123.380024 123.370175 123.360686 123.351196 123.341427 123.331858 123.322368 123.312600 123.303110 123.293620 123.283772 123.274282 123.264793 123.255024 123.245455 123.235965 123.226196 123.216707 123.207137 123.197368 123.187879 123.178389 123.168620 123.163517 123.167783 123.177273 123.186762 123.196531 123.206021 123.215590 123.225359 123.234848 123.244338 123.253907 123.263676 123.273166 123.282935 123.292504 123.301994 123.311762 123.321252 123.330742 123.340311 123.350080 123.359569 123.369338 123.378907 123.388397
0.000000 0.000000 0.000000 0.000000 0.000000 0.000000 0.000000 123.408214 123.398445 123.388955 123.379466 123.369617 123.360128 123.350638 123.340869 123.331300 123.321810 123.312041 123.302552 123.293062 123.283214 123.273724 123.264234 123.254466 123.244896 123.235407 123.225638 123.216148 123.206579 123.196810 123.187321 123.177831 123.168062 123.162958 123.167225 123.176715 123.186204 123.195973 123.205462 123.215032 123.224801 123.234290 123.243780 123.253349 123.263118 123.272608 123.282376 123.291946 123.301435 123.311204 123.320694 123.330183 123.339753 123.349522 123.359011 123.368780 123.378349 123.387839
0.000000 0.000000 0.000000 0.000000 0.000000 0.000000 0.000000 123.407655 123.397887 123.388397 123.378907 123.369059 123.359569 123.350080 123.340311 123.330742 123.321252 123.311483 123.301994 123.292504 123.282655 123.273166 123.263676 123.253907 123.244338 123.234848 123.225080 123.215590 123.206021 123.196252 123.186762 123.177273 123.167504 123.162400 123.166587 123.176156 123.185646 123.195415 123.204904 123.214474 123.224242 123.233732 123.243222 123.252791 123.262560 123.272049 123.281818 123.291308 123.300877 123.310646 123.320136 123.329625 123.339195 123.348963 123.358453 123.368222 123.377791 123.387281
0.000000 0.000000 0.000000 0.000000 0.000000 0.000000 123.416587 123.407097 123.397329 123.387839 123.378349 123.368501 123.359011 123.349522 123.339753 123.330183 123.320694 123.310925 123.301435 123.291946 123.282097 123.272608 123.263118 123.253349 123.243780 123.234290 123.224522 123.215032 123.205462 123.195694 123.186204 123.176715 123.166946 123.161842 123.166029 123.175598 123.185088 123.194856 123.204346 123.213915 123.223684 123.233174 123.242663 123.252233 123.262002 123.271491 123.281260 123.290750 123.300319 123.310088 123.319577 123.329067 123.338636 123.348405 123.357895 123.367663 123.377233 123.386722
0.000000 0.000000 0.000000 0.000000 0.000000 0.000000 123.416029 123.406539 123.396770 123.387281 123.377791 123.367943 123.358453 123.348963 123.339195 123.329625 123.320136 123.310367 123.300877 123.291308 123.281539 123.272049 123.262560 123.252791 123.243222 123.233732 123.223963 123.214474 123.204904 123.195136 123.185646 123.176156 123.166587 123.161284 123.165470 123.175040 123.184529 123.194298 123.203788 123.213357 123.223126 123.232616 123.242105 123.251675 123.261443 123.270933 123.280702 123.290191 123.299761 123.309529 123.319019 123.328509 123.338078 123.347847 123.357336 123.367105 123.376675 123.386164
0.000000 0.000000 0.000000 0.000000 0.000000 0.000000 123.415470 123.405981 123.396212 123.386722 123.377233 123.367384 123.357895 123.348405 123.338636 123.329067 123.319577 123.309809 123.300319 123.290750 123.280981 123.271491 123.262002 123.252233 123.242663 123.233174 123.223405 123.213915 123.204346 123.194577 123.185088 123.175598 123.166029 123.160726 123.164912 123.174482 123.183971 123.193740 123.203230 123.212799 123.222568 123.232057 123.241547 123.251116 123.260885 123.270375 123.280144 123.289633 123.299203 123.308971 123.318461 123.327951 123.337520 123.347289 123.356778 123.366547 123.376116 123.385606
0.000000 0.000000 0.000000 0.000000 0.000000 0.000000 123.414912 123.405423 123.395654 123.386164 123.376675 123.366826 123.357336 123.347847 123.338078 123.328509 123.319019 123.309250 123.299761 123.290191 123.280423 123.270933 123.261443 123.251675 123.242105 123.232616 123.222847 123.213357 123.203788 123.194019 123.184529 123.175040 123.165470 123.160167 123.164354 123.173923 123.183413 123.193182 123.202671 123.212241 123.222010 123.231499 123.240989 123.250558 123.260327 123.269817 123.279585 123.289075 123.298644 123.308413 123.317903 123.327392 123.336962 123.346730 123.356220 123.365989 123.375558 123.385048
0.000000 0.000000 0.000000 0.000000 0.000000 0.000000 123.414354 123.404864 123.395096 123.385606 123.376116 123.366268 123.356778 123.347289 123.337520 123.327951 123.318461 123.308692 123.299203 123.289633 123.279864 123.270375 123.260885 123.251116 123.241547 123.232057 123.222289 123.212799 123.203230 123.193461 123.183971 123.174482 123.164912 123.159609 123.163796 123.173365 123.182855 123.192624 123.202113 123.211683 123.221451 123.230941 123.240431 123.250000 123.259769 123.269258 123.279027 123.288517 123.298086 123.307855 123.317344 123.326834 123.336404 123.346172 123.355662 123.365431 123.374920 123.384490
0.000000 0.000000 0.000000 0.000000 0.000000 0.000000 123.413796 123.404306 123.394537 123.385048 123.375558 123.365710 123.356220 123.346730 123.336962 123.327392 123.317903 123.308134 123.298644 123.289075 123.279306 123.269817 123.260327 123.250558 123.240989 123.231499 123.221730 123.212241 123.202671 123.192903 123.183413 123.173923 123.164354 123.159051 123.163238 123.172807 123.182297 123.192065 123.201555 123.211124 123.220893 123.230383 123.239872 123.249641 123.259211 123.268700 123.278469 123.287958 123.297528 123.307297 123.316786 123.326276 123.335845 123.345614 123.355104 123.364872 123.374362 123.383931
0.000000 0.000000 0.000000 0.000000 0.000000 0.000000 123.413238 123.403748 123.393979 123.384490 123.374920 123.365151 123.355662 123.346172 123.336404 123.326834 123.317344 123.307576 123.298086 123.288517 123.278748 123.269258 123.259769 123.250000 123.240431 123.230941 123.221172 123.211683 123.202113 123.192344 123.182855 123.173365 123.163796 123.158493 123.162679 123.172249 123.181738 123.191507 123.200997 123.210566 123.220335 123.229825 123.239314 123.249083 123.258652 123.268142 123.277911 123.287400 123.296970 123.306738 123.316228 123.325718 123.335287 123.345056 123.354545 123.364314 123.373804 123.383373
0.000000 0.000000 0.000000 0.000000 0.000000 0.000000 123.412679 123.403190 123.393421 123.383931 123.374362 123.364593 123.355104 123.345614 123.335845 123.326276 123.316786 123.307018 123.297528 123.287958 123.278190 123.268700 123.259211 123.249641 123.239872 123.230383 123.220614 123.211124 123.201555 123.191786 123.182297 123.172807 123.163238 123.157935 123.162121 123.171691 123.181180 123.190949 123.200439 123.210008 123.219777 123.229266 123.238756 123.248525 123.258094 123.267584 123.277352 123.286842 123.296411 123.306180 123.315670 123.325159 123.334729 123.344498 123.353987 123.363756 123.373246 123.382815
0.000000 0.000000 0.000000 0.000000 0.000000 0.000000 123.412121 123.402632 123.392863 123.383373 123.373804 123.364035 123.354545 123.345056 123.335287 123.325718 123.316228 123.306459 123.296970 123.287400 123.277632 123.268142 123.258652 123.249083 123.239314 123.229825 123.220056 123.210566 123.200997 123.191228 123.181738 123.172249 123.162679 123.157376 123.161563 123.171132 123.180622 123.190391 123.199880 123.209450 123.219218 123.228708 123.238198 123.247966 123.257536 123.267025 123.276794 123.286284 123.295853 123.305622 123.315112 123.324601 123.334171 123.343939 123.353429 123.363198 123.372687 123.382257
0.000000 0.000000 0.000000 0.000000 0.000000 0.000000 123.411563 123.402073 123.392305 123.382815 123.373246 123.363477 123.353987 123.344498 123.334729 123.325159 123.315670 123.305901 123.296411 123.286842 123.277073 123.267584 123.258094 123.248525 123.238756 123.229266 123.219498 123.210008 123.200439 123.190670 123.181180 123.171691 123.162121 123.156818 123.161005 123.170574 123.180064 123.189833 123.199322 123.208892 123.218660 123.228150 123.237640 123.247408 123.256978 123.266467 123.276236 123.285726 123.295295 123.305064 123.314553 123.324043 123.333612 123.343381 123.352871 123.362640 123.372129 123.381699
0.000000 0.000000 0.000000 0.000000 0.000000 0.000000 123.411005 123.401515 123.391746 123.382257 123.372687 123.362919 123.353429 123.343939 123.334171 123.324601 123.315112 123.305343 123.295853 123.286284 123.276515 123.267025 123.257536 123.247966 123.238198 123.228708 123.218939 123.209450 123.199880 123.190112 123.180622 123.171132 123.161563 123.156260 123.160447 123.170016 123.179506 123.189274 123.198764 123.208333 123.218102 123.227592 123.237081 123.246850 123.256419 123.265909 123.275678 123.285167 123.294737 123.304506 123.313995 123.323485 123.333254 123.342823 123.352313 123.362081 123.371571 123.381140
0.000000 0.000000 0.000000 0.000000 0.000000 0.000000 123.410447 123.400957 123.391188 123.381699 123.372129 123.362360 123.352871 123.343381 123.333612 123.324043 123.314553 123.304785 123.295295 123.285726 123.275957 123.266467 123.256978 123.247408 123.237640 123.228150 123.218381 123.208892 123.199322 123.189553 123.180064 123.170574 123.161005 123.155702 123.159888 123.169458 123.178947 123.188716 123.198206 123.207974 123.217544 123.227033 123.236523 123.246292 123.255861 123.265351 123.275120 123.284609 123.294179 123.303947 123.313437 123.322927 123.332695 123.342265 123.351754 123.361523 123.371013 123.380582
