FireSTARR/test/constant/O1a_S060_A270_WD180_WS000/arrival.asc
ncols         67
nrows         747
xllcorner     423303.990666
yllcorner     12748755.311160
cellsize      100.000000
NODATA_value  0.000000
[rows 494 to 519 of 747, columns 0 to 57 of 67]
0.000000 0.000000 0.000000 0.000000 123.414633 123.404864 123.395375 123.385885 123.376116 123.366547 123.357057 123.347289 123.337799 123.328230 123.318461 123.308971 123.299482 123.289912 123.280144 123.270654 123.260885 123.251396 123.241826 123.232336 123.222568 123.213078 123.203509 123.193740 123.184250 123.174482 123.164912 123.155423 123.145933 123.140630 123.144817 123.154306 123.164075 123.173644 123.183134 123.192903 123.202392 123.211962 123.221451 123.231220 123.240710 123.250279 123.260048 123.269537 123.279306 123.288796 123.298365 123.307855 123.317624 123.327113 123.336683 123.346451 123.355941 123.365431
0.000000 0.000000 0.000000 0.000000 123.414075 123.404306 123.394817 123.385327 123.375558 123.365989 123.356499 123.346730 123.337241 123.327671 123.317903 123.308413 123.298923 123.289354 123.279585 123.270096 123.260327 123.250837 123.241268 123.231778 123.222010 123.212520 123.202951 123.193182 123.183692 123.173923 123.164354 123.154864 123.145375 123.140072 123.144258 123.153748 123.163517 123.173086 123.182576 123.192344 123.201834 123.211404 123.220893 123.230662 123.240151 123.249920 123.259490 123.268979 123.278748 123.288238 123.297807 123.307297 123.317065 123.326555 123.336124 123.345893 123.355383 123.364872
0.000000 0.000000 0.000000 0.000000 123.413517 123.403748 123.394258 123.384769 123.375000 123.365431 123.355941 123.346172 123.336683 123.327113 123.317344 123.307855 123.298365 123.288796 123.279027 123.269537 123.259769 123.250279 123.240710 123.231220 123.221451 123.211962 123.202392 123.192624 123.183134 123.173365 123.163796 123.154306 123.144817 123.139514 123.143700 123.153190 123.162958 123.172528 123.182018 123.191786 123.201276 123.210845 123.220335 123.230104 123.239593 123.249362 123.258931 123.268421 123.278190 123.287679 123.297249 123.306738 123.316507 123.325997 123.335566 123.345335 123.354825 123.364314
0.000000 0.000000 0.000000 0.000000 123.412958 123.403190 123.393700 123.384211 123.374641 123.364872 123.355383 123.345614 123.336124 123.326555 123.316786 123.307297 123.297807 123.288238 123.278469 123.268979 123.259211 123.249641 123.240151 123.230662 123.220893 123.211404 123.201834 123.192065 123.182576 123.172807 123.163238 123.153748 123.144258 123.138955 123.143142 123.152632 123.162400 123.171970 123.181459 123.191228 123.200718 123.210287 123.219777 123.229545 123.239035 123.248804 123.258373 123.267863 123.277632 123.287121 123.296691 123.306180 123.315949 123.325439 123.335008 123.344777 123.354266 123.363756
0.000000 0.000000 0.000000 0.000000 123.412400 123.402632 123.393142 123.383652 123.374083 123.364314 123.354825 123.345056 123.335566 123.325997 123.316228 123.306738 123.297249 123.287679 123.277911 123.268421 123.258652 123.249083 123.239593 123.230104 123.220335 123.210845 123.201276 123.191507 123.182018 123.172249 123.162679 123.153190 123.143700 123.138397 123.142584 123.152073 123.161842 123.171411 123.180901 123.190670 123.200159 123.209729 123.219218 123.228987 123.238477 123.248246 123.257815 123.267305 123.277073 123.286563 123.296132 123.305622 123.315391 123.324880 123.334450 123.344218 123.353708 123.363198
0.000000 0.000000 0.000000 0.000000 123.411842 123.402073 123.392584 123.383094 123.373525 123.363756 123.354266 123.344498 123.335008 123.325439 123.315670 123.306180 123.296691 123.287121 123.277352 123.267863 123.258094 123.248525 123.239035 123.229545 123.219777 123.210287 123.200718 123.190949 123.181459 123.171691 123.162121 123.152632 123.143142 123.137839 123.142025 123.151515 123.161284 123.170853 123.180343 123.190112 123.199601 123.209171 123.218660 123.228429 123.237919 123.247687 123.257257 123.266746 123.276515 123.286005 123.295574 123.305064 123.314833 123.324322 123.333892 123.343660 123.353150 123.362640
0.000000 0.000000 0.000000 0.000000 123.411284 123.401515 123.392025 123.382536 123.372966 123.363198 123.353708 123.343939 123.334450 123.324880 123.315112 123.305622 123.296132 123.286563 123.276794 123.267305 123.257536 123.247966 123.238477 123.228987 123.219218 123.209729 123.200159 123.190391 123.180901 123.171132 123.161563 123.152073 123.142584 123.137281 123.141467 123.150957 123.160726 123.170295 123.179785 123.189553 123.199043 123.208612 123.218102 123.227871 123.237360 123.247129 123.256699 123.266188 123.275957 123.285447 123.295016 123.304506 123.314274 123.323764 123.333254 123.343102 123.352592 123.362081
0.000000 0.000000 0.000000 0.000000 123.410726 123.400957 123.391467 123.381978 123.372408 123.362640 123.353150 123.343381 123.333892 123.324322 123.314553 123.305064 123.295574 123.286005 123.276236 123.266746 123.256978 123.247408 123.237919 123.228429 123.218660 123.209171 123.199601 123.189833 123.180343 123.170574 123.161005 123.151515 123.142025 123.136722 123.140909 123.150399 123.160167 123.169737 123.179226 123.188995 123.198485 123.207974 123.217544 123.227313 123.236802 123.246571 123.256140 123.265630 123.275399 123.284888 123.294458 123.303947 123.313716 123.323206 123.332695 123.342544 123.352033 123.361523
0.000000 0.000000 0.000000 0.000000 123.410167 123.400399 123.390909 123.381419 123.371850 123.362081 123.352592 123.342823 123.333254 123.323764 123.313995 123.304506 123.295016 123.285447 123.275678 123.266188 123.256419 123.246850 123.237360 123.227871 123.218102 123.208612 123.199043 123.189274 123.179785 123.170016 123.160447 123.150957 123.141467 123.136164 123.140351 123.149840 123.159609 123.169179 123.178668 123.188437 123.197927 123.207416 123.216986 123.226754 123.236244 123.246013 123.255582 123.265072 123.274840 123.284330 123.293900 123.303389 123.313158 123.322647 123.332137 123.341986 123.351475 123.360965
0.000000 0.000000 0.000000 0.000000 123.409609 123.399840 123.390351 123.380861 123.371292 123.361523 123.352033 123.342265 123.332695 123.323206 123.313437 123.303947 123.294458 123.284888 123.275120 123.265630 123.255861 123.246292 123.236802 123.227313 123.217544 123.207974 123.198485 123.188716 123.179226 123.169458 123.159888 123.150399 123.140909 123.135606 123.139793 123.149282 123.159051 123.168620 123.178110 123.187879 123.197368 123.206858 123.216427 123.226196 123.235686 123.245455 123.255024 123.264514 123.274282 123.283772 123.293341 123.302831 123.312600 123.322089 123.331579 123.341427 123.350917 123.360407
0.000000 0.000000 0.000000 0.000000 123.409051 123.399282 123.389793 123.380303 123.370734 123.360965 123.351475 123.341707 123.332137 123.322647 123.312879 123.303389 123.293900 123.284330 123.274561 123.265072 123.255303 123.245734 123.236244 123.226754 123.216986 123.207416 123.197927 123.188158 123.178668 123.168900 123.159330 123.149840 123.140351 123.135048 123.139234 123.148724 123.158493 123.168062 123.177552 123.187321 123.196810 123.206300 123.215869 123.225638 123.235128 123.244896 123.254466 123.263955 123.273724 123.283214 123.292783 123.302273 123.312041 123.321531 123.331021 123.340869 123.350359 123.359848
0.000000 0.000000 0.000000 0.000000 123.408493 123.398724 123.389234 123.379745 123.370175 123.360407 123.350917 123.341148 123.331579 123.322089 123.312321 123.302831 123.293341 123.283772 123.274003 123.264514 123.254745 123.245175 123.235686 123.226196 123.216427 123.206858 123.197368 123.187600 123.178110 123.168341 123.158772 123.149282 123.139793 123.134490 123.138676 123.148166 123.157935 123.167504 123.176994 123.186762 123.196252 123.205742 123.215311 123.225080 123.234569 123.244338 123.253907 123.263397 123.273166 123.282655 123.292225 123.301715 123.311483 123.320973 123.330462 123.340311 123.349801 123.359290
0.000000 0.000000 0.000000 0.000000 123.407935 123.398166 123.388676 123.379187 123.369617 123.359848 123.350359 123.340590 123.331021 123.321531 123.311762 123.302273 123.292783 123.283214 123.273445 123.263955 123.254187 123.244617 123.235128 123.225638 123.215869 123.206300 123.196810 123.187041 123.177552 123.167783 123.158214 123.148724 123.139234 123.133931 123.138118 123.147608 123.157376 123.166946 123.176435 123.186204 123.195694 123.205183 123.214753 123.224522 123.234011 123.243780 123.253349 123.262839 123.272608 123.282097 123.291587 123.301156 123.310925 123.320415 123.329904 123.339753 123.349242 123.358732
0.000000 0.000000 0.000000 0.000000 123.407376 123.397608 123.388118 123.378628 123.369059 123.359290 123.349801 123.340032 123.330462 123.320973 123.311204 123.301715 123.292225 123.282655 123.272887 123.263397 123.253628 123.244059 123.234569 123.225080 123.215311 123.205742 123.196252 123.186483 123.176994 123.167225 123.157655 123.148166 123.138676 123.133373 123.137560 123.147049 123.156818 123.166308 123.175877 123.185646 123.195136 123.204625 123.214195 123.223963 123.233453 123.243222 123.252791 123.262281 123.272049 123.281539 123.291029 123.300598 123.310367 123.319856 123.329346 123.339195 123.348684 123.358174
0.000000 0.000000 0.000000 123.416308 123.406818 123.397049 123.387560 123.378070 123.368501 123.358732 123.349242 123.339474 123.329904 123.320415 123.310646 123.301156 123.291587 123.282097 123.272329 123.262839 123.253070 123.243501 123.234011 123.224522 123.214753 123.205183 123.195694 123.185925 123.176435 123.166667 123.157097 123.147608 123.138118 123.132815 123.137002 123.146491 123.156260 123.165750 123.175319 123.185088 123.194577 123.204067 123.213636 123.223405 123.232895 123.242663 123.252233 123.261722 123.271491 123.280981 123.290470 123.300040 123.309809 123.319298 123.328788 123.338636 123.348126 123.357616
0.000000 0.000000 0.000000 123.415750 123.406260 123.396491 123.387002 123.377512 123.367943 123.358174 123.348684 123.338915 123.329346 123.319856 123.310088 123.300598 123.291029 123.281539 123.271770 123.262281 123.252512 123.242943 123.233453 123.223963 123.214195 123.204625 123.195136 123.185367 123.175877 123.166308 123.156539 123.147049 123.137560 123.132257 123.136443 123.145933 123.155702 123.165191 123.174761 123.184529 123.194019 123.203509 123.213078 123.222847 123.232336 123.242105 123.251675 123.261164 123.270933 123.280423 123.289912 123.299482 123.309250 123.318740 123.328230 123.338078 123.347568 123.357057
0.000000 0.000000 0.000000 123.415191 123.405702 123.395933 123.386443 123.376954 123.367384 123.357616 123.348126 123.338357 123.328788 123.319298 123.309529 123.300040 123.290470 123.280981 123.271212 123.261722 123.251954 123.242384 123.232895 123.223405 123.213636 123.204067 123.194577 123.184809 123.175319 123.165750 123.155981 123.146491 123.137002 123.131699 123.135885 123.145375 123.155144 123.164633 123.174203 123.183971 123.193461 123.202951 123.212520 123.222289 123.231778 123.241547 123.251116 123.260606 123.270375 123.279864 123.289354 123.298923 123.308692 123.318182 123.327671 123.337520 123.347010 123.356499
0.000000 0.000000 0.000000 123.414633 123.405144 123.395375 123.385885 123.376396 123.366826 123.357057 123.347568 123.337799 123.328230 123.318740 123.308971 123.299482 123.289912 123.280423 123.270654 123.261164 123.251396 123.241826 123.232336 123.222847 123.213078 123.203509 123.194019 123.184250 123.174761 123.165191 123.155423 123.145933 123.136443 123.131140 123.135327 123.144817 123.154585 123.164075 123.173644 123.183413 123.192903 123.202392 123.211962 123.221730 123.231220 123.240989 123.250558 123.260048 123.269817 123.279306 123.288796 123.298365 123.308134 123.317624 123.327113 123.336962 123.346451 123.355941
0.000000 0.000000 0.000000 123.414075 123.404585 123.394817 123.385327 123.375837 123.366268 123.356499 123.347010 123.337241 123.327671 123.318182 123.308413 123.298923 123.289354 123.279864 123.270096 123.260606 123.250837 123.241268 123.231778 123.222289 123.212520 123.202951 123.193461 123.183692 123.174203 123.164633 123.154864 123.145375 123.135885 123.130582 123.134769 123.144258 123.154027 123.163517 123.173086 123.182855 123.192344 123.201834 123.211404 123.221172 123.230662 123.240431 123.249920 123.259490 123.269258 123.278748 123.288238 123.297807 123.307576 123.317065 123.326555 123.336404 123.345893 123.355383
0.000000 0.000000 0.000000 123.413517 123.404027 123.394258 123.384769 123.375279 123.365710 123.355941 123.346451 123.336683 123.327113 123.317624 123.307855 123.298365 123.288796 123.279306 123.269537 123.260048 123.250279 123.240710 123.231220 123.221730 123.211962 123.202392 123.192903 123.183134 123.173644 123.164075 123.154306 123.144817 123.135327 123.130024 123.134211 123.143700 123.153469 123.162958 123.172528 123.182297 123.191786 123.201276 123.210845 123.220614 123.230104 123.239872 123.249362 123.258931 123.268700 123.278190 123.287679 123.297249 123.307018 123.316507 123.325997 123.335845 123.345335 123.354825
0.000000 0.000000 0.000000 123.412958 123.403469 123.393700 123.384211 123.374641 123.365151 123.355383 123.345893 123.336124 123.326555 123.317065 123.307297 123.297807 123.288238 123.278748 123.268979 123.259490 123.249920 123.240151 123.230662 123.221172 123.211404 123.201834 123.192344 123.182576 123.173086 123.163517 123.153748 123.144258 123.134769 123.129466 123.133652 123.143142 123.152911 123.162400 123.171970 123.181738 123.191228 123.200718 123.210287 123.220056 123.229545 123.239314 123.248804 123.258373 123.268142 123.277632 123.287121 123.296691 123.306459 123.315949 123.325439 123.335287 123.344777 123.354266
0.000000 0.000000 0.000000 123.412400 123.402911 123.393142 123.383652 123.374083 123.364593 123.354825 123.345335 123.335566 123.325997 123.316507 123.306738 123.297249 123.287679 123.278190 123.268421 123.258931 123.249362 123.239593 123.230104 123.220614 123.210845 123.201276 123.191786 123.182018 123.172528 123.162958 123.153190 123.143700 123.134211 123.128907 123.133094 123.142584 123.152352 123.161842 123.171411 123.181180 123.190670 123.200159 123.209729 123.219498 123.228987 123.238756 123.248246 123.257815 123.267584 123.277073 123.286563 123.296132 123.305901 123.315391 123.324880 123.334729 123.344218 123.353708
0.000000 0.000000 0.000000 123.411842 123.402352 123.392584 123.383094 123.373525 123.364035 123.354266 123.344777 123.335008 123.325439 123.315949 123.306180 123.296691 123.287121 123.277632 123.267863 123.258373 123.248804 123.239035 123.229545 123.220056 123.210287 123.200718 123.191228 123.181459 123.171970 123.162400 123.152632 123.143142 123.133652 123.128349 123.132536 123.142025 123.151794 123.161284 123.170853 123.180622 123.190112 123.199601 123.209171 123.218939 123.228429 123.238198 123.247687 123.257257 123.267025 123.276515 123.286005 123.295574 123.305343 123.314833 123.324322 123.334171 123.343660 123.353150
0.000000 0.000000 0.000000 123.411284 123.401794 123.392025 123.382536 123.372966 123.363477 123.353708 123.344218 123.334450 123.324880 123.315391 123.305622 123.296132 123.286563 123.277073 123.267305 123.257815 123.248246 123.238477 123.228987 123.219498 123.209729 123.200159 123.190670 123.180901 123.171411 123.161842 123.152073 123.142584 123.133094 123.127791 123.131978 123.141467 123.151236 123.160726 123.170295 123.180064 123.189553 123.199043 123.208612 123.218381 123.227871 123.237640 123.247129 123.256699 123.266467 123.275957 123.285447 123.295016 123.304785 123.314274 123.323764 123.333612 123.343102 123.352592
0.000000 0.000000 0.000000 123.410726 123.401236 123.391467 123.381978 123.372408 123.362919 123.353150 123.343660 123.333892 123.324322 123.314833 123.305064 123.295574 123.286005 123.276515 123.266746 123.257257 123.247687 123.237919 123.228429 123.218939 123.209171 123.199601 123.190112 123.180343 123.170853 123.161284 123.151515 123.142025 123.132536 123.127233 123.131419 123.140909 123.150678 123.160167 123.169737 123.179506 123.188995 123.198485 123.208254 123.217823 123.227313 123.237081 123.246571 123.256140 123.265909 123.275399 123.284888 123.294458 123.304226 123.313716 123.323206 123.332974 123.342544 123.352033
0.000000 0.000000 0.000000 123.410167 123.400678 123.390909 123.381419 123.371850 123.362360 123.352592 123.343102 123.333333 123.323764 123.314274 123.304506 123.295016 123.285447 123.275957 123.266188 123.256699 123.247129 123.237360 123.227871 123.218381 123.208612 123.199043 123.189553 123.179785 123.170295 123.160726 123.150957 123.141467 123.131978 123.126675 123.130861 123.140351 123.150120 123.159609 123.169179 123.178947 123.188437 123.197927 123.207695 123.217265 123.226754 123.236523 123.246013 123.255582 123.265351 123.274840 123.284330 123.293900 123.303668 123.313158 123.322647 123.332416 123.341986 123.351475
