FireSTARR/test/constant/O1a_S060_A180_WD135_WS020/arrival.asc
ncols         736
nrows         120
xllcorner     426603.990666
yllcorner     12747455.311160
cellsize      100.000000
NODATA_value  0.000000
[rows 27 to 53 of 120, columns 480 to 539 of 736]
123.371054 123.371054 123.369657 123.367142 123.366863 123.365466 123.364907 123.362672 123.362392 123.359598 123.357642 123.357363 123.357084 123.356245 123.353451 123.352054 123.351775 123.351495 123.350378 123.349819 123.346466 123.345069 123.344789 123.344230 123.343113 123.341157 123.341157 123.340039 123.338922 123.338363 123.337804 123.337525 123.335289 123.334730 123.334172 123.332740 123.331623 123.331343 123.330226 123.328829 123.328549 123.327990 123.326873 123.325755 123.324917 123.324079 123.323520 123.322123 123.321005 123.320446 123.320167 123.319329 123.318211 123.317652 123.317373 123.316814 123.315417 123.314858 123.313740 123.313740
123.358760 123.358760 123.355407 123.353731 123.353731 123.352892 123.352054 123.349539 123.348422 123.348142 123.347025 123.346466 123.346186 123.344230 123.343392 123.341157 123.340039 123.339480 123.337525 123.336966 123.335848 123.335010 123.334451 123.333892 123.333613 123.331343 123.330785 123.330226 123.328829 123.327711 123.327432 123.326035 123.326035 123.324637 123.323799 123.322961 123.321843 123.321564 123.320446 123.319329 123.318211 123.317093 123.316814 123.316255 123.315137 123.314299 123.313461 123.313461 123.312902 123.311505 123.310667 123.310108 123.309829 123.308990 123.308152 123.307314 123.306755 123.305917 123.305079 123.305358
123.347304 123.344789 123.344510 123.343113 123.342275 123.341436 123.340319 123.339760 123.337245 123.336686 123.336407 123.334730 123.332740 123.331902 123.331064 123.330505 123.330226 123.329667 123.327432 123.327152 123.326035 123.324637 123.324079 123.323520 123.322123 123.322123 123.320446 123.319887 123.319049 123.318770 123.317373 123.316534 123.315417 123.315137 123.313461 123.312623 123.312064 123.311226 123.310108 123.310108 123.309549 123.308711 123.307593 123.306755 123.306476 123.305637 123.305079 123.304240 123.303402 123.302843 123.302284 123.301446 123.301167 123.301726 123.302284 123.302843 123.303681 123.304240 123.304799 123.305637
123.335848 123.333299 123.332740 123.332182 123.330785 123.328549 123.328549 123.327432 123.326593 123.326035 123.325755 123.323240 123.323240 123.322123 123.320726 123.320726 123.319608 123.318211 123.317932 123.316534 123.315976 123.315137 123.314858 123.313461 123.312623 123.311784 123.311226 123.309549 123.308431 123.308431 123.307593 123.306476 123.306196 123.305358 123.304799 123.303402 123.303123 123.302564 123.301726 123.300887 123.300328 123.299490 123.299211 123.298373 123.297534 123.297255 123.297814 123.298373 123.298931 123.299490 123.300049 123.300608 123.301726 123.303402 123.305358 123.307314 123.309270 123.311226 123.313182 123.315137
123.323520 123.322682 123.322123 123.321843 123.319608 123.319329 123.318490 123.317652 123.316255 123.315976 123.314299 123.313740 123.312623 123.312064 123.311784 123.310667 123.309270 123.308431 123.308431 123.307034 123.305637 123.304799 123.304520 123.303681 123.302564 123.301726 123.301446 123.300887 123.299490 123.299490 123.298652 123.297534 123.296976 123.296137 123.296137 123.295020 123.294181 123.293343 123.293343 123.293902 123.294461 123.295020 123.295578 123.296137 123.296696 123.297814 123.299490 123.301446 123.303402 123.305358 123.307314 123.309270 123.310946 123.312623 123.314858 123.316534 123.318490 123.319887 123.322123 123.324079
123.313740 123.312064 123.312064 123.310946 123.309829 123.308711 123.308152 123.307873 123.306755 123.305358 123.304799 123.304520 123.303123 123.301726 123.301446 123.300328 123.299490 123.298652 123.297814 123.297534 123.296976 123.296137 123.295020 123.294461 123.293623 123.293343 123.293064 123.292225 123.291074 123.290236 123.289397 123.289397 123.289956 123.290515 123.291074 123.291633 123.292225 123.292784 123.293623 123.295299 123.296976 123.298931 123.300887 123.302843 123.304799 123.306755 123.308711 123.310667 123.312343 123.314299 123.316255 123.317932 123.319887 123.321285 123.323240 123.325196 123.326873 123.328829 123.330505 123.332182
123.303681 123.302843 123.301726 123.301167 123.300328 123.299211 123.297814 123.297534 123.296417 123.295578 123.294461 123.294461 123.293623 123.292784 123.292225 123.291353 123.290515 123.289677 123.289397 123.288839 123.288280 123.287162 123.286324 123.285765 123.285486 123.286044 123.286603 123.287162 123.287721 123.288280 123.288839 123.289677 123.291633 123.293623 123.295299 123.296976 123.298931 123.300608 123.302284 123.304520 123.306196 123.308152 123.309549 123.311505 123.313461 123.315137 123.317093 123.318770 123.320446 123.322402 123.324358 123.326314 123.328270 123.330226 123.331623 123.333613 123.335569 123.337525 123.339480 123.340878
123.293623 123.292225 123.291633 123.291074 123.290515 123.289677 123.288839 123.288280 123.288000 123.286883 123.286044 123.285206 123.284647 123.284088 123.283530 123.282412 123.282133 123.281574 123.282133 123.282691 123.283250 123.283809 123.284368 123.284927 123.285486 123.287441 123.288839 123.291074 123.292784 123.294461 123.296417 123.298373 123.300328 123.301726 123.303681 123.305637 123.307314 123.309270 123.310946 123.312623 123.314579 123.316534 123.318490 123.320446 123.322402 123.324358 123.326314 123.328270 123.330226 123.331902 123.333613 123.335569 123.337245 123.339201 123.341157 123.342833 123.344789 123.346745 123.348701 123.350098
123.284088 123.284088 123.282691 123.282971 123.281574 123.280736 123.280177 123.279618 123.278500 123.277941 123.277662 123.277941 123.278500 123.279059 123.279618 123.280177 123.281015 123.281574 123.283530 123.285206 123.287162 123.288839 123.290515 123.292505 123.294461 123.296417 123.297814 123.299770 123.301726 123.303402 123.305637 123.307314 123.309549 123.311226 123.313461 123.314858 123.316814 123.318770 123.320446 123.322402 123.324079 123.325755 123.327711 123.329388 123.331623 123.333299 123.335289 123.337245 123.338922 123.340878 123.342833 123.344789 123.346745 123.348701 123.349260 123.350098 123.352054 123.353731 123.355407 123.357363
123.275706 123.274588 123.274030 123.273750 123.274030 123.274588 123.275147 123.275706 123.276265 123.276824 123.277383 123.279338 123.281294 123.283250 123.284927 123.286603 123.288559 123.290236 123.292225 123.294181 123.295578 123.297534 123.299211 123.300887 123.303123 123.304240 123.306476 123.308152 123.309829 123.312064 123.313461 123.315137 123.317373 123.319049 123.321005 123.322402 123.324358 123.326314 123.327990 123.330226 123.331623 123.333299 123.335289 123.336966 123.338642 123.340878 123.342554 123.344510 123.345907 123.347863 123.350098 123.351495 123.353451 123.355128 123.356804 123.359039 123.360716 123.362672 123.364348 123.366304
123.271794 123.272353 123.272912 123.273471 123.275147 123.277103 123.278780 123.280736 123.282691 123.284647 123.286324 123.288559 123.289956 123.291946 123.293902 123.295858 123.297814 123.299490 123.301167 123.303123 123.304799 123.307034 123.308431 123.310387 123.312343 123.314020 123.315976 123.317932 123.319887 123.321564 123.323240 123.325196 123.327152 123.329108 123.330505 123.332461 123.334451 123.336127 123.338363 123.340039 123.342275 123.343672 123.345628 123.347863 123.349260 123.351216 123.352892 123.354569 123.356525 123.358481 123.360436 123.362392 123.364348 123.366025 123.368260 123.369937 123.371613 123.373848 123.375279 123.377515
123.276824 123.278780 123.280736 123.282691 123.284647 123.286603 123.288559 123.290236 123.291667 123.293902 123.295578 123.297255 123.299211 123.300887 123.303123 123.305079 123.307034 123.308990 123.310946 123.312902 123.314858 123.316534 123.318211 123.320446 123.322123 123.324079 123.326035 123.327990 123.329388 123.331343 123.333299 123.335010 123.336966 123.338642 123.340319 123.342275 123.344230 123.346186 123.348142 123.350098 123.351775 123.353451 123.355407 123.357084 123.359319 123.360716 123.362672 123.364628 123.366304 123.368260 123.370216 123.372172 123.373848 123.375559 123.377515 123.378912 123.380868 123.382824 123.384500 123.386456
123.286324 123.288000 123.290236 123.291353 123.293343 123.295299 123.296976 123.298931 123.300887 123.302843 123.304799 123.306755 123.308431 123.310108 123.312343 123.313461 123.315696 123.317373 123.319049 123.321005 123.322682 123.324358 123.326593 123.328270 123.330226 123.332182 123.334172 123.335848 123.337245 123.339480 123.341157 123.342833 123.345069 123.346745 123.348701 123.350098 123.352054 123.354010 123.355686 123.357642 123.359319 123.360995 123.363231 123.364907 123.366863 123.368819 123.370775 123.372172 123.374128 123.376118 123.378074 123.380029 123.381985 123.383941 123.385338 123.387294 123.389530 123.390927 123.392882 123.394559
123.294740 123.296696 123.298652 123.300608 123.302005 123.303961 123.305917 123.307314 123.309549 123.311226 123.312902 123.314858 123.316814 123.318770 123.320726 123.322682 123.324079 123.326035 123.327990 123.329667 123.331902 123.333299 123.335010 123.337245 123.338922 123.340878 123.342275 123.344230 123.346186 123.347863 123.349819 123.351495 123.353172 123.355407 123.357084 123.359039 123.360436 123.362392 123.364348 123.366025 123.368260 123.369937 123.372172 123.373848 123.375838 123.377794 123.379191 123.381147 123.382824 123.384500 123.386735 123.387853 123.389809 123.392044 123.393441 123.395397 123.397074 123.398750 123.400985 123.402103
123.303681 123.305637 123.307314 123.308990 123.311226 123.312902 123.314858 123.316814 123.318770 123.320726 123.322682 123.324637 123.326593 123.328270 123.329946 123.331902 123.333613 123.335569 123.337525 123.339201 123.341157 123.342554 123.344510 123.346466 123.348142 123.350098 123.351775 123.353451 123.355407 123.357363 123.359319 123.361275 123.363231 123.365186 123.366304 123.366863 123.368260 123.369937 123.371892 123.373848 123.375838 123.377515 123.379191 123.381147 123.382824 123.384779 123.386735 123.388412 123.390368 123.392044 123.394280 123.395677 123.397633 123.399868 123.401265 123.403221 123.404897 123.406574 123.408530 123.410486
123.312623 123.314020 123.315976 123.317652 123.319329 123.321564 123.322961 123.324917 123.326593 123.328270 123.330226 123.331902 123.333613 123.335569 123.337245 123.338922 123.340878 123.342833 123.344789 123.346745 123.348701 123.350378 123.352054 123.354289 123.355966 123.357922 123.359039 123.360157 123.361834 123.363231 123.365466 123.366863 123.368819 123.370775 123.372451 123.374407 123.376118 123.377794 123.379750 123.381706 123.383662 123.385618 123.387574 123.389250 123.390927 123.392882 123.394559 123.396794 123.398191 123.400147 123.402103 123.403780 123.405736 123.407412 123.409088 123.411044 123.412721 123.414956 123.416353 0.000000
123.320726 123.322682 123.324358 123.326314 123.328270 123.330226 123.332182 123.334172 123.336127 123.337804 123.339760 123.341436 123.343672 123.345069 123.347025 123.348981 123.350657 123.352333 123.352892 123.354010 123.355686 123.357642 123.359319 123.361554 123.363510 123.365466 123.366863 123.368819 123.371054 123.372451 123.374407 123.376397 123.377794 123.379750 123.381427 123.383103 123.385059 123.386456 123.388412 123.390368 123.392044 123.394000 123.395677 123.397353 123.399309 123.400985 123.403221 123.404618 123.406574 123.408530 123.410206 123.412162 123.413839 123.415515 0.000000 0.000000 0.000000 0.000000 0.000000 0.000000
123.328270 123.330505 123.331623 123.333613 123.335569 123.337245 123.339201 123.340878 123.342554 123.344510 123.346186 123.347863 123.349819 123.351495 123.353731 123.355407 123.357642 123.359039 123.360995 123.363231 123.364907 123.366863 123.368819 123.370775 123.372172 123.374128 123.376118 123.378074 123.380029 123.381985 123.383941 123.385897 123.387853 123.389250 123.391206 123.393441 123.394838 123.396794 123.398471 123.400147 123.402383 123.404059 123.406015 123.407971 123.409927 123.411603 123.413280 123.415236 0.000000 0.000000 0.000000 0.000000 0.000000 0.000000 0.000000 0.000000 0.000000 0.000000 0.000000 0.000000
123.338363 123.340319 123.342275 123.343951 123.345907 123.347863 123.349539 123.351495 123.353172 123.355407 123.357084 123.359319 123.360995 123.362672 123.364628 123.366584 123.368539 123.369937 123.371892 123.373848 123.375559 123.377515 123.379191 123.380868 123.382824 123.384221 123.386177 123.388132 123.389809 123.392044 123.393441 123.395397 123.397353 123.399030 123.400985 123.402941 123.404897 123.406574 123.408250 123.410206 123.411883 123.414118 123.415515 0.000000 0.000000 0.000000 0.000000 0.000000 0.000000 0.000000 0.000000 0.000000 0.000000 0.000000 0.000000 0.000000 0.000000 0.000000 0.000000 0.000000
123.347583 123.349539 123.351495 123.353172 123.354848 123.356804 123.358760 123.360716 123.362113 123.364069 123.366025 123.367701 123.369657 123.371613 123.373569 123.375559 123.377515 123.379471 123.380868 123.382824 123.384500 123.386177 123.388132 123.389809 123.392044 123.393441 123.395397 123.397633 123.399030 123.400985 123.402662 123.404338 123.406294 123.407971 123.410206 123.411603 123.413559 123.415794 0.000000 0.000000 0.000000 0.000000 0.000000 0.000000 0.000000 0.000000 0.000000 0.000000 0.000000 0.000000 0.000000 0.000000 0.000000 0.000000 0.000000 0.000000 0.000000 0.000000 0.000000 0.000000
123.357363 123.359319 123.360716 123.362672 123.364628 123.366304 123.368539 123.369937 123.371613 123.373848 123.375279 123.377515 123.379191 123.380868 123.382824 123.384221 123.386177 123.388412 123.389809 123.391765 123.393441 123.395118 123.397353 123.399030 123.400985 123.402383 123.404618 123.406574 123.408250 123.410206 123.411883 123.413839 123.415515 0.000000 0.000000 0.000000 0.000000 0.000000 0.000000 0.000000 0.000000 0.000000 0.000000 0.000000 0.000000 0.000000 0.000000 0.000000 0.000000 0.000000 0.000000 0.000000 0.000000 0.000000 0.000000 0.000000 0.000000 0.000000 0.000000 0.000000
123.364907 123.366863 123.368539 123.370216 123.372451 123.374128 123.376118 123.377794 123.379471 123.381427 123.382824 123.384779 123.386735 123.388412 123.390368 123.392324 123.394280 123.395956 123.397633 123.399868 123.401544 123.403500 123.404897 123.406853 123.409088 123.410486 123.412441 123.414118 123.415794 0.000000 0.000000 0.000000 0.000000 0.000000 0.000000 0.000000 0.000000 0.000000 0.000000 0.000000 0.000000 0.000000 0.000000 0.000000 0.000000 0.000000 0.000000 0.000000 0.000000 0.000000 0.000000 0.000000 0.000000 0.000000 0.000000 0.000000 0.000000 0.000000 0.000000 0.000000
123.373569 123.375559 123.377515 123.378912 123.380868 123.383103 123.384779 123.386735 123.388691 123.390647 123.392603 123.394559 123.395956 123.397912 123.399868 123.401544 123.403780 123.405177 123.407133 123.409088 123.410765 123.412721 123.414677 123.416633 0.000000 0.000000 0.000000 0.000000 0.000000 0.000000 0.000000 0.000000 0.000000 0.000000 0.000000 0.000000 0.000000 0.000000 0.000000 0.000000 0.000000 0.000000 0.000000 0.000000 0.000000 0.000000 0.000000 0.000000 0.000000 0.000000 0.000000 0.000000 0.000000 0.000000 0.000000 0.000000 0.000000 0.000000 0.000000 0.000000
123.382544 123.383941 123.386177 123.388132 123.389809 123.391765 123.393441 123.395397 123.397074 123.399030 123.400985 123.402662 123.404618 123.406294 123.407971 123.409927 123.411603 123.413839 123.415515 0.000000 0.000000 0.000000 0.000000 0.000000 0.000000 0.000000 0.000000 0.000000 0.000000 0.000000 0.000000 0.000000 0.000000 0.000000 0.000000 0.000000 0.000000 0.000000 0.000000 0.000000 0.000000 0.000000 0.000000 0.000000 0.000000 0.000000 0.000000 0.000000 0.000000 0.000000 0.000000 0.000000 0.000000 0.000000 0.000000 0.000000 0.000000 0.000000 0.000000 0.000000
123.392324 123.394000 123.396235 123.397633 123.399309 123.401544 123.402941 123.404897 123.406574 123.408530 123.410486 123.412162 123.414397 123.416074 0.000000 0.000000 0.000000 0.000000 0.000000 0.000000 0.000000 0.000000 0.000000 0.000000 0.000000 0.000000 0.000000 0.000000 0.000000 0.000000 0.000000 0.000000 0.000000 0.000000 0.000000 0.000000 0.000000 0.000000 0.000000 0.000000 0.000000 0.000000 0.000000 0.000000 0.000000 0.000000 0.000000 0.000000 0.000000 0.000000 0.000000 0.000000 0.000000 0.000000 0.000000 0.000000 0.000000 0.000000 0.000000 0.000000
123.399868 123.401824 123.403780 123.405456 123.407412 123.409088 123.410765 123.412721 123.414397 123.416353 0.000000 0.000000 0.000000 0.000000 0.000000 0.000000 0.000000 0.000000 0.000000 0.000000 0.000000 0.000000 0.000000 0.000000 0.000000 0.000000 0.000000 0.000000 0.000000 0.000000 0.000000 0.000000 0.000000 0.000000 0.000000 0.000000 0.000000 0.000000 0.000000 0.000000 0.000000 0.000000 0.000000 0.000000 0.000000 0.000000 0.000000 0.000000 0.000000 0.000000 0.000000 0.000000 0.000000 0.000000 0.000000 0.000000 0.000000 0.000000 0.000000 0.000000
123.408809 123.410486 123.412162 123.414118 123.415794 0.000000 0.000000 0.000000 0.000000 0.000000 0.000000 0.000000 0.000000 0.000000 0.000000 0.000000 0.000000 0.000000 0.000000 0.000000 0.000000 0.000000 0.000000 0.000000 0.000000 0.000000 0.000000 0.000000 0.000000 0.000000 0.000000 0.000000 0.000000 0.000000 0.000000 0.000000 0.000000 0.000000 0.000000 0.000000 0.000000 0.000000 0.000000 0.000000 0.000000 0.000000 0.000000 0.000000 0.000000 0.000000 0.000000 0.000000 0.000000 0.000000 0.000000 0.000000 0.000000 0.000000 0.000000 0.000000
