FireSTARR/test/constant/O1a_S060_A180_WD135_WS020/arrival.asc
ncols         736
nrows         120
xllcorner     426603.990666
yllcorner     12747455.311160
cellsize      100.000000
NODATA_value  0.000000
[rows 54 to 80 of 120, columns 300 to 359 of 736]
123.273750 123.272353 123.270118 123.266765 123.266485 123.262853 123.258941 123.258662 123.255029 123.254471 123.254191 123.252515 123.251397 123.250279 123.248289 123.246892 123.246334 123.242981 123.239348 123.238231 123.236275 123.235995 123.234039 123.234039 123.232922 123.231804 123.231804 123.228731 123.226216 123.225936 123.225657 123.224539 123.223981 123.222583 123.221186 123.220628 123.220069 123.219230 123.219789 123.217275 123.216716 123.215319 123.214201 123.213642 123.213642 123.211407 123.211686 123.210289 123.209451 123.208613 123.208020 123.207461 123.206343 123.206343 123.205505 123.204388 123.203549 123.202990 123.202711 123.203270
123.254471 123.251397 123.250559 123.250279 123.248569 123.247451 123.246613 123.246054 123.243819 123.242142 123.241863 123.235157 123.234598 123.233760 123.231804 123.230966 123.229848 123.228731 123.227892 123.227613 123.224819 123.223422 123.222025 123.221466 123.221186 123.220069 123.218672 123.218113 123.216716 123.215598 123.215319 123.215598 123.213642 123.212804 123.211407 123.210289 123.210010 123.209451 123.207461 123.206902 123.206343 123.205785 123.204667 123.204388 123.203549 123.202711 123.202432 123.201314 123.200476 123.199637 123.199358 123.198799 123.199358 123.199917 123.200476 123.201035 123.201593 123.202152 123.202990 123.204667
123.241584 123.239628 123.239348 123.237672 123.236275 123.234598 123.229569 123.227892 123.227613 123.225936 123.224819 123.223981 123.223422 123.220907 123.220628 123.218113 123.217554 123.216995 123.216157 123.215598 123.213922 123.212804 123.211966 123.211407 123.211407 123.209730 123.208333 123.208299 123.206623 123.205785 123.205226 123.203549 123.202990 123.202711 123.201873 123.200755 123.200196 123.199358 123.198799 123.197961 123.197682 123.196843 123.196005 123.195167 123.194887 123.195446 123.196005 123.196564 123.197123 123.197682 123.198240 123.198799 123.200476 123.202152 123.204108 123.205785 123.208020 123.209730 123.211407 123.213363
123.225098 123.224819 123.221745 123.220907 123.220069 123.219789 123.219230 123.216436 123.214480 123.213642 123.213083 123.212804 123.211686 123.210010 123.208892 123.208613 123.207461 123.207182 123.206064 123.204667 123.204108 123.202432 123.202432 123.201593 123.199637 123.199358 123.198799 123.197682 123.196843 123.196005 123.196005 123.194887 123.194049 123.193770 123.192932 123.192093 123.191255 123.190976 123.191255 123.191814 123.192373 123.192932 123.193490 123.194049 123.194887 123.196564 123.198240 123.200196 123.202152 123.204108 123.206064 123.208020 123.209730 123.211407 123.213363 123.215039 123.216716 123.218672 123.220348 123.222583
123.212245 123.212245 123.209451 123.208892 123.208299 123.207182 123.206902 123.204946 123.204667 123.203549 123.203270 123.202152 123.201873 123.200196 123.198520 123.198520 123.197402 123.196005 123.195446 123.194608 123.193770 123.192932 123.192373 123.192093 123.190976 123.191255 123.189858 123.188740 123.187902 123.187343 123.187064 123.187343 123.187902 123.188461 123.189020 123.189579 123.190137 123.190696 123.192652 123.194329 123.196285 123.198240 123.200196 123.202152 123.204108 123.205785 123.207461 123.209451 123.211127 123.212804 123.214760 123.216716 123.218672 123.220628 123.222583 123.224260 123.225936 123.227892 123.229289 123.231245
123.201314 123.200755 123.199637 123.198799 123.198520 123.197682 123.196285 123.194608 123.194329 123.194049 123.192373 123.191534 123.190696 123.189858 123.189020 123.188740 123.187902 123.187064 123.187343 123.185667 123.184829 123.183990 123.183990 123.183152 123.183431 123.183990 123.184549 123.185108 123.185667 123.186226 123.186784 123.188461 123.190417 123.192373 123.194049 123.195726 123.197961 123.199637 123.201593 123.203549 123.205505 123.207182 123.208892 123.210848 123.212804 123.214760 123.216716 123.218672 123.220348 123.222025 123.223981 123.225378 123.227333 123.229289 123.230966 123.232922 123.234598 123.236275 123.238510 123.240186
123.190696 123.190417 123.190137 123.188740 123.187343 123.187064 123.185946 123.185667 123.184829 123.183990 123.183152 123.182873 123.181755 123.180917 123.180637 123.179799 123.179240 123.179520 123.180079 123.180637 123.181196 123.181755 123.182314 123.182873 123.184549 123.186226 123.187902 123.189858 123.191814 123.193770 123.195446 123.197402 123.199358 123.201035 123.202990 123.204946 123.206902 123.208299 123.210289 123.212245 123.213922 123.215878 123.217554 123.219230 123.221186 123.222863 123.224819 123.226495 123.228451 123.230407 123.232084 123.234039 123.235716 123.237392 123.239348 123.241304 123.243260 123.245216 123.247172 123.248848
123.181476 123.180358 123.180358 123.179240 123.178961 123.178402 123.177005 123.176446 123.175887 123.175328 123.175608 123.176167 123.176726 123.177284 123.177843 123.178402 123.178961 123.180358 123.182314 123.183990 123.185946 123.187623 123.189299 123.191534 123.193211 123.195167 123.197123 123.199079 123.200476 123.202432 123.204388 123.206064 123.208299 123.209730 123.211407 123.213363 123.215319 123.217275 123.218951 123.220628 123.222863 123.223981 123.226216 123.227892 123.229569 123.231525 123.233201 123.234878 123.237113 123.238231 123.240466 123.242142 123.243819 123.245775 123.247451 123.249128 123.251118 123.252794 123.254471 123.256427
123.172255 123.171696 123.171137 123.171417 123.171976 123.172534 123.173093 123.173652 123.174211 123.175049 123.176167 123.178402 123.180079 123.182314 123.183711 123.185387 123.187623 123.189020 123.190976 123.192652 123.194608 123.196564 123.198240 123.200476 123.201873 123.203829 123.205785 123.207461 123.209451 123.211127 123.212804 123.214760 123.216157 123.218392 123.220348 123.221745 123.223701 123.225378 123.227054 123.229289 123.230407 123.232642 123.234319 123.235995 123.237951 123.239628 123.241304 123.243539 123.245216 123.247172 123.248569 123.250279 123.252515 123.253912 123.255868 123.258103 123.259779 123.261735 123.263132 123.265088
123.169740 123.170299 123.170858 123.172255 123.174211 123.175887 123.177564 123.179520 123.180917 123.182873 123.184829 123.186505 123.188740 123.190137 123.191814 123.194049 123.195726 123.197682 123.199637 123.201593 123.202990 123.204946 123.206902 123.208613 123.210569 123.212525 123.214201 123.216157 123.217554 123.219510 123.221466 123.223142 123.225098 123.226775 123.228451 123.230407 123.232363 123.234319 123.235716 123.237672 123.239628 123.241304 123.243260 123.244937 123.246613 123.248569 123.250279 123.252235 123.254191 123.255868 123.257824 123.259779 123.261735 123.263132 123.265088 123.267044 123.268721 123.270677 123.272353 123.274030
123.175608 123.177284 123.179240 123.181196 123.182873 123.184829 123.186784 123.188740 123.190137 123.192093 123.194049 123.195726 123.197682 123.199358 123.201035 123.202990 123.204946 123.206902 123.208892 123.210848 123.212525 123.214201 123.216157 123.218113 123.220069 123.222025 123.223981 123.225657 123.227333 123.229289 123.230966 123.233201 123.234598 123.236554 123.238510 123.240186 123.242142 123.243819 123.245495 123.247451 123.249128 123.251118 123.253074 123.254750 123.256706 123.258662 123.260618 123.262574 123.264530 123.266206 123.267882 123.269838 123.271794 123.273750 123.275147 123.277103 123.279059 123.280736 123.282691 123.284647
123.184829 123.186505 123.188182 123.190137 123.192093 123.194049 123.196005 123.197961 123.199917 123.201873 123.203270 123.205226 123.207182 123.208892 123.210848 123.212804 123.214201 123.216157 123.217833 123.219510 123.221466 123.223142 123.225098 123.226775 123.228451 123.230407 123.232084 123.233760 123.235716 123.237392 123.239628 123.241025 123.242981 123.244937 123.246613 123.248569 123.250279 123.252235 123.254191 123.255868 123.257824 123.259779 123.261735 123.263412 123.265368 123.267324 123.268721 123.270677 123.272353 123.274030 123.275985 123.277941 123.279897 123.281853 123.283809 123.285486 123.287721 123.289397 123.291074 123.293064
123.192932 123.194608 123.196564 123.198520 123.200476 123.201873 123.203829 123.205785 123.207461 123.209451 123.211127 123.212804 123.214760 123.216157 123.218113 123.220069 123.221745 123.223981 123.225378 123.227333 123.229289 123.230966 123.232922 123.234878 123.236834 123.238510 123.240186 123.242142 123.243819 123.246054 123.247451 123.249407 123.251397 123.253353 123.255309 123.256985 123.258662 123.260618 123.262294 123.264530 123.265927 123.267882 123.269838 123.271515 123.273471 123.275147 123.276824 123.278780 123.280456 123.282691 123.284088 123.286044 123.288000 123.289677 123.291633 123.293343 123.295020 123.296976 123.298373 123.300328
123.201873 123.203549 123.205505 123.207182 123.208892 123.210848 123.212525 123.214201 123.216157 123.217554 123.219510 123.221466 123.223142 123.225098 123.226775 123.228451 123.230407 123.232084 123.234319 123.235716 123.237672 123.239628 123.241304 123.243260 123.244937 123.246613 123.248569 123.250279 123.252235 123.254191 123.255868 123.257824 123.259779 123.261735 123.263412 123.265088 123.267044 123.268721 123.270956 123.272353 123.274309 123.276265 123.277941 123.279897 123.281853 123.283809 123.285765 123.287721 123.289677 123.291633 123.293623 123.295020 123.296976 123.298652 123.300328 123.302284 123.304240 123.306196 123.307873 123.309549
123.210569 123.212525 123.214201 123.216157 123.218113 123.220069 123.222025 123.223981 123.225936 123.227892 123.229289 123.231245 123.233201 123.234878 123.237113 123.238789 123.241025 123.242701 123.244937 123.246613 123.248848 123.250559 123.252794 123.254471 123.256706 123.258382 123.260059 123.262015 123.263691 123.265927 123.267324 123.269280 123.271235 123.272912 123.274868 123.276824 123.278780 123.280736 123.282691 123.284647 123.286603 123.288559 123.290515 123.292505 123.293902 123.295858 123.297534 123.299211 123.301167 123.302843 123.304799 123.306755 123.308152 123.310108 123.311784 123.313461 123.315417 123.317373 123.319329 123.321285
123.219510 123.221466 123.223142 123.225378 123.227054 123.229289 123.230686 123.232363 123.234598 123.236275 123.238231 123.240186 123.242142 123.244098 123.246054 123.247731 123.249407 123.251397 123.253074 123.254750 123.256706 123.258662 123.260618 123.262574 123.264530 123.266206 123.267882 123.269838 123.271515 123.273750 123.275147 123.277103 123.279059 123.280736 123.282691 123.284647 123.286603 123.288280 123.289956 123.291946 123.293902 123.295858 123.297255 123.299211 123.301167 123.302843 123.305079 123.306755 123.308990 123.310387 123.312343 123.314299 123.315976 123.317932 123.319608 123.321285 123.323240 123.324917 123.327152 123.328549
123.227892 123.229848 123.231804 123.233481 123.235157 123.237392 123.239069 123.241025 123.242701 123.244657 123.246334 123.248289 123.250279 123.251676 123.253632 123.255588 123.257265 123.259221 123.261177 123.263132 123.265088 123.267044 123.268721 123.270397 123.272633 123.273750 123.275985 123.277662 123.279338 123.281294 123.283250 123.285206 123.286883 123.288559 123.290794 123.292225 123.294461 123.296137 123.297534 123.299770 123.301446 123.303123 123.305358 123.307034 123.308990 123.310387 123.312343 123.314299 123.315976 123.317932 123.319608 123.321285 123.323520 123.325196 123.327152 123.328829 123.330785 123.332461 123.334451 123.336407
123.237392 123.239348 123.241304 123.242981 123.244937 123.246892 123.248848 123.250279 123.252235 123.254191 123.255868 123.258103 123.259779 123.262015 123.263691 123.265927 123.267603 123.269838 123.271515 123.273191 123.275427 123.277103 123.279059 123.280456 123.282412 123.284368 123.286044 123.288000 123.289956 123.291946 123.293623 123.295299 123.297255 123.297814 123.298373 123.300049 123.302005 123.303961 123.305917 123.307873 123.309829 123.311505 123.313182 123.315417 123.317093 123.319049 123.320446 123.322682 123.324637 123.326035 123.327990 123.329667 123.331343 123.333333 123.335010 123.336686 123.338642 123.340598 123.342554 123.344510
123.244937 123.246613 123.248569 123.250279 123.252235 123.254191 123.255868 123.257824 123.259779 123.261735 123.263132 123.265088 123.267044 123.268721 123.270677 123.272353 123.274030 123.276265 123.277941 123.279897 123.281294 123.283250 123.285206 123.286883 123.289118 123.290515 123.292225 123.294181 123.295858 123.297534 123.299490 123.301446 123.303402 123.305358 123.307314 123.308711 123.310667 123.312902 123.314299 123.316255 123.317932 123.319608 123.321843 123.323520 123.325476 123.327432 123.329388 123.331064 123.332740 123.334730 123.336407 123.338083 123.340319 123.341995 123.343951 123.345907 123.347863 123.349260 123.351216 123.353172
123.254471 123.256147 123.258382 123.260059 123.262015 123.263971 123.265927 123.267324 123.269280 123.271235 123.272912 123.275147 123.276544 123.278500 123.280456 123.282133 123.284088 123.285765 123.287441 123.289397 123.291074 123.293064 123.294740 123.296417 123.298373 123.300049 123.301726 123.303961 123.305079 123.307314 123.308990 123.310667 123.312623 123.314299 123.315976 123.318211 123.319887 123.321843 123.323240 123.325196 123.327152 123.328829 123.330785 123.332461 123.334172 123.336127 123.337804 123.339480 123.341436 123.343392 123.345348 123.346745 123.348701 123.350936 123.352613 123.354569 123.355966 123.357922 123.359878 123.361554
123.263412 123.265368 123.267324 123.269000 123.270956 123.272912 123.274868 123.276824 123.278780 123.280736 123.282691 123.284368 123.286044 123.288280 123.289956 123.291667 123.293623 123.295299 123.297255 123.298931 123.300887 123.302843 123.304520 123.306476 123.307873 123.309829 123.311784 123.313461 123.315417 123.317373 123.319329 123.321005 123.322682 123.324917 123.326593 123.328549 123.329946 123.331902 123.333892 123.335289 123.337245 123.339201 123.340878 123.342833 123.344789 123.346745 123.348422 123.350098 123.352054 123.354010 123.355966 123.357922 123.359878 123.361834 123.363789 123.365186 123.367422 123.369378 123.371054 123.373010
123.274030 123.275427 123.277662 123.279338 123.281015 123.282971 123.284647 123.286324 123.288559 123.289677 123.291667 123.293623 123.295299 123.297255 123.298931 123.300608 123.302564 123.304240 123.305917 123.307873 123.309549 123.311784 123.313182 123.315137 123.317373 123.318770 123.320726 123.322402 123.324079 123.326035 123.327990 123.329946 123.331343 123.333299 123.335289 123.336966 123.338642 123.340598 123.342554 123.344510 123.346466 123.348422 123.349819 123.351775 123.353731 123.355407 123.357363 123.359319 123.361275 123.363231 123.365186 123.367142 123.369098 123.370775 123.372451 123.374687 123.376397 123.378353 123.379750 123.381706
123.283530 123.285486 123.287162 123.287721 123.288839 123.290515 123.292225 123.294181 123.296137 123.297814 123.299770 123.301726 123.303681 123.305637 123.307593 123.309549 123.311505 123.313461 123.315417 123.317373 123.319329 123.321285 123.323240 123.324917 123.326593 123.328549 123.330226 123.332461 123.334172 123.336127 123.338083 123.339760 123.341716 123.343672 123.345069 123.345628 123.347304 123.349260 123.350936 123.352892 123.354569 123.356245 123.358201 123.360157 123.362113 123.363510 123.365466 123.367422 123.369098 123.371334 123.373010 123.374966 123.376956 123.378353 123.380309 123.382265 123.384221 123.385897 123.387574 123.389809
123.289677 123.291667 123.293623 123.295578 123.296976 123.299211 123.301167 123.302843 123.304799 123.306476 123.308431 123.310108 123.312064 123.314020 123.315696 123.317652 123.319329 123.321005 123.322961 123.324637 123.326873 123.328270 123.330226 123.332182 123.333613 123.335848 123.337525 123.339201 123.341157 123.342833 123.344510 123.346745 123.348422 123.350378 123.351775 123.353731 123.355686 123.357363 123.359598 123.360995 123.362672 123.364907 123.366584 123.368539 123.370495 123.372451 123.374407 123.376397 123.378074 123.379750 123.381706 123.383103 123.385338 123.387294 123.388971 123.390927 123.392882 123.394838 123.396794 123.398750
123.299490 123.301446 123.303402 123.305358 123.307314 123.309270 123.310946 123.312902 123.314858 123.316534 123.318490 123.320167 123.322402 123.324079 123.326314 123.327990 123.329667 123.331623 123.333299 123.335289 123.336966 123.338922 123.340039 123.340878 123.342275 123.344230 123.346186 123.348142 123.349539 123.351495 123.353451 123.355128 123.357084 123.359039 123.360995 123.362951 123.364907 123.366863 123.368819 123.370495 123.372172 123.374407 123.375838 123.377515 123.379471 123.380868 123.382824 123.385059 123.386456 123.388412 123.390088 123.391765 123.393721 123.395677 123.397633 123.399588 123.401544 123.403221 123.404897 123.407133
123.307034 123.309270 123.310946 123.312902 123.314858 123.316814 123.318211 123.320167 123.322123 123.323799 123.325755 123.327432 123.329108 123.331064 123.332461 123.334451 123.336407 123.338363 123.340319 123.342275 123.344230 123.346186 123.348142 123.349539 123.351775 123.353731 123.355128 123.357084 123.358760 123.360436 123.362672 123.363789 123.366025 123.367701 123.369378 123.371334 123.373010 123.374687 123.376676 123.378353 123.380029 123.381985 123.383941 123.385897 123.387574 123.389809 123.391485 123.393162 123.395397 123.397074 123.399030 123.400985 123.402941 123.404897 123.406853 123.408250 123.410206 123.412162 123.413839 123.416074
123.316814 123.318211 123.320167 123.322123 123.323799 123.326035 123.327432 123.329388 123.331343 123.333020 123.335010 123.336686 123.338363 123.340319 123.341995 123.343672 123.345907 123.347583 123.349539 123.350936 123.352892 123.354848 123.356525 123.358481 123.360157 123.361834 123.363789 123.365745 123.367701 123.369098 123.371054 123.373010 123.374687 123.376676 123.378353 123.380029 123.381985 123.383662 123.385897 123.387574 123.389250 123.391206 123.392603 123.394559 123.396515 123.398191 123.400147 123.402103 123.404059 123.405736 123.407412 123.409647 123.411324 123.413280 123.415236 0.000000 0.000000 0.000000 0.000000 0.000000
