FireSTARR/test/constant/O1a_S060_A180_WD135_WS020/arrival.asc
ncols         736
nrows         120
xllcorner     426603.990666
yllcorner     12747455.311160
cellsize      100.000000
NODATA_value  0.000000
[rows 81 to 107 of 120, columns 120 to 179 of 736]
123.200476 123.199079 123.197123 123.191534 123.190976 123.187623 123.186505 123.181755 123.179520 123.176726 123.175608 123.167225 123.161324 123.159927 123.153780 123.149309 123.143721 123.143441 123.140368 123.138132 123.137853 123.134221 123.134500 123.131427 123.129750 123.125559 123.123010 123.122451 123.120495 123.119098 123.117422 123.114069 123.112951 123.112392 123.110436 123.110157 123.108481 123.107922 123.106245 123.105407 123.104010 123.103451 123.102892 123.102333 123.100378 123.099819 123.099539 123.098422 123.097863 123.097583 123.096466 123.096745 123.097304 123.097863 123.098422 123.098981 123.099539 123.100098 123.101775 123.103731
123.179240 123.175608 123.172534 123.171696 123.167505 123.164397 123.160486 123.155456 123.153221 123.146235 123.139809 123.139250 123.136735 123.133382 123.130309 123.129471 123.128632 123.126397 123.121613 123.121334 123.119657 123.116584 123.114628 123.113789 123.111834 123.109598 123.108201 123.107084 123.106245 123.104569 123.104010 123.103731 123.101495 123.100098 123.099819 123.099260 123.098422 123.096466 123.095907 123.095628 123.094510 123.093672 123.093392 123.092554 123.092833 123.093392 123.093951 123.094510 123.095069 123.095628 123.096186 123.097863 123.099260 123.101216 123.103172 123.104848 123.106804 123.108481 123.110157 123.112113
123.157691 123.151265 123.150985 123.146794 123.137294 123.132544 123.131427 123.126676 123.126118 123.123569 123.123010 123.121613 123.116584 123.115466 123.112392 123.110716 123.110716 123.108760 123.105407 123.104289 123.104010 123.102054 123.100657 123.100378 123.099819 123.097304 123.096466 123.095907 123.095348 123.094510 123.092554 123.092275 123.091716 123.090598 123.089760 123.089201 123.088642 123.088922 123.089480 123.090039 123.090598 123.091157 123.091716 123.092275 123.093672 123.095628 123.097025 123.099260 123.101216 123.103172 123.105128 123.107084 123.108481 123.110436 123.112392 123.114069 123.116025 123.117981 123.119937 123.121892
123.123289 123.121892 123.121334 123.119098 123.117701 123.114907 123.111834 123.108481 123.108201 123.106525 123.104569 123.102892 123.101216 123.099819 123.098981 123.096466 123.096466 123.095628 123.093392 123.093113 123.091995 123.091436 123.090319 123.088922 123.088363 123.087525 123.086407 123.085848 123.085569 123.084730 123.084730 123.085289 123.085848 123.086407 123.086966 123.087525 123.088083 123.089480 123.091436 123.093113 123.095348 123.096745 123.098701 123.100657 123.102054 123.104010 123.105966 123.107363 123.109598 123.110995 123.112951 123.114907 123.116584 123.118539 123.120216 123.121892 123.123848 123.125559 123.127515 123.129191
123.107642 123.103731 123.102892 123.101775 123.099819 123.097304 123.096745 123.095348 123.093672 123.092275 123.091716 123.089480 123.089201 123.088083 123.087245 123.086407 123.085848 123.084451 123.083613 123.082461 123.081902 123.081623 123.080785 123.080785 123.081343 123.081902 123.082461 123.083020 123.083613 123.084172 123.085289 123.087525 123.089201 123.091436 123.093392 123.095348 123.096745 123.098701 123.100936 123.102613 123.104569 123.106525 123.108481 123.110436 123.112392 123.113789 123.115745 123.117701 123.119378 123.121613 123.123010 123.124966 123.126676 123.128632 123.130588 123.132544 123.134500 123.135897 123.136456 123.138132
123.091157 123.089760 123.088363 123.087804 123.085848 123.085289 123.084172 123.083299 123.082461 123.082461 123.080226 123.079667 123.078549 123.078549 123.077711 123.076593 123.076873 123.077432 123.077990 123.078549 123.079108 123.079667 123.080226 123.081343 123.083299 123.085010 123.086686 123.088642 123.090319 123.091995 123.093951 123.095628 123.097863 123.099260 123.101216 123.103451 123.104848 123.106804 123.108481 123.110157 123.112113 123.114069 123.116025 123.117422 123.119378 123.121613 123.123010 123.124966 123.126956 123.128353 123.130588 123.131985 123.133941 123.135897 123.137574 123.139530 123.141485 123.143441 123.145118 123.146794
123.079388 123.078829 123.078270 123.076314 123.075755 123.075196 123.074358 123.073520 123.072682 123.072961 123.073520 123.074079 123.074637 123.075196 123.075755 123.076314 123.077152 123.079388 123.081064 123.082740 123.084730 123.086407 123.088083 123.090039 123.091995 123.093951 123.095628 123.097863 123.099539 123.101216 123.103451 123.105128 123.107084 123.109039 123.110995 123.112392 123.114348 123.116304 123.117981 123.120216 123.121613 123.123289 123.125279 123.126956 123.128632 123.130588 123.132544 123.134500 123.135897 123.137853 123.140088 123.141485 123.143441 123.145118 123.146794 123.149030 123.150706 123.152662 123.154618 123.156574
123.069608 123.068770 123.069049 123.069608 123.070167 123.070726 123.071285 123.071843 123.072402 123.073240 123.075196 123.077152 123.078829 123.081064 123.082461 123.084172 123.086127 123.088083 123.090039 123.091995 123.093951 123.095628 123.097304 123.099539 123.101216 123.103172 123.104569 123.106525 123.108481 123.110157 123.112113 123.113789 123.115466 123.117701 123.119378 123.121334 123.122731 123.124687 123.126676 123.128353 123.130029 123.132265 123.133941 123.135897 123.137853 123.139809 123.141765 123.143721 123.145677 123.147633 123.149030 123.150985 123.152941 123.154618 123.156853 123.158250 123.160206 123.162162 123.163839 123.165794
123.067932 123.068490 123.069329 123.071285 123.073240 123.074917 123.077152 123.078829 123.081064 123.082461 123.084172 123.086127 123.087804 123.089480 123.091716 123.092833 123.095069 123.097025 123.098422 123.100378 123.102054 123.103731 123.105966 123.107642 123.109598 123.110995 123.112951 123.114907 123.116584 123.118539 123.120216 123.121892 123.124128 123.125838 123.127794 123.129750 123.131706 123.133382 123.135338 123.137294 123.138971 123.140927 123.142603 123.144559 123.146235 123.147912 123.150147 123.151544 123.153500 123.155456 123.157133 123.159088 123.161044 123.163000 123.164397 123.166353 123.168343 123.170299 123.172255 123.173652
123.074917 123.077152 123.078829 123.081064 123.082740 123.084451 123.086407 123.088083 123.089760 123.091716 123.093392 123.095628 123.097304 123.099539 123.100936 123.102892 123.104848 123.106525 123.108481 123.110436 123.112392 123.114069 123.115745 123.117701 123.119657 123.121613 123.123569 123.125279 123.127235 123.128912 123.130868 123.132544 123.134221 123.136177 123.138132 123.140088 123.142044 123.144000 123.145397 123.147353 123.149309 123.150985 123.152941 123.154897 123.156853 123.158809 123.160765 123.162721 123.164677 123.166353 123.168064 123.170020 123.171976 123.173931 123.175887 123.177843 123.179240 123.181196 123.183431 123.185108
123.085010 123.086966 123.088642 123.090598 123.091995 123.093951 123.095907 123.097583 123.099539 123.101216 123.103451 123.105128 123.106804 123.109039 123.110716 123.112672 123.114069 123.116025 123.117981 123.119657 123.121613 123.123289 123.124966 123.126956 123.128632 123.130309 123.132265 123.134221 123.136177 123.137574 123.139530 123.141485 123.143162 123.145118 123.146794 123.148471 123.150427 123.152383 123.154338 123.155736 123.157691 123.159647 123.161324 123.163280 123.165236 123.167225 123.168902 123.170578 123.172534 123.174211 123.175887 123.177843 123.179520 123.181755 123.183152 123.185108 123.187343 123.188740 123.190696 123.192373
123.092554 123.094510 123.096186 123.098142 123.099819 123.102054 123.103451 123.105407 123.107642 123.109039 123.110995 123.112672 123.114348 123.116304 123.118260 123.120216 123.121892 123.124128 123.125838 123.127515 123.129471 123.131147 123.132824 123.134779 123.136456 123.138691 123.140088 123.142044 123.144000 123.145677 123.147633 123.149588 123.151544 123.153221 123.154897 123.156853 123.158809 123.160765 123.162721 123.164677 123.166074 123.168064 123.170020 123.171696 123.173652 123.175328 123.177005 123.178961 123.180917 123.182034 123.183431 123.185387 123.186784 123.188740 123.190696 123.192373 123.194608 123.196005 123.197961 123.199917
123.100936 123.102613 123.104569 123.106245 123.108201 123.109878 123.111554 123.113510 123.115186 123.116863 123.118819 123.120495 123.122731 123.124128 123.126118 123.128074 123.129471 123.131427 123.133382 123.135059 123.137294 123.138691 123.140647 123.142603 123.144280 123.146235 123.147633 123.149588 123.151544 123.153221 123.155177 123.156853 123.158530 123.160486 123.162441 123.164397 123.166074 123.167784 123.169740 123.171137 123.173093 123.175049 123.176726 123.178961 123.180358 123.182034 123.184270 123.185946 123.187902 123.189858 123.191814 123.193211 123.195167 123.197123 123.198799 123.201035 123.202432 123.204388 123.206343 123.208020
123.108760 123.110995 123.112392 123.114348 123.116584 123.117981 123.119937 123.121613 123.123289 123.125279 123.126956 123.128632 123.130588 123.132544 123.134500 123.136177 123.137853 123.139809 123.141485 123.143721 123.145118 123.147074 123.149030 123.150706 123.152662 123.154618 123.156574 123.158250 123.159927 123.161883 123.163559 123.165794 123.167225 123.169181 123.171137 123.172814 123.175049 123.176446 123.178123 123.180358 123.181476 123.183711 123.185387 123.187064 123.189299 123.190696 123.192373 123.194608 123.196285 123.198240 123.200196 123.202152 123.204108 123.206064 123.207740 123.209451 123.211407 123.213083 123.215319 123.216716
123.119378 123.121054 123.123010 123.124687 123.126676 123.128632 123.130309 123.132265 123.133662 123.135618 123.137574 123.138971 123.141206 123.142882 123.144559 123.146794 123.148471 123.150427 123.151824 123.153780 123.155736 123.157412 123.159368 123.161044 123.162721 123.164956 123.166633 123.168623 123.170299 123.171976 123.173931 123.175328 123.177284 123.179240 123.180917 123.182873 123.184549 123.186226 123.188182 123.190137 123.192093 123.194049 123.196005 123.197961 123.199917 123.201314 123.203549 123.205505 123.207182 123.209172 123.210848 123.212525 123.214760 123.216436 123.218392 123.219789 123.221745 123.223701 123.225378 123.227333
123.127235 123.128632 123.130588 123.132265 123.133941 123.135897 123.137574 123.139530 123.141206 123.142882 123.144838 123.146515 123.148191 123.150147 123.152103 123.154059 123.156015 123.157971 123.159927 123.161883 123.163559 123.165236 123.167225 123.168902 123.170299 123.172534 123.173931 123.175887 123.177843 123.179520 123.181476 123.183152 123.184829 123.186784 123.188740 123.190696 123.192093 123.194049 123.196005 123.197682 123.199637 123.201314 123.202990 123.204946 123.206902 123.208613 123.210289 123.211966 123.214201 123.215598 123.217554 123.219510 123.221186 123.223142 123.225098 123.227054 123.228451 123.230407 123.232363 123.234039
123.135897 123.137853 123.139809 123.141765 123.143721 123.145677 123.147633 123.149309 123.150985 123.153221 123.154338 123.156574 123.158250 123.159927 123.161883 123.163559 123.165236 123.167225 123.168902 123.170578 123.172534 123.174490 123.176446 123.178402 123.180358 123.182034 123.183711 123.185946 123.187623 123.189579 123.191534 123.193490 123.194887 123.196843 123.198799 123.200476 123.202711 123.204108 123.206064 123.208020 123.209730 123.211686 123.213083 123.215039 123.216995 123.218672 123.220628 123.222304 123.223981 123.225936 123.227892 123.229848 123.231804 123.233760 123.235436 123.237113 123.239069 123.240745 123.242981 123.244378
123.145677 123.147633 123.149309 123.150985 123.152941 123.154618 123.156853 123.158250 123.160206 123.162162 123.163839 123.165794 123.167784 123.169181 123.171137 123.172814 123.174490 123.176446 123.178402 123.180358 123.181755 123.183711 123.185667 123.187343 123.189579 123.190976 123.192932 123.194887 123.196564 123.198520 123.200476 123.202432 123.204108 123.205785 123.207740 123.209451 123.211686 123.213363 123.215598 123.216995 123.218951 123.220907 123.222583 123.224539 123.226495 123.228451 123.229848 123.230407 123.232084 123.234039 123.235716 123.237672 123.239628 123.241584 123.242981 123.244937 123.246892 123.248569 123.250559 123.252235
123.154059 123.155736 123.157412 123.159368 123.161044 123.163280 123.164677 123.166633 123.168064 123.169740 123.171417 123.173093 123.175049 123.176726 123.178961 123.180637 123.182314 123.184549 123.186226 123.188182 123.189579 123.191534 123.193490 123.195167 123.197123 123.198799 123.200476 123.202711 123.204388 123.206343 123.208299 123.210289 123.211966 123.213642 123.215598 123.216995 123.218951 123.220907 123.222583 123.224539 123.226216 123.227892 123.230128 123.231245 123.233201 123.235157 123.236834 123.238789 123.240745 123.242701 123.244378 123.246054 123.248289 123.249966 123.251676 123.253632 123.255309 123.257265 123.259221 123.261177
123.161044 123.163000 123.164677 123.166353 123.168343 123.170020 123.171696 123.173652 123.175608 123.177564 123.179520 123.181476 123.183152 123.185387 123.187064 123.188740 123.190976 123.192652 123.194608 123.196564 123.198520 123.199917 123.201873 123.203829 123.205505 123.207740 123.209172 123.210848 123.212804 123.214480 123.216157 123.218113 123.220069 123.222025 123.223422 123.225378 123.227613 123.229010 123.230966 123.232642 123.234319 123.236554 123.238231 123.240186 123.241584 123.243539 123.245775 123.247172 123.249128 123.251118 123.252794 123.254750 123.256147 123.258103 123.260059 123.261735 123.263691 123.265647 123.267603 123.269559
123.171417 123.172814 123.174770 123.176726 123.178402 123.180358 123.182034 123.183711 123.185667 123.187343 123.189299 123.190976 123.192932 123.194887 123.196564 123.198520 123.200196 123.201873 123.203829 123.205505 123.207740 123.209451 123.211127 123.213083 123.214480 123.216436 123.218392 123.220069 123.222304 123.223981 123.226216 123.227613 123.229289 123.231525 123.233201 123.235157 123.236554 123.238510 123.240466 123.242142 123.244378 123.245775 123.247731 123.249687 123.251397 123.253353 123.255309 123.257265 123.258662 123.260618 123.262574 123.264250 123.266485 123.267882 123.269838 123.271794 123.273471 123.275427 123.277103 123.278780
123.178961 123.181196 123.183152 123.184549 123.186784 123.188461 123.190696 123.192093 123.194049 123.196005 123.197682 123.199637 123.201314 123.202990 123.204946 123.206623 123.208613 123.210569 123.212245 123.214201 123.216157 123.218113 123.219789 123.221466 123.223422 123.225098 123.227333 123.229010 123.231245 123.232642 123.234598 123.236554 123.238231 123.240186 123.241863 123.243539 123.245495 123.247172 123.249407 123.250838 123.252515 123.254750 123.256147 123.257824 123.260059 123.261735 123.263691 123.265647 123.267603 123.269280 123.271235 123.273191 123.274868 123.276824 123.278500 123.280736 123.282133 123.284088 123.286324 123.287721
123.190137 123.191814 123.193770 123.195726 123.197682 123.199637 123.201593 123.202990 123.204946 123.206902 123.208613 123.210569 123.212245 123.213922 123.215878 123.217833 123.219789 123.221466 123.223142 123.225378 123.227054 123.229010 123.230407 123.232642 123.233481 123.235157 123.236834 123.238789 123.240466 123.242142 123.244378 123.245495 123.247731 123.249407 123.251118 123.253074 123.254750 123.256427 123.258382 123.260338 123.262294 123.264250 123.266206 123.267603 123.269559 123.271794 123.273191 123.275147 123.276824 123.278500 123.280736 123.282412 123.284368 123.285765 123.288000 123.289677 123.291353 123.293343 123.295299 123.296976
123.197682 123.199637 123.201314 123.202990 123.205226 123.206902 123.208892 123.210569 123.212245 123.214201 123.216157 123.218113 123.219510 123.221466 123.223422 123.225098 123.227054 123.228731 123.230407 123.232642 123.233760 123.235716 123.237672 123.239348 123.241304 123.243260 123.245216 123.246892 123.248569 123.250559 123.252235 123.253912 123.255868 123.257544 123.259500 123.261456 123.262853 123.264809 123.266485 123.268162 123.270118 123.271794 123.274030 123.275706 123.277941 123.279618 123.281294 123.283530 123.285206 123.287162 123.288559 123.290515 123.292505 123.293902 123.295858 123.297814 123.299490 123.301446 123.303402 123.305358
123.207182 123.209172 123.211127 123.212804 123.214760 123.216716 123.218672 123.220069 123.222025 123.223981 123.225657 123.227613 123.229289 123.230966 123.232922 123.234598 123.236554 123.238231 123.240186 123.242142 123.243819 123.245775 123.247451 123.249128 123.251118 123.252794 123.254471 123.256706 123.258382 123.260338 123.261735 123.263691 123.265647 123.267324 123.269280 123.271235 123.273191 123.275147 123.277103 123.278780 123.280456 123.282691 123.284368 123.286324 123.288280 123.290236 123.291633 123.293902 123.295858 123.297534 123.299490 123.301446 123.303402 123.304799 123.306755 123.308711 123.310387 123.312343 123.314020 123.315696
123.215598 123.217275 123.218951 123.221186 123.222863 123.224819 123.226216 123.228451 123.230407 123.231804 123.233760 123.235436 123.237113 123.239348 123.240466 123.242701 123.244378 123.246054 123.248010 123.249687 123.251397 123.253632 123.255309 123.257265 123.259221 123.261177 123.263132 123.265088 123.266765 123.268721 123.270677 123.272353 123.274309 123.275985 123.277941 123.279618 123.281294 123.283530 123.284927 123.286883 123.288839 123.290515 123.292505 123.294181 123.295858 123.298093 123.299770 123.301726 123.303123 123.305079 123.307034 123.308711 123.310667 123.312623 123.314858 123.316255 123.317932 123.320167 123.321843 123.323799
123.231525 123.232922 123.234598 123.236834 123.238510 123.240466 123.241863 123.243819 123.245775 123.247451 123.249687 123.251397 123.252794 123.254750 123.256427 123.258103 123.260338 123.262015 123.263971 123.265368 123.267324 123.269559 123.270956 123.272912 123.274588 123.276265 123.278500 123.280177 123.282133 123.283530 123.285765 123.287721 123.289397 123.291353 123.293064 123.295020 123.296696 123.298373 123.300608 123.302284 123.304240 123.305637 123.307873 123.309829 123.311505 123.313461 123.315137 123.317093 123.318770 123.320726 123.322682 123.324358 123.326314 123.327990 123.329946 123.331902 123.333613 123.335569 123.337245 123.338922
