FireSTARR/test/constant/O1a_S060_A180_WD135_WS020/arrival.asc
ncols         736
nrows         120
xllcorner     426603.990666
yllcorner     12747455.311160
cellsize      100.000000
NODATA_value  0.000000
[rows 54 to 80 of 120, columns 360 to 419 of 736]
123.203829 123.204388 123.204946 123.205505 123.206064 123.207182 123.208613 123.210569 123.212245 123.213922 123.215878 123.217275 123.219230 123.221186 123.222863 123.225098 123.226495 123.228172 123.230407 123.232084 123.234039 123.235436 123.237392 123.239348 123.241025 123.243260 123.244657 123.246613 123.248569 123.249966 123.251956 123.253912 123.255588 123.257544 123.259221 123.260897 123.263132 123.264809 123.266765 123.268721 123.270677 123.272633 123.274588 123.276265 123.277941 123.279897 123.281574 123.283809 123.285206 123.287162 123.289118 123.290794 123.292784 123.294461 123.296137 123.298373 123.299490 123.301726 123.303402 123.305079
123.206623 123.208299 123.210010 123.211966 123.213642 123.215878 123.217275 123.219230 123.221186 123.222863 123.224819 123.226495 123.228172 123.230128 123.231804 123.234039 123.235436 123.237392 123.239348 123.241025 123.242981 123.244657 123.246334 123.248289 123.249966 123.251956 123.253912 123.255588 123.257544 123.258941 123.260897 123.262853 123.264530 123.266485 123.268162 123.269838 123.271794 123.273471 123.275706 123.277103 123.279059 123.281015 123.282691 123.284647 123.286324 123.288000 123.289956 123.291633 123.293623 123.295578 123.297255 123.299211 123.301167 123.303123 123.305079 123.307034 123.308990 123.310946 123.312902 123.314858
123.215319 123.217275 123.218951 123.220628 123.222583 123.224260 123.226495 123.227892 123.229848 123.231804 123.233481 123.235436 123.237392 123.239348 123.241025 123.242701 123.244657 123.246613 123.248569 123.250279 123.252235 123.254191 123.255868 123.257824 123.259221 123.261177 123.263132 123.264809 123.266765 123.268441 123.270118 123.272074 123.273750 123.275985 123.277662 123.279897 123.281574 123.283250 123.285486 123.287162 123.289118 123.291074 123.293064 123.294740 123.296137 123.298373 123.300049 123.302284 123.303681 123.305637 123.307593 123.309270 123.311226 123.312902 123.314579 123.316534 123.318490 123.320446 123.321843 123.323799
123.223981 123.225936 123.227892 123.229289 123.231525 123.233201 123.234878 123.236834 123.238789 123.240745 123.242701 123.244657 123.246054 123.248010 123.250000 123.251676 123.253353 123.255309 123.257265 123.259221 123.260618 123.262574 123.264530 123.266206 123.268162 123.270118 123.272074 123.274030 123.275985 123.277941 123.279897 123.281853 123.283809 123.285486 123.287162 123.289397 123.290515 123.292505 123.294461 123.296417 123.298373 123.299770 123.301726 123.303961 123.305637 123.307593 123.309549 123.311505 123.312902 123.314858 123.316814 123.318490 123.320446 123.322123 123.323799 123.325755 123.327152 123.329108 123.331064 123.332740
123.233201 123.234878 123.236834 123.238510 123.240186 123.242422 123.244098 123.246054 123.247451 123.249407 123.251397 123.253353 123.255309 123.256706 123.258662 123.260618 123.262294 123.264250 123.266206 123.268162 123.270118 123.272074 123.273750 123.275427 123.277662 123.279338 123.281294 123.283250 123.285206 123.286883 123.288839 123.290794 123.292225 123.294461 123.296137 123.297814 123.300049 123.301726 123.303681 123.305079 123.307034 123.308990 123.310667 123.312623 123.314299 123.315976 123.318211 123.319887 123.321843 123.323240 123.325196 123.327152 123.328829 123.331064 123.332740 123.334730 123.336407 123.338083 123.340039 123.341716
123.242142 123.243539 123.245495 123.247451 123.249128 123.251118 123.252794 123.254471 123.256427 123.258103 123.259779 123.261735 123.263691 123.265647 123.267044 123.269000 123.270956 123.272633 123.274588 123.276544 123.278500 123.280177 123.281853 123.284088 123.285765 123.287721 123.289677 123.291633 123.293623 123.295020 123.296976 123.298931 123.300887 123.302564 123.304799 123.306476 123.308152 123.310108 123.311505 123.313461 123.315417 123.317093 123.319049 123.320726 123.322402 123.324637 123.326314 123.328270 123.329667 123.331343 123.332182 123.334172 123.336127 123.337804 123.339760 123.341436 123.343672 123.345348 123.347583 123.349260
123.250559 123.252515 123.254471 123.256427 123.258382 123.260338 123.261735 123.263691 123.265647 123.267324 123.269280 123.271235 123.273471 123.275147 123.276544 123.277662 123.279059 123.281015 123.282971 123.284927 123.286603 123.288280 123.290515 123.291633 123.293623 123.295858 123.297255 123.299211 123.300887 123.302564 123.304520 123.306476 123.308431 123.309829 123.311784 123.313740 123.315137 123.317093 123.319049 123.320726 123.322682 123.324637 123.326593 123.327990 123.329946 123.331902 123.333613 123.335569 123.337525 123.338922 123.340878 123.342554 123.344230 123.346186 123.347583 123.349539 123.351495 123.353172 123.355128 123.356804
123.258103 123.260338 123.261735 123.263691 123.265647 123.267324 123.269280 123.270956 123.272633 123.274588 123.276544 123.278500 123.279897 123.281853 123.283809 123.285486 123.287441 123.289118 123.290794 123.292784 123.294461 123.296137 123.298093 123.299490 123.301446 123.303402 123.305079 123.307034 123.308711 123.310387 123.312343 123.314020 123.316255 123.317652 123.319608 123.321843 123.323240 123.325196 123.326873 123.328549 123.330505 123.332182 123.334172 123.336127 123.337804 123.339760 123.341716 123.343672 123.345628 123.347583 123.349260 123.350936 123.352892 123.354569 123.356804 123.358201 123.360157 123.362113 123.363789 123.365745
123.267044 123.268721 123.270677 123.272074 123.274030 123.276265 123.277941 123.279897 123.281853 123.283809 123.285765 123.287721 123.289677 123.291633 123.293343 123.295020 123.296976 123.298373 123.300328 123.302284 123.303961 123.305917 123.307873 123.309829 123.311505 123.313182 123.315417 123.317093 123.319049 123.320446 123.322682 123.324637 123.326314 123.328270 123.329946 123.331902 123.333613 123.335289 123.337525 123.339201 123.341157 123.342554 123.344510 123.346466 123.348142 123.350098 123.351775 123.353451 123.355686 123.357363 123.359319 123.360995 123.362951 123.364907 123.366584 123.368539 123.370216 123.372451 123.373848 123.375838
123.276265 123.277941 123.279897 123.281294 123.283250 123.285206 123.286883 123.289118 123.290515 123.292225 123.294181 123.295858 123.297534 123.299490 123.301446 123.303402 123.304799 123.306755 123.308990 123.310387 123.312343 123.314020 123.315696 123.317932 123.319608 123.321564 123.322961 123.324917 123.327152 123.328549 123.330505 123.332182 123.333892 123.335848 123.337525 123.339201 123.341157 123.342833 123.344789 123.346466 123.348142 123.350098 123.351775 123.353451 123.355407 123.357084 123.359319 123.360716 123.362672 123.364907 123.366304 123.368260 123.369937 123.371613 123.373569 123.375279 123.377235 123.379191 123.380868 123.382824
123.286603 123.288559 123.290515 123.292505 123.294461 123.296137 123.297814 123.299770 123.301726 123.303681 123.305079 123.307034 123.308990 123.310667 123.312623 123.314299 123.315976 123.318211 123.319887 123.321843 123.323240 123.325196 123.327432 123.328829 123.330785 123.332461 123.334172 123.336127 123.337804 123.339480 123.341436 123.343392 123.345348 123.347304 123.349260 123.351216 123.353172 123.355128 123.357084 123.359039 123.360995 123.362672 123.363231 123.365186 123.366863 123.368819 123.370495 123.372172 123.374128 123.375838 123.378074 123.379471 123.381427 123.383382 123.385059 123.387015 123.388971 123.390927 123.392603 123.394280
123.295020 123.296976 123.298652 123.300328 123.302284 123.303961 123.306196 123.308152 123.310108 123.311505 123.313461 123.315696 123.317093 123.319049 123.320726 123.322402 123.324358 123.326314 123.328270 123.330226 123.332182 123.333613 123.335569 123.337525 123.339480 123.341436 123.342554 123.343672 123.345628 123.347304 123.349260 123.350657 123.352613 123.354569 123.356245 123.358481 123.360157 123.362392 123.363789 123.365745 123.367701 123.369378 123.371334 123.373010 123.374687 123.376676 123.378632 123.380588 123.382544 123.384500 123.386177 123.388132 123.390088 123.391765 123.393721 123.395677 123.397633 123.399030 123.400985 123.402941
123.302284 123.303961 123.306196 123.307593 123.309270 123.311505 123.313182 123.315137 123.316534 123.318490 123.320446 123.322123 123.324358 123.325755 123.327711 123.329667 123.331343 123.333299 123.335010 123.336686 123.338642 123.340039 123.341995 123.344230 123.345907 123.347863 123.349819 123.351775 123.353172 123.355128 123.357084 123.358760 123.360716 123.362392 123.364069 123.366025 123.367701 123.369657 123.371334 123.373289 123.375279 123.376676 123.378632 123.380588 123.382265 123.384221 123.385897 123.387574 123.389809 123.391485 123.393441 123.394838 123.396794 123.398750 123.400427 123.402383 123.404059 123.405736 123.407971 123.409647
123.311505 123.313461 123.315417 123.317373 123.319329 123.320726 123.322682 123.324637 123.326314 123.328270 123.330226 123.332182 123.334172 123.336127 123.338083 123.340039 123.341716 123.343392 123.345348 123.347304 123.349260 123.350657 123.352613 123.354569 123.356245 123.358201 123.359878 123.361554 123.363789 123.364907 123.366863 123.368819 123.370495 123.372451 123.374407 123.376397 123.378353 123.379750 123.381706 123.383382 123.385059 123.387015 123.388691 123.390647 123.392324 123.394000 123.395956 123.397633 123.399309 123.401265 123.403221 123.405177 123.407133 123.409088 123.411044 123.413000 123.414677 123.416353 0.000000 0.000000
123.323240 123.325196 123.327152 123.328549 123.329388 123.331343 123.333020 123.335010 123.336686 123.338363 123.340319 123.342275 123.344230 123.345907 123.347583 123.349539 123.351216 123.353451 123.355128 123.357363 123.358760 123.360716 123.362672 123.364348 123.366304 123.367981 123.369657 123.371613 123.373289 123.375279 123.376956 123.378632 123.380868 123.382265 123.383941 123.386177 123.387853 123.389809 123.391206 123.393162 123.395118 123.396794 123.399030 123.400427 123.402103 123.404338 123.405736 123.407691 123.409368 123.411044 123.413280 123.414677 123.416633 0.000000 0.000000 0.000000 0.000000 0.000000 0.000000 0.000000
123.330505 123.332740 123.334172 123.336127 123.337804 123.339480 123.341436 123.343113 123.345348 123.346745 123.348701 123.350657 123.352333 123.354289 123.355966 123.357642 123.359598 123.361275 123.363510 123.364907 123.366863 123.368819 123.370495 123.372451 123.374128 123.375838 123.377794 123.379471 123.381147 123.383103 123.385059 123.387015 123.388412 123.390368 123.392324 123.394000 123.396235 123.397633 123.399588 123.401544 123.403221 123.405177 123.407133 123.409088 123.411044 123.413000 123.414677 123.416353 0.000000 0.000000 0.000000 0.000000 0.000000 0.000000 0.000000 0.000000 0.000000 0.000000 0.000000 0.000000
123.337804 123.339760 123.341716 123.343392 123.345348 123.347304 123.349260 123.351216 123.353172 123.354848 123.356525 123.358760 123.360436 123.362392 123.363789 123.366025 123.367701 123.369378 123.371334 123.373289 123.375279 123.377235 123.378912 123.380868 123.382824 123.384779 123.386177 123.388132 123.390088 123.391765 123.393721 123.395397 123.397074 123.399309 123.400985 123.402941 123.404338 123.406294 123.408250 123.409927 123.412162 123.413839 123.416074 0.000000 0.000000 0.000000 0.000000 0.000000 0.000000 0.000000 0.000000 0.000000 0.000000 0.000000 0.000000 0.000000 0.000000 0.000000 0.000000 0.000000
123.346466 123.348422 123.350378 123.352054 123.353731 123.355686 123.357084 123.359039 123.360995 123.362672 123.364628 123.366304 123.367981 123.369937 123.371892 123.373848 123.375279 123.377235 123.379191 123.380868 123.382824 123.384500 123.386735 123.388412 123.390088 123.392324 123.394000 123.395956 123.397353 123.399309 123.401265 123.402941 123.404897 123.406853 123.409088 123.410486 123.412162 123.414397 123.416074 0.000000 0.000000 0.000000 0.000000 0.000000 0.000000 0.000000 0.000000 0.000000 0.000000 0.000000 0.000000 0.000000 0.000000 0.000000 0.000000 0.000000 0.000000 0.000000 0.000000 0.000000
123.354848 123.356804 123.358481 123.360157 123.362392 123.364069 123.366025 123.367981 123.369937 123.371334 123.373289 123.375279 123.376676 123.378632 123.380868 123.382265 123.384221 123.385897 123.387574 123.389530 123.391485 123.393441 123.394838 123.396794 123.399030 123.400427 123.402383 123.404059 123.405736 123.407971 123.409088 123.411044 123.413000 123.414677 123.416633 0.000000 0.000000 0.000000 0.000000 0.000000 0.000000 0.000000 0.000000 0.000000 0.000000 0.000000 0.000000 0.000000 0.000000 0.000000 0.000000 0.000000 0.000000 0.000000 0.000000 0.000000 0.000000 0.000000 0.000000 0.000000
123.363510 123.365466 123.367422 123.369098 123.370775 123.372731 123.374687 123.376676 123.378353 123.380029 123.382265 123.383941 123.385897 123.387853 123.389809 123.391206 123.393162 123.395118 123.396794 123.398750 123.400706 123.402662 123.404338 123.406015 123.408250 123.409368 123.411603 123.413280 123.414956 0.000000 0.000000 0.000000 0.000000 0.000000 0.000000 0.000000 0.000000 0.000000 0.000000 0.000000 0.000000 0.000000 0.000000 0.000000 0.000000 0.000000 0.000000 0.000000 0.000000 0.000000 0.000000 0.000000 0.000000 0.000000 0.000000 0.000000 0.000000 0.000000 0.000000 0.000000
123.374687 123.376676 123.378632 123.380309 123.382265 123.383662 123.385618 123.387574 123.389250 123.391206 123.392882 123.395118 123.396794 123.398471 123.400706 123.402383 123.404338 123.406294 123.408250 123.409647 123.411603 123.413559 123.415236 0.000000 0.000000 0.000000 0.000000 0.000000 0.000000 0.000000 0.000000 0.000000 0.000000 0.000000 0.000000 0.000000 0.000000 0.000000 0.000000 0.000000 0.000000 0.000000 0.000000 0.000000 0.000000 0.000000 0.000000 0.000000 0.000000 0.000000 0.000000 0.000000 0.000000 0.000000 0.000000 0.000000 0.000000 0.000000 0.000000 0.000000
123.383662 123.385338 123.387294 123.389250 123.391206 123.392882 123.394559 123.396794 123.397912 123.400147 123.401824 123.403500 123.405456 123.407133 123.408809 123.411044 123.412721 123.414677 123.416074 0.000000 0.000000 0.000000 0.000000 0.000000 0.000000 0.000000 0.000000 0.000000 0.000000 0.000000 0.000000 0.000000 0.000000 0.000000 0.000000 0.000000 0.000000 0.000000 0.000000 0.000000 0.000000 0.000000 0.000000 0.000000 0.000000 0.000000 0.000000 0.000000 0.000000 0.000000 0.000000 0.000000 0.000000 0.000000 0.000000 0.000000 0.000000 0.000000 0.000000 0.000000
123.391485 123.393441 123.394838 123.397074 123.399030 123.400427 123.402383 123.404059 123.405736 123.407971 123.409088 123.411324 123.413000 123.414677 123.416633 0.000000 0.000000 0.000000 0.000000 0.000000 0.000000 0.000000 0.000000 0.000000 0.000000 0.000000 0.000000 0.000000 0.000000 0.000000 0.000000 0.000000 0.000000 0.000000 0.000000 0.000000 0.000000 0.000000 0.000000 0.000000 0.000000 0.000000 0.000000 0.000000 0.000000 0.000000 0.000000 0.000000 0.000000 0.000000 0.000000 0.000000 0.000000 0.000000 0.000000 0.000000 0.000000 0.000000 0.000000 0.000000
123.400147 123.402103 123.404059 123.405736 123.407971 123.409368 123.411324 123.413280 123.414956 0.000000 0.000000 0.000000 0.000000 0.000000 0.000000 0.000000 0.000000 0.000000 0.000000 0.000000 0.000000 0.000000 0.000000 0.000000 0.000000 0.000000 0.000000 0.000000 0.000000 0.000000 0.000000 0.000000 0.000000 0.000000 0.000000 0.000000 0.000000 0.000000 0.000000 0.000000 0.000000 0.000000 0.000000 0.000000 0.000000 0.000000 0.000000 0.000000 0.000000 0.000000 0.000000 0.000000 0.000000 0.000000 0.000000 0.000000 0.000000 0.000000 0.000000 0.000000
123.408809 123.410765 123.412162 123.414118 123.416074 0.000000 0.000000 0.000000 0.000000 0.000000 0.000000 0.000000 0.000000 0.000000 0.000000 0.000000 0.000000 0.000000 0.000000 0.000000 0.000000 0.000000 0.000000 0.000000 0.000000 0.000000 0.000000 0.000000 0.000000 0.000000 0.000000 0.000000 0.000000 0.000000 0.000000 0.000000 0.000000 0.000000 0.000000 0.000000 0.000000 0.000000 0.000000 0.000000 0.000000 0.000000 0.000000 0.000000 0.000000 0.000000 0.000000 0.000000 0.000000 0.000000 0.000000 0.000000 0.000000 0.000000 0.000000 0.000000
0.000000 0.000000 0.000000 0.000000 0.000000 0.000000 0.000000 0.000000 0.000000 0.000000 0.000000 0.000000 0.000000 0.000000 0.000000 0.000000 0.000000 0.000000 0.000000 0.000000 0.000000 0.000000 0.000000 0.000000 0.000000 0.000000 0.000000 0.000000 0.000000 0.000000 0.000000 0.000000 0.000000 0.000000 0.000000 0.000000 0.000000 0.000000 0.000000 0.000000 0.000000 0.000000 0.000000 0.000000 0.000000 0.000000 0.000000 0.000000 0.000000 0.000000 0.000000 0.000000 0.000000 0.000000 0.000000 0.000000 0.000000 0.000000 0.000000 0.000000
0.000000 0.000000 0.000000 0.000000 0.000000 0.000000 0.000000 0.000000 0.000000 0.000000 0.000000 0.000000 0.000000 0.000000 0.000000 0.000000 0.000000 0.000000 0.000000 0.000000 0.000000 0.000000 0.000000 0.000000 0.000000 0.000000 0.000000 0.000000 0.000000 0.000000 0.000000 0.000000 0.000000 0.000000 0.000000 0.000000 0.000000 0.000000 0.000000 0.000000 0.000000 0.000000 0.000000 0.000000 0.000000 0.000000 0.000000 0.000000 0.000000 0.000000 0.000000 0.000000 0.000000 0.000000 0.000000 0.000000 0.000000 0.000000 0.000000 0.000000
