FireSTARR/test/constant/O1a_S060_A180_WD180_WS000/arrival.asc
ncols         747
nrows         67
xllcorner     426603.990666
yllcorner     12745455.311160
cellsize      100.000000
NODATA_value  0.000000
[rows 25 to 49 of 67, columns 57 to 113 of 747]
123.103150 123.103708 123.104266 123.104825 123.105383 123.105941 123.106499 123.107057 123.107616 123.108174 123.108732 123.109290 123.109848 123.110407 123.110965 123.111523 123.112081 123.112640 123.113198 123.113756 123.114314 123.114872 123.115431 123.115989 123.116547 123.117105 123.117663 123.118222 123.118780 123.119338 123.119896 123.120455 123.121013 123.121571 123.122129 123.122687 123.123246 123.123804 123.124362 123.124920 123.125558 123.126116 123.126675 123.127233 123.127791 123.128349 123.128907 123.129466 123.130024 123.130582 123.131140 123.131699 123.132257 123.132815 123.133373 123.133931 123.134490
123.093660 123.094218 123.094777 123.095335 123.095893 123.096451 123.097010 123.097568 123.098126 123.098684 123.099242 123.099801 123.100359 123.100917 123.101475 123.102033 123.102592 123.103150 123.103708 123.104266 123.104825 123.105383 123.105941 123.106499 123.107057 123.107616 123.108174 123.108732 123.109290 123.109848 123.110407 123.110965 123.111523 123.112081 123.112640 123.113198 123.113756 123.114314 123.114872 123.115431 123.115989 123.116547 123.117105 123.117663 123.118222 123.118780 123.119338 123.119896 123.120455 123.121013 123.121571 123.122129 123.122687 123.123246 123.123804 123.124362 123.124920
123.083892 123.084450 123.085008 123.085566 123.086124 123.086683 123.087241 123.087799 123.088357 123.088915 123.089474 123.090032 123.090590 123.091148 123.091707 123.092265 123.092823 123.093381 123.093939 123.094498 123.095056 123.095614 123.096172 123.096730 123.097289 123.097847 123.098405 123.098963 123.099522 123.100080 123.100638 123.101196 123.101754 123.102313 123.102871 123.103429 123.103987 123.104545 123.105104 123.105662 123.106220 123.106778 123.107336 123.107895 123.108453 123.109011 123.109569 123.110128 123.110686 123.111244 123.111802 123.112360 123.112919 123.113477 123.114035 123.114593 123.115151
123.074322 123.074880 123.075439 123.075997 123.076555 123.077113 123.077671 123.078230 123.078788 123.079346 123.079904 123.080462 123.081021 123.081579 123.082137 123.082695 123.083254 123.083892 123.084450 123.085008 123.085566 123.086124 123.086683 123.087241 123.087799 123.088357 123.088915 123.089474 123.090032 123.090590 123.091148 123.091707 123.092265 123.092823 123.093381 123.093939 123.094498 123.095056 123.095614 123.096172 123.096730 123.097289 123.097847 123.098405 123.098963 123.099522 123.100080 123.100638 123.101196 123.101754 123.102313 123.102871 123.103429 123.103987 123.104545 123.105104 123.105662
123.064833 123.065391 123.065949 123.066507 123.067065 123.067624 123.068182 123.068740 123.069298 123.069856 123.070415 123.070973 123.071531 123.072089 123.072647 123.073206 123.073764 123.074322 123.074880 123.075439 123.075997 123.076555 123.077113 123.077671 123.078230 123.078788 123.079346 123.079904 123.080462 123.081021 123.081579 123.082137 123.082695 123.083254 123.083612 123.084171 123.084729 123.085287 123.085845 123.086404 123.086962 123.087520 123.088078 123.088636 123.089195 123.089753 123.090311 123.090869 123.091427 123.091986 123.092544 123.093102 123.093660 123.094218 123.094777 123.095335 123.095893
123.055064 123.055622 123.056180 123.056738 123.057297 123.057855 123.058413 123.058971 123.059529 123.060088 123.060646 123.061204 123.061762 123.062321 123.062879 123.063437 123.063995 123.064553 123.065112 123.065670 123.066228 123.066786 123.067344 123.067903 123.068461 123.069019 123.069577 123.070136 123.070694 123.071252 123.071810 123.072368 123.072927 123.073485 123.074043 123.074601 123.075159 123.075718 123.076276 123.076834 123.077392 123.077951 123.078509 123.079067 123.079625 123.080183 123.080742 123.081300 123.081858 123.082416 123.082974 123.083612 123.084171 123.084729 123.085287 123.085845 123.086404
123.045574 123.046132 123.046691 123.047249 123.047807 123.048365 123.048923 123.049482 123.050040 123.050598 123.051156 123.051715 123.052273 123.052831 123.053389 123.053947 123.054506 123.055064 123.055622 123.056180 123.056738 123.057297 123.057855 123.058413 123.058971 123.059529 123.060088 123.060646 123.061204 123.061762 123.062321 123.062879 123.063437 123.063995 123.064553 123.065112 123.065670 123.066228 123.066786 123.067344 123.067903 123.068461 123.069019 123.069577 123.070136 123.070694 123.071252 123.071810 123.072368 123.072927 123.073485 123.074043 123.074601 123.075159 123.075718 123.076276 123.076834
123.036005 123.036563 123.037121 123.037679 123.038238 123.038796 123.039354 123.039912 123.040470 123.041029 123.041587 123.042225 123.042783 123.043341 123.043900 123.044458 123.045016 123.045574 123.046132 123.046691 123.047249 123.047807 123.048365 123.048923 123.049482 123.050040 123.050598 123.051156 123.051715 123.052273 123.052831 123.053389 123.053947 123.054506 123.055064 123.055622 123.056180 123.056738 123.057297 123.057855 123.058413 123.058971 123.059529 123.060088 123.060646 123.061204 123.061762 123.062321 123.062879 123.063437 123.063995 123.064553 123.065112 123.065670 123.066228 123.066786 123.067344
123.031539 123.032097 123.032655 123.033214 123.033772 123.034330 123.034888 123.035447 123.036005 123.036563 123.037121 123.037679 123.038238 123.038796 123.039354 123.039912 123.040470 123.041029 123.041587 123.042225 123.042783 123.043341 123.043900 123.044458 123.045016 123.045574 123.046132 123.046691 123.047249 123.047807 123.048365 123.048923 123.049482 123.050040 123.050598 123.051156 123.051715 123.052273 123.052831 123.053389 123.053947 123.054506 123.055064 123.055622 123.056180 123.056738 123.057297 123.057855 123.058413 123.058971 123.059529 123.060088 123.060646 123.061204 123.061762 123.062321 123.062879
123.037121 123.037679 123.038238 123.038796 123.039354 123.039912 123.040470 123.041029 123.041587 123.042225 123.042783 123.043341 123.043900 123.044458 123.045016 123.045574 123.046132 123.046691 123.047249 123.047807 123.048365 123.048923 123.049482 123.050040 123.050598 123.051156 123.051715 123.052273 123.052831 123.053389 123.053947 123.054506 123.055064 123.055622 123.056180 123.056738 123.057297 123.057855 123.058413 123.058971 123.059529 123.060088 123.060646 123.061204 123.061762 123.062321 123.062879 123.063437 123.063995 123.064553 123.065112 123.065670 123.066228 123.066786 123.067344 123.067903 123.068461
123.046691 123.047249 123.047807 123.048365 123.048923 123.049482 123.050040 123.050598 123.051156 123.051715 123.052273 123.052831 123.053389 123.053947 123.054506 123.055064 123.055622 123.056180 123.056738 123.057297 123.057855 123.058413 123.058971 123.059529 123.060088 123.060646 123.061204 123.061762 123.062321 123.062879 123.063437 123.063995 123.064553 123.065112 123.065670 123.066228 123.066786 123.067344 123.067903 123.068461 123.069019 123.069577 123.070136 123.070694 123.071252 123.071810 123.072368 123.072927 123.073485 123.074043 123.074601 123.075159 123.075718 123.076276 123.076834 123.077392 123.077951
123.056180 123.056738 123.057297 123.057855 123.058413 123.058971 123.059529 123.060088 123.060646 123.061204 123.061762 123.062321 123.062879 123.063437 123.063995 123.064553 123.065112 123.065670 123.066228 123.066786 123.067344 123.067903 123.068461 123.069019 123.069577 123.070136 123.070694 123.071252 123.071810 123.072368 123.072927 123.073485 123.074043 123.074601 123.075159 123.075718 123.076276 123.076834 123.077392 123.077951 123.078509 123.079067 123.079625 123.080183 123.080742 123.081300 123.081858 123.082416 123.082974 123.083612 123.084171 123.084729 123.085287 123.085845 123.086404 123.086962 123.087520
123.065949 123.066507 123.067065 123.067624 123.068182 123.068740 123.069298 123.069856 123.070415 123.070973 123.071531 123.072089 123.072647 123.073206 123.073764 123.074322 123.074880 123.075439 123.075997 123.076555 123.077113 123.077671 123.078230 123.078788 123.079346 123.079904 123.080462 123.081021 123.081579 123.082137 123.082695 123.083254 123.083612 123.084171 123.084729 123.085287 123.085845 123.086404 123.086962 123.087520 123.088078 123.088636 123.089195 123.089753 123.090311 123.090869 123.091427 123.091986 123.092544 123.093102 123.093660 123.094218 123.094777 123.095335 123.095893 123.096451 123.097010
123.075439 123.075997 123.076555 123.077113 123.077671 123.078230 123.078788 123.079346 123.079904 123.080462 123.081021 123.081579 123.082137 123.082695 123.083254 123.083892 123.084450 123.085008 123.085566 123.086124 123.086683 123.087241 123.087799 123.088357 123.088915 123.089474 123.090032 123.090590 123.091148 123.091707 123.092265 123.092823 123.093381 123.093939 123.094498 123.095056 123.095614 123.096172 123.096730 123.097289 123.097847 123.098405 123.098963 123.099522 123.100080 123.100638 123.101196 123.101754 123.102313 123.102871 123.103429 123.103987 123.104545 123.105104 123.105662 123.106220 123.106778
123.085008 123.085566 123.086124 123.086683 123.087241 123.087799 123.088357 123.088915 123.089474 123.090032 123.090590 123.091148 123.091707 123.092265 123.092823 123.093381 123.093939 123.094498 123.095056 123.095614 123.096172 123.096730 123.097289 123.097847 123.098405 123.098963 123.099522 123.100080 123.100638 123.101196 123.101754 123.102313 123.102871 123.103429 123.103987 123.104545 123.105104 123.105662 123.106220 123.106778 123.107336 123.107895 123.108453 123.109011 123.109569 123.110128 123.110686 123.111244 123.111802 123.112360 123.112919 123.113477 123.114035 123.114593 123.115151 123.115710 123.116268
123.094777 123.095335 123.095893 123.096451 123.097010 123.097568 123.098126 123.098684 123.099242 123.099801 123.100359 123.100917 123.101475 123.102033 123.102592 123.103150 123.103708 123.104266 123.104825 123.105383 123.105941 123.106499 123.107057 123.107616 123.108174 123.108732 123.109290 123.109848 123.110407 123.110965 123.111523 123.112081 123.112640 123.113198 123.113756 123.114314 123.114872 123.115431 123.115989 123.116547 123.117105 123.117663 123.118222 123.118780 123.119338 123.119896 123.120455 123.121013 123.121571 123.122129 123.122687 123.123246 123.123804 123.124362 123.124920 123.125558 123.125837
123.104266 123.104825 123.105383 123.105941 123.106499 123.107057 123.107616 123.108174 123.108732 123.109290 123.109848 123.110407 123.110965 123.111523 123.112081 123.112640 123.113198 123.113756 123.114314 123.114872 123.115431 123.115989 123.116547 123.117105 123.117663 123.118222 123.118780 123.119338 123.119896 123.120455 123.121013 123.121571 123.122129 123.122687 123.123246 123.123804 123.124362 123.124920 123.125279 123.125837 123.126396 123.126954 123.127512 123.128070 123.128628 123.129187 123.129745 123.130303 123.130861 123.131419 123.131978 123.132536 123.133094 123.133652 123.134211 123.134769 123.135327
123.113756 123.114314 123.114872 123.115431 123.115989 123.116547 123.117105 123.117663 123.118222 123.118780 123.119338 123.119896 123.120455 123.121013 123.121571 123.122129 123.122687 123.123246 123.123804 123.124362 123.124920 123.125558 123.126116 123.126675 123.127233 123.127791 123.128349 123.128907 123.129466 123.130024 123.130582 123.131140 123.131699 123.132257 123.132815 123.133373 123.133931 123.134490 123.135048 123.135606 123.136164 123.136722 123.137281 123.137839 123.138397 123.138955 123.139514 123.140072 123.140630 123.141188 123.141746 123.142305 123.142863 123.143421 123.143979 123.144537 123.145096
123.123525 123.124083 123.124641 123.125279 123.125837 123.126396 123.126954 123.127512 123.128070 123.128628 123.129187 123.129745 123.130303 123.130861 123.131419 123.131978 123.132536 123.133094 123.133652 123.134211 123.134769 123.135327 123.135885 123.136443 123.137002 123.137560 123.138118 123.138676 123.139234 123.139793 123.140351 123.140909 123.141467 123.142025 123.142584 123.143142 123.143700 123.144258 123.144817 123.145375 123.145933 123.146491 123.147049 123.147608 123.148166 123.148724 123.149282 123.149840 123.150399 123.150957 123.151515 123.152073 123.152632 123.153190 123.153748 123.154306 123.154864
123.159051 123.152352 123.141467 123.134769 123.135327 123.135885 123.136443 123.137002 123.137560 123.138118 123.138676 123.139234 123.139793 123.140351 123.140909 123.141467 123.142025 123.142584 123.143142 123.143700 123.144258 123.144817 123.145375 123.145933 123.146491 123.147049 123.147608 123.148166 123.148724 123.149282 123.149840 123.150399 123.150957 123.151515 123.152073 123.152632 123.153190 123.153748 123.154306 123.154864 123.155423 123.155981 123.156539 123.157097 123.157655 123.158214 123.158772 123.159330 123.159888 123.160447 123.161005 123.161563 123.162121 123.162679 123.163238 123.163796 123.164354
123.224242 123.212799 123.198485 123.193461 123.190670 123.176156 123.172249 123.158772 123.147887 123.147608 123.148166 123.148724 123.149282 123.149840 123.150399 123.150957 123.151515 123.152073 123.152632 123.153190 123.153748 123.154306 123.154864 123.155423 123.155981 123.156539 123.157097 123.157655 123.158214 123.158772 123.159330 123.159888 123.160447 123.161005 123.161563 123.162121 123.162679 123.163238 123.163796 123.164354 123.164912 123.165470 123.166029 123.166587 123.167225 123.167783 123.168341 123.168900 123.169458 123.170016 123.170574 123.171132 123.171691 123.172249 123.172807 123.173365 123.173923
123.309529 123.299482 123.289633 123.272887 123.254466 123.241547 123.231220 123.218939 123.213636 123.207416 123.194298 123.190949 123.176994 123.168062 123.160447 123.160726 123.161284 123.161842 123.162400 123.162958 123.163517 123.164075 123.164633 123.165191 123.165750 123.166308 123.166667 123.167225 123.167783 123.168341 123.168900 123.169458 123.170016 123.170574 123.171132 123.171691 123.172249 123.172807 123.173365 123.173923 123.174482 123.175040 123.175598 123.176156 123.176715 123.177273 123.177831 123.178389 123.178947 123.179506 123.180064 123.180622 123.181180 123.181738 123.182297 123.182855 123.183413
123.414633 123.401515 123.382536 123.358732 123.343939 123.331021 123.317344 123.307297 123.292783 123.272329 123.259769 123.249641 123.239872 123.234011 123.228987 123.213078 123.207695 123.194856 123.188158 123.178110 123.173086 123.173644 123.174203 123.174761 123.175319 123.175877 123.176435 123.176994 123.177552 123.178110 123.178668 123.179226 123.179785 123.180343 123.180901 123.181459 123.182018 123.182576 123.183134 123.183692 123.184250 123.184809 123.185367 123.185925 123.186483 123.187041 123.187600 123.188158 123.188716 123.189274 123.189833 123.190391 123.190949 123.191507 123.192065 123.192624 123.193182
0.000000 0.000000 0.000000 0.000000 0.000000 0.000000 123.414633 123.392305 123.376954 123.365431 123.347289 123.333892 123.324880 123.305622 123.292783 123.277632 123.268421 123.257536 123.249362 123.246292 123.233732 123.226475 123.213357 123.203788 123.197927 123.186483 123.185925 123.186483 123.187041 123.187600 123.188158 123.188716 123.189274 123.189833 123.190391 123.190949 123.191507 123.192065 123.192624 123.193182 123.193740 123.194298 123.194856 123.195415 123.195973 123.196531 123.197089 123.197647 123.198206 123.198764 123.199322 123.199880 123.200439 123.200997 123.201555 123.202113 123.202671
0.000000 0.000000 0.000000 0.000000 0.000000 0.000000 0.000000 0.000000 0.000000 0.000000 0.000000 0.000000 123.408772 123.395654 123.378070 123.366547 123.351196 123.345893 123.324601 123.312600 123.297249 123.287121 123.275678 123.268700 123.264234 123.252791 123.243780 123.233174 123.226754 123.215311 123.208254 123.198764 123.199043 123.199601 123.200159 123.200718 123.201276 123.201834 123.202392 123.202951 123.203509 123.204067 123.204625 123.205183 123.205742 123.206300 123.206858 123.207416 123.207974 123.208333 123.208892 123.209450 123.210008 123.210566 123.211124 123.211683 123.212241
