FireSTARR/test/constant/O1a_S060_A180_WD180_WS000/arrival.asc
ncols         747
nrows         67
xllcorner     426603.990666
yllcorner     12745455.311160
cellsize      100.000000
NODATA_value  0.000000
[rows 25 to 49 of 67, columns 570 to 626 of 747]
123.389514 123.390072 123.390630 123.391188 123.391746 123.392305 123.392863 123.393421 123.393979 123.394537 123.395096 123.395654 123.396212 123.396770 123.397329 123.397887 123.398445 123.399003 123.399561 123.400120 123.400678 123.401236 123.401794 123.402352 123.402911 123.403469 123.404027 123.404585 123.405144 123.405702 123.406260 123.406818 123.407376 123.407935 123.408493 123.409051 123.409609 123.410167 123.410726 123.411284 123.411842 123.412400 123.412958 123.413517 123.414075 123.414633 123.415191 123.415750 123.416308 0.000000 0.000000 0.000000 0.000000 0.000000 0.000000 0.000000 0.000000
123.380024 123.380582 123.381140 123.381699 123.382257 123.382815 123.383373 123.383931 123.384490 123.385048 123.385606 123.386164 123.386722 123.387281 123.387839 123.388397 123.388955 123.389514 123.390072 123.390630 123.391188 123.391746 123.392305 123.392863 123.393421 123.393979 123.394537 123.395096 123.395654 123.396212 123.396770 123.397329 123.397887 123.398445 123.399003 123.399561 123.400120 123.400678 123.401236 123.401794 123.402352 123.402911 123.403469 123.404027 123.404585 123.405144 123.405702 123.406260 123.406818 123.407376 123.407935 123.408493 123.409051 123.409609 123.410167 123.410726 123.411284
123.370175 123.370734 123.371292 123.371850 123.372408 123.372966 123.373525 123.374083 123.374641 123.375279 123.375837 123.376396 123.376954 123.377512 123.378070 123.378628 123.379187 123.379745 123.380303 123.380861 123.381419 123.381978 123.382536 123.383094 123.383652 123.384211 123.384769 123.385327 123.385885 123.386443 123.387002 123.387560 123.388118 123.388676 123.389234 123.389793 123.390351 123.390909 123.391467 123.392025 123.392584 123.393142 123.393700 123.394258 123.394817 123.395375 123.395933 123.396491 123.397049 123.397608 123.398166 123.398724 123.399282 123.399840 123.400399 123.400957 123.401515
123.360686 123.361244 123.361802 123.362360 123.362919 123.363477 123.364035 123.364593 123.365151 123.365710 123.366268 123.366826 123.367384 123.367943 123.368501 123.369059 123.369617 123.370175 123.370734 123.371292 123.371850 123.372408 123.372966 123.373525 123.374083 123.374641 123.375279 123.375837 123.376396 123.376954 123.377512 123.378070 123.378628 123.379187 123.379745 123.380303 123.380861 123.381419 123.381978 123.382536 123.383094 123.383652 123.384211 123.384769 123.385327 123.385885 123.386443 123.387002 123.387560 123.388118 123.388676 123.389234 123.389793 123.390351 123.390909 123.391467 123.392025
123.351196 123.351754 123.352313 123.352871 123.353429 123.353987 123.354545 123.355104 123.355662 123.356220 123.356778 123.357336 123.357895 123.358453 123.359011 123.359569 123.360128 123.360686 123.361244 123.361802 123.362360 123.362919 123.363477 123.364035 123.364593 123.365151 123.365710 123.366268 123.366826 123.367384 123.367943 123.368501 123.369059 123.369617 123.370175 123.370734 123.371292 123.371850 123.372408 123.372966 123.373525 123.374083 123.374641 123.375000 123.375558 123.376116 123.376675 123.377233 123.377791 123.378349 123.378907 123.379466 123.380024 123.380582 123.381140 123.381699 123.382257
123.341427 123.341986 123.342544 123.343102 123.343660 123.344218 123.344777 123.345335 123.345893 123.346451 123.347010 123.347568 123.348126 123.348684 123.349242 123.349801 123.350359 123.350917 123.351475 123.352033 123.352592 123.353150 123.353708 123.354266 123.354825 123.355383 123.355941 123.356499 123.357057 123.357616 123.358174 123.358732 123.359290 123.359848 123.360407 123.360965 123.361523 123.362081 123.362640 123.363198 123.363756 123.364314 123.364872 123.365431 123.365989 123.366547 123.367105 123.367663 123.368222 123.368780 123.369338 123.369896 123.370455 123.371013 123.371571 123.372129 123.372687
123.331858 123.332416 123.332974 123.333612 123.334171 123.334729 123.335287 123.335845 123.336404 123.336962 123.337520 123.338078 123.338636 123.339195 123.339753 123.340311 123.340869 123.341427 123.341986 123.342544 123.343102 123.343660 123.344218 123.344777 123.345335 123.345893 123.346451 123.347010 123.347568 123.348126 123.348684 123.349242 123.349801 123.350359 123.350917 123.351475 123.352033 123.352592 123.353150 123.353708 123.354266 123.354825 123.355383 123.355941 123.356499 123.357057 123.357616 123.358174 123.358732 123.359290 123.359848 123.360407 123.360965 123.361523 123.362081 123.362640 123.363198
123.322368 123.322927 123.323485 123.324043 123.324601 123.325159 123.325718 123.326276 123.326834 123.327392 123.327951 123.328509 123.329067 123.329625 123.330183 123.330742 123.331300 123.331858 123.332416 123.332974 123.333612 123.334171 123.334729 123.335287 123.335845 123.336404 123.336962 123.337520 123.338078 123.338636 123.339195 123.339753 123.340311 123.340869 123.341427 123.341986 123.342544 123.343102 123.343660 123.344218 123.344777 123.345335 123.345893 123.346451 123.347010 123.347568 123.348126 123.348684 123.349242 123.349801 123.350359 123.350917 123.351475 123.352033 123.352592 123.353150 123.353708
123.317903 123.318461 123.319019 123.319577 123.320136 123.320694 123.321252 123.321810 123.322368 123.322927 123.323485 123.324043 123.324601 123.325159 123.325718 123.326276 123.326834 123.327392 123.327951 123.328509 123.329067 123.329625 123.330183 123.330742 123.331300 123.331858 123.332416 123.332974 123.333612 123.334171 123.334729 123.335287 123.335845 123.336404 123.336962 123.337520 123.338078 123.338636 123.339195 123.339753 123.340311 123.340869 123.341427 123.341986 123.342544 123.343102 123.343660 123.344218 123.344777 123.345335 123.345893 123.346451 123.347010 123.347568 123.348126 123.348684 123.349242
123.323485 123.324043 123.324601 123.325159 123.325718 123.326276 123.326834 123.327392 123.327951 123.328509 123.329067 123.329625 123.330183 123.330742 123.331300 123.331858 123.332416 123.332974 123.333333 123.333892 123.334450 123.335008 123.335566 123.336124 123.336683 123.337241 123.337799 123.338357 123.338915 123.339474 123.340032 123.340590 123.341148 123.341707 123.342265 123.342823 123.343381 123.343939 123.344498 123.345056 123.345614 123.346172 123.346730 123.347289 123.347847 123.348405 123.348963 123.349522 123.350080 123.350638 123.351196 123.351754 123.352313 123.352871 123.353429 123.353987 123.354545
123.332974 123.333612 123.334171 123.334729 123.335287 123.335845 123.336404 123.336962 123.337520 123.338078 123.338636 123.339195 123.339753 123.340311 123.340869 123.341427 123.341986 123.342544 123.343102 123.343660 123.344218 123.344777 123.345335 123.345893 123.346451 123.347010 123.347568 123.348126 123.348684 123.349242 123.349801 123.350359 123.350917 123.351475 123.352033 123.352592 123.353150 123.353708 123.354266 123.354825 123.355383 123.355941 123.356499 123.357057 123.357616 123.358174 123.358732 123.359290 123.359848 123.360407 123.360965 123.361523 123.362081 123.362640 123.363198 123.363756 123.364314
123.342544 123.343102 123.343660 123.344218 123.344777 123.345335 123.345893 123.346451 123.347010 123.347568 123.348126 123.348684 123.349242 123.349801 123.350359 123.350917 123.351475 123.352033 123.352592 123.353150 123.353708 123.354266 123.354825 123.355383 123.355941 123.356499 123.357057 123.357616 123.358174 123.358732 123.359290 123.359848 123.360407 123.360965 123.361523 123.362081 123.362640 123.363198 123.363756 123.364314 123.364872 123.365431 123.365989 123.366547 123.367105 123.367663 123.368222 123.368780 123.369338 123.369896 123.370455 123.371013 123.371571 123.372129 123.372687 123.373246 123.373804
123.352033 123.352592 123.353150 123.353708 123.354266 123.354825 123.355383 123.355941 123.356499 123.357057 123.357616 123.358174 123.358732 123.359290 123.359848 123.360407 123.360965 123.361523 123.362081 123.362640 123.363198 123.363756 123.364314 123.364872 123.365431 123.365989 123.366547 123.367105 123.367663 123.368222 123.368780 123.369338 123.369896 123.370455 123.371013 123.371571 123.372129 123.372687 123.373246 123.373804 123.374362 123.374920 123.375558 123.376116 123.376675 123.377233 123.377791 123.378349 123.378907 123.379466 123.380024 123.380582 123.381140 123.381699 123.382257 123.382815 123.383373
123.361802 123.362360 123.362919 123.363477 123.364035 123.364593 123.365151 123.365710 123.366268 123.366826 123.367384 123.367943 123.368501 123.369059 123.369617 123.370175 123.370734 123.371292 123.371850 123.372408 123.372966 123.373525 123.374083 123.374641 123.375279 123.375837 123.376396 123.376954 123.377512 123.378070 123.378628 123.379187 123.379745 123.380303 123.380861 123.381419 123.381978 123.382536 123.383094 123.383652 123.384211 123.384769 123.385327 123.385885 123.386443 123.387002 123.387560 123.388118 123.388676 123.389234 123.389793 123.390351 123.390909 123.391467 123.392025 123.392584 123.393142
123.371292 123.371850 123.372408 123.372966 123.373525 123.374083 123.374641 123.375279 123.375837 123.376396 123.376954 123.377512 123.378070 123.378628 123.379187 123.379745 123.380303 123.380861 123.381419 123.381978 123.382536 123.383094 123.383652 123.384211 123.384769 123.385327 123.385885 123.386443 123.387002 123.387560 123.388118 123.388676 123.389234 123.389793 123.390351 123.390909 123.391467 123.392025 123.392584 123.393142 123.393700 123.394258 123.394817 123.395375 123.395933 123.396491 123.397049 123.397608 123.398166 123.398724 123.399282 123.399840 123.400399 123.400957 123.401515 123.402073 123.402632
123.380861 123.381419 123.381978 123.382536 123.383094 123.383652 123.384211 123.384769 123.385327 123.385885 123.386443 123.387002 123.387560 123.388118 123.388676 123.389234 123.389793 123.390351 123.390909 123.391467 123.392025 123.392584 123.393142 123.393700 123.394258 123.394817 123.395375 123.395933 123.396491 123.397049 123.397608 123.398166 123.398724 123.399282 123.399840 123.400399 123.400957 123.401515 123.402073 123.402632 123.403190 123.403748 123.404306 123.404864 123.405423 123.405981 123.406539 123.407097 123.407655 123.408214 123.408772 123.409330 123.409888 123.410447 123.411005 123.411563 123.412121
123.390630 123.391188 123.391746 123.392305 123.392863 123.393421 123.393979 123.394537 123.395096 123.395654 123.396212 123.396770 123.397329 123.397887 123.398445 123.399003 123.399561 123.400120 123.400678 123.401236 123.401794 123.402352 123.402911 123.403469 123.404027 123.404585 123.405144 123.405702 123.406260 123.406818 123.407376 123.407935 123.408493 123.409051 123.409609 123.410167 123.410726 123.411284 123.411842 123.412400 123.412958 123.413517 123.414075 123.414633 123.415191 123.415750 123.416308 123.416667 0.000000 0.000000 0.000000 0.000000 0.000000 0.000000 0.000000 0.000000 0.000000
123.400120 123.400678 123.401236 123.401794 123.402352 123.402911 123.403469 123.404027 123.404585 123.405144 123.405702 123.406260 123.406818 123.407376 123.407935 123.408493 123.409051 123.409609 123.410167 123.410726 123.411284 123.411842 123.412400 123.412958 123.413517 123.414075 123.414633 123.415191 123.415750 123.416308 0.000000 0.000000 0.000000 0.000000 0.000000 0.000000 0.000000 0.000000 0.000000 0.000000 0.000000 0.000000 0.000000 0.000000 0.000000 0.000000 0.000000 0.000000 0.000000 0.000000 0.000000 0.000000 0.000000 0.000000 0.000000 0.000000 0.000000
123.409888 123.410447 123.411005 123.411563 123.412121 123.412679 123.413238 123.413796 123.414354 123.414912 123.415470 123.416029 123.416587 0.000000 0.000000 0.000000 0.000000 0.000000 0.000000 0.000000 0.000000 0.000000 0.000000 0.000000 0.000000 0.000000 0.000000 0.000000 0.000000 0.000000 0.000000 0.000000 0.000000 0.000000 0.000000 0.000000 0.000000 0.000000 0.000000 0.000000 0.000000 0.000000 0.000000 0.000000 0.000000 0.000000 0.000000 0.000000 0.000000 0.000000 0.000000 0.000000 0.000000 0.000000 0.000000 0.000000 0.000000
0.000000 0.000000 0.000000 0.000000 0.000000 0.000000 0.000000 0.000000 0.000000 0.000000 0.000000 0.000000 0.000000 0.000000 0.000000 0.000000 0.000000 0.000000 0.000000 0.000000 0.000000 0.000000 0.000000 0.000000 0.000000 0.000000 0.000000 0.000000 0.000000 0.000000 0.000000 0.000000 0.000000 0.000000 0.000000 0.000000 0.000000 0.000000 0.000000 0.000000 0.000000 0.000000 0.000000 0.000000 0.000000 0.000000 0.000000 0.000000 0.000000 0.000000 0.000000 0.000000 0.000000 0.000000 0.000000 0.000000 0.000000
0.000000 0.000000 0.000000 0.000000 0.000000 0.000000 0.000000 0.000000 0.000000 0.000000 0.000000 0.000000 0.000000 0.000000 0.000000 0.000000 0.000000 0.000000 0.000000 0.000000 0.000000 0.000000 0.000000 0.000000 0.000000 0.000000 0.000000 0.000000 0.000000 0.000000 0.000000 0.000000 0.000000 0.000000 0.000000 0.000000 0.000000 0.000000 0.000000 0.000000 0.000000 0.000000 0.000000 0.000000 0.000000 0.000000 0.000000 0.000000 0.000000 0.000000 0.000000 0.000000 0.000000 0.000000 0.000000 0.000000 0.000000
0.000000 0.000000 0.000000 0.000000 0.000000 0.000000 0.000000 0.000000 0.000000 0.000000 0.000000 0.000000 0.000000 0.000000 0.000000 0.000000 0.000000 0.000000 0.000000 0.000000 0.000000 0.000000 0.000000 0.000000 0.000000 0.000000 0.000000 0.000000 0.000000 0.000000 0.000000 0.000000 0.000000 0.000000 0.000000 0.000000 0.000000 0.000000 0.000000 0.000000 0.000000 0.000000 0.000000 0.000000 0.000000 0.000000 0.000000 0.000000 0.000000 0.000000 0.000000 0.000000 0.000000 0.000000 0.000000 0.000000 0.000000
0.000000 0.000000 0.000000 0.000000 0.000000 0.000000 0.000000 0.000000 0.000000 0.000000 0.000000 0.000000 0.000000 0.000000 0.000000 0.000000 0.000000 0.000000 0.000000 0.000000 0.000000 0.000000 0.000000 0.000000 0.000000 0.000000 0.000000 0.000000 0.000000 0.000000 0.000000 0.000000 0.000000 0.000000 0.000000 0.000000 0.000000 0.000000 0.000000 0.000000 0.000000 0.000000 0.000000 0.000000 0.000000 0.000000 0.000000 0.000000 0.000000 0.000000 0.000000 0.000000 0.000000 0.000000 0.000000 0.000000 0.000000
0.000000 0.000000 0.000000 0.000000 0.000000 0.000000 0.000000 0.000000 0.000000 0.000000 0.000000 0.000000 0.000000 0.000000 0.000000 0.000000 0.000000 0.000000 0.000000 0.000000 0.000000 0.000000 0.000000 0.000000 0.000000 0.000000 0.000000 0.000000 0.000000 0.000000 0.000000 0.000000 0.000000 0.000000 0.000000 0.000000 0.000000 0.000000 0.000000 0.000000 0.000000 0.000000 0.000000 0.000000 0.000000 0.000000 0.000000 0.000000 0.000000 0.000000 0.000000 0.000000 0.000000 0.000000 0.000000 0.000000 0.000000
0.000000 0.000000 0.000000 0.000000 0.000000 0.000000 0.000000 0.000000 0.000000 0.000000 0.000000 0.000000 0.000000 0.000000 0.000000 0.000000 0.000000 0.000000 0.000000 0.000000 0.000000 0.000000 0.000000 0.000000 0.000000 0.000000 0.000000 0.000000 0.000000 0.000000 0.000000 0.000000 0.000000 0.000000 0.000000 0.000000 0.000000 0.000000 0.000000 0.000000 0.000000 0.000000 0.000000 0.000000 0.000000 0.000000 0.000000 0.000000 0.000000 0.000000 0.000000 0.000000 0.000000 0.000000 0.000000 0.000000 0.000000
