FireSTARR/test/constant/O1a_S060_A180_WD180_WS000/arrival.asc
ncols         747
nrows         67
xllcorner     426603.990666
yllcorner     12745455.311160
cellsize      100.000000
NODATA_value  0.000000
[rows 0 to 24 of 67, columns 342 to 398 of 747]
0.000000 0.000000 0.000000 0.000000 0.000000 0.000000 0.000000 0.000000 0.000000 0.000000 0.000000 0.000000 0.000000 0.000000 0.000000 0.000000 0.000000 0.000000 0.000000 0.000000 0.000000 0.000000 0.000000 0.000000 0.000000 0.000000 0.000000 0.000000 0.000000 0.000000 0.000000 0.000000 0.000000 0.000000 0.000000 0.000000 0.000000 0.000000 0.000000 0.000000 0.000000 0.000000 0.000000 0.000000 0.000000 0.000000 0.000000 0.000000 0.000000 0.000000 0.000000 0.000000 0.000000 0.000000 0.000000 0.000000 0.000000
0.000000 0.000000 0.000000 0.000000 0.000000 0.000000 0.000000 0.000000 0.000000 0.000000 0.000000 0.000000 0.000000 0.000000 0.000000 0.000000 0.000000 0.000000 0.000000 0.000000 0.000000 0.000000 0.000000 0.000000 0.000000 0.000000 0.000000 0.000000 0.000000 0.000000 0.000000 0.000000 0.000000 0.000000 0.000000 0.000000 0.000000 0.000000 0.000000 0.000000 0.000000 0.000000 0.000000 0.000000 0.000000 0.000000 0.000000 0.000000 0.000000 0.000000 0.000000 0.000000 0.000000 0.000000 0.000000 0.000000 0.000000
0.000000 0.000000 0.000000 0.000000 0.000000 0.000000 0.000000 0.000000 0.000000 0.000000 0.000000 0.000000 0.000000 0.000000 0.000000 0.000000 0.000000 0.000000 0.000000 0.000000 0.000000 0.000000 0.000000 0.000000 0.000000 0.000000 0.000000 0.000000 0.000000 0.000000 0.000000 0.000000 0.000000 0.000000 0.000000 0.000000 0.000000 0.000000 0.000000 0.000000 0.000000 0.000000 0.000000 0.000000 0.000000 0.000000 0.000000 0.000000 0.000000 0.000000 0.000000 0.000000 0.000000 0.000000 0.000000 0.000000 0.000000
0.000000 0.000000 0.000000 0.000000 0.000000 0.000000 0.000000 0.000000 0.000000 0.000000 0.000000 0.000000 0.000000 0.000000 0.000000 0.000000 0.000000 0.000000 0.000000 0.000000 0.000000 0.000000 0.000000 0.000000 0.000000 0.000000 0.000000 0.000000 0.000000 0.000000 0.000000 0.000000 0.000000 0.000000 0.000000 0.000000 0.000000 0.000000 0.000000 0.000000 0.000000 0.000000 0.000000 0.000000 0.000000 0.000000 0.000000 0.000000 0.000000 0.000000 0.000000 0.000000 0.000000 0.000000 0.000000 0.000000 0.000000
0.000000 0.000000 0.000000 0.000000 0.000000 0.000000 0.000000 0.000000 0.000000 0.000000 0.000000 0.000000 0.000000 0.000000 0.000000 0.000000 0.000000 0.000000 0.000000 0.000000 0.000000 0.000000 0.000000 0.000000 0.000000 0.000000 0.000000 0.000000 0.000000 0.000000 0.000000 0.000000 0.000000 0.000000 0.000000 0.000000 0.000000 0.000000 0.000000 0.000000 0.000000 0.000000 0.000000 0.000000 0.000000 0.000000 0.000000 0.000000 0.000000 0.000000 0.000000 0.000000 0.000000 0.000000 0.000000 0.000000 0.000000
0.000000 0.000000 0.000000 0.000000 0.000000 0.000000 0.000000 0.000000 0.000000 0.000000 0.000000 0.000000 0.000000 0.000000 0.000000 0.000000 0.000000 0.000000 0.000000 0.000000 0.000000 0.000000 0.000000 0.000000 0.000000 0.000000 0.000000 0.000000 0.000000 0.000000 0.000000 0.000000 0.000000 0.000000 0.000000 0.000000 0.000000 0.000000 0.000000 0.000000 0.000000 0.000000 0.000000 0.000000 0.000000 0.000000 0.000000 0.000000 0.000000 0.000000 0.000000 0.000000 0.000000 0.000000 0.000000 0.000000 0.000000
0.000000 0.000000 0.000000 0.000000 0.000000 0.000000 0.000000 0.000000 0.000000 0.000000 0.000000 0.000000 0.000000 0.000000 0.000000 0.000000 0.000000 0.000000 0.000000 0.000000 0.000000 0.000000 0.000000 0.000000 0.000000 0.000000 0.000000 0.000000 0.000000 0.000000 0.000000 0.000000 0.000000 0.000000 0.000000 0.000000 0.000000 0.000000 0.000000 0.000000 0.000000 0.000000 0.000000 0.000000 0.000000 0.000000 0.000000 0.000000 0.000000 0.000000 0.000000 0.000000 0.000000 0.000000 0.000000 0.000000 0.000000
0.000000 0.000000 0.000000 0.000000 0.000000 0.000000 0.000000 0.000000 0.000000 0.000000 0.000000 0.000000 0.000000 0.000000 0.000000 0.000000 0.000000 0.000000 0.000000 0.000000 0.000000 0.000000 0.000000 0.000000 0.000000 0.000000 0.000000 0.000000 0.000000 0.000000 0.000000 0.000000 0.000000 0.000000 0.000000 0.000000 0.000000 0.000000 0.000000 0.000000 0.000000 0.000000 0.000000 0.000000 0.000000 0.000000 0.000000 0.000000 0.000000 0.000000 0.000000 0.000000 0.000000 0.000000 0.000000 0.000000 0.000000
0.000000 0.000000 0.000000 0.000000 0.000000 0.000000 0.000000 0.000000 0.000000 0.000000 0.000000 0.000000 0.000000 0.000000 0.000000 0.000000 0.000000 0.000000 0.000000 0.000000 0.000000 0.000000 0.000000 0.000000 0.000000 0.000000 0.000000 0.000000 0.000000 0.000000 0.000000 0.000000 0.000000 0.000000 0.000000 0.000000 0.000000 0.000000 0.000000 0.000000 0.000000 0.000000 0.000000 0.000000 0.000000 0.000000 0.000000 0.000000 0.000000 0.000000 0.000000 0.000000 0.000000 0.000000 0.000000 0.000000 0.000000
123.415750 123.416308 0.000000 0.000000 0.000000 0.000000 0.000000 0.000000 0.000000 0.000000 0.000000 0.000000 0.000000 0.000000 0.000000 0.000000 0.000000 0.000000 0.000000 0.000000 0.000000 0.000000 0.000000 0.000000 0.000000 0.000000 0.000000 0.000000 0.000000 0.000000 0.000000 0.000000 0.000000 0.000000 0.000000 0.000000 0.000000 0.000000 0.000000 0.000000 0.000000 0.000000 0.000000 0.000000 0.000000 0.000000 0.000000 0.000000 0.000000 0.000000 0.000000 0.000000 0.000000 0.000000 0.000000 0.000000 0.000000
123.406260 123.406818 123.407376 123.407935 123.408493 123.409051 123.409609 123.410167 123.410726 123.411284 123.411842 123.412400 123.412958 123.413517 123.414075 123.414633 123.415191 123.415750 123.416308 123.416667 0.000000 0.000000 0.000000 0.000000 0.000000 0.000000 0.000000 0.000000 0.000000 0.000000 0.000000 0.000000 0.000000 0.000000 0.000000 0.000000 0.000000 0.000000 0.000000 0.000000 0.000000 0.000000 0.000000 0.000000 0.000000 0.000000 0.000000 0.000000 0.000000 0.000000 0.000000 0.000000 0.000000 0.000000 0.000000 0.000000 0.000000
123.396491 123.397049 123.397608 123.398166 123.398724 123.399282 123.399840 123.400399 123.400957 123.401515 123.402073 123.402632 123.403190 123.403748 123.404306 123.404864 123.405423 123.405981 123.406539 123.407097 123.407655 123.408214 123.408772 123.409330 123.409888 123.410447 123.411005 123.411563 123.412121 123.412679 123.413238 123.413796 123.414354 123.414912 123.415470 123.416029 123.416587 0.000000 0.000000 0.000000 0.000000 0.000000 0.000000 0.000000 0.000000 0.000000 0.000000 0.000000 0.000000 0.000000 0.000000 0.000000 0.000000 0.000000 0.000000 0.000000 0.000000
123.387002 123.387560 123.388118 123.388676 123.389234 123.389793 123.390351 123.390909 123.391467 123.392025 123.392584 123.393142 123.393700 123.394258 123.394817 123.395375 123.395933 123.396491 123.397049 123.397608 123.398166 123.398724 123.399282 123.399840 123.400399 123.400957 123.401515 123.402073 123.402632 123.403190 123.403748 123.404306 123.404864 123.405423 123.405981 123.406539 123.407097 123.407655 123.408214 123.408772 123.409330 123.409888 123.410447 123.411005 123.411563 123.412121 123.412679 123.413238 123.413796 123.414354 123.414912 123.415470 123.416029 123.416587 0.000000 0.000000 0.000000
123.377233 123.377791 123.378349 123.378907 123.379466 123.380024 123.380582 123.381140 123.381699 123.382257 123.382815 123.383373 123.383931 123.384490 123.385048 123.385606 123.386164 123.386722 123.387281 123.387839 123.388397 123.388955 123.389514 123.390072 123.390630 123.391188 123.391746 123.392305 123.392863 123.393421 123.393979 123.394537 123.395096 123.395654 123.396212 123.396770 123.397329 123.397887 123.398445 123.399003 123.399561 123.400120 123.400678 123.401236 123.401794 123.402352 123.402911 123.403469 123.404027 123.404585 123.405144 123.405702 123.406260 123.406818 123.407376 123.407935 123.408493
123.367663 123.368222 123.368780 123.369338 123.369896 123.370455 123.371013 123.371571 123.372129 123.372687 123.373246 123.373804 123.374362 123.374920 123.375558 123.376116 123.376675 123.377233 123.377791 123.378349 123.378907 123.379466 123.380024 123.380582 123.381140 123.381699 123.382257 123.382815 123.383373 123.383931 123.384490 123.385048 123.385606 123.386164 123.386722 123.387281 123.387839 123.388397 123.388955 123.389514 123.390072 123.390630 123.391188 123.391746 123.392305 123.392863 123.393421 123.393979 123.394537 123.395096 123.395654 123.396212 123.396770 123.397329 123.397887 123.398445 123.399003
123.358174 123.358732 123.359290 123.359848 123.360407 123.360965 123.361523 123.362081 123.362640 123.363198 123.363756 123.364314 123.364872 123.365431 123.365989 123.366547 123.367105 123.367663 123.368222 123.368780 123.369338 123.369896 123.370455 123.371013 123.371571 123.372129 123.372687 123.373246 123.373804 123.374362 123.374920 123.375558 123.376116 123.376675 123.377233 123.377791 123.378349 123.378907 123.379466 123.380024 123.380582 123.381140 123.381699 123.382257 123.382815 123.383373 123.383931 123.384490 123.385048 123.385606 123.386164 123.386722 123.387281 123.387839 123.388397 123.388955 123.389514
123.348684 123.349242 123.349801 123.350359 123.350917 123.351475 123.352033 123.352592 123.353150 123.353708 123.354266 123.354825 123.355383 123.355941 123.356499 123.357057 123.357616 123.358174 123.358732 123.359290 123.359848 123.360407 123.360965 123.361523 123.362081 123.362640 123.363198 123.363756 123.364314 123.364872 123.365431 123.365989 123.366547 123.367105 123.367663 123.368222 123.368780 123.369338 123.369896 123.370455 123.371013 123.371571 123.372129 123.372687 123.373246 123.373804 123.374362 123.374920 123.375279 123.375837 123.376396 123.376954 123.377512 123.378070 123.378628 123.379187 123.379745
123.338915 123.339474 123.340032 123.340590 123.341148 123.341707 123.342265 123.342823 123.343381 123.343939 123.344498 123.345056 123.345614 123.346172 123.346730 123.347289 123.347847 123.348405 123.348963 123.349522 123.350080 123.350638 123.351196 123.351754 123.352313 123.352871 123.353429 123.353987 123.354545 123.355104 123.355662 123.356220 123.356778 123.357336 123.357895 123.358453 123.359011 123.359569 123.360128 123.360686 123.361244 123.361802 123.362360 123.362919 123.363477 123.364035 123.364593 123.365151 123.365710 123.366268 123.366826 123.367384 123.367943 123.368501 123.369059 123.369617 123.370175
123.329346 123.329904 123.330462 123.331021 123.331579 123.332137 123.332695 123.333254 123.333892 123.334450 123.335008 123.335566 123.336124 123.336683 123.337241 123.337799 123.338357 123.338915 123.339474 123.340032 123.340590 123.341148 123.341707 123.342265 123.342823 123.343381 123.343939 123.344498 123.345056 123.345614 123.346172 123.346730 123.347289 123.347847 123.348405 123.348963 123.349522 123.350080 123.350638 123.351196 123.351754 123.352313 123.352871 123.353429 123.353987 123.354545 123.355104 123.355662 123.356220 123.356778 123.357336 123.357895 123.358453 123.359011 123.359569 123.360128 123.360686
123.319856 123.320415 123.320973 123.321531 123.322089 123.322647 123.323206 123.323764 123.324322 123.324880 123.325439 123.325997 123.326555 123.327113 123.327671 123.328230 123.328788 123.329346 123.329904 123.330462 123.331021 123.331579 123.332137 123.332695 123.333254 123.333612 123.334171 123.334729 123.335287 123.335845 123.336404 123.336962 123.337520 123.338078 123.338636 123.339195 123.339753 123.340311 123.340869 123.341427 123.341986 123.342544 123.343102 123.343660 123.344218 123.344777 123.345335 123.345893 123.346451 123.347010 123.347568 123.348126 123.348684 123.349242 123.349801 123.350359 123.350917
123.310088 123.310646 123.311204 123.311762 123.312321 123.312879 123.313437 123.313995 123.314553 123.315112 123.315670 123.316228 123.316786 123.317344 123.317903 123.318461 123.319019 123.319577 123.320136 123.320694 123.321252 123.321810 123.322368 123.322927 123.323485 123.324043 123.324601 123.325159 123.325718 123.326276 123.326834 123.327392 123.327951 123.328509 123.329067 123.329625 123.330183 123.330742 123.331300 123.331858 123.332416 123.332974 123.333612 123.334171 123.334729 123.335287 123.335845 123.336404 123.336962 123.337520 123.338078 123.338636 123.339195 123.339753 123.340311 123.340869 123.341427
123.300598 123.301156 123.301715 123.302273 123.302831 123.303389 123.303947 123.304506 123.305064 123.305622 123.306180 123.306738 123.307297 123.307855 123.308413 123.308971 123.309529 123.310088 123.310646 123.311204 123.311762 123.312321 123.312879 123.313437 123.313995 123.314553 123.315112 123.315670 123.316228 123.316786 123.317344 123.317903 123.318461 123.319019 123.319577 123.320136 123.320694 123.321252 123.321810 123.322368 123.322927 123.323485 123.324043 123.324601 123.325159 123.325718 123.326276 123.326834 123.327392 123.327951 123.328509 123.329067 123.329625 123.330183 123.330742 123.331300 123.331858
123.291029 123.291587 123.291946 123.292504 123.293062 123.293620 123.294179 123.294737 123.295295 123.295853 123.296411 123.296970 123.297528 123.298086 123.298644 123.299203 123.299761 123.300319 123.300877 123.301435 123.301994 123.302552 123.303110 123.303668 123.304226 123.304785 123.305343 123.305901 123.306459 123.307018 123.307576 123.308134 123.308692 123.309250 123.309809 123.310367 123.310925 123.311483 123.312041 123.312600 123.313158 123.313716 123.314274 123.314833 123.315391 123.315949 123.316507 123.317065 123.317624 123.318182 123.318740 123.319298 123.319856 123.320415 123.320973 123.321531 123.322089
123.281260 123.281818 123.282376 123.282935 123.283493 123.284051 123.284609 123.285167 123.285726 123.286284 123.286842 123.287400 123.287958 123.288517 123.289075 123.289633 123.290191 123.290750 123.291308 123.291946 123.292504 123.293062 123.293620 123.294179 123.294737 123.295295 123.295853 123.296411 123.296970 123.297528 123.298086 123.298644 123.299203 123.299761 123.300319 123.300877 123.301435 123.301994 123.302552 123.303110 123.303668 123.304226 123.304785 123.305343 123.305901 123.306459 123.307018 123.307576 123.308134 123.308692 123.309250 123.309809 123.310367 123.310925 123.311483 123.312041 123.312600
123.271770 123.272329 123.272887 123.273445 123.274003 123.274561 123.275120 123.275678 123.276236 123.276794 123.277352 123.277911 123.278469 123.279027 123.279585 123.280144 123.280702 123.281260 123.281818 123.282376 123.282935 123.283493 123.284051 123.284609 123.285167 123.285726 123.286284 123.286842 123.287400 123.287958 123.288517 123.289075 123.289633 123.290191 123.290750 123.291308 123.291946 123.292504 123.293062 123.293620 123.294179 123.294737 123.295295 123.295853 123.296411 123.296970 123.297528 123.298086 123.298644 123.299203 123.299761 123.300319 123.300877 123.301435 123.301994 123.302552 123.303110
