FireSTARR/test/constant/O1a_S060_A180_WD180_WS000/arrival.asc
ncols         747
nrows         67
xllcorner     426603.990666
yllcorner     12745455.311160
cellsize      100.000000
NODATA_value  0.000000
[rows 25 to 49 of 67, columns 171 to 227 of 747]
123.166667 123.167225 123.167783 123.168341 123.168900 123.169458 123.170016 123.170574 123.171132 123.171691 123.172249 123.172807 123.173365 123.173923 123.174482 123.175040 123.175598 123.176156 123.176715 123.177273 123.177831 123.178389 123.178947 123.179506 123.180064 123.180622 123.181180 123.181738 123.182297 123.182855 123.183413 123.183971 123.184529 123.185088 123.185646 123.186204 123.186762 123.187321 123.187879 123.188437 123.188995 123.189553 123.190112 123.190670 123.191228 123.191786 123.192344 123.192903 123.193461 123.194019 123.194577 123.195136 123.195694 123.196252 123.196810 123.197368 123.197927
123.157097 123.157655 123.158214 123.158772 123.159330 123.159888 123.160447 123.161005 123.161563 123.162121 123.162679 123.163238 123.163796 123.164354 123.164912 123.165470 123.166029 123.166587 123.167225 123.167783 123.168341 123.168900 123.169458 123.170016 123.170574 123.171132 123.171691 123.172249 123.172807 123.173365 123.173923 123.174482 123.175040 123.175598 123.176156 123.176715 123.177273 123.177831 123.178389 123.178947 123.179506 123.180064 123.180622 123.181180 123.181738 123.182297 123.182855 123.183413 123.183971 123.184529 123.185088 123.185646 123.186204 123.186762 123.187321 123.187879 123.188437
123.147608 123.148166 123.148724 123.149282 123.149840 123.150399 123.150957 123.151515 123.152073 123.152632 123.153190 123.153748 123.154306 123.154864 123.155423 123.155981 123.156539 123.157097 123.157655 123.158214 123.158772 123.159330 123.159888 123.160447 123.161005 123.161563 123.162121 123.162679 123.163238 123.163796 123.164354 123.164912 123.165470 123.166029 123.166587 123.167225 123.167783 123.168341 123.168900 123.169458 123.170016 123.170574 123.171132 123.171691 123.172249 123.172807 123.173365 123.173923 123.174482 123.175040 123.175598 123.176156 123.176715 123.177273 123.177831 123.178389 123.178947
123.137839 123.138397 123.138955 123.139514 123.140072 123.140630 123.141188 123.141746 123.142305 123.142863 123.143421 123.143979 123.144537 123.145096 123.145654 123.146212 123.146770 123.147329 123.147887 123.148445 123.149003 123.149561 123.150120 123.150678 123.151236 123.151794 123.152352 123.152911 123.153469 123.154027 123.154585 123.155144 123.155702 123.156260 123.156818 123.157376 123.157935 123.158493 123.159051 123.159609 123.160167 123.160726 123.161284 123.161842 123.162400 123.162958 123.163517 123.164075 123.164633 123.165191 123.165750 123.166308 123.166946 123.167504 123.168062 123.168620 123.169179
123.128349 123.128907 123.129466 123.130024 123.130582 123.131140 123.131699 123.132257 123.132815 123.133373 123.133931 123.134490 123.135048 123.135606 123.136164 123.136722 123.137281 123.137839 123.138397 123.138955 123.139514 123.140072 123.140630 123.141188 123.141746 123.142305 123.142863 123.143421 123.143979 123.144537 123.145096 123.145654 123.146212 123.146770 123.147329 123.147887 123.148445 123.149003 123.149561 123.150120 123.150678 123.151236 123.151794 123.152352 123.152911 123.153469 123.154027 123.154585 123.155144 123.155702 123.156260 123.156818 123.157376 123.157935 123.158493 123.159051 123.159609
123.118780 123.119338 123.119896 123.120455 123.121013 123.121571 123.122129 123.122687 123.123246 123.123804 123.124362 123.124920 123.125558 123.126116 123.126675 123.127233 123.127791 123.128349 123.128907 123.129466 123.130024 123.130582 123.131140 123.131699 123.132257 123.132815 123.133373 123.133931 123.134490 123.135048 123.135606 123.136164 123.136722 123.137281 123.137839 123.138397 123.138955 123.139514 123.140072 123.140630 123.141188 123.141746 123.142305 123.142863 123.143421 123.143979 123.144537 123.145096 123.145654 123.146212 123.146770 123.147329 123.147887 123.148445 123.149003 123.149561 123.150120
123.109290 123.109848 123.110407 123.110965 123.111523 123.112081 123.112640 123.113198 123.113756 123.114314 123.114872 123.115431 123.115989 123.116547 123.117105 123.117663 123.118222 123.118780 123.119338 123.119896 123.120455 123.121013 123.121571 123.122129 123.122687 123.123246 123.123804 123.124362 123.124920 123.125279 123.125837 123.126396 123.126954 123.127512 123.128070 123.128628 123.129187 123.129745 123.130303 123.130861 123.131419 123.131978 123.132536 123.133094 123.133652 123.134211 123.134769 123.135327 123.135885 123.136443 123.137002 123.137560 123.138118 123.138676 123.139234 123.139793 123.140351
123.099522 123.100080 123.100638 123.101196 123.101754 123.102313 123.102871 123.103429 123.103987 123.104545 123.105104 123.105662 123.106220 123.106778 123.107336 123.107895 123.108453 123.109011 123.109569 123.110128 123.110686 123.111244 123.111802 123.112360 123.112919 123.113477 123.114035 123.114593 123.115151 123.115710 123.116268 123.116826 123.117384 123.117943 123.118501 123.119059 123.119617 123.120175 123.120734 123.121292 123.121850 123.122408 123.122966 123.123525 123.124083 123.124641 123.125279 123.125837 123.126396 123.126954 123.127512 123.128070 123.128628 123.129187 123.129745 123.130303 123.130861
123.095335 123.095893 123.096451 123.097010 123.097568 123.098126 123.098684 123.099242 123.099801 123.100359 123.100917 123.101475 123.102033 123.102592 123.103150 123.103708 123.104266 123.104825 123.105383 123.105941 123.106499 123.107057 123.107616 123.108174 123.108732 123.109290 123.109848 123.110407 123.110965 123.111523 123.112081 123.112640 123.113198 123.113756 123.114314 123.114872 123.115431 123.115989 123.116547 123.117105 123.117663 123.118222 123.118780 123.119338 123.119896 123.120455 123.121013 123.121571 123.122129 123.122687 123.123246 123.123804 123.124362 123.124920 123.125558 123.126116 123.126675
123.100638 123.101196 123.101754 123.102313 123.102871 123.103429 123.103987 123.104545 123.105104 123.105662 123.106220 123.106778 123.107336 123.107895 123.108453 123.109011 123.109569 123.110128 123.110686 123.111244 123.111802 123.112360 123.112919 123.113477 123.114035 123.114593 123.115151 123.115710 123.116268 123.116826 123.117384 123.117943 123.118501 123.119059 123.119617 123.120175 123.120734 123.121292 123.121850 123.122408 123.122966 123.123525 123.124083 123.124641 123.125279 123.125837 123.126396 123.126954 123.127512 123.128070 123.128628 123.129187 123.129745 123.130303 123.130861 123.131419 123.131978
123.110128 123.110686 123.111244 123.111802 123.112360 123.112919 123.113477 123.114035 123.114593 123.115151 123.115710 123.116268 123.116826 123.117384 123.117943 123.118501 123.119059 123.119617 123.120175 123.120734 123.121292 123.121850 123.122408 123.122966 123.123525 123.124083 123.124641 123.125279 123.125837 123.126396 123.126954 123.127512 123.128070 123.128628 123.129187 123.129745 123.130303 123.130861 123.131419 123.131978 123.132536 123.133094 123.133652 123.134211 123.134769 123.135327 123.135885 123.136443 123.137002 123.137560 123.138118 123.138676 123.139234 123.139793 123.140351 123.140909 123.141467
123.119896 123.120455 123.121013 123.121571 123.122129 123.122687 123.123246 123.123804 123.124362 123.124920 123.125558 123.126116 123.126675 123.127233 123.127791 123.128349 123.128907 123.129466 123.130024 123.130582 123.131140 123.131699 123.132257 123.132815 123.133373 123.133931 123.134490 123.135048 123.135606 123.136164 123.136722 123.137281 123.137839 123.138397 123.138955 123.139514 123.140072 123.140630 123.141188 123.141746 123.142305 123.142863 123.143421 123.143979 123.144537 123.145096 123.145654 123.146212 123.146770 123.147329 123.147887 123.148445 123.149003 123.149561 123.150120 123.150678 123.151236
123.129466 123.130024 123.130582 123.131140 123.131699 123.132257 123.132815 123.133373 123.133931 123.134490 123.135048 123.135606 123.136164 123.136722 123.137281 123.137839 123.138397 123.138955 123.139514 123.140072 123.140630 123.141188 123.141746 123.142305 123.142863 123.143421 123.143979 123.144537 123.145096 123.145654 123.146212 123.146770 123.147329 123.147887 123.148445 123.149003 123.149561 123.150120 123.150678 123.151236 123.151794 123.152352 123.152911 123.153469 123.154027 123.154585 123.155144 123.155702 123.156260 123.156818 123.157376 123.157935 123.158493 123.159051 123.159609 123.160167 123.160726
123.138955 123.139514 123.140072 123.140630 123.141188 123.141746 123.142305 123.142863 123.143421 123.143979 123.144537 123.145096 123.145654 123.146212 123.146770 123.147329 123.147887 123.148445 123.149003 123.149561 123.150120 123.150678 123.151236 123.151794 123.152352 123.152911 123.153469 123.154027 123.154585 123.155144 123.155702 123.156260 123.156818 123.157376 123.157935 123.158493 123.159051 123.159609 123.160167 123.160726 123.161284 123.161842 123.162400 123.162958 123.163517 123.164075 123.164633 123.165191 123.165750 123.166308 123.166946 123.167504 123.168062 123.168620 123.169179 123.169737 123.170295
123.148724 123.149282 123.149840 123.150399 123.150957 123.151515 123.152073 123.152632 123.153190 123.153748 123.154306 123.154864 123.155423 123.155981 123.156539 123.157097 123.157655 123.158214 123.158772 123.159330 123.159888 123.160447 123.161005 123.161563 123.162121 123.162679 123.163238 123.163796 123.164354 123.164912 123.165470 123.166029 123.166587 123.166946 123.167504 123.168062 123.168620 123.169179 123.169737 123.170295 123.170853 123.171411 123.171970 123.172528 123.173086 123.173644 123.174203 123.174761 123.175319 123.175877 123.176435 123.176994 123.177552 123.178110 123.178668 123.179226 123.179785
123.158214 123.158772 123.159330 123.159888 123.160447 123.161005 123.161563 123.162121 123.162679 123.163238 123.163796 123.164354 123.164912 123.165470 123.166029 123.166587 123.167225 123.167783 123.168341 123.168900 123.169458 123.170016 123.170574 123.171132 123.171691 123.172249 123.172807 123.173365 123.173923 123.174482 123.175040 123.175598 123.176156 123.176715 123.177273 123.177831 123.178389 123.178947 123.179506 123.180064 123.180622 123.181180 123.181738 123.182297 123.182855 123.183413 123.183971 123.184529 123.185088 123.185646 123.186204 123.186762 123.187321 123.187879 123.188437 123.188995 123.189553
123.167783 123.168341 123.168900 123.169458 123.170016 123.170574 123.171132 123.171691 123.172249 123.172807 123.173365 123.173923 123.174482 123.175040 123.175598 123.176156 123.176715 123.177273 123.177831 123.178389 123.178947 123.179506 123.180064 123.180622 123.181180 123.181738 123.182297 123.182855 123.183413 123.183971 123.184529 123.185088 123.185646 123.186204 123.186762 123.187321 123.187879 123.188437 123.188995 123.189553 123.190112 123.190670 123.191228 123.191786 123.192344 123.192903 123.193461 123.194019 123.194577 123.195136 123.195694 123.196252 123.196810 123.197368 123.197927 123.198485 123.199043
123.177552 123.178110 123.178668 123.179226 123.179785 123.180343 123.180901 123.181459 123.182018 123.182576 123.183134 123.183692 123.184250 123.184809 123.185367 123.185925 123.186483 123.187041 123.187600 123.188158 123.188716 123.189274 123.189833 123.190391 123.190949 123.191507 123.192065 123.192624 123.193182 123.193740 123.194298 123.194856 123.195415 123.195973 123.196531 123.197089 123.197647 123.198206 123.198764 123.199322 123.199880 123.200439 123.200997 123.201555 123.202113 123.202671 123.203230 123.203788 123.204346 123.204904 123.205462 123.206021 123.206579 123.207137 123.207695 123.208254 123.208612
123.187041 123.187600 123.188158 123.188716 123.189274 123.189833 123.190391 123.190949 123.191507 123.192065 123.192624 123.193182 123.193740 123.194298 123.194856 123.195415 123.195973 123.196531 123.197089 123.197647 123.198206 123.198764 123.199322 123.199880 123.200439 123.200997 123.201555 123.202113 123.202671 123.203230 123.203788 123.204346 123.204904 123.205462 123.206021 123.206579 123.207137 123.207695 123.208254 123.208892 123.209450 123.210008 123.210566 123.211124 123.211683 123.212241 123.212799 123.213357 123.213915 123.214474 123.215032 123.215590 123.216148 123.216707 123.217265 123.217823 123.218381
123.196531 123.197089 123.197647 123.198206 123.198764 123.199322 123.199880 123.200439 123.200997 123.201555 123.202113 123.202671 123.203230 123.203788 123.204346 123.204904 123.205462 123.206021 123.206579 123.207137 123.207695 123.208254 123.208892 123.209450 123.210008 123.210566 123.211124 123.211683 123.212241 123.212799 123.213357 123.213915 123.214474 123.215032 123.215590 123.216148 123.216707 123.217265 123.217823 123.218381 123.218939 123.219498 123.220056 123.220614 123.221172 123.221730 123.222289 123.222847 123.223405 123.223963 123.224522 123.225080 123.225638 123.226196 123.226754 123.227313 123.227871
123.206300 123.206858 123.207416 123.207974 123.208612 123.208892 123.209450 123.210008 123.210566 123.211124 123.211683 123.212241 123.212799 123.213357 123.213915 123.214474 123.215032 123.215590 123.216148 123.216707 123.217265 123.217823 123.218381 123.218939 123.219498 123.220056 123.220614 123.221172 123.221730 123.222289 123.222847 123.223405 123.223963 123.224522 123.225080 123.225638 123.226196 123.226754 123.227313 123.227871 123.228429 123.228987 123.229545 123.230104 123.230662 123.231220 123.231778 123.232336 123.232895 123.233453 123.234011 123.234569 123.235128 123.235686 123.236244 123.236802 123.237360
123.215869 123.216427 123.216986 123.217544 123.218102 123.218660 123.219218 123.219777 123.220335 123.220893 123.221451 123.222010 123.222568 123.223126 123.223684 123.224242 123.224801 123.225359 123.225917 123.226475 123.227033 123.227592 123.228150 123.228708 123.229266 123.229825 123.230383 123.230941 123.231499 123.232057 123.232616 123.233174 123.233732 123.234290 123.234848 123.235407 123.235965 123.236523 123.237081 123.237640 123.238198 123.238756 123.239314 123.239872 123.240431 123.240989 123.241547 123.242105 123.242663 123.243222 123.243780 123.244338 123.244896 123.245455 123.246013 123.246571 123.247129
123.225359 123.225917 123.226475 123.227033 123.227592 123.228150 123.228708 123.229266 123.229825 123.230383 123.230941 123.231499 123.232057 123.232616 123.233174 123.233732 123.234290 123.234848 123.235407 123.235965 123.236523 123.237081 123.237640 123.238198 123.238756 123.239314 123.239872 123.240431 123.240989 123.241547 123.242105 123.242663 123.243222 123.243780 123.244338 123.244896 123.245455 123.246013 123.246571 123.247129 123.247687 123.248246 123.248804 123.249362 123.249920 123.250558 123.251116 123.251675 123.252233 123.252791 123.253349 123.253907 123.254466 123.255024 123.255582 123.256140 123.256699
123.235128 123.235686 123.236244 123.236802 123.237360 123.237919 123.238477 123.239035 123.239593 123.240151 123.240710 123.241268 123.241826 123.242384 123.242943 123.243501 123.244059 123.244617 123.245175 123.245734 123.246292 123.246850 123.247408 123.247966 123.248525 123.249083 123.249641 123.250000 123.250558 123.251116 123.251675 123.252233 123.252791 123.253349 123.253907 123.254466 123.255024 123.255582 123.256140 123.256699 123.257257 123.257815 123.258373 123.258931 123.259490 123.260048 123.260606 123.261164 123.261722 123.262281 123.262839 123.263397 123.263955 123.264514 123.265072 123.265630 123.266188
123.244617 123.245175 123.245734 123.246292 123.246850 123.247408 123.247966 123.248525 123.249083 123.249641 123.250279 123.250837 123.251396 123.251954 123.252512 123.253070 123.253628 123.254187 123.254745 123.255303 123.255861 123.256419 123.256978 123.257536 123.258094 123.258652 123.259211 123.259769 123.260327 123.260885 123.261443 123.262002 123.262560 123.263118 123.263676 123.264234 123.264793 123.265351 123.265909 123.266467 123.267025 123.267584 123.268142 123.268700 123.269258 123.269817 123.270375 123.270933 123.271491 123.272049 123.272608 123.273166 123.273724 123.274282 123.274840 123.275399 123.275957
