FireSTARR/test/constant/C2_S060_A270_WD270_WS020/arrival.asc
ncols         131
nrows         187
xllcorner     426203.990666
yllcorner     12748555.311160
cellsize      100.000000
NODATA_value  0.000000
[rows 54 to 80 of 187, columns 61 to 121 of 131]
0.000000 0.000000 123.412114 123.409463 123.405045 123.400626 123.396208 123.392673 123.388255 123.384720 123.380302 123.376767 123.373098 123.368680 123.365145 123.360727 123.356309 123.352774 123.348356 123.344821 123.341286 123.336868 123.333199 123.328781 123.325246 123.320828 123.317293 123.312875 123.308456 123.304922 123.301387 123.296969 123.293434 123.295201 123.311107 123.321711 123.330548 123.345705 123.361611 123.372215 123.389139 123.400626 123.412114 0.000000 0.000000 0.000000 0.000000 0.000000 0.000000 0.000000 0.000000 0.000000 0.000000 0.000000 0.000000 0.000000 0.000000 0.000000 0.000000 0.000000 0.000000
0.000000 123.412114 123.406812 123.404161 123.399743 123.395324 123.391790 123.387371 123.383837 123.379418 123.375884 123.372215 123.367796 123.363378 123.359843 123.355425 123.351890 123.347472 123.343937 123.339519 123.335984 123.331432 123.327897 123.323479 123.319944 123.315526 123.311991 123.307573 123.303154 123.299620 123.296085 123.291532 123.291532 123.304922 123.311107 123.327013 123.341286 123.355425 123.368680 123.382953 123.394441 123.404161 0.000000 0.000000 0.000000 0.000000 0.000000 0.000000 0.000000 0.000000 0.000000 0.000000 0.000000 0.000000 0.000000 0.000000 0.000000 0.000000 0.000000 0.000000 0.000000
0.000000 123.405928 123.403277 123.398859 123.393557 123.390906 123.386488 123.382953 123.377651 123.374866 123.370447 123.366913 123.362494 123.358960 123.354541 123.351007 123.346588 123.343054 123.338635 123.335101 123.330548 123.327013 123.322595 123.319060 123.314642 123.311107 123.306689 123.303154 123.298736 123.294318 123.290649 123.288881 123.298736 123.307573 123.320828 123.331432 123.346588 123.358076 123.378535 123.385604 123.397975 123.416532 0.000000 0.000000 0.000000 0.000000 0.000000 0.000000 0.000000 0.000000 0.000000 0.000000 0.000000 0.000000 0.000000 0.000000 0.000000 0.000000 0.000000 0.000000 0.000000
123.407696 123.400626 123.397092 123.393557 123.390022 123.385604 123.382069 123.377651 123.373098 123.369564 123.366029 123.361611 123.358076 123.353658 123.350123 123.345705 123.341286 123.337752 123.334217 123.329664 123.326130 123.321711 123.318177 123.313758 123.310224 123.305805 123.301387 123.297852 123.294318 123.289765 123.287114 123.288881 123.304038 123.317293 123.324362 123.338635 123.354541 123.367796 123.382953 123.394441 123.407696 123.416532 0.000000 0.000000 0.000000 0.000000 0.000000 0.000000 0.000000 0.000000 0.000000 0.000000 0.000000 0.000000 0.000000 0.000000 0.000000 0.000000 0.000000 0.000000 0.000000
123.399743 123.397092 123.392673 123.388255 123.384720 123.380302 123.376767 123.372215 123.368680 123.364262 123.360727 123.356309 123.352774 123.348356 123.344821 123.340403 123.336868 123.333199 123.328781 123.324362 123.320828 123.316409 123.312875 123.308456 123.304922 123.300503 123.296085 123.292550 123.288881 123.284463 123.285347 123.296085 123.304922 123.320828 123.330548 123.349239 123.366029 123.376767 123.388255 123.405928 123.413881 0.000000 0.000000 0.000000 0.000000 0.000000 0.000000 0.000000 0.000000 0.000000 0.000000 0.000000 0.000000 0.000000 0.000000 0.000000 0.000000 0.000000 0.000000 0.000000 0.000000
123.395324 123.390906 123.387371 123.383837 123.379418 123.375884 123.370447 123.367796 123.363378 123.359843 123.356309 123.351890 123.347472 123.343937 123.339519 123.335984 123.331432 123.327897 123.323479 123.319944 123.316409 123.311991 123.307573 123.304038 123.299620 123.295201 123.291532 123.287998 123.282696 123.282696 123.292550 123.301387 123.313758 123.327013 123.340403 123.354541 123.368680 123.379418 123.394441 123.409463 0.000000 0.000000 0.000000 0.000000 0.000000 0.000000 0.000000 0.000000 0.000000 0.000000 0.000000 0.000000 0.000000 0.000000 0.000000 0.000000 0.000000 0.000000 0.000000 0.000000 0.000000
123.390906 123.386488 123.382953 123.377651 123.374866 123.370447 123.366913 123.362494 123.358960 123.353658 123.351007 123.346588 123.343054 123.338635 123.335101 123.330548 123.327013 123.322595 123.319060 123.314642 123.310224 123.306689 123.303154 123.298736 123.295201 123.290649 123.287114 123.282696 123.280045 123.281812 123.297852 123.310224 123.317293 123.332315 123.346588 123.360727 123.375884 123.387371 123.405045 123.410347 0.000000 0.000000 0.000000 0.000000 0.000000 0.000000 0.000000 0.000000 0.000000 0.000000 0.000000 0.000000 0.000000 0.000000 0.000000 0.000000 0.000000 0.000000 0.000000 0.000000 0.000000
123.385604 123.381186 123.377651 123.373098 123.369564 123.366029 123.361611 123.357192 123.353658 123.349239 123.345705 123.342170 123.337752 123.333333 123.329664 123.326130 123.321711 123.317293 123.313758 123.310224 123.305805 123.301387 123.297852 123.294318 123.289765 123.285347 123.281812 123.277394 123.279161 123.290649 123.300503 123.313758 123.325246 123.343054 123.356309 123.373098 123.383837 123.398859 123.406812 0.000000 0.000000 0.000000 0.000000 0.000000 0.000000 0.000000 0.000000 0.000000 0.000000 0.000000 0.000000 0.000000 0.000000 0.000000 0.000000 0.000000 0.000000 0.000000 0.000000 0.000000 0.000000
123.380302 123.376767 123.373098 123.368680 123.363378 123.360727 123.356309 123.352774 123.349239 123.344821 123.340403 123.336868 123.333199 123.328781 123.324362 123.320828 123.316409 123.312875 123.309340 123.304922 123.300503 123.296969 123.292550 123.288881 123.284463 123.280928 123.275626 123.275626 123.286230 123.294318 123.310224 123.321711 123.336868 123.349239 123.366913 123.373098 123.391790 123.403277 123.416532 0.000000 0.000000 0.000000 0.000000 0.000000 0.000000 0.000000 0.000000 0.000000 0.000000 0.000000 0.000000 0.000000 0.000000 0.000000 0.000000 0.000000 0.000000 0.000000 0.000000 0.000000 0.000000
123.375884 123.371331 123.367796 123.363378 123.359843 123.355425 123.351890 123.347472 123.343937 123.339519 123.335984 123.331432 123.327897 123.323479 123.319944 123.315526 123.311991 123.307573 123.303154 123.299620 123.296085 123.291532 123.287114 123.283579 123.280045 123.275626 123.272975 123.275626 123.291532 123.303154 123.311107 123.327897 123.347472 123.363378 123.369564 123.383837 123.398859 123.407696 0.000000 0.000000 0.000000 0.000000 0.000000 0.000000 0.000000 0.000000 0.000000 0.000000 0.000000 0.000000 0.000000 0.000000 0.000000 0.000000 0.000000 0.000000 0.000000 0.000000 0.000000 0.000000 0.000000
123.370447 123.366913 123.362494 123.358960 123.354541 123.350123 123.346588 123.343054 123.338635 123.335101 123.330548 123.327013 123.322595 123.319060 123.314642 123.310224 123.306689 123.303154 123.298736 123.295201 123.290649 123.286230 123.282696 123.278277 123.274743 123.271208 123.272092 123.286230 123.294318 123.307573 123.319944 123.335101 123.352774 123.366029 123.379418 123.390906 123.399743 0.000000 0.000000 0.000000 0.000000 0.000000 0.000000 0.000000 0.000000 0.000000 0.000000 0.000000 0.000000 0.000000 0.000000 0.000000 0.000000 0.000000 0.000000 0.000000 0.000000 0.000000 0.000000 0.000000 0.000000
123.365145 123.361611 123.357192 123.353658 123.349239 123.345705 123.342170 123.337752 123.333199 123.329664 123.325246 123.321711 123.318177 123.313758 123.309340 123.304922 123.302271 123.297852 123.293434 123.289765 123.285347 123.281812 123.277394 123.273859 123.268557 123.268557 123.280928 123.287998 123.300503 123.317293 123.327897 123.343937 123.359843 123.368680 123.387371 123.396208 123.406812 0.000000 0.000000 0.000000 0.000000 0.000000 0.000000 0.000000 0.000000 0.000000 0.000000 0.000000 0.000000 0.000000 0.000000 0.000000 0.000000 0.000000 0.000000 0.000000 0.000000 0.000000 0.000000 0.000000 0.000000
123.360727 123.356309 123.352774 123.348356 123.344821 123.340403 123.336868 123.332315 123.328781 123.324362 123.320828 123.316409 123.312875 123.308456 123.304922 123.299620 123.296969 123.292550 123.288881 123.284463 123.280045 123.276510 123.272975 123.268557 123.266790 123.269441 123.284463 123.296085 123.306689 123.324362 123.335101 123.351007 123.362494 123.381186 123.392673 123.402394 123.414765 0.000000 0.000000 0.000000 0.000000 0.000000 0.000000 0.000000 0.000000 0.000000 0.000000 0.000000 0.000000 0.000000 0.000000 0.000000 0.000000 0.000000 0.000000 0.000000 0.000000 0.000000 0.000000 0.000000 0.000000
123.355425 123.351890 123.347472 123.343054 123.339519 123.335984 123.331432 123.327897 123.323479 123.319944 123.315526 123.311991 123.307573 123.304038 123.299620 123.296085 123.291532 123.287998 123.283579 123.279161 123.275626 123.272092 123.267673 123.264139 123.265906 123.280045 123.287998 123.300503 123.318177 123.330548 123.343054 123.359843 123.370447 123.388255 123.393557 123.407696 0.000000 0.000000 0.000000 0.000000 0.000000 0.000000 0.000000 0.000000 0.000000 0.000000 0.000000 0.000000 0.000000 0.000000 0.000000 0.000000 0.000000 0.000000 0.000000 0.000000 0.000000 0.000000 0.000000 0.000000 0.000000
123.350123 123.346588 123.342170 123.338635 123.335101 123.330548 123.327013 123.322595 123.319060 123.314642 123.311107 123.306689 123.302271 123.298736 123.295201 123.290649 123.287114 123.282696 123.279161 123.274743 123.270324 123.266790 123.261488 123.262371 123.275626 123.280928 123.296969 123.308456 123.325246 123.338635 123.352774 123.362494 123.386488 123.390022 123.402394 0.000000 0.000000 0.000000 0.000000 0.000000 0.000000 0.000000 0.000000 0.000000 0.000000 0.000000 0.000000 0.000000 0.000000 0.000000 0.000000 0.000000 0.000000 0.000000 0.000000 0.000000 0.000000 0.000000 0.000000 0.000000 0.000000
123.345705 123.341286 123.336868 123.333199 123.329664 123.325246 123.321711 123.317293 123.313758 123.309340 123.305805 123.301387 123.297852 123.293434 123.289765 123.285347 123.281812 123.277394 123.273859 123.269441 123.265906 123.261488 123.259720 123.263255 123.278277 123.290649 123.299620 123.320828 123.327897 123.350123 123.356309 123.373098 123.385604 123.397092 123.413881 0.000000 0.000000 0.000000 0.000000 0.000000 0.000000 0.000000 0.000000 0.000000 0.000000 0.000000 0.000000 0.000000 0.000000 0.000000 0.000000 0.000000 0.000000 0.000000 0.000000 0.000000 0.000000 0.000000 0.000000 0.000000 0.000000
123.340403 123.336868 123.332315 123.328781 123.324362 123.320828 123.316409 123.312875 123.308456 123.304922 123.300503 123.296969 123.292550 123.288881 123.284463 123.280928 123.276510 123.272975 123.268557 123.264139 123.260604 123.257069 123.258837 123.274743 123.286230 123.294318 123.311991 123.323479 123.340403 123.352774 123.365145 123.382069 123.388255 123.408579 0.000000 0.000000 0.000000 0.000000 0.000000 0.000000 0.000000 0.000000 0.000000 0.000000 0.000000 0.000000 0.000000 0.000000 0.000000 0.000000 0.000000 0.000000 0.000000 0.000000 0.000000 0.000000 0.000000 0.000000 0.000000 0.000000 0.000000
123.335984 123.330548 123.327897 123.323479 123.319944 123.315526 123.311107 123.307573 123.304038 123.299620 123.296085 123.291532 123.287114 123.283579 123.280045 123.275626 123.272092 123.267673 123.263255 123.259720 123.255302 123.255302 123.268557 123.274743 123.290649 123.303154 123.319944 123.332315 123.348356 123.361611 123.374866 123.382069 123.400626 123.416532 0.000000 0.000000 0.000000 0.000000 0.000000 0.000000 0.000000 0.000000 0.000000 0.000000 0.000000 0.000000 0.000000 0.000000 0.000000 0.000000 0.000000 0.000000 0.000000 0.000000 0.000000 0.000000 0.000000 0.000000 0.000000 0.000000 0.000000
123.330548 123.326130 123.322595 123.319060 123.314642 123.310224 123.306689 123.302271 123.298736 123.294318 123.290649 123.286230 123.281812 123.278277 123.274743 123.270324 123.266790 123.262371 123.258837 123.254418 123.252651 123.261488 123.271208 123.283579 123.297852 123.311107 123.328781 123.342170 123.350123 123.367796 123.379418 123.394441 123.407696 0.000000 0.000000 0.000000 0.000000 0.000000 0.000000 0.000000 0.000000 0.000000 0.000000 0.000000 0.000000 0.000000 0.000000 0.000000 0.000000 0.000000 0.000000 0.000000 0.000000 0.000000 0.000000 0.000000 0.000000 0.000000 0.000000 0.000000 0.000000
123.325246 123.321711 123.317293 123.313758 123.309340 123.305805 123.301387 123.297852 123.293434 123.289765 123.285347 123.280928 123.277394 123.273859 123.269441 123.265906 123.261488 123.257069 123.253535 123.250884 123.252651 123.266790 123.279161 123.287114 123.304038 123.319944 123.333199 123.345705 123.358960 123.374866 123.385604 123.406812 0.000000 0.000000 0.000000 0.000000 0.000000 0.000000 0.000000 0.000000 0.000000 0.000000 0.000000 0.000000 0.000000 0.000000 0.000000 0.000000 0.000000 0.000000 0.000000 0.000000 0.000000 0.000000 0.000000 0.000000 0.000000 0.000000 0.000000 0.000000 0.000000
123.320828 123.316409 123.312875 123.308456 123.304038 123.300503 123.296969 123.292550 123.288881 123.284463 123.280045 123.276510 123.272975 123.268557 123.264139 123.260604 123.256186 123.252651 123.248098 123.248982 123.259720 123.268557 123.283579 123.295201 123.311991 123.327013 123.342170 123.354541 123.370447 123.375884 123.395324 0.000000 0.000000 0.000000 0.000000 0.000000 0.000000 0.000000 0.000000 0.000000 0.000000 0.000000 0.000000 0.000000 0.000000 0.000000 0.000000 0.000000 0.000000 0.000000 0.000000 0.000000 0.000000 0.000000 0.000000 0.000000 0.000000 0.000000 0.000000 0.000000 0.000000
123.315526 123.311107 123.307573 123.304038 123.299620 123.294318 123.291532 123.287998 123.283579 123.279161 123.275626 123.272092 123.267673 123.263255 123.259720 123.255302 123.251767 123.247215 123.246331 123.255302 123.265022 123.277394 123.292550 123.304922 123.321711 123.334217 123.350123 123.366029 123.372215 123.388255 123.405045 0.000000 0.000000 0.000000 0.000000 0.000000 0.000000 0.000000 0.000000 0.000000 0.000000 0.000000 0.000000 0.000000 0.000000 0.000000 0.000000 0.000000 0.000000 0.000000 0.000000 0.000000 0.000000 0.000000 0.000000 0.000000 0.000000 0.000000 0.000000 0.000000 0.000000
123.310224 123.306689 123.302271 123.298736 123.294318 123.290649 123.286230 123.282696 123.278277 123.273859 123.270324 123.266790 123.262371 123.258837 123.254418 123.250884 123.246331 123.243680 123.245447 123.261488 123.274743 123.280928 123.301387 123.314642 123.327013 123.338635 123.357192 123.368680 123.383837 123.396208 123.416532 0.000000 0.000000 0.000000 0.000000 0.000000 0.000000 0.000000 0.000000 0.000000 0.000000 0.000000 0.000000 0.000000 0.000000 0.000000 0.000000 0.000000 0.000000 0.000000 0.000000 0.000000 0.000000 0.000000 0.000000 0.000000 0.000000 0.000000 0.000000 0.000000 0.000000
123.305805 123.301387 123.297852 123.293434 123.289765 123.285347 123.281812 123.277394 123.273859 123.269441 123.265906 123.261488 123.257069 123.253535 123.248982 123.245447 123.241913 123.242796 123.256186 123.262371 123.277394 123.292550 123.309340 123.322595 123.335101 123.347472 123.363378 123.373982 123.388255 123.406812 0.000000 0.000000 0.000000 0.000000 0.000000 0.000000 0.000000 0.000000 0.000000 0.000000 0.000000 0.000000 0.000000 0.000000 0.000000 0.000000 0.000000 0.000000 0.000000 0.000000 0.000000 0.000000 0.000000 0.000000 0.000000 0.000000 0.000000 0.000000 0.000000 0.000000 0.000000
123.300503 123.296969 123.292550 123.288881 123.284463 123.280928 123.276510 123.272975 123.268557 123.265022 123.260604 123.257069 123.252651 123.248098 123.244564 123.240145 123.239262 123.249866 123.257953 123.273859 123.285347 123.299620 123.317293 123.332315 123.344821 123.359843 123.365145 123.381186 123.405928 0.000000 0.000000 0.000000 0.000000 0.000000 0.000000 0.000000 0.000000 0.000000 0.000000 0.000000 0.000000 0.000000 0.000000 0.000000 0.000000 0.000000 0.000000 0.000000 0.000000 0.000000 0.000000 0.000000 0.000000 0.000000 0.000000 0.000000 0.000000 0.000000 0.000000 0.000000 0.000000
123.295201 123.291532 123.287998 123.283579 123.280045 123.275626 123.271208 123.267673 123.263255 123.259720 123.255302 123.251767 123.247215 123.243680 123.239262 123.236611 123.240145 123.255302 123.266790 123.274743 123.294318 123.309340 123.322595 123.333199 123.356309 123.361611 123.373098 123.392673 123.410347 0.000000 0.000000 0.000000 0.000000 0.000000 0.000000 0.000000 0.000000 0.000000 0.000000 0.000000 0.000000 0.000000 0.000000 0.000000 0.000000 0.000000 0.000000 0.000000 0.000000 0.000000 0.000000 0.000000 0.000000 0.000000 0.000000 0.000000 0.000000 0.000000 0.000000 0.000000 0.000000
123.290649 123.286230 123.282696 123.278277 123.274743 123.270324 123.266790 123.262371 123.257953 123.254418 123.250884 123.246331 123.241913 123.238378 123.234843 123.235727 123.249866 123.257953 123.270324 123.285347 123.304922 123.316409 123.328781 123.344821 123.357192 123.368680 123.387371 123.407696 123.416532 0.000000 0.000000 0.000000 0.000000 0.000000 0.000000 0.000000 0.000000 0.000000 0.000000 0.000000 0.000000 0.000000 0.000000 0.000000 0.000000 0.000000 0.000000 0.000000 0.000000 0.000000 0.000000 0.000000 0.000000 0.000000 0.000000 0.000000 0.000000 0.000000 0.000000 0.000000 0.000000
