FireSTARR/test/constant/C2_S060_A270_WD270_WS020/arrival.asc
ncols         131
nrows         187
xllcorner     426203.990666
yllcorner     12748555.311160
cellsize      100.000000
NODATA_value  0.000000
[rows 135 to 161 of 187, columns 0 to 60 of 131]
0.000000 0.000000 0.000000 0.000000 0.000000 0.000000 0.000000 0.000000 0.000000 0.000000 0.000000 0.000000 0.000000 0.000000 0.000000 0.000000 0.000000 123.400626 123.372215 123.344821 123.314642 123.286230 123.257953 123.228658 123.201130 123.172852 123.154161 123.151510 123.147092 123.142673 123.139139 123.134720 123.130302 123.126767 123.123098 123.117796 123.115145 123.109843 123.110727 123.121331 123.139139 123.154161 123.166532 123.182573 123.191409 123.211868 123.225123 123.241913 123.261488 123.280928 123.306689 123.324362 123.341286 123.361611 123.375000 123.393557 123.411230 0.000000 0.000000 0.000000 0.000000
0.000000 0.000000 0.000000 0.000000 0.000000 0.000000 0.000000 0.000000 0.000000 0.000000 0.000000 0.000000 0.000000 0.000000 0.000000 0.000000 123.413881 123.383837 123.356309 123.328781 123.298736 123.270324 123.241029 123.212752 123.184340 123.155928 123.148859 123.146208 123.141790 123.137371 123.133837 123.129418 123.125884 123.121331 123.116913 123.114262 123.109843 123.108076 123.112494 123.136488 123.147092 123.155928 123.172852 123.187875 123.201130 123.217170 123.239262 123.257069 123.273859 123.296969 123.316409 123.332315 123.352774 123.367796 123.384720 123.410347 0.000000 0.000000 0.000000 0.000000 0.000000
0.000000 0.000000 0.000000 0.000000 0.000000 0.000000 0.000000 0.000000 0.000000 0.000000 0.000000 0.000000 0.000000 0.000000 0.000000 0.000000 123.397092 123.367796 123.340403 123.312875 123.282696 123.254418 123.225123 123.196711 123.168434 123.147092 123.144441 123.140906 123.136488 123.132953 123.129418 123.124866 123.120447 123.116913 123.112494 123.108960 123.105425 123.107192 123.123982 123.143557 123.152394 123.163881 123.183456 123.198479 123.209217 123.229541 123.250000 123.266790 123.288881 123.307573 123.324362 123.343054 123.359843 123.379418 123.397975 123.415649 0.000000 0.000000 0.000000 0.000000 0.000000
0.000000 0.000000 0.000000 0.000000 0.000000 0.000000 0.000000 0.000000 0.000000 0.000000 0.000000 0.000000 0.000000 0.000000 0.000000 123.408579 123.381186 123.351890 123.324362 123.296085 123.266790 123.238378 123.209217 123.179922 123.152394 123.143557 123.140022 123.135604 123.132069 123.127651 123.123098 123.118680 123.116029 123.110727 123.108076 123.103658 123.103658 123.116029 123.137371 123.148859 123.160347 123.175503 123.187875 123.205548 123.218937 123.241029 123.257069 123.279161 123.299620 123.315526 123.338635 123.351890 123.373098 123.389139 123.413881 0.000000 0.000000 0.000000 0.000000 0.000000 0.000000
0.000000 0.000000 0.000000 0.000000 0.000000 0.000000 0.000000 0.000000 0.000000 0.000000 0.000000 0.000000 0.000000 0.000000 0.000000 123.392673 123.364262 123.335101 123.308456 123.280045 123.249866 123.221588 123.193177 123.164765 123.141790 123.138255 123.134720 123.130302 123.126767 123.123098 123.118680 123.115145 123.110727 123.107192 123.102774 123.101007 123.111611 123.129418 123.147092 123.149743 123.170201 123.180805 123.200246 123.217170 123.232192 123.254418 123.271208 123.291532 123.306689 123.328781 123.349239 123.367796 123.384720 123.401510 0.000000 0.000000 0.000000 0.000000 0.000000 0.000000 0.000000
0.000000 0.000000 0.000000 0.000000 0.000000 0.000000 0.000000 0.000000 0.000000 0.000000 0.000000 0.000000 0.000000 0.000000 123.405045 123.376767 123.348356 123.319944 123.291532 123.263255 123.233960 123.205548 123.177271 123.147975 123.137371 123.132953 123.129418 123.125884 123.122215 123.117796 123.113378 123.109843 123.105425 123.101890 123.099239 123.101007 123.122215 123.136488 123.146208 123.158579 123.177271 123.189642 123.207315 123.229541 123.245447 123.262371 123.281812 123.297852 123.319944 123.336868 123.357192 123.375884 123.393557 123.415649 0.000000 0.000000 0.000000 0.000000 0.000000 0.000000 0.000000
0.000000 0.000000 0.000000 0.000000 0.000000 0.000000 0.000000 0.000000 0.000000 0.000000 0.000000 0.000000 0.000000 0.000000 123.388255 123.359843 123.332315 123.303154 123.275626 123.247215 123.217170 123.188758 123.161230 123.135604 123.132069 123.128535 123.124866 123.120447 123.116913 123.112494 123.108960 123.103658 123.101007 123.096588 123.097472 123.113378 123.128535 123.142673 123.155928 123.169318 123.182573 123.204664 123.220705 123.240145 123.260604 123.272975 123.296085 123.318177 123.329664 123.349239 123.370447 123.391790 123.405928 0.000000 0.000000 0.000000 0.000000 0.000000 0.000000 0.000000 0.000000
0.000000 0.000000 0.000000 0.000000 0.000000 0.000000 0.000000 0.000000 0.000000 0.000000 0.000000 0.000000 0.000000 123.402394 123.373098 123.343937 123.316409 123.287114 123.258837 123.231309 123.201130 123.172852 123.144441 123.131186 123.127651 123.123982 123.119564 123.116029 123.111611 123.108076 123.103658 123.100123 123.094821 123.093937 123.104541 123.119564 123.137371 123.143557 123.163881 123.173736 123.191409 123.212752 123.233076 123.248982 123.270324 123.286230 123.308456 123.325246 123.345705 123.360727 123.381186 123.397092 0.000000 0.000000 0.000000 0.000000 0.000000 0.000000 0.000000 0.000000 0.000000
0.000000 0.000000 0.000000 0.000000 0.000000 0.000000 0.000000 0.000000 0.000000 0.000000 0.000000 0.000000 123.413881 123.385604 123.357192 123.328781 123.299620 123.271208 123.242796 123.214519 123.184340 123.155928 123.129418 123.126767 123.122215 123.118680 123.115145 123.110727 123.106309 123.102774 123.098356 123.094821 123.092170 123.094821 123.110727 123.128535 123.139139 123.155928 123.170201 123.182573 123.203781 123.224239 123.239262 123.259720 123.279161 123.299620 123.319944 123.338635 123.354541 123.373098 123.389139 123.409463 0.000000 0.000000 0.000000 0.000000 0.000000 0.000000 0.000000 0.000000 0.000000
0.000000 0.000000 0.000000 0.000000 0.000000 0.000000 0.000000 0.000000 0.000000 0.000000 0.000000 0.000000 123.397975 123.368680 123.340403 123.311991 123.284463 123.254418 123.226890 123.199362 123.168434 123.140022 123.125884 123.121331 123.117796 123.113378 123.109843 123.105425 123.101890 123.097472 123.093937 123.089519 123.091286 123.102774 123.120447 123.135604 123.151510 123.163881 123.179922 123.195828 123.214519 123.231309 123.251767 123.275626 123.292550 123.311107 123.327897 123.345705 123.365145 123.386488 123.407696 0.000000 0.000000 0.000000 0.000000 0.000000 0.000000 0.000000 0.000000 0.000000 0.000000
0.000000 0.000000 0.000000 0.000000 0.000000 0.000000 0.000000 0.000000 0.000000 0.000000 0.000000 123.409463 123.381186 123.352774 123.324362 123.296085 123.267673 123.238378 123.210101 123.183456 123.152394 123.123982 123.119564 123.116913 123.112494 123.108076 123.103658 123.101007 123.096588 123.093054 123.087752 123.087752 123.100123 123.116029 123.130302 123.141790 123.159463 123.168434 123.194944 123.205548 123.228658 123.251767 123.267673 123.289765 123.307573 123.321711 123.335984 123.356309 123.378535 123.397092 123.413881 0.000000 0.000000 0.000000 0.000000 0.000000 0.000000 0.000000 0.000000 0.000000 0.000000
0.000000 0.000000 0.000000 0.000000 0.000000 0.000000 0.000000 0.000000 0.000000 0.000000 0.000000 123.392673 123.365145 123.336868 123.308456 123.280045 123.251767 123.221588 123.194944 123.166532 123.136488 123.118680 123.115145 123.111611 123.108076 123.103658 123.099239 123.095705 123.092170 123.087752 123.085101 123.087752 123.108076 123.120447 123.132953 123.152394 123.162998 123.179922 123.197595 123.219821 123.240145 123.258837 123.279161 123.296969 123.312875 123.327013 123.347472 123.369564 123.388255 123.409463 0.000000 0.000000 0.000000 0.000000 0.000000 0.000000 0.000000 0.000000 0.000000 0.000000 0.000000
0.000000 0.000000 0.000000 0.000000 0.000000 0.000000 0.000000 0.000000 0.000000 0.000000 123.406812 123.376767 123.349239 123.320828 123.291532 123.263255 123.234843 123.205548 123.179038 123.149743 123.120447 123.114262 123.110727 123.106309 123.102774 123.098356 123.094821 123.090403 123.086868 123.083199 123.084217 123.100123 123.112494 123.129418 123.144441 123.157696 123.171969 123.189642 123.208199 123.232192 123.249866 123.271208 123.290649 123.305805 123.319944 123.339519 123.363378 123.383837 123.401510 123.414765 0.000000 0.000000 0.000000 0.000000 0.000000 0.000000 0.000000 0.000000 0.000000 0.000000 0.000000
0.000000 0.000000 0.000000 0.000000 0.000000 0.000000 0.000000 0.000000 0.000000 0.000000 123.390906 123.360727 123.333199 123.304922 123.275626 123.247215 123.218937 123.189642 123.162114 123.133837 123.112494 123.109843 123.105425 123.101890 123.096588 123.093054 123.089519 123.085984 123.080548 123.081432 123.093937 123.106309 123.121331 123.135604 123.149743 123.170201 123.181689 123.208333 123.222472 123.241029 123.261488 123.281812 123.302271 123.314642 123.335984 123.353658 123.373098 123.392673 123.407696 0.000000 0.000000 0.000000 0.000000 0.000000 0.000000 0.000000 0.000000 0.000000 0.000000 0.000000 0.000000
0.000000 0.000000 0.000000 0.000000 0.000000 0.000000 0.000000 0.000000 0.000000 123.403277 123.373982 123.344821 123.317293 123.288881 123.258837 123.231309 123.202013 123.172852 123.146208 123.117796 123.108076 123.104541 123.101007 123.096588 123.093054 123.088635 123.085101 123.080548 123.078781 123.082315 123.098356 123.113378 123.125884 123.144441 123.161230 123.177271 123.197595 123.213635 123.233960 123.259720 123.272975 123.297852 123.311107 123.327013 123.345705 123.364262 123.383837 123.400626 0.000000 0.000000 0.000000 0.000000 0.000000 0.000000 0.000000 0.000000 0.000000 0.000000 0.000000 0.000000 0.000000
0.000000 0.000000 0.000000 0.000000 0.000000 0.000000 0.000000 0.000000 123.414765 123.386488 123.358076 123.328781 123.300503 123.272092 123.242796 123.214519 123.186107 123.157696 123.130302 123.106309 123.103658 123.099239 123.094821 123.091286 123.087752 123.083199 123.079664 123.076130 123.077897 123.091286 123.108960 123.123098 123.139139 123.150626 123.171969 123.187875 123.206432 123.225123 123.245447 123.265906 123.287998 123.302271 123.324362 123.337752 123.354541 123.374866 123.390906 123.411230 0.000000 0.000000 0.000000 0.000000 0.000000 0.000000 0.000000 0.000000 0.000000 0.000000 0.000000 0.000000 0.000000
0.000000 0.000000 0.000000 0.000000 0.000000 0.000000 0.000000 0.000000 123.398859 123.370447 123.342170 123.312875 123.284463 123.256186 123.226890 123.198479 123.170201 123.141790 123.113378 123.102774 123.098356 123.093937 123.090403 123.086868 123.082315 123.078781 123.073479 123.074362 123.086868 123.101890 123.116029 123.129418 123.142673 123.163881 123.180805 123.202897 123.220705 123.237494 123.257953 123.279161 123.294318 123.316409 123.331432 123.352774 123.373098 123.382953 123.403277 0.000000 0.000000 0.000000 0.000000 0.000000 0.000000 0.000000 0.000000 0.000000 0.000000 0.000000 0.000000 0.000000 0.000000
0.000000 0.000000 0.000000 0.000000 0.000000 0.000000 0.000000 123.410347 123.382953 123.354541 123.325246 123.296085 123.267673 123.239262 123.210984 123.182573 123.154161 123.124866 123.101007 123.097472 123.093937 123.088635 123.085984 123.080548 123.077897 123.072595 123.071711 123.076130 123.096588 123.106309 123.122215 123.139139 123.155045 123.179038 123.193177 123.213635 123.233960 123.251767 123.271208 123.290649 123.308456 123.327013 123.343054 123.359843 123.377651 123.398859 0.000000 0.000000 0.000000 0.000000 0.000000 0.000000 0.000000 0.000000 0.000000 0.000000 0.000000 0.000000 0.000000 0.000000 0.000000
0.000000 0.000000 0.000000 0.000000 0.000000 0.000000 0.000000 123.393557 123.366029 123.337752 123.309340 123.280045 123.251767 123.223356 123.194944 123.166532 123.138255 123.108076 123.097472 123.092170 123.087752 123.084217 123.080548 123.076130 123.072595 123.069060 123.070828 123.088635 123.101007 123.113378 123.135604 123.147092 123.164765 123.185224 123.203781 123.224239 123.244564 123.266790 123.287114 123.302271 123.318177 123.333199 123.355425 123.370447 123.390906 123.408579 0.000000 0.000000 0.000000 0.000000 0.000000 0.000000 0.000000 0.000000 0.000000 0.000000 0.000000 0.000000 0.000000 0.000000 0.000000
0.000000 0.000000 0.000000 0.000000 0.000000 0.000000 123.408579 123.377651 123.350123 123.321711 123.293434 123.263255 123.234843 123.207315 123.179038 123.150626 123.121331 123.093937 123.091286 123.087752 123.083199 123.079664 123.075246 123.071711 123.067293 123.068177 123.081432 123.096588 123.108960 123.125884 123.143557 123.155928 123.179038 123.202013 123.220705 123.234843 123.255302 123.278277 123.291532 123.313758 123.328781 123.347472 123.362494 123.384720 123.401510 0.000000 0.000000 0.000000 0.000000 0.000000 0.000000 0.000000 0.000000 0.000000 0.000000 0.000000 0.000000 0.000000 0.000000 0.000000 0.000000
0.000000 0.000000 0.000000 0.000000 0.000000 0.000000 123.391790 123.361611 123.334217 123.305805 123.277394 123.247215 123.218937 123.190526 123.162114 123.133837 123.104541 123.090403 123.086868 123.082315 123.078781 123.074362 123.070828 123.066409 123.064642 123.074362 123.089519 123.101890 123.124866 123.132953 123.153277 123.175503 123.191409 123.212752 123.227774 123.253535 123.276510 123.286230 123.304922 123.319944 123.341286 123.353658 123.374866 123.397092 123.414765 0.000000 0.000000 0.000000 0.000000 0.000000 0.000000 0.000000 0.000000 0.000000 0.000000 0.000000 0.000000 0.000000 0.000000 0.000000 0.000000
0.000000 0.000000 0.000000 0.000000 0.000000 123.403277 123.374866 123.344821 123.318177 123.289765 123.260604 123.230425 123.202897 123.174620 123.145324 123.117796 123.089519 123.085101 123.081432 123.077013 123.073479 123.069944 123.065526 123.062875 123.064642 123.080548 123.094821 123.110727 123.129418 123.145324 123.164765 123.183456 123.203781 123.226890 123.246331 123.263255 123.278277 123.296969 123.316409 123.332315 123.350123 123.370447 123.387371 123.412114 0.000000 0.000000 0.000000 0.000000 0.000000 0.000000 0.000000 0.000000 0.000000 0.000000 0.000000 0.000000 0.000000 0.000000 0.000000 0.000000 0.000000
0.000000 0.000000 0.000000 0.000000 123.415649 123.387371 123.358960 123.328781 123.302271 123.273859 123.243680 123.214519 123.186991 123.158579 123.129418 123.101007 123.083333 123.081432 123.076130 123.072595 123.069060 123.064642 123.060224 123.061107 123.072595 123.091286 123.102774 123.121331 123.136488 123.157696 123.174620 123.194944 123.218937 123.237494 123.255302 123.274743 123.291532 123.307573 123.323479 123.341286 123.359843 123.385604 123.402394 0.000000 0.000000 0.000000 0.000000 0.000000 0.000000 0.000000 0.000000 0.000000 0.000000 0.000000 0.000000 0.000000 0.000000 0.000000 0.000000 0.000000 0.000000
0.000000 0.000000 0.000000 0.000000 123.398859 123.370447 123.343054 123.312875 123.285347 123.257953 123.227774 123.199362 123.171085 123.142673 123.113378 123.085101 123.077897 123.075246 123.071711 123.067293 123.063758 123.058456 123.058456 123.069060 123.082315 123.099239 123.112494 123.130302 123.147975 123.166667 123.193177 123.210984 123.229541 123.246331 123.267673 123.284463 123.297852 123.314642 123.335984 123.352774 123.374866 123.395324 0.000000 0.000000 0.000000 0.000000 0.000000 0.000000 0.000000 0.000000 0.000000 0.000000 0.000000 0.000000 0.000000 0.000000 0.000000 0.000000 0.000000 0.000000 0.000000
0.000000 0.000000 0.000000 0.000000 123.382953 123.354541 123.327013 123.296085 123.269441 123.241029 123.211868 123.182573 123.155045 123.125884 123.097472 123.077013 123.074362 123.070828 123.066409 123.062875 123.058456 123.055805 123.057573 123.074362 123.087752 123.109843 123.120447 123.139139 123.158579 123.181689 123.202013 123.220705 123.242796 123.258837 123.272092 123.287998 123.312875 123.330548 123.351007 123.367796 123.393557 123.410347 0.000000 0.000000 0.000000 0.000000 0.000000 0.000000 0.000000 0.000000 0.000000 0.000000 0.000000 0.000000 0.000000 0.000000 0.000000 0.000000 0.000000 0.000000 0.000000
0.000000 0.000000 0.000000 123.415649 123.366913 123.338635 123.311107 123.280045 123.252651 123.225123 123.195828 123.166532 123.138255 123.110727 123.080548 123.072595 123.069944 123.065526 123.061991 123.057573 123.053154 123.054922 123.066409 123.084217 123.100123 123.111611 123.136488 123.154161 123.172852 123.194060 123.212752 123.233960 123.250884 123.266790 123.279161 123.299620 123.320828 123.339519 123.367796 123.387371 123.401510 0.000000 0.000000 0.000000 0.000000 0.000000 0.000000 0.000000 0.000000 0.000000 0.000000 0.000000 0.000000 0.000000 0.000000 0.000000 0.000000 0.000000 0.000000 0.000000 0.000000
0.000000 0.000000 0.000000 123.399743 123.351007 123.322595 123.295201 123.264139 123.236611 123.208199 123.179922 123.149743 123.122215 123.093937 123.071711 123.068177 123.064642 123.060224 123.056689 123.052271 123.051387 123.062875 123.080548 123.092170 123.107192 123.125884 123.147092 123.163881 123.186107 123.209217 123.225123 123.241913 123.260604 123.274743 123.294318 123.314642 123.340403 123.357192 123.376767 123.394441 123.412998 0.000000 0.000000 0.000000 0.000000 0.000000 0.000000 0.000000 0.000000 0.000000 0.000000 0.000000 0.000000 0.000000 0.000000 0.000000 0.000000 0.000000 0.000000 0.000000 0.000000
