FireSTARR/test/constant/C2_S060_A270_WD270_WS020/arrival.asc
ncols         131
nrows         187
xllcorner     426203.990666
yllcorner     12748555.311160
cellsize      100.000000
NODATA_value  0.000000
[rows 27 to 53 of 187, columns 61 to 121 of 131]
0.000000 0.000000 0.000000 0.000000 0.000000 0.000000 0.000000 0.000000 0.000000 0.000000 0.000000 0.000000 0.000000 0.000000 0.000000 0.000000 0.000000 0.000000 0.000000 0.000000 0.000000 0.000000 0.000000 0.000000 0.000000 0.000000 0.000000 0.000000 0.000000 0.000000 0.000000 0.000000 0.000000 0.000000 0.000000 123.415649 123.412114 123.408579 123.404161 123.400626 123.396208 123.392673 123.388255 123.384720 123.380302 123.376767 123.372215 123.368680 123.364262 123.360727 123.355425 123.354541 123.366913 123.373982 123.386488 123.396208 123.408579 0.000000 0.000000 0.000000 0.000000
0.000000 0.000000 0.000000 0.000000 0.000000 0.000000 0.000000 0.000000 0.000000 0.000000 0.000000 0.000000 0.000000 0.000000 0.000000 0.000000 0.000000 0.000000 0.000000 0.000000 0.000000 0.000000 0.000000 0.000000 0.000000 0.000000 0.000000 0.000000 0.000000 0.000000 0.000000 0.000000 0.000000 0.000000 123.415649 123.411230 123.406812 123.403277 123.398859 123.395324 123.390906 123.387371 123.382953 123.379418 123.374866 123.371331 123.366913 123.362494 123.358960 123.355425 123.352774 123.354541 123.369564 123.381186 123.390906 123.403277 0.000000 0.000000 0.000000 0.000000 0.000000
0.000000 0.000000 0.000000 0.000000 0.000000 0.000000 0.000000 0.000000 0.000000 0.000000 0.000000 0.000000 0.000000 0.000000 0.000000 0.000000 0.000000 0.000000 0.000000 0.000000 0.000000 0.000000 0.000000 0.000000 0.000000 0.000000 0.000000 0.000000 0.000000 0.000000 0.000000 0.000000 0.000000 123.413881 123.410347 123.405928 123.402394 123.397975 123.394441 123.390022 123.386488 123.382069 123.378535 123.373982 123.370447 123.366029 123.362494 123.358076 123.353658 123.350123 123.351007 123.364262 123.371331 123.386488 123.394441 123.411230 0.000000 0.000000 0.000000 0.000000 0.000000
0.000000 0.000000 0.000000 0.000000 0.000000 0.000000 0.000000 0.000000 0.000000 0.000000 0.000000 0.000000 0.000000 0.000000 0.000000 0.000000 0.000000 0.000000 0.000000 0.000000 0.000000 0.000000 0.000000 0.000000 0.000000 0.000000 0.000000 0.000000 0.000000 0.000000 0.000000 0.000000 123.412998 123.409463 123.405045 123.401510 123.397092 123.393557 123.389139 123.385604 123.381186 123.377651 123.373098 123.369564 123.365145 123.361611 123.357192 123.353658 123.348356 123.348356 123.358960 123.366913 123.381186 123.388255 123.403277 0.000000 0.000000 0.000000 0.000000 0.000000 0.000000
0.000000 0.000000 0.000000 0.000000 0.000000 0.000000 0.000000 0.000000 0.000000 0.000000 0.000000 0.000000 0.000000 0.000000 0.000000 0.000000 0.000000 0.000000 0.000000 0.000000 0.000000 0.000000 0.000000 0.000000 0.000000 0.000000 0.000000 0.000000 0.000000 0.000000 123.415649 123.412114 123.408579 123.404161 123.399743 123.396208 123.391790 123.388255 123.383837 123.380302 123.375884 123.372215 123.368680 123.364262 123.359843 123.356309 123.351890 123.348356 123.345705 123.349239 123.363378 123.378535 123.385604 123.396208 123.415649 0.000000 0.000000 0.000000 0.000000 0.000000 0.000000
0.000000 0.000000 0.000000 0.000000 0.000000 0.000000 0.000000 0.000000 0.000000 0.000000 0.000000 0.000000 0.000000 0.000000 0.000000 0.000000 0.000000 0.000000 0.000000 0.000000 0.000000 0.000000 0.000000 0.000000 0.000000 0.000000 0.000000 0.000000 0.000000 123.415649 123.411230 123.405928 123.403277 123.398859 123.395324 123.390906 123.387371 123.382953 123.379418 123.374866 123.371331 123.366913 123.363378 123.358960 123.355425 123.351007 123.347472 123.343054 123.344821 123.357192 123.367796 123.379418 123.391790 123.407696 123.415649 0.000000 0.000000 0.000000 0.000000 0.000000 0.000000
0.000000 0.000000 0.000000 0.000000 0.000000 0.000000 0.000000 0.000000 0.000000 0.000000 0.000000 0.000000 0.000000 0.000000 0.000000 0.000000 0.000000 0.000000 0.000000 0.000000 0.000000 0.000000 0.000000 0.000000 0.000000 0.000000 0.000000 0.000000 123.413881 123.410347 123.405928 123.402394 123.397975 123.394441 123.390022 123.386488 123.382069 123.378535 123.373982 123.370447 123.366029 123.362494 123.358076 123.354541 123.350123 123.345705 123.341286 123.341286 123.354541 123.360727 123.375884 123.381186 123.399743 123.412114 0.000000 0.000000 0.000000 0.000000 0.000000 0.000000 0.000000
0.000000 0.000000 0.000000 0.000000 0.000000 0.000000 0.000000 0.000000 0.000000 0.000000 0.000000 0.000000 0.000000 0.000000 0.000000 0.000000 0.000000 0.000000 0.000000 0.000000 0.000000 0.000000 0.000000 0.000000 0.000000 0.000000 123.416532 123.412998 123.408579 123.405045 123.401510 123.397092 123.392673 123.389139 123.384720 123.381186 123.376767 123.373098 123.368680 123.365145 123.361611 123.357192 123.352774 123.349239 123.344821 123.340403 123.338635 123.342170 123.357192 123.367796 123.377651 123.397092 123.406812 0.000000 0.000000 0.000000 0.000000 0.000000 0.000000 0.000000 0.000000
0.000000 0.000000 0.000000 0.000000 0.000000 0.000000 0.000000 0.000000 0.000000 0.000000 0.000000 0.000000 0.000000 0.000000 0.000000 0.000000 0.000000 0.000000 0.000000 0.000000 0.000000 0.000000 0.000000 0.000000 0.000000 123.415649 123.412114 123.408579 123.404161 123.399743 123.396208 123.391790 123.388255 123.383837 123.380302 123.375884 123.372215 123.367796 123.364262 123.359843 123.356309 123.351890 123.348356 123.343937 123.339519 123.336868 123.337752 123.354541 123.363378 123.372215 123.385604 123.399743 123.415649 0.000000 0.000000 0.000000 0.000000 0.000000 0.000000 0.000000 0.000000
0.000000 0.000000 0.000000 0.000000 0.000000 0.000000 0.000000 0.000000 0.000000 0.000000 0.000000 0.000000 0.000000 0.000000 0.000000 0.000000 0.000000 0.000000 0.000000 0.000000 0.000000 0.000000 0.000000 0.000000 123.414765 123.411230 123.406812 123.403277 123.398859 123.395324 123.390906 123.387371 123.382953 123.379418 123.374866 123.371331 123.366913 123.363378 123.358960 123.355425 123.351007 123.347472 123.343054 123.338635 123.334217 123.335101 123.346588 123.353658 123.367796 123.382953 123.395324 123.405045 0.000000 0.000000 0.000000 0.000000 0.000000 0.000000 0.000000 0.000000 0.000000
0.000000 0.000000 0.000000 0.000000 0.000000 0.000000 0.000000 0.000000 0.000000 0.000000 0.000000 0.000000 0.000000 0.000000 0.000000 0.000000 0.000000 0.000000 0.000000 0.000000 0.000000 0.000000 0.000000 123.413881 123.409463 123.405928 123.402394 123.397975 123.394441 123.390022 123.385604 123.382069 123.378535 123.373982 123.370447 123.366029 123.361611 123.358076 123.354541 123.350123 123.345705 123.342170 123.338635 123.334217 123.332315 123.337752 123.350123 123.361611 123.370447 123.389139 123.401510 123.415649 0.000000 0.000000 0.000000 0.000000 0.000000 0.000000 0.000000 0.000000 0.000000
0.000000 0.000000 0.000000 0.000000 0.000000 0.000000 0.000000 0.000000 0.000000 0.000000 0.000000 0.000000 0.000000 0.000000 0.000000 0.000000 0.000000 0.000000 0.000000 0.000000 0.000000 123.416667 123.412998 123.408579 123.405045 123.401510 123.397092 123.392673 123.389139 123.384720 123.381186 123.376767 123.373098 123.369564 123.365145 123.360727 123.357192 123.352774 123.349239 123.344821 123.341286 123.336868 123.333199 123.329664 123.331432 123.347472 123.357192 123.366913 123.381186 123.397975 123.412114 0.000000 0.000000 0.000000 0.000000 0.000000 0.000000 0.000000 0.000000 0.000000 0.000000
0.000000 0.000000 0.000000 0.000000 0.000000 0.000000 0.000000 0.000000 0.000000 0.000000 0.000000 0.000000 0.000000 0.000000 0.000000 0.000000 0.000000 0.000000 0.000000 0.000000 123.415649 123.412114 123.407696 123.404161 123.399743 123.396208 123.391790 123.388255 123.383837 123.380302 123.375884 123.372215 123.367796 123.364262 123.359843 123.356309 123.351890 123.348356 123.343937 123.340403 123.335984 123.331432 123.327897 123.327897 123.343054 123.347472 123.361611 123.374866 123.389139 123.402394 0.000000 0.000000 0.000000 0.000000 0.000000 0.000000 0.000000 0.000000 0.000000 0.000000 0.000000
0.000000 0.000000 0.000000 0.000000 0.000000 0.000000 0.000000 0.000000 0.000000 0.000000 0.000000 0.000000 0.000000 0.000000 0.000000 0.000000 0.000000 0.000000 0.000000 123.413881 123.411230 123.406812 123.402394 123.398859 123.395324 123.390906 123.387371 123.382953 123.379418 123.374866 123.371331 123.366913 123.363378 123.358960 123.355425 123.351007 123.347472 123.343054 123.338635 123.335101 123.330548 123.327013 123.325246 123.335101 123.343937 123.355425 123.365145 123.381186 123.394441 123.408579 0.000000 0.000000 0.000000 0.000000 0.000000 0.000000 0.000000 0.000000 0.000000 0.000000 0.000000
0.000000 0.000000 0.000000 0.000000 0.000000 0.000000 0.000000 0.000000 0.000000 0.000000 0.000000 0.000000 0.000000 0.000000 0.000000 0.000000 0.000000 0.000000 123.412998 123.409463 123.405928 123.401510 123.397975 123.393557 123.390022 123.385604 123.382069 123.377651 123.373982 123.370447 123.366029 123.361611 123.358076 123.353658 123.350123 123.345705 123.341286 123.337752 123.334217 123.329664 123.326130 123.323479 123.325246 123.340403 123.351890 123.360727 123.373098 123.390906 123.402394 0.000000 0.000000 0.000000 0.000000 0.000000 0.000000 0.000000 0.000000 0.000000 0.000000 0.000000 0.000000
0.000000 0.000000 0.000000 0.000000 0.000000 0.000000 0.000000 0.000000 0.000000 0.000000 0.000000 0.000000 0.000000 0.000000 0.000000 0.000000 123.416532 123.412998 123.408579 123.405045 123.400626 123.397092 123.392673 123.389139 123.384720 123.381186 123.377651 123.373098 123.368680 123.365145 123.360727 123.357192 123.352774 123.349239 123.344821 123.341286 123.336868 123.333199 123.328781 123.324362 123.320828 123.321711 123.332315 123.341286 123.356309 123.368680 123.384720 123.397975 123.411230 0.000000 0.000000 0.000000 0.000000 0.000000 0.000000 0.000000 0.000000 0.000000 0.000000 0.000000 0.000000
0.000000 0.000000 0.000000 0.000000 0.000000 0.000000 0.000000 0.000000 0.000000 0.000000 0.000000 0.000000 0.000000 0.000000 0.000000 123.415649 123.412114 123.406812 123.404161 123.399743 123.396208 123.391790 123.388255 123.383837 123.380302 123.375000 123.372215 123.367796 123.364262 123.359843 123.356309 123.351890 123.348356 123.343937 123.340403 123.335984 123.332315 123.327897 123.324362 123.319060 123.318177 123.328781 123.337752 123.349239 123.358960 123.380302 123.387371 123.404161 123.415649 0.000000 0.000000 0.000000 0.000000 0.000000 0.000000 0.000000 0.000000 0.000000 0.000000 0.000000 0.000000
0.000000 0.000000 0.000000 0.000000 0.000000 0.000000 0.000000 0.000000 0.000000 0.000000 0.000000 0.000000 0.000000 0.000000 123.414765 123.410347 123.406812 123.402394 123.398859 123.394441 123.390906 123.386488 123.382953 123.378535 123.374866 123.371331 123.366913 123.362494 123.358960 123.355425 123.351007 123.347472 123.343054 123.338635 123.335101 123.331432 123.327013 123.323479 123.319060 123.316409 123.318177 123.334217 123.344821 123.353658 123.372215 123.384720 123.395324 123.412998 0.000000 0.000000 0.000000 0.000000 0.000000 0.000000 0.000000 0.000000 0.000000 0.000000 0.000000 0.000000 0.000000
0.000000 0.000000 0.000000 0.000000 0.000000 0.000000 0.000000 0.000000 0.000000 0.000000 0.000000 0.000000 0.000000 123.413881 123.409463 123.405928 123.401510 123.397975 123.393557 123.390022 123.385604 123.382069 123.377651 123.373982 123.370447 123.366029 123.361611 123.358076 123.353658 123.350123 123.345705 123.342170 123.337752 123.333333 123.329664 123.326130 123.321711 123.318177 123.313758 123.314642 123.327013 123.336868 123.350123 123.365145 123.379418 123.391790 123.406812 0.000000 0.000000 0.000000 0.000000 0.000000 0.000000 0.000000 0.000000 0.000000 0.000000 0.000000 0.000000 0.000000 0.000000
0.000000 0.000000 0.000000 0.000000 0.000000 0.000000 0.000000 0.000000 0.000000 0.000000 0.000000 123.416667 123.412998 123.408579 123.404161 123.399743 123.397092 123.392673 123.389139 123.383837 123.381186 123.376767 123.373098 123.368680 123.365145 123.360727 123.357192 123.352774 123.349239 123.344821 123.341286 123.336868 123.333199 123.328781 123.325246 123.320828 123.317293 123.311991 123.311991 123.324362 123.330548 123.344821 123.357192 123.371331 123.382069 123.399743 123.409463 0.000000 0.000000 0.000000 0.000000 0.000000 0.000000 0.000000 0.000000 0.000000 0.000000 0.000000 0.000000 0.000000 0.000000
0.000000 0.000000 0.000000 0.000000 0.000000 0.000000 0.000000 0.000000 0.000000 0.000000 123.415649 123.412114 123.407696 123.403277 123.399743 123.396208 123.391790 123.387371 123.383837 123.379418 123.375884 123.372215 123.367796 123.364262 123.359843 123.355425 123.351890 123.348356 123.343937 123.340403 123.335984 123.331432 123.327897 123.323479 123.319944 123.316409 123.311991 123.309340 123.311991 123.327897 123.337752 123.347472 123.362494 123.377651 123.390906 123.405928 0.000000 0.000000 0.000000 0.000000 0.000000 0.000000 0.000000 0.000000 0.000000 0.000000 0.000000 0.000000 0.000000 0.000000 0.000000
0.000000 0.000000 0.000000 0.000000 0.000000 0.000000 0.000000 0.000000 0.000000 123.413881 123.411230 123.406812 123.402394 123.398859 123.394441 123.390906 123.386488 123.382953 123.378535 123.374866 123.370447 123.366913 123.363378 123.358960 123.354541 123.351007 123.347472 123.343054 123.338635 123.335101 123.330548 123.327013 123.322595 123.319060 123.314642 123.311107 123.307573 123.308456 123.324362 123.330548 123.343937 123.355425 123.373982 123.388255 123.401510 123.414765 0.000000 0.000000 0.000000 0.000000 0.000000 0.000000 0.000000 0.000000 0.000000 0.000000 0.000000 0.000000 0.000000 0.000000 0.000000
0.000000 0.000000 0.000000 0.000000 0.000000 0.000000 0.000000 123.416667 123.413881 123.409463 123.405928 123.401510 123.397975 123.393557 123.390022 123.385604 123.382069 123.377651 123.373982 123.369564 123.366029 123.361611 123.358076 123.353658 123.350123 123.345705 123.342170 123.337752 123.334217 123.329664 123.325246 123.321711 123.318177 123.313758 123.310224 123.304922 123.304922 123.316409 123.324362 123.337752 123.351007 123.365145 123.375884 123.397092 123.402394 123.415649 0.000000 0.000000 0.000000 0.000000 0.000000 0.000000 0.000000 0.000000 0.000000 0.000000 0.000000 0.000000 0.000000 0.000000 0.000000
0.000000 0.000000 0.000000 0.000000 0.000000 0.000000 123.416532 123.412998 123.407696 123.404161 123.400626 123.396208 123.392673 123.389139 123.384720 123.380302 123.376767 123.373098 123.368680 123.365145 123.360727 123.357192 123.352774 123.349239 123.344821 123.341286 123.336868 123.333199 123.328781 123.325246 123.320828 123.316409 123.312875 123.308456 123.304922 123.302271 123.305805 123.320828 123.332315 123.340403 123.357192 123.371331 123.388255 123.399743 123.412114 0.000000 0.000000 0.000000 0.000000 0.000000 0.000000 0.000000 0.000000 0.000000 0.000000 0.000000 0.000000 0.000000 0.000000 0.000000 0.000000
0.000000 0.000000 0.000000 0.000000 0.000000 123.416532 123.411230 123.406812 123.404161 123.399743 123.395324 123.391790 123.387371 123.383837 123.379418 123.375884 123.372215 123.367796 123.364262 123.359843 123.355425 123.351890 123.347472 123.343937 123.339519 123.335984 123.332315 123.327897 123.323479 123.319944 123.315526 123.311991 123.307573 123.304038 123.300503 123.302271 123.317293 123.326130 123.337752 123.349239 123.367796 123.380302 123.395324 123.408579 0.000000 0.000000 0.000000 0.000000 0.000000 0.000000 0.000000 0.000000 0.000000 0.000000 0.000000 0.000000 0.000000 0.000000 0.000000 0.000000 0.000000
0.000000 0.000000 0.000000 0.000000 123.412998 123.410347 123.406812 123.402394 123.398859 123.394441 123.390906 123.386488 123.382953 123.379418 123.374866 123.369564 123.366913 123.362494 123.358960 123.354541 123.351007 123.346588 123.343054 123.338635 123.335101 123.330548 123.327013 123.322595 123.319060 123.314642 123.311107 123.306689 123.303154 123.297852 123.298736 123.311107 123.317293 123.332315 123.346588 123.362494 123.370447 123.386488 123.397092 123.410347 0.000000 0.000000 0.000000 0.000000 0.000000 0.000000 0.000000 0.000000 0.000000 0.000000 0.000000 0.000000 0.000000 0.000000 0.000000 0.000000 0.000000
0.000000 0.000000 123.416532 123.412114 123.409463 123.405928 123.400626 123.397975 123.393557 123.390022 123.385604 123.382069 123.376767 123.373982 123.369564 123.366029 123.361611 123.358076 123.353658 123.350123 123.345705 123.342170 123.337752 123.333333 123.329664 123.326130 123.321711 123.318177 123.313758 123.309340 123.305805 123.301387 123.297852 123.296085 123.299620 123.314642 123.325246 123.334217 123.353658 123.364262 123.377651 123.392673 123.405045 0.000000 0.000000 0.000000 0.000000 0.000000 0.000000 0.000000 0.000000 0.000000 0.000000 0.000000 0.000000 0.000000 0.000000 0.000000 0.000000 0.000000 0.000000
