FireSTARR/test/constant/C2_S060_A270_WD270_WS020/arrival.asc
ncols         131
nrows         187
xllcorner     426203.990666
yllcorner     12748555.311160
cellsize      100.000000
NODATA_value  0.000000
[rows 108 to 134 of 187, columns 0 to 60 of 131]
0.000000 0.000000 0.000000 0.000000 0.000000 0.000000 0.000000 0.000000 0.000000 0.000000 0.000000 0.000000 0.000000 0.000000 0.000000 0.000000 0.000000 0.000000 0.000000 0.000000 0.000000 0.000000 0.000000 0.000000 0.000000 0.000000 0.000000 0.000000 0.000000 0.000000 0.000000 0.000000 123.409463 123.381186 123.352774 123.324362 123.296085 123.266790 123.241029 123.238378 123.234843 123.229541 123.226007 123.221588 123.218054 123.213635 123.210101 123.206432 123.202013 123.198479 123.194060 123.190526 123.186107 123.181689 123.178154 123.174620 123.171085 123.173736 123.188758 123.201130 123.217170
0.000000 0.000000 0.000000 0.000000 0.000000 0.000000 0.000000 0.000000 0.000000 0.000000 0.000000 0.000000 0.000000 0.000000 0.000000 0.000000 0.000000 0.000000 0.000000 0.000000 0.000000 0.000000 0.000000 0.000000 0.000000 0.000000 0.000000 0.000000 0.000000 0.000000 0.000000 0.000000 123.392673 123.365145 123.336868 123.308456 123.280045 123.250884 123.237494 123.232192 123.228658 123.225123 123.220705 123.217170 123.213635 123.209217 123.204664 123.201130 123.196711 123.193177 123.189642 123.185224 123.180805 123.177271 123.172852 123.169318 123.170201 123.182573 123.194060 123.208333 123.221588
0.000000 0.000000 0.000000 0.000000 0.000000 0.000000 0.000000 0.000000 0.000000 0.000000 0.000000 0.000000 0.000000 0.000000 0.000000 0.000000 0.000000 0.000000 0.000000 0.000000 0.000000 0.000000 0.000000 0.000000 0.000000 0.000000 0.000000 0.000000 0.000000 0.000000 0.000000 123.405928 123.376767 123.349239 123.319944 123.292550 123.263255 123.234843 123.231309 123.227774 123.224239 123.219821 123.216286 123.211868 123.208199 123.203781 123.200246 123.195828 123.192293 123.187875 123.184340 123.179922 123.176387 123.171969 123.166667 123.166532 123.179038 123.185224 123.200246 123.215403 123.233076
0.000000 0.000000 0.000000 0.000000 0.000000 0.000000 0.000000 0.000000 0.000000 0.000000 0.000000 0.000000 0.000000 0.000000 0.000000 0.000000 0.000000 0.000000 0.000000 0.000000 0.000000 0.000000 0.000000 0.000000 0.000000 0.000000 0.000000 0.000000 0.000000 0.000000 0.000000 123.390022 123.361611 123.333199 123.304038 123.276510 123.246331 123.230425 123.227774 123.223356 123.218937 123.214519 123.210984 123.207315 123.202897 123.198479 123.194944 123.191409 123.186991 123.183456 123.179038 123.174620 123.171085 123.167550 123.164765 123.166532 123.181689 123.197595 123.210984 123.224239 123.241029
0.000000 0.000000 0.000000 0.000000 0.000000 0.000000 0.000000 0.000000 0.000000 0.000000 0.000000 0.000000 0.000000 0.000000 0.000000 0.000000 0.000000 0.000000 0.000000 0.000000 0.000000 0.000000 0.000000 0.000000 0.000000 0.000000 0.000000 0.000000 0.000000 0.000000 123.401510 123.373098 123.344821 123.317293 123.287998 123.259720 123.230425 123.225123 123.221588 123.218054 123.214519 123.210101 123.206432 123.202013 123.197595 123.194060 123.189642 123.186107 123.182573 123.178154 123.173736 123.170201 123.166532 123.162114 123.162998 123.175503 123.186991 123.203781 123.214519 123.230425 123.248982
0.000000 0.000000 0.000000 0.000000 0.000000 0.000000 0.000000 0.000000 0.000000 0.000000 0.000000 0.000000 0.000000 0.000000 0.000000 0.000000 0.000000 0.000000 0.000000 0.000000 0.000000 0.000000 0.000000 0.000000 0.000000 0.000000 0.000000 0.000000 0.000000 123.414765 123.385604 123.357192 123.328781 123.300503 123.272092 123.243680 123.224239 123.221588 123.217170 123.212752 123.209217 123.204664 123.201130 123.196711 123.193177 123.188758 123.185224 123.180805 123.177271 123.172852 123.169318 123.164765 123.160347 123.160347 123.171085 123.179038 123.195828 123.210984 123.221588 123.239262 123.249866
0.000000 0.000000 0.000000 0.000000 0.000000 0.000000 0.000000 0.000000 0.000000 0.000000 0.000000 0.000000 0.000000 0.000000 0.000000 0.000000 0.000000 0.000000 0.000000 0.000000 0.000000 0.000000 0.000000 0.000000 0.000000 0.000000 0.000000 0.000000 0.000000 123.397975 123.369564 123.341286 123.312875 123.283579 123.256186 123.226890 123.218937 123.216286 123.211868 123.208199 123.203781 123.200246 123.195828 123.191409 123.187875 123.184340 123.179922 123.176387 123.171969 123.168434 123.163881 123.160347 123.157696 123.161230 123.175503 123.187875 123.206432 123.217170 123.231309 123.243680 123.257953
0.000000 0.000000 0.000000 0.000000 0.000000 0.000000 0.000000 0.000000 0.000000 0.000000 0.000000 0.000000 0.000000 0.000000 0.000000 0.000000 0.000000 0.000000 0.000000 0.000000 0.000000 0.000000 0.000000 0.000000 0.000000 0.000000 0.000000 0.000000 123.409463 123.382069 123.352774 123.324362 123.296085 123.267673 123.239262 123.218054 123.215403 123.211868 123.206432 123.202897 123.199362 123.194944 123.190526 123.186991 123.182573 123.179038 123.174620 123.171085 123.166532 123.162998 123.159463 123.155045 123.156812 123.169318 123.184340 123.201130 123.210101 123.223356 123.239262 123.252651 123.263255
0.000000 0.000000 0.000000 0.000000 0.000000 0.000000 0.000000 0.000000 0.000000 0.000000 0.000000 0.000000 0.000000 0.000000 0.000000 0.000000 0.000000 0.000000 0.000000 0.000000 0.000000 0.000000 0.000000 0.000000 0.000000 0.000000 0.000000 0.000000 123.393557 123.366029 123.336868 123.308456 123.280045 123.250884 123.223356 123.214519 123.208333 123.206432 123.202013 123.198479 123.194060 123.190526 123.186107 123.181689 123.178154 123.173736 123.170201 123.165649 123.162114 123.157696 123.153277 123.153277 123.167550 123.171969 123.192293 123.202897 123.218937 123.234843 123.246331 123.258837 123.281812
0.000000 0.000000 0.000000 0.000000 0.000000 0.000000 0.000000 0.000000 0.000000 0.000000 0.000000 0.000000 0.000000 0.000000 0.000000 0.000000 0.000000 0.000000 0.000000 0.000000 0.000000 0.000000 0.000000 0.000000 0.000000 0.000000 0.000000 123.406812 123.377651 123.350123 123.319944 123.291667 123.263255 123.235727 123.211868 123.209217 123.205548 123.201130 123.196711 123.193177 123.188758 123.185224 123.180805 123.176387 123.172852 123.169318 123.164765 123.160347 123.156812 123.153277 123.150626 123.155045 123.168434 123.183456 123.200246 123.210984 123.229541 123.243680 123.254418 123.271208 123.297852
0.000000 0.000000 0.000000 0.000000 0.000000 0.000000 0.000000 0.000000 0.000000 0.000000 0.000000 0.000000 0.000000 0.000000 0.000000 0.000000 0.000000 0.000000 0.000000 0.000000 0.000000 0.000000 0.000000 0.000000 0.000000 0.000000 0.000000 123.390906 123.361611 123.333199 123.304038 123.275626 123.247215 123.219821 123.208199 123.204664 123.200246 123.195828 123.192293 123.187875 123.184340 123.179922 123.176387 123.171969 123.168434 123.163881 123.159463 123.155928 123.152394 123.148859 123.150626 123.162114 123.178154 123.193177 123.207315 123.222472 123.231309 123.247215 123.263255 123.286230 123.297852
0.000000 0.000000 0.000000 0.000000 0.000000 0.000000 0.000000 0.000000 0.000000 0.000000 0.000000 0.000000 0.000000 0.000000 0.000000 0.000000 0.000000 0.000000 0.000000 0.000000 0.000000 0.000000 0.000000 0.000000 0.000000 0.000000 123.403277 123.374866 123.344821 123.317293 123.287998 123.259720 123.231309 123.205548 123.202013 123.199362 123.194944 123.191409 123.186991 123.183456 123.179038 123.174620 123.171085 123.166532 123.162114 123.158579 123.155045 123.150626 123.146208 123.147092 123.157696 123.166532 123.185224 123.196711 123.217170 123.227774 123.240145 123.259720 123.277394 123.294318 123.306689
0.000000 0.000000 0.000000 0.000000 0.000000 0.000000 0.000000 0.000000 0.000000 0.000000 0.000000 0.000000 0.000000 0.000000 0.000000 0.000000 0.000000 0.000000 0.000000 0.000000 0.000000 0.000000 0.000000 0.000000 0.000000 123.415649 123.387371 123.358960 123.328781 123.300503 123.271208 123.243680 123.214519 123.202013 123.198479 123.194060 123.189642 123.186107 123.182573 123.178154 123.173736 123.170201 123.165649 123.162114 123.157696 123.154161 123.149743 123.146208 123.144441 123.149743 123.162114 123.175503 123.193177 123.205548 123.223356 123.235727 123.247215 123.268557 123.288881 123.304038 123.318177
0.000000 0.000000 0.000000 0.000000 0.000000 0.000000 0.000000 0.000000 0.000000 0.000000 0.000000 0.000000 0.000000 0.000000 0.000000 0.000000 0.000000 0.000000 0.000000 0.000000 0.000000 0.000000 0.000000 0.000000 0.000000 123.398859 123.370447 123.342170 123.312875 123.284463 123.255302 123.226890 123.200246 123.195828 123.193177 123.188758 123.185224 123.180805 123.177271 123.172852 123.169318 123.164765 123.161230 123.155928 123.152394 123.148859 123.145324 123.141790 123.143557 123.158579 123.168434 123.188758 123.202897 123.219821 123.226890 123.240145 123.260604 123.280928 123.291532 123.311991 123.337752
0.000000 0.000000 0.000000 0.000000 0.000000 0.000000 0.000000 0.000000 0.000000 0.000000 0.000000 0.000000 0.000000 0.000000 0.000000 0.000000 0.000000 0.000000 0.000000 0.000000 0.000000 0.000000 0.000000 0.000000 123.411230 123.382953 123.354541 123.326130 123.296085 123.267673 123.239262 123.210984 123.194944 123.192293 123.187875 123.183456 123.179922 123.176387 123.171969 123.167550 123.163881 123.159463 123.155045 123.151510 123.147975 123.143557 123.140022 123.140022 123.151510 123.161230 123.179922 123.190526 123.211868 123.220705 123.233960 123.251767 123.272092 123.285347 123.310224 123.328781 123.343937
0.000000 0.000000 0.000000 0.000000 0.000000 0.000000 0.000000 0.000000 0.000000 0.000000 0.000000 0.000000 0.000000 0.000000 0.000000 0.000000 0.000000 0.000000 0.000000 0.000000 0.000000 0.000000 0.000000 0.000000 123.394441 123.366913 123.338635 123.309340 123.280045 123.251767 123.223356 123.194944 123.189642 123.186991 123.182573 123.179038 123.174620 123.171085 123.166532 123.162998 123.158579 123.155045 123.150626 123.147092 123.142673 123.139139 123.137371 123.147975 123.153277 123.179038 123.186107 123.203781 123.217170 123.229541 123.242796 123.264139 123.280928 123.298736 123.319944 123.340403 123.354541
0.000000 0.000000 0.000000 0.000000 0.000000 0.000000 0.000000 0.000000 0.000000 0.000000 0.000000 0.000000 0.000000 0.000000 0.000000 0.000000 0.000000 0.000000 0.000000 0.000000 0.000000 0.000000 0.000000 123.407696 123.378535 123.351007 123.322595 123.293434 123.263255 123.236611 123.206432 123.188758 123.186107 123.181689 123.178154 123.172852 123.170201 123.165649 123.162114 123.157696 123.154161 123.148859 123.146208 123.141790 123.138255 123.134720 123.137371 123.148859 123.165649 123.183456 123.194944 123.210984 123.223356 123.241029 123.256186 123.271208 123.291532 123.311107 123.329664 123.351007 123.368680
0.000000 0.000000 0.000000 0.000000 0.000000 0.000000 0.000000 0.000000 0.000000 0.000000 0.000000 0.000000 0.000000 0.000000 0.000000 0.000000 0.000000 0.000000 0.000000 0.000000 0.000000 0.000000 0.000000 123.391790 123.363378 123.335101 123.306689 123.277394 123.248098 123.219821 123.190526 123.184340 123.180805 123.176387 123.171969 123.169318 123.164765 123.160347 123.156812 123.153277 123.148859 123.145324 123.140906 123.136488 123.132953 123.133837 123.146208 123.157696 123.177271 123.185224 123.209217 123.214519 123.227774 123.245447 123.266790 123.282696 123.303154 123.320828 123.342170 123.367796 123.384720
0.000000 0.000000 0.000000 0.000000 0.000000 0.000000 0.000000 0.000000 0.000000 0.000000 0.000000 0.000000 0.000000 0.000000 0.000000 0.000000 0.000000 0.000000 0.000000 0.000000 0.000000 0.000000 123.404161 123.374866 123.346588 123.318177 123.289765 123.261488 123.232192 123.202897 123.182573 123.179922 123.175503 123.171969 123.168434 123.163881 123.160347 123.155928 123.151510 123.147975 123.143557 123.140022 123.135604 123.131186 123.130302 123.141790 123.153277 123.169318 123.179922 123.196711 123.210984 123.222472 123.237494 123.257953 123.275626 123.294318 123.311107 123.333199 123.356309 123.375000 123.397975
0.000000 0.000000 0.000000 0.000000 0.000000 0.000000 0.000000 0.000000 0.000000 0.000000 0.000000 0.000000 0.000000 0.000000 0.000000 0.000000 0.000000 0.000000 0.000000 0.000000 0.000000 123.416532 123.387371 123.358960 123.329664 123.302271 123.273859 123.245447 123.215403 123.186991 123.178154 123.174620 123.171085 123.166532 123.162998 123.158579 123.155045 123.150626 123.147092 123.142673 123.139139 123.134720 123.131186 123.128535 123.130302 123.142673 123.159463 123.176387 123.188758 123.206432 123.218937 123.228658 123.248982 123.265906 123.286230 123.304038 123.327897 123.347472 123.366913 123.384720 123.404161
0.000000 0.000000 0.000000 0.000000 0.000000 0.000000 0.000000 0.000000 0.000000 0.000000 0.000000 0.000000 0.000000 0.000000 0.000000 0.000000 0.000000 0.000000 0.000000 0.000000 0.000000 123.399743 123.372215 123.342170 123.313758 123.285347 123.257953 123.229541 123.199362 123.177271 123.174620 123.170201 123.165649 123.162114 123.157696 123.154161 123.149743 123.146208 123.141790 123.138255 123.133837 123.129418 123.125884 123.126767 123.139139 123.150626 123.170201 123.182573 123.197595 123.208199 123.224239 123.247215 123.262371 123.278277 123.295201 123.319060 123.339519 123.358960 123.378535 123.395324 123.414765
0.000000 0.000000 0.000000 0.000000 0.000000 0.000000 0.000000 0.000000 0.000000 0.000000 0.000000 0.000000 0.000000 0.000000 0.000000 0.000000 0.000000 0.000000 0.000000 0.000000 123.412114 123.383837 123.355425 123.326130 123.297852 123.269441 123.241029 123.212752 123.183456 123.171969 123.169318 123.164765 123.160347 123.156812 123.153277 123.148859 123.144441 123.140906 123.136488 123.132953 123.129418 123.123982 123.123982 123.135604 123.147092 123.161230 123.173736 123.190526 123.204664 123.218054 123.237494 123.253535 123.268557 123.287998 123.311107 123.331432 123.350123 123.370447 123.390022 123.405928 0.000000
0.000000 0.000000 0.000000 0.000000 0.000000 0.000000 0.000000 0.000000 0.000000 0.000000 0.000000 0.000000 0.000000 0.000000 0.000000 0.000000 0.000000 0.000000 0.000000 0.000000 123.396208 123.367796 123.339519 123.309340 123.280928 123.253535 123.225123 123.195828 123.171085 123.167550 123.163881 123.160347 123.155928 123.151510 123.147975 123.143557 123.140022 123.135604 123.132069 123.127651 123.123982 123.121331 123.123982 123.136488 123.155045 123.169318 123.182573 123.201130 123.213635 123.227774 123.242796 123.266790 123.279161 123.303154 123.322595 123.340403 123.362494 123.383837 123.397975 123.412114 0.000000
0.000000 0.000000 0.000000 0.000000 0.000000 0.000000 0.000000 0.000000 0.000000 0.000000 0.000000 0.000000 0.000000 0.000000 0.000000 0.000000 0.000000 0.000000 0.000000 123.409463 123.379418 123.351007 123.322595 123.293434 123.265022 123.237494 123.208333 123.179922 123.167550 123.162998 123.158579 123.155045 123.150626 123.147092 123.142673 123.139139 123.134720 123.131186 123.126767 123.123098 123.119564 123.120447 123.132953 123.150626 123.165649 123.178154 123.194060 123.203781 123.223356 123.237494 123.256186 123.274743 123.293434 123.313758 123.332315 123.353658 123.374866 123.389139 123.405045 0.000000 0.000000
0.000000 0.000000 0.000000 0.000000 0.000000 0.000000 0.000000 0.000000 0.000000 0.000000 0.000000 0.000000 0.000000 0.000000 0.000000 0.000000 0.000000 0.000000 0.000000 123.393557 123.363378 123.335101 123.306689 123.277394 123.248982 123.221588 123.193177 123.164765 123.161230 123.157696 123.154161 123.149743 123.146208 123.141790 123.137371 123.133837 123.129418 123.125000 123.121331 123.116913 123.116913 123.128535 123.140906 123.159463 123.167550 123.189642 123.197595 123.216286 123.231309 123.248098 123.268557 123.285347 123.305805 123.324362 123.344821 123.366913 123.379418 123.396208 123.412114 0.000000 0.000000
0.000000 0.000000 0.000000 0.000000 0.000000 0.000000 0.000000 0.000000 0.000000 0.000000 0.000000 0.000000 0.000000 0.000000 0.000000 0.000000 0.000000 0.000000 123.405045 123.376767 123.347472 123.319060 123.289765 123.261488 123.233076 123.204664 123.177271 123.161230 123.157696 123.153277 123.148859 123.144441 123.140906 123.136488 123.132953 123.128535 123.123982 123.121331 123.116913 123.114262 123.119564 123.132069 123.157696 123.162114 123.179038 123.194944 123.204664 123.222472 123.238378 123.257069 123.277394 123.296969 123.316409 123.335984 123.358076 123.371331 123.391790 123.405045 0.000000 0.000000 0.000000
0.000000 0.000000 0.000000 0.000000 0.000000 0.000000 0.000000 0.000000 0.000000 0.000000 0.000000 0.000000 0.000000 0.000000 0.000000 0.000000 0.000000 123.416532 123.388255 123.361611 123.330548 123.302271 123.273859 123.245447 123.217170 123.188758 123.160347 123.154161 123.151510 123.147975 123.143557 123.140022 123.135604 123.132069 123.127651 123.123982 123.119564 123.116029 123.112494 123.114262 123.125000 123.145324 123.159463 123.171085 123.190526 123.198479 123.218937 123.230425 123.249866 123.271208 123.291532 123.311991 123.333199 123.350123 123.366029 123.382953 123.397975 0.000000 0.000000 0.000000 0.000000
